  -13.2881
  -13.3334
  -13.3728
  -13.4136
  -13.4595
  -13.5089
  -13.5660
  -13.6168
  -13.6704
  -13.7150
  -13.7603
  -13.8120
  -13.8655
  -13.9163
  -13.9696
  -14.0280
  -14.0778
  -14.1504
  -14.2116
  -14.2740
  -14.3471
  -14.4290
  -14.5075
  -14.5926
  -14.6774
  -14.7732
  -14.8656
  -14.9626
  -15.0571
  -15.1498
  -15.2518
  -15.2870
  -15.3083
  -15.3291
  -15.3590
  -15.3878
  -15.4151
  -15.4416
  -15.4739
  -15.5076
  -15.5363
  -15.5773
  -15.6166
  -15.6588
  -15.6967
  -15.7342
  -15.7610
  -15.8022
  -15.8408
  -15.8668
  -15.8981
  -15.9274
  -15.9483
  -15.9629
  -15.9672
  -15.9710
  -15.9727
  -15.9731
  -15.9722
  -15.9618
  -15.9637
  -15.9617
  -15.9554
  -15.9528
  -15.9495
  -15.9478
  -15.9537
  -15.9567
  -15.9579
  -15.9595
  -15.9687
  -15.9755
  -15.9795
  -15.9770
  -15.9744
  -15.9880
  -15.9773
  -15.9808
  -15.9759
  -15.9694
  -15.9552
  -15.9465
  -15.9315
  -15.9122
  -15.8837
  -15.8707
  -15.8429
  -15.8303
  -15.8163
  -15.7932
  -15.7860
  -15.7676
  -15.7476
  -15.7353
  -15.7212
  -15.7028
  -15.6813
  -15.6645
  -15.6416
  -15.6226
  -15.6005
  -15.5764
  -15.5447
  -15.5092
  -15.4595
  -15.4090
  -15.3521
  -15.3008
  -15.2365
  -15.1695
  -15.1086
  -15.0471
  -14.9765
  -14.9118
  -14.8506
  -14.7929
  -14.7272
  -14.6623
  -14.5941
  -14.5296
  -14.4722
  -14.4157
  -14.3580
  -14.3070
  -14.2561
  -14.2038
  -14.1536
  -14.0984
  -14.0447
  -13.9927
  -13.9367
  -13.8837
  -13.8356
  -13.7900
  -13.7457
  -13.7030
  -13.6521
  -13.6235
  -13.5896
  -13.5546
  -13.5313
  -13.5113
  -13.4915
  -13.4680
  -13.4500
  -13.4156
  -13.3816
  -13.3507
  -13.3088
  -13.2658
  -13.2166
  -13.1637
  -13.1075
  -13.0503
  -12.9922
  -12.9407
  -12.8866
  -12.8480
  -12.8000
  -12.7583
  -12.7144
  -12.6670
  -12.6271
  -12.5914
  -12.5547
  -12.5331
  -12.5135
  -12.5006
  -12.5023
  -12.4949
  -12.5020
  -12.5026
  -12.5076
  -12.5218
  -12.5430
  -12.5635
  -12.5871
  -12.6190
  -12.6462
  -12.6796
  -12.7080
  -12.7317
  -12.7456
  -12.7703
  -12.7846
  -12.7925
  -12.7970
  -12.7990
  -12.8064
  -12.8083
  -12.8139
  -12.8134
  -12.8160
  -12.8051
  -12.7978
  -12.7836
  -12.7675
  -12.7521
  -12.7343
  -12.7155
  -12.6977
  -12.6736
  -12.6446
  -12.6088
  -12.5741
  -12.5413
  -12.5239
  -12.4969
  -12.4676
  -12.4508
  -12.4340
  -12.4294
  -12.4223
  -12.4152
  -12.4079
  -12.3978
  -12.3875
  -12.3829
  -12.3695
  -12.3624
  -12.3633
  -12.3714
  -12.3811
  -12.3950
  -12.4037
  -12.4262
  -12.4420
  -12.4616
  -12.4878
  -12.5036
  -12.5330
  -12.5573
  -12.5941
  -12.6199
  -12.6454
  -12.6582
  -12.6714
  -12.6765
  -12.6891
  -12.7010
  -12.7104
  -12.7326
  -12.7646
  -12.7912
  -12.8146
  -12.8388
  -12.8586
  -12.8798
  -12.9077
  -12.9293
  -12.9511
  -12.9683
  -12.9943
  -13.0063
  -13.0317
  -13.0499
  -13.0768
  -13.1107
  -13.1476
  -13.1838
  -13.2166
  -13.2469
  -13.2753
  -13.3077
  -13.3342
  -13.3711
  -13.4115
  -13.4556
  -13.5031
  -13.5531
  -13.5979
  -13.6312
  -13.6613
  -13.6859
  -13.7194
  -13.7491
  -13.7836
  -13.8111
  -13.8343
  -13.8587
  -13.8870
  -13.9123
  -13.9281
  -13.9419
  -13.9483
  -13.9532
  -13.9489
  -13.9364
  -13.9294
  -13.8953
  -13.8597
  -13.8011
  -13.7506
  -13.6915
  -13.6422
  -13.5899
  -13.5398
  -13.4899
  -13.4422
  -13.3864
  -13.3327
  -13.2787
  -13.2154
  -13.1359
  -13.0621
  -12.9768
  -12.8932
  -12.8212
  -12.7553
  -12.6841
  -12.6093
  -12.5378
  -12.4661
  -12.3968
  -12.3332
  -12.2700
  -12.2098
  -12.1566
  -12.0985
  -12.0390
  -11.9774
  -11.9235
  -11.8752
  -11.8316
  -11.7940
  -11.7627
  -11.7288
  -11.6928
  -11.6567
  -11.6184
  -11.5834
  -11.5492
  -11.5265
  -11.5086
  -11.4978
  -11.4847
  -11.4737
  -11.4596
  -11.4468
  -11.4346
  -11.4255
  -11.4104
  -11.3905
  -11.3714
  -11.3572
  -11.3442
  -11.3292
  -11.3102
  -11.2970
  -11.2774
  -11.2840
  -11.3109
  -11.3711
  -11.4290
  -11.4861
  -11.5358
  -11.5939
  -11.6620
  -11.7398
  -11.8193
  -11.8964
  -11.9741
  -12.0556
  -12.1369
  -12.2285
  -12.3236
  -12.4258
  -12.5347
  -12.6426
  -12.7369
  -12.8310
  -12.9217
  -13.0065
  -13.0892
  -13.1668
  -13.2373
  -13.3068
  -13.3730
  -13.4321
  -13.4878
  -13.5377
  -13.5878
  -13.6318
  -13.6731
  -13.7112
  -13.7436
  -13.7788
  -13.8108
  -13.8428
  -13.8762
  -13.9070
  -13.9321
  -13.9537
  -13.9765
  -13.9948
  -14.0051
  -14.0145
  -14.0246
  -14.0361
  -14.0495
  -14.0643
  -14.0717
  -14.0765
  -14.0830
  -14.0936
  -14.1115
  -14.1379
  -14.1654
  -14.1944
  -14.2219
  -14.2509
  -14.2770
  -14.2874
  -14.2803
  -14.2692
  -14.2685
  -14.2728
  -14.2776
  -14.2710
  -14.2632
  -14.2590
  -14.2616
  -14.2631
  -14.2651
  -14.2659
  -14.2642
  -14.2583
  -14.2490
  -14.2421
  -14.2307
  -14.2269
  -14.2251
  -14.2270
  -14.2353
  -14.2493
  -14.2693
  -14.2979
  -14.3280
  -14.3603
  -14.3941
  -14.4322
  -14.4707
  -14.5104
  -14.5537
  -14.5971
  -14.6408
  -14.6873
  -14.7324
  -14.7783
  -14.8230
  -14.8646
  -14.9076
  -14.9556
  -15.0034
  -15.0497
  -15.0948
  -15.1438
  -15.1936
  -15.2445
  -15.2954
  -15.3464
  -15.3998
  -15.4547
  -15.5125
  -15.5724
  -15.6280
  -15.6760
  -15.7178
  -15.7621
  -15.8095
  -15.8626
  -15.9124
  -15.9594
  -16.0063
  -16.0535
  -16.0968
  -16.1350
  -16.1725
  -16.2044
  -16.2391
  -16.2672
  -16.2927
  -16.3141
  -16.3348
  -16.3569
  -16.3778
  -16.4001
  -16.4242
  -16.4487
  -16.4706
  -16.4942
  -16.5161
  -16.5360
  -16.5500
  -16.5624
  -16.5717
  -16.5770
  -16.5775
  -16.5740
  -16.5694
  -16.5679
  -16.5661
  -16.5623
  -16.5606
  -16.5571
  -16.5553
  -16.5550
  -16.5536
  -16.5504
  -16.5469
  -16.5388
  -16.5321
  -16.5239
  -16.5141
  -16.5035
  -16.4909
  -16.4783
  -16.4633
  -16.4487
  -16.4348
  -16.4244
  -16.4147
  -16.4037
  -16.3928
  -16.3826
  -16.3649
  -16.3455
  -16.3243
  -16.3018
  -16.2783
  -16.2554
  -16.2323
  -16.2121
  -16.1904
  -16.1696
  -16.1519
  -16.1362
  -16.1209
  -16.1049
  -16.0927
  -16.0800
  -16.0710
  -16.0614
  -16.0527
  -16.0431
  -16.0291
  -16.0134
  -15.9975
  -15.9834
  -15.9687
  -15.9519
  -15.9335
  -15.9134
  -15.8967
  -15.8840
  -15.8718
  -15.8587
  -15.8487
  -15.8401
  -15.8346
  -15.8280
  -15.8206
  -15.8083
  -15.7980
  -15.7836
  -15.7688
  -15.7475
  -15.7291
  -15.7098
  -15.6881
  -15.6662
  -15.6493
  -15.6297
  -15.6164
  -15.6034
  -15.5882
  -15.5730
  -15.5604
  -15.5503
  -15.5371
  -15.5232
  -15.5041
  -15.4846
  -15.4677
  -15.4455
  -15.4292
  -15.4133
  -15.4052
  -15.4004
  -15.3939
  -15.3944
  -15.3915
  -15.3887
  -15.3896
  -15.3862
  -15.3851
  -15.3752
  -15.3737
  -15.3620
  -15.3523
  -15.3405
  -15.3229
  -15.3031
  -15.2846
  -15.2616
  -15.2369
  -15.2171
  -15.1959
  -15.1751
  -15.1548
  -15.1289
  -15.1061
  -15.0846
  -15.0682
  -15.0501
  -15.0298
  -15.0155
  -15.0016
  -14.9852
  -14.9706
  -14.9538
  -14.9385
  -14.9203
  -14.9061
  -14.8869
  -14.8691
  -14.8492
  -14.8289
  -14.8051
  -14.7755
  -14.7455
  -14.7121
  -14.6784
  -14.6439
  -14.6092
  -14.5667
  -14.5329
  -14.4945
  -14.4587
  -14.4223
  -14.3842
  -14.3460
  -14.3120
  -14.2723
  -14.2354
  -14.1984
  -14.1574
  -14.1220
  -14.0796
  -14.0316
  -13.9835
  -13.9281
  -13.8801
  -13.8271
  -13.7694
  -13.7164
  -13.6629
  -13.6108
  -13.5539
  -13.4984
  -13.4506
  -13.3967
  -13.3529
  -13.3093
  -13.2654
  -13.2298
  -13.1933
  -13.1593
  -13.1287
  -13.1027
  -13.0778
  -13.0575
  -13.0361
  -13.0088
  -12.9788
  -12.9453
  -12.9211
  -12.8831
  -12.8456
  -12.8057
  -12.7669
  -12.7295
  -12.6952
  -12.6602
  -12.6209
  -12.5867
  -12.5559
  -12.5242
  -12.4986
  -12.4692
  -12.4443
  -12.4162
  -12.3907
  -12.3591
  -12.3300
  -12.2921
  -12.2683
  -12.2293
  -12.2032
  -12.1698
  -12.1420
  -12.1134
  -12.0891
  -12.0609
  -12.0326
  -12.0026
  -11.9736
  -11.9490
  -11.9210
  -11.8930
  -11.8710
  -11.8463
  -11.8251
  -11.7947
  -11.7784
  -11.7541
  -11.7336
  -11.7142
  -11.6959
  -11.6805
  -11.6653
  -11.6463
  -11.6351
  -11.6213
  -11.6047
  -11.5957
  -11.5756
  -11.5604
  -11.5402
  -11.5174
  -11.4872
  -11.4602
  -11.4310
  -11.4033
  -11.3873
  -11.3609
  -11.3431
  -11.3161
  -11.2959
  -11.2761
  -11.2665
  -11.2456
  -11.2364
  -11.2094
  -11.1917
  -11.1848
  -11.1683
  -11.1541
  -11.1416
  -11.1254
  -11.1114
  -11.0984
  -11.0911
  -11.0850
  -11.0824
  -11.0788
  -11.0866
  -11.0886
  -11.1094
  -11.1207
  -11.1369
  -11.1412
  -11.1528
  -11.1627
  -11.1792
  -11.2065
  -11.2266
  -11.2570
  -11.2788
  -11.3053
  -11.3297
  -11.3498
  -11.3836
  -11.4126
  -11.4487
  -11.4746
  -11.5101
  -11.5504
  -11.5897
  -11.6383
  -11.6798
  -11.7332
  -11.7802
  -11.8158
  -11.8554
  -11.8949
  -11.9373
  -11.9909
  -12.0438
  -12.0974
  -12.1469
  -12.2014
  -12.2578
  -12.3203
  -12.3781
  -12.4343
  -12.4984
  -12.5525
  -12.6126
  -12.6720
  -12.7289
  -12.7793
  -12.8380
  -12.8880
  -12.9439
  -13.0006
  -13.0472
  -13.1056
  -13.1556
  -13.2156
  -13.2733
  -13.3400
  -13.4020
  -13.4614
  -13.5221
  -13.5835
  -13.6555
  -13.7174
  -13.7780
  -13.8281
  -13.8829
  -13.9320
  -13.9888
  -14.0419
  -14.0929
  -14.1393
  -14.1754
  -14.2147
  -14.2509
  -14.2850
  -14.3143
  -14.3479
  -14.3787
  -14.4069
  -14.4352
  -14.4642
  -14.4840
  -14.5086
  -14.5163
  -14.5227
  -14.5231
  -14.5286
  -14.5356
  -14.5385
  -14.5550
  -14.5731
  -14.5905
  -14.6082
  -14.6214
  -14.6354
  -14.6516
  -14.6698
  -14.6897
  -14.7015
  -14.7116
  -14.7156
  -14.7146
  -14.7195
  -14.7278
  -14.7284
  -14.7370
  -14.7411
  -14.7395
  -14.7475
  -14.7436
  -14.7579
  -14.7634
  -14.7690
  -14.7764
  -14.7806
  -14.7775
  -14.7804
  -14.7724
  -14.7689
  -14.7691
  -14.7682
  -14.7667
  -14.7596
  -14.7473
  -14.7422
  -14.7346
  -14.7241
  -14.7159
  -14.7073
  -14.6990
  -14.6880
  -14.6710
  -14.6632
  -14.6562
  -14.6456
  -14.6380
  -14.6331
  -14.6289
  -14.6272
  -14.6177
  -14.6159
  -14.6092
  -14.6069
  -14.5989
  -14.5962
  -14.5948
  -14.5874
  -14.5740
  -14.5548
  -14.5370
  -14.5217
  -14.4921
  -14.4650
  -14.4275
  -14.3908
  -14.3463
  -14.3003
  -14.2584
  -14.2124
  -14.1615
  -14.1097
  -14.0588
  -14.0077
  -13.9572
  -13.8968
  -13.8450
  -13.7837
  -13.7297
  -13.6796
  -13.6192
  -13.5633
  -13.4948
  -13.4275
  -13.3599
  -13.2775
  -13.2001
  -13.1177
  -13.0280
  -12.9420
  -12.8518
  -12.7553
  -12.6534
  -12.5513
  -12.4374
  -12.3263
  -12.2091
  -12.0957
  -11.9800
  -11.8628
  -11.7407
  -11.6236
  -11.5085
  -11.3964
  -11.2800
  -11.1612
  -11.0424
  -10.9251
  -10.8114
  -10.6853
  -10.5645
  -10.4370
  -10.3088
  -10.1761
  -10.0492
   -9.9143
   -9.7804
   -9.6455
   -9.5073
   -9.3694
   -9.2330
   -9.0972
   -8.9548
   -8.8151
   -8.6739
   -8.5415
   -8.4001
   -8.2670
   -8.1405
   -8.0112
   -7.8844
   -7.7606
   -7.6354
   -7.5129
   -7.3890
   -7.2580
   -7.1361
   -7.0183
   -6.9012
   -6.7864
   -6.6735
   -6.5657
   -6.4568
   -6.3484
   -6.2383
   -6.1268
   -6.0224
   -5.9140
   -5.7921
   -5.6759
   -5.5595
   -5.4489
   -5.3429
   -5.2431
   -5.1365
   -5.0377
   -4.9469
   -4.8468
   -4.7525
   -4.6558
   -4.5596
   -4.4658
   -4.3673
   -4.2687
   -4.1784
   -4.0850
   -3.9892
   -3.9023
   -3.8054
   -3.7001
   -3.6096
   -3.5091
   -3.4169
   -3.3154
   -3.2233
   -3.1249
   -3.0391
   -2.9515
   -2.8621
   -2.7813
   -2.7083
   -2.6295
   -2.5562
   -2.4795
   -2.4089
   -2.3423
   -2.2690
   -2.2030
   -2.1423
   -2.0653
   -1.9971
   -1.9313
   -1.8656
   -1.8064
   -1.7444
   -1.6869
   -1.6344
   -1.5831
   -1.5243
   -1.4624
   -1.4020
   -1.3498
   -1.2918
   -1.2469
   -1.2056
   -1.1715
   -1.1449
   -1.1167
   -1.1016
   -1.1088
   -1.1170
   -1.1298
   -1.1455
   -1.1623
   -1.1801
   -1.1991
   -1.2193
   -1.2247
   -1.2433
   -1.2602
   -1.2798
   -1.3054
   -1.3334
   -1.3641
   -1.3953
   -1.4250
   -1.4479
   -1.4668
   -1.4743
   -1.4965
   -1.5249
   -1.5566
   -1.6008
   -1.6545
   -1.7134
   -1.7747
   -1.8418
   -1.9059
   -1.9687
   -2.0286
   -2.0878
   -2.1488
   -2.2207
   -2.2902
   -2.3731
   -2.4634
   -2.5571
   -2.6484
   -2.7421
   -2.8295
   -2.9205
   -3.0103
   -3.0995
   -3.1875
   -3.2730
   -3.3593
   -3.4460
   -3.5376
   -3.6294
   -3.7265
   -3.8234
   -3.9201
   -4.0159
   -4.1043
   -4.1892
   -4.2725
   -4.3536
   -4.4289
   -4.5132
   -4.5857
   -4.6532
   -4.7194
   -4.7862
   -4.8632
   -4.9355
   -5.0133
   -5.1032
   -5.1916
   -5.2963
   -5.3980
   -5.4987
   -5.6032
   -5.7101
   -5.8051
   -5.9005
   -5.9892
   -6.0793
   -6.1851
   -6.3000
   -6.4210
   -6.5346
   -6.6553
   -6.7570
   -6.8585
   -6.9479
   -7.0403
   -7.1251
   -7.2165
   -7.3051
   -7.3922
   -7.4814
   -7.5840
   -7.6817
   -7.7701
   -7.8624
   -7.9461
   -8.0117
   -8.0797
   -8.1440
   -8.2115
   -8.2791
   -8.3546
   -8.4239
   -8.4868
   -8.5642
   -8.6421
   -8.7201
   -8.8039
   -8.8783
   -8.9595
   -9.0349
   -9.1210
   -9.2059
   -9.2779
   -9.3549
   -9.4372
   -9.5189
   -9.5960
   -9.6770
   -9.7572
   -9.8488
   -9.9322
  -10.0176
  -10.0998
  -10.1728
  -10.2553
  -10.3304
  -10.4075
  -10.4874
  -10.5589
  -10.6304
  -10.7015
  -10.7723
  -10.8510
  -10.9376
  -11.0114
  -11.0927
  -11.1672
  -11.2344
  -11.2985
  -11.3603
  -11.4243
  -11.4759
  -11.5418
  -11.6056
  -11.6705
  -11.7272
  -11.7872
  -11.8454
  -11.9001
  -11.9655
  -12.0294
  -12.0859
  -12.1408
  -12.2040
  -12.2606
  -12.3186
  -12.3803
  -12.4337
  -12.4933
  -12.5398
  -12.5871
  -12.6352
  -12.6782
  -12.7197
  -12.7517
  -12.7830
  -12.8186
  -12.8450
  -12.8770
  -12.9047
  -12.9254
  -12.9421
  -12.9607
  -12.9880
  -13.0280
  -13.0567
  -13.0941
  -13.1245
  -13.1579
  -13.1868
  -13.2008
  -13.2163
  -13.2237
  -13.2206
  -13.2179
  -13.2012
  -13.1835
  -13.1570
  -13.1302
  -13.0979
  -13.0745
  -13.0434
  -13.0015
  -12.9471
  -12.8855
  -12.8407
  -12.7945
  -12.7508
  -12.7063
  -12.6713
  -12.6366
  -12.6034
  -12.5698
  -12.5327
  -12.4869
  -12.4493
  -12.4090
  -12.3681
  -12.3170
  -12.2671
  -12.2169
  -12.1634
  -12.1066
  -12.0512
  -11.9932
  -11.9403
  -11.8886
  -11.8364
  -11.7938
  -11.7419
  -11.7036
  -11.6677
  -11.6248
  -11.5882
  -11.5557
  -11.5204
  -11.4834
  -11.4403
  -11.4018
  -11.3554
  -11.3167
  -11.2768
  -11.2346
  -11.1940
  -11.1524
  -11.0976
  -11.0507
  -11.0036
  -10.9591
  -10.8988
  -10.8414
  -10.7898
  -10.7393
  -10.6923
  -10.6468
  -10.5945
  -10.5484
  -10.5061
  -10.4670
  -10.4321
  -10.4113
  -10.3801
  -10.3621
  -10.3508
  -10.3468
  -10.3573
  -10.3601
  -10.3653
  -10.3684
  -10.3781
  -10.3864
  -10.3949
  -10.4005
  -10.4100
  -10.4174
  -10.4324
  -10.4376
  -10.4505
  -10.4600
  -10.4684
  -10.4752
  -10.4708
  -10.4641
  -10.4538
  -10.4308
  -10.4102
  -10.3725
  -10.3375
  -10.3076
  -10.2648
  -10.2338
  -10.2007
  -10.1753
  -10.1533
  -10.1374
  -10.1230
  -10.1103
  -10.0927
  -10.0882
  -10.0776
  -10.0783
  -10.0690
  -10.0608
  -10.0569
  -10.0523
  -10.0381
  -10.0370
  -10.0350
  -10.0252
  -10.0312
  -10.0470
  -10.0610
  -10.0782
  -10.1038
  -10.1313
  -10.1700
  -10.2089
  -10.2554
  -10.3050
  -10.3567
  -10.4020
  -10.4439
  -10.4819
  -10.5215
  -10.5551
  -10.5880
  -10.6213
  -10.6474
  -10.6684
  -10.6981
  -10.7219
  -10.7306
  -10.7423
  -10.7608
  -10.7709
  -10.7923
  -10.8185
  -10.8531
  -10.8790
  -10.9085
  -10.9408
  -10.9848
  -11.0332
  -11.0946
  -11.1582
  -11.2283
  -11.2931
  -11.3748
  -11.4443
  -11.5158
  -11.5926
  -11.6507
  -11.7133
  -11.7674
  -11.8098
  -11.8413
  -11.8737
  -11.9049
  -11.9342
  -11.9548
  -11.9717
  -11.9806
  -11.9983
  -12.0185
  -12.0343
  -12.1245
  -12.2290
  -12.3251
  -12.4081
  -12.4907
  -12.5629
  -12.6369
  -12.7047
  -12.7729
  -12.8383
  -12.8996
  -12.9586
  -13.0203
  -13.0778
  -13.1305
  -13.1764
  -13.2231
  -13.2641
  -13.3148
  -13.3509
  -13.3935
  -13.4338
  -13.4671
  -13.5155
  -13.5662
  -13.6134
  -13.6611
  -13.7196
  -13.7787
  -13.8281
