28024.0078
28024.2070
28024.2695
28024.1836
28024.5605
28024.3770
28024.1309
28024.1367
28023.7480
28023.3359
28023.3906
28023.4609
28023.3770
28023.1758
28022.9141
28022.6914
28022.6074
28022.7676
28022.8516
28022.6055
28022.8281
28023.1328
28023.1250
28023.1641
28023.4316
28023.4531
28023.6367
28024.0273
28024.3555
28024.5762
28024.5840
28024.4590
28024.2598
28024.1973
28024.2754
28024.1973
28024.3574
28024.3574
28024.3887
28024.1484
28023.9102
28023.9648
28023.9473
28023.8398
28023.9785
28023.8398
28023.6621
28023.6836
28023.5996
28023.5996
28023.7539
28023.6367
28023.4375
28023.3730
28023.1797
28022.9453
28023.0352
28022.6621
28023.1484
28022.8320
28022.9160
28022.8379
28022.9707
28023.0078
28023.1074
28023.0293
28023.2285
28023.0293
28023.2266
28023.2871
28023.2109
28023.2090
28023.2324
28023.3086
28023.1543
28023.1230
28023.2207
28023.2676
28023.3281
28023.3340
28023.1953
28023.1777
28023.1543
28023.3008
28023.3008
28023.1445
28023.0508
28023.1836
28023.2441
28023.3887
28023.6328
28023.1504
28022.9648
28023.1328
28022.9707
28023.1250
28022.9180
28023.0000
28022.8711
28022.8926
28022.7852
28022.8066
28022.6621
28022.7773
28022.5762
28022.7754
28022.6367
28022.7285
28022.7520
28022.4512
28022.5273
28022.5117
28022.5254
28022.2266
28022.3496
28022.4473
28022.2168
28022.3301
28022.2148
28022.0527
28021.9062
28022.0820
28021.7832
28021.7676
28021.7891
28021.7949
28021.8809
28022.0488
28021.9258
28022.0781
28021.4336
28021.6934
28021.5859
28021.5000
28021.3613
28021.3613
28021.3926
28021.1523
28021.3672
28021.1680
28021.3828
28020.9121
28021.1504
28020.7812
28020.7188
28020.8965
28021.0098
28020.9941
28021.0547
28020.8711
28020.9688
28020.6230
28020.6465
28020.5449
28020.6406
28020.6602
28020.6582
28020.7969
28021.2129
28021.2109
28021.0410
28020.3027
28020.9785
28021.2246
28021.8457
28021.4297
28021.5312
28021.1758
28021.0977
28020.8672
28021.5820
28022.4648
28022.7656
28022.8105
28022.8867
28023.0566
28023.2324
28023.2695
28023.3242
28023.1172
28022.8848
28023.1230
28023.4688
28024.4082
28023.1230
28022.8770
28023.5996
28023.4746
28023.1895
28023.2598
28023.1738
28022.4180
28022.4941
28022.8945
28022.7402
28021.9473
28022.0820
28022.7617
28022.8848
28023.2090
28022.9453
28023.2852
28023.3066
28023.4824
28023.5371
28023.6133
28023.6348
28023.4434
28023.3340
28023.2344
28023.1328
28023.0098
28022.6855
28022.9473
28022.8848
28022.9707
28023.2227
28023.3828
28023.3359
28023.1738
28023.3652
28023.3184
28023.3945
28023.6094
28023.7617
28023.9551
28024.1309
28024.0391
28024.0781
28024.0000
28023.8379
28023.7520
28023.9512
28024.0898
28023.8887
28023.8281
28023.8652
28024.2637
28023.9863
28024.2832
28024.7812
28024.6270
28025.0488
28024.9414
28025.4238
28025.3164
28025.5762
28025.6133
28025.6133
28025.7266
28025.7031
28025.9551
28026.0176
28025.9551
28025.8164
28025.7773
28025.7227
28025.6602
28025.4062
28025.2070
28024.9141
28024.7988
28024.5000
28024.6504
28024.2832
28024.1816
28024.1582
28024.3711
28024.0957
28024.0723
28023.9707
28023.8086
28023.9316
28023.8926
28023.8164
28023.8613
28023.7383
28023.7754
28023.5977
28023.7598
28023.6270
28023.5410
28023.4941
28023.5605
28023.5566
28023.1777
28023.3672
28023.5820
28023.6523
28023.5605
28023.6816
28023.7148
28023.6992
28023.6602
28023.5840
28023.2832
28022.9824
28022.9434
28022.7031
28022.7285
28022.4043
28022.1270
28021.7402
28021.5938
28021.6543
28021.7305
28021.7441
28021.6719
28021.7480
28021.8008
28021.6016
28021.7383
28021.8379
28021.9219
28021.9219
28022.1152
28022.1621
28022.0938
28022.2168
28022.1172
28022.1152
28021.9863
28021.8848
28021.8086
28021.8711
28021.9316
28021.7773
28021.5156
28021.1523
28020.9004
28020.7754
28020.3906
28020.4277
28020.3652
28020.3555
28020.6035
28020.6172
28020.6406
28020.7109
28020.4707
28020.6328
28020.6641
28020.7500
28020.8965
28020.9434
28021.1055
28021.1055
28020.8809
28020.8789
28020.7715
28020.5312
28020.5176
28020.4023
28020.4258
28020.2480
28020.3184
28020.1797
28019.9277
28020.1660
28020.0879
28020.1738
28020.0723
28019.9727
28019.9492
28019.8633
28019.6992
28019.6387
28019.7363
28019.6523
28019.8125
28019.6504
28019.9121
28019.9746
28019.7734
28019.8574
28020.0059
28020.1035
28019.9180
28020.8477
28020.1035
28020.8457
28020.4355
28020.7109
28020.9102
28020.8965
28021.3438
28021.3828
28021.5430
28021.9043
28021.7949
28021.9023
28021.7793
28022.1016
28022.1777
28022.2871
28022.7832
28022.4004
28022.9434
28022.6582
28022.9434
28023.1289
28022.8418
28023.2129
28023.2129
28023.1367
28022.9492
28022.9121
28022.8496
28022.7871
28022.6641
28022.6758
28022.7520
28022.6270
28022.7031
28022.8027
28023.0078
28023.0586
28023.3105
28023.2480
28023.2852
28023.3223
28023.4766
28023.5879
28023.6641
28023.7637
28023.8008
28023.9902
28024.4434
28024.6934
28025.0156
28025.3652
28025.7598
28025.8965
28026.0859
28026.2246
28026.4277
28026.3418
28026.6152
28026.2930
28026.2910
28026.3145
28026.0898
28025.9512
28025.7988
28025.3750
28025.0605
28024.9082
28024.7930
28024.7168
28024.4258
28024.5352
28024.4590
28024.0586
28023.9961
28023.9434
28023.8340
28023.8418
28023.9551
28024.1797
28024.1543
28024.5547
28024.6152
28024.7773
28024.8145
28024.8379
28024.8379
28024.9980
28025.1992
28025.2227
28025.3086
28025.4844
28025.4199
28025.4199
28025.3945
28025.5195
28025.8418
28025.8418
28026.0039
28025.9414
28025.7539
28025.8164
28025.6777
28025.5762
28025.3750
28025.2988
28025.1992
28025.1992
28025.2598
28025.1348
28025.0723
28024.7480
28024.6484
28024.5332
28024.3711
28024.3945
28024.2559
28024.3184
28024.3652
28024.4766
28024.5996
28024.5996
28024.4980
28024.6211
28024.6836
28024.8320
28024.8066
28024.7070
28024.7832
28024.8672
28025.1309
28025.1426
28025.0176
28024.8926
28024.9922
28025.0059
28025.0430
28025.0664
28025.1660
28025.1270
28025.3145
28025.4512
28025.4258
28025.3496
28025.2871
28025.3496
28025.2852
28025.3867
28025.3223
28025.2832
28025.3848
28025.2344
28025.3340
28025.5098
28025.5840
28025.5352
28025.5352
28025.6484
28025.8340
28026.1582
28026.3672
28026.4668
28026.5547
28026.8145
28026.9629
28027.0625
28027.0371
28026.7637
28026.6992
28026.5977
28026.5117
28026.7109
28026.7480
28026.9609
28027.1113
28027.2246
28027.3379
28027.2754
28027.3262
28027.3633
28027.3379
28027.5000
28027.6992
28027.7734
28027.8984
28028.0586
28028.0332
28028.0586
28028.0820
28028.1582
28028.2715
28028.1562
28028.2324
28028.1934
28028.2930
28028.1406
28028.5312
28028.0020
28028.1270
28027.8652
28027.9238
28028.1133
28028.2754
28028.4258
28028.9160
28028.4609
28028.6875
28028.7227
28028.6348
28028.4590
28028.4219
28028.1992
28028.4492
28028.6465
28028.6211
28029.0312
28029.0938
28029.2305
28029.1426
28029.1152
28029.1797
28029.3281
28029.3672
28029.0508
28028.9766
28029.3262
28029.1133
28029.1484
28029.5137
28029.7891
28029.8398
28029.9004
28030.0762
28030.2266
28030.0879
28030.2500
28030.3633
28030.4512
28030.5762
28030.7148
28030.7637
28030.7773
28030.7871
28030.6387
28030.9258
28030.7891
28030.8633
28031.2383
28031.5879
28031.4258
28031.6758
28031.5742
28031.7871
28031.9609
28032.0605
28032.1348
28032.1348
28032.1582
28032.2832
28032.3691
28032.4688
28032.4805
28032.5293
28032.8047
28032.9160
28033.3027
28033.3750
28033.3496
28033.1250
28033.1367
28032.8984
28032.9102
28032.9727
28032.9824
28033.1445
28032.9805
28033.0820
28033.1191
28033.2559
28033.1660
28033.3027
28032.9531
28033.0898
28033.1270
28033.1113
28033.2363
28033.3125
28033.2852
28033.0723
28032.9824
28032.9199
28032.8945
28032.8320
28032.8555
28032.8438
28032.6055
28032.7910
28032.7402
28032.5645
28032.4277
28032.4648
28032.2891
28032.1133
28032.1367
28032.0977
28031.7598
28031.7969
28031.5723
28031.4844
28031.4688
28031.2324
28031.2812
28031.4180
28031.2559
28031.3164
28031.3164
28031.5039
28031.4160
28031.3652
28031.3145
28031.5508
28031.5117
28031.5117
28031.4238
28031.5605
28031.3965
28031.5586
28031.4473
28031.6582
28031.5820
28031.4316
28031.6191
28031.4062
28031.5918
28031.5293
28031.3027
28031.4277
28031.2520
28031.3652
28031.5762
28031.8379
28031.7500
28031.9238
28031.7734
28031.9238
28031.8340
28031.9590
28032.1953
28032.1074
28031.9062
28031.8691
28031.9668
28031.7539
28031.7910
28031.8418
28031.8398
28032.0898
28031.9902
28031.5391
28031.7129
28031.3750
28031.5371
28031.3613
28031.4746
28031.4102
28031.5469
28031.4727
28031.5332
28031.3320
28031.0820
28031.1797
28031.2305
28031.8301
28031.4922
28031.4668
28031.3652
28031.6660
28031.5781
28031.9277
28032.0762
28031.6758
28031.6250
28031.5996
28031.5625
28031.8359
28032.0879
28031.9355
28032.4609
28031.9727
28032.0703
28032.0078
28031.9941
28031.9082
28031.8945
28031.6934
28031.8672
28031.8789
28032.0039
28032.2031
28032.3281
28032.2656
28032.3379
28032.0254
28031.6855
28031.9238
28031.6992
28032.1738
28031.9844
28031.8848
28031.4453
28031.5449
28031.8066
28031.5449
28031.9805
28031.6426
28031.4551
28032.0156
28031.7148
28032.2148
28031.6875
28031.7500
28031.6484
28031.7598
28031.6855
28031.7598
28031.5957
28031.8848
28031.8086
28032.0469
28032.2324
28032.2969
28032.3184
28032.5684
28032.4180
28031.9531
28031.9160
28032.3516
28032.3887
28032.5391
28032.2383
28032.2246
28032.2617
28032.3477
28032.3223
28032.4102
28032.4453
28032.5586
28032.6699
28032.3926
28033.0781
28033.1406
28032.7012
28033.0625
28032.5996
28033.1738
28032.7871
28033.2480
28033.1348
28033.2461
28033.3711
28033.5469
28034.0957
28034.3828
28034.7559
28034.8828
28034.6797
28034.6270
28034.3770
28034.3633
28034.4512
28034.5508
28034.6504
28034.1230
28034.1504
28034.6230
28034.5469
28034.6582
28034.7832
28034.5449
28034.6309
28034.5176
28034.8027
28034.7910
28034.8145
28034.8535
28035.2148
28035.2051
28035.0762
28034.7500
28034.9863
28034.6484
28034.8867
28035.0469
28034.8730
28034.9844
28034.8711
28035.1074
28035.0703
28035.0918
28035.2539
28035.3047
28035.0234
28035.3008
28035.8125
28035.3242
28035.0879
28035.4375
28035.2266
28035.1992
28034.9727
28035.4492
28035.2598
28035.5215
28035.2715
28035.2207
28035.2207
28035.2832
28035.3438
28035.2559
28035.2188
28035.3906
28035.3789
28035.2285
28035.3770
28034.9629
28035.4004
28035.0488
28035.2988
28034.8984
28034.9453
28034.7070
28034.5820
28035.4609
28034.4062
28034.2422
28034.2910
28034.1660
28034.1016
28034.5371
28034.0391
28033.8379
28033.6230
28033.7617
28033.7246
28033.5859
28033.4746
28033.5820
28033.2324
28033.2578
28033.2695
28033.2168
28033.1543
28032.9414
28033.0898
28032.9141
28032.9238
28033.3262
28032.6836
28032.6465
28032.6816
28032.0566
28032.2168
28032.0273
28032.3242
28032.2266
28032.3750
28032.1250
28032.2207
28031.9727
28031.9980
28031.9707
28031.9453
28032.0938
28032.4434
28032.4316
28032.0781
28032.3418
28032.2402
28032.2383
28032.3379
28032.4258
28032.2363
28032.5254
28032.2969
28031.9941
28032.3730
28032.3301
28032.5215
28032.2051
28032.3945
28032.2793
28032.2285
28032.2402
28032.6543
28032.7168
28032.5645
28032.8516
28032.6992
28032.8887
28032.9980
28032.7461
28032.8340
28033.0332
28032.5547
28033.0215
28033.2539
28033.3125
28033.2617
28033.1660
28032.7246
28031.3789
28031.9160
28031.7246
28032.1133
28031.8867
28031.8867
28032.1641
28032.0840
28032.0586
28032.1211
28031.7422
28032.2070
28032.3164
28032.3691
28032.1797
28032.3145
28032.4414
28032.5645
28032.4395
28032.8164
28033.1426
28033.0977
28032.7246
28032.9648
28033.1016
28032.9004
28033.5078
28033.5137
28033.6504
28033.9863
28034.0488
28033.5430
28033.5703
28033.3672
28033.3535
28033.4141
28033.3887
28033.3770
28033.5020
28033.5000
28032.9844
28033.3984
28033.5352
28033.8965
28033.6719
28033.5430
28033.4062
28033.3066
28033.8301
28033.5938
28033.8926
28033.9180
28034.1660
28034.2539
28034.1367
28034.0684
28034.0566
28034.1191
28034.2188
28033.8906
28034.0117
28034.2422
28034.3008
28034.3477
28034.4102
28034.4199
28034.5293
28034.9023
28034.9121
28034.8164
28035.1895
28035.2871
28035.6035
28035.6875
28035.4863
28035.7695
28035.8945
28035.7930
28035.8184
28035.7773
28035.9180
28035.8379
28035.7637
28035.8105
28036.1250
28036.2500
28036.2871
28036.3594
28036.0957
28036.3223
28036.2324
28036.3926
28036.4023
28036.5547
28036.4121
28036.1172
28036.1836
28036.2363
28036.1348
28035.9453
28036.0176
28035.6914
28035.6758
28035.4004
28035.4570
28034.8203
28034.6504
28034.6211
28034.6211
28034.2051
28034.0684
28034.1406
28034.0508
28033.9219
28033.5312
28033.2891
28033.2617
28033.2773
28033.1602
28032.8320
28032.3535
28032.5781
28032.4512
28032.5234
28032.1445
28032.3945
28032.4590
28032.3555
28032.4082
28032.2441
28032.0703
28032.0156
28031.9414
28031.8145
28031.7773
28031.8281
28031.5645
28031.6172
28031.4883
28031.5879
28031.2441
28031.3613
28031.1074
28031.0430
28031.1055
28030.8828
28030.8301
28030.3711
28030.4434
28030.2109
28030.2891
28030.1270
28029.8242
28029.6699
28029.5586
28029.2227
28028.9844
28028.8945
28028.7930
28028.6660
28028.6387
28028.3633
28028.5684
28028.1055
28028.1777
28028.1660
28027.8926
28027.5391
28027.3633
28027.3730
28027.3711
28027.5137
28027.1855
28027.1230
28026.8574
28026.7461
28026.6465
28026.4102
28026.3398
28026.4492
28026.1133
28025.7754
28025.7266
28025.5332
28025.3945
28025.1738
28025.1992
28025.0430
28025.1680
28024.8027
28025.2090
28025.0820
28024.9707
28024.9062
28024.6055
28024.7324
28024.5957
28024.2031
28024.1289
28024.0566
28023.9375
28023.7266
28023.6738
28023.5723
28023.6719
28023.7246
28023.5137
28023.1133
28023.6016
28023.4531
28023.1914
28023.5059
28023.0254
28023.2520
28023.0410
28022.9121
28022.8750
28022.6543
28022.5020
28022.5996
28022.2793
28022.3242
28022.4141
28022.2227
28022.2129
28021.9023
28022.0371
28022.1270
28022.2363
28022.3262
28022.1797
28022.1777
28022.4414
28022.4297
28022.3672
28022.1816
28022.5176
28022.5527
28022.6797
28022.5703
28022.6582
28022.6504
28022.8770
28022.8125
28022.9375
28022.9375
28023.1465
28023.0820
28023.1621
28023.1621
28023.1250
28023.1699
28023.2031
28023.6934
28023.6094
28023.7090
28023.8809
28023.9355
28024.1074
28024.3320
28024.2676
28024.1055
28024.1211
28024.0195
28023.9102
28024.2090
28024.1621
28024.1621
28024.4512
28024.4141
28024.6758
28024.9219
28024.7578
28024.7676
28024.9102
28024.6016
28024.9453
28024.5996
28024.9609
28025.0703
28024.9512
28025.0332
28025.0488
28025.1855
28025.3848
28025.6016
28025.6738
28025.7168
28025.8906
28025.9434
28026.3496
28026.2129
28026.6387
28026.6641
28026.8555
28026.8906
28027.0449
28027.1348
28027.2246
28027.0234
28027.0488
28027.1484
28027.4121
28027.3125
28027.4023
28027.4199
28027.5078
28027.3984
28027.5352
28027.8418
28027.7402
28027.9785
28028.0039
28028.0762
28027.9395
28027.8008
28027.8379
28027.7109
28027.3008
28027.0547
28027.0820
28027.2637
28027.3809
28027.2891
28027.2891
28027.4785
28027.6328
28027.8496
28027.8223
28028.1113
28028.1465
28028.0469
28028.4375
28028.2070
28028.2461
28028.0723
28027.9805
28027.7168
28027.8164
28027.7070
28027.9512
28027.8418
28028.0039
28028.1328
28028.2676
28027.9941
28028.1211
28028.2109
28028.5098
28028.4648
28028.6191
28028.6895
28028.5527
28028.4766
28028.7168
28028.3887
28028.5605
28028.4512
28028.5586
28028.6211
28028.6504
28028.4492
28028.5195
28028.6660
28028.3652
28028.6836
28028.7090
28028.7832
28028.7812
28028.6621
28028.7617
28028.7344
28028.6348
28028.6797
28029.0137
28029.0137
28028.9219
28028.8496
28028.9941
28028.9473
28028.8945
28029.1836
28029.0645
28029.0547
28029.3281
28029.3633
28029.4277
28029.5801
28029.5254
28029.7715
28029.8066
28030.0059
28029.9316
28030.2051
28030.1133
28030.1953
28030.0391
28030.2207
28030.3105
28030.1934
28030.2461
28030.2461
28030.2168
28030.1895
28030.1172
28030.1719
28030.2891
28030.2070
28030.1328
28030.2324
28030.3770
28030.2480
28030.2480
28030.0840
28030.1113
28030.3027
28030.3730
28030.3730
28030.3262
28030.3359
28030.4980
28030.2715
28030.6328
28030.5332
28030.3340
28030.8047
28030.5039
28030.5938
28030.4863
28030.6758
28030.7207
28030.6465
28030.6465
28030.7461
28030.6719
28030.4883
28031.2168
28030.8516
28030.8145
28031.2148
28031.0879
28031.1328
28031.3770
28031.1055
28031.1582
28031.2871
28030.9766
28031.4043
28031.6309
28031.7578
28031.8848
