    1.1114
    0.8897
    0.6733
    0.4511
    0.2268
   -0.0002
   -0.2249
   -0.4482
   -0.6675
   -0.8845
   -1.1029
   -1.3210
   -1.5428
   -1.7592
   -1.9794
   -2.1992
   -2.4163
   -2.6320
   -2.8475
   -3.0599
   -3.2729
   -3.4803
   -3.6840
   -3.8875
   -4.0869
   -4.2828
   -4.4821
   -4.6819
   -4.8755
   -5.0621
   -5.2536
   -5.2055
   -5.1608
   -5.1101
   -5.0651
   -5.0237
   -4.9839
   -4.9516
   -4.9170
   -4.8916
   -4.8714
   -4.8543
   -4.8347
   -4.8218
   -4.8075
   -4.7916
   -4.7783
   -4.7664
   -4.7533
   -4.7404
   -4.7301
   -4.7241
   -4.7212
   -4.7233
   -4.7269
   -4.7224
   -4.7172
   -4.7132
   -4.7075
   -4.6970
   -4.6918
   -4.6922
   -4.6845
   -4.6812
   -4.6718
   -4.6610
   -4.6412
   -4.6201
   -4.5938
   -4.5700
   -4.5446
   -4.5195
   -4.5014
   -4.4843
   -4.4659
   -4.4500
   -4.4341
   -4.4239
   -4.4153
   -4.4044
   -4.3943
   -4.3891
   -4.3856
   -4.3854
   -4.3884
   -4.3933
   -4.4007
   -4.4099
   -4.4184
   -4.4285
   -4.4383
   -4.4498
   -4.4579
   -4.4655
   -4.4775
   -4.4899
   -4.5003
   -4.5126
   -4.5230
   -4.5358
   -4.5431
   -4.5443
   -4.5391
   -4.5326
   -4.5209
   -4.5133
   -4.5063
   -4.4995
   -4.4855
   -4.4729
   -4.4603
   -4.4433
   -4.4208
   -4.3942
   -4.3598
   -4.3222
   -4.2893
   -4.2543
   -4.2233
   -4.1954
   -4.1659
   -4.1383
   -4.1045
   -4.0724
   -4.0364
   -4.0058
   -3.9726
   -3.9496
   -3.9293
   -3.9153
   -3.9059
   -3.8931
   -3.8835
   -3.8662
   -3.8434
   -3.8168
   -3.7894
   -3.7597
   -3.7267
   -3.6929
   -3.6599
   -3.6278
   -3.6010
   -3.5749
   -3.5517
   -3.5331
   -3.5158
   -3.4960
   -3.4720
   -3.4488
   -3.4249
   -3.4026
   -3.3763
   -3.3541
   -3.3368
   -3.3246
   -3.3069
   -3.2895
   -3.2687
   -3.2442
   -3.2197
   -3.1963
   -3.1716
   -3.1500
   -3.1281
   -3.1055
   -3.0807
   -3.0576
   -3.0352
   -3.0142
   -2.9950
   -2.9736
   -2.9546
   -2.9393
   -2.9304
   -2.9253
   -2.9207
   -2.9168
   -2.9174
   -2.9159
   -2.9211
   -2.9228
   -2.9241
   -2.9315
   -2.9423
   -2.9575
   -2.9683
   -2.9841
   -2.9979
   -3.0117
   -3.0258
   -3.0416
   -3.0626
   -3.0807
   -3.0969
   -3.1172
   -3.1371
   -3.1577
   -3.1757
   -3.1952
   -3.2170
   -3.2397
   -3.2633
   -3.2815
   -3.2983
   -3.3115
   -3.3187
   -3.3233
   -3.3287
   -3.3336
   -3.3393
   -3.3439
   -3.3527
   -3.3615
   -3.3701
   -3.3751
   -3.3753
   -3.3707
   -3.3634
   -3.3409
   -3.3247
   -3.3029
   -3.2827
   -3.2632
   -3.2440
   -3.2251
   -3.2070
   -3.1863
   -3.1672
   -3.1440
   -3.1249
   -3.1051
   -3.0889
   -3.0701
   -3.0524
   -3.0351
   -3.0196
   -3.0043
   -2.9868
   -2.9640
   -2.9369
   -2.9092
   -2.8878
   -2.8615
   -2.8311
   -2.7999
   -2.7658
   -2.7290
   -2.6918
   -2.6510
   -2.6092
   -2.5689
   -2.5263
   -2.4843
   -2.4406
   -2.3996
   -2.3548
   -2.3108
   -2.2650
   -2.2234
   -2.1834
   -2.1452
   -2.1093
   -2.0738
   -2.0423
   -2.0146
   -1.9901
   -1.9695
   -1.9534
   -1.9389
   -1.9298
   -1.9247
   -1.9282
   -1.9312
   -1.9369
   -1.9422
   -1.9482
   -1.9549
   -1.9682
   -1.9858
   -2.0197
   -2.0537
   -2.0951
   -2.1367
   -2.1833
   -2.2330
   -2.2873
   -2.3423
   -2.3991
   -2.4558
   -2.5141
   -2.5730
   -2.6343
   -2.6990
   -2.7693
   -2.8374
   -2.9051
   -2.9749
   -3.0463
   -3.1214
   -3.2048
   -3.2899
   -3.3696
   -3.4442
   -3.5239
   -3.5998
   -3.6785
   -3.7551
   -3.8358
   -3.9144
   -3.9952
   -4.0826
   -4.1702
   -4.2560
   -4.3397
   -4.4235
   -4.5020
   -4.5813
   -4.6611
   -4.7407
   -4.8160
   -4.8892
   -4.9576
   -5.0231
   -5.0830
   -5.1372
   -5.1865
   -5.2309
   -5.2703
   -5.3050
   -5.3338
   -5.3560
   -5.3734
   -5.3823
   -5.3878
   -5.3905
   -5.3922
   -5.3944
   -5.3984
   -5.4005
   -5.4043
   -5.4065
   -5.4077
   -5.4080
   -5.4071
   -5.4035
   -5.3974
   -5.3921
   -5.3836
   -5.3720
   -5.3571
   -5.3405
   -5.3237
   -5.3051
   -5.2866
   -5.2657
   -5.2484
   -5.2303
   -5.2115
   -5.1929
   -5.1744
   -5.1531
   -5.1337
   -5.1166
   -5.1024
   -5.0903
   -5.0809
   -5.0631
   -5.0411
   -5.0157
   -4.9849
   -4.9506
   -4.9066
   -4.8594
   -4.8116
   -4.7639
   -4.7158
   -4.6729
   -4.6314
   -4.5884
   -4.5449
   -4.5027
   -4.4593
   -4.4148
   -4.3744
   -4.3373
   -4.3051
   -4.2760
   -4.2517
   -4.2305
   -4.2131
   -4.2005
   -4.1918
   -4.1869
   -4.1866
   -4.1868
   -4.1840
   -4.1822
   -4.1751
   -4.1668
   -4.1560
   -4.1411
   -4.1236
   -4.1023
   -4.0769
   -4.0472
   -4.0151
   -3.9809
   -3.9432
   -3.8999
   -3.8561
   -3.8121
   -3.7677
   -3.7195
   -3.6687
   -3.6154
   -3.5596
   -3.5005
   -3.4413
   -3.3815
   -3.3216
   -3.2598
   -3.1974
   -3.1325
   -3.0657
   -2.9964
   -2.9260
   -2.8596
   -2.8006
   -2.7485
   -2.7032
   -2.6630
   -2.6284
   -2.5982
   -2.5710
   -2.5424
   -2.5191
   -2.4945
   -2.4697
   -2.4476
   -2.4268
   -2.4107
   -2.3982
   -2.3914
   -2.3901
   -2.3901
   -2.3948
   -2.3979
   -2.4026
   -2.3996
   -2.3985
   -2.3960
   -2.3945
   -2.3937
   -2.3969
   -2.3994
   -2.4003
   -2.4026
   -2.4036
   -2.4110
   -2.4184
   -2.4267
   -2.4374
   -2.4487
   -2.4618
   -2.4754
   -2.4865
   -2.4949
   -2.5012
   -2.5039
   -2.5104
   -2.5206
   -2.5275
   -2.5365
   -2.5431
   -2.5484
   -2.5483
   -2.5491
   -2.5493
   -2.5480
   -2.5432
   -2.5403
   -2.5405
   -2.5416
   -2.5456
   -2.5530
   -2.5620
   -2.5710
   -2.5801
   -2.5888
   -2.5952
   -2.5978
   -2.5960
   -2.5920
   -2.5857
   -2.5737
   -2.5663
   -2.5541
   -2.5439
   -2.5344
   -2.5224
   -2.5121
   -2.5026
   -2.4943
   -2.4823
   -2.4677
   -2.4479
   -2.4244
   -2.4014
   -2.3791
   -2.3637
   -2.3468
   -2.3268
   -2.3055
   -2.2822
   -2.2527
   -2.2242
   -2.1971
   -2.1742
   -2.1520
   -2.1273
   -2.1026
   -2.0788
   -2.0543
   -2.0307
   -2.0061
   -1.9841
   -1.9674
   -1.9543
   -1.9439
   -1.9396
   -1.9364
   -1.9304
   -1.9279
   -1.9209
   -1.9174
   -1.9155
   -1.9143
   -1.9121
   -1.9101
   -1.9100
   -1.9125
   -1.9131
   -1.9107
   -1.9067
   -1.9015
   -1.8936
   -1.8843
   -1.8754
   -1.8655
   -1.8515
   -1.8412
   -1.8320
   -1.8254
   -1.8201
   -1.8203
   -1.8209
   -1.8206
   -1.8213
   -1.8210
   -1.8235
   -1.8274
   -1.8304
   -1.8301
   -1.8272
   -1.8223
   -1.8152
   -1.8111
   -1.8047
   -1.7967
   -1.7850
   -1.7693
   -1.7500
   -1.7306
   -1.7121
   -1.6925
   -1.6723
   -1.6506
   -1.6309
   -1.6096
   -1.5873
   -1.5665
   -1.5458
   -1.5249
   -1.5030
   -1.4828
   -1.4626
   -1.4407
   -1.4181
   -1.3945
   -1.3709
   -1.3440
   -1.3192
   -1.2963
   -1.2746
   -1.2538
   -1.2348
   -1.2172
   -1.2025
   -1.1912
   -1.1824
   -1.1740
   -1.1648
   -1.1551
   -1.1451
   -1.1351
   -1.1247
   -1.1150
   -1.1037
   -1.0919
   -1.0792
   -1.0665
   -1.0512
   -1.0353
   -1.0210
   -1.0036
   -0.9824
   -0.9620
   -0.9420
   -0.9184
   -0.8997
   -0.8761
   -0.8501
   -0.8252
   -0.7986
   -0.7748
   -0.7488
   -0.7251
   -0.7028
   -0.6827
   -0.6667
   -0.6510
   -0.6352
   -0.6145
   -0.5950
   -0.5690
   -0.5441
   -0.5229
   -0.5053
   -0.4845
   -0.4637
   -0.4442
   -0.4255
   -0.4063
   -0.3874
   -0.3700
   -0.3535
   -0.3362
   -0.3211
   -0.3037
   -0.2837
   -0.2597
   -0.2362
   -0.2150
   -0.1917
   -0.1691
   -0.1501
   -0.1289
   -0.1066
   -0.0862
   -0.0655
   -0.0400
   -0.0148
    0.0098
    0.0347
    0.0580
    0.0798
    0.0999
    0.1236
    0.1453
    0.1646
    0.1862
    0.2057
    0.2244
    0.2457
    0.2666
    0.2871
    0.3062
    0.3224
    0.3424
    0.3598
    0.3810
    0.4023
    0.4227
    0.4437
    0.4620
    0.4846
    0.5021
    0.5234
    0.5469
    0.5720
    0.6037
    0.6372
    0.6674
    0.6954
    0.7225
    0.7455
    0.7687
    0.7940
    0.8269
    0.8544
    0.8807
    0.9056
    0.9302
    0.9557
    0.9831
    1.0157
    1.0501
    1.0882
    1.1279
    1.1663
    1.2101
    1.2487
    1.2891
    1.3356
    1.3823
    1.4260
    1.4725
    1.5175
    1.5624
    1.6096
    1.6582
    1.7013
    1.7456
    1.7893
    1.8329
    1.8772
    1.9226
    1.9673
    2.0092
    2.0513
    2.0936
    2.1313
    2.1686
    2.2088
    2.2465
    2.2824
    2.3212
    2.3607
    2.4026
    2.4425
    2.4828
    2.5193
    2.5565
    2.5906
    2.6243
    2.6655
    2.7031
    2.7419
    2.7799
    2.8173
    2.8538
    2.8894
    2.9217
    2.9561
    2.9843
    3.0156
    3.0481
    3.0833
    3.1169
    3.1486
    3.1858
    3.2266
    3.2764
    3.3252
    3.3742
    3.4257
    3.4711
    3.5197
    3.5638
    3.6029
    3.6445
    3.6790
    3.7165
    3.7561
    3.7905
    3.8218
    3.8579
    3.8959
    3.9325
    3.9744
    4.0143
    4.0606
    4.1093
    4.1614
    4.2157
    4.2731
    4.3331
    4.3929
    4.4591
    4.5222
    4.5876
    4.6527
    4.7233
    4.7936
    4.8652
    4.9371
    5.0172
    5.0946
    5.1752
    5.2550
    5.3373
    5.4182
    5.5064
    5.5947
    5.6864
    5.7802
    5.8722
    5.9592
    6.0462
    6.1273
    6.2080
    6.2865
    6.3704
    6.4539
    6.5429
    6.6322
    6.7258
    6.8151
    6.9078
    7.0025
    7.0994
    7.1994
    7.3021
    7.3995
    7.5094
    7.6211
    7.7319
    7.8516
    7.9720
    8.0860
    8.2046
    8.3132
    8.4170
    8.5127
    8.6118
    8.7092
    8.8146
    8.9223
    9.0364
    9.1474
    9.2635
    9.3749
    9.4758
    9.5796
    9.6891
    9.8016
    9.9217
   10.0455
   10.1719
   10.2928
   10.4186
   10.5425
   10.6675
   10.7914
   10.9180
   11.0423
   11.1691
   11.2958
   11.4218
   11.5473
   11.6773
   11.8016
   11.9309
   12.0593
   12.1852
   12.3084
   12.4367
   12.5567
   12.6849
   12.8166
   12.9531
   13.0903
   13.2312
   13.3662
   13.5013
   13.6350
   13.7700
   13.8984
   14.0332
   14.1616
   14.2915
   14.4211
   14.5476
   14.6710
   14.7971
   14.9141
   15.0317
   15.1447
   15.2544
   15.3585
   15.4737
   15.5920
   15.7109
   15.8335
   15.9659
   16.0923
   16.2239
   16.3487
   16.4683
   16.5792
   16.6969
   16.8041
   16.9168
   17.0359
   17.1529
   17.2597
   17.3631
   17.4589
   17.5491
   17.6376
   17.7266
   17.8144
   17.9006
   17.9894
   18.0751
   18.1586
   18.2414
   18.3210
   18.3965
   18.4712
   18.5442
   18.6158
   18.6926
   18.7651
   18.8372
   18.9071
   18.9781
   19.0468
   19.1221
   19.1980
   19.2693
   19.3415
   19.4144
   19.4845
   19.5561
   19.6291
   19.7001
   19.7716
   19.8455
   19.9141
   19.9878
   20.0609
   20.1361
   20.2126
   20.2932
   20.3724
   20.4467
   20.5202
   20.5946
   20.6666
   20.7412
   20.8138
   20.8836
   20.9620
   21.0396
   21.1134
   21.1864
   21.2562
   21.3278
   21.4008
   21.4711
   21.5366
   21.6019
   21.6676
   21.7310
   21.7931
   21.8616
   21.9271
   21.9901
   22.0538
   22.1185
   22.1840
   22.2502
   22.3173
   22.3813
   22.4471
   22.5151
   22.5790
   22.6490
   22.7137
   22.7779
   22.8410
   22.9029
   22.9644
   23.0244
   23.0864
   23.1418
   23.2047
   23.2597
   23.3140
   23.3599
   23.4112
   23.4616
   23.5127
   23.5678
   23.6189
   23.6762
   23.7293
   23.7861
   23.8394
   23.8897
   23.9362
   23.9859
   24.0278
   24.0666
   24.0970
   24.1296
   24.1615
   24.1893
   24.2198
   24.2533
   24.2821
   24.3085
   24.3318
   24.3558
   24.3846
   24.4101
   24.4318
   24.4507
   24.4756
   24.5017
   24.5223
   24.5489
   24.5793
   24.6088
   24.6425
   24.6771
   24.7035
   24.7335
   24.7556
   24.7803
   24.7988
   24.8157
   24.8283
   24.8380
   24.8499
   24.8594
   24.8642
   24.8712
   24.8717
   24.8775
   24.8812
   24.8896
   24.8955
   24.8990
   24.9040
   24.9045
   24.9113
   24.9123
   24.9167
   24.9192
   24.9267
   24.9315
   24.9363
   24.9393
   24.9401
   24.9409
   24.9353
   24.9325
   24.9213
   24.9109
   24.9043
   24.9006
   24.8930
   24.8879
   24.8843
   24.8843
   24.8806
   24.8809
   24.8774
   24.8703
   24.8556
   24.8481
   24.8390
   24.8321
   24.8187
   24.8011
   24.7858
   24.7771
   24.7723
   24.7570
   24.7424
   24.7307
   24.7142
   24.6996
   24.6831
   24.6639
   24.6415
   24.6237
   24.6032
   24.5907
   24.5733
   24.5596
   24.5483
   24.5398
   24.5336
   24.5276
   24.5254
   24.5263
   24.5271
   24.5352
   24.5407
   24.5504
   24.5593
   24.5688
   24.5771
   24.5868
   24.5974
   24.6134
   24.6259
   24.6367
   24.6463
   24.6551
   24.6666
   24.6784
   24.6893
   24.6989
   24.7090
   24.7154
   24.7223
   24.7326
   24.7406
   24.7487
   24.7504
   24.7485
   24.7432
   24.7350
   24.7290
   24.7171
   24.7101
   24.7104
   24.7107
   24.7135
   24.7100
   24.7079
   24.7019
   24.6993
   24.6935
   24.6916
   24.6850
   24.6780
   24.6700
   24.6578
   24.6461
   24.6355
   24.6193
   24.6005
   24.5756
   24.5572
   24.5375
   24.5166
   24.4922
   24.4729
   24.4520
   24.4313
   24.4050
   24.3784
   24.3537
   24.3255
   24.2961
   24.2654
   24.2294
   24.1911
   24.1528
   24.1077
   24.0619
   24.0136
   23.9615
   23.9124
   23.8563
   23.7998
   23.7411
   23.6784
   23.6227
   23.5572
   23.4901
   23.4239
   23.3579
   23.2871
   23.2195
   23.1479
   23.0770
   23.0069
   22.9363
   22.8663
   22.7971
   22.7283
   22.6589
   22.5860
   22.5146
   22.4362
   22.3532
   22.2706
   22.1866
   22.1064
   22.0219
   21.9412
   21.8617
   21.7804
   21.6977
   21.6092
   21.5184
   21.4262
   21.3347
   21.2481
   21.1585
   21.0699
   20.9813
   20.8974
   20.8094
   20.7220
   20.6323
   20.5453
   20.4538
   20.3625
   20.2683
   20.1816
   20.0888
   19.9917
   19.8943
   19.7970
   19.6961
   19.5925
   19.4951
   19.3892
   19.2890
   19.1862
   19.0828
   18.9783
   18.8713
   18.7655
   18.6579
   18.5548
   18.4521
   18.3506
   18.2527
   18.1524
   18.0512
   17.9508
   17.8515
   17.7546
   17.6602
   17.5630
   17.4660
   17.3684
   17.2718
   17.1704
   17.0726
   16.9769
   16.8781
   16.7794
   16.6828
   16.5839
   16.4828
   16.3801
   16.2735
   16.1662
   16.0592
   15.9515
   15.8447
   15.7350
   15.6304
   15.5256
   15.4267
   15.3273
   15.2234
   15.1234
   15.0190
   14.9272
   14.8229
   14.7203
   14.6161
   14.5161
   14.4194
   14.3224
   14.2261
   14.1291
   14.0306
   13.9357
   13.8366
   13.7408
   13.6427
   13.5521
   13.4603
   13.3593
   13.2646
   13.1714
   13.0768
   12.9847
   12.8945
   12.8006
   12.7062
   12.6189
   12.5249
   12.4333
   12.3286
   12.2287
   12.1298
   12.0318
   11.9302
   11.8324
   11.7341
   11.6356
   11.5362
   11.4371
   11.3401
   11.2469
   11.1586
   11.0703
   10.9814
   10.8980
   10.8143
   10.7324
   10.6549
   10.5796
   10.5102
   10.4389
   10.3683
   10.3035
   10.2382
   10.1709
   10.1041
   10.0374
    9.9756
    9.9132
    9.8458
    9.7859
    9.7230
    9.6674
    9.6028
    9.5499
    9.4972
    9.4469
    9.3950
    9.3437
    9.2923
    9.2401
    9.1917
    9.1450
    9.1006
    9.0616
    9.0208
    8.9809
    8.9393
    8.9044
    8.8735
    8.8432
    8.8115
    8.7853
    8.7596
    8.7330
    8.7095
    8.6888
    8.6679
    8.6520
    8.6382
    8.6288
    8.6133
    8.5995
    8.5826
    8.5676
    8.5539
    8.5369
    8.5206
    8.5032
    8.4857
    8.4709
    8.4511
    8.4376
    8.4236
    8.4113
    8.3966
    8.3884
    8.3738
    8.3597
    8.3417
    8.3210
    8.3047
    8.2920
    8.2781
    8.2588
    8.2464
    8.2349
    8.2248
    8.2114
    8.1968
    8.1901
    8.1771
    8.1671
    8.1538
    8.1443
    8.1285
    8.1166
    8.1022
    8.0899
    8.0740
    8.0608
    8.0472
    8.0376
    8.0233
    8.0080
    7.9943
    7.9770
    7.9577
    7.9417
    7.9232
    7.9030
    7.8766
    7.8513
    7.5937
    7.3436
    7.0961
    6.8500
    6.6079
    6.3637
    6.1250
    5.8861
    5.6540
    5.4252
    5.1949
    4.9662
    4.7395
    4.5108
    4.2847
    4.0576
    3.8335
    3.6103
    3.3846
    3.1605
    2.9353
    2.7143
    2.4959
    2.2775
    2.0540
    1.8354
    1.6190
    1.4093
    1.1927
    0.9851
