28051.4531
28051.8691
28052.0234
28052.2559
28052.5410
28052.5801
28052.9258
28052.9727
28053.3672
28053.4531
28053.3066
28053.2363
28053.2734
28053.2910
28053.3594
28053.3691
28053.2285
28053.3145
28053.3828
28053.3828
28053.4824
28053.7129
28053.9199
28053.8047
28053.6719
28053.6641
28053.8711
28053.9551
28053.5156
28054.1230
28054.2832
28054.0820
28054.2695
28053.9980
28053.9062
28053.7676
28053.7578
28053.7090
28054.0000
28053.9219
28053.7246
28053.8027
28053.8203
28053.6113
28053.7402
28053.5918
28053.8223
28053.8438
28054.0215
28054.0117
28054.3711
28054.5410
28054.6309
28054.8008
28054.9395
28055.0176
28054.9453
28055.0156
28055.1465
28055.1270
28054.9961
28054.9648
28055.1055
28055.4258
28055.0449
28054.9766
28054.9531
28054.7930
28054.8926
28054.3926
28054.0645
28053.8320
28053.8926
28053.4512
28053.4922
28053.6211
28053.4609
28053.2988
28053.2891
28053.3184
28053.0684
28052.8984
28052.9668
28052.8379
28052.6973
28052.9863
28053.0078
28053.0273
28053.2480
28053.0664
28053.2168
28053.0879
28053.3457
28053.1855
28053.3652
28053.2949
28053.7227
28053.6543
28054.0234
28054.1836
28054.1621
28054.1719
28053.8984
28053.8496
28053.8281
28053.7871
28053.6758
28053.5352
28053.4961
28053.7637
28053.7246
28053.7832
28053.8125
28053.7031
28053.7109
28053.6719
28053.5391
28053.3301
28053.3906
28053.4590
28053.5566
28053.3262
28053.4961
28053.5859
28053.8047
28053.5527
28053.7012
28053.5020
28053.5195
28053.4883
28053.5293
28053.3984
28053.5273
28053.5684
28053.5078
28053.3574
28053.4551
28053.2539
28053.4844
28053.4531
28053.4824
28053.5820
28053.7012
28054.0000
28054.2090
28054.2695
28054.3379
28054.6562
28054.4453
28054.5449
28054.4648
28054.6445
28054.7930
28054.9531
28054.9414
28054.9102
28055.0508
28054.9707
28054.9395
28054.9883
28054.9688
28055.2285
28055.0371
28055.0664
28055.2656
28055.3945
28055.3848
28055.4043
28055.4629
28055.4512
28055.6914
28055.5801
28055.4297
28055.4688
28055.2793
28055.0684
28055.0879
28055.0879
28055.1465
28055.1758
28055.1953
28055.2344
28055.1934
28055.0938
28054.9219
28054.7207
28054.7207
28054.7500
28054.7891
28054.9180
28054.8477
28054.7773
28054.8359
28054.8066
28054.9648
28054.8945
28054.7930
28054.7520
28054.5215
28054.7324
28054.5605
28054.8516
28054.8203
28054.7910
28054.7715
28054.8301
28054.9395
28054.9785
28054.9082
28054.9180
28054.5762
28054.7773
28054.8262
28054.7363
28054.6523
28054.5039
28054.5332
28054.3730
28054.3027
28054.1895
28054.1602
28054.0000
28054.0918
28053.9805
28054.1504
28054.0801
28054.3711
28054.3301
28054.5586
28054.5176
28054.4160
28054.5859
28054.3633
28054.4629
28054.4805
28054.4004
28054.3867
28054.3633
28054.2930
28054.3418
28054.2988
28054.4688
28054.2383
28054.1973
28054.1777
28054.2891
28054.3477
28054.6055
28054.8867
28055.5176
28055.5430
28055.7617
28055.6309
28055.6602
28055.5488
28055.8418
28055.6992
28055.8086
28055.7090
28055.7090
28055.6484
28055.5059
28055.4766
28055.6172
28055.4746
28055.2930
28055.2090
28055.0625
28055.1523
28055.5020
28055.8242
28055.4707
28055.3535
28055.7012
28055.8398
28055.8281
28055.7148
28056.0371
28055.9609
28056.1699
28056.2109
28056.1211
28056.0508
28055.9395
28055.9277
28055.8828
28056.0000
28056.0059
28056.1055
28056.0645
28055.9219
28055.6797
28055.7617
28055.6309
28055.5020
28055.3711
28055.1289
28054.9277
28054.7266
28054.5977
28054.3965
28054.1250
28053.6719
28053.3867
28053.1328
28052.9805
28052.9258
28052.9531
28052.8125
28052.7402
28052.6699
28052.3984
28052.1836
28052.0137
28051.7012
28051.4297
28051.3281
28051.1562
28051.1270
28051.0664
28050.9648
28050.9180
28050.6465
28050.4160
28050.2266
28050.3496
28050.2910
28050.2012
28050.1719
28050.1113
28049.9648
28050.1484
28050.2578
28050.4824
28050.6641
28050.9922
28050.9043
28051.0586
28051.1094
28051.0801
28051.2051
28051.0234
28050.8945
28050.9629
28051.0762
28051.0625
28051.2246
28051.2715
28051.3691
28051.5117
28051.7812
28051.6855
28051.7012
28051.8594
28052.0586
28052.2578
28052.3848
28052.4844
28052.5840
28052.6406
28052.8828
28053.0820
28053.1094
28053.2383
28053.1953
28053.1953
28053.1523
28053.1523
28053.0391
28053.0391
28052.8672
28052.8945
28052.7363
28052.5938
28052.5762
28052.4766
28052.4160
28052.2031
28052.2734
28052.3594
28052.5020
28052.5000
28052.3574
28052.1855
28051.9551
28051.8555
28051.6953
28051.6660
28051.6074
28051.5371
28051.3926
28051.3223
28051.3203
28051.1660
28051.0508
28051.0078
28051.1230
28051.3965
28051.6406
28051.7148
28051.9297
28052.1582
28052.3145
28052.3438
28052.4004
28052.5117
28052.5820
28052.5820
28052.6113
28052.7676
28052.8535
28052.9258
28053.0254
28053.1523
28053.0801
28053.0391
28052.9785
28052.9492
28052.7891
28052.7305
28052.6426
28052.6270
28052.5977
28052.4805
28052.3926
28052.4062
28052.7441
28052.7285
28053.1953
28053.1953
28053.4062
28053.4648
28053.6641
28053.6914
28053.7773
28053.8926
28053.9219
28053.9062
28053.9766
28054.5156
28054.7715
28054.9551
28055.0801
28055.2656
28055.3066
28055.2070
28055.3184
28055.3164
28055.3301
28055.2578
28055.2285
28055.2285
28055.1855
28055.3125
28055.3418
28055.3984
28055.4688
28055.3965
28055.3809
28055.3223
28055.0938
28055.1484
28055.0898
28055.0762
28054.9883
28055.2422
28054.9727
28055.1992
28055.2402
28055.0977
28055.2402
28055.0664
28055.0371
28054.8086
28054.6504
28054.5645
28054.3066
28054.3047
28054.1758
28054.3906
28054.1484
28054.0762
28053.9902
28053.8887
28053.5859
28053.5293
28053.5996
28053.6992
28053.6992
28053.6270
28053.6270
28053.7266
28053.6973
28053.8672
28053.7969
28053.8945
28054.1797
28054.4219
28054.6367
28054.9922
28055.2051
28055.2773
28055.7051
28055.5625
28055.8750
28055.9316
28056.2598
28056.2598
28056.2871
28056.3594
28056.5293
28056.3594
28056.1582
28056.0859
28056.0996
28055.8848
28055.8848
28055.9121
28055.8398
28055.7266
28055.7969
28055.7109
28055.9395
28055.9668
28056.0371
28056.2812
28056.1797
28056.3086
28056.3516
28056.3652
28056.3945
28056.3926
28056.1914
28056.0059
28055.9199
28055.7910
28055.8613
28055.7891
28055.6152
28055.5020
28055.3711
28055.2285
28055.2715
28055.1992
28055.1406
28055.1113
28054.9824
28054.9961
28054.8242
28054.7949
28054.8945
28054.8945
28054.9219
28054.9219
28055.0215
28055.0195
28054.9492
28054.9902
28054.9473
28054.9473
28054.8477
28054.9453
28055.0879
28055.2324
28055.4453
28055.5176
28055.4727
28055.6309
28055.7012
28055.6855
28055.6113
28055.5684
28055.5820
28055.4961
28055.5234
28055.5078
28055.5078
28055.5645
28055.6504
28055.6484
28055.8047
28055.7363
28055.6777
28055.7344
28055.7480
28055.5352
28055.6484
28055.6191
28055.6777
28055.7910
28055.5898
28055.5625
28055.6328
28055.6328
28055.6602
28055.7598
28055.8613
28055.8145
28055.8711
28055.9434
28055.9707
28056.0703
28056.2129
28056.2969
28056.1543
28056.2090
28056.1660
28056.0918
28055.9199
28055.8496
28055.8906
28055.9336
28055.9336
28056.0039
28056.0762
28056.0762
28056.0762
28056.1035
28056.1758
28056.2461
28056.2461
28056.3438
28056.3594
28056.3594
28056.3438
28056.4863
28056.4141
28056.3125
28056.4004
28056.2285
28056.0410
28056.0273
28056.0547
28056.0117
28056.0098
28056.0371
28056.1094
28056.1250
28056.2363
28056.3066
28056.3789
28056.5352
28056.4902
28056.4180
28056.3730
28056.5449
28056.5156
28056.5996
28056.5879
28056.7871
28056.6016
28056.7012
28056.8008
28056.7559
28056.8555
28056.8145
28057.0000
28056.9707
28056.9141
28056.8848
28056.6836
28056.6680
28056.7676
28057.0625
28057.1348
28057.3906
28057.4453
28057.2930
28057.0801
28057.1074
28057.0352
28056.9180
28056.8906
28056.8730
28056.8574
28056.8730
28056.8008
28056.8281
28056.8145
28056.9707
28057.2148
28057.4414
28057.5586
28057.4902
28057.5293
28057.4844
28057.3828
28057.3945
28057.4102
28057.3105
28057.2246
28057.2930
28057.2363
28057.2363
28057.2793
28057.1797
28057.1504
28057.1230
28057.2324
28057.3047
28057.2480
28057.4492
28057.5195
28057.4473
28057.5469
28057.5625
28057.6445
28057.5625
28057.5332
28057.7051
28057.7324
28057.7305
28057.8320
28057.8594
28057.9473
28057.8750
28057.9570
28057.9453
28058.0996
28058.1270
28058.1992
28058.3984
28058.5254
28058.4258
28058.6367
28058.6367
28058.6191
28058.6465
28058.5000
28058.6562
28058.4004
28058.1641
28058.0371
28057.9199
28057.9746
28058.1465
28058.5078
28058.5781
28058.8945
28058.9844
28059.1289
28059.6113
28059.6445
28059.7539
28059.9551
28060.0371
28059.8809
28059.8457
28059.9531
28059.9238
28059.9512
28059.9238
28059.8125
28059.7656
28059.7832
28059.7832
28059.7090
28059.6465
28059.5918
28059.6348
28059.6016
28059.5898
28059.4277
28059.4102
28059.5547
28059.5273
28059.2461
28059.5898
28059.5332
28059.6348
28059.6152
28059.7344
28059.5508
28059.6777
28059.5488
28059.5488
28059.9473
28059.8906
28059.8906
28060.1250
28060.1699
28060.1699
28060.2969
28060.3750
28060.4668
28060.3652
28060.5195
28060.6641
28060.8633
28060.6641
28060.7793
28060.9590
28061.0137
28061.4141
28061.3750
28061.4766
28061.7754
28061.7207
28061.9473
28061.9453
28061.6914
28062.0098
28062.1094
28062.2520
28062.5977
28062.5605
28062.4883
28062.5859
28062.7422
28062.7949
28063.0039
28062.9941
28063.3203
28063.3379
28063.5391
28063.6387
28063.7910
28063.8906
28063.9375
28064.2363
28064.1270
28064.3262
28064.2715
28064.5430
28064.5879
28064.7441
28064.8066
28065.1328
28065.3047
28065.4043
28065.4766
28065.7402
28065.6953
28065.9414
28066.0684
28066.1855
28066.3770
28066.6289
28066.1211
28066.1211
28065.8301
28065.7852
28065.5469
28066.2207
28066.0547
28066.5840
28066.4180
28067.0000
28066.7188
28067.2734
28067.1094
28067.4629
28067.7988
28068.0723
28068.1895
28068.9727
28069.3262
28069.5547
28070.1816
28070.5449
28070.0352
28070.0352
28069.5547
28069.4004
28068.8887
28069.4805
28069.1895
28069.7246
28070.0625
28070.8359
28070.4707
28071.1367
28070.7617
28070.4629
28070.5898
28071.2734
28071.6367
28072.4199
28072.8125
28073.0293
28073.0488
28073.2402
28073.4043
28073.4688
28073.6230
28073.8418
28073.9141
28074.1074
28074.4336
28074.5801
28074.6973
28074.9785
28074.8711
28075.1719
28075.3438
28075.2988
28075.1992
28075.6270
28075.4473
28075.5703
28075.8379
28075.8457
28075.9375
28075.9922
28076.1387
28076.0195
28076.3398
28076.3398
28076.3672
28076.5938
28076.6387
28076.6855
28076.8418
28076.9785
28076.9863
28077.2793
28077.3789
28077.6055
28077.5781
28077.8535
28077.7793
28078.0332
28078.1875
28077.9531
28077.9805
28078.1816
28078.3535
28078.4551
28078.5000
28078.4941
28078.5215
28078.6016
28078.5273
28078.5488
28078.6484
28078.6953
28078.6875
28078.6953
28078.9609
28078.9160
28079.0352
28078.9883
28079.0625
28079.1270
28079.2559
28079.2559
28079.3477
28079.2832
28079.2754
28079.3750
28079.4492
28079.4688
28079.6953
28079.8594
28079.9629
28080.1543
28080.0293
28080.0488
28080.3496
28080.5684
28080.7422
28080.6230
28080.8164
28080.9355
28080.8809
28081.0840
28081.1758
28081.3027
28081.2832
28081.5508
28081.4316
28081.7773
28081.8457
28082.1914
28082.2246
28082.7324
28082.8594
28082.6602
28082.7012
28082.7480
28082.8945
28082.9941
28083.3281
28083.2617
28083.4629
28083.4629
28083.4844
28083.5840
28083.5312
28083.6777
28083.6113
28083.4180
28083.2461
28083.2402
28083.2402
28083.2148
28083.0957
28083.4414
28083.4551
28083.5488
28083.5293
28083.7246
28083.7520
28083.9629
28083.9453
28083.9180
28084.0664
28084.2402
28084.0605
28084.3613
28084.0684
28084.1621
28084.0625
28084.2832
28084.4316
28084.5176
28084.6309
28084.2188
28084.5996
28084.4473
28084.6426
28084.2676
28084.4277
28084.5488
28084.6973
28084.7578
28084.7324
28085.1309
28084.9863
28085.2598
28085.2812
28085.1211
28085.1758
28085.4434
28085.2227
28085.2168
28084.9512
28085.2715
28084.9316
28084.8594
28084.9668
28085.2676
28085.1133
28085.0469
28084.8262
28085.0547
28085.3086
28085.0137
28084.9355
28084.6641
28085.0684
28085.1699
28084.7637
28085.0117
28085.0703
28084.9980
28085.2461
28085.1992
28085.0469
28085.1953
28084.7227
28084.8750
28084.6504
28084.5762
28084.3555
28084.2305
28084.2852
28084.1895
28084.1113
28083.8965
28083.7969
28083.8965
28083.7969
28083.8359
28083.8828
28083.9043
28083.9316
28083.9531
28083.6641
28083.7871
28083.8105
28083.7676
28083.7402
28083.7949
28083.9141
28083.9629
28083.8945
28083.8691
28083.9160
28083.9902
28083.7188
28083.7656
28083.8340
28084.1094
28084.0352
28084.1035
28084.0371
28084.1777
28084.2051
28084.2051
28083.8379
28083.8125
28083.5918
28083.8652
28083.8125
28083.8340
28083.6621
28083.6406
28083.5898
28083.9121
28083.8633
28083.6426
28083.7695
28083.4707
28083.3496
28083.6719
28083.4492
28083.4766
28083.2773
28083.4473
28083.4199
28083.4004
28083.2539
28083.2070
28083.2598
28083.2598
28083.2598
28083.3613
28083.5605
28083.6348
28083.5352
28083.8633
28083.7891
28083.9629
28084.0898
28084.1152
28084.0176
28084.0957
28084.1914
28084.2949
28084.1699
28084.0020
28083.9277
28083.7129
28083.9863
28084.0391
28084.0117
28083.9395
28083.8926
28083.6445
28083.6973
28083.6719
28083.4766
28083.4277
28083.2344
28082.9121
28082.6172
28082.4434
28082.6641
28082.3184
28082.6172
28082.7930
28082.7676
28082.7188
28082.6406
28082.5234
28082.2031
28082.2754
28082.0547
28082.2285
28082.1816
28082.1562
28081.8594
28081.7129
28081.3906
28081.3906
28081.3867
28080.8730
28080.5957
28080.7949
28080.7949
28080.6484
28080.4961
28080.8145
28080.6660
28080.7676
28080.4414
28080.3945
28080.5234
28080.5938
28080.5469
28080.3945
28080.3730
28080.1719
28080.3477
28080.1426
28080.0254
28079.8711
28079.7715
28079.9004
28079.7461
28079.5234
28079.2734
28078.9746
28079.2520
28078.9277
28078.8789
28078.9277
28078.7832
28078.5547
28078.5059
28078.3320
28078.3320
28078.2793
28078.2539
28078.1543
28077.9062
28077.6582
28077.5078
28077.3633
28077.1855
28077.1074
28076.9590
28076.9824
28076.8828
28077.1016
28076.8281
28076.8027
28076.8809
28076.6289
28076.7520
28076.4473
28076.1777
28075.8301
28075.8281
28075.9238
28075.7734
28075.7246
28075.4473
28075.4219
28075.3477
28075.3730
28075.0996
28075.1230
28075.1191
28075.0215
28074.9688
28075.1172
28074.6465
28074.6211
28074.5957
28074.5957
28074.2695
28073.9512
28074.1738
28073.8008
28073.8027
28073.6309
28073.4512
28073.1562
28073.2305
28073.0801
28072.8281
28072.9023
28072.5801
28072.9785
28072.9023
28072.7285
28072.7031
28072.7031
28072.4785
28072.5566
28072.5566
28072.3340
28072.2109
28072.1602
28072.0625
28071.5137
28071.4434
28071.3672
28071.1426
28070.8926
28070.8926
28070.6211
28070.4453
28070.2461
28070.0469
28069.6270
28069.6504
28069.7012
28069.5254
28069.3047
28069.2305
28069.0312
28069.0566
28068.9570
28068.6113
28068.6855
28068.4336
28068.7383
28068.1309
28068.0859
28068.0098
28068.0098
28068.1133
28068.1836
28067.9863
28067.9102
28067.8887
28067.7852
28067.3652
28067.4668
28067.4141
28067.3672
28067.2402
28066.8887
28066.8652
28067.0391
28066.9355
28066.6895
28066.6641
28066.4395
28066.1895
28066.2441
28065.7969
28065.5977
28065.1992
28065.3008
28065.1992
28065.2500
28065.0000
28064.9512
28065.0508
28065.0020
28064.7031
28064.5547
28064.5801
28064.7812
28064.5312
28064.4590
28064.2852
28064.4590
28064.1602
28064.1875
28064.1133
28064.1367
28064.1152
28064.0859
28063.8105
28063.9648
28064.0391
28063.7129
28063.6621
28063.5156
28063.6152
28063.6152
28063.2129
28063.4629
28063.2637
28063.3652
28063.2168
28063.0430
28063.0430
28063.0938
28062.9941
28063.1191
28063.0684
28062.9180
28062.9453
28063.0195
28063.0430
28063.0195
28063.0938
28062.9199
28062.8457
28063.0449
28062.9199
28062.9199
28062.9199
28063.0215
28062.8691
28062.6973
28062.6211
28062.5957
28062.7207
28062.5723
28062.5723
28062.3711
28062.1719
28062.1719
28062.0703
28061.9707
28062.0449
28061.9453
28062.0430
28061.7012
28061.6660
28061.7930
28061.6914
28061.7930
28061.6172
28061.6660
28061.5918
28061.6914
28061.4414
28061.4668
28061.1914
28061.2656
28061.2383
28061.2129
28061.3633
28061.0391
28061.0898
28060.9883
28061.0117
28060.9121
28060.7871
28060.8379
28060.6113
28060.6855
28060.5859
28060.6113
28060.2090
28060.3105
28060.3086
28060.2090
28060.1582
28060.2070
28060.0820
28060.2578
28060.1562
28060.1055
28060.1797
28060.0039
28059.7539
28059.8789
28059.8262
28059.5605
28059.3770
28059.4492
