 -17.2271
 -17.4394
 -17.6507
 -17.8652
 -18.0856
 -18.3057
 -18.5218
 -18.7326
 -18.9358
 -19.1230
 -19.3044
 -19.4780
 -19.6406
 -19.7835
 -19.9114
 -20.0278
 -20.1407
 -20.2516
 -20.3656
 -20.4815
 -20.5982
 -20.7123
 -20.8288
 -20.9428
 -21.0563
 -21.1650
 -21.2761
 -21.3881
 -21.5020
 -21.6178
 -21.7312
 -21.7477
 -21.7641
 -21.7839
 -21.8025
 -21.8194
 -21.8402
 -21.8720
 -21.9069
 -21.9410
 -21.9664
 -21.9842
 -22.0009
 -22.0152
 -22.0269
 -22.0367
 -22.0449
 -22.0495
 -22.0541
 -22.0608
 -22.0649
 -22.0653
 -22.0583
 -22.0417
 -22.0147
 -21.9846
 -21.9500
 -21.9109
 -21.8657
 -21.8124
 -21.7572
 -21.6944
 -21.6235
 -21.5406
 -21.4461
 -21.3402
 -21.2258
 -21.1033
 -20.9779
 -20.8524
 -20.7237
 -20.5882
 -20.4459
 -20.2961
 -20.1438
 -19.9821
 -19.8201
 -19.6647
 -19.5129
 -19.3523
 -19.1709
 -18.9717
 -18.7547
 -18.5193
 -18.2844
 -18.0511
 -17.8264
 -17.6051
 -17.3815
 -17.1555
 -16.9277
 -16.6956
 -16.4602
 -16.2209
 -15.9832
 -15.7434
 -15.5026
 -15.2487
 -15.0029
 -14.7541
 -14.5000
 -14.2442
 -13.9880
 -13.7360
 -13.4896
 -13.2448
 -13.0017
 -12.7638
 -12.6213
 -12.4715
 -12.2599
 -12.0549
 -11.8541
 -11.6557
 -11.4598
 -11.2730
 -11.0895
 -10.8908
 -10.6903
 -10.4956
 -10.3053
 -10.1176
  -9.9414
  -9.7740
  -9.6169
  -9.4689
  -9.3256
  -9.1953
  -9.0738
  -8.9465
  -8.8179
  -8.6986
  -8.5907
  -8.4934
  -8.4005
  -8.3128
  -8.2335
  -8.1539
  -8.0695
  -7.9835
  -7.8981
  -7.8194
  -7.7462
  -7.6824
  -7.6227
  -7.5440
  -7.4461
  -7.3347
  -7.2138
  -7.0845
  -6.9435
  -6.7889
  -6.6262
  -6.4625
  -6.3011
  -6.1305
  -5.9605
  -5.8012
  -5.6615
  -5.5142
  -5.3769
  -5.2456
  -5.1137
  -4.9848
  -4.8563
  -4.7257
  -4.5956
  -4.4684
  -4.3371
  -4.2515
  -4.1630
  -3.9934
  -3.8180
  -3.6445
  -3.4795
  -3.3182
  -3.1616
  -3.0108
  -2.8783
  -2.7539
  -2.6324
  -2.5138
  -2.4011
  -2.2883
  -2.1741
  -2.0882
  -1.9982
  -1.9114
  -1.8200
  -1.7338
  -1.6677
  -1.6105
  -1.5531
  -1.4969
  -1.4330
  -1.3801
  -1.3333
  -1.2923
  -1.2543
  -1.2122
  -1.1718
  -1.1451
  -1.1302
  -1.1276
  -1.1430
  -1.1781
  -1.2347
  -1.3032
  -1.3776
  -1.4615
  -1.5573
  -1.6715
  -1.8029
  -1.9520
  -2.1103
  -2.2737
  -2.4500
  -2.6328
  -2.8162
  -3.0033
  -3.1976
  -3.3949
  -3.5963
  -3.8029
  -4.0107
  -4.2167
  -4.4298
  -4.6469
  -4.8641
  -5.0819
  -5.3033
  -5.5316
  -5.7616
  -5.9910
  -6.2184
  -6.4406
  -6.6623
  -6.8793
  -7.0908
  -7.3004
  -7.5041
  -7.7006
  -7.8928
  -8.0754
  -8.2495
  -8.4187
  -8.4477
  -8.4747
  -8.6066
  -8.7372
  -8.8637
  -8.9811
  -9.0951
  -9.2103
  -9.3222
  -9.4370
  -9.5424
  -9.6375
  -9.7252
  -9.8083
  -9.8960
  -9.9825
 -10.0615
 -10.1327
 -10.1982
 -10.2583
 -10.3160
 -10.3718
 -10.4333
 -10.4949
 -10.5507
 -10.6060
 -10.6551
 -10.7009
 -10.7383
 -10.7697
 -10.7964
 -10.8163
 -10.8276
 -10.8337
 -10.8363
 -10.8325
 -10.8224
 -10.8062
 -10.7849
 -10.7602
 -10.7349
 -10.7072
 -10.6796
 -10.6574
 -10.6404
 -10.6245
 -10.6087
 -10.5977
 -10.5951
 -10.5998
 -10.6126
 -10.6301
 -10.6497
 -10.6728
 -10.6960
 -10.7151
 -10.7360
 -10.7565
 -10.7800
 -10.8087
 -10.8433
 -10.8819
 -10.9216
 -10.9581
 -10.9924
 -11.0245
 -11.0585
 -11.0942
 -11.1277
 -11.1543
 -11.1816
 -11.2117
 -11.2438
 -11.2794
 -11.3218
 -11.3618
 -11.3979
 -11.4358
 -11.4830
 -11.5343
 -11.5836
 -11.6334
 -11.6864
 -11.7406
 -11.7988
 -11.8576
 -11.9123
 -11.9699
 -12.0334
 -12.0946
 -12.1560
 -12.2203
 -12.2924
 -12.3707
 -12.4501
 -12.5279
 -12.6055
 -12.6821
 -12.7601
 -12.8436
 -12.9329
 -13.0206
 -13.1012
 -13.1762
 -13.2481
 -13.3206
 -13.3914
 -13.4603
 -13.5258
 -13.5896
 -13.6557
 -13.7173
 -13.7749
 -13.8263
 -13.8749
 -13.9219
 -13.9712
 -14.0211
 -14.0697
 -14.1146
 -14.1556
 -14.1886
 -14.2116
 -14.2260
 -14.2319
 -14.2317
 -14.2278
 -14.2163
 -14.1966
 -14.1689
 -14.1355
 -14.0973
 -14.0494
 -13.9986
 -13.9425
 -13.8806
 -13.8173
 -13.7538
 -13.6929
 -13.6336
 -13.5731
 -13.5197
 -13.4695
 -13.4220
 -13.3767
 -13.3304
 -13.2853
 -13.2413
 -13.1929
 -13.1372
 -13.0861
 -13.0326
 -12.9713
 -12.9034
 -12.8262
 -12.7446
 -12.6616
 -12.5762
 -12.4903
 -12.3923
 -12.2875
 -12.1688
 -12.0421
 -11.9111
 -11.7742
 -11.6248
 -11.4591
 -11.2789
 -11.0888
 -10.8900
 -10.6830
 -10.4647
 -10.2419
 -10.0151
  -9.7858
  -9.5523
  -9.3181
  -9.0828
  -8.8473
  -8.6147
  -8.3868
  -8.1619
  -7.9427
  -7.7319
  -7.5314
  -7.3415
  -7.1595
  -6.9816
  -6.8119
  -6.6498
  -6.4968
  -6.3531
  -6.2158
  -6.0904
  -5.9686
  -5.8505
  -5.7394
  -5.6325
  -5.5274
  -5.4192
  -5.3050
  -5.1869
  -5.0533
  -4.9062
  -4.7426
  -4.5697
  -4.3899
  -4.2031
  -4.0162
  -3.8359
  -3.6585
  -3.4814
  -3.3083
  -3.1414
  -2.9798
  -2.8322
  -2.6927
  -2.5637
  -2.4423
  -2.3293
  -2.2294
  -2.1338
  -2.0463
  -1.9671
  -1.8984
  -1.8411
  -1.7951
  -1.7560
  -1.7255
  -1.7005
  -1.6838
  -1.6708
  -1.6635
  -1.6574
  -1.6461
  -1.6337
  -1.6235
  -1.6135
  -1.6058
  -1.6010
  -1.5984
  -1.5974
  -1.5951
  -1.5908
  -1.5837
  -1.5719
  -1.5546
  -1.5328
  -1.5070
  -1.4767
  -1.4434
  -1.4113
  -1.3779
  -1.3385
  -1.2911
  -1.2414
  -1.1876
  -1.1277
  -1.0633
  -0.9994
  -0.9331
  -0.8660
  -0.8027
  -0.7495
  -0.7053
  -0.6685
  -0.6306
  -0.5932
  -0.5605
  -0.5318
  -0.4999
  -0.4663
  -0.4327
  -0.3970
  -0.3619
  -0.3230
  -0.2766
  -0.2224
  -0.1591
  -0.0936
  -0.0242
   0.0465
   0.1188
   0.1905
   0.2642
   0.3392
   0.4166
   0.4998
   0.5806
   0.6589
   0.7310
   0.7966
   0.8597
   0.9257
   0.9911
   1.0475
   1.0937
   1.1326
   1.1665
   1.1990
   1.2298
   1.2582
   1.2887
   1.3179
   1.3459
   1.3756
   1.4081
   1.4405
   1.4702
   1.4953
   1.5115
   1.5203
   1.5246
   1.5318
   1.5532
   1.5932
   1.6396
   1.6827
   1.7184
   1.7496
   1.7801
   1.8089
   1.8358
   1.8631
   1.8935
   1.9306
   1.9710
   2.0141
   2.0576
   2.1028
   2.1514
   2.2012
   2.2526
   2.3078
   2.3631
   2.4179
   2.4676
   2.5104
   2.5457
   2.5781
   2.6184
   2.6672
   2.7234
   2.7811
   2.8381
   2.8948
   2.9451
   2.9933
   3.0346
   3.0735
   3.1106
   3.1473
   3.1899
   3.2364
   3.2851
   3.3321
   3.3774
   3.4230
   3.4697
   3.5133
   3.5523
   3.5884
   3.6300
   3.6709
   3.7113
   3.7482
   3.7822
   3.8110
   3.8365
   3.8618
   3.8915
   3.9314
   3.9830
   4.0476
   4.1087
   4.1489
   4.1629
   4.1632
   4.1629
   4.1682
   4.1764
   4.1839
   4.1931
   4.2073
   4.2268
   4.2474
   4.2652
   4.2809
   4.2925
   4.3029
   4.3112
   4.3177
   4.3151
   4.3029
   4.2812
   4.2553
   4.2317
   4.2081
   4.1850
   4.1653
   4.1389
   4.0956
   4.0415
   3.9752
   3.9099
   3.8515
   3.7986
   3.7585
   3.7242
   3.6836
   3.6368
   3.5900
   3.5471
   3.5088
   3.4675
   3.4206
   3.3720
   3.3256
   3.2838
   3.2479
   3.2171
   3.1930
   3.1774
   3.1646
   3.1609
   3.1589
   3.1541
   3.1444
   3.1325
   3.1205
   3.1080
   3.0924
   3.0763
   3.0575
   3.0359
   3.0187
   3.0100
   3.0090
   3.0116
   3.0141
   3.0205
   3.0360
   3.0651
   3.1049
   3.1498
   3.1930
   3.2301
   3.2621
   3.2935
   3.3243
   3.3535
   3.3844
   3.4161
   3.4530
   3.4950
   3.5404
   3.5831
   3.6219
   3.6664
   3.7150
   3.7603
   3.8051
   3.8546
   3.9075
   3.9682
   4.0263
   4.0780
   4.1228
   4.1476
   4.1692
   4.2027
   4.2441
   4.2844
   4.3152
   4.3346
   4.3514
   4.3693
   4.3893
   4.4032
   4.3984
   4.3874
   4.3788
   4.3702
   4.3515
   4.3238
   4.2837
   4.2464
   4.2197
   4.2013
   4.1819
   4.1604
   4.1393
   4.1185
   4.0932
   4.0656
   4.0324
   3.9902
   3.9440
   3.8945
   3.8506
   3.8112
   3.7736
   3.7280
   3.6667
   3.5854
   3.4901
   3.3869
   3.2847
   3.1848
   3.0820
   2.9820
   2.8865
   2.7937
   2.7036
   2.6207
   2.5433
   2.4704
   2.4069
   2.3525
   2.2985
   2.2444
   2.1954
   2.1602
   2.1329
   2.1028
   2.0726
   2.0390
   2.0061
   1.9748
   1.9565
   1.9377
   1.9171
   1.8989
   1.8845
   1.8769
   1.8761
   1.8797
   1.8816
   1.8824
   1.8867
   1.9085
   1.9317
   1.9508
   1.9649
   1.9813
   1.9988
   2.0179
   2.0303
   2.0372
   2.0392
   2.0411
   2.0414
   2.0384
   2.0349
   2.0332
   2.0298
   2.0298
   2.0339
   2.0335
   2.0253
   2.0105
   1.9927
   1.9672
   1.9417
   1.9218
   1.9116
   1.9030
   1.8980
   1.8935
   1.8913
   1.8873
   1.8760
   1.8663
   1.8577
   1.8518
   1.8421
   1.8318
   1.8216
   1.8080
   1.7886
   1.7641
   1.7446
   1.7250
   1.6987
   1.6690
   1.6342
   1.5954
   1.5638
   1.5379
   1.5109
   1.4888
   1.4697
   1.4488
   1.4234
   1.4002
   1.3813
   1.3661
   1.3560
   1.3503
   1.3464
   1.3451
   1.3466
   1.3531
   1.3646
   1.3766
   1.3930
   1.4158
   1.4463
   1.4851
   1.5290
   1.5755
   1.6204
   1.6711
   1.7346
   1.8036
   1.8742
   1.9446
   2.0195
   2.1000
   2.1876
   2.2819
   2.3760
   2.4690
   2.5730
   2.6865
   2.8027
   2.9128
   3.0216
   3.1382
   3.2659
   3.3969
   3.5314
   3.6681
   3.8031
   3.9332
   4.0665
   4.2042
   4.3463
   4.4911
   4.6414
   4.7951
   4.9560
   5.1189
   5.2845
   5.4562
   5.6346
   5.8247
   6.0216
   6.2234
   6.4245
   6.6277
   6.8305
   7.0273
   7.2293
   7.4324
   7.6333
   7.8324
   8.0282
   8.2217
   8.4195
   8.6246
   8.8362
   9.0474
   9.2534
   9.4605
   9.6698
   9.8774
  10.0903
  10.3106
  10.5338
  10.7496
  10.9670
  11.1933
  11.4187
  11.6392
  11.8606
  12.0865
  12.3201
  12.5553
  12.7909
  13.0266
  13.2640
  13.5037
  13.7474
  13.9871
  14.2228
  14.4579
  14.6998
  14.9479
  15.1909
  15.4295
  15.6719
  15.9194
  16.1685
  16.4143
  16.6644
  16.9092
  17.1541
  17.3963
  17.6346
  17.8713
  18.1108
  18.3495
  18.5872
  18.8246
  19.0605
  19.2944
  19.5261
  19.7551
  19.9768
  20.1941
  20.4142
  20.6386
  20.8734
  21.1082
  21.3479
  21.5889
  21.8332
  22.0815
  22.3303
  22.5743
  22.8159
  23.0547
  23.2939
  23.5387
  23.7808
  24.0284
  24.2766
  24.5188
  24.7474
  24.9715
  25.1989
  25.4231
  25.6418
  25.8591
  26.0710
  26.2772
  26.4802
  26.6810
  26.8802
  27.0777
  27.2718
  27.4675
  27.6676
  27.8705
  28.0706
  28.2706
  28.4736
  28.6748
  28.8759
  29.0765
  29.2747
  29.4691
  29.6623
  29.8555
  30.0482
  30.2398
  30.4306
  30.6214
  30.8137
  31.0110
  31.2078
  31.4018
  31.5917
  31.7789
  31.9630
  32.1470
  32.3284
  32.5088
  32.6937
  32.8818
  33.0673
  33.2478
  33.4206
  33.5886
  33.7543
  33.9146
  34.0682
  34.2191
  34.3671
  34.5119
  34.6528
  34.7894
  34.9233
  35.0567
  35.1884
  35.3206
  35.4496
  35.5792
  35.7104
  35.8440
  35.9759
  36.1096
  36.2435
  36.3819
  36.5203
  36.6599
  36.7984
  36.9335
  37.0654
  37.1933
  37.3162
  37.4354
  37.5520
  37.6629
  37.7679
  37.8735
  37.9741
  38.0693
  38.1613
  38.2467
  38.3284
  38.4050
  38.4735
  38.5340
  38.5880
  38.6264
  38.6549
  38.6700
  38.6684
  38.6674
  38.6587
  38.6390
  38.6132
  38.5802
  38.5471
  38.5175
  38.4942
  38.4793
  38.4705
  38.4523
  38.4286
  38.4076
  38.3928
  38.3825
  38.3760
  38.3746
  38.3754
  38.3773
  38.3763
  38.3675
  38.3531
  38.3327
  38.3089
  38.2823
  38.2540
  38.2257
  38.1974
  38.1668
  38.1385
  38.1046
  38.0713
  38.0350
  37.9977
  37.9602
  37.9175
  37.8738
  37.8323
  37.7830
  37.7276
  37.6721
  37.6149
  37.5561
  37.4933
  37.4237
  37.3485
  37.2732
  37.1973
  37.1188
  37.0540
  36.9974
  36.9503
  36.9075
  36.8637
  36.8243
  36.7954
  36.7765
  36.7789
  36.7907
  36.8120
  36.8483
  36.8823
  36.9230
  36.9796
  37.0401
  37.1101
  37.1846
  37.2584
  37.3250
  37.3848
  37.4367
  37.4920
  37.5484
  37.5983
  37.6370
  37.6630
  37.6784
  37.6838
  37.6853
  37.6895
  37.6912
  37.6924
  37.6886
  37.6944
  37.7023
  37.7064
  37.7071
  37.7017
  37.6908
  37.6805
  37.6657
  37.6472
  37.6226
  37.5987
  37.5714
  37.5409
  37.5138
  37.4845
  37.4407
  37.3954
  37.3507
  37.3038
  37.2515
  37.1959
  37.1431
  37.0921
  37.0401
  36.9832
  36.9223
  36.8597
  36.7815
  36.6967
  36.6920
  36.5901
  36.5850
  36.5178
  36.4386
  36.3513
  36.2665
  36.1804
  36.0841
  35.9792
  35.8715
  35.7559
  35.6231
  35.4880
  35.3512
  35.2065
  35.0565
  34.8992
  34.7425
  34.5858
  34.4296
  34.2711
  34.1082
  33.9460
  33.7922
  33.6407
  33.4904
  33.3433
  33.1912
  33.0333
  32.8730
  32.7184
  32.5603
  32.3931
  32.2202
  32.0394
  31.8473
  31.6485
  31.4424
  31.2351
  31.0255
  30.8096
  30.5846
  30.3505
  30.1147
  29.8681
  29.6170
  29.3717
  29.1291
  28.9021
  28.6687
  28.4434
  28.2323
  28.0257
  27.8368
  27.6610
  27.4814
  27.3013
  27.1231
  26.9446
  26.7615
  26.6538
  26.4705
  26.3615
  26.1452
  25.9311
  25.7149
  25.4844
  25.2518
  25.0286
  24.8055
  24.5851
  24.3690
  24.1696
  23.9698
  23.7744
  23.5835
  23.3960
  23.2101
  23.0176
  22.8231
  22.6230
  22.4202
  22.2211
  22.0203
  21.8180
  21.6179
  21.4169
  21.2065
  20.9917
  20.7803
  20.5706
  20.3599
  20.1509
  19.9486
  19.7536
  19.5673
  19.3902
  19.2193
  19.0559
  18.8877
  18.7222
  18.5628
  18.4073
  18.2640
  18.1261
  17.9970
  17.8689
  17.7425
  17.6135
  17.4690
  17.3279
  17.1833
  17.0278
  16.8657
  16.6838
  16.4904
  16.2973
  16.0971
  15.8974
  15.6925
  15.4887
  15.2858
  15.0802
  14.8711
  14.6532
  14.4263
  14.2016
  13.9796
  13.7521
  13.5218
  13.2914
  13.0472
  12.7970
  12.5368
  12.2787
  12.0155
  11.7494
  11.4708
  11.1911
  10.9094
  10.6195
  10.3297
  10.0409
   9.7538
   9.4722
   9.1856
   8.8924
   8.6025
   8.3219
   8.0457
   7.7684
   7.4878
   7.2027
   6.9060
   6.5996
   6.2903
   5.9766
   5.6646
   5.3488
   5.0297
   4.7117
   4.3902
   4.0577
   3.7273
   3.4047
   3.0937
   2.7838
   2.4736
   2.1623
   1.8567
   1.5511
   1.2428
   0.9373
   0.6389
   0.3428
   0.0517
  -0.2420
  -0.5280
  -0.8041
  -1.0740
  -1.3372
  -1.6015
  -1.8607
  -2.1127
  -2.3564
  -2.5862
  -2.8115
  -3.0230
  -3.2333
  -3.4420
  -3.6479
  -3.8531
  -4.0511
  -4.2450
  -4.4361
  -4.6223
  -4.7990
  -4.9754
  -5.1447
  -5.3159
  -5.4761
  -5.6250
  -5.7727
  -5.9170
  -6.0569
  -6.1999
  -6.3424
  -6.4815
  -6.6250
  -6.7806
  -6.9372
  -7.0948
  -7.2534
  -7.4197
  -7.5910
  -7.7603
  -7.9278
  -8.0914
  -8.2500
  -8.4042
  -8.5588
  -8.7079
  -8.8475
  -8.9766
  -9.1050
  -9.2467
  -9.4015
  -9.5579
  -9.7063
  -9.8492
  -9.9921
 -10.2111
 -10.4252
 -10.6342
 -10.8492
 -11.0593
 -11.2594
 -11.4375
 -11.6068
 -11.7809
 -11.9700
 -12.1673
 -12.3611
 -12.5505
 -12.7384
 -12.9273
 -13.1206
 -13.3090
 -13.5112
 -13.7081
 -13.8994
 -14.0847
 -14.2651
 -14.4455
 -14.6275
 -14.8085
 -14.9954
 -15.1938
 -15.3924
 -15.5894
 -15.7779
