27511.8750
27511.8477
27511.8418
27511.8613
27511.9629
27512.0020
27511.8535
27511.9863
27512.3496
27512.0020
27511.8965
27512.1367
27512.1992
27511.9922
27511.9941
27512.0137
27511.6523
27511.6582
27511.5039
27511.2227
27511.2285
27511.1855
27511.0684
27511.0684
27511.0742
27511.2168
27511.1562
27510.9570
27511.0020
27511.0020
27511.0410
27511.0215
27510.8809
27510.9375
27511.2988
27510.9512
27511.1953
27511.4961
27511.3340
27511.5176
27511.7598
27511.6562
27511.8750
27511.7949
27511.8770
27511.9531
27512.0527
27512.1172
27512.3535
27512.1738
27512.3359
27512.1680
27512.5645
27512.4941
27512.6777
27512.4727
27512.8965
27512.7168
27512.6367
27512.9375
27512.3887
27512.3711
27512.0840
27512.0410
27511.6094
27512.0352
27511.9121
27512.3750
27512.3066
27512.6133
27512.5938
27512.7148
27512.6523
27512.7285
27512.6484
27512.7285
27512.4062
27512.8320
27512.4258
27512.6445
27512.3633
27512.7891
27512.5098
27512.5469
27512.7090
27512.8477
27512.7285
27513.1172
27512.3867
27513.0566
27513.0566
27512.7949
27512.7949
27512.8594
27512.7578
27512.5781
27512.7031
27512.6172
27512.4609
27512.4434
27512.0996
27512.4629
27512.6074
27512.6270
27512.5020
27512.7266
27512.7461
27512.6406
27512.4609
27512.6172
27512.2363
27512.0488
27511.8438
27511.5801
27511.2734
27511.3125
27510.8887
27511.0527
27510.9707
27510.9961
27511.1973
27511.0918
27511.1914
27511.5547
27511.6797
27511.6992
27511.9629
27512.2070
27512.1387
27512.0137
27512.1133
27511.9258
27512.1270
27511.5762
27511.9023
27511.7969
27511.4531
27511.3906
27510.9648
27511.3535
27511.0664
27511.1289
27510.9668
27510.9668
27510.8047
27510.8477
27511.0879
27511.0059
27511.1445
27511.3242
27511.3066
27511.3438
27511.4453
27511.3203
27511.6641
27511.7207
27511.7031
27511.9844
27511.5781
27512.0039
27511.6328
27511.9590
27512.5879
27512.6250
27513.0059
27513.0430
27512.7188
27512.3672
27512.0234
27511.7969
27511.4473
27511.6113
27511.7910
27511.8730
27512.1816
27512.2188
27512.2363
27512.4824
27512.5195
27512.8086
27512.7637
27512.6836
27512.7461
27512.4023
27512.4023
27512.5859
27512.4590
27512.4414
27512.4590
27512.6875
27512.2598
27512.3242
27512.3496
27512.3496
27512.3242
27512.1074
27512.1270
27511.9805
27511.8633
27512.1094
27512.1641
27512.0195
27511.7754
27511.7324
27511.5508
27511.6680
27511.6328
27511.4883
27511.4336
27511.4160
27511.4707
27511.3535
27511.4727
27511.3281
27511.3652
27511.0195
27511.2012
27511.2383
27510.9043
27511.0840
27510.7402
27510.7578
27510.6602
27510.5781
27510.4336
27510.2715
27510.2891
27509.9180
27510.5078
27510.1836
27509.9375
27510.6543
27510.4277
27510.8359
27510.7559
27510.5742
27510.7285
27510.6660
27510.6758
27510.5137
27510.4062
27510.3711
27510.4062
27510.3242
27510.3242
27510.4453
27510.4082
27509.9531
27510.1445
27510.1641
27510.7344
27511.0879
27510.1895
27511.0059
27510.2910
27510.3555
27510.0918
27509.8105
27510.3379
27509.6465
27511.2617
27510.3027
27510.8184
27510.5273
27510.5918
27510.4297
27510.7559
27510.4668
27510.3027
27510.9297
27510.9297
27511.0117
27511.1758
27511.2578
27510.6680
27511.0137
27510.6055
27510.5234
27510.1973
27510.2148
27510.7051
27510.6426
27510.6426
27511.1523
27510.9707
27511.6250
27511.2344
27511.0703
27510.7441
27510.1992
27509.7734
27509.5547
27509.5195
27509.2461
27509.3105
27509.3281
27509.3281
27509.2031
27508.8750
27508.4941
27508.0039
27507.9668
27508.1680
27508.2500
27508.8047
27508.7598
27508.4961
27508.2695
27507.9414
27507.9961
27508.2227
27508.5879
27508.8711
27509.0605
27508.9980
27508.9980
27508.6523
27508.7344
27508.7891
27509.0977
27509.2812
27509.1348
27509.2988
27509.0176
27509.3457
27509.3086
27509.6914
27509.6367
27509.6367
27509.5566
27509.0820
27508.8203
27508.5293
27508.1641
27508.6562
27508.6094
27508.0840
27508.0840
27508.7578
27508.0840
27509.3926
27508.9668
27508.3574
27508.6855
27508.8672
27509.0957
27508.9941
27509.3047
27509.0410
27509.3047
27509.1602
27509.4062
27509.1602
27509.3242
27509.4062
27509.6348
27509.5527
27509.6172
27509.6992
27509.9629
27510.1895
27510.6172
27511.1113
27511.0469
27510.6191
27510.2461
27510.0820
27509.8555
27509.7910
27509.7285
27509.8105
27509.9102
27510.0293
27509.9473
27509.7012
27509.4551
27509.3926
27509.3750
27509.3750
27509.2754
27509.1934
27509.0938
27509.0938
27508.9121
27508.8301
27508.7949
27508.6113
27508.6113
27508.5312
27508.4492
27508.3672
27508.2676
27508.1484
27508.1484
27508.1504
27508.2324
27509.5801
27509.2988
27510.6094
27510.3477
27511.0215
27510.5938
27510.8574
27511.9434
27511.1230
27512.1250
27512.3906
27512.5527
27512.7832
27512.6816
27513.0293
27513.4395
27513.0469
27513.5391
27513.7871
27513.5586
27513.5938
27513.6484
27513.6660
27513.6484
27513.4043
27513.0117
27513.4414
27513.0664
27513.2656
27512.9023
27513.2305
27512.6582
27512.8848
27512.9043
27512.5859
27512.7051
27512.6875
27512.6230
27512.4766
27512.4141
27512.3320
27512.1504
27511.8496
27511.7324
27511.6875
27511.5762
27511.4121
27511.1934
27511.0137
27510.7480
27510.5859
27510.4570
27510.5117
27510.4473
27510.3359
27510.3906
27510.3438
27510.1797
27510.1621
27510.0449
27509.8633
27509.8633
27509.8457
27509.7461
27509.7109
27509.6270
27509.5098
27509.5742
27509.5391
27509.7871
27509.8320
27509.9512
27509.9688
27509.9688
27509.8691
27509.9512
27509.9883
27509.9883
27510.2344
27510.2715
27510.2891
27510.2891
27510.2891
27510.3887
27510.4258
27510.5430
27510.6445
27510.8613
27510.9434
27510.6992
27510.7695
27510.8242
27510.8242
27510.9590
27511.2402
27511.2402
27511.2402
27511.4707
27511.6172
27511.6172
27511.5879
27511.6699
27511.7715
27511.7715
27511.7910
27511.8906
27512.1191
27512.1367
27512.2207
27512.4668
27512.4844
27512.6680
27512.5566
27512.6270
27512.9395
27512.7930
27512.7930
27512.8398
27513.0332
27512.9980
27512.6348
27512.5332
27512.6348
27512.6172
27512.5820
27512.4980
27512.4980
27512.4805
27512.4531
27512.4414
27512.4590
27512.4141
27512.5957
27512.5957
27512.6777
27512.5957
27512.7617
27512.7617
27512.7969
27512.8145
27512.7148
27512.5684
27512.6504
27512.4688
27512.4043
27512.3223
27512.3223
27512.4062
27512.3398
27512.5879
27512.3223
27512.4883
27512.5527
27512.6348
27512.8184
27512.8184
27512.7832
27512.8477
27512.7480
27512.9766
27513.0137
27513.2324
27513.0020
27513.3672
27513.2852
27513.3848
27513.2852
27513.5312
27513.3555
27513.4746
27513.5742
27513.4746
27513.4102
27513.5098
27513.3789
27512.7852
27512.9980
27512.9980
27513.5762
27513.6406
27513.5586
27513.7891
27514.2832
27514.5117
27514.4297
27514.3125
27514.5781
27514.9375
27515.1504
27515.2148
27515.0508
27514.8027
27514.5742
27514.5449
27514.4629
27514.1855
27514.1855
27514.2871
27514.2695
27514.3223
27514.3867
27514.4863
27514.5684
27514.5684
27514.5352
27514.3887
27514.3789
27514.5059
27514.4238
27514.2422
27514.0586
27513.9883
27513.7598
27513.7070
27513.9551
27513.8906
27513.9551
27514.0371
27514.0508
27513.9551
27514.1387
27513.7734
27513.8086
27513.8438
27513.7793
27513.6445
27514.0625
27514.2109
27514.2461
27514.2812
27514.3809
27514.4336
27514.6797
27514.8809
27514.9824
27515.2773
27515.0469
27515.4727
27515.5391
27516.0820
27516.3301
27516.3652
27516.6777
27516.4004
27516.1992
27516.2520
27515.9219
27515.8926
27516.2109
27516.2148
27516.1016
27516.3164
27515.9023
27516.5684
27516.7344
27516.5859
27517.1641
27516.6211
27516.9648
27517.0469
27517.3438
27517.4785
27517.1660
27517.4141
27517.1660
27516.9180
27516.9668
27516.6680
27516.6504
27516.4844
27516.7812
27516.4492
27516.5156
27516.5156
27516.6172
27516.7480
27516.7637
27516.2383
27516.5684
27516.4688
27516.5684
27516.2402
27516.3223
27516.5703
27516.4883
27516.3223
27516.8320
27516.1895
27516.6855
27515.7930
27516.4199
27516.0020
27516.3027
27515.6406
27516.2871
27515.9551
27516.5664
27516.0527
27515.6699
27516.4668
27515.5391
27515.8535
27515.1406
27515.8496
27515.1758
27515.7188
27515.1406
27515.2246
27514.8281
27515.2070
27514.9102
27515.1074
27515.0410
27515.1387
27515.0566
27515.4219
27515.4219
27515.5547
27515.4219
27515.3887
27515.7539
27515.4062
27515.3711
27515.7559
27515.9355
27516.3691
27516.1992
27516.1211
27516.3223
27516.4746
27516.8047
27516.7695
27516.5410
27516.6582
27516.4609
27516.7090
27516.6934
27516.7441
27516.9102
27516.9102
27516.9277
27516.8965
27517.1641
27517.3281
27517.9922
27518.0566
27517.8926
27517.8262
27518.0938
27517.7930
27517.1973
27517.2480
27517.5977
27517.6152
27517.8633
27517.8633
27517.8457
27517.8965
27518.2129
27517.9141
27517.9336
27518.0820
27517.9668
27518.2031
27517.7031
27518.2520
27518.2695
27518.3867
27519.2148
27519.2188
27519.2188
27519.1855
27518.9863
27519.1543
27519.4355
27518.9707
27519.2891
27519.2383
27519.3203
27519.3867
27519.6387
27519.6699
27519.7383
27519.9531
27520.0195
27520.2852
27520.0684
27520.3027
27520.6016
27520.4844
27521.0508
27520.9668
27521.2852
27521.2520
27521.4336
27521.5664
27521.7676
27521.5840
27521.9648
27521.8340
27522.0156
27522.0840
27522.6133
27522.2988
27522.5469
27522.6484
27522.7305
27522.8984
27523.0957
27523.0293
27523.0137
27523.0625
27522.9805
27523.3145
27523.7480
27523.7422
27523.7129
27523.8262
27523.5957
27523.8945
27524.0293
27524.0625
27524.2773
27524.4961
27524.4785
27524.2949
27524.6445
27524.4805
27524.9297
27524.7598
27524.8945
27524.9785
27524.8457
27525.1777
27525.1289
27525.3281
27525.3457
27525.4121
27525.2949
27525.6113
27525.2461
27525.5098
27525.5938
27525.7773
27525.4961
27525.5605
27525.8438
27525.9297
27526.0117
27525.7949
27526.0273
27526.1289
27526.0938
27526.1602
27526.3770
27526.1621
27526.5938
27526.5117
27526.9609
27526.6641
27527.0117
27526.7969
27526.9297
27526.8145
27526.9805
27526.8145
27527.2480
27526.9316
27527.2148
27527.1992
27527.2344
27527.6816
27527.1836
27527.1035
27527.4863
27527.9844
27528.0352
27528.0020
27528.1191
27528.1035
27528.3203
27528.6191
27528.6367
27528.7539
27529.1211
27529.1211
27529.1719
27529.2070
27529.1738
27529.4727
27529.2578
27529.6074
27529.3926
27529.4434
27529.5762
27529.8281
27529.6270
27529.5957
27529.7129
27529.2637
27529.3320
27529.3496
27529.1816
27529.4668
27529.4844
27529.6172
27529.4531
27529.3691
27529.6680
27529.3691
27529.4551
27529.4727
27529.4570
27529.4570
27529.3398
27529.4082
27529.4082
27529.4082
27529.4590
27529.1094
27529.3262
27529.0273
27528.9941
27528.9941
27528.7793
27528.3457
27528.6797
27528.4473
27528.3809
27528.1484
27527.8652
27527.5820
27527.6504
27527.5000
27527.4844
27527.5020
27527.2520
27527.3516
27527.4531
27527.4375
27527.6855
27527.5547
27527.8379
27527.5215
27527.7715
27527.6074
27527.7559
27527.4414
27527.4922
27527.4590
27527.7930
27527.7598
27528.0605
27527.8281
27527.8438
27527.5293
27527.5469
27527.2969
27527.4141
27527.2988
27527.3320
27527.4316
27527.4316
27527.7344
27527.6016
27527.6016
27527.9844
27527.8027
27527.8203
27527.9355
27527.8047
27527.6875
27527.6875
27527.6562
27527.6738
27527.6387
27527.6738
27527.8242
27527.5898
27527.6758
27527.6250
27527.6250
27527.7773
27527.5273
27528.0605
27527.6270
27527.7617
27527.9297
27527.7793
27527.7148
27527.8301
27527.8320
27527.8652
27527.9160
27528.0000
27528.0000
27528.2852
27528.0000
27528.2695
27528.3359
27528.1367
27528.2207
27528.4043
27528.6387
27528.4902
27528.3730
27528.5898
27528.5586
27528.8242
27528.7246
27528.7598
27528.9082
27528.9941
27528.8262
27528.5605
27528.8281
27528.5801
27528.5957
27528.6465
27528.8125
27528.9297
27528.8301
27528.9980
27528.7656
27529.2148
27529.3164
27529.4492
27529.4824
27529.7324
27529.8008
27529.6660
27530.1172
27529.8848
27529.9023
27529.9355
27529.8164
27529.9863
27529.9180
27530.0195
27529.8848
27530.1855
27530.0879
27530.1035
27530.2051
27530.4551
27530.6055
27530.5078
27531.1758
27531.1758
27531.4102
27531.3281
27530.9766
27530.8105
27530.6953
27530.5781
27530.3262
27530.4785
27530.6465
27530.8652
27530.8125
27531.1328
27531.2148
27531.1484
27530.6660
27530.8496
27530.9512
27530.3984
27530.8984
27530.7324
27530.8164
27530.9336
27530.6680
27531.0039
27531.0000
27530.9512
27531.1875
27530.9531
27531.1875
27531.0352
27531.1875
27531.4062
27531.1719
27531.3555
27531.0059
27530.8887
27531.0371
27530.9883
27530.7891
27530.7363
27530.8555
27530.6543
27530.6543
27531.2051
27530.8730
27530.9902
27530.8906
27530.7383
27530.7559
27530.6582
27530.4922
27530.1230
27529.6562
27529.0215
27529.2891
27529.5078
27529.7754
27529.8906
27529.8086
27529.4746
27529.5762
27529.7930
27529.7617
27529.3418
27529.3750
27529.3594
27529.5254
27529.8457
27530.1973
27529.3945
27528.4902
27527.6543
27527.2852
27527.3516
27527.2012
27527.6719
27528.2070
27528.8945
27529.3809
27529.2305
27528.8613
27528.5410
27527.8711
27527.5527
27527.0996
27526.9688
27526.7324
27527.1328
27527.2051
27527.4199
27527.5391
27527.2051
27527.1738
27526.7539
27526.4199
27526.4199
27526.1348
27525.9844
27525.8691
27525.7168
27525.8711
27525.5195
27525.8027
27525.7695
27525.6191
27525.5703
27525.6191
27526.1230
27525.8398
27526.6426
27526.7266
27527.0449
27527.1816
27527.1992
27527.2148
27526.9316
27526.4961
27526.4805
27526.3301
27526.2305
27526.1113
27525.9473
27526.2832
27525.9824
27526.2031
27526.1211
27526.1895
27526.2246
27525.9062
27526.2598
27526.2266
27525.9629
27525.7266
27525.5605
27525.7109
27525.9629
27526.0000
27526.1660
27525.7852
27525.6484
27525.4844
27525.4004
27525.2539
27525.3691
27525.2871
27525.0352
27524.8555
27524.4512
27524.1523
27523.8320
27523.4121
27523.4824
27523.3105
27523.1953
27523.2285
27523.0762
27523.0430
27523.2637
27523.3281
27523.5176
27523.5332
27523.6348
27523.4004
27523.6016
27523.5547
27523.6543
27523.5703
27523.4551
27523.3379
27523.1875
27523.1230
27522.8516
27522.8887
27522.9199
27522.7539
27522.8691
27522.8691
27522.7715
27522.9062
27522.8223
27522.9609
27523.1270
27522.7598
27522.8281
27522.7793
27522.6289
27522.4629
27522.4824
27522.5312
27522.5156
27522.6113
27522.7676
27522.6484
27522.5840
27522.3574
27522.3379
27522.3594
27522.0020
27521.9180
27522.0781
27521.8398
27521.6699
27521.5918
27521.7227
27521.6270
27521.5449
27521.5938
27521.2812
27521.3457
27521.1621
27521.1230
27521.2109
27521.2832
27521.4160
27521.5195
27521.3379
27521.3379
27521.3691
27521.5859
27521.6016
27521.4863
27521.5039
27522.0234
27521.8730
27522.0078
27522.0938
27522.0938
27522.0098
27521.9258
27522.1797
27522.1113
27522.2793
27522.0977
27521.9277
27521.5762
27521.1719
27521.3242
27521.3418
27520.9883
27520.6855
27519.9492
27519.9121
27519.7812
27519.7617
27519.6621
27519.6992
27520.2188
27520.5879
27520.4727
27520.3574
27520.5254
27520.5098
27520.6680
27521.1055
27521.2734
27521.3457
27521.3262
27521.3633
27521.2441
27520.9648
27521.2969
27521.3008
27521.4355
27521.4551
27521.2871
27520.7500
27521.0410
27520.5684
27520.6738
27520.7520
27520.5391
27520.5391
27520.8008
27520.5859
27520.6875
27520.6504
27520.8867
27520.5996
27520.7363
27520.5684
27520.7363
27520.2852
27520.0625
27520.3535
27520.1172
27520.3027
27520.3711
27520.5234
27520.8398
27520.6562
27520.8086
27521.1621
27521.6523
27522.1582
27522.5488
27522.4121
27522.0645
27521.7773
27521.3555
27521.1348
27521.1035
27521.1348
27521.2363
27521.0215
27521.0742
27521.2207
27521.3008
27521.5273
27521.6602
27521.3691
27520.9648
27521.3496
27521.2129
27521.1230
27521.0547
27520.9551
27520.6973
27520.9355
27520.5664
27520.4824
27520.4785
27520.5684
27520.6152
27520.7832
27520.9160
27520.4492
27520.6172
27520.9023
27520.6328
27520.9551
27520.8711
27520.9395
27520.8887
27521.3945
27521.0352
27521.1504
27521.4258
27521.5059
27521.2422
27521.7266
27521.4062
27521.4551
27521.5391
27521.5391
27521.6758
27521.9609
27521.8301
27521.8613
27521.6836
27521.5684
27521.3848
27521.2305
27521.2559
27521.6543
27521.6230
27522.0605
27522.0625
27522.2949
27522.0098
27522.2480
27521.5566
27521.9805
27522.0430
27522.3711
27522.7188
27523.4629
27523.3789
27523.6016
27523.3633
27523.0957
27523.1133
27522.7598
27523.1445
27522.8750
27523.3984
27524.1953
27524.2578
27524.2598
27522.8086
27521.7891
27520.6465
27520.5391
27520.2402
27521.5527
27523.7500
27525.1016
27527.1230
27528.8652
27530.5488
27531.5996
27531.9844
27531.8477
27531.2266
27530.7500
27530.2441
