    1.6488
    1.8174
    1.9859
    2.1526
    2.3239
    2.5063
    2.6837
    2.8689
    3.0604
    3.2657
    3.4710
    3.6840
    3.8889
    4.1049
    4.3127
    4.5235
    4.7325
    4.9302
    5.1071
    5.2790
    5.4542
    5.6322
    5.8148
    6.0005
    6.1811
    6.3614
    6.5493
    6.7340
    6.9105
    7.0949
    7.2792
    7.2186
    7.1723
    7.1375
    7.1044
    7.0716
    7.0310
    6.9859
    6.9359
    6.8892
    6.8376
    6.7808
    6.7220
    6.6586
    6.5997
    6.5328
    6.4675
    6.4037
    6.3434
    6.2850
    6.2264
    6.1697
    6.1192
    6.0641
    6.0204
    5.9787
    5.9381
    5.8963
    5.8543
    5.8202
    5.7941
    5.7583
    5.7309
    5.6970
    5.6603
    5.6268
    5.5937
    5.5601
    5.5217
    5.4879
    5.4430
    5.4079
    5.3598
    5.3151
    5.2528
    5.2018
    5.1475
    5.0881
    5.0254
    4.9734
    4.9215
    4.8663
    4.8234
    4.7710
    4.7237
    4.6746
    4.6222
    4.5509
    4.4650
    4.3743
    4.2596
    4.1386
    4.0079
    3.8740
    3.7430
    3.6184
    3.4967
    3.3893
    3.2896
    3.1951
    3.1036
    3.0137
    2.9205
    2.8308
    2.7474
    2.6612
    2.5830
    2.5045
    2.4277
    2.3426
    2.2656
    2.1871
    2.1116
    2.0316
    1.9582
    1.8767
    1.8013
    1.7231
    1.6461
    1.5675
    1.4905
    1.4121
    1.3462
    1.2740
    1.2112
    1.1449
    1.0816
    1.0213
    0.9577
    0.9021
    0.8418
    0.7865
    0.7258
    0.6734
    0.6207
    0.5744
    0.5232
    0.4721
    0.4211
    0.3814
    0.3371
    0.2928
    0.2534
    0.2048
    0.1689
    0.1262
    0.0902
    0.0606
    0.0545
    0.0581
    0.0726
    0.1066
    0.1435
    0.1933
    0.2448
    0.2899
    0.3238
    0.3548
    0.3792
    0.3988
    0.4185
    0.4335
    0.4467
    0.4664
    0.4863
    0.4996
    0.5207
    0.5388
    0.5539
    0.5659
    0.5826
    0.5898
    0.6017
    0.6072
    0.6159
    0.6259
    0.6329
    0.6398
    0.6370
    0.6393
    0.6432
    0.6410
    0.6370
    0.6316
    0.6276
    0.6172
    0.6149
    0.6045
    0.5941
    0.5776
    0.5673
    0.5570
    0.5502
    0.5359
    0.5212
    0.5067
    0.4905
    0.4742
    0.4521
    0.4168
    0.2852
    0.1470
    0.0168
   -0.1103
   -0.2422
   -0.3708
   -0.5008
   -0.6292
   -0.7575
   -0.8936
   -1.0266
   -1.1627
   -1.3023
   -1.4385
   -1.5781
   -1.7176
   -1.8586
   -1.9963
   -2.1343
   -2.2750
   -2.4125
   -2.5533
   -2.6906
   -2.8323
   -2.9705
   -3.1138
   -3.2504
   -3.3970
   -3.5416
   -3.6832
   -3.8201
   -3.9629
   -4.1010
   -4.2376
   -4.3744
   -4.5064
   -4.6409
   -4.7714
   -4.9054
   -5.0309
   -5.1599
   -5.2918
   -5.4241
   -5.5544
   -5.6864
   -5.8184
   -5.9471
   -6.0826
   -6.2131
   -6.3437
   -6.4633
   -6.5875
   -6.7159
   -6.8428
   -6.9661
   -7.0893
   -7.2170
   -7.3349
   -7.4605
   -7.5814
   -7.6796
   -7.6910
   -7.6921
   -7.7031
   -7.7119
   -7.7176
   -7.7265
   -7.7323
   -7.7377
   -7.7445
   -7.7446
   -7.7496
   -7.7447
   -7.7425
   -7.7418
   -7.7410
   -7.7416
   -7.7406
   -7.7445
   -7.7405
   -7.7383
   -7.7391
   -7.7430
   -7.7518
   -7.7607
   -7.7680
   -7.7719
   -7.7790
   -7.7793
   -7.7802
   -7.7824
   -7.7799
   -7.7729
   -7.7595
   -7.7508
   -7.7418
   -7.7359
   -7.7303
   -7.7270
   -7.7281
   -7.7326
   -7.7369
   -7.7414
   -7.7408
   -7.7374
   -7.7336
   -7.7284
   -7.7212
   -7.7040
   -7.6900
   -7.6693
   -7.6515
   -7.6401
   -7.6223
   -7.6076
   -7.5916
   -7.5801
   -7.5638
   -7.5525
   -7.5396
   -7.5289
   -7.5212
   -7.5121
   -7.5068
   -7.4964
   -7.4898
   -7.4812
   -7.4742
   -7.4624
   -7.4540
   -7.4458
   -7.4394
   -7.4301
   -7.4275
   -7.4234
   -7.4180
   -7.4095
   -7.4013
   -7.3934
   -7.3837
   -7.3805
   -7.3745
   -7.3653
   -7.3532
   -7.3396
   -7.3263
   -7.3164
   -7.3035
   -7.2889
   -7.2777
   -7.2692
   -7.2577
   -7.2493
   -7.2440
   -7.2482
   -7.2506
   -7.2513
   -7.2521
   -7.2531
   -7.2513
   -7.2449
   -7.2351
   -7.2268
   -7.2169
   -7.2100
   -7.2064
   -7.2025
   -7.2002
   -7.1997
   -7.2041
   -7.2068
   -7.2174
   -7.2264
   -7.2354
   -7.2447
   -7.2542
   -7.2669
   -7.2831
   -7.2998
   -7.3211
   -7.3375
   -7.3564
   -7.3690
   -7.3850
   -7.4037
   -7.4221
   -7.4395
   -7.4614
   -7.4840
   -7.5108
   -7.5431
   -7.5694
   -7.5961
   -7.6174
   -7.6385
   -7.6568
   -7.6701
   -7.6801
   -7.6898
   -7.7011
   -7.7101
   -7.7190
   -7.7291
   -7.7398
   -7.7471
   -7.7511
   -7.7518
   -7.7545
   -7.7583
   -7.7622
   -7.7674
   -7.7695
   -7.7746
   -7.7768
   -7.7738
   -7.7738
   -7.7691
   -7.7674
   -7.7596
   -7.7501
   -7.7308
   -7.7174
   -7.7047
   -7.6860
   -7.6723
   -7.6522
   -7.6336
   -7.6156
   -7.5945
   -7.5733
   -7.5453
   -7.5256
   -7.4931
   -7.4640
   -7.4267
   -7.3932
   -7.3567
   -7.3136
   -7.2629
   -7.2106
   -7.1520
   -7.0907
   -7.0312
   -6.9782
   -6.9199
   -6.8607
   -6.8044
   -6.7574
   -6.7084
   -6.6562
   -6.6053
   -6.5488
   -6.4982
   -6.4484
   -6.4010
   -6.3516
   -6.3033
   -6.2584
   -6.2164
   -6.1728
   -6.1342
   -6.0863
   -6.0401
   -5.9937
   -5.9473
   -5.9040
   -5.8606
   -5.8185
   -5.7746
   -5.7320
   -5.6917
   -5.6514
   -5.6123
   -5.5739
   -5.5426
   -5.5150
   -5.4796
   -5.4504
   -5.4188
   -5.3939
   -5.3696
   -5.3522
   -5.3280
   -5.3030
   -5.2857
   -5.2629
   -5.2448
   -5.2216
   -5.1999
   -5.1793
   -5.1585
   -5.1459
   -5.1285
   -5.1143
   -5.1001
   -5.0926
   -5.0803
   -5.0726
   -5.0671
   -5.0642
   -5.0679
   -5.0731
   -5.0831
   -5.0865
   -5.0898
   -5.0965
   -5.1023
   -5.1022
   -5.0949
   -5.0874
   -5.0772
   -5.0649
   -5.0493
   -5.0339
   -5.0189
   -5.0030
   -4.9889
   -4.9717
   -4.9573
   -4.9448
   -4.9313
   -4.9122
   -4.9044
   -4.8985
   -4.8967
   -4.8927
   -4.8807
   -4.8800
   -4.8745
   -4.8698
   -4.8675
   -4.8594
   -4.8515
   -4.8472
   -4.8379
   -4.8294
   -4.8149
   -4.8035
   -4.7927
   -4.7801
   -4.7714
   -4.7609
   -4.7530
   -4.7414
   -4.7345
   -4.7293
   -4.7165
   -4.7024
   -4.6885
   -4.6738
   -4.6601
   -4.6559
   -4.6485
   -4.6395
   -4.6385
   -4.6369
   -4.6368
   -4.6360
   -4.6347
   -4.6321
   -4.6309
   -4.6260
   -4.6193
   -4.6125
   -4.6076
   -4.6027
   -4.5942
   -4.5865
   -4.5770
   -4.5665
   -4.5510
   -4.5406
   -4.5391
   -4.5330
   -4.5286
   -4.5146
   -4.5072
   -4.4968
   -4.4946
   -4.4922
   -4.4852
   -4.4809
   -4.4772
   -4.4733
   -4.4642
   -4.4556
   -4.4458
   -4.4422
   -4.4310
   -4.4213
   -4.4118
   -4.4013
   -4.3932
   -4.3807
   -4.3647
   -4.3547
   -4.3413
   -4.3322
   -4.3214
   -4.3104
   -4.3054
   -4.2929
   -4.2847
   -4.2766
   -4.2703
   -4.2612
   -4.2456
   -4.2429
   -4.2412
   -4.2442
   -4.2379
   -4.2388
   -4.2269
   -4.2183
   -4.2094
   -4.1960
   -4.1822
   -4.1698
   -4.1545
   -4.1454
   -4.1280
   -4.1123
   -4.1008
   -4.0876
   -4.0790
   -4.0647
   -4.0504
   -4.0394
   -4.0288
   -4.0197
   -4.0120
   -4.0079
   -4.0017
   -3.9908
   -3.9875
   -3.9762
   -3.9799
   -3.9794
   -3.9781
   -3.9803
   -3.9852
   -3.9910
   -3.9952
   -4.0018
   -4.0036
   -4.0116
   -4.0117
   -4.0213
   -4.0337
   -4.0430
   -4.0538
   -4.0654
   -4.0728
   -4.0797
   -4.0904
   -4.0984
   -4.1019
   -4.1049
   -4.1079
   -4.1109
   -4.1091
   -4.1102
   -4.1051
   -4.1046
   -4.0985
   -4.0914
   -4.0890
   -4.0881
   -4.0871
   -4.0880
   -4.0812
   -4.0873
   -4.0794
   -4.0705
   -4.0585
   -4.0461
   -4.0429
   -4.0322
   -4.0235
   -4.0225
   -4.0155
   -4.0184
   -4.0226
   -4.0156
   -4.0159
   -4.0086
   -4.0034
   -4.0002
   -3.9940
   -3.9913
   -3.9931
   -3.9870
   -3.9894
   -3.9889
   -3.9808
   -3.9680
   -3.9677
   -3.9555
   -3.9383
   -3.9279
   -3.9092
   -3.8851
   -3.8613
   -3.8420
   -3.8175
   -3.8017
   -3.7768
   -3.7549
   -3.7236
   -3.6912
   -3.6605
   -3.6250
   -3.5935
   -3.5621
   -3.5319
   -3.4972
   -3.4669
   -3.4362
   -3.4060
   -3.3756
   -3.3499
   -3.3269
   -3.2925
   -3.2731
   -3.2491
   -3.2275
   -3.2127
   -3.1932
   -3.1771
   -3.1566
   -3.1342
   -3.1196
   -3.0989
   -3.0858
   -3.0805
   -3.0689
   -3.0591
   -3.0460
   -3.0443
   -3.0327
   -3.0184
   -3.0052
   -2.9917
   -2.9723
   -2.9602
   -2.9489
   -2.9295
   -2.9137
   -2.8931
   -2.8754
   -2.8519
   -2.8240
   -2.8004
   -2.7726
   -2.7480
   -2.7235
   -2.7084
   -2.6637
   -2.5401
   -2.3976
   -2.2202
   -2.0456
   -1.8754
   -1.7147
   -1.5523
   -1.4007
   -1.2453
   -1.1006
   -0.9618
   -0.8227
   -0.6898
   -0.5601
   -0.4444
   -0.3258
   -0.2054
   -0.0841
    0.0292
    0.1489
    0.2619
    0.3720
    0.4834
    0.5947
    0.7089
    0.8147
    0.9284
    1.0452
    1.1590
    1.2761
    1.3999
    1.5349
    1.6745
    1.8184
    1.9717
    2.1233
    2.2836
    2.4370
    2.5855
    2.7292
    2.8715
    3.0184
    3.1579
    3.3038
    3.4464
    3.5874
    3.7178
    3.8497
    3.9752
    4.0882
    4.2077
    4.3197
    4.4417
    4.5584
    4.6843
    4.8100
    4.9401
    5.0655
    5.1943
    5.3305
    5.4498
    5.4840
    5.4998
    5.4943
    5.4886
    5.4768
    5.4651
    5.4578
    5.4665
    5.4615
    5.4529
    5.4463
    5.4364
    5.4332
    5.4363
    5.4458
    5.4551
    5.4663
    5.4736
    5.4905
    5.4999
    5.5267
    5.5499
    5.5737
    5.6005
    5.6319
    5.6729
    5.7138
    5.7482
    5.7922
    5.8436
    5.8881
    5.9255
    5.9632
    6.0057
    6.0421
    6.0846
    6.1189
    6.1665
    6.1956
    6.2296
    6.2603
    6.2896
    6.3185
    6.3373
    6.3740
    6.4110
    6.4600
    6.5093
    6.5791
    6.6503
    6.7183
    6.7960
    6.8663
    6.9511
    7.0309
    7.1198
    7.2075
    7.2917
    7.3667
    7.4389
    7.5095
    7.5828
    7.6534
    7.7131
    7.7821
    7.8667
    7.9621
    8.0579
    8.1548
    8.2613
    8.3821
    8.5036
    8.6269
    8.7561
    8.8837
    9.0157
    9.1573
    9.2999
    9.4478
    9.6021
    9.7651
    9.9205
   10.0850
   10.2475
   10.4163
   10.5801
   10.7344
   10.8728
   11.0082
   11.1270
   11.2452
   11.3630
   11.4920
   11.6273
   11.7838
   11.9554
   12.1305
   12.3192
   12.5029
   12.7040
   12.9142
   13.1423
   13.3812
   13.6311
   13.8863
   14.1315
   14.3808
   14.6320
   14.8781
   15.1012
   15.3276
   15.5425
   15.7513
   15.9423
   16.0606
   16.1336
   16.1897
   16.2172
   16.2546
   16.2858
   16.3029
   16.3156
   16.3255
   16.3425
   16.3742
   16.4093
   16.4443
   16.4703
   16.4964
   16.5058
   16.5311
   16.5485
   16.5661
   16.5859
   16.6054
   16.6195
   16.6266
   16.6255
   16.6113
   16.6008
   16.5754
   16.5429
   16.5069
   16.4617
   16.4168
   16.3703
   16.3179
   16.2576
   16.2219
   16.1831
   16.1574
   16.1318
   16.1114
   16.0832
   16.0502
   15.9833
   15.8996
   15.8119
   15.7160
   15.6230
   15.5315
   15.4236
   15.3166
   15.1977
   15.0723
   14.9510
   14.8286
   14.7031
   14.5696
   14.4335
   14.3107
   14.1982
   14.0924
   13.9936
   13.9156
   13.8817
   13.8763
   13.8709
   13.8878
   13.8976
   13.9094
   13.9324
   13.9562
   13.9742
   13.9802
   13.9610
   13.9258
   13.8904
   13.8594
   13.8175
   13.7819
   13.7349
   13.6948
   13.6571
   13.6252
   13.5837
   13.5543
   13.5268
   13.5057
   13.4928
   13.4725
   13.4590
   13.4418
   13.4246
   13.4127
   13.4004
   13.3836
   13.3772
   13.3898
   13.3967
   13.4144
   13.4150
   13.3994
   13.3659
   13.3206
   13.2646
   13.2045
   13.1428
   13.0791
   13.0189
   12.9699
   12.9204
   12.8824
   12.8460
   12.8117
   12.7805
   12.7472
   12.7128
   12.6808
   12.6489
   12.6177
   12.5971
   12.5590
   12.5334
   12.5036
   12.4711
   12.4644
   12.4616
   12.4789
   12.5094
   12.5409
   12.5704
   12.5962
   12.6232
   12.6707
   12.7241
   12.7921
   12.8758
   12.9519
   13.0308
   13.1201
   13.2031
   13.2831
   13.3599
   13.4413
   13.5163
   13.6009
   13.6795
   13.7539
   13.8075
   13.8424
   13.8643
   13.8800
   13.8988
   13.9081
   13.9126
   13.9140
   13.9221
   13.9204
   13.9134
   13.9067
   13.8921
   13.8780
   13.8675
   13.8722
   13.8819
   13.8922
   13.9002
   13.9145
   13.9287
   13.9367
   13.9367
   13.9384
   13.9487
   13.9419
   13.9372
   13.9355
   13.9246
   13.9048
   13.8782
   13.8558
   13.8390
   13.8181
   13.8175
   13.8101
   13.8068
   13.8078
   13.8007
   13.8019
   13.7845
   13.7587
   13.7428
   13.7435
   13.7505
   13.7532
   13.7320
   13.7011
   13.6617
   13.6160
   13.5759
   13.5286
   13.4718
   13.4225
   13.3725
   13.3326
   13.2931
   13.2467
   13.1969
   13.1466
   13.1086
   13.0864
   13.0859
   13.0984
   13.1243
   13.1503
   13.1858
   13.2241
   13.2683
   13.3131
   13.3658
   13.4204
   13.4755
   13.5420
   13.6202
   13.7055
   13.7999
   13.8919
   13.9931
   14.0973
   14.2109
   14.3253
   14.4397
   14.5552
   14.6603
   14.7470
   14.8281
   14.9094
   14.9862
   15.0585
   15.1427
   15.2422
   15.3457
   15.4473
   15.5381
   15.6140
   15.6575
   15.6803
   15.6852
   15.6820
   15.6751
   15.6642
   15.6572
   15.6474
   15.6284
   15.6181
   15.6235
   15.6429
   15.6820
   15.7182
   15.7496
   15.7662
   15.7744
   15.7892
   15.8120
   15.8513
   15.8714
   15.8896
   15.9072
   15.9347
   15.9684
   16.0064
   16.0524
   16.0898
   16.1186
   16.1249
   16.1161
   16.0837
   16.0411
   15.9927
   15.9398
   15.8738
   15.7918
   15.7134
   15.6401
   15.5825
   15.5327
   15.4731
   15.3912
   15.2945
   15.2030
   15.0944
   14.9749
   14.8441
   14.7025
   14.5557
   14.4134
   14.2781
   14.1346
   13.9862
   13.8515
   13.7062
   13.5493
   13.3874
   13.2364
   13.0890
   12.9412
   12.8183
   12.6988
   12.5972
   12.4900
   12.3798
   12.2779
   12.1686
   12.0611
   11.9493
   11.8197
   11.6868
   11.5491
   11.3999
   11.2632
   11.1249
   11.0021
   10.8948
   10.8016
   10.7047
   10.5965
   10.4893
   10.3721
   10.2526
   10.1263
    9.9986
    9.8529
    9.6958
    9.5445
    9.4034
    9.2726
    9.1657
    9.0743
    9.0026
    8.9178
    8.8266
    8.7448
    8.6791
    8.6084
    8.5276
    8.4239
    8.3111
    8.1998
    8.1175
    8.0418
    7.9713
    7.9048
    7.8426
    7.7930
    7.7643
    7.7529
    7.7398
    7.7177
    7.6925
    7.6634
    7.6305
    7.6014
    7.5732
    7.5422
    7.5113
    7.4847
    7.4510
    7.4176
    7.3811
    7.3455
    7.3221
    7.3092
    7.2894
    7.2717
    7.2397
    7.2203
    7.2173
    7.1981
    7.1803
    7.1621
    7.1420
    7.1216
    7.0905
    7.0513
    6.9930
    6.9308
    6.8682
    6.8147
    6.7654
    6.7160
    6.6561
    6.5795
    6.5033
    6.4317
    6.3549
    6.2781
    6.2019
    6.1151
    6.0303
    5.9466
    5.8583
    5.7673
    5.6744
    5.5801
    5.4846
    5.3863
    5.2973
    5.2126
    5.1180
    5.0210
    4.9315
    4.8323
    4.7367
    4.6341
    4.5210
    4.3805
    4.2253
    4.0755
    3.9346
    3.8019
    3.6690
    3.5357
    3.3987
    3.2624
    3.1327
    2.9912
    2.8496
    2.7081
    2.5708
    2.4417
    2.3088
    2.1679
    2.0055
    1.8490
    1.6882
    1.5372
    1.3796
    1.2102
    1.0497
    0.8872
    0.7269
    0.5605
    0.4049
    0.2546
    0.1014
   -0.0393
   -0.1881
   -0.3375
   -0.4895
   -0.6364
   -0.7765
   -0.9104
   -1.0335
   -1.1480
   -1.2679
   -1.4012
   -1.5270
   -1.6590
   -1.7953
   -1.9360
   -2.0874
   -2.2202
   -2.3391
   -2.4611
   -2.5835
   -2.7073
   -2.8248
   -2.9348
   -3.0341
   -3.1229
   -3.2170
   -3.3186
   -3.4217
   -3.5325
   -3.6339
   -3.7302
   -3.8230
   -3.9025
   -3.9822
   -4.0587
   -4.1355
   -3.9691
   -3.8133
   -3.6582
   -3.5040
   -3.3542
   -3.1993
   -3.0478
   -2.8877
   -2.7312
   -2.5611
   -2.3915
   -2.2124
   -2.0189
   -1.8291
   -1.6292
   -1.4311
   -1.2378
   -1.0358
   -0.8410
   -0.6458
   -0.4525
   -0.2626
   -0.0809
    0.0952
    0.2729
    0.4479
    0.6304
    0.8153
    0.9953
    1.1650
