    0.5774
    0.5707
    0.5633
    0.5556
    0.5550
    0.5524
    0.5573
    0.5643
    0.5695
    0.5719
    0.5725
    0.5743
    0.5753
    0.5780
    0.5670
    0.5632
    0.5569
    0.5589
    0.5674
    0.5674
    0.5754
    0.5829
    0.5804
    0.5875
    0.5950
    0.5945
    0.6015
    0.6012
    0.6015
    0.6020
    0.6026
    0.6003
    0.6043
    0.6024
    0.6018
    0.6036
    0.5982
    0.5920
    0.5684
    0.5430
    0.5080
    0.4674
    0.4214
    0.3658
    0.3135
    0.2577
    0.2026
    0.1509
    0.1051
    0.0564
    0.0160
   -0.0247
   -0.0696
   -0.1158
   -0.1552
   -0.1950
   -0.2311
   -0.2626
   -0.2920
   -0.3209
   -0.3408
   -0.3643
   -0.3905
   -0.4192
   -0.4590
   -0.4991
   -0.5375
   -0.5849
   -0.6296
   -0.6739
   -0.7199
   -0.7566
   -0.7979
   -0.8355
   -0.8671
   -0.8893
   -0.9120
   -0.9329
   -0.9629
   -0.9905
   -1.0154
   -1.0461
   -1.0755
   -1.0986
   -1.1317
   -1.1598
   -1.1749
   -1.1959
   -1.2072
   -1.2153
   -1.2293
   -1.2514
   -1.2804
   -1.3094
   -1.3357
   -1.3661
   -1.3991
   -1.4296
   -1.4612
   -1.4889
   -1.5182
   -1.5407
   -1.5628
   -1.5870
   -1.5981
   -1.6132
   -1.6238
   -1.6323
   -1.6411
   -1.6485
   -1.6600
   -1.6692
   -1.6826
   -1.6958
   -1.7148
   -1.7453
   -1.7684
   -1.7961
   -1.8262
   -1.8524
   -1.8762
   -1.9051
   -1.9297
   -1.9435
   -1.9605
   -1.9689
   -1.9794
   -1.9951
   -2.0097
   -2.0249
   -2.0464
   -2.0678
   -2.0875
   -2.1098
   -2.1372
   -2.1628
   -2.1894
   -2.2177
   -2.2485
   -2.2672
   -2.2870
   -2.3171
   -2.3405
   -2.3575
   -2.3906
   -2.4104
   -2.4307
   -2.4607
   -2.4940
   -2.5281
   -2.5557
   -2.5880
   -2.6088
   -2.6284
   -2.6431
   -2.6621
   -2.6684
   -2.6768
   -2.6852
   -2.6876
   -2.6882
   -2.6848
   -2.6824
   -2.6772
   -2.6652
   -2.6614
   -2.6474
   -2.6408
   -2.6271
   -2.6176
   -2.6123
   -2.6049
   -2.6000
   -2.5984
   -2.5922
   -2.5833
   -2.5710
   -2.5611
   -2.5519
   -2.5383
   -2.5276
   -2.5183
   -2.5068
   -2.4953
   -2.4925
   -2.4902
   -2.4874
   -2.4880
   -2.4903
   -2.4943
   -2.5009
   -2.5054
   -2.5005
   -2.5015
   -2.5063
   -2.5042
   -2.4938
   -2.4855
   -2.4652
   -2.4407
   -2.4160
   -2.3989
   -2.3656
   -2.3415
   -2.3194
   -2.2850
   -2.2618
   -2.2497
   -2.2278
   -2.2067
   -2.1875
   -2.1774
   -2.1563
   -2.1413
   -2.1323
   -2.1346
   -2.1323
   -2.1368
   -2.1396
   -2.1467
   -2.1505
   -2.1563
   -2.1612
   -2.1772
   -2.1896
   -2.2046
   -2.2170
   -2.2317
   -2.2382
   -2.2559
   -2.2717
   -2.2873
   -2.2993
   -2.3116
   -2.3155
   -2.3191
   -2.3241
   -2.3255
   -2.3251
   -2.3206
   -2.3253
   -2.3309
   -2.3321
   -2.3352
   -2.3395
   -2.3283
   -2.3181
   -2.2981
   -2.2692
   -2.2441
   -2.2160
   -2.1939
   -2.1621
   -2.1395
   -2.1212
   -2.0937
   -2.0754
   -2.0693
   -2.0624
   -2.0686
   -2.0790
   -2.1047
   -2.1304
   -2.1516
   -2.1724
   -2.1971
   -2.2195
   -2.2374
   -2.2520
   -2.2746
   -2.2907
   -2.3052
   -2.3178
   -2.3364
   -2.3504
   -2.3630
   -2.3670
   -2.3691
   -2.3722
   -2.3707
   -2.3636
   -2.3654
   -2.3658
   -2.3651
   -2.3520
   -2.3480
   -2.3448
   -2.3392
   -2.3382
   -2.3430
   -2.3488
   -2.3552
   -2.3531
   -2.3595
   -2.3618
   -2.3698
   -2.3793
   -2.3835
   -2.3830
   -2.3896
   -2.3973
   -2.3976
   -2.3963
   -2.4044
   -2.4177
   -2.4293
   -2.4561
   -2.4791
   -2.5122
   -2.5486
   -2.5713
   -2.5878
   -2.5980
   -2.6118
   -2.6223
   -2.6309
   -2.6375
   -2.6376
   -2.6356
   -2.6328
   -2.6357
   -2.6353
   -2.6339
   -2.6278
   -2.6230
   -2.6168
   -2.6062
   -2.5942
   -2.5791
   -2.5640
   -2.5448
   -2.5277
   -2.5121
   -2.4923
   -2.4689
   -2.4426
   -2.4089
   -2.3801
   -2.3485
   -2.3184
   -2.2900
   -2.2655
   -2.2358
   -2.2048
   -2.1781
   -2.1574
   -2.1326
   -2.1115
   -2.0911
   -2.0653
   -2.0390
   -2.0086
   -1.9776
   -1.9543
   -1.9233
   -1.9019
   -1.8747
   -1.8487
   -1.8215
   -1.7971
   -1.7691
   -1.7472
   -1.7277
   -1.7082
   -1.6899
   -1.6639
   -1.6437
   -1.6218
   -1.5967
   -1.5762
   -1.5537
   -1.5310
   -1.5130
   -1.4974
   -1.4777
   -1.4583
   -1.4375
   -1.4184
   -1.4037
   -1.3921
   -1.3800
   -1.3645
   -1.3445
   -1.3178
   -1.2973
   -1.2843
   -1.2743
   -1.2683
   -1.2633
   -1.2622
   -1.2616
   -1.2640
   -1.2678
   -1.2730
   -1.2839
   -1.2947
   -1.3127
   -1.3332
   -1.3548
   -1.3749
   -1.3954
   -1.4182
   -1.4423
   -1.4704
   -1.4964
   -1.5227
   -1.5451
   -1.5623
   -1.5730
   -1.5826
   -1.5894
   -1.5872
   -1.5768
   -1.5610
   -1.5422
   -1.5226
   -1.4996
   -1.4803
   -1.4557
   -1.4312
   -1.4104
   -1.3916
   -1.3678
   -1.3421
   -1.3139
   -1.2839
   -1.2533
   -1.2202
   -1.1860
   -1.1550
   -1.1225
   -1.0927
   -1.0700
   -1.0456
   -1.0233
   -1.0043
   -0.9847
   -0.9660
   -0.9502
   -0.9331
   -0.9152
   -0.8959
   -0.8763
   -0.8608
   -0.8467
   -0.8282
   -0.8059
   -0.7831
   -0.7624
   -0.7407
   -0.7211
   -0.7018
   -0.6821
   -0.6593
   -0.6374
   -0.6129
   -0.5886
   -0.5608
   -0.5341
   -0.5058
   -0.4825
   -0.4605
   -0.4341
   -0.4065
   -0.3741
   -0.3447
   -0.3128
   -0.2842
   -0.2605
   -0.2365
   -0.2139
   -0.1978
   -0.1896
   -0.1880
   -0.1913
   -0.1963
   -0.2033
   -0.2077
   -0.2110
   -0.2170
   -0.2220
   -0.2206
   -0.2193
   -0.2186
   -0.2189
   -0.2194
   -0.2211
   -0.2219
   -0.2243
   -0.2285
   -0.2309
   -0.2334
   -0.2358
   -0.2350
   -0.2364
   -0.2367
   -0.2384
   -0.2392
   -0.2414
   -0.2393
   -0.2363
   -0.2293
   -0.2258
   -0.2157
   -0.2089
   -0.2005
   -0.1896
   -0.1795
   -0.1697
   -0.1588
   -0.1512
   -0.1403
   -0.1313
   -0.1221
   -0.1151
   -0.1064
   -0.0986
   -0.0866
   -0.0754
   -0.0615
   -0.0520
   -0.0343
   -0.0204
   -0.0024
    0.0109
    0.0281
    0.0456
    0.0584
    0.0835
    0.0958
    0.1157
    0.1307
    0.1425
    0.1624
    0.1750
    0.1922
    0.2136
    0.2322
    0.2527
    0.2721
    0.2902
    0.3072
    0.3225
    0.3362
    0.3516
    0.3617
    0.3757
    0.3861
    0.4016
    0.4199
    0.4391
    0.4563
    0.4738
    0.4927
    0.5097
    0.5280
    0.5483
    0.5713
    0.5907
    0.6128
    0.6311
    0.6522
    0.6686
    0.6885
    0.6994
    0.7185
    0.7343
    0.7463
    0.7605
    0.7758
    0.7924
    0.8115
    0.8234
    0.8431
    0.8572
    0.8774
    0.8931
    0.9122
    0.9260
    0.9398
    0.9533
    0.9702
    0.9788
    0.9968
    1.0076
    1.0231
    1.0366
    1.0524
    1.0726
    1.0815
    1.1073
    1.1220
    1.1448
    1.1685
    1.1841
    1.2064
    1.2251
    1.2386
    1.2556
    1.2688
    1.2828
    1.3001
    1.3193
    1.3361
    1.3572
    1.3765
    1.3995
    1.4188
    1.4391
    1.4523
    1.4668
    1.4798
    1.4932
    1.5099
    1.5217
    1.5338
    1.5480
    1.5603
    1.5726
    1.5847
    1.5946
    1.6015
    1.6066
    1.6122
    1.6166
    1.6251
    1.6281
    1.6363
    1.6434
    1.6492
    1.6522
    1.6555
    1.6591
    1.6642
    1.6666
    1.6731
    1.6759
    1.6813
    1.6887
    1.6942
    1.6972
    1.6978
    1.7035
    1.7095
    1.7095
    1.7098
    1.7078
    1.7067
    1.7030
    1.6999
    1.7001
    1.6985
    1.6992
    1.7028
    1.7107
    1.7226
    1.7300
    1.7344
    1.7377
    1.7424
    1.7435
    1.7448
    1.7443
    1.7451
    1.7508
    1.7536
    1.7580
    1.7624
    1.7610
    1.7610
    1.7660
    1.7679
    1.7714
    1.7758
    1.7848
    1.7977
    1.8103
    1.8164
    1.8230
    1.8312
    1.8427
    1.8473
    1.8618
    1.8747
    1.8922
    1.9141
    1.9310
    1.9527
    1.9711
    1.9939
    2.0164
    2.0372
    2.0609
    2.0886
    2.1167
    2.1492
    2.1801
    2.2079
    2.2396
    2.2633
    2.2927
    2.3283
    2.3613
    2.3895
    2.4256
    2.4591
    2.4949
    2.5383
    2.5761
    2.6185
    2.6558
    2.6938
    2.7267
    2.7617
    2.7877
    2.8082
    2.8283
    2.8530
    2.8787
    2.9148
    2.9468
    2.9867
    3.0209
    3.0598
    3.0893
    3.1163
    3.1400
    3.1629
    3.1931
    3.2302
    3.2690
    3.2984
    3.3395
    3.3781
    3.4155
    3.4458
    3.4832
    3.5193
    3.5638
    3.6097
    3.6552
    3.6953
    3.7472
    3.7910
    3.8344
    3.8767
    3.9139
    3.9579
    4.0030
    4.0464
    4.0886
    4.1389
    4.1927
    4.2432
    4.2916
    4.3454
    4.3926
    4.4476
    4.4986
    4.5563
    4.6226
    4.6859
    4.7441
    4.8013
    4.8615
    4.9203
    4.9823
    5.0452
    5.0979
    5.1623
    5.2269
    5.3016
    5.3757
    5.4608
    5.5480
    5.6358
    5.7302
    5.8179
    5.9093
    5.9973
    6.0695
    6.1394
    6.2108
    6.2895
    6.3688
    6.4492
    6.5320
    6.6204
    6.7066
    6.7865
    6.8630
    6.9412
    7.0244
    7.0979
    7.1721
    7.2473
    7.3234
    7.3956
    7.4710
    7.5435
    7.6118
    7.6734
    7.7452
    7.8110
    7.8813
    7.9546
    8.0296
    8.1036
    8.1733
    8.2322
    8.2876
    8.3432
    8.3776
    8.4211
    8.4597
    8.5015
    8.5365
    8.5725
    8.6018
    8.6432
    8.6807
    8.7104
    8.7467
    8.7815
    8.8189
    8.8516
    8.8831
    8.9135
    8.9422
    8.9711
    8.9912
    8.9975
    8.9981
    8.9988
    8.9908
    8.9847
    8.9746
    8.9627
    8.9553
    8.9399
    8.9259
    8.9216
    8.9198
    8.9155
    8.9027
    8.8902
    8.8779
    8.8630
    8.8437
    8.8180
    8.7972
    8.7702
    8.7392
    8.7073
    8.6714
    8.6298
    8.5909
    8.5455
    8.4939
    8.4415
    8.3852
    8.3300
    8.2784
    8.2180
    8.1625
    8.1067
    8.0469
    7.9860
    7.9190
    7.8648
    7.8114
    7.7628
    7.7170
    7.6807
    7.6280
    7.5736
    7.5184
    7.4581
    7.3936
    7.3362
    7.2592
    7.1717
    7.0995
    7.0103
    6.9288
    6.8497
    6.7635
    6.6787
    6.5916
    6.5040
    6.4306
    6.3488
    6.2641
    6.1815
    6.1034
    6.0278
    5.9416
    5.8577
    5.7732
    5.6871
    5.5906
    5.5011
    5.4128
    5.3272
    5.2308
    5.1432
    5.0487
    4.9523
    4.8570
    4.7582
    4.6652
    4.5686
    4.4796
    4.3899
    4.3061
    4.2223
    4.1468
    4.0702
    3.9988
    3.9334
    3.8636
    3.7892
    3.7150
    3.6414
    3.5707
    3.5021
    3.4256
    3.3489
    3.2703
    3.1990
    3.1156
    3.0315
    2.9422
    2.8511
    2.7625
    2.6751
    2.5998
    2.5134
    2.4410
    2.3708
    2.2966
    2.2352
    2.1779
    2.1095
    2.0537
    1.9920
    1.9231
    1.8649
    1.8036
    1.7454
    1.6892
    1.6231
    1.5601
    1.5118
    1.4605
    1.4006
    1.3367
    1.2781
    1.2165
    1.1567
    1.0983
    1.0550
    1.0033
    0.9455
    0.8832
    0.8345
    0.7822
    0.7298
    0.6851
    0.6384
    0.5983
    0.5576
    0.5174
    0.4751
    0.4393
    0.3988
    0.3580
    0.3192
    0.2743
    0.2273
    0.1741
    0.1264
    0.0798
    0.0412
    0.0008
   -0.0348
   -0.0697
   -0.0987
   -0.1208
   -0.1413
   -0.1530
   -0.1630
   -0.1692
   -0.1615
   -0.1577
   -0.1593
   -0.1488
   -0.1468
   -0.1263
   -0.1099
   -0.0893
   -0.0699
   -0.0460
   -0.0190
    0.0058
    0.0293
    0.0544
    0.0845
    0.1217
    0.1539
    0.1921
    0.2380
    0.2829
    0.3305
    0.3804
    0.4293
    0.4818
    0.5462
    0.6059
    0.6779
    0.7617
    0.8454
    0.9306
    1.0140
    1.1006
    1.1920
    1.2717
    1.3461
    1.4204
    1.4979
    1.5847
    1.6779
    1.7772
    1.8655
    1.9477
    2.0274
    2.1163
    2.2109
    2.3110
    2.4159
    2.5192
    2.6335
    2.7433
    2.8709
    2.9819
    3.0946
    3.1992
    3.3016
    3.3997
    3.4874
    3.5752
    3.6526
    3.7271
    3.8055
    3.8767
    3.9520
    4.0315
    4.0987
    4.1619
    4.2141
    4.2660
    4.3183
    4.3716
    4.4188
    4.4699
    4.5235
    4.5747
    4.6259
    4.6782
    4.7266
    4.7864
    4.8446
    4.8916
    4.9537
    5.0184
    5.0763
    5.1275
    5.1668
    5.1947
    5.2279
    5.2523
    5.2684
    5.2755
    5.2819
    5.2978
    5.3110
    5.3274
    5.3491
    5.3789
    5.4037
    5.4277
    5.4399
    5.4426
    5.4452
    5.4535
    5.4747
    5.4954
    5.5079
    5.5064
    5.5073
    5.5075
    5.5102
    5.4984
    5.4935
    5.4751
    5.4623
    5.4522
    5.4487
    5.4441
    5.4410
    5.4402
    5.4348
    5.4319
    5.4280
    5.4190
    5.4084
    5.3929
    5.3753
    5.3623
    5.3582
    5.3613
    5.3620
    5.3601
    5.3580
    5.3583
    5.3563
    5.3524
    5.3488
    5.3391
    5.3279
    5.3117
    5.2925
    5.2706
    5.2528
    5.2194
    5.1856
    5.1498
    5.1276
    5.1069
    5.0795
    5.0554
    5.0248
    4.9941
    4.9694
    4.9392
    4.8943
    4.8560
    4.8046
    4.7600
    4.7055
    4.6625
    4.6059
    4.5541
    4.4961
    4.4380
    4.3753
    4.3148
    4.2563
    4.1949
    4.1516
    4.0927
    4.0410
    3.9872
    3.9421
    3.8949
    3.8539
    3.8100
    3.7647
    3.7163
    3.6628
    3.6157
    3.5816
    3.5429
    3.5090
    3.4807
    3.4575
    3.4255
    3.3995
    3.3748
    3.3527
    3.3296
    3.2970
    3.2651
    3.2324
    3.1988
    3.1655
    3.1271
    3.0854
    3.0462
    3.0129
    2.9762
    2.9396
    2.8924
    2.8482
    2.7943
    2.7373
    2.6812
    2.6329
    2.5744
    2.5287
    2.4862
    2.4394
    2.4017
    2.3540
    2.3057
    2.2599
    2.2212
    2.1776
    2.1419
    2.0983
    2.0666
    2.0311
    2.0020
    1.9738
    1.9551
    1.9339
    1.9283
    1.9108
    1.8928
    1.8790
    1.8557
    1.8398
    1.8151
    1.7990
    1.7789
    1.7565
    1.7199
    1.6933
    1.6649
    1.6346
    1.6073
    1.5756
    1.5384
    1.5098
    1.4742
    1.4390
    1.4050
    1.3783
    1.3489
    1.3266
    1.3077
    1.2852
    1.2668
    1.2470
    1.2275
    1.2103
    1.1884
    1.1716
    1.1570
    1.1438
    1.1313
    1.1249
    1.1161
    1.1154
    1.1095
    1.1097
    1.1198
    1.1280
    1.1334
    1.1442
    1.1500
    1.1636
    1.1747
    1.1898
    1.2077
    1.2298
    1.2547
    1.2839
    1.3105
    1.3402
    1.3770
    1.4125
    1.4455
    1.4786
    1.5116
    1.5447
    1.5710
    1.5900
    1.6143
    1.6350
    1.6595
    1.6844
    1.7015
    1.7279
    1.7482
    1.7702
    1.7894
    1.8214
    1.8446
    1.8684
    1.8862
    1.9129
    1.9342
    1.9559
    1.9758
    1.9981
    2.0189
    2.0328
    2.0482
    2.0644
    2.0794
    2.0921
    2.1029
    2.1135
    2.1246
    2.1371
    2.1474
    2.1650
    2.1754
    2.1881
    2.1982
    2.2062
    2.2136
    2.2203
    2.2211
    2.2228
    2.2238
    2.2182
    2.2136
    2.2088
    2.2047
    2.1980
    2.1869
    2.1755
    2.1493
    2.1263
    2.1045
    2.0852
    2.0624
    2.0389
    2.0097
    1.9752
    1.9372
    1.8992
    1.8651
    1.8230
    1.7826
    1.7458
    1.7087
    1.6723
    1.6352
    1.5916
    1.5521
    1.5172
    1.4799
    1.4415
    1.4112
    1.3868
    1.3666
    1.3464
    1.3250
    1.3132
    1.2876
    1.2736
    1.2555
    1.2327
    1.2067
    1.1787
    1.1539
    1.1278
    1.1008
    1.0691
    1.0393
    1.0138
    0.9846
    0.9562
    0.9280
    0.8947
    0.8635
    0.8281
    0.7948
    0.7579
    0.7286
    0.6941
    0.6570
    0.6264
    0.5940
    0.5634
    0.5397
    0.5180
    0.4957
    0.4757
    0.4623
    0.4437
    0.4281
    0.4194
    0.4111
    0.3998
    0.3852
    0.3720
    0.3639
    0.3589
    0.3488
    0.3443
    0.3373
    0.3293
    0.3220
    0.3105
    0.3000
    0.2913
    0.2798
    0.2757
    0.2693
    0.2629
    0.2600
    0.2485
    0.2414
    0.2221
    0.2025
    0.1759
    0.1708
    0.1622
    0.1526
    0.1470
    0.1334
    0.1275
    0.1201
    0.1275
    0.1374
    0.1544
    0.1773
    0.2023
    0.2327
    0.2549
    0.2784
    0.3008
    0.3236
    0.3398
    0.3635
    0.3755
    0.3963
    0.4141
    0.4347
    0.4449
    0.4575
    0.4773
    0.4901
    0.5007
    0.5136
    0.5146
