28085.2793
28085.4590
28085.5391
28085.4805
28085.4434
28085.2852
28085.3066
28085.1055
28085.1680
28085.2070
28085.2070
28085.3867
28085.5469
28085.6074
28085.7676
28085.7891
28085.7715
28085.8516
28085.9336
28085.9160
28085.9375
28085.9570
28085.7969
28085.6953
28085.6152
28085.5742
28085.5352
28085.5957
28085.6348
28085.8359
28085.8359
28085.6738
28085.7129
28085.6523
28085.6133
28085.7129
28085.7129
28085.8516
28085.8750
28086.0117
28086.2715
28086.3340
28086.3945
28086.5547
28086.6934
28086.8535
28087.0137
28087.2148
28087.1973
28087.1582
28087.0781
28086.9395
28086.7773
28086.8574
28086.9141
28087.0312
28087.1895
28087.3242
28087.3594
28087.4375
28087.6152
28087.6562
28087.6328
28087.6934
28087.7148
28087.6367
28087.5586
28087.5586
28087.3965
28087.3359
28087.2949
28087.1348
28087.0352
28086.9785
28086.9219
28087.0254
28087.1719
28087.4375
28087.7812
28088.0625
28088.3828
28088.5391
28088.6582
28088.6758
28088.7930
28088.7891
28088.7266
28088.6230
28088.5840
28088.7051
28089.0273
28089.3301
28089.5742
28089.7559
28089.8184
28089.6562
28089.5352
28089.2910
28089.1309
28088.9473
28088.8418
28088.7812
28088.7812
28088.8594
28088.7988
28088.8359
28088.8770
28088.8145
28088.7539
28088.7930
28088.8320
28088.9316
28089.0527
28089.1523
28089.1758
28089.2734
28089.2734
28089.1504
28089.0293
28088.7246
28088.4199
28088.1367
28087.7090
28087.2812
28086.8555
28086.4512
28086.0605
28085.9180
28085.9785
28086.1172
28086.0332
28086.0117
28086.0938
28086.1543
28086.1758
28086.4805
28086.7852
28086.8477
28086.7617
28086.6797
28086.3730
28086.1289
28086.0859
28085.9395
28086.0781
28086.0176
28086.2383
28086.4219
28086.6660
28086.8477
28086.9082
28086.7090
28086.5254
28086.3027
28085.9961
28085.8125
28085.6289
28085.4453
28085.3457
28085.2012
28085.0156
28084.8320
28084.7090
28084.6484
28084.6484
28084.6699
28084.7520
28084.7578
28084.7402
28084.6465
28084.5508
28084.3496
28084.2109
28083.9492
28083.8496
28083.7871
28083.7422
28083.6816
28083.7188
28083.7754
28083.7910
28083.7910
28083.7676
28083.8281
28083.9102
28083.9941
28083.9551
28084.0547
28083.9941
28084.0312
28084.1074
28084.1230
28084.3848
28084.4629
28084.6992
28084.9004
28085.0762
28085.0156
28084.9531
28084.8145
28084.6523
28084.4512
28084.2129
28083.9121
28083.7324
28083.6328
28083.3730
28083.2715
28083.1875
28083.1035
28083.0781
28082.9941
28082.8730
28082.7324
28082.6699
28082.6934
28082.8164
28083.0605
28083.2441
28083.4883
28083.7344
28083.9395
28084.1836
28084.4512
28084.6348
28084.8320
28084.8594
28084.8574
28084.7734
28084.5898
28084.5039
28084.2578
28084.1113
28083.8887
28083.6660
28083.5430
28083.3809
28083.2168
28083.1797
28083.1777
28083.1387
28083.0625
28083.1230
28083.1230
28083.0605
28083.0371
28083.0527
28083.0293
28083.0215
28083.0371
28083.0742
28083.0137
28083.0293
28082.9668
28082.9277
28082.9883
28083.2344
28083.4180
28083.7852
28084.1543
28084.5840
28084.9355
28085.3047
28085.6348
28085.8809
28086.0879
28086.2715
28086.4570
28086.6641
28086.9707
28087.2168
28087.5469
28087.7324
28087.9160
28088.0156
28087.9785
28087.9160
28087.8535
28087.6074
28087.5449
28087.3770
28087.3770
28087.1914
28087.1055
28086.9590
28086.7969
28086.6504
28086.5273
28086.4414
28086.2812
28086.4023
28086.3027
28086.2402
28086.2402
28086.3027
28086.1641
28086.1641
28086.1621
28086.1016
28085.9395
28085.8164
28085.7930
28085.6680
28085.6055
28085.5820
28085.4961
28085.3730
28085.2266
28085.1406
28084.9551
28084.8320
28084.7090
28084.7461
28084.8691
28085.0918
28085.2773
28085.6465
28086.0391
28086.3477
28086.6797
28086.8496
28086.9336
28086.9570
28086.9805
28086.8418
28086.7031
28086.6035
28086.4414
28086.4258
28086.4648
28086.6016
28086.8398
28087.0547
28087.2695
28087.4297
28087.4297
28087.4141
28087.4863
28087.4707
28087.4551
28087.4922
28087.6328
28087.6445
28087.7227
28087.7754
28087.6973
28087.4980
28087.3691
28087.1543
28086.9785
28086.7227
28086.5859
28086.4238
28086.3242
28086.3379
28086.3379
28086.3379
28086.4004
28086.5234
28086.5840
28086.5840
28086.7695
28086.8086
28086.7461
28086.7832
28086.9219
28086.9590
28086.9590
28087.0215
28086.9199
28086.7734
28086.6484
28086.4238
28086.2012
28085.9531
28085.8281
28085.8047
28085.6582
28085.6094
28085.6465
28085.6074
28085.5840
28085.6211
28085.6973
28085.8105
28086.0625
28086.0781
28086.0391
28085.8633
28085.8477
28085.8340
28085.8340
28085.9707
28086.0840
28086.4375
28086.7129
28087.0879
28087.4258
28087.6016
28087.7637
28087.8242
28087.8242
28087.8379
28087.8145
28087.5742
28087.1230
28086.7949
28086.3281
28085.9629
28085.6875
28085.5234
28085.4141
28085.3418
28085.1914
28085.1445
28085.0703
28085.1602
28085.1875
28085.4395
28085.5762
28085.7012
28085.7871
28085.7715
28085.8574
28085.8574
28085.8809
28085.9805
28086.0430
28086.2051
28086.3281
28086.3281
28086.3887
28086.3516
28086.2520
28086.1895
28086.0391
28085.8164
28085.7285
28085.5801
28085.4062
28085.3184
28085.4082
28085.4824
28085.6191
28085.6953
28085.8945
28086.0566
28086.3809
28086.6680
28086.7910
28087.1621
28087.4980
28087.7715
28087.9180
28088.0293
28087.9551
28087.7520
28087.4297
28087.1797
28086.9297
28086.7812
28086.6562
28086.5566
28086.4570
28086.3535
28086.2168
28086.2168
28086.2168
28086.0547
28086.0527
28086.1152
28086.1152
28086.1660
28086.3262
28086.4023
28086.3770
28086.3145
28086.2773
28086.3008
28086.2617
28086.2246
28086.1992
28086.1992
28086.2617
28086.2598
28086.2461
28086.1094
28086.1328
28086.0938
28086.1562
28086.3574
28086.4941
28086.6543
28086.8184
28087.0039
28087.0527
28087.1387
28087.1641
28087.2520
28087.2520
28087.2500
28087.3125
28087.4121
28087.4492
28087.5234
28087.5000
28087.5117
28087.4863
28087.5234
28087.5234
28087.5234
28087.4863
28087.4473
28087.3457
28087.2832
28087.2969
28087.2480
28087.1953
28087.2695
28087.3457
28087.4199
28087.4453
28087.5078
28087.5566
28087.5176
28087.4180
28087.2812
28087.1406
28086.9785
28086.8535
28086.7754
28086.8535
28086.8906
28087.0527
28087.1523
28087.3516
28087.4277
28087.6016
28087.5000
28087.5508
28087.6504
28087.7500
28087.9473
28088.1348
28088.3730
28088.4863
28088.4961
28088.3965
28088.2832
28088.1836
28088.0703
28088.0312
28087.9570
28087.9824
28087.9688
28088.0195
28087.9805
28088.0684
28088.0664
28088.1934
28088.1797
28088.1055
28088.0918
28087.9805
28087.8789
28087.8164
28087.7520
28087.5898
28087.3770
28087.1895
28086.9375
28086.7246
28086.7617
28086.7109
28086.8730
28086.9336
28087.2227
28087.5840
28087.8730
28088.0723
28088.1719
28088.2441
28088.1953
28088.0801
28087.9922
28087.9160
28087.9023
28087.9512
28088.0879
28088.2617
28088.6875
28088.8477
28089.0996
28089.2246
28089.3496
28089.3105
28089.4102
28089.5098
28089.4844
28089.5586
28089.6699
28089.8184
28090.0664
28090.1777
28090.3906
28090.4883
28090.6621
28090.7988
28090.8730
28090.9727
28091.0215
28091.0938
28091.1426
28091.2285
28091.2402
28091.3145
28091.4258
28091.5742
28091.6465
28091.7949
28091.9531
28092.0391
28092.1875
28092.1992
28092.2734
28092.3711
28092.3965
28092.5332
28092.6328
28092.6699
28092.7422
28092.7793
28092.8145
28092.9395
28093.0137
28093.0762
28093.0742
28093.0742
28093.0352
28092.8730
28092.6719
28092.5078
28092.4082
28092.3438
28092.4062
28092.5039
28092.6309
28092.7559
28092.8789
28092.8164
28092.7891
28092.7266
28092.7988
28092.8613
28093.0762
28093.1270
28093.2031
28093.1426
28092.9941
28092.8203
28092.6191
28092.6445
28092.6543
28092.6914
28092.8008
28092.8750
28092.8848
28092.6582
28092.5957
28092.4414
28092.3164
28092.3516
28092.4512
28092.5605
28092.5078
28092.5449
28092.6445
28092.6797
28092.7793
28092.8418
28093.0039
28092.8398
28092.8398
28092.6855
28092.6484
28092.6367
28092.8887
28093.2285
28093.5078
28093.7949
28093.9473
28093.9082
28093.9707
28093.9336
28094.0586
28094.1211
28094.2461
28094.3086
28094.4707
28094.6074
28094.8438
28095.0801
28095.0801
28095.2051
28095.2402
28095.2305
28095.2559
28095.3438
28095.4062
28095.5332
28095.6328
28095.6055
28095.6680
28095.6934
28095.6934
28095.7812
28095.8438
28096.1602
28096.2324
28096.3574
28096.4570
28096.5293
28096.4414
28096.6387
28096.5488
28096.4961
28096.4961
28096.5312
28096.5957
28096.6680
28096.7676
28096.7402
28096.8496
28096.9316
28096.9043
28097.1055
28097.3672
28097.5938
28097.8828
28098.2441
28098.4434
28098.6172
28098.6641
28098.7109
28098.7930
28098.7031
28098.7754
28098.7578
28098.7578
28098.8203
28098.9453
28098.7715
28098.6973
28098.6855
28098.6113
28098.5742
28098.6738
28098.9102
28099.0840
28099.3828
28099.6191
28099.7812
28099.8711
28099.9688
28099.9961
28100.0938
28100.0938
28100.2031
28100.3926
28100.4297
28100.4648
28100.5371
28100.5371
28100.6719
28100.6348
28100.7344
28100.8066
28100.8691
28100.9688
28101.0684
28101.1035
28101.1406
28101.1035
28101.0918
28101.0547
28101.1172
28101.1797
28101.2168
28101.3887
28101.4141
28101.3145
28101.2773
28101.2129
28101.2754
28101.1660
28101.1445
28101.1250
28101.0684
28100.8223
28100.7129
28100.5742
28100.4824
28100.6191
28100.7637
28100.9746
28101.1465
28101.2812
28101.2090
28101.0254
28100.8418
28100.6582
28100.5488
28100.6484
28100.7480
28100.8848
28101.0938
28101.1387
28101.3008
28101.4727
28101.5723
28101.5352
28101.5996
28101.3984
28101.3242
28101.2871
28101.4141
28101.5137
28101.7754
28102.0488
28102.3945
28102.6582
28102.9219
28102.8750
28102.8477
28102.8730
28102.9102
28103.1367
28103.5078
28104.0000
28104.4902
28104.7070
28104.9883
28104.9238
28104.6504
28104.4688
28104.3320
28104.1309
28104.0664
28104.2012
28104.5098
28104.5547
28104.7637
28104.6543
28104.4434
28104.1250
28104.0859
28103.9492
28103.9121
28103.8848
28104.1465
28104.1465
28104.2109
28104.2910
28104.5078
28104.5527
28104.6230
28104.6055
28104.6855
28104.5566
28104.4824
28104.2832
28104.2109
28104.0273
28103.9531
28103.8906
28103.8164
28103.6055
28103.3613
28103.2148
28102.9961
28102.8145
28102.6328
28102.3145
28101.8887
28101.3594
28100.8965
28100.4805
28100.0605
28099.7891
28099.5801
28099.4785
28099.2422
28099.1328
28098.9961
28098.9590
28098.7246
28098.6230
28098.4570
28098.4297
28098.2656
28097.8926
28097.7480
28097.4023
28097.0488
28096.6680
28096.4863
28096.2422
28095.9766
28095.9219
28095.8008
28095.8555
28095.8516
28095.9316
28095.7754
28095.6387
28095.3945
28095.2207
28094.9766
28094.8672
28094.8301
28094.7480
28094.6465
28094.4902
28094.4336
28094.3145
28094.2207
28094.0566
28093.9297
28093.6914
28093.4473
28093.1094
28092.8652
28092.5293
28092.3008
28092.1797
28091.7715
28091.4258
28091.2617
28091.1699
28090.8984
28090.7773
28090.9648
28090.8359
28090.5918
28090.4980
28090.4062
28090.2793
28090.3926
28090.3457
28090.4609
28090.5039
28090.6816
28090.8613
28091.0703
28091.2402
28091.4199
28091.5996
28091.6504
28091.6934
28091.6367
28091.6152
28091.4219
28091.0410
28090.5801
28090.1016
28089.5410
28089.1523
28088.9785
28089.0938
28089.1094
28089.2520
28089.2598
28089.3301
28089.3086
28089.1367
28088.8633
28088.6270
28088.5605
28088.3340
28088.2324
28088.1035
28088.0547
28088.1680
28088.1895
28088.5566
28088.8203
28089.1426
28089.3281
28089.5430
28089.6562
28089.7422
28089.7773
28089.7461
28089.9180
28090.0098
28089.6426
28088.9805
28088.1855
28087.4316
28086.7207
28086.4062
28086.3418
28086.2480
28086.0820
28085.8184
28085.6602
28085.7031
28085.6875
28085.9023
28085.8809
28085.9590
28085.9727
28086.1211
28086.2715
28086.4844
28086.6348
28086.9121
28087.1191
28087.1250
28087.3301
28087.5977
28087.8633
28088.1855
28088.6387
28089.0938
28089.5254
28089.9082
28090.3516
28090.7227
28091.0859
28091.3848
28091.5664
28091.7168
28091.9512
28092.1719
28092.2715
28092.3691
28092.3340
28092.2754
28092.3008
28092.4297
28092.6816
28092.8926
28093.1621
28093.1621
28093.1719
28093.1445
28093.0156
28093.0059
28093.0566
28093.0918
28093.1387
28093.1914
28093.1016
28092.8809
28092.7090
28092.6758
28092.6191
28092.5801
28092.6133
28092.5039
28092.5215
28092.4082
28092.3340
28092.1484
28092.2090
28092.4062
28092.6543
28093.0273
28093.5312
28093.8477
28093.8965
28093.7383
28093.3945
28093.2324
28093.1465
28093.1113
28093.2051
28093.2949
28093.5117
28093.5957
28093.6309
28093.6230
28093.5938
28093.3984
28093.1973
28093.0957
28092.9668
28092.8652
28092.8281
28092.8691
28092.8164
28092.7207
28092.6855
28092.6191
28092.7539
28092.8809
28092.8496
28092.9258
28092.9297
28092.7656
28092.4355
28092.1699
28092.0391
28091.8672
28091.7012
28091.6289
28091.6270
28091.6914
28091.7188
28091.7109
28091.9102
28092.0156
28092.1426
28092.4414
28092.7109
28092.9043
28093.0254
28093.2891
28093.4863
28093.4453
28093.3027
28093.1543
28092.8340
28092.5156
28092.4082
28092.3711
28092.4102
28092.5820
28092.6152
28092.7500
28092.6777
28092.5645
28092.5859
28092.4746
28092.2012
28092.1250
28091.8828
28091.7109
28091.6738
28091.5020
28091.3594
28091.1484
28090.8711
28090.4863
28090.2383
28089.9902
28089.8125
28089.6719
28089.6250
28089.4883
28089.3516
28089.0801
28088.9746
28088.7734
28088.5625
28088.2832
28088.1777
28087.9062
28087.7363
28087.7695
28087.7754
28087.7754
28087.6738
28087.7676
28087.6953
28087.6602
28087.6250
28087.4980
28087.3398
28087.2441
28087.2480
28087.1836
28087.1191
28087.0586
28086.9629
28086.8027
28086.6777
28086.5879
28086.5273
28086.4609
28086.4668
28086.5059
28086.5176
28086.6914
28086.8418
28086.8809
28086.8789
28086.6738
28086.5684
28086.1309
28085.7656
28085.4336
28085.0742
28084.8086
28084.4082
28084.1367
28083.8047
28083.6035
28083.3086
28083.0137
28082.6816
28082.4551
28082.2559
28081.9844
28081.8770
28081.9082
28081.8008
28081.7656
28081.7930
28081.8281
28081.8926
28082.0547
28082.0547
28082.1230
28082.1230
28081.9570
28081.8496
28081.8438
28081.7383
28081.6621
28081.5879
28081.4805
28081.4453
28081.6738
28081.5430
28081.6484
28081.8516
28081.9199
28081.9590
28081.9941
28081.8926
28081.9219
28081.9199
28081.8145
28081.8730
28081.9336
28081.9668
28082.1621
28082.3262
28082.5898
28082.7539
28083.0469
28083.2070
28083.2031
28083.1621
28083.1562
28083.0547
28082.8203
28082.4238
28082.2578
28081.9570
28081.6250
28081.4941
28081.4297
28081.2285
28081.1621
28081.2656
28081.3008
28081.4023
28081.7031
28081.8066
28082.0410
28082.2090
28082.3418
28082.2773
28082.4805
28082.5488
28082.6484
28082.6172
28082.5156
28082.5801
28082.6406
28082.8301
28083.2207
28083.6465
28083.9102
28084.2734
28084.4473
28084.6465
28084.8496
28085.3145
28085.5781
28085.8379
28086.0977
28086.2598
28086.2188
28086.2793
28086.2754
28086.2383
28086.0996
28085.9941
28086.0625
28086.0625
28086.0918
28086.3242
28086.4629
28086.6934
28086.8613
28086.9609
28087.0605
28087.2246
28087.1543
28086.9512
28086.9746
28086.8359
28086.5273
28086.2832
28086.1406
28085.9707
28085.8965
28085.6562
28085.4199
28085.3164
28084.9824
28084.7500
28084.7148
28084.5488
28084.5488
28084.6484
28084.6484
28084.5820
28084.4805
28084.4766
28084.4414
28084.5059
28084.4746
28084.4746
28084.7383
28084.6680
28084.6328
28084.6641
28084.6934
28084.6250
28084.5547
28084.3848
28084.2188
28084.0176
28083.8516
28083.6523
28083.5820
28083.3828
28083.3086
28083.2012
28083.2266
28083.1543
28083.2109
28083.1367
28083.1348
28083.1660
28083.2305
28083.2988
28083.4023
28083.5391
28083.6465
28083.8184
28083.8906
28083.9238
28084.0273
28084.1914
28084.2266
28084.2637
28084.3633
28084.3320
28084.4609
28084.4609
28084.4922
28084.4570
28084.3906
28084.3262
28084.3594
28084.2930
28084.2578
28084.2266
28084.1914
28084.0254
28083.9590
28083.8594
28083.9238
28083.8594
28083.9570
28084.0215
28084.0566
28084.0547
28084.0586
28084.0918
28084.2578
28084.2559
28084.4199
28084.5801
28084.8457
28085.0078
28084.9688
28084.8652
28084.8281
28084.7891
28084.7207
28084.7871
28084.7832
28084.8750
28084.8379
28084.9355
28084.9961
28085.0977
28085.2930
28085.3281
28085.1934
28085.2539
28085.1523
28085.0176
28085.0156
28085.1152
28085.1504
28085.0527
28085.1875
28085.2559
28085.3203
28085.5176
28085.6797
28085.7734
28085.9375
28086.2988
28086.5977
28086.8613
28087.0586
28087.2539
28087.4180
28087.5527
28087.8203
28087.9570
28088.1270
28088.2246
28088.2559
28088.3848
28088.3164
28088.2480
28088.2480
28088.2480
28088.4805
28088.5508
