   -0.5564
   -0.5979
   -0.6397
   -0.6775
   -0.7248
   -0.7760
   -0.8301
   -0.8908
   -0.9456
   -1.0004
   -1.0526
   -1.1028
   -1.1520
   -1.2087
   -1.2674
   -1.3225
   -1.3804
   -1.4320
   -1.4839
   -1.5365
   -1.5945
   -1.6529
   -1.7029
   -1.7518
   -1.7941
   -1.8400
   -1.8941
   -1.9581
   -2.0249
   -2.0970
   -2.1750
   -2.2596
   -2.3287
   -2.3947
   -2.4624
   -2.5334
   -2.5994
   -2.6604
   -2.7272
   -2.7974
   -2.8590
   -2.9227
   -2.9788
   -3.0396
   -3.0950
   -3.1475
   -3.1959
   -3.2379
   -3.2820
   -3.3261
   -3.3762
   -3.4282
   -3.4795
   -3.5402
   -3.5946
   -3.6534
   -3.7101
   -3.7666
   -3.8266
   -3.8859
   -3.9530
   -4.0313
   -4.1116
   -4.1918
   -4.2774
   -4.3565
   -4.4343
   -4.5050
   -4.5766
   -4.6466
   -4.7151
   -4.7889
   -4.8602
   -4.9362
   -5.0091
   -5.0808
   -5.1519
   -5.2185
   -5.2884
   -5.3524
   -5.4205
   -5.4890
   -5.5537
   -5.6265
   -5.6999
   -5.7706
   -5.8489
   -5.9232
   -5.9868
   -6.0485
   -6.1088
   -6.1691
   -6.2346
   -6.3004
   -6.3635
   -6.4272
   -6.4919
   -6.5535
   -6.6176
   -6.6737
   -6.7222
   -6.7731
   -6.8169
   -6.8590
   -6.8928
   -6.9305
   -6.9704
   -7.0111
   -7.0549
   -7.0895
   -7.1211
   -7.1455
   -7.1667
   -7.1878
   -7.2067
   -7.2302
   -7.2527
   -7.2822
   -7.3146
   -7.3498
   -7.3837
   -7.4133
   -7.4373
   -7.4572
   -7.4795
   -7.4959
   -7.5200
   -7.5392
   -7.5618
   -7.5817
   -7.6018
   -7.6191
   -7.6330
   -7.6549
   -7.6755
   -7.6953
   -7.7125
   -7.7317
   -7.7490
   -7.7608
   -7.7659
   -7.7689
   -7.7666
   -7.7671
   -7.7663
   -7.7639
   -7.7664
   -7.7564
   -7.7434
   -7.7316
   -7.7166
   -7.6991
   -7.6789
   -7.6532
   -7.6273
   -7.6034
   -7.5734
   -7.5432
   -7.5140
   -7.4865
   -7.4630
   -7.4392
   -7.4146
   -7.3917
   -7.3649
   -7.3408
   -7.3141
   -7.2888
   -7.2667
   -7.2421
   -7.2231
   -7.2097
   -7.1986
   -7.1887
   -7.1727
   -7.1576
   -7.1400
   -7.1198
   -7.0964
   -7.0710
   -7.0465
   -7.0254
   -7.0012
   -6.9812
   -6.9601
   -6.9342
   -6.9089
   -6.8803
   -6.8570
   -6.8307
   -6.8058
   -6.7816
   -6.7609
   -6.7390
   -6.7155
   -6.6933
   -6.6725
   -6.6560
   -6.6375
   -6.6178
   -6.6051
   -6.6030
   -6.6014
   -6.5989
   -6.5940
   -6.5848
   -6.5842
   -6.5755
   -6.5672
   -6.5702
   -6.5708
   -6.5766
   -6.5780
   -6.5693
   -6.5757
   -6.5702
   -6.5683
   -6.5621
   -6.5561
   -6.5489
   -6.5362
   -6.5210
   -6.4980
   -6.4742
   -6.4494
   -6.4248
   -6.3960
   -6.3762
   -6.3480
   -6.3241
   -6.2991
   -6.2775
   -6.2468
   -6.2243
   -6.2023
   -6.1899
   -6.1794
   -6.1726
   -6.1693
   -6.1668
   -6.1632
   -6.1618
   -6.1549
   -6.1485
   -6.1424
   -6.1358
   -6.1357
   -6.1384
   -6.1425
   -6.1445
   -6.1483
   -6.1513
   -6.1487
   -6.1426
   -6.1354
   -6.1299
   -6.1210
   -6.1013
   -6.0865
   -6.0669
   -6.0575
   -6.0377
   -6.0202
   -5.9946
   -5.9752
   -5.9496
   -5.9241
   -5.8911
   -5.8695
   -5.8511
   -5.8254
   -5.8002
   -5.7731
   -5.7451
   -5.7330
   -5.7034
   -5.6901
   -5.6682
   -5.6581
   -5.6427
   -5.6371
   -5.6325
   -5.6315
   -5.6372
   -5.6411
   -5.6430
   -5.6465
   -5.6539
   -5.6527
   -5.6585
   -5.6552
   -5.6544
   -5.6485
   -5.6499
   -5.6426
   -5.6351
   -5.6204
   -5.6033
   -5.5863
   -5.5669
   -5.5505
   -5.5349
   -5.5208
   -5.5086
   -5.4984
   -5.4886
   -5.4821
   -5.4708
   -5.4495
   -5.4170
   -5.3756
   -5.3285
   -5.2756
   -5.2330
   -5.1915
   -5.1521
   -5.1076
   -5.0624
   -5.0234
   -4.9778
   -4.9363
   -4.8881
   -4.8491
   -4.8093
   -4.7809
   -4.7498
   -4.7260
   -4.7023
   -4.6844
   -4.6609
   -4.6385
   -4.6117
   -4.5940
   -4.5700
   -4.5597
   -4.5425
   -4.5339
   -4.5200
   -4.5063
   -4.5039
   -4.4926
   -4.4755
   -4.4650
   -4.4465
   -4.4240
   -4.4052
   -4.3837
   -4.3583
   -4.3372
   -4.3200
   -4.2908
   -4.2704
   -4.2469
   -4.2241
   -4.1986
   -4.1722
   -4.1490
   -4.1295
   -4.1119
   -4.0956
   -4.0837
   -4.0694
   -4.0547
   -4.0345
   -4.0143
   -3.9917
   -3.9646
   -3.9373
   -3.9114
   -3.8937
   -3.8817
   -3.8750
   -3.8702
   -3.8683
   -3.8629
   -3.8620
   -3.8669
   -3.8730
   -3.8795
   -3.8913
   -3.9028
   -3.9170
   -3.9303
   -3.9419
   -3.9487
   -3.9526
   -3.9572
   -3.9610
   -3.9669
   -3.9701
   -3.9763
   -3.9805
   -3.9894
   -3.9968
   -4.0101
   -4.0165
   -4.0278
   -4.0321
   -4.0391
   -4.0500
   -4.0467
   -4.0547
   -4.0634
   -4.0681
   -4.0819
   -4.1037
   -4.1222
   -4.1419
   -4.1652
   -4.1831
   -4.1967
   -4.2187
   -4.2344
   -4.2496
   -4.2628
   -4.2764
   -4.2894
   -4.2989
   -4.3048
   -4.3082
   -4.3054
   -4.2951
   -4.2790
   -4.2617
   -4.2429
   -4.2265
   -4.2106
   -4.1950
   -4.1806
   -4.1664
   -4.1542
   -4.1413
   -4.1275
   -4.1167
   -4.1052
   -4.0883
   -4.0667
   -4.0359
   -4.0024
   -3.9697
   -3.9305
   -3.8910
   -3.8486
   -3.8060
   -3.7639
   -3.7247
   -3.6854
   -3.6424
   -3.6003
   -3.5577
   -3.5145
   -3.4730
   -3.4350
   -3.3971
   -3.3542
   -3.3102
   -3.2673
   -3.2205
   -3.1747
   -3.1290
   -3.0824
   -3.0370
   -2.9919
   -2.9473
   -2.9034
   -2.8552
   -2.8076
   -2.7605
   -2.7156
   -2.6713
   -2.6371
   -2.5932
   -2.5546
   -2.5096
   -2.4737
   -2.4378
   -2.3984
   -2.3665
   -2.3309
   -2.2994
   -2.2658
   -2.2348
   -2.2073
   -2.1802
   -2.1554
   -2.1310
   -2.1036
   -2.0762
   -2.0490
   -2.0200
   -1.9950
   -1.9678
   -1.9447
   -1.9242
   -1.9052
   -1.8873
   -1.8732
   -1.8639
   -1.8589
   -1.8549
   -1.8515
   -1.8546
   -1.8567
   -1.8603
   -1.8628
   -1.8647
   -1.8660
   -1.8700
   -1.8746
   -1.8782
   -1.8806
   -1.8828
   -1.8829
   -1.8851
   -1.8814
   -1.8811
   -1.8786
   -1.8775
   -1.8743
   -1.8716
   -1.8686
   -1.8660
   -1.8613
   -1.8560
   -1.8497
   -1.8430
   -1.8378
   -1.8325
   -1.8262
   -1.8272
   -1.8225
   -1.8136
   -1.8142
   -1.8085
   -1.8097
   -1.8070
   -1.8027
   -1.8010
   -1.7958
   -1.7956
   -1.7908
   -1.7930
   -1.7919
   -1.7865
   -1.7825
   -1.7727
   -1.7665
   -1.7547
   -1.7471
   -1.7364
   -1.7265
   -1.7103
   -1.7003
   -1.6871
   -1.6726
   -1.6502
   -1.6268
   -1.6034
   -1.5792
   -1.5522
   -1.5248
   -1.4955
   -1.4661
   -1.4428
   -1.4224
   -1.4057
   -1.3874
   -1.3704
   -1.3479
   -1.3234
   -1.2976
   -1.2655
   -1.2314
   -1.1979
   -1.1597
   -1.1245
   -1.0861
   -1.0511
   -1.0135
   -0.9785
   -0.9433
   -0.9064
   -0.8727
   -0.8408
   -0.8118
   -0.7809
   -0.7509
   -0.7210
   -0.6861
   -0.6506
   -0.6063
   -0.5699
   -0.5301
   -0.4895
   -0.4498
   -0.4068
   -0.3611
   -0.3159
   -0.2682
   -0.2197
   -0.1711
   -0.1200
   -0.0639
   -0.0072
    0.0425
    0.0953
    0.1379
    0.1787
    0.2077
    0.2421
    0.2682
    0.2949
    0.3199
    0.3546
    0.3927
    0.4313
    0.4627
    0.4952
    0.5264
    0.5572
    0.5876
    0.6163
    0.6452
    0.6733
    0.7049
    0.7400
    0.7777
    0.8164
    0.8600
    0.8978
    0.9346
    0.9681
    0.9993
    1.0246
    1.0489
    1.0703
    1.0896
    1.1069
    1.1274
    1.1437
    1.1590
    1.1769
    1.1895
    1.2107
    1.2321
    1.2528
    1.2704
    1.2864
    1.3002
    1.3128
    1.3230
    1.3306
    1.3408
    1.3524
    1.3617
    1.3753
    1.3830
    1.3924
    1.4012
    1.4092
    1.4187
    1.4261
    1.4326
    1.4391
    1.4423
    1.4508
    1.4529
    1.4634
    1.4735
    1.4883
    1.4971
    1.5109
    1.5252
    1.5380
    1.5481
    1.5543
    1.5612
    1.5700
    1.5729
    1.5807
    1.5860
    1.5954
    1.6078
    1.6168
    1.6259
    1.6341
    1.6380
    1.6439
    1.6455
    1.6465
    1.6490
    1.6518
    1.6548
    1.6512
    1.6537
    1.6544
    1.6556
    1.6617
    1.6649
    1.6677
    1.6711
    1.6768
    1.6787
    1.6825
    1.6815
    1.6806
    1.6834
    1.6916
    1.7008
    1.7155
    1.7339
    1.7510
    1.7679
    1.7890
    1.8086
    1.8319
    1.8494
    1.8735
    1.8910
    1.9096
    1.9288
    1.9464
    1.9674
    1.9849
    2.0030
    2.0217
    2.0330
    2.0523
    2.0694
    2.0886
    2.1089
    2.1320
    2.1578
    2.1803
    2.2071
    2.2311
    2.2527
    2.2726
    2.2951
    2.3195
    2.3405
    2.3646
    2.3843
    2.4024
    2.4238
    2.4462
    2.4728
    2.5047
    2.5335
    2.5634
    2.5939
    2.6260
    2.6600
    2.6942
    2.7308
    2.7667
    2.8065
    2.8470
    2.8841
    2.9273
    2.9703
    3.0172
    3.0594
    3.1130
    3.1656
    3.2236
    3.2783
    3.3335
    3.3873
    3.4420
    3.4942
    3.5460
    3.5973
    3.6543
    3.7052
    3.7589
    3.8109
    3.8633
    3.9161
    3.9708
    4.0269
    4.0766
    4.1269
    4.1749
    4.2271
    4.2778
    4.3306
    4.3854
    4.4388
    4.4902
    4.5458
    4.5988
    4.6543
    4.7022
    4.7594
    4.8124
    4.8643
    4.9241
    4.9821
    5.0433
    5.1108
    5.1734
    5.2372
    5.2999
    5.3615
    5.4224
    5.4856
    5.5526
    5.6225
    5.6922
    5.7594
    5.8265
    5.8881
    5.9473
    6.0086
    6.0728
    6.1414
    6.2099
    6.2853
    6.3578
    6.4279
    6.5034
    6.5829
    6.6616
    6.7314
    6.8046
    6.8764
    6.9503
    7.0246
    7.0973
    7.1728
    7.2531
    7.3256
    7.4014
    7.4731
    7.5422
    7.6114
    7.6796
    7.7451
    7.8124
    7.8822
    7.9484
    8.0106
    8.0744
    8.1446
    8.2145
    8.2857
    8.3601
    8.4368
    8.5034
    8.5731
    8.6444
    8.7226
    8.7996
    8.8760
    8.9375
    9.0012
    9.0679
    9.1313
    9.1986
    9.2612
    9.3180
    9.3803
    9.4432
    9.5071
    9.5765
    9.6535
    9.7316
    9.7953
    9.8524
    9.9154
    9.9774
   10.0367
   10.1062
   10.1752
   10.2447
   10.3114
   10.3740
   10.4380
   10.4946
   10.5556
   10.6135
   10.6676
   10.7252
   10.7890
   10.8564
   10.9254
   10.9879
   11.0512
   11.1126
   11.1728
   11.2281
   11.2780
   11.3326
   11.3852
   11.4402
   11.4929
   11.5399
   11.5863
   11.6370
   11.6794
   11.7196
   11.7615
   11.8110
   11.8568
   11.8923
   11.9205
   11.9483
   11.9714
   11.9955
   12.0226
   12.0443
   12.0596
   12.0692
   12.0708
   12.0775
   12.0924
   12.1090
   12.1245
   12.1363
   12.1464
   12.1593
   12.1744
   12.1851
   12.1994
   12.2090
   12.2186
   12.2214
   12.2248
   12.2312
   12.2333
   12.2292
   12.2309
   12.2332
   12.2270
   12.2234
   12.2156
   12.2099
   12.2048
   12.1913
   12.1838
   12.1735
   12.1648
   12.1546
   12.1345
   12.1115
   12.0830
   12.0498
   12.0140
   11.9800
   11.9482
   11.9097
   11.8774
   11.8472
   11.8120
   11.7839
   11.7515
   11.7297
   11.7129
   11.7034
   11.6935
   11.6843
   11.6806
   11.6730
   11.6649
   11.6615
   11.6634
   11.6731
   11.6844
   11.6974
   11.7065
   11.7200
   11.7377
   11.7550
   11.7721
   11.8023
   11.8328
   11.8618
   11.8936
   11.9309
   11.9721
   12.0107
   12.0547
   12.0893
   12.1294
   12.1697
   12.2095
   12.2444
   12.2792
   12.3091
   12.3543
   12.4043
   12.4562
   12.5077
   12.5613
   12.6153
   12.6648
   12.7159
   12.7621
   12.8068
   12.8579
   12.9077
   12.9599
   13.0167
   13.0719
   13.1368
   13.2028
   13.2742
   13.3468
   13.4308
   13.5049
   13.5790
   13.6543
   13.7274
   13.7999
   13.8757
   13.9450
   14.0176
   14.0835
   14.1505
   14.2098
   14.2723
   14.3445
   14.4173
   14.4885
   14.5596
   14.6292
   14.7030
   14.7718
   14.8433
   14.9092
   14.9795
   15.0493
   15.1240
   15.2063
   15.2874
   15.3642
   15.4405
   15.5215
   15.5949
   15.6633
   15.7333
   15.8010
   15.8550
   15.9171
   15.9766
   16.0386
   16.1051
   16.1780
   16.2519
   16.3243
   16.3866
   16.4484
   16.5047
   16.5661
   16.6219
   16.6828
   16.7471
   16.8130
   16.8800
   16.9474
   17.0171
   17.0813
   17.1443
   17.2046
   17.2681
   17.3239
   17.3809
   17.4340
   17.4883
   17.5426
   17.6012
   17.6626
   17.7262
   17.7915
   17.8535
   17.9143
   17.9785
   18.0421
   18.1051
   18.1588
   18.2129
   18.2594
   18.3034
   18.3423
   18.3852
   18.4348
   18.4838
   18.5290
   18.5759
   18.6129
   18.6490
   18.6938
   18.7365
   18.7775
   18.8132
   18.8532
   18.8869
   18.9160
   18.9418
   18.9693
   18.9930
   19.0123
   19.0278
   19.0411
   19.0589
   19.0706
   19.0720
   19.0723
   19.0693
   19.0614
   19.0557
   19.0517
   19.0478
   19.0416
   19.0251
   19.0106
   18.9972
   18.9740
   18.9491
   18.9204
   18.8873
   18.8471
   18.8047
   18.7624
   18.7119
   18.6620
   18.6089
   18.5503
   18.4917
   18.4308
   18.3651
   18.2993
   18.2336
   18.1646
   18.0922
   18.0162
   17.9439
   17.8699
   17.7927
   17.7144
   17.6422
   17.5696
   17.4985
   17.4203
   17.3453
   17.2698
   17.1811
   17.0918
   16.9954
   16.8979
   16.8031
   16.7105
   16.6184
   16.5202
   16.4068
   16.2860
   16.1633
   16.0492
   15.9396
   15.8289
   15.7150
   15.6043
   15.4925
   15.3852
   15.2861
   15.1750
   15.0693
   14.9613
   14.8518
   14.7379
   14.6207
   14.5050
   14.3779
   14.2590
   14.1434
   14.0326
   13.9165
   13.8003
   13.6890
   13.5723
   13.4599
   13.3492
   13.2395
   13.1332
   13.0231
   12.9200
   12.8103
   12.7050
   12.6030
   12.4988
   12.3962
   12.2919
   12.1866
   12.0774
   11.9737
   11.8700
   11.7696
   11.6647
   11.5555
   11.4446
   11.3354
   11.2251
   11.1103
   10.9896
   10.8634
   10.7274
   10.5832
   10.4482
   10.3084
   10.1773
   10.0440
    9.9156
    9.7867
    9.6431
    9.5038
    9.3727
    9.2472
    9.1215
    8.9921
    8.8631
    8.7468
    8.6338
    8.5224
    8.4077
    8.2963
    8.1794
    8.0653
    7.9467
    7.8298
    7.7172
    7.5997
    7.4916
    7.3752
    7.2670
    7.1479
    7.0249
    6.8976
    6.7768
    6.6494
    6.5211
    6.3943
    6.2702
    6.1456
    6.0243
    5.9003
    5.7714
    5.6391
    5.5036
    5.3626
    5.2205
    5.0746
    4.9298
    4.7828
    4.6390
    4.4946
    4.3580
    4.2196
    4.0856
    3.9560
    3.8336
    3.7143
    3.6016
    3.4895
    3.3845
    3.2872
    3.1909
    3.1023
    3.0248
    2.9346
    2.8569
    2.7738
    2.6928
    2.6090
    2.5263
    2.4492
    2.3704
    2.2943
    2.2193
    2.1426
    2.0724
    1.9983
    1.9154
    1.8336
    1.7441
    1.6617
    1.5737
    1.4890
    1.4098
    1.3334
    1.2592
    1.1725
    1.0984
    1.0116
    0.9386
    0.8644
    0.7941
    0.7374
    0.6758
    0.6203
    0.5559
    0.5019
    0.4464
    0.3875
    0.3266
    0.2667
    0.2134
    0.1535
    0.1062
    0.0639
    0.0156
   -0.0283
   -0.0656
   -0.1128
   -0.1512
   -0.1896
   -0.2274
   -0.2724
   -0.3109
   -0.3553
   -0.4014
   -0.4442
   -0.4897
   -0.5402
   -0.5895
   -0.6422
   -0.6878
   -0.7334
   -0.7752
   -0.8172
   -0.8493
   -0.8886
   -0.9241
   -0.9573
   -0.9876
   -1.0229
   -1.0577
   -1.0881
   -1.1207
   -1.1488
   -1.1709
   -1.2023
   -1.2315
   -1.2590
   -1.2904
   -1.3118
   -1.3327
   -1.3497
   -1.3618
   -1.3756
   -1.3878
   -1.3951
   -1.3889
   -1.3936
   -1.3836
   -1.3840
   -1.3810
   -1.3791
   -1.3834
   -1.3822
   -1.3899
   -1.3811
   -1.3806
   -1.3707
   -1.3613
   -1.3481
   -1.3333
   -1.3218
   -1.2955
   -1.2713
   -1.2506
   -1.2146
   -1.1786
   -1.1390
   -1.0893
   -1.0473
   -1.0060
   -0.9634
   -0.9179
   -0.8779
   -0.8315
   -0.7839
   -0.7462
   -0.7012
   -0.6581
   -0.6181
   -0.5738
   -0.5421
   -0.5038
   -0.4710
   -0.4412
   -0.4110
   -0.3758
   -0.3405
   -0.3083
   -0.2806
   -0.2506
   -0.2245
   -0.1953
   -0.1634
   -0.1358
   -0.1169
   -0.0929
   -0.0705
   -0.0491
   -0.0200
    0.0068
    0.0286
    0.0558
    0.0831
    0.1207
    0.1445
    0.1590
    0.1736
    0.1941
    0.2048
    0.2171
    0.2300
    0.2413
    0.2429
    0.2418
    0.2309
    0.2168
    0.2011
    0.1771
    0.1513
    0.1211
    0.0831
    0.0440
    0.0061
   -0.0364
   -0.0760
   -0.1128
   -0.1556
   -0.2017
   -0.2480
   -0.2913
   -0.3270
   -0.3673
   -0.4065
