27458.8906
27458.4473
27458.4766
27458.8730
27458.9160
27458.8711
27458.8848
27459.2402
27459.1680
27459.2109
27459.4668
27459.4082
27459.3535
27459.3359
27459.2520
27459.3770
27459.4043
27459.6758
27459.4180
27459.6738
27459.8125
27459.5312
27459.6152
27459.2715
27459.3008
27458.9980
27459.0840
27458.9824
27458.7285
27459.0117
27458.7129
27458.5703
27458.5293
27458.1699
27458.3555
27458.1406
27457.8809
27457.8398
27457.8242
27458.0645
27458.1074
27457.9199
27457.8184
27457.8613
27458.1445
27457.8008
27458.2988
27457.7148
27458.0410
27457.8262
27457.7695
27457.5391
27457.6250
27457.1973
27457.5801
27457.0234
27457.5488
27457.3066
27456.9492
27457.2910
27456.8047
27456.6328
27457.0449
27457.0996
27456.9414
27457.0547
27457.0977
27457.1660
27457.1660
27457.0098
27457.3496
27456.8652
27456.9062
27456.6758
27456.9180
27456.8594
27457.6426
27456.7852
27457.2129
27457.7246
27457.6523
27457.9219
27458.1504
27458.6211
27458.9043
27458.9609
27458.7871
27458.9590
27458.9297
27459.2559
27458.7969
27458.7246
27458.8535
27458.5801
27458.2656
27458.3496
27457.6777
27457.5898
27457.6621
27457.6172
27457.4023
27457.5859
27457.5703
27457.8691
27457.9121
27457.2109
27458.3516
27457.9805
27457.9062
27458.3340
27458.5918
27458.1895
27458.3457
27458.7031
27458.8320
27458.2715
27458.6133
27458.2129
27458.0547
27458.2539
27457.6230
27457.8223
27457.7500
27457.6914
27457.8496
27457.9629
27458.2617
27458.0176
27458.4590
27458.2148
27458.2559
27458.7129
27458.6973
27458.9688
27459.5957
27459.8945
27460.2227
27460.6641
27460.6055
27461.1934
27461.3340
27461.3047
27462.1211
27461.9922
27462.2480
27462.3203
27462.8633
27462.6445
27463.0156
27462.7559
27462.6562
27462.1406
27462.1406
27461.8555
27461.5840
27461.3535
27461.3105
27460.9375
27460.7617
27460.7324
27460.9297
27460.5312
27460.4141
27460.2441
27460.4727
27460.4121
27460.2109
27459.9941
27459.9395
27459.9395
27459.6523
27459.7070
27459.2910
27459.6777
27459.6934
27460.8262
27460.2383
27460.3926
27460.6660
27460.5762
27461.1465
27460.7461
27461.1484
27461.1328
27461.1328
27460.8867
27461.1582
27460.5117
27460.8418
27460.9004
27460.7852
27461.0430
27461.0449
27460.7695
27461.0996
27460.8105
27460.9844
27460.9141
27460.4551
27460.9531
27460.6523
27461.1953
27460.8965
27461.1523
27460.5938
27460.8926
27460.7773
27460.8184
27460.8770
27460.8770
27460.9199
27461.1055
27461.1895
27460.5293
27460.8750
27461.0020
27460.9707
27461.0840
27460.3789
27460.5371
27460.2891
27460.8555
27460.2734
27460.9766
27460.5859
27461.2285
27461.2871
27461.0449
27460.9727
27460.9844
27460.9238
27461.0137
27461.3730
27461.3711
27461.6875
27461.5859
27461.7871
27461.7773
27462.0742
27461.5898
27461.4980
27461.3223
27461.0762
27461.4746
27461.4707
27461.6406
27461.4102
27461.3340
27461.2305
27461.1680
27460.7383
27460.1875
27460.3457
27460.0898
27460.1289
27459.6250
27459.7422
27459.6855
27459.2070
27459.3828
27459.0508
27459.0664
27458.8398
27459.2168
27459.4883
27459.7051
27459.9766
27460.3633
27459.9395
27460.0469
27460.1973
27459.4590
27459.0449
27459.4570
27458.9961
27459.2871
27459.6855
27459.5723
27459.2715
27458.9570
27459.1016
27459.1328
27459.1641
27459.4316
27459.3164
27459.3691
27459.4824
27459.1074
27458.6895
27458.6562
27458.8750
27458.9727
27459.1719
27459.2852
27459.6504
27459.3301
27459.0117
27458.9902
27458.7715
27458.9102
27458.7500
27459.3555
27459.3809
27459.4648
27459.3184
27459.5488
27459.4355
27459.6230
27459.8066
27459.6328
27459.3320
27459.0840
27459.1172
27459.3887
27459.5938
27459.7188
27459.7773
27460.3984
27460.0039
27461.1738
27461.4473
27462.5254
27462.0371
27462.3379
27462.1094
27462.5684
27462.6543
27462.9121
27463.1582
27463.2383
27463.2109
27463.3828
27463.2090
27463.7871
27463.8477
27464.0938
27464.2793
27463.9648
27463.4844
27463.5039
27463.4102
27463.3555
27463.3945
27463.2793
27463.2051
27463.0664
27462.9316
27462.6172
27462.5430
27462.2090
27462.3066
27462.0469
27461.8125
27461.7246
27461.4629
27461.4492
27461.2891
27461.0996
27461.0859
27460.9980
27460.9375
27460.7246
27460.6348
27460.3613
27460.0137
27460.0117
27460.1113
27460.1836
27460.2969
27460.4434
27460.0801
27460.1406
27460.1875
27460.1738
27460.1465
27460.2793
27460.5254
27460.8320
27461.0918
27461.0918
27460.6562
27459.7012
27458.7441
27458.3965
27458.7422
27458.9746
27458.9141
27458.3926
27458.0566
27458.2012
27458.4277
27458.3613
27458.3008
27458.1465
27458.0840
27457.9453
27457.7441
27457.5293
27457.2695
27457.6270
27457.6523
27457.7656
27458.0781
27458.2422
27458.4414
27458.7910
27458.7168
27458.7812
27458.9062
27459.0332
27459.0566
27459.1426
27459.2539
27459.1797
27459.2910
27459.3770
27459.1895
27459.2285
27459.0391
27458.9375
27459.0098
27459.2969
27459.2969
27459.1348
27459.1348
27459.2812
27459.3262
27459.3867
27459.3730
27459.3711
27459.4336
27459.5195
27459.7402
27459.6875
27459.4121
27458.9512
27458.5625
27458.7344
27458.9570
27459.3047
27459.2168
27458.9551
27458.9531
27459.0645
27458.9648
27458.6758
27458.6016
27458.5137
27458.6855
27458.4238
27458.3496
27458.1602
27458.1602
27458.0723
27457.9844
27458.0820
27458.1934
27458.2012
27457.8438
27457.8555
27457.7539
27457.6543
27457.5391
27457.4648
27457.2754
27457.1133
27456.9375
27456.7754
27456.6992
27456.7383
27456.5996
27456.5977
27456.6094
27456.5098
27456.4219
27456.5195
27456.4316
27456.3320
27456.3164
27456.2031
27456.2891
27456.2754
27456.2617
27456.2734
27456.1973
27456.2715
27456.1836
27456.1816
27456.1680
27456.1543
27456.1543
27456.0645
27456.0625
27456.0996
27455.9238
27455.9102
27455.9102
27455.9082
27455.9199
27455.9570
27455.9570
27456.0664
27455.9785
27455.9785
27456.0762
27456.2129
27456.2383
27456.2109
27456.4590
27456.4570
27456.6074
27456.6797
27456.7402
27456.7891
27456.6133
27456.5996
27456.6113
27456.6113
27456.5977
27456.3945
27456.3066
27456.3066
27456.3301
27456.5801
27456.5918
27456.6016
27456.6758
27456.7988
27456.8730
27456.8730
27456.7227
27456.5957
27456.7207
27456.6074
27456.6172
27456.4160
27456.4277
27456.4141
27456.4121
27456.4238
27456.5859
27456.5859
27456.6719
27456.7461
27456.8066
27456.8574
27456.9316
27456.9922
27456.9668
27456.9023
27456.6777
27456.6387
27456.6270
27456.6133
27456.6113
27456.8965
27456.9844
27457.0977
27457.1699
27457.2441
27457.2441
27457.2559
27457.1914
27457.1914
27457.1406
27457.0488
27457.0605
27457.0605
27457.0723
27457.0957
27457.1191
27457.0430
27457.1543
27457.1660
27457.2656
27457.3535
27457.4512
27457.4746
27457.3613
27457.3867
27457.3105
27457.3203
27457.4199
27457.2422
27457.2422
27457.2285
27457.2910
27457.1777
27457.2148
27457.1016
27457.1641
27457.0625
27457.2383
27457.2363
27457.3730
27457.4082
27457.6074
27457.4434
27457.4785
27457.6289
27457.6523
27457.5020
27457.6777
27457.3770
27457.4258
27457.6250
27457.6758
27457.5879
27457.4980
27457.6602
27457.6348
27457.7344
27457.7207
27457.5449
27457.8574
27457.4941
27457.7559
27457.3672
27457.2793
27457.4551
27457.1016
27457.3145
27457.3145
27457.0254
27457.2871
27457.0996
27457.5391
27457.0469
27457.6602
27457.5566
27457.7070
27458.0820
27458.1445
27458.1719
27458.4590
27458.6562
27458.4570
27458.6309
27458.6309
27458.4902
27458.8535
27458.5879
27458.5254
27458.3125
27458.2344
27458.3711
27457.9941
27458.0293
27458.0684
27457.9922
27458.0137
27457.9902
27458.0605
27458.0000
27458.2988
27458.3496
27458.5098
27458.7344
27458.7871
27459.1738
27459.3496
27459.5762
27459.4512
27459.6758
27459.3730
27459.9121
27459.5723
27459.9121
27459.6602
27459.6113
27459.8730
27459.8594
27459.6953
27460.0352
27459.6875
27459.9980
27459.8848
27459.8086
27459.8477
27460.0957
27460.2812
27460.3691
27460.1328
27460.4336
27460.4375
27460.4121
27460.2520
27460.6094
27460.4082
27460.9355
27460.3594
27460.8867
27460.6406
27460.6934
27460.7402
27460.5215
27460.7734
27460.4199
27460.3906
27460.1016
27459.9023
27459.9766
27459.7812
27460.0820
27460.0332
27460.1641
27459.7383
27460.1973
27460.2090
27460.3906
27460.2480
27460.1816
27459.9707
27460.0859
27460.2852
27460.2734
27460.1191
27460.3301
27460.1895
27460.4707
27460.5820
27460.9512
27461.0215
27461.2676
27461.3379
27461.5762
27461.2578
27461.8398
27461.3867
27461.5918
27461.1914
27461.5078
27461.2305
27461.3008
27461.6543
27461.4102
27461.6523
27461.2734
27461.4082
27461.4395
27461.3301
27461.6719
27461.5527
27461.8750
27461.3203
27461.8027
27461.5508
27461.3242
27461.6133
27461.2344
27461.7520
27461.4102
27461.4551
27461.3730
27461.5977
27461.1777
27461.6309
27461.5938
27461.5410
27461.6699
27461.8340
27461.4375
27461.6445
27461.3652
27460.9453
27461.5312
27461.1328
27461.2754
27461.3203
27461.3066
27460.8652
27461.4062
27460.6328
27461.5059
27461.0508
27460.5957
27461.1719
27460.8711
27460.9805
27461.0703
27461.2109
27461.2637
27461.2852
27461.2812
27461.3145
27461.4473
27460.9922
27461.0254
27460.4590
27460.5820
27460.4922
27460.8203
27460.6895
27460.5137
27460.1797
27459.8789
27460.0684
27459.6895
27459.8301
27459.6758
27459.8398
27459.9961
27459.4961
27459.6738
27459.5605
27459.6270
27459.5254
27458.9805
27458.8145
27458.5352
27458.5918
27458.3809
27458.4355
27459.1680
27458.8457
27459.0762
27458.4805
27458.2441
27458.2559
27458.1660
27458.5312
27458.3984
27457.8887
27457.7188
27457.7305
27457.4082
27457.5078
27457.7266
27457.4941
27457.5820
27457.7266
27457.6797
27457.7129
27457.4668
27457.9883
27457.4766
27457.6426
27457.4980
27457.7070
27457.2070
27457.4375
27457.0273
27457.3691
27457.5469
27457.4688
27457.4551
27456.9453
27457.0996
27457.2207
27457.2852
27457.1309
27457.3828
27457.2402
27457.3379
27457.2930
27457.2363
27457.5684
27457.5547
27457.3672
27457.6445
27457.7754
27457.6758
27458.0059
27457.6602
27457.8379
27457.6816
27458.3027
27457.9141
27458.4004
27458.3125
27458.3984
27458.1426
27457.8418
27458.1504
27458.0508
27457.6270
27457.9043
27457.2910
27457.3223
27457.2891
27457.0664
27457.3086
27457.0742
27457.0508
27456.9941
27457.3711
27457.3574
27457.0918
27457.1113
27457.3438
27456.9414
27457.3633
27457.6621
27457.1172
27457.5938
27457.0020
27457.0332
27457.1895
27456.9316
27457.3418
27457.2852
27457.1484
27457.4043
27457.4688
27457.4238
27457.4121
27457.4316
27457.2656
27457.7422
27457.4160
27457.6367
27457.6582
27457.7695
27457.6562
27457.7305
27457.8535
27458.1621
27457.9277
27457.8711
27457.9023
27457.9902
27457.9648
27457.8184
27457.9961
27458.1270
27457.8359
27457.9766
27458.3320
27458.2852
27458.4512
27458.2832
27458.7383
27458.8477
27458.9023
27459.1230
27458.8652
27459.3203
27459.4395
27459.4707
27459.4473
27459.8926
27459.7559
27459.7559
27459.7656
27460.0430
27460.0410
27460.3633
27460.3613
27460.0586
27460.6797
27460.3887
27460.5684
27460.5430
27460.6074
27460.6836
27460.8926
27461.0703
27461.0234
27461.2012
27461.8438
27461.9453
27462.1973
27462.5098
27462.5391
27462.8594
27463.1934
27463.5137
27463.5449
27464.0996
27464.4004
27464.4551
27464.4395
27464.6055
27464.8027
27464.9922
27464.7539
27464.7637
27464.8828
27464.9141
27465.0039
27465.0352
27465.0332
27464.7852
27465.3965
27465.2500
27465.7949
27465.5371
27465.9609
27465.9590
27466.4043
27466.5020
27466.4023
27467.0566
27467.1445
27467.1074
27467.2949
27467.4414
27467.7285
27467.9375
27467.4336
27467.9570
27467.8984
27467.3594
27467.5273
27467.3887
27467.4785
27467.5645
27467.7207
27467.8086
27467.9297
27468.0059
27467.4590
27467.5996
27467.4277
27467.3809
27467.1484
27467.4238
27467.5664
27467.6211
27467.8887
27468.0977
27468.4453
27469.5156
27469.4824
27469.5234
27469.4902
27469.5469
27469.4883
27469.9336
27470.0117
27469.8242
27470.4453
27470.0762
27470.3965
27470.5527
27470.6035
27470.6504
27470.6602
27470.2793
27470.4980
27470.7344
27470.2168
27470.8320
27471.0898
27470.8086
27471.2656
27471.3008
27471.6113
27471.4688
27471.8457
27471.5176
27471.7324
27471.7422
27471.8711
27471.4824
27471.8008
27471.6484
27472.0059
27471.9258
27471.8828
27471.7910
27471.8691
27471.4883
27471.9355
27471.5723
27471.2930
27471.3652
27471.0645
27471.3867
27471.1973
27471.0176
27471.0273
27470.9238
27471.2656
27470.9941
27470.4453
27470.5742
27470.0469
27469.9766
27469.5840
27469.3945
27469.7012
27469.2520
27468.9609
27468.8691
27468.6270
27468.4180
27468.4062
27468.2852
27468.6621
27468.6621
27469.3789
27469.1992
27468.9277
27469.0859
27468.8750
27468.7832
27468.6621
27468.6406
27468.3496
27468.9863
27469.4648
27469.6445
27469.3633
27469.2422
27468.7637
27468.4512
27467.9121
27467.9004
27467.6191
27467.6367
27467.4941
27467.7832
27467.9707
27468.1406
27467.6504
27467.2988
27467.2891
27466.8359
27466.2969
27466.0547
27466.1035
27466.0410
27466.0410
27466.2676
27465.9766
27465.7363
27465.8867
27465.7344
27466.0039
27465.7930
27465.3125
27465.3105
27464.8906
27465.2383
27464.9766
27464.4863
27465.0664
27464.7539
27464.7734
27464.5234
27464.6914
27464.4395
27464.7188
27464.7266
27464.7168
27464.4355
27463.6055
27463.8828
27463.4219
27463.0625
27463.1504
27462.8789
27462.8770
27462.6660
27462.5957
27462.2344
27462.8730
27462.7324
27463.1113
27462.7402
27462.4180
27462.3379
27462.1465
27462.3145
27461.7637
27462.4434
27462.1426
27462.3398
27462.1504
27462.3281
27461.9473
27461.9668
27462.3555
27462.4160
27461.7637
27461.5723
27461.7910
27461.5410
27461.6094
27462.1777
27461.7871
27462.0664
27461.8047
27461.8027
27461.5430
27461.6309
27461.7812
27461.0488
27460.8672
27461.1270
27460.5664
27460.6543
27460.2441
27460.1719
27459.8711
27459.6797
27459.9785
27460.2480
27459.6172
27459.6777
27459.6973
27459.6367
27459.4258
27459.0117
27459.5215
27459.3867
27459.3066
27459.0352
27458.7344
27458.7227
27458.2422
27458.1621
27458.3984
27458.3984
27458.2168
27458.1543
27457.3223
27457.4707
27458.1133
27458.0312
27458.0820
27458.1992
27458.3105
27458.2578
27458.2969
27458.4980
27458.3066
27458.1348
27458.2656
27458.5645
27458.5547
27458.2812
27458.5137
27458.2500
27458.4023
27458.1992
27458.1074
27457.8184
27457.9688
27457.9570
27458.2988
27458.4102
27458.3105
27458.8516
27458.8008
27458.4922
27458.8906
27459.1328
27458.9805
27458.8398
27458.8379
27458.8379
27458.5859
27458.4316
27458.7930
27458.7305
27458.4277
27458.1953
27457.6914
27457.7500
27457.2793
27457.7207
27457.4844
27457.5449
27458.0352
27458.4570
27458.8184
27459.3789
27459.0801
27459.6309
27459.6816
27459.7383
27459.6797
27460.2500
27459.7070
27459.9922
27460.5918
27460.5234
27461.1035
27460.7324
27460.7324
27460.6309
27460.7930
27460.3301
27460.2578
27460.1992
27460.4258
27460.4492
27460.8125
27460.4395
27460.9102
27460.9277
27461.2812
27461.4414
27461.1895
27461.5410
27461.5508
27461.3672
27461.2383
27461.0762
27460.9961
27461.3633
27460.8906
27461.3535
27461.0723
27460.8691
27460.9883
27461.0059
27460.9961
27461.0137
27460.9746
27461.3555
27461.0664
27461.2988
27460.6738
27461.1074
27461.1875
27460.7852
27460.6133
27460.9121
27460.4941
27460.0312
27460.3203
27461.0430
27460.9258
27461.0605
27461.4219
27461.5684
27462.0371
27462.1445
27462.3281
27462.1445
27462.0059
27461.6895
27461.3984
27461.4883
27460.9707
27461.1602
27460.6523
27460.3418
27460.4434
27460.2969
27460.3223
27460.0762
27459.7031
27459.6211
27459.7383
27459.7285
27459.8809
27459.7734
27460.0000
27460.0078
27460.2246
27460.6406
27460.9043
27461.3398
27461.8301
27462.0547
27462.6543
27462.3730
27463.2539
27463.0078
27463.0703
27463.3789
27463.1230
27462.9766
27462.2969
27462.2129
27461.8496
27461.7559
27461.6660
27461.9277
27461.5098
27461.5898
27461.1348
27461.1172
27461.4883
27461.3066
27460.9414
27461.3594
27460.8594
27460.4941
27460.5020
27459.8379
27459.9551
27459.9551
27459.8887
27459.7441
27459.7695
27459.5508
27459.6504
27459.3770
27458.9941
27458.7285
27458.8008
27458.7285
27459.0469
27458.4336
27458.9902
27458.5254
27458.1875
27458.7324
27458.8945
27458.3848
27458.5039
27459.0566
27458.7832
27458.4883
27458.9922
27458.4512
27458.0527
27457.7695
27458.3047
27458.3047
27458.5508
27458.0938
27458.2656
27457.9668
27458.0566
27458.2559
27458.3008
27458.1445
27458.6465
27458.5898
27458.5723
27459.4551
27459.0352
27458.8711
27459.5078
27459.8066
27459.6582
27459.6406
27460.0215
27460.1289
27460.4395
27460.4648
27459.9160
27460.1328
27460.2227
