27516.3301
27516.1777
27516.1035
27516.1094
27516.2109
27516.2227
27515.9629
27516.0000
27516.3906
27515.9336
27515.7578
27515.9707
27516.0605
27515.7852
27515.7871
27515.7930
27515.4043
27515.4805
27515.3652
27515.0703
27515.1445
27515.0605
27514.9570
27514.9570
27515.0332
27515.2168
27515.1289
27514.9297
27515.0156
27515.0156
27515.0273
27515.0215
27514.8398
27514.8555
27515.2441
27514.7852
27515.0723
27515.3730
27515.1816
27515.3789
27515.6641
27515.4902
27515.6953
27515.6016
27515.6973
27515.7168
27515.8184
27515.9102
27516.1191
27515.9258
27516.1152
27515.8516
27516.3984
27516.2324
27516.4297
27516.1543
27516.6348
27516.4414
27516.3457
27516.6465
27515.9883
27515.9844
27515.6152
27515.5312
27514.9746
27515.4551
27515.2773
27515.7676
27515.6035
27515.9785
27515.9727
27516.0801
27515.9902
27516.0098
27515.9160
27516.0117
27515.6328
27516.1133
27515.6387
27515.8438
27515.5488
27516.0293
27515.7363
27515.7461
27515.9375
27516.0469
27515.9434
27516.4141
27515.5586
27516.3262
27516.3262
27516.0352
27516.0352
27516.1289
27516.0273
27515.8340
27516.0137
27515.8438
27515.7305
27515.7266
27515.3418
27515.7324
27515.9180
27515.9238
27515.7441
27516.0234
27516.0293
27515.8555
27515.6621
27515.7754
27515.3809
27515.1113
27514.8359
27514.5469
27514.1699
27514.1816
27513.7012
27513.8926
27513.7988
27513.8789
27514.0801
27513.9043
27514.0059
27514.3965
27514.5762
27514.5820
27514.8730
27515.1582
27514.9941
27514.8145
27514.9141
27514.6426
27514.8438
27514.1836
27514.5645
27514.3887
27514.0039
27513.9141
27513.4336
27513.9062
27513.5352
27513.6250
27513.4355
27513.4375
27513.2461
27513.3320
27513.5430
27513.4473
27513.5586
27513.7520
27513.7480
27513.7578
27513.8574
27513.6777
27514.0645
27514.0801
27514.0762
27514.3691
27513.8945
27514.3750
27513.9102
27514.2910
27514.9727
27514.9824
27515.3770
27515.3867
27515.0078
27514.5469
27514.1621
27513.8809
27513.4180
27513.6113
27513.8047
27513.9004
27514.2773
27514.2871
27514.2930
27514.5801
27514.5898
27514.9590
27514.8750
27514.7793
27514.8711
27514.4844
27514.4844
27514.6816
27514.5000
27514.4961
27514.5000
27514.7832
27514.3027
27514.3926
27514.4746
27514.4746
27514.3945
27514.1895
27514.1953
27514.0078
27513.9043
27514.1914
27514.2070
27514.0195
27513.7344
27513.6504
27513.4531
27513.5586
27513.5488
27513.3652
27513.3496
27513.3457
27513.3613
27513.2559
27513.3613
27513.1758
27513.1855
27512.8008
27512.9941
27513.0039
27512.6973
27512.8906
27512.5059
27512.5098
27512.4102
27512.3164
27512.1289
27511.9395
27511.9453
27511.4766
27512.1484
27511.7695
27511.4824
27512.3379
27512.0547
27512.5332
27512.4375
27512.2441
27512.3574
27512.2676
27512.1934
27512.0039
27511.8281
27511.8184
27511.8281
27511.7305
27511.7324
27511.8379
27511.8281
27511.2637
27511.5371
27511.5430
27512.2109
27512.6738
27511.6250
27512.5801
27511.7246
27511.8184
27511.5254
27511.2305
27511.8145
27511.0410
27512.9453
27511.8047
27512.4590
27512.0859
27512.1777
27511.9883
27512.3691
27511.9980
27511.8066
27512.4883
27512.4883
27512.5840
27512.7773
27512.8711
27512.1973
27512.5859
27512.1074
27512.0137
27511.6309
27511.6367
27512.2090
27512.1191
27512.1191
27512.6953
27512.5020
27513.2676
27512.7930
27512.6016
27512.2207
27511.6348
27511.1523
27510.9492
27510.9395
27510.5703
27510.6621
27510.6660
27510.6660
27510.4863
27510.1035
27509.7070
27509.1348
27509.1270
27509.3262
27509.4238
27510.0859
27510.0000
27509.7090
27509.4277
27509.0449
27509.0586
27509.3398
27509.7324
27510.0293
27510.3008
27510.2109
27510.2109
27509.8242
27509.9219
27509.9355
27510.3125
27510.5078
27510.3203
27510.5137
27510.2168
27510.5996
27510.5918
27510.9883
27510.9746
27510.9746
27510.8809
27510.3086
27510.0195
27509.6465
27509.2539
27509.8281
27509.7891
27509.1602
27509.1602
27509.9297
27509.1602
27510.6895
27510.2070
27509.5312
27509.9141
27510.1094
27510.3926
27510.2910
27510.6699
27510.3809
27510.6699
27510.4844
27510.7715
27510.4844
27510.6758
27510.7715
27511.0547
27510.9590
27511.0508
27511.1465
27511.4395
27511.7207
27512.2031
27512.7793
27512.6875
27512.2051
27511.7344
27511.5449
27511.2617
27511.1699
27511.0801
27511.1758
27511.2754
27511.3809
27511.2852
27510.9980
27510.7109
27510.6191
27510.6152
27510.6152
27510.5176
27510.4219
27510.3203
27510.3203
27510.1250
27510.0312
27510.0215
27509.8262
27509.8262
27509.7305
27509.6348
27509.5410
27509.4414
27509.3359
27509.3359
27509.3359
27509.4336
27510.9746
27510.6777
27512.2109
27511.9199
27512.6895
27512.2070
27512.5000
27513.7500
27512.7930
27513.9453
27514.2383
27514.4297
27514.7129
27514.6133
27515.0000
27515.4805
27515.0059
27515.5801
27515.8691
27515.5859
27515.5938
27515.6074
27515.6113
27515.6074
27515.3223
27514.8477
27515.3301
27514.8594
27515.0586
27514.6680
27515.0527
27514.3828
27514.6641
27514.6699
27514.3672
27514.4707
27514.4668
27514.3750
27514.1875
27514.0957
27514.0000
27513.8066
27513.5059
27513.4023
27513.3145
27513.1348
27512.9434
27512.7383
27512.5449
27512.2520
27512.0605
27511.8789
27511.8906
27511.7988
27511.6191
27511.6328
27511.5449
27511.3516
27511.3477
27511.2441
27511.0488
27511.0508
27511.0469
27510.9473
27510.9395
27510.8418
27510.7383
27510.8301
27510.8223
27511.1113
27511.1973
27511.3027
27511.3066
27511.3066
27511.2070
27511.3027
27511.3105
27511.3125
27511.5996
27511.6094
27511.6133
27511.6133
27511.6133
27511.7129
27511.7207
27511.8262
27511.9277
27512.1309
27512.2266
27511.9395
27511.9570
27511.9688
27511.9688
27512.0762
27512.3711
27512.3711
27512.3711
27512.6562
27512.8438
27512.8438
27512.7617
27512.8574
27512.9590
27512.9590
27512.9629
27513.0625
27513.3457
27513.3496
27513.4473
27513.7344
27513.7402
27513.9375
27513.7559
27513.7715
27514.1523
27513.9648
27513.9648
27514.0527
27514.3281
27514.3223
27513.9316
27513.8301
27513.9316
27513.9277
27513.9199
27513.8223
27513.8223
27513.8184
27513.7363
27513.6562
27513.6602
27513.5723
27513.7676
27513.7676
27513.8633
27513.7676
27513.9609
27513.9629
27513.9707
27513.9746
27513.8730
27513.6855
27513.7812
27513.5859
27513.4941
27513.3965
27513.3965
27513.4941
27513.4023
27513.6914
27513.3984
27513.5918
27513.6836
27513.7793
27513.9766
27513.9766
27513.9707
27514.0625
27513.9629
27514.2461
27514.2539
27514.4590
27514.1738
27514.5664
27514.4707
27514.5723
27514.4727
27514.7598
27514.4883
27514.5918
27514.6914
27514.5918
27514.5000
27514.5996
27514.4141
27513.7383
27514.0195
27514.0195
27514.6934
27514.7852
27514.6895
27514.9746
27515.5527
27515.8359
27515.7402
27515.6367
27515.9316
27516.4004
27516.6816
27516.7734
27516.5820
27516.2930
27516.0098
27515.9258
27515.8281
27515.4551
27515.4551
27515.5547
27515.5527
27515.5625
27515.6562
27515.7559
27515.8516
27515.8516
27515.8438
27515.6562
27515.6289
27515.7598
27515.6641
27515.4688
27515.2715
27515.2578
27514.9746
27514.9629
27515.2500
27515.1582
27515.2520
27515.3477
27515.4316
27515.2520
27515.4492
27515.0566
27515.0645
27515.0723
27514.9805
27514.8711
27515.2754
27515.4668
27515.4727
27515.4805
27515.5801
27515.5918
27515.8809
27516.0820
27516.1816
27516.5605
27516.2734
27516.8379
27516.9316
27517.5977
27517.8887
27517.8965
27518.2773
27517.9043
27517.7031
27517.7148
27517.3281
27517.2441
27517.5488
27517.4707
27517.2871
27517.5703
27517.0898
27517.7812
27517.9746
27517.7852
27518.4609
27517.7930
27518.2617
27518.3574
27518.7363
27518.8438
27518.4629
27518.7520
27518.4629
27518.1738
27518.2617
27517.9648
27517.9609
27517.7676
27518.1465
27517.7598
27517.8535
27517.8535
27517.9551
27518.1406
27518.1445
27517.4805
27517.8652
27517.7656
27517.8652
27517.4805
27517.5781
27517.8652
27517.7695
27517.5781
27518.2383
27517.4727
27518.0508
27516.9941
27517.7578
27517.3535
27517.6543
27516.8828
27517.6523
27517.2656
27518.0273
27517.4453
27517.0488
27517.9297
27516.8633
27517.2461
27516.4648
27517.3242
27516.4727
27517.1406
27516.4648
27516.5625
27516.0840
27516.5586
27516.1797
27516.4609
27516.3652
27516.5469
27516.4512
27516.8418
27516.8418
27517.0293
27516.8438
27516.8359
27517.2305
27516.8398
27516.8340
27517.2305
27517.5078
27517.9160
27517.8008
27517.6250
27517.8242
27517.9375
27518.3223
27518.3145
27518.0312
27518.1328
27517.8535
27518.1445
27518.1406
27518.1523
27518.3438
27518.3438
27518.3477
27518.2617
27518.5566
27518.7500
27519.5234
27519.6172
27519.4238
27519.3301
27519.6230
27519.3242
27518.6445
27518.6543
27519.0449
27519.0488
27519.3379
27519.3379
27519.3359
27519.3457
27519.7305
27519.4316
27519.3535
27519.5449
27519.3613
27519.5684
27519.0684
27519.6582
27519.6621
27519.7656
27520.7324
27520.6523
27520.6523
27520.6465
27520.3652
27520.5605
27520.8574
27520.3633
27520.6680
27520.6582
27520.7539
27520.8477
27521.0586
27521.1465
27521.1602
27521.4434
27521.5371
27521.8301
27521.6270
27521.8340
27522.2148
27522.1113
27522.7051
27522.6094
27522.9141
27522.9062
27523.1035
27523.2891
27523.4902
27523.2930
27523.7715
27523.5859
27523.7812
27523.8770
27524.5430
27524.1602
27524.4512
27524.5508
27524.6484
27524.8438
27525.1230
27525.0293
27525.0273
27525.1172
27525.0215
27525.3281
27525.8164
27525.8164
27525.8105
27526.0742
27525.7891
27526.0879
27526.1934
27526.2832
27526.5664
27526.7715
27526.7676
27526.5703
27526.9629
27526.7695
27527.2598
27527.1465
27527.3359
27527.3516
27527.2461
27527.6328
27527.5430
27527.8242
27527.8281
27527.9219
27527.8203
27528.2051
27527.8105
27528.1875
27528.2832
27528.4805
27528.1855
27528.2793
27528.5742
27528.6738
27528.7715
27528.5664
27528.8555
27528.9551
27528.9492
27529.0430
27529.3301
27529.0449
27529.6152
27529.4375
27530.0078
27529.6289
27530.0195
27529.8164
27529.9238
27529.8223
27530.0156
27529.8223
27530.3105
27530.0078
27530.3047
27530.3027
27530.3086
27530.8828
27530.3008
27530.2070
27530.6035
27531.1855
27531.2754
27531.1895
27531.3730
27531.2891
27531.5762
27531.8750
27531.9590
27532.0645
27532.4590
27532.4590
27532.5508
27532.5586
27532.5527
27532.8516
27532.6504
27532.9590
27532.7578
27532.7676
27532.9551
27533.1660
27532.9648
27532.8789
27533.0645
27532.4902
27532.5879
27532.5898
27532.3965
27532.6953
27532.6973
27532.8047
27532.6113
27532.5137
27532.8965
27532.5137
27532.6133
27532.6172
27532.6152
27532.6152
27532.5117
27532.6074
27532.6074
27532.6094
27532.6992
27532.3086
27532.5117
27532.2129
27532.2070
27532.2090
27531.9238
27531.5176
27531.9062
27531.6191
27531.6094
27531.3203
27531.0234
27530.7285
27530.8223
27530.6328
27530.6289
27530.6328
27530.3418
27530.5234
27530.6270
27530.6230
27530.9961
27530.8086
27531.1074
27530.7227
27531.0137
27530.8203
27531.0117
27530.6289
27530.6367
27530.6328
27531.0195
27530.9316
27531.3164
27530.9453
27531.0312
27530.6465
27530.6504
27530.3594
27530.5449
27530.3594
27530.3672
27530.4668
27530.4668
27530.7676
27530.6641
27530.6641
27531.0605
27530.8633
27530.8672
27531.0527
27530.8652
27530.7637
27530.7637
27530.6758
27530.6797
27530.5898
27530.6816
27530.8730
27530.5840
27530.6836
27530.5898
27530.5898
27530.8672
27530.4922
27531.0801
27530.5918
27530.7832
27530.9766
27530.7871
27530.6934
27530.8789
27530.8789
27530.8867
27530.9785
27531.0742
27531.0762
27531.3730
27531.0762
27531.3730
27531.4668
27531.2676
27531.3652
27531.5625
27531.8535
27531.6621
27531.5586
27531.7637
27531.7578
27531.9688
27531.8691
27531.9590
27532.0684
27532.1660
27531.9727
27531.6797
27531.9727
27531.6836
27531.6855
27531.6953
27531.8066
27531.9922
27531.8105
27532.0039
27531.7168
27532.2090
27532.3086
27532.4141
27532.4199
27532.6289
27532.7246
27532.5352
27533.0273
27532.7402
27532.7441
27532.7500
27532.5625
27532.7578
27532.6621
27532.7656
27532.5742
27532.8770
27532.7773
27532.7793
27532.8809
27533.1719
27533.3652
27533.2656
27534.0430
27534.0449
27534.3340
27534.3223
27533.8457
27533.6504
27533.5488
27533.3633
27533.0723
27533.2656
27533.4590
27533.7480
27533.6543
27534.0430
27534.1406
27534.0469
27533.4648
27533.6621
27533.7637
27533.1719
27533.6719
27533.4785
27533.5762
27533.6777
27533.3848
27533.7754
27533.6895
27533.6836
27533.9746
27533.6836
27533.8906
27533.6973
27533.8926
27534.1777
27533.8906
27534.0879
27533.6953
27533.5098
27533.6172
27533.5254
27533.3262
27533.2324
27533.3379
27533.1367
27533.1367
27533.7305
27533.3418
27533.4453
27533.3457
27533.1523
27533.1562
27533.1406
27532.9473
27532.4668
27531.9727
27531.2832
27531.5781
27531.8672
27532.1621
27532.2637
27532.1680
27531.7773
27531.8789
27532.1660
27532.1621
27531.5898
27531.5957
27531.5938
27531.7871
27532.1758
27532.5684
27531.6836
27530.6152
27529.6406
27529.1602
27529.2559
27529.0645
27529.6445
27530.2344
27531.0176
27531.6016
27531.4082
27530.9297
27530.5410
27529.7617
27529.3730
27528.7969
27528.6914
27528.4004
27528.8027
27528.9844
27529.1855
27529.3730
27528.9844
27528.9805
27528.4922
27528.1016
27528.1035
27527.8047
27527.6133
27527.5117
27527.3184
27527.5117
27527.1191
27527.4160
27527.4121
27527.2188
27527.2129
27527.2207
27527.8047
27527.5098
27528.3945
27528.4922
27528.8789
27529.0723
27529.0742
27529.0762
27528.7793
27528.2891
27528.2871
27528.0957
27527.9961
27527.8066
27527.6973
27528.0898
27527.7891
27528.0781
27528.0664
27528.1621
27528.2520
27527.8633
27528.3438
27528.2539
27528.0449
27527.7539
27527.5605
27527.7520
27528.0469
27528.1367
27528.3320
27527.9355
27527.7441
27527.6367
27527.5391
27527.4336
27527.5352
27527.4375
27527.1445
27527.0332
27526.5488
27526.2480
27525.8594
27525.3711
27525.4688
27525.1875
27525.0859
27525.0898
27524.8965
27524.8926
27525.1816
27525.1914
27525.4766
27525.4785
27525.5781
27525.3730
27525.5742
27525.5684
27525.6680
27525.5703
27525.4688
27525.3672
27525.1738
27525.1660
27524.7832
27524.8750
27524.8789
27524.6855
27524.7871
27524.7871
27524.6875
27524.8789
27524.7812
27524.9746
27525.1699
27524.7734
27524.8691
27524.8633
27524.6699
27524.4766
27524.5645
27524.5723
27524.5703
27524.5840
27524.8633
27524.6758
27524.6660
27524.5508
27524.4609
27524.4648
27524.0703
27523.9746
27523.9961
27523.9629
27523.7676
27523.7559
27523.8613
27523.8477
27523.7520
27523.7578
27523.5449
27523.5527
27523.3555
27523.2930
27523.3613
27523.5469
27523.6504
27523.8379
27523.6406
27523.6406
27523.6465
27523.8477
27523.8496
27523.7480
27523.7520
27524.3398
27524.1484
27524.3398
27524.4395
27524.4395
27524.3398
27524.2441
27524.5371
27524.4434
27524.6387
27524.4414
27524.2461
27523.8516
27523.3652
27523.5605
27523.5625
27523.1680
27522.7812
27521.9902
27521.8984
27521.7949
27521.7051
27521.6074
27521.6992
27522.2871
27522.6836
27522.5840
27522.4824
27522.6777
27522.6758
27522.9590
27523.4512
27523.6465
27523.8281
27523.7402
27523.8320
27523.6426
27523.4336
27523.7383
27523.8262
27523.9316
27524.0215
27523.8242
27523.2344
27523.6211
27523.0371
27523.2246
27523.2363
27523.0352
27523.0352
27523.2422
27523.0410
27523.1426
27523.0508
27523.3418
27522.9590
27523.1504
27522.9551
27523.1504
27522.6562
27522.3672
27522.7539
27522.4629
27522.6602
27522.7559
27522.9531
27523.2539
27523.0566
27523.2500
27523.6445
27524.2324
27524.8203
27525.3066
27525.1152
27524.8086
27524.4258
27523.9355
27523.6445
27523.6406
27523.6465
27523.7461
27523.5449
27523.6387
27523.7441
27523.7559
27524.1348
27524.2383
27523.8516
27523.3633
27523.7637
27523.5723
27523.3848
27523.2891
27523.1895
27522.8066
27523.1016
27522.7051
27522.6074
27522.5195
27522.7051
27522.7109
27522.9082
27523.0137
27522.5176
27522.7129
27523.0117
27522.7148
27523.1074
27523.0098
27523.1055
27523.0117
27523.6016
27523.1191
27523.2207
27523.6055
27523.6152
27523.4082
27523.9062
27523.5176
27523.5234
27523.6211
27523.6211
27523.8145
27524.1133
27524.0098
27524.0137
27523.9043
27523.8027
27523.6055
27523.4102
27523.5039
27523.9023
27523.8984
27524.3926
27524.3926
27524.5977
27524.2988
27524.5938
27523.8047
27524.2969
27524.3047
27524.7852
27525.0918
27525.9746
27525.8750
27526.1680
27525.8750
27525.5801
27525.5820
27525.1875
27525.5859
27525.2891
27525.8809
27526.8574
27526.8652
27526.8652
27525.1953
27523.9258
27522.6465
27522.4551
27522.1562
27523.6367
27526.1914
27527.7637
27530.0332
27532.0918
27533.9688
27535.2402
27535.6406
27535.4492
27534.7559
27534.1719
27533.5820
