28098.0098
28098.0840
28098.0586
28097.9062
28097.8008
28097.6230
28097.5977
28097.6191
28097.4727
28097.5703
28097.6445
28097.6445
28097.7461
28097.8926
28098.0664
28098.0391
28098.0625
28098.1836
28098.3047
28098.2539
28098.2266
28098.2754
28098.2500
28098.1484
28098.0996
28098.0742
28098.1211
28098.0469
28098.1465
28098.2734
28098.1973
28098.1719
28098.2715
28098.3457
28098.3203
28098.3457
28098.4180
28098.4707
28098.2969
28098.3477
28098.4004
28098.3242
28098.3984
28098.4258
28098.5508
28098.5020
28098.4531
28098.6523
28098.5273
28098.5000
28098.4492
28098.4707
28098.3691
28098.4961
28098.7207
28098.7988
28098.9766
28099.1816
28099.3574
28099.4844
28099.6348
28099.6602
28099.8359
28099.9082
28099.9570
28099.9766
28100.0742
28100.1465
28100.2676
28100.3418
28100.3145
28100.3633
28100.2617
28100.1836
28099.9590
28099.9062
28099.8750
28099.7754
28099.8750
28099.9746
28100.0254
28100.1289
28100.2070
28100.2598
28100.3379
28100.4141
28100.3398
28100.3184
28100.2188
28100.2188
28100.3438
28100.4180
28100.4902
28100.5664
28100.5664
28100.6875
28100.6855
28100.7598
28100.8066
28100.8066
28100.7852
28100.8574
28100.7832
28100.8359
28100.7617
28100.7871
28100.8145
28100.8867
28100.8867
28100.9121
28101.0117
28100.9648
28100.8164
28100.8418
28100.7422
28100.6934
28100.6191
28100.6191
28100.4707
28100.4707
28100.3984
28100.3711
28100.3711
28100.1484
28100.0742
28099.9004
28099.9258
28099.8047
28099.8047
28099.7832
28099.8086
28099.6855
28099.5859
28099.4395
28099.3398
28099.1914
28099.2637
28099.2637
28099.3652
28099.4629
28099.5371
28099.6113
28099.6621
28099.7617
28099.8145
28099.8145
28099.9141
28099.9141
28099.9141
28099.8398
28099.7656
28099.7129
28099.8613
28099.8359
28099.9082
28100.0547
28100.0547
28100.2031
28100.2500
28100.3496
28100.4961
28100.7168
28100.7910
28100.8633
28100.9395
28100.9121
28100.9590
28100.8809
28100.7539
28100.6484
28100.4688
28100.4141
28100.3633
28100.2363
28100.2832
28100.2832
28100.4102
28100.3340
28100.4355
28100.5137
28100.4922
28100.5664
28100.5918
28100.6641
28100.7109
28100.7578
28100.7324
28100.7578
28100.7578
28100.6367
28100.6152
28100.5938
28100.5723
28100.6250
28100.7031
28100.6836
28100.7617
28100.7617
28100.7598
28100.6348
28100.6816
28100.5547
28100.4766
28100.2480
28100.1680
28100.0684
28099.8691
28099.6953
28099.7207
28099.5996
28099.5527
28099.5781
28099.5781
28099.5254
28099.5254
28099.5723
28099.4980
28099.5723
28099.5703
28099.4238
28099.3496
28099.3984
28099.3965
28099.3711
28099.3691
28099.4512
28099.4688
28099.5430
28099.5684
28099.6406
28099.7402
28099.8145
28099.9141
28100.0352
28100.0078
28100.0078
28099.9082
28099.9531
28100.0000
28099.9277
28099.9746
28099.9199
28099.9961
28099.9199
28099.9199
28099.9453
28099.9258
28099.9512
28099.8105
28099.7891
28099.7422
28099.6680
28099.5742
28099.5742
28099.5469
28099.4727
28099.4727
28099.4727
28099.3984
28099.3984
28099.3984
28099.3438
28099.2715
28099.1719
28099.0977
28099.0703
28099.0703
28099.0703
28099.1914
28099.1172
28099.2637
28099.3105
28099.3848
28099.4570
28099.5566
28099.6035
28099.7500
28099.8242
28099.8965
28099.8965
28099.9492
28100.0215
28100.0215
28100.1211
28100.1465
28100.1953
28100.2930
28100.2930
28100.1719
28100.1445
28100.0723
28099.9727
28099.9707
28099.8242
28099.7500
28099.6973
28099.6230
28099.5508
28099.5508
28099.5957
28099.5234
28099.6230
28099.6953
28099.6953
28099.7949
28099.7480
28099.8945
28099.8477
28099.9473
28099.9473
28100.0195
28100.0195
28100.1934
28100.1914
28100.2930
28100.4395
28100.4395
28100.5586
28100.4844
28100.3848
28100.3301
28100.3047
28100.2051
28100.1777
28100.1230
28099.9961
28100.0430
28100.0156
28099.8887
28099.9883
28100.0430
28100.1211
28100.3008
28100.5527
28100.6543
28100.7266
28100.6738
28100.5938
28100.4668
28100.5586
28100.5840
28100.6387
28100.6914
28100.7441
28100.7500
28100.6973
28100.7168
28100.5820
28100.4766
28100.3945
28100.2617
28100.1348
28100.1074
28100.0801
28100.1348
28100.1328
28100.1328
28100.1328
28100.1328
28100.1328
28100.1328
28100.0586
28100.0859
28100.0840
28100.1113
28100.0898
28100.1172
28100.1152
28100.1152
28100.0879
28100.1895
28100.1895
28100.1621
28100.1348
28100.1348
28100.1348
28100.0859
28100.1133
28100.1660
28100.1191
28100.0918
28100.1191
28100.1445
28100.1992
28100.2773
28100.4121
28100.4648
28100.4395
28100.3574
28100.3047
28100.2500
28100.3223
28100.4512
28100.5293
28100.8359
28100.9434
28101.0781
28101.3301
28101.4844
28101.5117
28101.5117
28101.5840
28101.6367
28101.6641
28101.5840
28101.3945
28101.2070
28100.8926
28100.6035
28100.4219
28100.3223
28100.3027
28100.3105
28100.2617
28100.3164
28100.3965
28100.5039
28100.6094
28100.6719
28100.7246
28100.7246
28100.6973
28100.7168
28100.8359
28100.9824
28101.0273
28101.1289
28101.2012
28101.1543
28101.0801
28101.0059
28101.0059
28100.9785
28100.8789
28100.8789
28101.0508
28101.0234
28101.1250
28101.2246
28101.3516
28101.3770
28101.5586
28101.6113
28101.6641
28101.7188
28101.9199
28101.9453
28102.0000
28101.9512
28102.0254
28102.0254
28101.9980
28101.9707
28102.0156
28101.8906
28101.7617
28101.6348
28101.5801
28101.5078
28101.4336
28101.3887
28101.1680
28101.0684
28100.9688
28100.9414
28100.8867
28100.8867
28100.8867
28100.7852
28100.7129
28100.5664
28100.5664
28100.5742
28100.5273
28100.5801
28100.6074
28100.4609
28100.4336
28100.5527
28100.5254
28100.5723
28100.6719
28100.8164
28100.8164
28100.8887
28100.9082
28100.8555
28100.8281
28100.7988
28100.8730
28100.9980
28101.0527
28101.1523
28101.2520
28101.2520
28101.1973
28101.2441
28101.1426
28101.1152
28101.1152
28101.1152
28101.1875
28101.2148
28101.3145
28101.5137
28101.6875
28101.8145
28102.0586
28102.2324
28102.3770
28102.5234
28102.5684
28102.3945
28102.1484
28102.0020
28101.9824
28101.8926
28101.8730
28101.7812
28101.7617
28101.7441
28101.6445
28101.5684
28101.5156
28101.4863
28101.4609
28101.3340
28101.2051
28101.1777
28101.1777
28101.2227
28101.2500
28101.3496
28101.4512
28101.4785
28101.5312
28101.5859
28101.6660
28101.6387
28101.6465
28101.6738
28101.7012
28101.7539
28101.8906
28101.9727
28102.1270
28102.1816
28102.1543
28102.1445
28102.2617
28102.2520
28102.2266
28102.2461
28102.2188
28102.2363
28102.2539
28102.2266
28102.1992
28102.2715
28102.2695
28102.2891
28102.3086
28102.2520
28102.2441
28102.2168
28102.1426
28102.0684
28102.0410
28101.9961
28101.9961
28101.9238
28101.9512
28101.9766
28102.1035
28102.1309
28102.0586
28102.1582
28102.2383
28102.1934
28102.2480
28102.3477
28102.3281
28102.3105
28102.3652
28102.3926
28102.3281
28102.4082
28102.5645
28102.6191
28102.7012
28102.7812
28102.9531
28103.0996
28103.1719
28103.2441
28103.2891
28103.3164
28103.2715
28103.2988
28103.2812
28103.3613
28103.4707
28103.5332
28103.5430
28103.6523
28103.6797
28103.6895
28103.7441
28103.7969
28103.8242
28103.9062
28104.0332
28104.1152
28104.2246
28104.2793
28104.3340
28104.4883
28104.5977
28104.6523
28104.8359
28104.9258
28104.9629
28105.0000
28104.9102
28104.8906
28104.8457
28104.7461
28104.6562
28104.5371
28104.4199
28104.2559
28104.2832
28104.3105
28104.3105
28104.2949
28104.3672
28104.3672
28104.3672
28104.3398
28104.3125
28104.2578
28104.1582
28104.1309
28104.1309
28104.0586
28104.0859
28104.0859
28104.0859
28104.0137
28103.9395
28103.9668
28103.9668
28103.9492
28103.9492
28104.0684
28103.9395
28103.8574
28103.7207
28103.6836
28103.6758
28103.7637
28103.8086
28104.0098
28104.0371
28104.1914
28104.2480
28104.3027
28104.2754
28104.4199
28104.4473
28104.4473
28104.4023
28104.3574
28104.2949
28104.2051
28104.0156
28104.0430
28104.0703
28104.1699
28104.2422
28104.4141
28104.3867
28104.5332
28104.5605
28104.5332
28104.4785
28104.4785
28104.3789
28104.2773
28104.2324
28104.2051
28104.1777
28104.0332
28104.0059
28104.0059
28104.0059
28104.0059
28104.0781
28104.1777
28104.2324
28104.3164
28104.3262
28104.3262
28104.2539
28104.2812
28104.1543
28104.1270
28104.0996
28104.0996
28104.0254
28103.9824
28104.0098
28104.0098
28103.9824
28103.9102
28103.8105
28103.8105
28103.7383
28103.7930
28103.6484
28103.6035
28103.5859
28103.6152
28103.8145
28103.9141
28104.0430
28104.1152
28104.2148
28104.2871
28104.4141
28104.4414
28104.6152
28104.8418
28104.9531
28105.1992
28105.4707
28105.5996
28105.6992
28105.7266
28105.8105
28105.9375
28106.0918
28106.1758
28106.3301
28106.3691
28106.3965
28106.5254
28106.6074
28106.6816
28106.7539
28106.6816
28106.5254
28106.5430
28106.4141
28106.3594
28106.4062
28106.3594
28106.3711
28106.4551
28106.3926
28106.4043
28106.4316
28106.4766
28106.5039
28106.4766
28106.5059
28106.6504
28106.7324
28106.8047
28106.9785
28107.0059
28106.9160
28106.9902
28107.0449
28107.0898
28107.1172
28107.2461
28107.1738
28107.2734
28107.3027
28107.3301
28107.3574
28107.4023
28107.3457
28107.3906
28107.3906
28107.3906
28107.4199
28107.5762
28107.4043
28107.4473
28107.4941
28107.6367
28107.7090
28107.6992
28107.7324
28107.8379
28107.6270
28107.4883
28107.6230
28107.7109
28107.8105
28108.3008
28108.5566
28108.8105
28108.9688
28109.0957
28109.1113
28108.9004
28108.7617
28108.7676
28108.6113
28108.5684
28108.5234
28108.5801
28108.6914
28108.8457
28108.8750
28109.1016
28109.2754
28109.2461
28109.3184
28109.4062
28109.4961
28109.6836
28109.9004
28110.1445
28110.2012
28110.3848
28110.5527
28110.8750
28111.1973
28111.3086
28111.5547
28111.6699
28111.7695
28111.7988
28112.0098
28112.2168
28112.5664
28112.8086
28112.9746
28113.1191
28113.0801
28112.8672
28112.9570
28112.9746
28112.9746
28113.1016
28113.1699
28113.1797
28113.2910
28113.2090
28113.0977
28112.9746
28113.0195
28113.0352
28113.1504
28113.2520
28113.3086
28113.3086
28113.2344
28113.4922
28113.7324
28113.8164
28113.9434
28114.0996
28114.2109
28114.2852
28114.3008
28114.3164
28114.4043
28114.5527
28114.7148
28115.0020
28115.1621
28115.2676
28115.4160
28115.3750
28115.3516
28115.2832
28115.1426
28115.0215
28114.8125
28114.5762
28114.3398
28114.1875
28113.9648
28113.7793
28113.6680
28113.7109
28113.5566
28113.5430
28113.4160
28113.5312
28113.4473
28113.5625
28113.6055
28113.7070
28113.8223
28113.6816
28113.7129
28113.6895
28113.6797
28113.6289
28113.6309
28113.4902
28113.5059
28113.5625
28113.6895
28113.8301
28114.1699
28114.3535
28114.5254
28114.6133
28114.6152
28114.8184
28114.8223
28115.0254
28115.1406
28115.5117
28115.6289
28115.7988
28115.9258
28116.1270
28116.1543
28116.1973
28116.2695
28116.3301
28116.1875
28116.2910
28116.2207
28116.1816
28116.2949
28116.4941
28116.3984
28116.3730
28116.4883
28116.8027
28116.8340
28117.1055
28117.4453
28117.5176
28117.4473
28117.6191
28117.7910
28117.7188
28118.0020
28118.1133
28118.2539
28118.4082
28118.6934
28118.9766
28119.1602
28119.3887
28119.7441
28120.0293
28120.3848
28120.6836
28120.8828
28121.1836
28121.4707
28121.4883
28121.3926
28121.4551
28121.2598
28121.2207
28121.3496
28121.5625
28121.8906
28122.0742
28122.2012
28122.3301
28122.4844
28122.5430
28122.5742
28122.6309
28122.7031
28122.6738
28122.7168
28122.7148
28122.7559
28122.9688
28123.1367
28123.5469
28123.8574
28124.1113
28124.3789
28124.5488
28124.6895
28124.9297
28125.0293
28124.9844
28125.0684
28125.1113
28124.7012
28124.2227
28123.5430
28123.0215
28122.5840
28122.3848
28122.4570
28122.6270
28122.8125
28122.9727
28123.1426
28123.2969
28123.5098
28123.6797
28123.9062
28124.2344
28124.4199
28124.8027
28125.1152
28125.3555
28125.7402
28126.1250
28126.3086
28126.5078
28126.7637
28126.9453
28127.0527
28127.2285
28127.4062
28127.4375
28127.5254
28127.5547
28127.5801
28127.4551
28127.5391
28127.6250
28127.8613
28128.0020
28128.3730
28128.5176
28128.5957
28128.6738
28128.8203
28128.7344
28128.8047
28128.9277
28128.9043
28128.9688
28128.9609
28129.0840
28129.2832
28129.3848
28129.5820
28129.7676
28129.9512
28130.1250
28130.3770
28130.5625
28130.7363
28130.9102
28131.0703
28131.1680
28131.2461
28131.1934
28131.3652
28131.3105
28131.3945
28131.5508
28131.7578
28131.6953
28131.7617
28131.8379
28131.9727
28132.1055
28132.3125
28132.5234
28132.6523
28132.7734
28132.7578
28132.7305
28132.7129
28132.6152
28132.5879
28132.4844
28132.3086
28132.1309
28132.2305
28132.1719
28132.3438
28132.4863
28132.5000
28132.6133
28132.6836
28132.7266
28132.6992
28132.8555
28132.8965
28132.7812
28132.5371
28132.3223
28132.3066
28132.1621
28132.0488
28132.0195
28132.0020
28131.8320
28131.7031
28131.7168
28131.7148
28131.5586
28131.5293
28131.4707
28131.4004
28131.3262
28131.2266
28131.0273
28131.0117
28131.0234
28130.9531
28130.8945
28130.8652
28130.8633
28130.8066
28131.0781
28131.3496
28131.5488
28131.5762
28131.6191
28131.5059
28131.2480
28131.0176
28130.8457
28130.8594
28130.8008
28130.7578
28130.8145
28130.8281
28130.5410
28130.3848
28130.1699
28130.0547
28129.8672
28129.6523
28129.4238
28129.3242
28128.9512
28128.6211
28128.2363
28127.9902
28127.5898
28127.2480
28127.0469
28126.8301
28126.7148
28126.5703
28126.6562
28126.5996
28126.4824
28126.3965
28126.3379
28126.0957
28125.7070
28125.5508
28125.3633
28125.2773
28125.1602
28125.1465
28125.0039
28124.8301
28124.7305
28124.5996
28124.5000
28124.4707
28124.5273
28124.5547
28124.5820
28124.6387
28124.5664
28124.4941
28124.4805
28124.2930
28124.2500
28124.3066
28124.3926
28124.4473
28124.4473
28124.5762
28124.8047
28124.9883
28125.0605
28125.3613
28125.3750
28125.3027
28125.1875
28125.0293
28124.7422
28124.6543
28124.3828
28124.2109
28123.9395
28123.6816
28123.3516
28123.0801
28122.8789
28122.6367
28122.3926
28122.1211
28121.9336
28121.7344
28121.4043
28121.1758
28121.0020
28120.7734
28120.6738
28120.5723
28120.5996
28120.6719
28120.6992
28120.6270
28120.6836
28120.7539
28120.6523
28120.7090
28120.6504
28120.6348
28120.3770
28120.1172
28119.8887
28119.7891
28119.7441
28119.6719
28119.7578
28119.7305
28119.5020
28119.3027
28118.9746
28118.7324
28118.5605
28118.4883
28118.4023
28118.3438
28118.2852
28118.1719
28117.8848
28117.5586
28117.4004
28117.1445
28116.9590
28116.7871
28116.6582
28116.5000
28116.3008
28116.3418
28116.0410
28115.7695
28115.3848
28115.0117
28114.8105
28114.5273
28114.3828
28114.1836
28114.0391
28113.9824
28113.8711
28113.9551
28113.9707
28114.1992
28114.1426
28114.2285
28114.2852
28114.3574
28114.4727
28114.5293
28114.5586
28114.5859
28114.6270
28114.5566
28114.4258
28114.2266
28114.1543
28113.9688
28113.8848
28113.7578
28113.7598
28113.6035
28113.7188
28113.6934
28113.7500
28113.6777
28113.6777
28113.5762
28113.4902
28113.4316
28113.3730
28113.3438
28113.2988
28113.1406
28113.0547
28112.9141
28112.3164
28111.6914
28110.9551
28110.2012
28109.6504
28109.2520
28109.0684
28108.9531
28108.8242
28108.5664
28108.3359
28108.0781
28107.8047
28107.3887
28107.0723
28106.8418
28106.5137
28106.2266
28105.8555
28105.4844
28105.1543
28104.9844
28104.7402
28104.4980
28104.2852
28104.1016
28104.0293
28103.9590
28103.8574
28103.8711
28103.9121
28103.8418
28103.8691
28103.9395
28103.9980
28103.9395
28103.9102
28103.8809
28103.7812
28103.6523
28103.5938
28103.5762
28103.8320
28104.1270
28104.4531
28104.8906
28105.1855
28105.1992
28105.1543
28104.8652
28104.6367
28104.0938
28103.4805
28102.7969
28102.1699
28101.6465
28101.1484
28100.7812
28100.5840
28100.6289
28100.5605
28100.9199
28101.2480
28101.7031
28102.1445
28102.5273
28102.7676
28102.7852
28102.6719
28102.4160
28102.0625
28101.7773
28101.3945
28101.0820
28101.0117
28100.8691
28100.7559
28100.8281
28100.7266
28100.7559
28100.6543
28100.4844
28100.4844
28100.3848
28100.4551
28100.5957
28100.6953
28100.7676
28100.7949
28100.7949
28100.8535
28100.8105
28100.8398
28100.7695
28100.7402
28100.6387
28100.5566
28100.5273
28100.4395
28100.2793
28100.1914
28100.1758
28100.0449
28100.0449
28100.0586
28100.0410
28099.9531
28100.0645
28100.0059
28099.9648
28099.9629
28099.9219
28099.8633
28099.7344
28099.6465
28099.5879
28099.5859
28099.5430
28099.5020
28099.5312
28099.5898
28099.5781
28099.4355
28099.4355
28099.3340
28099.1055
28098.9355
28098.7520
28098.6250
28098.4844
28098.2715
28098.1426
28098.1719
28098.0898
28098.1348
28098.1816
28098.2695
28098.3691
28098.3398
28098.2812
28098.2227
28098.2344
28098.3047
28098.3750
28098.4609
28098.5215
