27401.0469
27400.7578
27400.8066
27401.1953
27401.2910
27401.3594
27401.4961
27401.6914
27401.8867
27402.0859
27401.8867
27401.8926
27401.7031
27401.7441
27401.7500
27401.7500
27401.6602
27401.6133
27401.8125
27401.5176
27401.4707
27401.2324
27401.1855
27401.0957
27400.9609
27400.8184
27400.8242
27400.5859
27400.7285
27400.9141
27401.2480
27401.5273
27401.9609
27402.1523
27402.4961
27402.1621
27401.9434
27401.3672
27401.1289
27401.1816
27401.4238
27401.7148
27401.9668
27401.9922
27402.2480
27402.4004
27402.6445
27402.5566
27402.4590
27402.3145
27402.2617
27402.2715
27402.2207
27402.2148
27402.0059
27402.1016
27402.2500
27402.2441
27402.4492
27402.3438
27402.2441
27402.2969
27402.1934
27402.1504
27402.1055
27402.1016
27402.3066
27402.1055
27402.3105
27402.5547
27402.4941
27402.6367
27402.7891
27402.8809
27402.9844
27402.7363
27402.7559
27402.4160
27401.9258
27401.9473
27401.7910
27402.0469
27402.4961
27402.8262
27403.5117
27403.5957
27403.9961
27403.8613
27403.9785
27403.7441
27403.6094
27403.7129
27403.8652
27404.0137
27404.2168
27404.3262
27404.3691
27404.3750
27404.4297
27404.5293
27404.4863
27404.4961
27404.5000
27404.4941
27404.5391
27404.5898
27404.5391
27404.6348
27404.7305
27404.2852
27404.2812
27404.3301
27404.4219
27404.5254
27404.4727
27404.3691
27404.3223
27404.1855
27404.1445
27403.9414
27403.9375
27403.8965
27404.1035
27404.1406
27403.9902
27404.0410
27404.0938
27404.0977
27403.8047
27403.8359
27403.7090
27403.5059
27403.5059
27403.6133
27403.5098
27403.4141
27403.3125
27403.4609
27403.5078
27403.3047
27403.4922
27403.5918
27403.6328
27403.4844
27403.7832
27403.5840
27403.8887
27403.7910
27403.6953
27403.5508
27403.4551
27403.5547
27403.5156
27403.5156
27403.2578
27403.5703
27403.4141
27403.2246
27403.2734
27403.2656
27403.0703
27403.1191
27402.7188
27402.8652
27402.6133
27402.7148
27402.4648
27402.3164
27402.4727
27402.5156
27402.2734
27402.2793
27402.2324
27402.0312
27402.2832
27402.2363
27402.0820
27401.9902
27401.9863
27401.9434
27401.9336
27401.9336
27401.8340
27401.7441
27401.8848
27401.7969
27401.8594
27401.6113
27401.5684
27401.5117
27401.8066
27401.8145
27401.9590
27402.2539
27402.6387
27402.9727
27403.1172
27403.1543
27403.3984
27403.6348
27403.7285
27403.7812
27403.5664
27403.2773
27403.2285
27403.0801
27402.9766
27402.7344
27402.7246
27402.6250
27402.5801
27402.4277
27402.3770
27402.0801
27402.2246
27402.2324
27402.0312
27401.9316
27401.6758
27401.6289
27401.4316
27401.3281
27401.1348
27401.2383
27401.0820
27400.7832
27400.8281
27400.7793
27400.4648
27400.6641
27400.5098
27400.6621
27400.7617
27400.7578
27401.0098
27400.6074
27400.5586
27400.6113
27400.1133
27400.2109
27400.0605
27400.0684
27399.9648
27399.9160
27399.7148
27399.4648
27399.4688
27399.5098
27399.3105
27399.5547
27399.8926
27399.0684
27399.4512
27399.4961
27399.4512
27399.4395
27399.6465
27399.3926
27399.6426
27399.6914
27399.6348
27399.5352
27399.3418
27399.4805
27399.1465
27399.0938
27399.2910
27399.0957
27399.1934
27399.1387
27399.0938
27399.2852
27399.0039
27399.0938
27399.0430
27399.2422
27399.1465
27399.1875
27399.1426
27399.0430
27399.0000
27398.8965
27398.8496
27399.0449
27399.0918
27399.2910
27399.0000
27399.1484
27399.5000
27399.5957
27399.7461
27399.7422
27399.7520
27399.8965
27399.9512
27399.6543
27399.6074
27399.2598
27399.1602
27399.2109
27399.0117
27398.9043
27399.1055
27399.5000
27399.3027
27399.5078
27399.4180
27399.3320
27399.2363
27399.1855
27398.9844
27399.1836
27399.1309
27399.0801
27399.3672
27399.3164
27399.3633
27399.4043
27399.6484
27399.9824
27399.9883
27400.0410
27400.0859
27400.2383
27400.0430
27399.7480
27399.9023
27399.6543
27399.5117
27399.3730
27398.7344
27398.4023
27398.2109
27398.2109
27398.2148
27398.2129
27398.4160
27398.4688
27398.4199
27398.2266
27398.1777
27398.1777
27397.9316
27397.9297
27397.6836
27397.7891
27397.5430
27397.4473
27397.3984
27397.1504
27397.2539
27397.0566
27397.0566
27396.8613
27396.6172
27396.6133
27396.5195
27396.1250
27396.1270
27396.0273
27396.2715
27396.7109
27396.7578
27396.8496
27397.0508
27396.9473
27397.1484
27397.0938
27396.9980
27397.0488
27397.2461
27397.3477
27397.5449
27397.9902
27398.0938
27398.3965
27398.4961
27398.4473
27398.4023
27398.4492
27398.4961
27398.6953
27398.6445
27398.7910
27398.8398
27398.9395
27399.0898
27399.3867
27399.5820
27399.7305
27399.9805
27400.0312
27400.0820
27400.2949
27400.3809
27400.5332
27400.7344
27400.6348
27400.7285
27400.6797
27400.5781
27400.3809
27400.1836
27400.2324
27400.4316
27400.5312
27400.7305
27400.8262
27400.9785
27401.3281
27401.4805
27401.6309
27401.6328
27401.6738
27401.8984
27401.9160
27402.0625
27402.1152
27402.0508
27401.5762
27401.0352
27400.5332
27400.3867
27400.5000
27400.4355
27400.5352
27400.5879
27400.6895
27400.9824
27400.7891
27400.6914
27400.7891
27401.0391
27400.9922
27401.0430
27401.1445
27401.1953
27401.3438
27401.4922
27401.3457
27401.3984
27401.3984
27401.4473
27401.5957
27401.5488
27401.8438
27401.7969
27401.8945
27401.7441
27401.8945
27401.9941
27402.0938
27402.0410
27402.0410
27402.0391
27402.0859
27402.1348
27402.1328
27402.0840
27402.2812
27402.2832
27402.4297
27402.4824
27402.5820
27402.6309
27402.6797
27402.5801
27402.5273
27402.5254
27402.3770
27402.3789
27402.3281
27402.3789
27402.4277
27402.6777
27402.7754
27402.8750
27402.8223
27402.7734
27402.8223
27402.8242
27402.8730
27402.8223
27402.7715
27402.9199
27402.9160
27403.0176
27403.0664
27403.0664
27403.0664
27403.0645
27403.1133
27403.2129
27403.2637
27403.2656
27403.1680
27403.0703
27402.8711
27402.8184
27402.8164
27402.7656
27402.7148
27402.6641
27402.6113
27402.5625
27402.8105
27402.9082
27402.9570
27403.0039
27403.0527
27402.9512
27402.9512
27402.9512
27403.0996
27402.9004
27403.0488
27403.1484
27403.1973
27403.1973
27403.0449
27403.0469
27403.1973
27403.1953
27403.2461
27403.2461
27403.1953
27403.2480
27403.2480
27403.3496
27403.0957
27403.1465
27403.0430
27402.9922
27402.9395
27402.7891
27402.8887
27402.8887
27403.1914
27403.1406
27403.3398
27403.4414
27403.4941
27403.6973
27404.2539
27403.9473
27404.5059
27404.5547
27405.0098
27405.0098
27405.1621
27405.3613
27405.3652
27405.1641
27405.4648
27405.4141
27405.2617
27405.3125
27405.2109
27405.1602
27405.1113
27405.0625
27405.3125
27405.5117
27405.4609
27405.5586
27405.6094
27405.5078
27405.6055
27405.6035
27405.5527
27405.5020
27405.5020
27405.5000
27405.5996
27405.8965
27405.9453
27406.1445
27406.1934
27406.0918
27406.0410
27406.1895
27406.2891
27406.4375
27406.6367
27406.7363
27406.7852
27406.7363
27406.6348
27406.4824
27406.3828
27406.3340
27406.2852
27406.3340
27406.3320
27406.4824
27406.5312
27406.4805
27406.4805
27406.3301
27406.3809
27406.2305
27406.1797
27406.2793
27406.2793
27406.3281
27406.4277
27406.5254
27406.5762
27406.6758
27406.7285
27406.7793
27406.7793
27406.8301
27406.8809
27407.0801
27407.3301
27407.7305
27408.1855
27408.5352
27408.4316
27408.0293
27407.8789
27407.6270
27407.7266
27407.7773
27407.9766
27408.2285
27408.1777
27408.2793
27408.3789
27408.3281
27408.3281
27408.3262
27408.1758
27408.1250
27408.1250
27408.0762
27408.2246
27408.2246
27408.3730
27408.3730
27408.4238
27408.5234
27408.6758
27408.8242
27408.8242
27408.9238
27408.9727
27409.0723
27409.0723
27409.1230
27409.1719
27409.0723
27409.1211
27408.9199
27408.7207
27408.7695
27408.7188
27408.7676
27408.6172
27408.9688
27409.0176
27408.9688
27409.1680
27409.1191
27409.2188
27409.4688
27409.4688
27409.6191
27409.7188
27409.7188
27409.8691
27409.8691
27409.8164
27409.8164
27409.9160
27410.0664
27410.0156
27410.1660
27409.7129
27409.2109
27408.8105
27408.2109
27408.2090
27408.3086
27408.3086
27408.5098
27408.7090
27408.8086
27409.0078
27409.1582
27409.3574
27409.2578
27409.5059
27409.5566
27409.5566
27409.4570
27409.5566
27409.8574
27409.8555
27409.7559
27409.9062
27410.1543
27410.4043
27410.8535
27411.5527
27412.1523
27412.5020
27412.7031
27412.5527
27412.5020
27412.4004
27412.3008
27412.5000
27412.4004
27412.4004
27412.2012
27412.0508
27411.8008
27411.8008
27411.6992
27411.5996
27411.4492
27411.2480
27411.1484
27410.9980
27410.9980
27410.8477
27410.9961
27411.0977
27411.2461
27411.4453
27411.4941
27411.4941
27411.4434
27411.5430
27411.6426
27411.8438
27411.8418
27411.8926
27411.8926
27411.9414
27411.9082
27411.9414
27412.1406
27412.3906
27412.4395
27412.6406
27412.6406
27412.8379
27412.6895
27412.7383
27412.7383
27412.5879
27412.7383
27412.7363
27412.5371
27412.8848
27412.9863
27413.0352
27413.0352
27412.9844
27413.0352
27412.9844
27412.9336
27413.0332
27412.6836
27412.8340
27412.7324
27412.9824
27413.0332
27413.2324
27413.3809
27413.2305
27413.1289
27413.0293
27413.2285
27413.3281
27413.4277
27413.4785
27413.5273
27413.5254
27413.6758
27413.6738
27413.6895
27413.5742
27413.8203
27413.9727
27413.8223
27413.9238
27413.9727
27413.7246
27413.8223
27413.7734
27413.6211
27413.5195
27413.7207
27413.5684
27413.7188
27413.3184
27413.4688
27413.5664
27413.5645
27413.8164
27414.0664
27414.3184
27414.6172
27414.6191
27414.8145
27414.6660
27415.0176
27415.3164
27415.1641
27415.3613
27415.5625
27415.5605
27415.6094
27415.6113
27415.8594
27415.5605
27415.8105
27415.6641
27415.8613
27415.6133
27415.7109
27415.8125
27415.7109
27416.3613
27416.0625
27416.1621
27416.2109
27416.0098
27415.9082
27416.0586
27416.0078
27415.9609
27415.8613
27416.0137
27416.2637
27416.5156
27416.6641
27416.8633
27416.9629
27417.2598
27417.4609
27417.4121
27417.4629
27417.6582
27417.7559
27418.0000
27418.1504
27418.0996
27418.3496
27418.2031
27418.0020
27418.2012
27418.6523
27418.8984
27418.7480
27419.0957
27419.1934
27419.1445
27419.2949
27419.5938
27419.5430
27419.6934
27419.6934
27419.6934
27419.5430
27419.7441
27419.4961
27419.2012
27419.3457
27419.4473
27419.4922
27419.4434
27419.3457
27419.0996
27419.0996
27419.1484
27419.1016
27419.1484
27419.2480
27419.2500
27419.0469
27419.0488
27418.9961
27418.8477
27418.8496
27418.5957
27418.7969
27418.7969
27418.7480
27418.6484
27418.8008
27418.8008
27418.6973
27418.7012
27418.4512
27418.4512
27418.1973
27418.2500
27418.0430
27417.6934
27417.4922
27417.6445
27417.3926
27417.5957
27417.3438
27417.1406
27417.0391
27417.0469
27416.8457
27416.8457
27417.0020
27417.3555
27417.5137
27417.5605
27417.4609
27417.5645
27417.8613
27417.7148
27417.6641
27417.6133
27417.4648
27417.4648
27417.4102
27417.3652
27417.4629
27417.3691
27417.3184
27416.7207
27416.5703
27416.6211
27416.4277
27416.4277
27416.2793
27416.4766
27416.3770
27416.4258
27416.1289
27416.1250
27416.6191
27416.5156
27416.8633
27416.7129
27417.0117
27417.5039
27417.4531
27417.4023
27417.8047
27417.5488
27417.7539
27417.8535
27417.9004
27418.0039
27418.0996
27418.4004
27418.2480
27418.3984
27418.4980
27418.3965
27418.4004
27418.2012
27418.4531
27418.7500
27418.8516
27418.8027
27419.0059
27419.1035
27418.7578
27418.6582
27418.5117
27418.7578
27418.4629
27418.5605
27418.7559
27418.8086
27418.7109
27418.7090
27418.6621
27418.5625
27418.3672
27418.7207
27418.5645
27418.5625
27418.4609
27418.3105
27418.2598
27418.4609
27418.6113
27418.6113
27418.8672
27418.3555
27418.7109
27418.7109
27419.0508
27419.0020
27419.2500
27419.3008
27419.2969
27419.2441
27419.1445
27419.1484
27418.9980
27418.6445
27418.7500
27418.5977
27418.3945
27418.4883
27418.3906
27418.2812
27418.2910
27418.1895
27418.4414
27418.3887
27418.2910
27418.1406
27418.1934
27417.8496
27417.6465
27417.2480
27416.7090
27416.4121
27416.2637
27416.1172
27416.1230
27416.1738
27416.5215
27416.7715
27416.9219
27417.1250
27416.9219
27416.5762
27415.6797
27415.0430
27414.5996
27414.1582
27414.1602
27413.9570
27413.8633
27413.9102
27414.0059
27414.2031
27414.1973
27414.4004
27414.7949
27414.5977
27414.5449
27414.2461
27414.2910
27414.0410
27414.1973
27414.1426
27414.1445
27414.2969
27414.2949
27414.5527
27414.5000
27414.3496
27414.1992
27414.2480
27414.1992
27414.1465
27413.9980
27413.8945
27413.5957
27413.5938
27413.4395
27413.3926
27413.6387
27413.2910
27413.4316
27413.2891
27413.0410
27412.9902
27412.9922
27412.8945
27412.8945
27412.5938
27412.6426
27412.6445
27412.6953
27412.6934
27412.9395
27413.1855
27412.8809
27413.0312
27412.9785
27412.8809
27412.6309
27412.5840
27412.5254
27412.6777
27412.8164
27412.3281
27412.3281
27412.2754
27412.2715
27412.2246
27412.1211
27412.0215
27412.2617
27412.6055
27413.1875
27413.4824
27413.3301
27413.3672
27413.2168
27413.3672
27413.1152
27413.3223
27412.7715
27412.3770
27412.5332
27411.7871
27411.7422
27411.7383
27411.5332
27411.4766
27411.3242
27411.4668
27411.4668
27411.4219
27411.1719
27411.1211
27411.0703
27411.1133
27410.7695
27410.5176
27410.7676
27410.5176
27410.5137
27410.5605
27410.4082
27410.4082
27410.3145
27409.9590
27409.6016
27409.6992
27409.5371
27409.4922
27409.4336
27409.3359
27409.5801
27409.5723
27409.6172
27409.4629
27409.2637
27409.1719
27409.0234
27408.7734
27408.6738
27408.5273
27408.4824
27408.2207
27408.1797
27408.0723
27408.2168
27408.1660
27408.2168
27407.9688
27407.8105
27407.7617
27407.7031
27408.0039
27407.9473
27408.2422
27408.3477
27408.2891
27408.3867
27408.3828
27408.4883
27408.5820
27408.4805
27408.4336
27408.2891
27408.0957
27407.7012
27407.6602
27407.2812
27407.0977
27406.6074
27406.5059
27406.0215
27406.4121
27405.8320
27405.8281
27406.1250
27406.1250
27406.1309
27406.1699
27406.2715
27406.2695
27406.1660
27406.1172
27405.8652
27406.0645
27406.2617
27406.3086
27406.4062
27406.3086
27406.4551
27406.5605
27406.1191
27405.9707
27406.0254
27405.6738
27405.8281
27405.5918
27405.8828
27405.8320
27405.8770
27405.8379
27405.8867
27405.8418
27405.4004
27405.5898
27405.3008
27405.2109
27404.9688
27404.8652
27404.5195
27404.9102
27404.6758
27404.7090
27404.9102
27405.4395
27405.5742
27405.6699
27405.8633
27406.0020
27406.1484
27405.9551
27405.9590
27405.9102
27405.7129
27405.5605
27405.6074
27405.5566
27405.3613
27405.2637
27405.1270
27405.3281
27405.2812
27405.7285
27405.6191
27405.4160
27405.1152
27405.3594
27405.0645
27404.7695
27404.7852
27405.1191
27404.9297
27404.9668
27404.8145
27405.0059
27405.0000
27405.0508
27405.1504
27405.3457
27405.1465
27405.3379
27405.5234
27405.0605
27404.5176
27404.9258
27405.8555
27405.1816
27405.1816
27405.3770
27405.3184
27405.2617
27405.1133
27404.6016
27404.3574
27404.1523
27404.4199
27404.5371
27404.4473
27404.5918
27404.7441
27404.4883
27404.4395
27404.3438
27404.1914
27404.2461
27404.1465
27403.9336
27403.7812
27403.8301
27403.7734
27403.5723
27403.2363
27403.2363
27403.1406
27402.9434
27403.0430
27403.1504
27403.3105
27403.3066
27403.3496
27403.0059
27402.8105
27402.7129
27402.8613
27402.6133
27402.1641
27402.7090
27402.8164
27402.5117
27402.4199
27402.3203
27402.6230
27402.3750
27402.3145
27402.1836
27402.3340
27402.2969
27402.3066
27402.4004
27402.4082
27402.7949
27402.8984
27402.6465
27402.6953
27402.5859
27402.4766
27402.4258
27402.5234
27402.6152
27402.4648
27402.3594
27402.6367
27402.5332
27402.3926
27402.4902
27402.2363
27402.3848
27402.2871
27401.9414
27402.1309
27401.9746
27401.8789
27401.6816
27401.8223
27401.4766
27401.8301
27401.5332
27401.7852
27401.6797
27401.4902
27401.8848
27401.4902
27401.4883
27401.2500
27401.2461
27401.4492
27401.3184
27401.4531
27401.4883
27401.2871
27401.3340
27401.9160
27402.0586
27402.6406
27402.7832
27402.7832
27402.9434
27402.9824
27403.0391
27402.8438
27403.0000
27402.7441
27402.7324
27402.5859
27402.4941
27402.6074
27402.4980
27402.3984
27402.5117
27402.4492
27402.3496
27402.4062
27402.1094
27402.1523
27402.3574
27402.4609
27402.3223
27402.1855
27402.1367
27402.4414
27402.1973
27402.4453
27402.6367
27402.6367
27402.3398
27402.2363
27402.1016
27401.9062
27401.8633
27401.6621
27401.8672
27401.9199
27401.8770
27401.7852
27401.9805
27401.8906
27401.7988
27402.0430
27401.7578
27401.7559
27401.8652
27402.1504
27402.3516
27402.1699
27401.8750
27402.0137
27401.8320
27401.9688
27401.9688
27401.9688
27402.0176
27402.1113
27402.1699
27402.0645
27402.3164
27402.0645
27402.1172
27402.3008
27402.4492
27403.0762
27403.3613
27403.4551
27403.7461
27403.8359
27403.9414
27403.7402
27404.1816
