27478.0371
27477.9492
27478.1523
27477.9316
27478.2402
27477.9316
27478.0332
27478.1230
27478.2266
27478.5352
27478.5254
27478.7324
27478.9414
27478.8359
27478.8379
27478.5254
27478.7285
27478.8223
27478.8301
27478.8203
27478.6074
27479.0312
27479.0273
27479.0371
27479.2422
27478.9414
27478.9375
27478.8359
27479.4648
27479.6602
27479.9785
27480.1895
27480.5000
27480.4062
27480.5039
27480.1992
27480.2051
27480.5176
27480.4121
27480.2988
27480.6074
27480.5098
27480.4062
27480.7148
27480.2910
27480.3008
27480.1816
27480.3027
27480.1875
27480.5039
27480.7109
27480.9219
27480.9180
27480.9316
27481.2285
27480.9336
27481.0215
27481.1309
27481.0371
27481.0254
27481.2461
27481.2500
27481.1328
27480.9219
27481.0312
27481.2324
27481.5391
27481.4316
27481.4297
27481.5391
27481.5273
27481.7461
27481.4336
27481.6465
27481.5352
27481.1230
27481.2012
27481.2266
27481.2129
27481.1953
27481.2988
27481.3926
27481.1797
27481.4746
27481.0508
27480.8418
27481.4648
27480.8398
27481.2520
27481.1387
27480.9453
27481.0488
27480.7344
27481.2559
27480.8535
27481.4688
27480.9727
27481.5918
27481.4863
27481.7930
27481.4902
27481.5879
27481.4844
27481.1641
27480.8516
27480.7695
27480.9414
27480.7441
27480.8477
27480.8340
27480.8262
27481.0430
27480.9355
27481.0273
27480.7129
27480.4199
27480.4102
27480.0078
27480.1133
27480.3125
27480.1230
27480.3223
27480.4277
27480.6328
27479.9082
27480.1094
27479.7910
27479.9004
27479.9902
27480.0977
27480.4043
27480.5957
27481.1094
27481.2031
27481.3906
27481.6895
27482.1934
27482.2812
27482.4883
27482.3691
27482.1582
27481.9531
27481.6211
27481.3164
27481.3086
27481.2012
27481.3926
27482.3223
27482.5156
27482.5215
27482.4219
27481.8184
27481.1992
27481.0020
27480.2910
27480.5000
27480.1914
27479.9961
27480.6152
27481.0254
27481.2246
27480.8242
27480.6211
27480.0078
27480.4121
27480.6172
27480.4180
27480.7285
27479.7031
27479.7031
27479.5039
27479.9121
27479.4102
27479.0898
27478.5762
27478.6484
27478.1504
27478.6582
27478.7539
27479.3711
27479.7656
27479.3633
27479.1465
27479.0449
27479.0430
27479.1504
27479.2480
27478.9551
27478.8438
27478.6348
27478.4316
27478.4258
27477.8086
27478.3281
27478.2168
27478.0176
27478.0117
27477.5000
27477.3066
27477.8066
27477.5039
27477.6973
27477.3945
27477.3887
27477.0918
27477.3926
27477.1914
27477.4941
27477.2891
27477.2871
27476.9785
27477.0742
27477.0723
27477.2930
27476.6699
27476.9727
27477.3828
27477.5820
27477.4961
27477.3906
27478.1113
27479.1211
27478.0078
27478.0918
27478.4082
27478.7012
27478.4922
27477.9863
27478.0879
27478.1914
27478.3965
27477.7793
27477.8711
27477.8711
27477.6602
27477.5566
27477.7578
27478.9844
27479.8965
27478.8848
27479.4980
27480.1152
27480.2246
27480.6211
27481.2363
27481.2305
27481.4395
27481.5410
27482.0527
27482.8730
27482.2676
27482.6875
27482.5801
27481.9727
27482.2773
27482.3887
27481.9766
27481.5684
27481.8848
27481.2676
27481.3750
27480.8633
27480.4570
27480.0391
27480.1348
27479.8242
27479.9180
27480.2168
27478.9980
27479.8125
27478.9902
27479.3125
27478.8086
27479.3105
27479.1133
27478.6992
27479.0977
27478.8945
27478.5938
27478.1934
27477.9824
27477.5723
27477.1641
27477.8730
27477.6699
27478.0742
27478.2773
27478.0781
27478.1895
27478.5957
27478.2852
27478.3848
27478.5820
27478.7852
27479.5918
27479.8027
27480.0117
27480.5195
27480.8301
27481.2344
27481.3379
27481.3262
27481.5273
27481.5254
27481.7305
27481.5215
27481.3184
27481.4160
27481.5117
27481.5156
27481.2148
27481.3203
27480.9102
27481.0059
27480.5938
27480.8965
27480.6914
27480.7793
27481.0898
27480.7637
27480.8594
27481.1445
27480.7441
27481.0430
27480.6387
27480.8340
27480.8301
27480.8242
27480.7188
27481.3262
27481.1230
27481.1191
27481.1211
27480.9062
27480.7012
27480.5938
27480.6914
27480.2891
27480.6035
27480.0918
27480.7031
27480.2969
27480.6016
27480.3984
27480.5000
27480.0957
27480.4004
27479.9980
27480.1016
27480.2090
27480.3066
27480.3105
27480.5176
27480.5176
27480.5215
27480.4199
27480.5234
27480.4238
27480.3223
27480.3223
27480.5254
27480.2227
27480.2246
27480.1270
27480.1309
27480.1309
27480.2285
27480.1250
27480.3262
27480.1191
27480.0215
27479.8164
27479.5098
27479.4082
27479.2051
27478.8965
27478.7891
27478.4785
27478.4727
27478.4727
27478.4785
27478.4941
27478.5078
27478.5117
27478.5059
27478.2988
27478.5020
27478.5078
27478.6152
27478.4082
27478.8105
27478.3027
27478.5059
27477.9980
27478.2031
27477.7969
27477.5977
27477.2949
27477.2969
27477.3926
27477.5957
27477.7949
27478.1953
27478.8008
27478.9980
27479.7051
27479.8047
27480.3105
27480.6133
27480.9141
27481.1172
27481.1133
27481.3145
27481.4141
27481.6152
27481.6133
27481.5117
27481.8164
27481.7168
27481.6152
27481.5098
27481.7090
27481.7090
27481.8105
27481.8105
27481.6055
27481.2988
27481.0938
27480.9902
27480.9902
27480.7852
27480.7832
27480.4746
27480.0703
27479.9707
27479.7734
27479.4727
27479.4707
27479.1641
27479.1582
27479.1582
27479.1602
27479.1602
27479.3594
27479.2578
27479.0586
27479.1602
27479.1602
27479.1582
27479.1602
27479.2598
27479.1602
27479.1602
27479.1602
27479.1602
27479.2598
27479.4590
27479.5234
27479.4609
27479.5625
27479.4590
27479.3594
27479.1582
27479.2578
27479.1582
27479.2598
27479.2617
27479.3633
27479.4629
27479.7656
27480.0723
27480.0703
27480.1699
27480.0684
27480.0684
27480.1680
27480.1680
27480.0664
27479.9629
27479.7617
27479.7598
27479.6582
27479.5566
27479.6562
27479.7559
27479.6543
27479.6543
27479.6523
27479.5508
27479.4473
27479.4453
27479.4453
27479.4453
27479.7480
27479.7480
27479.6465
27479.6445
27479.6445
27479.7441
27480.0469
27480.0449
27480.2441
27480.2441
27480.2422
27480.3418
27480.0371
27480.2363
27480.0352
27479.9277
27479.9277
27479.7246
27479.6211
27479.4160
27479.1133
27479.1133
27479.0117
27479.1113
27479.1113
27479.0098
27478.8066
27478.8066
27478.8066
27479.0078
27478.9023
27479.0039
27479.1016
27479.0000
27479.2988
27479.1973
27479.1973
27479.3984
27479.0957
27479.3965
27479.1953
27479.2930
27479.0938
27479.1934
27479.0918
27479.0898
27479.1895
27479.0859
27479.0859
27479.0840
27478.9824
27478.7773
27478.4746
27478.3711
27478.1680
27477.9668
27477.4629
27477.0605
27476.7559
27476.6543
27476.5527
27476.5527
27476.7500
27476.7480
27476.9492
27476.8457
27476.7441
27476.7422
27476.8418
27477.0449
27477.0430
27477.3438
27477.3438
27477.4453
27477.4434
27477.5430
27477.7422
27477.9453
27478.0449
27478.2422
27478.3418
27478.4434
27478.4414
27478.5391
27478.7402
27478.5391
27478.7383
27478.8379
27478.9395
27479.0371
27479.0371
27479.0371
27478.9355
27478.7324
27478.5312
27478.1270
27477.9258
27477.7227
27477.6211
27477.6191
27477.6191
27478.0195
27478.3184
27478.5195
27478.6191
27478.9199
27478.7168
27478.9180
27478.4141
27478.4141
27478.1113
27477.8086
27478.0078
27477.7051
27477.7031
27477.7031
27477.6016
27477.4004
27477.5000
27477.3984
27477.3984
27477.0938
27476.9941
27476.9922
27476.6914
27476.6895
27476.6895
27476.6895
27476.2852
27476.2852
27476.0840
27476.0820
27475.9824
27475.9805
27476.2812
27476.2773
27476.8809
27476.6777
27476.8770
27476.6738
27476.1719
27476.3711
27476.5703
27476.3691
27476.3672
27476.3672
27476.6660
27476.7656
27476.7656
27476.9668
27476.6641
27476.7637
27477.1641
27476.9648
27477.2637
27476.8633
27476.9609
27477.1602
27476.9609
27477.5605
27477.0586
27477.3574
27477.0547
27477.6562
27477.3535
27477.0508
27477.3516
27477.3496
27477.0469
27476.7441
27477.1445
27476.8457
27476.9434
27477.0430
27476.9414
27477.0410
27476.6387
27476.6367
27476.5371
27476.6367
27476.5352
27475.8340
27476.2324
27476.0312
27476.1309
27475.7285
27476.3301
27476.4297
27476.4277
27475.9277
27476.2246
27475.5254
27475.3242
27474.7207
27474.0195
27473.8203
27473.8184
27473.4180
27473.4160
27474.3184
27474.0156
27474.4160
27474.8164
27474.7148
27474.7129
27475.2129
27475.0137
27474.8145
27474.7109
27475.3125
27475.6113
27475.2090
27476.3105
27475.7090
27476.6094
27476.7070
27476.0078
27476.3066
27476.5059
27476.2051
27475.7031
27475.9043
27475.8027
27476.0020
27476.3027
27476.5996
27477.5000
27477.6992
27478.5977
27479.1973
27479.7969
27480.3965
27480.1934
27480.4941
27480.1934
27480.0918
27479.5918
27479.1895
27478.8906
27478.7910
27477.8887
27477.8887
27478.0879
27477.8867
27477.6855
27478.0840
27477.5840
27478.1836
27478.0820
27478.5820
27479.0801
27478.8809
27478.4805
27478.5781
27478.1777
27478.3770
27478.1758
27478.0762
27478.1738
27478.5742
27477.8750
27478.2734
27478.4707
27478.5703
27478.2715
27478.5684
27478.1680
27478.0684
27478.4668
27477.9668
27477.8672
27478.0645
27477.7656
27478.1621
27477.8633
27478.2617
27478.1602
27478.1582
27478.2598
27478.4570
27478.3574
27478.2578
27478.1543
27478.5547
27478.2539
27478.4531
27478.4512
27478.1523
27477.8535
27478.0508
27477.2539
27477.5508
27477.1504
27477.0488
27477.3496
27477.0469
27477.3457
27477.3457
27477.1445
27477.5430
27477.5410
27477.7402
27477.4375
27477.5371
27477.3359
27477.0371
27477.2363
27477.1348
27476.9355
27477.2324
27477.2324
27477.0312
27476.8320
27476.7324
27476.6270
27476.7266
27476.6230
27477.1211
27476.8223
27477.3184
27477.5195
27477.8164
27477.5176
27478.5098
27478.0098
27478.1074
27478.1074
27478.2090
27478.6035
27478.8008
27478.1016
27478.2012
27478.4961
27478.5957
27478.1992
27478.4941
27478.4922
27478.9902
27478.5898
27478.8887
27479.0859
27478.9883
27479.1836
27479.0840
27479.3809
27478.8828
27479.1797
27478.8809
27479.1758
27479.0762
27479.0762
27479.1758
27479.0723
27479.2695
27479.0684
27479.3672
27479.1699
27479.3652
27479.2676
27479.5625
27479.6621
27480.0566
27479.5586
27480.1582
27480.0547
27479.9551
27480.0547
27480.4512
27480.3516
27480.9473
27481.0430
27481.0430
27481.2402
27481.2441
27481.7363
27481.3418
27482.1348
27482.1348
27482.2305
27481.9297
27482.3281
27482.2266
27482.4199
27482.5195
27482.6152
27482.9121
27482.6133
27483.0059
27482.8086
27483.1035
27482.9043
27483.2012
27483.4004
27483.2988
27483.2969
27483.4922
27483.1973
27483.5898
27483.3926
27483.6914
27483.5879
27483.8867
27484.1797
27484.4746
27484.2773
27484.3730
27484.8711
27484.3730
27484.7676
27484.6699
27484.4688
27484.8652
27484.7637
27484.9609
27485.0586
27485.3574
27485.6523
27485.2559
27485.4531
27485.6504
27485.4492
27486.1445
27485.6484
27486.0469
27486.3398
27486.6348
27486.9297
27486.9297
27487.5234
27487.8184
27487.8184
27488.2148
27488.0137
27488.5078
27488.5098
27488.9023
27488.8047
27488.9004
27489.0039
27489.2012
27488.9023
27489.2988
27489.3945
27489.4980
27489.7930
27490.0898
27489.8887
27489.8926
27490.2852
27490.2852
27490.3809
27490.4844
27490.4824
27490.1875
27490.1855
27490.6758
27490.6797
27490.4785
27490.4805
27491.0703
27490.8711
27490.7715
27491.0703
27491.0703
27491.4648
27491.4668
27491.6680
27491.7676
27492.4609
27492.0684
27492.3633
27492.8594
27492.6641
27493.1602
27493.4570
27493.6602
27493.9590
27493.6602
27494.3496
27494.2520
27494.4512
27494.5508
27494.8418
27494.9414
27495.2363
27495.5332
27495.5332
27495.8262
27495.8262
27496.0195
27495.9277
27496.2188
27496.3242
27496.4199
27496.2246
27496.2227
27496.2266
27496.3242
27496.2246
27496.5273
27496.5273
27497.0195
27497.1191
27496.8223
27497.0234
27497.3203
27497.6094
27497.5156
27497.8086
27497.8008
27497.7031
27498.0957
27498.0938
27498.0938
27497.8984
27497.8984
27498.1934
27498.0938
27497.9883
27498.4824
27498.5762
27498.9688
27498.4707
27498.5723
27499.0645
27498.7676
27498.7695
27499.0684
27498.9727
27498.9863
27498.6895
27499.0820
27498.7852
27498.4883
27498.7812
27498.7871
27498.6875
27498.6172
27498.5938
27498.4883
27498.9844
27498.7871
27499.2793
27498.8867
27498.9844
27498.7793
27499.1738
27498.8828
27499.0703
27498.9785
27498.8848
27498.7793
27498.8848
27498.3906
27498.7871
27498.2910
27498.4941
27498.7812
27498.2910
27498.3906
27498.7832
27498.4824
27498.9785
27498.3828
27498.3887
27498.4844
27498.0879
27498.0840
27497.9863
27497.7812
27497.7871
27496.8965
27496.7910
27495.8066
27495.5059
27494.3281
27494.2266
27494.2227
27494.3203
27494.2188
27494.9141
27494.9082
27494.7988
27495.1934
27495.2812
27495.4766
27495.1738
27495.0703
27494.5820
27494.5742
27494.3730
27494.3691
27493.7734
27494.3594
27494.2578
27493.9609
27494.1621
27494.1621
27494.1719
27494.1680
27494.1621
27493.9688
27493.6680
27493.6660
27493.3691
27493.1699
27492.9668
27493.0742
27493.3770
27493.3809
27493.2734
27492.9766
27493.5566
27493.1562
27493.1465
27493.0469
27492.9434
27492.2539
27491.7598
27491.9609
27492.0605
27491.9648
27491.5625
27491.6523
27491.5527
27490.6602
27490.6484
27490.0547
27489.6621
27489.0703
27489.0684
27488.6797
27488.4766
27488.7656
27488.4746
27488.7637
27488.7676
27489.3516
27489.0469
27489.0469
27489.3320
27489.2383
27489.3320
27488.9277
27489.3320
27488.9316
27489.1270
27488.4336
27488.3379
27488.5273
27487.7480
27487.8457
27487.7441
27487.6406
27487.4277
27487.5312
27487.4219
27487.4141
27487.4160
27487.4082
27487.4082
27487.1074
27487.3027
27487.2930
27487.4023
27486.9082
27487.1113
27487.0039
27486.5078
27486.6016
27486.5000
27486.4043
27486.2949
27486.7969
27486.4941
27486.6934
27486.5898
27486.5938
27486.3887
27486.2910
27486.0039
27485.7090
27485.4980
27485.3965
27484.9102
27485.0996
27484.9043
27485.2070
27484.9062
27485.0078
27485.0996
27485.0977
27485.1895
27485.1895
27484.9004
27484.7852
27484.7812
27484.6855
27484.4766
27484.4785
27483.9785
27484.1719
27483.8711
27483.7695
27484.0664
27484.0723
27483.1758
27482.8828
27482.1973
27481.6074
27482.1895
27482.5703
27483.1680
27483.6523
27483.7480
27483.7422
27483.4395
27483.3398
27482.1543
27482.2500
27482.8418
27482.8398
27482.8359
27483.1250
27482.9102
27482.6191
27482.7305
27482.8262
27482.4336
27482.7305
27482.0449
27482.4355
27482.2402
27482.1445
27482.0410
27482.1328
27481.6465
27481.9473
27481.8477
27481.8418
27481.4531
27481.5449
27481.2539
27481.0527
27481.0488
27480.8477
27480.5566
27480.4570
27480.2695
27479.5859
27479.4863
27479.4980
27479.0078
27478.6094
27479.0078
27478.7188
27479.0078
27478.5156
27478.5156
27478.5137
27478.7012
27478.9902
27478.9980
27479.2891
27478.9883
27479.3711
27479.7500
27479.4570
27479.2500
27479.1602
27479.5449
27479.2539
27479.6523
27479.3711
27479.3789
27479.5859
27479.2871
27479.3965
27479.0059
27479.5918
27479.0039
27479.3105
27479.2969
27478.5215
27479.1211
27478.4375
27478.8418
27478.7324
27478.7305
27478.6309
27478.4395
27478.3301
27478.5215
27477.9355
27478.4277
27477.7441
27477.7520
27477.6445
27477.8516
27478.0449
27477.9570
27477.7656
27477.9531
27477.8652
27477.9609
27477.9551
27477.5625
27477.7500
27477.8789
27477.9531
27477.7441
27477.8535
27477.7461
27477.5469
27477.8418
27478.0352
27477.9375
27478.1309
27477.7402
27477.9453
27477.7402
27477.3574
27477.4375
27477.2539
27477.1582
27476.7559
27476.8496
27476.1758
27476.5527
27476.4414
27476.6426
27475.6895
27476.3672
27475.8848
27475.8926
27476.4805
27475.7129
27475.9121
27475.9160
27475.9102
27475.4199
27475.8965
27475.6914
27475.6934
27475.9707
27476.0723
27476.4473
27476.0488
27476.1465
27476.5312
27475.8516
27476.1348
27476.0273
27476.1211
27476.4160
27476.3184
27476.0293
27476.8027
27476.3223
27476.4199
27476.8145
27476.4355
27476.3457
27476.1621
27476.5645
27476.0840
27476.6836
27476.5781
27477.2832
27476.5957
27477.2754
27476.7012
27476.8887
27476.3008
27476.7656
27476.8613
27476.8496
27476.8457
27476.8418
27476.7520
27476.1562
27476.0605
27476.0469
27475.8535
27475.9590
27475.9531
27475.9414
27475.5645
27476.0352
27476.0234
27476.1191
27475.8086
27476.1016
27476.1016
27476.3906
27475.8027
27476.0938
27475.6973
27475.7988
27475.7891
27475.5820
27475.6699
27475.4785
27475.6680
27475.1934
27475.4648
27475.5781
27475.4668
27475.7461
27475.7617
27475.5723
27475.9434
27475.2676
27476.3496
27475.3711
27476.1367
27475.6660
27475.7480
27475.3457
27475.2402
27475.1582
27475.1562
27474.8750
27474.8594
27474.7676
27474.4668
27474.4688
27474.6660
27474.1836
27474.4688
27474.0000
27474.3848
27474.1895
27473.9258
27474.3008
27474.4883
27474.5078
27474.8066
27475.1875
27474.9941
27475.1973
27475.3945
27475.7910
27476.0820
27476.0625
27476.4570
27476.4590
