   4.2245
   4.1487
   4.0700
   3.9880
   3.9057
   3.8237
   3.7393
   3.6576
   3.5802
   3.5097
   3.4427
   3.3744
   3.3038
   3.2347
   3.1636
   3.0919
   3.0178
   2.9470
   2.8750
   2.8056
   2.7430
   2.6853
   2.6285
   2.5684
   2.5091
   2.4473
   2.3812
   2.3139
   2.2420
   2.1679
   2.0906
   2.0253
   1.9593
   1.8957
   1.8334
   1.7711
   1.7143
   1.6616
   1.6096
   1.5539
   1.4957
   1.4356
   1.3726
   1.3105
   1.2460
   1.1798
   1.1147
   1.0509
   0.9885
   0.9275
   0.8608
   0.7970
   0.7344
   0.6723
   0.6075
   0.5430
   0.4787
   0.4158
   0.3533
   0.2937
   0.2359
   0.1769
   0.1195
   0.0656
   0.0144
  -0.0351
  -0.0811
  -0.1233
  -0.1630
  -0.1975
  -0.2290
  -0.2589
  -0.2868
  -0.3120
  -0.3358
  -0.3556
  -0.3733
  -0.3889
  -0.4017
  -0.4135
  -0.4263
  -0.4440
  -0.4634
  -0.4827
  -0.5026
  -0.5258
  -0.5467
  -0.5641
  -0.5808
  -0.5938
  -0.6054
  -0.6137
  -0.6250
  -0.6352
  -0.6432
  -0.6468
  -0.6461
  -0.6442
  -0.6412
  -0.6357
  -0.6237
  -0.6048
  -0.5812
  -0.5547
  -0.5270
  -0.4953
  -0.4599
  -0.4200
  -0.3787
  -0.3376
  -0.2941
  -0.2453
  -0.1977
  -0.1509
  -0.1027
  -0.0507
  -0.0209
   0.0103
  -0.0040
  -0.0280
  -0.0532
  -0.0763
  -0.0964
  -0.1167
  -0.1390
  -0.1627
  -0.1874
  -0.2139
  -0.2399
  -0.2634
  -0.2877
  -0.3156
  -0.3429
  -0.3698
  -0.4004
  -0.4320
  -0.4630
  -0.4976
  -0.5323
  -0.5694
  -0.6081
  -0.6469
  -0.6847
  -0.7206
  -0.7557
  -0.7888
  -0.8195
  -0.8290
  -0.8344
  -0.8381
  -0.8396
  -0.8426
  -0.8478
  -0.8560
  -0.8641
  -0.8749
  -0.8880
  -0.9058
  -0.9265
  -0.9489
  -0.9705
  -0.9926
  -1.0142
  -1.0352
  -1.0546
  -1.0707
  -1.0871
  -1.1095
  -1.1347
  -1.1611
  -1.1855
  -1.2119
  -1.2389
  -1.2658
  -1.2940
  -1.3236
  -1.3540
  -1.3359
  -1.3185
  -1.2800
  -1.2338
  -1.1891
  -1.1459
  -1.1073
  -1.0700
  -1.0322
  -0.9944
  -0.9555
  -0.9161
  -0.8788
  -0.8463
  -0.8174
  -0.7874
  -0.7571
  -0.7299
  -0.7028
  -0.6764
  -0.6528
  -0.6287
  -0.6057
  -0.5831
  -0.5593
  -0.5371
  -0.5190
  -0.5025
  -0.4866
  -0.4721
  -0.4590
  -0.4677
  -0.4769
  -0.4884
  -0.5016
  -0.5146
  -0.5280
  -0.5391
  -0.5522
  -0.5635
  -0.5730
  -0.5792
  -0.5833
  -0.5868
  -0.5945
  -0.6023
  -0.6128
  -0.6242
  -0.6406
  -0.6594
  -0.6793
  -0.6933
  -0.7046
  -0.7157
  -0.7262
  -0.7355
  -0.7426
  -0.7509
  -0.7568
  -0.7633
  -0.7712
  -0.7811
  -0.7902
  -0.8021
  -0.8130
  -0.8213
  -0.8314
  -0.8416
  -0.8520
  -0.8645
  -0.8774
  -0.8918
  -0.9077
  -0.9226
  -0.9375
  -0.9533
  -0.9705
  -0.9890
  -1.0045
  -1.0221
  -1.0416
  -1.0623
  -1.0825
  -1.1027
  -1.1238
  -1.1470
  -1.1721
  -1.1983
  -1.2268
  -1.2579
  -1.2915
  -1.3261
  -1.3598
  -1.3995
  -1.4364
  -1.4749
  -1.5127
  -1.5499
  -1.5875
  -1.6216
  -1.6545
  -1.6875
  -1.7213
  -1.7600
  -1.7965
  -1.8321
  -1.8708
  -1.9115
  -1.9511
  -1.9903
  -2.0295
  -2.0672
  -2.1047
  -2.1419
  -2.1778
  -2.2125
  -2.2452
  -2.2804
  -2.3155
  -2.3508
  -2.3847
  -2.4195
  -2.4532
  -2.4877
  -2.5190
  -2.5509
  -2.5855
  -2.6173
  -2.6472
  -2.6767
  -2.7048
  -2.7323
  -2.7594
  -2.7841
  -2.8070
  -2.8277
  -2.8454
  -2.8621
  -2.8770
  -2.8925
  -2.9039
  -2.9134
  -2.9201
  -2.9239
  -2.9255
  -2.9262
  -2.9253
  -2.9220
  -2.9157
  -2.9078
  -2.8966
  -2.8824
  -2.8651
  -2.8460
  -2.8255
  -2.8040
  -2.7781
  -2.7527
  -2.7245
  -2.6964
  -2.6668
  -2.6359
  -2.6027
  -2.5688
  -2.5291
  -2.4878
  -2.4437
  -2.3968
  -2.3469
  -2.2972
  -2.2444
  -2.1933
  -2.1415
  -2.0891
  -2.0377
  -1.9849
  -1.9337
  -1.8830
  -1.8306
  -1.7758
  -1.7210
  -1.6657
  -1.6089
  -1.5539
  -1.4974
  -1.4412
  -1.3820
  -1.3211
  -1.2600
  -1.1989
  -1.1392
  -1.0796
  -1.0202
  -0.9581
  -0.8972
  -0.8384
  -0.7816
  -0.7237
  -0.6664
  -0.6119
  -0.5574
  -0.5036
  -0.4484
  -0.3934
  -0.3396
  -0.2878
  -0.2344
  -0.1799
  -0.1247
  -0.0683
  -0.0109
   0.0470
   0.1058
   0.1626
   0.2183
   0.2717
   0.3211
   0.3661
   0.4095
   0.4482
   0.4866
   0.5223
   0.5554
   0.5869
   0.6167
   0.6448
   0.6716
   0.6959
   0.7174
   0.7361
   0.7533
   0.7667
   0.7786
   0.7889
   0.7975
   0.8030
   0.8044
   0.8058
   0.8043
   0.8015
   0.7973
   0.7921
   0.7828
   0.7746
   0.7662
   0.7527
   0.7406
   0.7253
   0.7071
   0.6845
   0.6604
   0.6391
   0.6136
   0.5839
   0.5483
   0.5116
   0.4735
   0.4354
   0.3944
   0.3525
   0.3123
   0.2737
   0.2325
   0.1888
   0.1455
   0.1039
   0.0634
   0.0211
  -0.0240
  -0.0711
  -0.1182
  -0.1656
  -0.2143
  -0.2657
  -0.3161
  -0.3641
  -0.4055
  -0.4416
  -0.4705
  -0.4951
  -0.5184
  -0.5400
  -0.5586
  -0.5757
  -0.5901
  -0.6016
  -0.6129
  -0.6230
  -0.6318
  -0.6363
  -0.6411
  -0.6412
  -0.6384
  -0.6329
  -0.6234
  -0.6114
  -0.5968
  -0.5768
  -0.5569
  -0.5359
  -0.5136
  -0.4893
  -0.4639
  -0.4360
  -0.4068
  -0.3747
  -0.3372
  -0.3000
  -0.2599
  -0.2168
  -0.1693
  -0.1188
  -0.0694
  -0.0155
   0.0425
   0.1034
   0.1638
   0.2241
   0.2817
   0.3406
   0.3994
   0.4592
   0.5173
   0.5769
   0.6380
   0.6986
   0.7563
   0.8132
   0.8703
   0.9290
   0.9840
   1.0348
   1.0830
   1.1307
   1.1773
   1.2202
   1.2584
   1.2904
   1.3151
   1.3322
   1.3418
   1.3503
   1.3558
   1.3539
   1.3507
   1.3437
   1.3325
   1.3171
   1.2979
   1.2771
   1.2535
   1.2323
   1.2075
   1.1821
   1.1550
   1.1234
   1.0902
   1.0570
   1.0213
   0.9884
   0.9585
   0.9274
   0.8926
   0.8539
   0.8139
   0.7697
   0.7227
   0.6723
   0.6206
   0.5675
   0.5130
   0.4568
   0.4005
   0.3425
   0.2830
   0.2240
   0.1651
   0.1091
   0.0548
   0.0031
  -0.0484
  -0.0987
  -0.1521
  -0.2052
  -0.2601
  -0.3149
  -0.3681
  -0.4225
  -0.4769
  -0.5308
  -0.5847
  -0.6342
  -0.6799
  -0.7227
  -0.7642
  -0.8036
  -0.8411
  -0.8767
  -0.9075
  -0.9335
  -0.9553
  -0.9709
  -0.9823
  -0.9907
  -0.9932
  -0.9927
  -0.9895
  -0.9847
  -0.9755
  -0.9662
  -0.9552
  -0.9436
  -0.9321
  -0.9182
  -0.9007
  -0.8794
  -0.8546
  -0.8307
  -0.8069
  -0.7807
  -0.7598
  -0.7391
  -0.7204
  -0.7022
  -0.6822
  -0.6630
  -0.6425
  -0.6198
  -0.5944
  -0.5661
  -0.5336
  -0.4987
  -0.4616
  -0.4224
  -0.3804
  -0.3381
  -0.2949
  -0.2491
  -0.2054
  -0.1635
  -0.1205
  -0.0776
  -0.0372
   0.0061
   0.0453
   0.0847
   0.1214
   0.1550
   0.1869
   0.2170
   0.2456
   0.2731
   0.2973
   0.3189
   0.3359
   0.3488
   0.3602
   0.3707
   0.3769
   0.3791
   0.3785
   0.3753
   0.3690
   0.3602
   0.3485
   0.3349
   0.3156
   0.2944
   0.2725
   0.2501
   0.2284
   0.2072
   0.1858
   0.1651
   0.1397
   0.1074
   0.0707
   0.0292
  -0.0130
  -0.0583
  -0.1078
  -0.1545
  -0.2023
  -0.2479
  -0.2898
  -0.3301
  -0.3664
  -0.4025
  -0.4381
  -0.4747
  -0.5138
  -0.5554
  -0.5994
  -0.6454
  -0.6948
  -0.7468
  -0.7977
  -0.8499
  -0.9044
  -0.9585
  -1.0110
  -1.0647
  -1.1199
  -1.1736
  -1.2304
  -1.2847
  -1.3379
  -1.3898
  -1.4404
  -1.4898
  -1.5394
  -1.5895
  -1.6410
  -1.6905
  -1.7384
  -1.7815
  -1.8211
  -1.8587
  -1.8932
  -1.9202
  -1.9427
  -1.9597
  -1.9749
  -1.9826
  -1.9847
  -1.9791
  -1.9648
  -1.9418
  -1.9128
  -1.8759
  -1.8306
  -1.7797
  -1.7256
  -1.6647
  -1.5954
  -1.5180
  -1.4344
  -1.3441
  -1.2484
  -1.1438
  -1.0348
  -0.9243
  -0.8110
  -0.6927
  -0.5821
  -0.4912
  -0.3995
  -0.3083
  -0.2156
  -0.1249
  -0.0348
   0.0559
   0.1460
   0.2362
   0.3263
   0.4163
   0.5090
   0.5998
   0.6899
   0.7801
   0.8691
   0.9573
   1.0473
   1.1372
   1.2260
   1.3131
   1.4014
   1.4883
   1.5752
   1.6630
   1.7512
   1.8398
   1.9287
   2.0194
   2.1093
   2.1984
   2.2846
   2.3682
   2.4498
   2.5315
   2.6097
   2.6843
   2.7551
   2.8227
   2.8834
   2.9397
   2.9897
   3.0308
   3.0656
   3.0942
   3.1152
   3.1270
   3.1338
   3.1357
   3.1327
   3.1198
   3.0998
   3.0787
   3.0523
   3.0220
   2.9860
   2.9486
   2.9128
   2.8759
   2.8342
   2.8016
   2.7883
   2.7749
   2.7615
   2.7498
   2.7389
   2.7305
   2.7229
   2.7142
   2.7052
   2.6995
   2.6938
   2.6885
   2.6903
   2.6948
   2.7024
   2.7160
   2.7342
   2.7521
   2.7735
   2.8010
   2.8329
   2.8680
   2.9073
   2.9486
   2.9882
   3.0320
   3.0822
   3.1368
   3.1939
   3.2558
   3.3203
   3.3892
   3.4617
   3.5402
   3.6171
   3.6948
   3.7761
   3.8607
   3.9480
   4.0396
   4.1346
   4.2312
   4.3286
   4.4268
   4.5278
   4.6289
   4.7329
   4.8416
   4.9551
   5.0681
   5.1812
   5.3007
   5.4203
   5.5393
   5.6598
   5.7806
   5.9020
   6.0256
   6.1469
   6.2653
   6.3840
   6.5019
   6.6161
   6.7307
   6.8431
   6.9563
   7.0714
   7.1846
   7.2987
   7.4165
   7.5328
   7.6517
   7.7728
   7.8937
   8.0157
   8.1417
   8.2644
   8.3848
   8.5067
   8.6290
   8.7472
   8.8661
   8.9833
   9.0988
   9.2138
   9.3361
   9.4630
   9.5898
   9.7166
   9.8420
   9.9674
  10.0926
  10.2175
  10.3408
  10.4610
  10.5823
  10.7032
  10.8254
  10.9483
  11.0741
  11.2012
  11.3310
  11.4625
  11.5980
  11.7376
  11.8789
  12.0216
  12.1612
  12.2959
  12.4253
  12.5576
  12.6920
  12.8215
  12.9513
  13.0821
  13.2101
  13.3375
  13.4634
  13.5843
  13.7049
  13.8298
  13.9516
  14.0731
  14.2005
  14.3264
  14.4500
  14.5733
  14.6939
  14.8130
  14.9325
  15.0503
  15.1680
  15.2848
  15.4019
  15.5175
  15.6303
  15.7347
  15.8354
  15.9327
  16.0291
  16.1210
  16.2111
  16.2990
  16.3856
  16.4714
  16.5585
  16.6434
  16.7198
  16.7933
  16.8646
  16.9354
  17.0007
  17.0610
  17.1163
  17.1757
  17.2375
  17.3013
  17.3697
  17.4375
  17.5079
  17.5766
  17.6440
  17.7052
  17.7633
  17.8154
  17.8630
  17.9092
  17.9573
  18.0061
  18.0540
  18.1028
  18.1476
  18.1908
  18.2345
  18.2778
  18.3225
  18.3732
  18.4275
  18.4841
  18.5403
  18.6018
  18.6632
  18.7235
  18.7838
  18.8386
  18.8864
  18.9376
  18.9904
  19.0413
  19.0893
  19.1370
  19.1838
  19.2292
  19.2731
  19.3133
  19.3514
  19.3867
  19.4230
  19.4617
  19.4983
  19.5329
  19.5688
  19.6083
  19.6494
  19.6886
  19.7305
  19.7784
  19.8257
  19.8791
  19.9341
  19.9898
  20.0440
  20.1017
  20.1623
  20.2261
  20.2839
  20.3388
  20.3907
  20.4362
  20.4805
  20.5147
  20.5462
  20.5786
  20.6077
  20.6351
  20.6622
  20.6892
  20.7154
  20.7418
  20.7751
  20.8089
  20.8443
  20.8792
  20.9216
  20.9649
  21.0101
  21.0606
  21.1106
  21.1621
  21.2116
  21.2600
  21.3027
  21.3425
  21.3802
  21.4109
  21.4383
  21.4721
  21.4981
  21.5216
  21.5417
  21.5661
  21.5892
  21.6136
  21.6333
  21.6511
  21.6665
  21.6814
  21.6953
  21.7060
  21.7156
  21.7340
  21.7560
  21.7813
  21.8004
  21.8092
  21.8228
  21.8364
  21.8490
  21.8568
  21.8646
  21.8703
  21.8762
  21.8882
  21.8989
  21.9104
  21.9211
  21.9314
  21.9376
  21.9395
  21.9428
  21.9449
  21.9492
  21.9574
  21.9632
  21.9737
  21.9903
  22.0084
  22.0234
  22.0349
  22.0431
  22.0404
  22.0330
  22.0216
  22.0073
  21.9835
  21.9538
  21.9204
  21.8833
  21.8370
  21.7825
  21.7264
  21.6730
  21.6215
  21.5721
  21.5279
  21.4951
  21.4680
  21.4395
  21.4170
  21.3906
  21.3645
  21.3390
  21.3175
  21.2908
  21.2673
  21.2409
  21.2125
  21.1848
  21.1620
  21.1478
  21.1325
  21.1132
  21.0909
  21.0696
  21.0529
  21.0483
  21.0413
  21.0297
  21.0126
  20.9959
  20.9746
  20.9524
  20.9224
  20.8896
  20.8589
  20.8273
  20.7900
  20.7556
  20.7227
  20.6907
  20.6568
  20.6213
  20.5848
  20.5462
  20.5033
  20.4588
  20.4115
  20.3612
  20.3132
  20.2655
  20.2167
  20.1677
  20.1234
  20.0816
  20.0411
  19.9985
  19.9604
  19.9236
  19.8871
  19.8593
  19.8337
  19.8041
  19.7712
  19.7315
  19.6863
  19.6368
  19.5802
  19.5205
  19.4628
  19.4047
  19.3511
  19.3002
  19.2460
  19.1838
  19.1240
  19.0624
  19.0035
  18.9478
  18.8915
  18.8313
  18.7646
  18.7016
  18.6324
  18.5630
  18.4850
  18.4064
  18.3235
  18.2383
  18.1527
  18.0646
  17.9776
  17.8883
  17.7954
  17.7040
  17.6082
  17.5092
  17.4096
  17.3135
  17.2160
  17.1181
  17.0770
  17.0370
  17.0138
  16.9955
  16.9774
  16.9640
  16.9466
  16.9247
  16.9045
  16.8835
  16.8636
  16.8445
  16.8284
  16.8103
  16.7909
  16.7697
  16.7497
  16.7281
  16.7032
  16.6705
  16.6293
  16.5877
  16.5510
  16.5171
  16.4870
  16.4610
  16.4345
  16.4117
  16.3897
  16.3650
  16.3403
  16.3149
  16.2918
  16.2713
  16.2566
  16.2446
  16.2344
  16.2224
  16.2090
  16.1911
  16.1754
  16.1635
  16.1478
  16.1394
  16.1317
  16.1263
  16.1184
  16.1075
  16.0966
  16.0884
  16.0811
  16.0644
  16.0379
  16.0123
  15.9951
  15.9768
  15.9521
  15.9187
  15.8820
  15.8498
  15.8236
  15.7627
  15.7062
  15.6144
  15.5131
  15.4106
  15.3098
  15.2081
  15.1102
  15.0166
  14.9291
  14.8348
  14.7340
  14.6259
  14.5116
  14.3949
  14.2804
  14.1632
  14.0449
  13.9310
  13.8226
  13.7202
  13.6194
  13.5238
  13.4303
  13.3390
  13.2493
  13.1626
  13.0761
  12.9911
  12.9035
  12.8159
  12.7283
  12.6449
  12.5627
  12.4775
  12.3908
  12.3081
  12.2296
  12.1543
  12.0824
  12.0074
  11.9314
  11.8599
  11.7879
  11.7140
  11.6356
  11.5537
  11.4744
  11.3950
  11.3126
  11.2291
  11.1528
  11.0871
  11.0190
  10.9454
  10.8771
  10.8187
  10.7695
  10.7237
  10.6739
  10.6219
  10.5742
  10.5268
  10.4754
  10.4334
  10.3894
  10.3395
  10.2955
  10.2541
  10.2101
  10.1585
  10.1096
  10.0658
  10.0282
   9.9998
   9.9739
   9.9499
   9.9318
   9.9109
   9.8861
   9.8603
   9.8328
   9.8037
   9.7713
   9.7325
   9.6905
   9.6470
   9.6066
   9.5657
   9.5247
   9.4864
   9.4481
   9.4112
   9.3692
   9.3260
   9.2846
   9.2419
   9.1994
   9.1527
   9.1029
   9.0527
   9.0088
   8.9646
   8.9158
   8.8655
   8.8138
   8.7738
   8.7412
   8.7037
   8.6667
   8.6321
   8.5989
   8.5683
   8.5336
   8.5003
   8.4651
   8.4265
   8.3835
   8.3405
   8.2976
   8.2575
   8.2180
   8.1742
   8.1246
   8.0766
   8.0254
   7.9736
   7.9221
   7.8680
   7.8066
   7.7413
   7.6782
   7.6191
   7.5629
   7.5126
   7.4595
   7.4070
   7.3549
   7.3033
   7.2547
   7.2058
   7.1552
   7.1003
   7.0383
   6.9696
   6.9007
   6.8352
   6.7735
   6.7079
   6.6402
   6.5733
   6.5099
   6.4425
   6.3755
   6.3085
   6.2417
   6.1729
   6.1052
   6.0388
   5.9782
   5.9194
   5.8634
   5.8044
   5.7460
   5.6915
   5.6392
   5.5999
   5.5569
   5.5092
   5.4627
   5.4168
   5.3667
   5.3118
   5.2542
   5.2009
   5.1493
   5.0989
   5.0522
   5.0061
   4.9602
   4.9128
   4.8587
   4.7995
   4.7386
   4.6762
   4.6152
   4.5531
   4.4927
   4.4341
   4.3770
   4.3218
   4.2700
   4.2189
   4.1680
   4.1146
   4.0549
