   -7.9914
   -8.3089
   -8.6250
   -8.9335
   -9.2399
   -9.5402
   -9.8419
  -10.1367
  -10.4366
  -10.7331
  -11.0312
  -11.3211
  -11.6124
  -11.9038
  -12.1921
  -12.4809
  -12.7622
  -13.0511
  -13.3287
  -13.6140
  -13.9012
  -14.1838
  -14.4835
  -14.7741
  -15.0724
  -15.3644
  -15.6593
  -15.9589
  -16.2549
  -16.5486
  -16.8408
  -16.7572
  -16.6816
  -16.6091
  -16.5340
  -16.4586
  -16.3833
  -16.3105
  -16.2409
  -16.1760
  -16.1170
  -16.0592
  -16.0063
  -15.9458
  -15.8881
  -15.8304
  -15.7746
  -15.7134
  -15.6465
  -15.5685
  -15.4905
  -15.4043
  -15.3246
  -15.2385
  -15.1523
  -15.0552
  -14.9599
  -14.8672
  -14.7720
  -14.6715
  -14.5710
  -14.4755
  -14.3785
  -14.2843
  -14.1963
  -14.1135
  -14.0379
  -13.9565
  -13.8864
  -13.8176
  -13.7525
  -13.6842
  -13.6217
  -13.5625
  -13.5004
  -13.4395
  -13.3834
  -13.3244
  -13.2656
  -13.2070
  -13.1516
  -13.0920
  -13.0356
  -12.9737
  -12.9183
  -12.8614
  -12.8094
  -12.7592
  -12.7074
  -12.6600
  -12.6143
  -12.5651
  -12.5127
  -12.4596
  -12.4124
  -12.3678
  -12.3233
  -12.2815
  -12.2373
  -12.1977
  -12.1553
  -12.1070
  -12.0585
  -12.0107
  -11.9687
  -11.9221
  -11.8775
  -11.8311
  -11.7887
  -11.7469
  -11.7073
  -11.6657
  -11.6263
  -11.5835
  -11.5441
  -11.5078
  -11.4699
  -11.4289
  -11.3820
  -11.3326
  -11.2870
  -11.2384
  -11.1863
  -11.1312
  -11.0728
  -11.0081
  -10.9432
  -10.8721
  -10.8074
  -10.7344
  -10.6572
  -10.5779
  -10.4966
  -10.4109
  -10.3217
  -10.2324
  -10.1421
  -10.0492
   -9.9627
   -9.8732
   -9.7858
   -9.6932
   -9.6033
   -9.5161
   -9.4282
   -9.3385
   -9.2504
   -9.1599
   -9.0666
   -8.9759
   -8.8776
   -8.7827
   -8.6937
   -8.6083
   -8.5264
   -8.4398
   -8.3518
   -8.2672
   -8.1814
   -8.1043
   -8.0322
   -7.9633
   -7.9032
   -7.8464
   -7.7859
   -7.7307
   -7.6784
   -7.6228
   -7.5718
   -7.5186
   -7.4597
   -7.4021
   -7.3434
   -7.2814
   -7.2212
   -7.1577
   -7.0942
   -7.0357
   -6.9818
   -6.9342
   -6.8836
   -6.8348
   -6.7858
   -6.7370
   -6.6882
   -6.6431
   -6.6010
   -6.5542
   -6.5188
   -6.4813
   -6.4476
   -6.4151
   -6.3845
   -6.3593
   -6.3359
   -6.3176
   -6.3009
   -6.2812
   -6.2636
   -6.2444
   -6.2266
   -6.2139
   -6.2000
   -6.1874
   -6.1750
   -6.1632
   -6.1482
   -6.1333
   -6.1110
   -6.0921
   -6.0660
   -6.0459
   -6.0227
   -5.9981
   -5.9715
   -5.9418
   -5.9169
   -5.8925
   -5.8709
   -5.8492
   -5.8256
   -5.8041
   -5.7823
   -5.7550
   -5.7270
   -5.7049
   -5.6799
   -5.6598
   -5.6374
   -5.6156
   -5.5938
   -5.5762
   -5.5640
   -5.5487
   -5.5380
   -5.5257
   -5.5162
   -5.5009
   -5.4872
   -5.4635
   -5.4383
   -5.4176
   -5.3936
   -5.3726
   -5.3552
   -5.3390
   -5.3213
   -5.3055
   -5.2932
   -5.2713
   -5.2505
   -5.2264
   -5.2038
   -5.1775
   -5.1528
   -5.1287
   -5.1033
   -5.0797
   -5.0591
   -5.0459
   -5.0344
   -5.0274
   -5.0228
   -5.0152
   -5.0095
   -5.0022
   -4.9932
   -4.9875
   -4.9837
   -4.9925
   -5.0016
   -5.0184
   -5.0288
   -5.0421
   -5.0563
   -5.0675
   -5.0837
   -5.0955
   -5.1102
   -5.1159
   -5.1244
   -5.1302
   -5.1283
   -5.1299
   -5.1308
   -5.1326
   -5.1348
   -5.1351
   -5.1273
   -5.1244
   -5.1159
   -5.1064
   -5.0971
   -5.0872
   -5.0796
   -5.0737
   -5.0626
   -5.0564
   -5.0531
   -5.0496
   -5.0504
   -5.0531
   -5.0531
   -5.0568
   -5.0601
   -5.0627
   -5.0664
   -5.0695
   -5.0702
   -5.0729
   -5.0756
   -5.0810
   -5.0915
   -5.1016
   -5.1121
   -5.1221
   -5.1345
   -5.1491
   -5.1654
   -5.1794
   -5.1869
   -5.1921
   -5.1927
   -5.1901
   -5.1916
   -5.1930
   -5.1959
   -5.2003
   -5.2075
   -5.2125
   -5.2137
   -5.2123
   -5.2071
   -5.2038
   -5.2027
   -5.1980
   -5.1966
   -5.1921
   -5.1875
   -5.1810
   -5.1791
   -5.1742
   -5.1696
   -5.1685
   -5.1634
   -5.1600
   -5.1551
   -5.1499
   -5.1447
   -5.1459
   -5.1460
   -5.1494
   -5.1542
   -5.1609
   -5.1644
   -5.1714
   -5.1769
   -5.1875
   -5.1935
   -5.1996
   -5.2058
   -5.2146
   -5.2247
   -5.2375
   -5.2468
   -5.2566
   -5.2601
   -5.2679
   -5.2741
   -5.2845
   -5.2902
   -5.2995
   -5.3049
   -5.3038
   -5.3040
   -5.3032
   -5.2993
   -5.2936
   -5.2880
   -5.2821
   -5.2762
   -5.2711
   -5.2652
   -5.2585
   -5.2516
   -5.2437
   -5.2313
   -5.2143
   -5.1942
   -5.1758
   -5.1596
   -5.1410
   -5.1225
   -5.1020
   -5.0797
   -5.0588
   -5.0401
   -5.0220
   -5.0062
   -4.9904
   -4.9824
   -4.9714
   -4.9636
   -4.9575
   -4.9500
   -4.9407
   -4.9312
   -4.9250
   -4.9221
   -4.9223
   -4.9180
   -4.9092
   -4.8989
   -4.8935
   -4.8880
   -4.8842
   -4.8776
   -4.8664
   -4.8506
   -4.8333
   -4.8114
   -4.7848
   -4.7537
   -4.7195
   -4.6869
   -4.6575
   -4.6299
   -4.6070
   -4.5822
   -4.5607
   -4.5404
   -4.5226
   -4.5059
   -4.4925
   -4.4849
   -4.4761
   -4.4730
   -4.4686
   -4.4628
   -4.4558
   -4.4488
   -4.4436
   -4.4359
   -4.4292
   -4.4229
   -4.4137
   -4.4042
   -4.3978
   -4.3961
   -4.3942
   -4.3877
   -4.3778
   -4.3672
   -4.3539
   -4.3430
   -4.3357
   -4.3188
   -4.2977
   -4.2759
   -4.2482
   -4.2185
   -4.1826
   -4.1497
   -4.1165
   -4.0860
   -4.0569
   -4.0248
   -3.9925
   -3.9568
   -3.9162
   -3.8708
   -3.8267
   -3.7883
   -3.7482
   -3.7031
   -3.6560
   -3.6055
   -3.5531
   -3.4992
   -3.4437
   -3.3908
   -3.3409
   -3.2957
   -3.2564
   -3.2212
   -3.1875
   -3.1540
   -3.1205
   -3.0854
   -3.0503
   -3.0166
   -2.9800
   -2.9432
   -2.9048
   -2.8605
   -2.8070
   -2.7523
   -2.6917
   -2.6326
   -2.5750
   -2.5173
   -2.4580
   -2.3987
   -2.3423
   -2.2830
   -2.2223
   -2.1664
   -2.1108
   -2.0550
   -2.0009
   -1.9471
   -1.8965
   -1.8490
   -1.8030
   -1.7605
   -1.7177
   -1.6765
   -1.6412
   -1.6118
   -1.5825
   -1.5562
   -1.5332
   -1.5132
   -1.4947
   -1.4766
   -1.4584
   -1.4371
   -1.4154
   -1.3927
   -1.3681
   -1.3437
   -1.3192
   -1.2979
   -1.2751
   -1.2480
   -1.2179
   -1.1864
   -1.1581
   -1.1301
   -1.1048
   -1.0829
   -1.0621
   -1.0454
   -1.0286
   -1.0082
   -0.9848
   -0.9586
   -0.9302
   -0.8994
   -0.8715
   -0.8421
   -0.8127
   -0.7814
   -0.7543
   -0.7282
   -0.7081
   -0.6943
   -0.6824
   -0.6722
   -0.6592
   -0.6463
   -0.6294
   -0.6124
   -0.5940
   -0.5771
   -0.5586
   -0.5431
   -0.5244
   -0.5068
   -0.4894
   -0.4733
   -0.4573
   -0.4397
   -0.4204
   -0.4013
   -0.3854
   -0.3716
   -0.3620
   -0.3515
   -0.3441
   -0.3365
   -0.3291
   -0.3233
   -0.3142
   -0.3097
   -0.2977
   -0.2827
   -0.2743
   -0.2677
   -0.2592
   -0.2527
   -0.2509
   -0.2426
   -0.2339
   -0.2226
   -0.2140
   -0.2069
   -0.1969
   -0.1848
   -0.1710
   -0.1572
   -0.1487
   -0.1369
   -0.1277
   -0.1200
   -0.1153
   -0.1089
   -0.0993
   -0.0896
   -0.0763
   -0.0651
   -0.0492
   -0.0306
   -0.0094
    0.0224
    0.0644
    0.1121
    0.1574
    0.2024
    0.2547
    0.3027
    0.3521
    0.3982
    0.4465
    0.4877
    0.5304
    0.5659
    0.6075
    0.6486
    0.6900
    0.7310
    0.7747
    0.8142
    0.8473
    0.8772
    0.9069
    0.9358
    0.9660
    1.0009
    1.0345
    1.0744
    1.1112
    1.1481
    1.1902
    1.2327
    1.2794
    1.3220
    1.3623
    1.4062
    1.4474
    1.4854
    1.5219
    1.5577
    1.5860
    1.6163
    1.6439
    1.6662
    1.6788
    1.6917
    1.7034
    1.7112
    1.7169
    1.7216
    1.7229
    1.7245
    1.7333
    1.7415
    1.7482
    1.7465
    1.7438
    1.7421
    1.7414
    1.7353
    1.7297
    1.7206
    1.7027
    1.6797
    1.6482
    1.6208
    1.5881
    1.5468
    1.5088
    1.4696
    1.4267
    1.3843
    1.3445
    1.3081
    1.2723
    1.2288
    1.1892
    1.1435
    1.1077
    1.0646
    1.0317
    1.0071
    0.9902
    0.9740
    0.9573
    0.9423
    0.9319
    0.9257
    0.9183
    0.9121
    0.9090
    0.9023
    0.8952
    0.8912
    0.8901
    0.8913
    0.8925
    0.8944
    0.8950
    0.8956
    0.9028
    0.9114
    0.9143
    0.9146
    0.9218
    0.9388
    0.9526
    0.9676
    0.9832
    0.9978
    1.0205
    1.0444
    1.0685
    1.0959
    1.1249
    1.1592
    1.2054
    1.2454
    1.2857
    1.3297
    1.3777
    1.4267
    1.4822
    1.5402
    1.5925
    1.6533
    1.7130
    1.7819
    1.8458
    1.9126
    1.9749
    2.0401
    2.1010
    2.1729
    2.2368
    2.3088
    2.3811
    2.4470
    2.5206
    2.5797
    2.6529
    2.7161
    2.7728
    2.8302
    2.8869
    2.9532
    3.0152
    3.0758
    3.1294
    3.1859
    3.2422
    3.2914
    3.3433
    3.3968
    3.4474
    3.4898
    3.5315
    3.5732
    3.6156
    3.6596
    3.7041
    3.7429
    3.7813
    3.8231
    3.8642
    3.9007
    3.9431
    3.9862
    4.0284
    4.0681
    4.0974
    4.1234
    4.1553
    4.1969
    4.2249
    4.2516
    4.2787
    4.2981
    4.3238
    4.3463
    4.3669
    4.3881
    4.4004
    4.4024
    4.4119
    4.4199
    4.4242
    4.4310
    4.4304
    4.4364
    4.4345
    4.4340
    4.4324
    4.4287
    4.4116
    4.3989
    4.3820
    4.3644
    4.3467
    4.3307
    4.3195
    4.3021
    4.2825
    4.2650
    4.2422
    4.2166
    4.1831
    4.1500
    4.1178
    4.0831
    4.0524
    4.0196
    3.9920
    3.9635
    3.9284
    3.8994
    3.8710
    3.8418
    3.8120
    3.7827
    3.7469
    3.7142
    3.6842
    3.6558
    3.6252
    3.5967
    3.5683
    3.5369
    3.5041
    3.4689
    3.4408
    3.4201
    3.4041
    3.3806
    3.3573
    3.3326
    3.3137
    3.2935
    3.2749
    3.2551
    3.2363
    3.2148
    3.1945
    3.1771
    3.1721
    3.1547
    3.1465
    3.1350
    3.1284
    3.1228
    3.1201
    3.1144
    3.1158
    3.1168
    3.1229
    3.1344
    3.1491
    3.1636
    3.1861
    3.2099
    3.2301
    3.2477
    3.2676
    3.2926
    3.3202
    3.3447
    3.3722
    3.3979
    3.4249
    3.4492
    3.4789
    3.4983
    3.5196
    3.5431
    3.5597
    3.5780
    3.5917
    3.6112
    3.6209
    3.6313
    3.6408
    3.6506
    3.6581
    3.6639
    3.6631
    3.6648
    3.6685
    3.6708
    3.6696
    3.6673
    3.6621
    3.6541
    3.6489
    3.6306
    3.6178
    3.6036
    3.5963
    3.5862
    3.5723
    3.5572
    3.5459
    3.5362
    3.5265
    3.5124
    3.5075
    3.4906
    3.4871
    3.4731
    3.4630
    3.4465
    3.4329
    3.4106
    3.3969
    3.3824
    3.3710
    3.3580
    3.3502
    3.3343
    3.3169
    3.2998
    3.2812
    3.2643
    3.2455
    3.2271
    3.2053
    3.1821
    3.1648
    3.1490
    3.1408
    3.1296
    3.1171
    3.1057
    3.0974
    3.0940
    3.0858
    3.0737
    3.0718
    3.0737
    3.0708
    3.0747
    3.0783
    3.0820
    3.0932
    3.0990
    3.1081
    3.1237
    3.1378
    3.1508
    3.1653
    3.1817
    3.1949
    3.2159
    3.2339
    3.2501
    3.2735
    3.2960
    3.3138
    3.3320
    3.3466
    3.3662
    3.3841
    3.4103
    3.4303
    3.4489
    3.4732
    3.4932
    3.5155
    3.5273
    3.5470
    3.5652
    3.5834
    3.6066
    3.6417
    3.6682
    3.6976
    3.7255
    3.7546
    3.7824
    3.8165
    3.8553
    3.8921
    3.9385
    3.9819
    4.0324
    4.0839
    4.1396
    4.1968
    4.2526
    4.3112
    4.3656
    4.4258
    4.4890
    4.5537
    4.6233
    4.6883
    4.7548
    4.8317
    4.9019
    4.9670
    5.0327
    5.1021
    5.1713
    5.2382
    5.2960
    5.3635
    5.4308
    5.4920
    5.5602
    5.6280
    5.6945
    5.7578
    5.8220
    5.8871
    5.9526
    6.0216
    6.0918
    6.1610
    6.2332
    6.3056
    6.3759
    6.4497
    6.5262
    6.5934
    6.6655
    6.7402
    6.8091
    6.8853
    6.9572
    7.0299
    7.1018
    7.1804
    7.2588
    7.3314
    7.3936
    7.4612
    7.5248
    7.5862
    7.6506
    7.7176
    7.7859
    7.8462
    7.9064
    7.9619
    8.0155
    8.0664
    8.1188
    8.1697
    8.2221
    8.2699
    8.3146
    8.3606
    8.3962
    8.4298
    8.4646
    8.4893
    8.5102
    8.5315
    8.5486
    8.5671
    8.5900
    8.6144
    8.6373
    8.6619
    8.6850
    8.7126
    8.7415
    8.7738
    8.8077
    8.8376
    8.8668
    8.8993
    8.9259
    8.9552
    8.9803
    9.0103
    9.0388
    9.0672
    9.0926
    9.1200
    9.1483
    9.1811
    9.2071
    9.2371
    9.2680
    9.2947
    9.3243
    9.3572
    9.3780
    9.4044
    9.4384
    9.4626
    9.4852
    9.5023
    9.5201
    9.5376
    9.5533
    9.5668
    9.5822
    9.5899
    9.5926
    9.5894
    9.5906
    9.5877
    9.5797
    9.5783
    9.5739
    9.5655
    9.5530
    9.5420
    9.5332
    9.5199
    9.5108
    9.5108
    9.5102
    9.5028
    9.5022
    9.5085
    9.5095
    9.5109
    9.5089
    9.5051
    9.4997
    9.4991
    9.4892
    9.4824
    9.4738
    9.4558
    9.4272
    9.3986
    9.3654
    9.3342
    9.2957
    9.2672
    9.2293
    9.1938
    9.1542
    9.1147
    9.0744
    9.0319
    8.9858
    8.9321
    8.8820
    8.8229
    8.7598
    8.6896
    8.6235
    8.5563
    8.4850
    8.4092
    8.3331
    8.2455
    8.1677
    8.0845
    8.0042
    7.9315
    7.8587
    7.7895
    7.7221
    7.6517
    7.5821
    7.5173
    7.4499
    7.3829
    7.3188
    7.2503
    7.1818
    7.1117
    7.0420
    6.9768
    6.9038
    6.8269
    6.7547
    6.6707
    6.5921
    6.5101
    6.4339
    6.3560
    6.2796
    6.2066
    6.1342
    6.0606
    5.9856
    5.9094
    5.8292
    5.7532
    5.6753
    5.5979
    5.5242
    5.4578
    5.3870
    5.3250
    5.2606
    5.2105
    5.1475
    5.0980
    5.0414
    4.9713
    4.9083
    4.8470
    4.7876
    4.7277
    4.6880
    4.6229
    4.5652
    4.5002
    4.4459
    4.3794
    4.3130
    4.2514
    4.1853
    4.1243
    4.0664
    4.0090
    3.9553
    3.8942
    3.8307
    3.7646
    3.6937
    3.6215
    3.5554
    3.4967
    3.4334
    3.3726
    3.3119
    3.2518
    3.1992
    3.1407
    3.0867
    3.0311
    2.9756
    2.9231
    2.8740
    2.8252
    2.7826
    2.7328
    2.6871
    2.6363
    2.5866
    2.5325
    2.4799
    2.4270
    2.3792
    2.3245
    2.2769
    2.2245
    2.1814
    2.1380
    2.0948
    2.0526
    2.0144
    1.9788
    1.9355
    1.8941
    1.8422
    1.7902
    1.7361
    1.6884
    1.6456
    1.6028
    1.5535
    1.5111
    1.4580
    1.3977
    1.3527
    1.3127
    1.2742
    1.2309
    1.1927
    1.1507
    1.1064
    1.0701
    1.0353
    0.9976
    0.9584
    0.9255
    0.8965
    0.8644
    0.8425
    0.8213
    0.8040
    0.7810
    0.7529
    0.7236
    0.6938
    0.6651
    0.6300
    0.5949
    0.5642
    0.5321
    0.4986
    0.4718
    0.4433
    0.4132
    0.3838
    0.3535
    0.3257
    0.2958
    0.2708
    0.2355
    0.2054
    0.1731
    0.1455
    0.1123
    0.0893
    0.0636
    0.0376
    0.0030
   -0.0238
   -0.0388
   -0.0660
   -0.0922
   -0.1113
   -0.1264
   -0.1367
   -0.1428
   -0.1331
   -0.1241
   -0.1172
   -0.0944
   -0.0786
   -0.0620
   -0.0498
   -0.0195
   -0.0043
    0.0228
    0.0455
    0.0787
    0.1070
    0.1395
    0.1792
    0.2149
    0.2555
    0.2883
    0.3245
    0.3636
    0.3943
    0.4350
    0.4773
    0.5097
    0.5507
    0.5785
    0.6157
    0.6541
    0.6967
    0.7432
    0.7870
    0.8321
    0.8795
    0.9205
    0.9659
    1.0034
    1.0313
    1.0592
    1.0896
    1.1120
    1.1417
    1.1675
    1.1979
    1.2255
    1.2688
    1.3048
    1.3403
    1.3707
    1.4047
    1.4417
    1.4688
    1.5101
    1.5540
    1.5917
    1.6193
    1.6579
    1.6900
    1.7196
    1.7463
    1.7730
    1.7951
    1.8122
    1.8249
    1.8453
    1.8587
    1.8693
    1.8892
    1.9028
    1.9148
    1.9292
    1.9456
    1.9654
    1.9828
    2.0162
    2.0491
    2.0889
    2.1280
    2.1731
    2.2210
    2.2663
    2.3109
    2.3538
    2.0144
    1.6820
    1.3610
    1.0339
    0.7178
    0.3979
    0.0842
   -0.2235
   -0.5278
   -0.8283
   -1.1219
   -1.4126
   -1.7000
   -1.9879
   -2.2666
   -2.5407
   -2.8165
   -3.0994
   -3.3825
   -3.6757
   -3.9717
   -4.2670
   -4.5655
   -4.8702
   -5.1773
   -5.4846
   -5.7879
   -6.0952
   -6.4113
   -6.7192
