28089.2090
28089.2480
28089.1855
28088.9395
28088.6172
28088.2695
28088.1953
28087.9961
28088.0098
28088.0957
28088.0957
28088.1348
28088.2480
28088.2598
28088.3730
28088.2988
28088.1406
28088.0781
28088.0176
28087.8574
28087.7852
28087.7090
28087.5957
28087.4961
28087.5566
28087.4707
28087.3828
28087.3965
28087.4824
28087.6816
28087.6816
28087.5684
28087.6543
28087.6406
28087.5547
28087.6543
28087.6543
28087.8418
28087.7695
28087.9551
28088.1660
28088.1797
28088.1934
28088.3086
28088.4941
28088.6074
28088.7188
28088.9199
28088.7598
28088.6719
28088.5000
28088.3125
28088.1992
28088.3730
28088.6191
28088.8789
28089.2266
28089.6465
28089.9629
28090.1387
28090.4102
28090.4980
28090.5703
28090.5840
28090.5098
28090.3359
28090.1641
28090.1621
28090.0488
28090.0352
28089.9473
28089.8340
28089.7344
28089.4883
28089.2422
28089.1074
28088.8301
28088.8105
28088.9648
28089.1035
28089.3301
28089.6777
28089.9375
28090.0957
28090.3555
28090.5879
28090.5742
28090.7070
28090.6191
28090.6465
28090.8750
28090.9414
28090.9961
28091.0352
28091.0488
28090.9355
28090.9082
28090.8555
28090.7402
28090.6992
28090.8320
28090.8184
28090.8184
28090.9902
28090.9766
28091.0625
28091.1504
28091.1367
28091.1230
28091.2090
28091.2949
28091.3945
28091.4219
28091.5195
28091.4473
28091.5469
28091.5469
28091.5195
28091.4922
28091.4238
28091.3555
28091.2148
28091.1191
28091.0234
28090.9297
28090.7617
28090.7500
28090.7969
28090.8086
28090.9961
28091.0547
28091.1270
28091.0664
28091.0801
28091.0078
28091.0762
28091.1445
28091.1562
28091.2148
28091.2734
28091.2051
28091.1504
28091.2969
28091.3398
28091.5254
28091.5117
28091.6387
28091.6777
28091.7324
28091.7734
28091.7871
28091.5879
28091.5469
28091.4180
28091.3496
28091.3086
28091.2656
28091.2246
28091.1250
28091.1680
28091.1270
28091.0859
28091.0566
28091.0430
28091.0430
28090.9707
28090.9102
28090.6797
28090.5195
28090.1875
28089.8574
28089.6543
28089.4688
28089.2559
28089.1543
28089.1406
28089.2852
28089.2715
28089.3555
28089.6016
28089.7598
28089.7578
28089.8301
28089.8438
28089.7852
28089.7266
28089.6406
28089.7383
28089.7246
28089.8105
28089.9805
28090.1406
28090.3535
28090.5254
28090.8105
28091.0117
28091.2812
28091.2676
28091.2539
28091.0664
28090.9531
28090.7520
28090.4668
28090.1641
28089.8906
28089.7910
28089.5781
28089.4766
28089.5352
28089.5918
28089.6641
28089.7207
28089.6934
28089.5059
28089.4922
28089.4199
28089.4473
28089.5020
28089.5430
28089.5996
28089.6543
28089.6250
28089.6797
28089.6621
28089.7031
28089.7715
28089.8320
28089.8320
28089.8887
28089.8457
28089.9043
28089.8477
28089.8906
28089.7617
28089.6348
28089.6055
28089.4922
28089.3750
28089.2891
28089.2891
28089.2031
28089.0312
28089.0449
28089.0449
28089.0293
28089.1016
28089.2578
28089.3281
28089.5586
28089.7148
28089.8027
28089.7871
28089.9434
28089.9297
28089.8438
28089.8574
28089.9121
28089.9551
28090.0391
28090.1230
28090.2207
28090.1465
28090.2305
28090.2305
28090.2852
28090.2559
28090.2988
28090.3418
28090.3105
28090.3809
28090.4375
28090.4375
28090.4805
28090.5215
28090.6211
28090.5352
28090.5215
28090.5059
28090.4492
28090.4355
28090.5488
28090.5488
28090.5059
28090.5625
28090.6055
28090.4922
28090.5352
28090.5059
28090.5645
28090.4473
28090.4766
28090.3770
28090.3613
28090.3613
28090.3750
28090.1895
28090.1895
28090.1895
28090.1758
28090.0605
28090.0312
28090.1035
28090.0742
28090.0586
28090.1289
28090.1855
28090.1582
28090.1992
28090.2578
28090.2148
28090.1855
28090.1562
28090.2422
28090.2695
28090.3984
28090.4395
28090.5254
28090.5391
28090.6113
28090.6113
28090.4961
28090.4395
28090.3672
28090.2969
28090.1094
28089.9238
28089.8242
28089.7090
28089.5527
28089.6367
28089.8242
28090.1074
28090.4648
28090.8223
28090.9355
28090.9355
28090.7793
28090.5645
28090.4082
28090.2500
28090.3359
28090.5215
28090.6777
28090.8496
28091.0898
28090.9199
28090.7188
28090.3047
28089.9492
28089.6777
28089.2344
28089.0488
28088.9336
28088.8340
28088.9902
28088.9902
28088.9902
28089.0059
28089.0332
28089.0488
28089.0469
28089.0918
28089.1758
28089.1621
28089.2461
28089.4316
28089.5176
28089.5176
28089.5312
28089.4297
28089.4727
28089.4434
28089.3145
28089.1855
28089.1270
28089.0977
28089.1680
28089.2109
28089.3516
28089.4355
28089.3496
28089.4199
28089.5059
28089.6777
28089.9316
28090.3730
28090.5312
28090.4453
28090.1738
28090.0176
28089.8594
28089.8594
28090.0449
28090.3008
28090.8418
28091.2129
28091.6836
28092.0684
28092.3398
28092.4531
28092.4668
28092.4668
28092.6211
28092.6914
28092.4062
28091.7637
28091.1523
28090.3535
28089.6582
28089.2871
28089.1719
28089.2969
28089.5098
28089.5508
28089.6914
28089.9023
28090.2305
28090.5391
28090.9805
28091.1660
28091.1953
28091.1387
28090.9824
28090.9258
28090.9258
28090.8555
28090.9551
28090.9688
28091.0840
28091.1113
28091.1113
28091.1250
28091.0410
28090.9414
28090.9258
28090.9648
28090.8359
28090.8906
28090.9316
28091.0430
28091.0977
28091.4238
28091.5938
28091.7773
28091.9492
28092.1484
28092.2617
28092.4922
28092.6348
28092.6641
28092.7520
28092.7559
28092.7461
28092.7031
28092.5781
28092.4062
28092.2051
28091.9766
28091.9160
28091.8574
28091.8965
28091.8672
28091.7676
28091.6660
28091.5645
28091.3809
28091.3789
28091.3789
28091.2637
28091.2637
28091.2793
28091.2773
28091.5176
28091.6328
28091.8027
28091.8711
28091.8555
28091.7715
28091.7012
28091.6152
28091.5293
28091.5996
28091.5996
28091.6133
28091.6133
28091.4570
28091.2715
28091.2012
28091.1152
28091.1289
28091.3301
28091.5137
28091.6289
28091.7441
28091.7891
28091.6484
28091.5918
28091.5215
28091.4668
28091.4668
28091.4668
28091.4805
28091.5801
28091.6641
28091.8340
28091.9043
28092.0586
28092.1289
28092.2129
28092.2129
28092.2129
28092.1270
28092.0410
28091.9414
28091.9258
28092.0801
28092.2207
28092.3594
28092.5273
28092.6992
28092.8672
28092.7969
28092.8125
28092.6719
28092.5859
28092.4863
28092.3008
28092.1152
28092.0000
28091.9688
28091.8750
28091.9688
28092.0527
28092.1680
28092.2676
28092.4668
28092.6367
28092.9062
28092.8066
28093.0449
28093.1445
28093.2441
28093.4434
28093.8672
28094.1523
28094.4062
28094.5605
28094.4590
28094.2031
28094.1035
28093.8477
28093.7637
28093.5938
28093.5234
28093.3691
28093.2285
28093.1445
28093.0879
28093.0879
28093.1191
28092.9648
28092.7949
28092.6387
28092.3848
28092.2832
28092.2676
28092.2520
28092.1367
28092.1602
28092.1152
28092.0527
28092.0781
28092.1621
28092.2988
28092.4141
28092.4297
28092.5762
28092.8887
28093.0352
28093.2344
28093.3340
28093.5020
28093.6426
28093.7637
28093.8184
28094.0254
28094.2500
28094.4883
28094.6719
28094.9395
28095.2715
28095.3848
28095.4473
28095.4766
28095.5059
28095.4219
28095.5215
28095.6211
28095.6895
28095.8594
28096.1113
28096.4492
28096.8867
28097.1406
28097.4961
28097.5938
28097.8613
28098.0469
28098.2148
28098.3145
28098.5527
28098.7207
28098.9590
28099.2812
28099.4355
28099.6035
28099.8555
28100.1934
28100.3613
28100.6992
28101.1914
28101.5137
28101.8516
28102.0039
28102.1738
28102.2715
28102.2031
28102.3848
28102.4844
28102.5703
28102.7363
28102.8203
28102.9043
28102.9336
28103.1035
28103.1172
28103.1172
28103.1172
28103.0312
28102.9141
28102.7148
28102.5977
28102.4980
28102.4805
28102.4961
28102.5938
28102.6250
28102.6562
28102.6855
28102.6699
28102.7363
28102.7207
28102.8887
28102.9023
28102.8809
28102.7422
28102.5352
28102.1426
28101.8047
28101.5352
28101.3340
28101.2637
28101.4180
28101.5020
28101.7539
28101.9219
28102.0742
28101.9434
28101.9258
28101.9629
28101.9316
28102.0137
28102.1152
28102.3652
28102.5039
28102.5879
28102.6855
28102.7695
28102.8672
28102.8828
28103.0000
28102.8809
28102.8809
28102.9180
28102.8320
28102.6797
28102.7402
28102.7500
28102.7441
28102.8906
28102.8516
28102.7656
28102.7812
28102.6953
28102.7266
28102.7422
28102.7734
28102.7871
28102.9023
28103.0879
28103.3691
28103.6543
28103.6543
28103.6836
28103.7676
28103.6152
28103.5469
28103.4902
28103.5059
28103.5371
28103.6387
28103.7051
28103.7207
28103.6523
28103.6504
28103.5957
28103.6113
28103.6895
28103.8594
28103.8906
28103.9883
28104.1562
28104.2090
28104.4082
28104.4590
28104.5977
28104.5957
28104.6797
28104.6953
28104.8613
28104.9609
28105.0293
28105.2812
28105.6016
28105.6680
28105.8691
28106.0840
28106.2148
28106.3613
28106.6758
28106.8750
28107.1426
28107.3809
28107.6152
28107.9355
28107.9863
28108.1543
28108.3730
28108.3730
28108.3887
28108.4199
28108.1504
28107.9805
28107.8281
28107.6582
28107.5742
28107.6738
28107.9570
28108.2266
28108.5234
28108.8086
28108.9238
28108.8711
28108.9688
28108.9004
28109.0000
28109.0000
28109.2520
28109.2988
28109.3809
28109.4648
28109.6309
28109.6309
28109.8145
28109.7305
28109.8301
28109.9961
28110.0117
28110.1113
28110.2109
28110.2930
28110.3770
28110.2930
28110.1387
28110.0547
28110.0703
28110.0859
28110.1680
28110.4355
28110.3672
28110.2676
28110.1816
28110.1641
28110.1797
28109.9277
28109.6230
28109.3203
28108.9316
28108.4941
28108.2441
28108.0586
28108.1094
28108.2930
28108.6289
28108.9785
28109.2461
28109.4297
28109.2617
28108.8418
28108.4219
28108.0020
28107.7480
28107.8496
28107.9473
28108.1309
28108.4824
28108.7168
28108.8320
28109.0996
28109.1992
28109.1133
28109.1289
28108.9297
28108.7617
28108.6758
28108.7090
28108.8086
28109.0234
28109.3906
28109.9258
28110.6641
28111.4004
28111.6855
28111.7539
28111.6836
28111.7695
28111.9004
28112.3672
28113.2363
28114.1055
28114.6074
28115.1250
28115.1074
28114.7402
28114.3203
28114.1367
28113.9355
28113.9199
28114.1016
28114.5527
28114.7871
28115.1367
28114.8848
28114.5332
28113.9297
28113.8438
28113.6602
28113.5762
28113.6426
28113.8574
28113.8574
28113.8730
28114.1895
28114.6914
28114.9258
28115.0918
28115.3105
28115.6289
28115.5938
28115.4258
28115.2246
28115.0586
28114.6387
28114.4688
28114.4531
28114.2852
28113.9336
28113.4980
28113.1621
28112.6602
28112.2402
28111.8223
28111.2207
28110.3672
28109.4121
28108.4766
28107.7754
28107.0723
28106.7051
28106.3535
28106.2520
28105.9688
28105.7168
28105.5332
28105.4492
28105.1660
28105.0645
28104.9473
28105.0156
28104.8965
28104.4297
28104.0957
28103.5605
28102.8750
28102.2559
28101.8379
28101.4043
28101.1875
28101.3203
28101.4395
28101.8223
28102.3398
28102.6582
28102.6914
28102.5078
28102.0723
28101.8047
28101.3711
28101.1211
28101.0352
28101.2363
28101.1367
28101.1699
28101.3008
28101.4199
28101.4688
28101.3516
28101.3184
28101.0332
28100.5996
28100.2148
28099.7812
28099.3984
28099.2637
28099.3809
28098.8301
28098.2949
28098.1777
28098.2285
28097.8613
28097.9766
28098.5430
28098.5098
28098.0762
28098.1270
28098.1758
28098.1426
28098.5410
28098.8242
28099.2246
28099.4551
28099.8711
28100.2871
28100.6387
28100.9043
28101.3203
28101.7363
28102.1191
28102.3496
28102.4844
28102.6992
28102.6484
28102.0312
28101.0977
28100.3789
28099.3457
28098.5781
28098.3105
28098.7090
28099.0098
28099.3418
28099.4902
28099.6562
28099.8711
28099.6055
28099.2383
28098.9531
28098.9355
28098.8008
28098.7012
28098.6660
28098.9492
28099.3477
28099.7949
28100.7754
28101.6562
28102.4062
28102.9707
28103.4688
28103.8672
28104.3320
28104.4141
28104.4785
28104.7441
28104.6934
28103.7109
28101.9121
28099.9316
28098.1836
28096.6680
28096.0703
28096.0527
28096.0996
28095.9824
28095.7656
28095.7969
28096.0293
28096.3926
28096.8926
28097.1055
28097.4219
28097.7207
28098.2012
28098.6816
28099.1797
28099.6621
28100.1758
28100.5234
28100.6719
28101.0195
28101.3789
28101.7305
28102.0879
28102.4785
28102.8730
28103.2168
28103.5762
28103.9453
28104.2812
28104.5957
28104.8984
28105.1875
28105.4062
28105.6875
28105.9375
28106.1699
28106.3984
28106.5879
28106.7168
28106.9082
28107.0762
28107.2695
28107.4922
28107.7266
28107.8613
28108.0156
28108.0840
28108.1895
28108.2988
28108.4160
28108.5020
28108.6094
28108.7363
28108.7949
28108.8125
28108.8145
28108.8730
28108.8730
28108.9160
28108.9980
28109.0117
28109.0527
28109.0566
28109.0176
28108.9883
28108.9961
28109.0586
28109.1035
28109.1777
28109.2930
28109.3633
28109.3457
28109.2441
28109.1133
28109.0000
28108.9336
28108.8535
28108.8105
28108.7559
28108.7285
28108.6582
28108.7402
28108.5918
28108.6562
28108.6035
28108.4023
28108.3008
28108.2656
28108.1641
28108.0801
28108.3105
28108.5898
28108.6367
28108.5527
28108.5352
28108.7168
28108.7480
28108.8125
28109.1270
28109.2734
28109.1543
28108.9199
28108.7012
28108.6641
28108.3984
28108.2812
28108.1133
28108.1113
28108.1270
28108.0605
28107.9121
28108.1094
28108.3574
28108.3906
28108.6895
28109.0527
28109.1035
28108.9902
28109.2051
28109.4023
28109.1719
28108.8398
28108.3594
28107.6133
28106.8672
28106.6191
28106.5332
28106.7637
28107.0293
28107.1094
28107.2910
28107.1250
28106.7285
28106.5117
28106.1152
28105.7480
28105.4355
28105.0039
28104.7363
28104.6543
28104.3867
28104.0547
28103.5586
28103.0449
28102.2812
28101.7031
28101.1211
28100.7070
28100.3770
28099.9980
28099.8145
28099.6309
28099.2656
28099.0156
28098.8164
28098.3203
28097.8066
28097.5566
28097.1914
28096.9258
28097.0078
28097.1543
28097.1523
28097.0527
28097.0039
28096.8379
28096.7539
28096.6719
28096.7832
28096.8145
28096.8613
28097.0059
28096.9883
28096.9707
28097.1016
28097.1465
28097.1758
28097.2871
28097.4824
28097.6113
28097.5918
28097.7402
28097.9688
28098.2637
28098.6758
28099.2988
28099.5273
28099.5273
28099.1797
28098.9297
28098.4473
28098.1289
28097.8926
28097.7227
28097.5020
28097.1035
28096.7363
28096.5000
28096.2988
28096.1465
28095.9922
28095.7559
28095.7656
28095.5664
28095.1992
28094.9531
28094.8848
28094.6387
28094.5547
28094.4883
28094.5703
28094.5879
28094.7031
28094.7031
28094.8652
28094.8652
28094.7461
28094.4980
28094.3496
28094.1016
28093.7891
28093.4766
28093.2285
28093.1445
28093.2793
28093.2422
28093.4902
28093.8359
28094.0000
28094.2285
28094.3086
28094.2090
28094.1426
28094.1406
28093.8945
28093.7637
28093.6328
28093.7148
28093.7656
28093.8828
28094.1016
28094.2168
28094.3691
28094.3398
28094.1914
28093.9609
28093.8145
28093.7129
28093.4297
28093.1758
28093.0566
28092.7578
28092.5195
28092.4844
28092.4648
28092.2656
28092.2461
28092.4922
28092.5742
28092.8184
28093.1191
28093.3633
28093.6445
28093.9102
28094.0898
28094.0723
28094.4180
28094.5801
28094.6797
28094.7441
28094.6426
28094.6582
28094.5293
28094.4355
28094.5430
28094.7305
28094.9473
28095.2637
28095.6738
28095.8730
28096.2188
28096.6348
28096.8516
28096.9219
28096.9922
28096.9648
28096.7344
28096.6055
28096.4590
28096.3750
28096.0469
28095.7988
28095.9609
28095.9609
28095.8965
28096.1777
28096.5059
28096.6406
28096.9043
28097.0039
28097.1035
28097.2188
28097.0547
28096.7090
28096.4961
28096.1660
28095.5742
28095.0000
28094.5234
28094.2598
28093.9492
28093.5195
28093.2363
28092.9902
28092.6074
28092.4707
28092.3887
28092.2695
28092.2695
28092.3691
28092.3691
28092.3496
28092.2480
28092.1035
28092.0195
28092.0371
28092.1016
28092.0996
28092.3164
28092.1523
28092.0703
28092.0059
28091.9414
28091.7773
28091.6133
28091.3477
28091.2305
28091.0273
28090.9102
28090.7109
28090.5449
28090.3457
28090.0352
28089.6426
28089.4336
28089.1230
28088.8477
28088.5371
28088.3926
28088.3281
28088.3457
28088.5098
28088.7559
28089.0801
28089.4727
28089.8809
28090.1895
28090.2715
28090.5176
28090.6348
28090.7148
28090.9434
28091.0430
28091.1055
28091.1406
28091.1406
28091.0762
28090.9941
28090.9746
28090.9570
28091.0371
28091.0195
28090.9375
28091.0000
28090.9180
28090.7988
28090.7812
28090.6816
28090.6992
28090.6797
28090.7793
28090.7969
28090.8770
28090.8770
28091.0215
28091.1035
28091.2207
28091.2207
28091.1934
28091.1641
28091.3828
28091.3555
28091.1270
28090.8809
28090.6543
28090.4258
28090.2637
28090.2812
28090.1348
28089.9453
28089.7168
28089.6719
28089.5449
28089.6445
28089.6992
28089.7793
28089.5996
28089.4707
28089.2266
28089.0430
28089.0430
28089.1426
28089.2246
28089.2695
28089.4492
28089.6133
28089.6309
28089.6875
28089.6582
28089.4688
28089.4434
28089.6152
28089.9141
28089.9883
28090.0430
28089.9531
28090.0703
28090.2539
28090.6152
28090.9414
28091.2051
28091.3047
28091.2422
28091.1328
28090.9688
28090.8066
28090.8066
28090.8066
28091.0859
28091.2500
