  -10.9432
  -10.9588
  -10.9749
  -10.9889
  -11.0015
  -11.0083
  -11.0153
  -11.0155
  -11.0247
  -11.0224
  -11.0256
  -11.0260
  -11.0151
  -11.0000
  -10.9847
  -10.9597
  -10.9409
  -10.9246
  -10.9014
  -10.8822
  -10.8517
  -10.8273
  -10.7966
  -10.7595
  -10.7214
  -10.6791
  -10.6321
  -10.5886
  -10.5453
  -10.4899
  -10.4351
  -10.3464
  -10.2523
  -10.1613
  -10.0728
   -9.9835
   -9.8833
   -9.7842
   -9.6803
   -9.5712
   -9.4682
   -9.3581
   -9.2495
   -9.1356
   -9.0312
   -8.9248
   -8.8195
   -8.7170
   -8.6133
   -8.5105
   -8.4124
   -8.3177
   -8.2167
   -8.1238
   -8.0292
   -7.9373
   -7.8387
   -7.7460
   -7.6474
   -7.5523
   -7.4598
   -7.3653
   -7.2753
   -7.1854
   -7.0992
   -7.0063
   -6.9227
   -6.8403
   -6.7656
   -6.6927
   -6.6256
   -6.5588
   -6.4929
   -6.4287
   -6.3752
   -6.3225
   -6.2701
   -6.2107
   -6.1563
   -6.1049
   -6.0514
   -5.9992
   -5.9479
   -5.9015
   -5.8568
   -5.8169
   -5.7766
   -5.7414
   -5.7064
   -5.6743
   -5.6448
   -5.6162
   -5.5888
   -5.5678
   -5.5493
   -5.5253
   -5.5037
   -5.4974
   -5.4859
   -5.4786
   -5.4760
   -5.4671
   -5.4698
   -5.4645
   -5.4708
   -5.4675
   -5.4683
   -5.4723
   -5.4796
   -5.4875
   -5.4968
   -5.5052
   -5.5147
   -5.5277
   -5.5383
   -5.5489
   -5.5613
   -5.5705
   -5.5726
   -5.5784
   -5.5786
   -5.5771
   -5.5727
   -5.5718
   -5.5678
   -5.5582
   -5.5574
   -5.5547
   -5.5502
   -5.5444
   -5.5355
   -5.5275
   -5.5170
   -5.5122
   -5.5090
   -5.5012
   -5.4937
   -5.4906
   -5.4915
   -5.4867
   -5.4796
   -5.4729
   -5.4637
   -5.4505
   -5.4328
   -5.4185
   -5.3991
   -5.3825
   -5.3661
   -5.3572
   -5.3443
   -5.3371
   -5.3302
   -5.3225
   -5.3158
   -5.2959
   -5.2812
   -5.2607
   -5.2365
   -5.2181
   -5.1943
   -5.1669
   -5.1381
   -5.0988
   -5.0617
   -5.0207
   -4.9905
   -4.9657
   -4.9438
   -4.9201
   -4.9116
   -4.9008
   -4.8947
   -4.8796
   -4.8633
   -4.8418
   -4.8181
   -4.7898
   -4.7669
   -4.7515
   -4.7314
   -4.7219
   -4.7124
   -4.7151
   -4.7150
   -4.7143
   -4.7190
   -4.7194
   -4.7190
   -4.7135
   -4.7119
   -4.7087
   -4.7026
   -4.7008
   -4.6918
   -4.6815
   -4.6734
   -4.6683
   -4.6591
   -4.6481
   -4.6401
   -4.6331
   -4.6241
   -4.6180
   -4.6175
   -4.6210
   -4.6240
   -4.6313
   -4.6349
   -4.6411
   -4.6398
   -4.6407
   -4.6396
   -4.6395
   -4.6382
   -4.6319
   -4.6394
   -4.6411
   -4.6543
   -4.6703
   -4.6845
   -4.6991
   -4.7175
   -4.7384
   -4.7552
   -4.7742
   -4.7907
   -4.8026
   -4.8079
   -4.8109
   -4.8093
   -4.7946
   -4.7792
   -4.7685
   -4.7636
   -4.7584
   -4.7589
   -4.7636
   -4.7702
   -4.7787
   -4.7889
   -4.8042
   -4.8225
   -4.8400
   -4.8550
   -4.8695
   -4.8823
   -4.8927
   -4.9006
   -4.9098
   -4.9283
   -4.9436
   -4.9591
   -4.9748
   -4.9890
   -5.0059
   -5.0187
   -5.0322
   -5.0398
   -5.0526
   -5.0673
   -5.0795
   -5.0917
   -5.1117
   -5.1277
   -5.1460
   -5.1615
   -5.1763
   -5.1869
   -5.2015
   -5.2128
   -5.2226
   -5.2320
   -5.2402
   -5.2501
   -5.2590
   -5.2753
   -5.2862
   -5.3027
   -5.3124
   -5.3202
   -5.3299
   -5.3470
   -5.3610
   -5.3710
   -5.3984
   -5.4215
   -5.4364
   -5.4589
   -5.4771
   -5.4975
   -5.5184
   -5.5421
   -5.5663
   -5.5684
   -5.5828
   -5.5910
   -5.6065
   -5.6162
   -5.6275
   -5.6426
   -5.6503
   -5.6557
   -5.6533
   -5.6513
   -5.6442
   -5.6400
   -5.6357
   -5.6346
   -5.6335
   -5.6316
   -5.6218
   -5.6127
   -5.6010
   -5.5971
   -5.5887
   -5.5813
   -5.5689
   -5.5601
   -5.5468
   -5.5318
   -5.5163
   -5.4890
   -5.4620
   -5.4291
   -5.3980
   -5.3638
   -5.3346
   -5.3022
   -5.2776
   -5.2547
   -5.2339
   -5.2150
   -5.1956
   -5.1791
   -5.1636
   -5.1417
   -5.1265
   -5.1032
   -5.0751
   -5.0499
   -5.0261
   -4.9993
   -4.9760
   -4.9542
   -4.9369
   -4.9082
   -4.8904
   -4.8792
   -4.8615
   -4.8479
   -4.8282
   -4.8096
   -4.7954
   -4.7819
   -4.7805
   -4.7686
   -4.7654
   -4.7506
   -4.7420
   -4.7321
   -4.7185
   -4.7101
   -4.7020
   -4.6971
   -4.6882
   -4.6848
   -4.6778
   -4.6714
   -4.6617
   -4.6540
   -4.6486
   -4.6446
   -4.6391
   -4.6379
   -4.6304
   -4.6291
   -4.6290
   -4.6340
   -4.6332
   -4.6374
   -4.6415
   -4.6443
   -4.6569
   -4.6671
   -4.6784
   -4.6878
   -4.6993
   -4.7051
   -4.7111
   -4.7075
   -4.7011
   -4.6914
   -4.6830
   -4.6746
   -4.6654
   -4.6507
   -4.6453
   -4.6288
   -4.6219
   -4.6178
   -4.6115
   -4.6018
   -4.5946
   -4.5816
   -4.5711
   -4.5605
   -4.5532
   -4.5444
   -4.5383
   -4.5297
   -4.5190
   -4.5091
   -4.5028
   -4.4904
   -4.4753
   -4.4589
   -4.4419
   -4.4224
   -4.4062
   -4.3916
   -4.3759
   -4.3625
   -4.3493
   -4.3356
   -4.3169
   -4.3031
   -4.2846
   -4.2655
   -4.2466
   -4.2275
   -4.2089
   -4.1878
   -4.1686
   -4.1534
   -4.1350
   -4.1165
   -4.0961
   -4.0731
   -4.0522
   -4.0318
   -4.0158
   -3.9958
   -3.9771
   -3.9594
   -3.9434
   -3.9268
   -3.9098
   -3.8917
   -3.8710
   -3.8585
   -3.8458
   -3.8317
   -3.8184
   -3.8043
   -3.7928
   -3.7791
   -3.7643
   -3.7486
   -3.7351
   -3.7198
   -3.7048
   -3.6884
   -3.6744
   -3.6601
   -3.6437
   -3.6228
   -3.6030
   -3.5800
   -3.5548
   -3.5291
   -3.5056
   -3.4826
   -3.4607
   -3.4383
   -3.4110
   -3.3921
   -3.3757
   -3.3582
   -3.3427
   -3.3282
   -3.3135
   -3.2996
   -3.2826
   -3.2636
   -3.2435
   -3.2265
   -3.2055
   -3.1858
   -3.1658
   -3.1453
   -3.1262
   -3.1035
   -3.0808
   -3.0581
   -3.0338
   -3.0108
   -2.9864
   -2.9647
   -2.9424
   -2.9195
   -2.8943
   -2.8698
   -2.8455
   -2.8226
   -2.7983
   -2.7753
   -2.7509
   -2.7278
   -2.7060
   -2.6835
   -2.6579
   -2.6352
   -2.6141
   -2.5936
   -2.5714
   -2.5493
   -2.5262
   -2.5016
   -2.4776
   -2.4537
   -2.4311
   -2.4095
   -2.3899
   -2.3688
   -2.3481
   -2.3277
   -2.3121
   -2.2952
   -2.2797
   -2.2641
   -2.2453
   -2.2288
   -2.2116
   -2.1960
   -2.1769
   -2.1611
   -2.1400
   -2.1173
   -2.0973
   -2.0734
   -2.0514
   -2.0286
   -2.0061
   -1.9853
   -1.9655
   -1.9423
   -1.9199
   -1.8963
   -1.8734
   -1.8508
   -1.8292
   -1.8106
   -1.7925
   -1.7764
   -1.7606
   -1.7468
   -1.7330
   -1.7178
   -1.7011
   -1.6831
   -1.6721
   -1.6627
   -1.6468
   -1.6366
   -1.6237
   -1.6076
   -1.5957
   -1.5858
   -1.5745
   -1.5638
   -1.5576
   -1.5507
   -1.5484
   -1.5408
   -1.5322
   -1.5220
   -1.5134
   -1.5035
   -1.4995
   -1.4955
   -1.4936
   -1.4886
   -1.4827
   -1.4757
   -1.4684
   -1.4625
   -1.4549
   -1.4460
   -1.4398
   -1.4295
   -1.4189
   -1.4087
   -1.3961
   -1.3861
   -1.3695
   -1.3551
   -1.3420
   -1.3248
   -1.3084
   -1.2934
   -1.2767
   -1.2599
   -1.2417
   -1.2245
   -1.2070
   -1.1886
   -1.1760
   -1.1651
   -1.1558
   -1.1466
   -1.1377
   -1.1281
   -1.1185
   -1.1080
   -1.0949
   -1.0791
   -1.0627
   -1.0468
   -1.0362
   -1.0288
   -1.0252
   -1.0203
   -1.0190
   -1.0235
   -1.0199
   -1.0221
   -1.0312
   -1.0358
   -1.0374
   -1.0389
   -1.0366
   -1.0366
   -1.0356
   -1.0316
   -1.0313
   -1.0329
   -1.0368
   -1.0319
   -1.0247
   -1.0195
   -1.0113
   -1.0008
   -0.9906
   -0.9782
   -0.9635
   -0.9468
   -0.9202
   -0.8953
   -0.8704
   -0.8436
   -0.8161
   -0.7905
   -0.7627
   -0.7367
   -0.7092
   -0.6820
   -0.6505
   -0.6187
   -0.5860
   -0.5557
   -0.5240
   -0.4946
   -0.4623
   -0.4290
   -0.3973
   -0.3712
   -0.3440
   -0.3158
   -0.2840
   -0.2532
   -0.2181
   -0.1843
   -0.1488
   -0.1156
   -0.0830
   -0.0488
   -0.0159
    0.0154
    0.0510
    0.0943
    0.1399
    0.1864
    0.2378
    0.2961
    0.3514
    0.4022
    0.4566
    0.5139
    0.5720
    0.6285
    0.6813
    0.7311
    0.7810
    0.8305
    0.8757
    0.9214
    0.9669
    1.0090
    1.0471
    1.0799
    1.1145
    1.1503
    1.1875
    1.2158
    1.2414
    1.2605
    1.2767
    1.2846
    1.2908
    1.2975
    1.3006
    1.2951
    1.2926
    1.2838
    1.2769
    1.2678
    1.2558
    1.2381
    1.2194
    1.1955
    1.1742
    1.1530
    1.1235
    1.0961
    1.0663
    1.0346
    1.0137
    0.9882
    0.9637
    0.9350
    0.9056
    0.8728
    0.8387
    0.8008
    0.7681
    0.7308
    0.6899
    0.6536
    0.6196
    0.5783
    0.5325
    0.4890
    0.4438
    0.3947
    0.3427
    0.2926
    0.2468
    0.2017
    0.1592
    0.1137
    0.0700
    0.0242
   -0.0193
   -0.0593
   -0.0966
   -0.1300
   -0.1637
   -0.1980
   -0.2321
   -0.2681
   -0.3035
   -0.3376
   -0.3756
   -0.4175
   -0.4509
   -0.4902
   -0.5285
   -0.5683
   -0.6131
   -0.6559
   -0.7000
   -0.7364
   -0.7729
   -0.8106
   -0.8478
   -0.8818
   -0.9092
   -0.9432
   -0.9729
   -1.0049
   -1.0402
   -1.0754
   -1.1116
   -1.1419
   -1.1764
   -1.2087
   -1.2371
   -1.2701
   -1.3088
   -1.3454
   -1.3781
   -1.4078
   -1.4354
   -1.4579
   -1.4817
   -1.5020
   -1.5255
   -1.5454
   -1.5700
   -1.5959
   -1.6172
   -1.6340
   -1.6495
   -1.6672
   -1.6823
   -1.6987
   -1.7099
   -1.7236
   -1.7357
   -1.7499
   -1.7598
   -1.7679
   -1.7715
   -1.7736
   -1.7768
   -1.7829
   -1.7864
   -1.7827
   -1.7819
   -1.7704
   -1.7563
   -1.7486
   -1.7434
   -1.7371
   -1.7309
   -1.7296
   -1.7184
   -1.7053
   -1.6832
   -1.6559
   -1.6258
   -1.5978
   -1.5663
   -1.5339
   -1.5026
   -1.4686
   -1.4374
   -1.4140
   -1.3882
   -1.3580
   -1.3262
   -1.2894
   -1.2455
   -1.1967
   -1.1439
   -1.0852
   -1.0270
   -0.9696
   -0.9139
   -0.8529
   -0.7909
   -0.7292
   -0.6695
   -0.6106
   -0.5533
   -0.4947
   -0.4365
   -0.3718
   -0.3077
   -0.2394
   -0.1671
   -0.0961
   -0.0222
    0.0521
    0.1325
    0.2151
    0.3005
    0.3903
    0.4774
    0.5684
    0.6581
    0.7471
    0.8312
    0.9178
    0.9995
    1.0856
    1.1737
    1.2580
    1.3360
    1.4194
    1.4910
    1.5587
    1.6355
    1.7139
    1.7964
    1.8816
    1.9680
    2.0515
    2.1304
    2.2015
    2.2693
    2.3374
    2.4095
    2.4782
    2.5522
    2.6229
    2.6917
    2.7560
    2.8192
    2.8827
    2.9398
    2.9980
    3.0596
    3.1163
    3.1655
    3.2114
    3.2580
    3.3094
    3.3653
    3.4263
    3.4940
    3.5568
    3.6213
    3.6861
    3.7492
    3.8100
    3.8700
    3.9258
    3.9849
    4.0431
    4.0991
    4.1512
    4.2047
    4.2537
    4.2989
    4.3428
    4.3855
    4.4274
    4.4630
    4.4967
    4.5220
    4.5436
    4.5637
    4.5815
    4.5970
    4.6143
    4.6356
    4.6551
    4.6751
    4.6994
    4.7259
    4.7584
    4.7954
    4.8331
    4.8725
    4.9055
    4.9446
    4.9763
    5.0124
    5.0534
    5.1006
    5.1504
    5.1974
    5.2469
    5.2872
    5.3231
    5.3589
    5.4009
    5.4620
    5.5305
    5.5949
    5.6577
    5.7246
    5.7902
    5.8538
    5.9216
    5.9872
    6.0496
    6.1114
    6.1697
    6.2264
    6.2864
    6.3483
    6.4081
    6.4733
    6.5404
    6.6068
    6.6692
    6.7343
    6.7974
    6.8591
    6.9208
    6.9798
    7.0401
    7.0918
    7.1491
    7.2072
    7.2651
    7.3200
    7.3819
    7.4422
    7.5105
    7.5810
    7.6498
    7.7146
    7.7829
    7.8494
    7.9095
    7.9670
    8.0262
    8.0849
    8.1401
    8.1920
    8.2441
    8.2938
    8.3404
    8.3877
    8.4246
    8.4698
    8.5053
    8.5372
    8.5643
    8.5915
    8.6171
    8.6387
    8.6650
    8.6901
    8.7138
    8.7297
    8.7267
    8.7162
    8.7079
    8.7016
    8.6909
    8.6742
    8.6548
    8.6407
    8.6287
    8.6127
    8.5913
    8.5694
    8.5477
    8.5160
    8.4847
    8.4518
    8.4120
    8.3716
    8.3324
    8.2982
    8.2613
    8.2230
    8.1835
    8.1452
    8.1088
    8.0734
    8.0411
    8.0077
    7.9657
    7.9260
    7.8909
    7.8432
    7.8073
    7.7643
    7.7252
    7.6879
    7.6585
    7.6246
    7.5900
    7.5608
    7.5294
    7.5020
    7.4658
    7.4350
    7.4026
    7.3696
    7.3366
    7.3094
    7.2795
    7.2500
    7.2234
    7.1952
    7.1683
    7.1372
    7.1046
    7.0711
    7.0361
    7.0028
    6.9699
    6.9455
    6.9236
    6.9071
    6.8934
    6.8827
    6.8707
    6.8662
    6.8595
    6.8548
    6.8488
    6.8411
    6.8363
    6.8319
    6.8254
    6.8177
    6.8076
    6.8002
    6.7916
    6.7853
    6.7797
    6.7729
    6.7702
    6.7688
    6.7570
    6.7541
    6.7618
    6.7761
    6.7688
    6.7517
    6.7474
    6.7463
    6.7494
    6.7559
    6.7624
    6.7577
    6.7521
    6.7395
    6.7292
    6.7273
    6.7324
    6.7272
    6.7196
    6.7228
    6.7169
    6.7106
    6.7026
    6.6921
    6.6785
    6.6685
    6.6616
    6.6578
    6.6567
    6.6581
    6.6650
    6.6701
    6.6796
    6.6897
    6.6989
    6.7147
    6.7237
    6.7384
    6.7493
    6.7661
    6.7806
    6.7964
    6.8142
    6.8347
    6.8478
    6.8630
    6.8878
    6.9189
    6.9492
    6.9822
    7.0162
    7.0494
    7.0787
    7.1156
    7.1459
    7.1826
    7.2165
    7.2451
    7.2712
    7.2947
    7.3174
    7.3489
    7.3759
    7.3861
    7.3977
    7.4257
    7.4670
    7.4929
    7.5240
    7.5495
    7.5652
    7.5870
    7.6163
    7.6519
    7.6909
    7.7253
    7.7518
    7.7730
    7.8086
    7.8438
    7.8720
    7.9062
    7.9419
    7.9780
    8.0153
    8.0555
    8.0886
    8.1206
    8.1508
    8.1865
    8.2192
    8.2506
    8.2879
    8.3235
    8.3666
    8.4120
    8.4552
    8.5051
    8.5527
    8.5982
    8.6299
    8.6649
    8.6966
    8.7259
    8.7513
    8.7773
    8.8000
    8.8153
    8.8198
    8.8255
    8.8193
    8.8127
    8.8079
    8.8004
    8.7920
    8.7804
    8.7641
    8.7471
    8.7349
    8.7285
    8.7172
    8.7018
    8.6878
    8.6696
    8.6540
    8.6292
    8.6059
    8.5798
    8.5590
    8.5347
    8.5165
    8.5007
    8.4842
    8.4672
    8.4552
    8.4408
    8.4299
    8.4074
    8.3752
    8.3458
    8.3023
    8.2497
    8.1948
    8.1385
    8.0793
    8.0204
    7.9529
    7.8758
    7.8062
    7.7406
    7.6530
    7.5711
    7.4896
    7.4006
    7.3208
    7.2462
    7.1620
    7.0782
    6.9877
    6.9014
    6.8230
    6.7463
    6.6646
    6.5929
    6.5154
    6.4371
    6.3640
    6.2909
    6.2137
    6.1348
    6.0496
    5.9692
    5.8872
    5.8016
    5.7254
    5.6414
    5.5635
    5.4839
    5.4151
    5.3357
    5.2514
    5.1697
    5.0851
    4.9971
    4.9166
    4.8390
    4.7741
    4.7106
    4.6517
    4.5796
    4.5040
    4.4164
    4.3287
    4.2310
    4.1276
    4.0148
    3.9018
    3.7871
    3.6837
    3.5870
    3.4862
    3.3900
    3.3008
    3.2037
    3.1103
    3.0091
    2.9053
    2.8032
    2.7090
    2.6039
    2.4988
    2.4109
    2.3130
    2.2159
    2.1215
    2.0228
    1.9060
    1.7979
    1.6807
    1.5638
    1.4399
    1.3058
    1.1772
    1.0453
    0.9082
    0.7790
    0.6448
    0.5040
    0.3678
    0.2348
    0.1003
   -0.0252
   -0.1461
   -0.2647
   -0.3878
   -0.5188
   -0.6479
   -0.7803
   -0.9152
   -1.0590
   -1.2023
   -1.3387
   -1.4751
   -1.6074
   -1.7360
   -1.8722
   -2.0151
   -2.1655
   -2.3213
   -2.4824
   -2.6358
   -2.7867
   -2.9338
   -3.0753
   -3.2142
   -3.3502
   -3.4862
   -3.6177
   -3.7485
   -3.8822
   -4.0160
   -4.1553
   -4.2879
   -4.4233
   -4.5490
   -4.6776
   -4.8000
   -4.9196
   -5.0334
   -5.1480
   -5.2677
   -5.3882
   -5.5104
   -5.6302
   -5.7505
   -5.8692
   -5.9884
   -6.0982
   -6.2038
   -6.3062
   -6.4019
   -6.5007
   -6.5919
   -6.6854
   -6.7706
   -6.8520
   -6.9409
   -7.0150
   -7.0889
   -7.1716
   -7.2543
   -7.3320
   -7.4203
   -7.5067
   -7.5937
   -7.6766
   -7.7521
   -7.8337
   -7.9034
   -7.9731
   -8.0419
   -8.1011
   -8.1666
   -8.2299
   -8.2871
   -8.3442
   -8.4063
   -8.4633
   -8.5891
   -8.7088
   -8.8232
   -8.9367
   -9.0462
   -9.1528
   -9.2616
   -9.3646
   -9.4672
   -9.5666
   -9.6692
   -9.7711
   -9.8717
   -9.9646
  -10.0526
  -10.1381
  -10.2171
  -10.2945
  -10.3670
  -10.4346
  -10.4982
  -10.5634
  -10.6192
  -10.6685
  -10.7170
  -10.7634
  -10.8062
  -10.8528
  -10.8931
  -10.9385
