  -10.9847
  -11.0309
  -11.0772
  -11.1231
  -11.1665
  -11.2047
  -11.2420
  -11.2737
  -11.3136
  -11.3419
  -11.3761
  -11.4067
  -11.4282
  -11.4461
  -11.4636
  -11.4725
  -11.4872
  -11.5040
  -11.5146
  -11.5298
  -11.5348
  -11.5456
  -11.5502
  -11.5496
  -11.5482
  -11.5432
  -11.5336
  -11.5265
  -11.5187
  -11.4994
  -11.4809
  -11.3936
  -11.3014
  -11.2122
  -11.1250
  -11.0374
  -10.9405
  -10.8444
  -10.7446
  -10.6403
  -10.5409
  -10.4351
  -10.3296
  -10.2196
  -10.1178
  -10.0148
   -9.9126
   -9.8128
   -9.7122
   -9.6120
   -9.5164
   -9.4231
   -9.3237
   -9.2312
   -9.1371
   -9.0454
   -8.9479
   -8.8558
   -8.7572
   -8.6613
   -8.5674
   -8.4723
   -8.3805
   -8.2899
   -8.2022
   -8.1088
   -8.0243
   -7.9429
   -7.8688
   -7.7977
   -7.7336
   -7.6703
   -7.6097
   -7.5506
   -7.5018
   -7.4543
   -7.4073
   -7.3541
   -7.3058
   -7.2604
   -7.2126
   -7.1659
   -7.1197
   -7.0783
   -7.0386
   -7.0026
   -6.9661
   -6.9345
   -6.9034
   -6.8751
   -6.8487
   -6.8228
   -6.7990
   -6.7804
   -6.7638
   -6.7423
   -6.7229
   -6.7168
   -6.7054
   -6.6977
   -6.6936
   -6.6833
   -6.6827
   -6.6752
   -6.6783
   -6.6729
   -6.6711
   -6.6726
   -6.6774
   -6.6821
   -6.6881
   -6.6936
   -6.7008
   -6.7109
   -6.7189
   -6.7282
   -6.7391
   -6.7481
   -6.7506
   -6.7571
   -6.7596
   -6.7604
   -6.7585
   -6.7604
   -6.7580
   -6.7518
   -6.7527
   -6.7516
   -6.7475
   -6.7413
   -6.7309
   -6.7205
   -6.7066
   -6.6967
   -6.6886
   -6.6759
   -6.6627
   -6.6536
   -6.6472
   -6.6365
   -6.6228
   -6.6100
   -6.5951
   -6.5767
   -6.5541
   -6.5340
   -6.5098
   -6.4880
   -6.4665
   -6.4521
   -6.4344
   -6.4228
   -6.4117
   -6.3993
   -6.3885
   -6.3665
   -6.3490
   -6.3270
   -6.3010
   -6.2816
   -6.2573
   -6.2303
   -6.2029
   -6.1668
   -6.1332
   -6.0954
   -6.0668
   -6.0431
   -6.0218
   -5.9979
   -5.9882
   -5.9770
   -5.9693
   -5.9531
   -5.9370
   -5.9165
   -5.8944
   -5.8679
   -5.8463
   -5.8316
   -5.8123
   -5.8031
   -5.7938
   -5.7952
   -5.7942
   -5.7932
   -5.7957
   -5.7956
   -5.7950
   -5.7891
   -5.7878
   -5.7848
   -5.7790
   -5.7772
   -5.7688
   -5.7584
   -5.7504
   -5.7453
   -5.7367
   -5.7268
   -5.7189
   -5.7128
   -5.7045
   -5.6987
   -5.6981
   -5.7007
   -5.7038
   -5.7105
   -5.7145
   -5.7205
   -5.7196
   -5.7191
   -5.7186
   -5.7184
   -5.7174
   -5.7105
   -5.7157
   -5.7156
   -5.7251
   -5.7379
   -5.7481
   -5.7577
   -5.7705
   -5.7863
   -5.7975
   -5.8103
   -5.8221
   -5.8293
   -5.8300
   -5.8291
   -5.8247
   -5.8081
   -5.7907
   -5.7777
   -5.7699
   -5.7627
   -5.7608
   -5.7625
   -5.7663
   -5.7721
   -5.7797
   -5.7915
   -5.8052
   -5.8186
   -5.8300
   -5.8405
   -5.8494
   -5.8563
   -5.8602
   -5.8654
   -5.8794
   -5.8902
   -5.9014
   -5.9130
   -5.9230
   -5.9356
   -5.9444
   -5.9535
   -5.9579
   -5.9667
   -5.9776
   -5.9865
   -5.9954
   -6.0117
   -6.0247
   -6.0404
   -6.0536
   -6.0654
   -6.0737
   -6.0855
   -6.0940
   -6.1009
   -6.1093
   -6.1146
   -6.1219
   -6.1285
   -6.1429
   -6.1525
   -6.1674
   -6.1762
   -6.1829
   -6.1928
   -6.2095
   -6.2233
   -6.2325
   -6.2579
   -6.2803
   -6.2945
   -6.3160
   -6.3345
   -6.3544
   -6.3753
   -6.3985
   -6.4227
   -6.4272
   -6.4426
   -6.4518
   -6.4669
   -6.4767
   -6.4862
   -6.4987
   -6.5034
   -6.5044
   -6.4998
   -6.4940
   -6.4811
   -6.4727
   -6.4632
   -6.4560
   -6.4487
   -6.4412
   -6.4269
   -6.4118
   -6.3954
   -6.3857
   -6.3726
   -6.3602
   -6.3446
   -6.3320
   -6.3140
   -6.2943
   -6.2738
   -6.2413
   -6.2093
   -6.1710
   -6.1343
   -6.0948
   -6.0602
   -6.0235
   -5.9934
   -5.9687
   -5.9446
   -5.9217
   -5.8979
   -5.8777
   -5.8591
   -5.8351
   -5.8171
   -5.7919
   -5.7628
   -5.7366
   -5.7115
   -5.6836
   -5.6594
   -5.6365
   -5.6180
   -5.5890
   -5.5696
   -5.5568
   -5.5385
   -5.5238
   -5.5034
   -5.4826
   -5.4670
   -5.4516
   -5.4459
   -5.4310
   -5.4242
   -5.4077
   -5.3962
   -5.3855
   -5.3718
   -5.3634
   -5.3565
   -5.3519
   -5.3446
   -5.3442
   -5.3391
   -5.3348
   -5.3283
   -5.3238
   -5.3213
   -5.3194
   -5.3175
   -5.3186
   -5.3146
   -5.3157
   -5.3185
   -5.3247
   -5.3256
   -5.3314
   -5.3372
   -5.3418
   -5.3563
   -5.3678
   -5.3811
   -5.3923
   -5.4050
   -5.4124
   -5.4193
   -5.4176
   -5.4095
   -5.4001
   -5.3928
   -5.3854
   -5.3777
   -5.3641
   -5.3578
   -5.3415
   -5.3346
   -5.3302
   -5.3242
   -5.3156
   -5.3092
   -5.2973
   -5.2885
   -5.2786
   -5.2719
   -5.2629
   -5.2564
   -5.2468
   -5.2358
   -5.2250
   -5.2191
   -5.2063
   -5.1913
   -5.1750
   -5.1578
   -5.1358
   -5.1164
   -5.0994
   -5.0805
   -5.0635
   -5.0477
   -5.0319
   -5.0113
   -4.9956
   -4.9760
   -4.9556
   -4.9356
   -4.9151
   -4.8955
   -4.8729
   -4.8531
   -4.8368
   -4.8176
   -4.7981
   -4.7775
   -4.7547
   -4.7350
   -4.7163
   -4.7015
   -4.6833
   -4.6662
   -4.6498
   -4.6351
   -4.6194
   -4.6033
   -4.5853
   -4.5643
   -4.5540
   -4.5408
   -4.5264
   -4.5123
   -4.4978
   -4.4864
   -4.4717
   -4.4552
   -4.4384
   -4.4248
   -4.4085
   -4.3927
   -4.3745
   -4.3584
   -4.3419
   -4.3238
   -4.3005
   -4.2791
   -4.2543
   -4.2282
   -4.2011
   -4.1766
   -4.1518
   -4.1290
   -4.1051
   -4.0775
   -4.0574
   -4.0403
   -4.0224
   -4.0085
   -3.9953
   -3.9816
   -3.9693
   -3.9541
   -3.9365
   -3.9173
   -3.9011
   -3.8805
   -3.8611
   -3.8413
   -3.8216
   -3.8030
   -3.7800
   -3.7577
   -3.7347
   -3.7100
   -3.6865
   -3.6617
   -3.6393
   -3.6160
   -3.5918
   -3.5650
   -3.5391
   -3.5136
   -3.4894
   -3.4639
   -3.4396
   -3.4140
   -3.3896
   -3.3671
   -3.3436
   -3.3136
   -3.2889
   -3.2658
   -3.2436
   -3.2198
   -3.1953
   -3.1700
   -3.1442
   -3.1194
   -3.0938
   -3.0694
   -3.0457
   -3.0241
   -3.0012
   -2.9789
   -2.9570
   -2.9400
   -2.9218
   -2.9047
   -2.8877
   -2.8674
   -2.8489
   -2.8294
   -2.8116
   -2.7900
   -2.7709
   -2.7472
   -2.7220
   -2.6991
   -2.6730
   -2.6489
   -2.6235
   -2.5977
   -2.5737
   -2.5503
   -2.5243
   -2.4986
   -2.4721
   -2.4465
   -2.4215
   -2.3971
   -2.3756
   -2.3557
   -2.3371
   -2.3190
   -2.3031
   -2.2871
   -2.2700
   -2.2505
   -2.2299
   -2.2148
   -2.2013
   -2.1813
   -2.1657
   -2.1477
   -2.1265
   -2.1092
   -2.0940
   -2.0776
   -2.0622
   -2.0519
   -2.0414
   -2.0353
   -2.0245
   -2.0124
   -1.9985
   -1.9864
   -1.9730
   -1.9652
   -1.9575
   -1.9511
   -1.9418
   -1.9319
   -1.9213
   -1.9103
   -1.9004
   -1.8889
   -1.8762
   -1.8658
   -1.8519
   -1.8376
   -1.8237
   -1.8079
   -1.7945
   -1.7752
   -1.7585
   -1.7438
   -1.7262
   -1.7099
   -1.6948
   -1.6779
   -1.6609
   -1.6427
   -1.6260
   -1.6088
   -1.5901
   -1.5770
   -1.5656
   -1.5558
   -1.5452
   -1.5351
   -1.5241
   -1.5122
   -1.4988
   -1.4832
   -1.4652
   -1.4463
   -1.4283
   -1.4165
   -1.4095
   -1.4075
   -1.4052
   -1.4066
   -1.4136
   -1.4140
   -1.4191
   -1.4305
   -1.4375
   -1.4416
   -1.4458
   -1.4457
   -1.4475
   -1.4485
   -1.4468
   -1.4480
   -1.4514
   -1.4558
   -1.4518
   -1.4452
   -1.4399
   -1.4318
   -1.4211
   -1.4109
   -1.3981
   -1.3826
   -1.3651
   -1.3384
   -1.3127
   -1.2869
   -1.2590
   -1.2310
   -1.2050
   -1.1773
   -1.1516
   -1.1251
   -1.0992
   -1.0693
   -1.0389
   -1.0063
   -0.9748
   -0.9420
   -0.9111
   -0.8774
   -0.8431
   -0.8103
   -0.7827
   -0.7551
   -0.7269
   -0.6957
   -0.6651
   -0.6314
   -0.5988
   -0.5654
   -0.5346
   -0.5055
   -0.4756
   -0.4477
   -0.4214
   -0.3912
   -0.3525
   -0.3104
   -0.2662
   -0.2170
   -0.1624
   -0.1106
   -0.0632
   -0.0137
    0.0387
    0.0913
    0.1425
    0.1904
    0.2356
    0.2808
    0.3254
    0.3662
    0.4075
    0.4487
    0.4863
    0.5195
    0.5474
    0.5761
    0.6060
    0.6362
    0.6580
    0.6776
    0.6914
    0.7015
    0.7043
    0.7053
    0.7070
    0.7050
    0.6958
    0.6895
    0.6778
    0.6683
    0.6570
    0.6437
    0.6245
    0.6038
    0.5777
    0.5539
    0.5301
    0.4982
    0.4685
    0.4368
    0.4039
    0.3815
    0.3554
    0.3309
    0.3024
    0.2730
    0.2401
    0.2053
    0.1672
    0.1336
    0.0965
    0.0564
    0.0214
   -0.0116
   -0.0515
   -0.0949
   -0.1356
   -0.1781
   -0.2239
   -0.2717
   -0.3174
   -0.3591
   -0.3991
   -0.4367
   -0.4771
   -0.5174
   -0.5599
   -0.6007
   -0.6385
   -0.6741
   -0.7062
   -0.7388
   -0.7732
   -0.8071
   -0.8432
   -0.8791
   -0.9130
   -0.9512
   -0.9928
   -1.0257
   -1.0650
   -1.1037
   -1.1430
   -1.1874
   -1.2303
   -1.2745
   -1.3118
   -1.3479
   -1.3872
   -1.4267
   -1.4622
   -1.4895
   -1.5258
   -1.5557
   -1.5874
   -1.6223
   -1.6572
   -1.6936
   -1.7243
   -1.7590
   -1.7920
   -1.8216
   -1.8555
   -1.8949
   -1.9327
   -1.9670
   -1.9985
   -2.0278
   -2.0517
   -2.0769
   -2.0991
   -2.1246
   -2.1471
   -2.1742
   -2.2032
   -2.2269
   -2.2480
   -2.2679
   -2.2896
   -2.3082
   -2.3278
   -2.3421
   -2.3578
   -2.3735
   -2.3915
   -2.4046
   -2.4144
   -2.4197
   -2.4238
   -2.4286
   -2.4354
   -2.4390
   -2.4368
   -2.4356
   -2.4257
   -2.4136
   -2.4062
   -2.4033
   -2.3988
   -2.3944
   -2.3949
   -2.3855
   -2.3739
   -2.3532
   -2.3270
   -2.2976
   -2.2704
   -2.2380
   -2.2090
   -2.1785
   -2.1433
   -2.1105
   -2.0886
   -2.0622
   -2.0319
   -1.9990
   -1.9613
   -1.9177
   -1.8683
   -1.8139
   -1.7547
   -1.6955
   -1.6366
   -1.5810
   -1.5200
   -1.4583
   -1.3962
   -1.3355
   -1.2753
   -1.2150
   -1.1552
   -1.0952
   -1.0294
   -0.9630
   -0.8935
   -0.8189
   -0.7462
   -0.6699
   -0.5940
   -0.5121
   -0.4284
   -0.3415
   -0.2521
   -0.1648
   -0.0720
    0.0220
    0.1150
    0.2031
    0.2932
    0.3794
    0.4696
    0.5611
    0.6488
    0.7317
    0.8188
    0.8962
    0.9711
    1.0529
    1.1381
    1.2277
    1.3196
    1.4127
    1.5030
    1.5880
    1.6653
    1.7394
    1.8140
    1.8920
    1.9658
    2.0469
    2.1251
    2.1999
    2.2703
    2.3415
    2.4145
    2.4797
    2.5450
    2.6137
    2.6783
    2.7359
    2.7892
    2.8436
    2.9019
    2.9647
    3.0332
    3.1070
    3.1768
    3.2474
    3.3185
    3.3880
    3.4539
    3.5210
    3.5843
    3.6517
    3.7175
    3.7826
    3.8434
    3.9063
    3.9658
    4.0219
    4.0768
    4.1307
    4.1836
    4.2317
    4.2770
    4.3116
    4.3415
    4.3698
    4.3972
    4.4241
    4.4507
    4.4801
    4.5084
    4.5374
    4.5697
    4.6051
    4.6456
    4.6910
    4.7398
    4.7880
    4.8291
    4.8763
    4.9163
    4.9611
    5.0109
    5.0696
    5.1316
    5.1907
    5.2522
    5.3024
    5.3478
    5.3922
    5.4429
    5.5107
    5.5847
    5.6572
    5.7296
    5.8058
    5.8800
    5.9522
    6.0281
    6.1009
    6.1690
    6.2369
    6.2998
    6.3619
    6.4272
    6.4938
    6.5596
    6.6295
    6.7015
    6.7725
    6.8397
    6.9095
    6.9778
    7.0466
    7.1166
    7.1834
    7.2514
    7.3106
    7.3749
    7.4397
    7.5040
    7.5656
    7.6329
    7.6994
    7.7746
    7.8505
    7.9249
    7.9941
    8.0647
    8.1349
    8.1996
    8.2620
    8.3245
    8.3871
    8.4454
    8.5005
    8.5541
    8.6037
    8.6524
    8.7021
    8.7419
    8.7894
    8.8272
    8.8611
    8.8874
    8.9132
    8.9364
    8.9562
    8.9828
    9.0098
    9.0357
    9.0543
    9.0554
    9.0493
    9.0426
    9.0366
    9.0272
    9.0128
    8.9960
    8.9837
    8.9747
    8.9643
    8.9489
    8.9343
    8.9194
    8.8950
    8.8712
    8.8453
    8.8128
    8.7802
    8.7488
    8.7222
    8.6932
    8.6623
    8.6287
    8.5941
    8.5621
    8.5302
    8.5010
    8.4713
    8.4349
    8.3996
    8.3687
    8.3263
    8.2944
    8.2558
    8.2206
    8.1866
    8.1597
    8.1284
    8.0976
    8.0717
    8.0432
    8.0192
    7.9868
    7.9592
    7.9301
    7.9009
    7.8717
    7.8480
    7.8210
    7.7946
    7.7710
    7.7458
    7.7216
    7.6937
    7.6636
    7.6329
    7.6000
    7.5689
    7.5362
    7.5113
    7.4886
    7.4708
    7.4548
    7.4410
    7.4261
    7.4169
    7.4059
    7.3972
    7.3858
    7.3727
    7.3609
    7.3496
    7.3361
    7.3216
    7.3043
    7.2903
    7.2751
    7.2611
    7.2482
    7.2321
    7.2203
    7.2092
    7.1852
    7.1696
    7.1714
    7.1799
    7.1638
    7.1357
    7.1240
    7.1139
    7.1098
    7.1093
    7.1095
    7.0992
    7.0863
    7.0683
    7.0514
    7.0454
    7.0458
    7.0333
    7.0197
    7.0153
    7.0027
    6.9895
    6.9746
    6.9576
    6.9374
    6.9204
    6.9057
    6.8948
    6.8855
    6.8785
    6.8764
    6.8726
    6.8727
    6.8739
    6.8745
    6.8816
    6.8827
    6.8903
    6.8941
    6.9028
    6.9088
    6.9175
    6.9283
    6.9408
    6.9477
    6.9563
    6.9721
    6.9949
    7.0166
    7.0415
    7.0670
    7.0915
    7.1126
    7.1408
    7.1624
    7.1891
    7.2145
    7.2345
    7.2538
    7.2694
    7.2845
    7.3108
    7.3328
    7.3321
    7.3312
    7.3511
    7.3858
    7.4019
    7.4228
    7.4368
    7.4412
    7.4508
    7.4676
    7.4919
    7.5184
    7.5417
    7.5546
    7.5632
    7.5869
    7.6101
    7.6267
    7.6486
    7.6718
    7.6962
    7.7211
    7.7485
    7.7695
    7.7888
    7.8063
    7.8288
    7.8485
    7.8671
    7.8911
    7.9129
    7.9419
    7.9719
    8.0003
    8.0341
    8.0646
    8.0934
    8.1097
    8.1292
    8.1454
    8.1590
    8.1697
    8.1799
    8.1868
    8.1888
    8.1809
    8.1742
    8.1559
    8.1371
    8.1216
    8.1045
    8.0879
    8.0670
    8.0427
    8.0174
    7.9971
    7.9827
    7.9628
    7.9386
    7.9154
    7.8879
    7.8625
    7.8290
    7.7971
    7.7624
    7.7331
    7.6997
    7.6721
    7.6460
    7.6194
    7.5922
    7.5694
    7.5444
    7.5232
    7.4922
    7.4531
    7.4173
    7.3684
    7.3119
    7.2538
    7.1935
    7.1298
    7.0667
    6.9954
    6.9159
    6.8430
    6.7745
    6.6869
    6.6049
    6.5228
    6.4347
    6.3548
    6.2797
    6.1971
    6.1151
    6.0264
    5.9415
    5.8632
    5.7864
    5.7047
    5.6317
    5.5539
    5.4755
    5.4026
    5.3309
    5.2549
    5.1784
    5.0964
    5.0200
    4.9420
    4.8601
    4.7853
    4.7017
    4.6246
    4.5465
    4.4776
    4.3983
    4.3148
    4.2351
    4.1539
    4.0694
    3.9920
    3.9172
    3.8539
    3.7910
    3.7326
    3.6617
    3.5891
    3.5058
    3.4231
    3.3323
    3.2367
    3.1335
    3.0297
    2.9244
    2.8289
    2.7381
    2.6436
    2.5534
    2.4698
    2.3798
    2.2936
    2.2004
    2.1056
    2.0126
    1.9266
    1.8313
    1.7355
    1.6543
    1.5638
    1.4745
    1.3867
    1.2958
    1.1880
    1.0884
    0.9808
    0.8743
    0.7631
    0.6439
    0.5295
    0.4132
    0.2923
    0.1785
    0.0590
   -0.0652
   -0.1869
   -0.3060
   -0.4274
   -0.5395
   -0.6484
   -0.7541
   -0.8648
   -0.9807
   -1.0944
   -1.2109
   -1.3296
   -1.4546
   -1.5798
   -1.6986
   -1.8166
   -1.9310
   -2.0409
   -2.1567
   -2.2786
   -2.4057
   -2.5378
   -2.6754
   -2.8054
   -2.9346
   -3.0605
   -3.1805
   -3.2995
   -3.4166
   -3.5342
   -3.6470
   -3.7587
   -3.8725
   -3.9852
   -4.1034
   -4.2157
   -4.3307
   -4.4372
   -4.5459
   -4.6492
   -4.7499
   -4.8458
   -4.9430
   -5.0431
   -5.1452
   -5.2476
   -5.3481
   -5.4484
   -5.5467
   -5.6462
   -5.7367
   -5.8238
   -5.9084
   -5.9857
   -6.0672
   -6.1416
   -6.2182
   -6.2874
   -6.3526
   -6.4249
   -6.4825
   -6.5419
   -6.6075
   -6.6725
   -6.7338
   -6.8054
   -6.8749
   -6.9460
   -7.0127
   -7.0737
   -7.1392
   -7.1940
   -7.2494
   -7.3043
   -7.3505
   -7.4020
   -7.4526
   -7.4985
   -7.5456
   -7.5977
   -7.6447
   -7.7957
   -7.9406
   -8.0794
   -8.2183
   -8.3522
   -8.4835
   -8.6169
   -8.7443
   -8.8711
   -8.9947
   -9.1229
   -9.2513
   -9.3786
   -9.5002
   -9.6163
   -9.7303
   -9.8384
   -9.9448
  -10.0470
  -10.1443
  -10.2386
  -10.3332
  -10.4192
  -10.4992
  -10.5776
  -10.6537
  -10.7260
  -10.8028
  -10.8743
  -10.9500
