    2.4324
    2.1697
    1.9086
    1.6413
    1.3692
    1.0949
    0.8238
    0.5549
    0.2902
    0.0282
   -0.2312
   -0.4934
   -0.7632
   -1.0252
   -1.2950
   -1.5612
   -1.8273
   -2.0913
   -2.3573
   -2.6189
   -2.8842
   -3.1430
   -3.3963
   -3.6510
   -3.9026
   -4.1530
   -4.4068
   -4.6638
   -4.9147
   -5.1538
   -5.3992
   -5.3662
   -5.3350
   -5.2935
   -5.2518
   -5.2109
   -5.1722
   -5.1400
   -5.1036
   -5.0692
   -5.0377
   -5.0115
   -4.9825
   -4.9588
   -4.9321
   -4.9032
   -4.8764
   -4.8525
   -4.8239
   -4.7946
   -4.7661
   -4.7415
   -4.7208
   -4.7044
   -4.6909
   -4.6680
   -4.6439
   -4.6184
   -4.5920
   -4.5601
   -4.5305
   -4.5076
   -4.4759
   -4.4467
   -4.4134
   -4.3771
   -4.3321
   -4.2831
   -4.2310
   -4.1816
   -4.1301
   -4.0835
   -4.0458
   -4.0086
   -3.9728
   -3.9391
   -3.9061
   -3.8785
   -3.8532
   -3.8244
   -3.7968
   -3.7742
   -3.7525
   -3.7341
   -3.7197
   -3.7056
   -3.6930
   -3.6815
   -3.6682
   -3.6571
   -3.6481
   -3.6406
   -3.6298
   -3.6167
   -3.6115
   -3.6101
   -3.6089
   -3.6080
   -3.6068
   -3.6083
   -3.6087
   -3.5994
   -3.5829
   -3.5629
   -3.5393
   -3.5207
   -3.5032
   -3.4851
   -3.4587
   -3.4351
   -3.4116
   -3.3856
   -3.3528
   -3.3157
   -3.2678
   -3.2168
   -3.1719
   -3.1284
   -3.0895
   -3.0550
   -3.0189
   -2.9880
   -2.9488
   -2.9112
   -2.8680
   -2.8326
   -2.7957
   -2.7717
   -2.7546
   -2.7454
   -2.7429
   -2.7384
   -2.7371
   -2.7246
   -2.7047
   -2.6792
   -2.6525
   -2.6231
   -2.5905
   -2.5567
   -2.5240
   -2.4919
   -2.4676
   -2.4451
   -2.4277
   -2.4164
   -2.4092
   -2.3991
   -2.3852
   -2.3724
   -2.3573
   -2.3443
   -2.3262
   -2.3119
   -2.3031
   -2.2973
   -2.2841
   -2.2691
   -2.2513
   -2.2273
   -2.2026
   -2.1777
   -2.1542
   -2.1345
   -2.1166
   -2.0970
   -2.0732
   -2.0505
   -2.0288
   -2.0100
   -1.9922
   -1.9751
   -1.9607
   -1.9520
   -1.9510
   -1.9556
   -1.9625
   -1.9704
   -1.9803
   -1.9903
   -2.0063
   -2.0201
   -2.0303
   -2.0495
   -2.0713
   -2.1004
   -2.1208
   -2.1462
   -2.1669
   -2.1863
   -2.2043
   -2.2234
   -2.2510
   -2.2734
   -2.2946
   -2.3197
   -2.3471
   -2.3756
   -2.4026
   -2.4312
   -2.4631
   -2.4954
   -2.5276
   -2.5525
   -2.5740
   -2.5891
   -2.5947
   -2.5932
   -2.5924
   -2.5897
   -2.5876
   -2.5862
   -2.5886
   -2.5910
   -2.5946
   -2.5961
   -2.5921
   -2.5826
   -2.5721
   -2.5392
   -2.5188
   -2.4917
   -2.4669
   -2.4432
   -2.4183
   -2.3969
   -2.3761
   -2.3537
   -2.3336
   -2.3091
   -2.2884
   -2.2664
   -2.2460
   -2.2233
   -2.2006
   -2.1755
   -2.1514
   -2.1219
   -2.0885
   -2.0520
   -2.0122
   -1.9708
   -1.9371
   -1.8985
   -1.8555
   -1.8120
   -1.7627
   -1.7132
   -1.6648
   -1.6144
   -1.5646
   -1.5171
   -1.4662
   -1.4123
   -1.3567
   -1.3027
   -1.2437
   -1.1804
   -1.1162
   -1.0557
   -0.9969
   -0.9391
   -0.8846
   -0.8332
   -0.7861
   -0.7446
   -0.7070
   -0.6744
   -0.6486
   -0.6250
   -0.6086
   -0.5967
   -0.5911
   -0.5833
   -0.5770
   -0.5671
   -0.5548
   -0.5438
   -0.5392
   -0.5373
   -0.5577
   -0.5721
   -0.5942
   -0.6158
   -0.6416
   -0.6713
   -0.7031
   -0.7359
   -0.7698
   -0.8042
   -0.8403
   -0.8781
   -0.9187
   -0.9626
   -1.0125
   -1.0632
   -1.1156
   -1.1727
   -1.2360
   -1.3050
   -1.3822
   -1.4604
   -1.5360
   -1.6073
   -1.6871
   -1.7619
   -1.8417
   -1.9223
   -2.0066
   -2.0870
   -2.1707
   -2.2650
   -2.3588
   -2.4514
   -2.5443
   -2.6371
   -2.7222
   -2.8077
   -2.8962
   -2.9853
   -3.0711
   -3.1530
   -3.2294
   -3.3007
   -3.3659
   -3.4252
   -3.4789
   -3.5283
   -3.5728
   -3.6118
   -3.6453
   -3.6722
   -3.6943
   -3.7093
   -3.7216
   -3.7330
   -3.7445
   -3.7583
   -3.7731
   -3.7869
   -3.8022
   -3.8160
   -3.8299
   -3.8432
   -3.8572
   -3.8696
   -3.8804
   -3.8912
   -3.8993
   -3.9029
   -3.9032
   -3.9019
   -3.8977
   -3.8918
   -3.8859
   -3.8766
   -3.8694
   -3.8611
   -3.8517
   -3.8416
   -3.8304
   -3.8140
   -3.7982
   -3.7816
   -3.7648
   -3.7479
   -3.7325
   -3.7055
   -3.6706
   -3.6283
   -3.5788
   -3.5232
   -3.4525
   -3.3779
   -3.3016
   -3.2253
   -3.1502
   -3.0835
   -3.0196
   -2.9534
   -2.8850
   -2.8154
   -2.7470
   -2.6787
   -2.6148
   -2.5536
   -2.4980
   -2.4461
   -2.3998
   -2.3573
   -2.3204
   -2.2891
   -2.2620
   -2.2406
   -2.2252
   -2.2121
   -2.1992
   -2.1897
   -2.1776
   -2.1655
   -2.1520
   -2.1340
   -2.1138
   -2.0886
   -2.0590
   -2.0222
   -1.9827
   -1.9392
   -1.8936
   -1.8454
   -1.7995
   -1.7543
   -1.7107
   -1.6657
   -1.6190
   -1.5695
   -1.5186
   -1.4637
   -1.4094
   -1.3533
   -1.2979
   -1.2414
   -1.1838
   -1.1235
   -1.0627
   -0.9996
   -0.9367
   -0.8788
   -0.8319
   -0.7945
   -0.7665
   -0.7469
   -0.7338
   -0.7274
   -0.7255
   -0.7247
   -0.7277
   -0.7313
   -0.7354
   -0.7418
   -0.7510
   -0.7656
   -0.7864
   -0.8132
   -0.8466
   -0.8828
   -0.9250
   -0.9650
   -1.0066
   -1.0383
   -1.0705
   -1.0997
   -1.1296
   -1.1599
   -1.1952
   -1.2295
   -1.2614
   -1.2915
   -1.3188
   -1.3492
   -1.3796
   -1.4099
   -1.4436
   -1.4783
   -1.5147
   -1.5529
   -1.5888
   -1.6231
   -1.6575
   -1.6898
   -1.7237
   -1.7624
   -1.7984
   -1.8337
   -1.8662
   -1.8960
   -1.9225
   -1.9489
   -1.9742
   -1.9973
   -2.0178
   -2.0393
   -2.0640
   -2.0898
   -2.1201
   -2.1531
   -2.1883
   -2.2229
   -2.2575
   -2.2892
   -2.3181
   -2.3416
   -2.3584
   -2.3718
   -2.3820
   -2.3860
   -2.3928
   -2.3974
   -2.4025
   -2.4087
   -2.4126
   -2.4177
   -2.4238
   -2.4294
   -2.4294
   -2.4238
   -2.4099
   -2.3911
   -2.3700
   -2.3505
   -2.3399
   -2.3276
   -2.3109
   -2.2914
   -2.2681
   -2.2364
   -2.2052
   -2.1763
   -2.1512
   -2.1272
   -2.1010
   -2.0748
   -2.0491
   -2.0224
   -1.9961
   -1.9693
   -1.9447
   -1.9273
   -1.9119
   -1.8982
   -1.8887
   -1.8792
   -1.8648
   -1.8524
   -1.8373
   -1.8250
   -1.8143
   -1.8014
   -1.7878
   -1.7738
   -1.7608
   -1.7494
   -1.7375
   -1.7212
   -1.7032
   -1.6819
   -1.6590
   -1.6339
   -1.6111
   -1.5876
   -1.5604
   -1.5388
   -1.5204
   -1.5042
   -1.4908
   -1.4839
   -1.4754
   -1.4663
   -1.4577
   -1.4486
   -1.4411
   -1.4358
   -1.4299
   -1.4208
   -1.4101
   -1.3989
   -1.3877
   -1.3809
   -1.3715
   -1.3637
   -1.3505
   -1.3328
   -1.3130
   -1.2938
   -1.2751
   -1.2565
   -1.2361
   -1.2136
   -1.1916
   -1.1679
   -1.1437
   -1.1217
   -1.0996
   -1.0782
   -1.0563
   -1.0359
   -1.0155
   -0.9935
   -0.9703
   -0.9473
   -0.9242
   -0.8979
   -0.8749
   -0.8528
   -0.8303
   -0.8082
   -0.7871
   -0.7683
   -0.7545
   -0.7434
   -0.7344
   -0.7277
   -0.7204
   -0.7109
   -0.7026
   -0.6942
   -0.6869
   -0.6814
   -0.6735
   -0.6641
   -0.6541
   -0.6441
   -0.6285
   -0.6113
   -0.5958
   -0.5763
   -0.5520
   -0.5288
   -0.5072
   -0.4800
   -0.4578
   -0.4307
   -0.4009
   -0.3710
   -0.3394
   -0.3129
   -0.2830
   -0.2558
   -0.2314
   -0.2103
   -0.1931
   -0.1753
   -0.1574
   -0.1314
   -0.1080
   -0.0781
   -0.0506
   -0.0296
   -0.0139
    0.0049
    0.0238
    0.0432
    0.0622
    0.0828
    0.1045
    0.1240
    0.1429
    0.1630
    0.1792
    0.1987
    0.2204
    0.2465
    0.2710
    0.2921
    0.3172
    0.3411
    0.3622
    0.3867
    0.4111
    0.4350
    0.4579
    0.4861
    0.5150
    0.5427
    0.5694
    0.5945
    0.6173
    0.6385
    0.6658
    0.6892
    0.7099
    0.7333
    0.7534
    0.7725
    0.7937
    0.8128
    0.8329
    0.8509
    0.8644
    0.8829
    0.8992
    0.9204
    0.9417
    0.9624
    0.9815
    0.9984
    1.0224
    1.0387
    1.0600
    1.0846
    1.1108
    1.1436
    1.1774
    1.2080
    1.2353
    1.2620
    1.2849
    1.3091
    1.3381
    1.3768
    1.4091
    1.4419
    1.4719
    1.5031
    1.5348
    1.5670
    1.6036
    1.6412
    1.6811
    1.7227
    1.7615
    1.8075
    1.8458
    1.8884
    1.9393
    1.9896
    2.0356
    2.0865
    2.1319
    2.1779
    2.2266
    2.2775
    2.3191
    2.3635
    2.4062
    2.4494
    2.4938
    2.5414
    2.5880
    2.6296
    2.6739
    2.7177
    2.7588
    2.8010
    2.8448
    2.8859
    2.9291
    2.9735
    3.0189
    3.0671
    3.1147
    3.1613
    3.2030
    3.2457
    3.2846
    3.3246
    3.3717
    3.4134
    3.4577
    3.4984
    3.5373
    3.5757
    3.6137
    3.6450
    3.6770
    3.7012
    3.7293
    3.7569
    3.7867
    3.8143
    3.8380
    3.8651
    3.8944
    3.9329
    3.9677
    4.0019
    4.0389
    4.0710
    4.1069
    4.1395
    4.1678
    4.1982
    4.2205
    4.2472
    4.2738
    4.2934
    4.3092
    4.3305
    4.3522
    4.3719
    4.3987
    4.4216
    4.4517
    4.4845
    4.5200
    4.5588
    4.6014
    4.6462
    4.6884
    4.7376
    4.7831
    4.8285
    4.8745
    4.9238
    4.9709
    5.0208
    5.0696
    5.1240
    5.1761
    5.2320
    5.2869
    5.3413
    5.3962
    5.4588
    5.5214
    5.5867
    5.6527
    5.7175
    5.7807
    5.8438
    5.9047
    5.9667
    6.0287
    6.0913
    6.1582
    6.2285
    6.3009
    6.3740
    6.4464
    6.5189
    6.5952
    6.6716
    6.7518
    6.8337
    6.9090
    6.9959
    7.0812
    7.1660
    7.2568
    7.3461
    7.4315
    7.5224
    7.6072
    7.6865
    7.7608
    7.8380
    7.9167
    8.0009
    8.0852
    8.1707
    8.2584
    8.3477
    8.4342
    8.5099
    8.5899
    8.6728
    8.7568
    8.8447
    8.9349
    9.0273
    9.1131
    9.2039
    9.2909
    9.3780
    9.4650
    9.5543
    9.6403
    9.7291
    9.8179
    9.9056
    9.9917
   10.0838
   10.1705
   10.2615
   10.3520
   10.4403
   10.5269
   10.6206
   10.7041
   10.7932
   10.8844
   10.9805
   11.0750
   11.1717
   11.2662
   11.3602
   11.4552
   11.5497
   11.6409
   11.7360
   11.8272
   11.9173
   12.0112
   12.1019
   12.1915
   12.2832
   12.3689
   12.4589
   12.5434
   12.6279
   12.7091
   12.7996
   12.8938
   12.9839
   13.0788
   13.1810
   13.2782
   13.3792
   13.4748
   13.5660
   13.6533
   13.7466
   13.8316
   13.9206
   14.0161
   14.1083
   14.1918
   14.2752
   14.3520
   14.4255
   14.4973
   14.5713
   14.6454
   14.7177
   14.7949
   14.8683
   14.9390
   15.0113
   15.0803
   15.1450
   15.2091
   15.2716
   15.3320
   15.3985
   15.4594
   15.5188
   15.5749
   15.6311
   15.6845
   15.7446
   15.8050
   15.8632
   15.9194
   15.9768
   16.0298
   16.0851
   16.1392
   16.1928
   16.2480
   16.3033
   16.3542
   16.4101
   16.4644
   16.5193
   16.5795
   16.6383
   16.6976
   16.7520
   16.8084
   16.8654
   16.9197
   16.9762
   17.0263
   17.0747
   17.1335
   17.1912
   17.2440
   17.2963
   17.3448
   17.3949
   17.4499
   17.5032
   17.5510
   17.5967
   17.6440
   17.6886
   17.7337
   17.7858
   17.8311
   17.8742
   17.9183
   17.9631
   18.0084
   18.0522
   18.0997
   18.1434
   18.1883
   18.2364
   18.2775
   18.3262
   18.3710
   18.4143
   18.4575
   18.4980
   18.5379
   18.5748
   18.6180
   18.6520
   18.6958
   18.7310
   18.7650
   18.7914
   18.8243
   18.8567
   18.8901
   18.9305
   18.9665
   19.0101
   19.0499
   19.0920
   19.1313
   19.1642
   19.1949
   19.2288
   19.2567
   19.2781
   19.2971
   19.3168
   19.3379
   19.3521
   19.3711
   19.3939
   19.4113
   19.4317
   19.4483
   19.4660
   19.4891
   19.5116
   19.5292
   19.5451
   19.5690
   19.5925
   19.6075
   19.6274
   19.6548
   19.6816
   19.7122
   19.7434
   19.7665
   19.7949
   19.8172
   19.8417
   19.8613
   19.8792
   19.8964
   19.9093
   19.9254
   19.9414
   19.9520
   19.9683
   19.9781
   19.9918
   20.0049
   20.0260
   20.0449
   20.0611
   20.0820
   20.0944
   20.1191
   20.1356
   20.1562
   20.1775
   20.2032
   20.2247
   20.2461
   20.2659
   20.2830
   20.3001
   20.3102
   20.3219
   20.3259
   20.3310
   20.3404
   20.3516
   20.3611
   20.3701
   20.3839
   20.3974
   20.4086
   20.4215
   20.4322
   20.4375
   20.4362
   20.4425
   20.4447
   20.4469
   20.4426
   20.4344
   20.4264
   20.4249
   20.4277
   20.4197
   20.4127
   20.4100
   20.4045
   20.3975
   20.3894
   20.3796
   20.3660
   20.3558
   20.3433
   20.3395
   20.3308
   20.3270
   20.3259
   20.3265
   20.3298
   20.3325
   20.3376
   20.3465
   20.3528
   20.3667
   20.3784
   20.3939
   20.4058
   20.4193
   20.4327
   20.4483
   20.4644
   20.4845
   20.5017
   20.5192
   20.5347
   20.5522
   20.5714
   20.5927
   20.6135
   20.6315
   20.6512
   20.6685
   20.6874
   20.7091
   20.7306
   20.7548
   20.7743
   20.7912
   20.8077
   20.8200
   20.8355
   20.8455
   20.8605
   20.8805
   20.9005
   20.9227
   20.9379
   20.9577
   20.9758
   20.9967
   21.0142
   21.0361
   21.0551
   21.0725
   21.0894
   21.1025
   21.1170
   21.1317
   21.1404
   21.1494
   21.1508
   21.1588
   21.1672
   21.1755
   21.1785
   21.1834
   21.1866
   21.1894
   21.1861
   21.1834
   21.1843
   21.1799
   21.1754
   21.1688
   21.1577
   21.1440
   21.1302
   21.1078
   21.0869
   21.0613
   21.0308
   21.0067
   20.9719
   20.9380
   20.9010
   20.8596
   20.8237
   20.7781
   20.7307
   20.6840
   20.6393
   20.5872
   20.5384
   20.4851
   20.4330
   20.3794
   20.3243
   20.2682
   20.2126
   20.1567
   20.0991
   20.0412
   19.9830
   19.9167
   19.8470
   19.7769
   19.7046
   19.6347
   19.5584
   19.4844
   19.4130
   19.3379
   19.2608
   19.1757
   19.0904
   19.0029
   18.9140
   18.8276
   18.7373
   18.6502
   18.5580
   18.4713
   18.3807
   18.2912
   18.1990
   18.1090
   18.0157
   17.9220
   17.8244
   17.7341
   17.6387
   17.5370
   17.4362
   17.3350
   17.2289
   17.1232
   17.0224
   16.9140
   16.8141
   16.7095
   16.6038
   16.5001
   16.3916
   16.2857
   16.1762
   16.0701
   15.9656
   15.8611
   15.7595
   15.6551
   15.5502
   15.4439
   15.3402
   15.2391
   15.1404
   15.0399
   14.9413
   14.8418
   14.7448
   14.6429
   14.5458
   14.4519
   14.3522
   14.2546
   14.1601
   14.0630
   13.9651
   13.8656
   13.7663
   13.6685
   13.5701
   13.4708
   13.3719
   13.2738
   13.1827
   13.0895
   13.0018
   12.9151
   12.8275
   12.7443
   12.6552
   12.5826
   12.4935
   12.4081
   12.3210
   12.2377
   12.1602
   12.0808
   12.0048
   11.9278
   11.8512
   11.7749
   11.6972
   11.6248
   11.5477
   11.4823
   11.4097
   11.3284
   11.2541
   11.1795
   11.1002
   11.0281
   10.9548
   10.8791
   10.8043
   10.7396
   10.6708
   10.6047
   10.5254
   10.4536
   10.3824
   10.3117
   10.2383
   10.1696
   10.0994
   10.0297
    9.9594
    9.8906
    9.8249
    9.7616
    9.7032
    9.6448
    9.5873
    9.5338
    9.4807
    9.4313
    9.3877
    9.3448
    9.3119
    9.2709
    9.2284
    9.1963
    9.1627
    9.1280
    9.0903
    9.0546
    9.0239
    8.9920
    8.9553
    8.9232
    8.8898
    8.8660
    8.8309
    8.8138
    8.7962
    8.7813
    8.7648
    8.7492
    8.7361
    8.7200
    8.7107
    8.7030
    8.6980
    8.6969
    8.6923
    8.6926
    8.6893
    8.6945
    8.7041
    8.7148
    8.7257
    8.7452
    8.7636
    8.7834
    8.8069
    8.8322
    8.8555
    8.8838
    8.9127
    8.9474
    8.9747
    9.0036
    9.0287
    9.0550
    9.0814
    9.1046
    9.1264
    9.1463
    9.1635
    9.1849
    9.2012
    9.2247
    9.2490
    9.2725
    9.2958
    9.3257
    9.3465
    9.3663
    9.3839
    9.3927
    9.4119
    9.4339
    9.4533
    9.4687
    9.4922
    9.5187
    9.5448
    9.5676
    9.5903
    9.6216
    9.6484
    9.6764
    9.7012
    9.7308
    9.7508
    9.7777
    9.7998
    9.8271
    9.8495
    9.8762
    9.9013
    9.9327
    9.9567
    9.9802
   10.0053
   10.0275
   10.0466
   10.0690
   10.0911
   10.1124
   10.1233
   10.1349
    9.8749
    9.6194
    9.3617
    9.0992
    8.8385
    8.5745
    8.3120
    8.0473
    7.7843
    7.5221
    7.2601
    7.0015
    6.7441
    6.4829
    6.2238
    5.9640
    5.7071
    5.4490
    5.1862
    4.9249
    4.6610
    4.3983
    4.1378
    3.8792
    3.6135
    3.3546
    3.0963
    2.8464
    2.5923
    2.3449
