27399.1016
27398.9082
27398.9062
27399.0957
27399.0898
27399.5078
27399.3965
27399.4902
27399.5859
27399.7871
27399.5859
27399.6934
27399.7031
27399.5938
27399.7012
27399.7012
27399.8105
27399.8125
27400.0117
27399.8184
27399.8203
27399.8320
27399.8359
27399.9453
27400.1602
27400.1680
27400.2734
27400.2871
27400.2793
27400.1641
27400.1465
27400.0273
27400.1113
27400.1016
27400.2949
27400.3125
27400.7441
27400.6660
27400.6777
27400.7812
27400.8750
27400.9648
27401.2676
27400.7422
27401.1484
27401.3516
27401.4434
27401.6562
27401.5586
27401.5645
27401.4629
27401.6719
27401.5703
27401.4648
27401.0566
27401.0508
27401.1484
27401.0449
27401.3496
27401.1445
27401.0449
27401.1465
27400.9434
27401.0488
27401.1562
27401.0527
27401.3574
27401.1562
27401.4609
27401.5547
27401.2441
27401.2383
27401.4395
27401.3301
27401.5352
27401.3379
27401.7559
27401.6660
27401.3750
27401.8984
27401.5898
27401.9980
27402.3965
27402.2773
27402.6621
27402.3457
27402.7461
27402.9609
27403.4785
27403.5938
27403.8086
27404.0137
27404.2148
27404.3145
27404.6172
27404.9258
27404.8203
27404.9238
27405.1289
27405.2285
27405.3379
27405.5449
27405.6484
27405.5449
27405.4395
27405.5410
27405.4395
27405.4336
27405.4297
27405.1348
27405.0312
27405.0293
27404.9219
27405.1250
27405.0234
27404.8203
27404.8223
27405.0352
27405.2441
27404.9414
27404.8379
27405.0469
27405.3535
27405.1406
27404.9395
27405.0410
27405.1426
27405.2461
27405.1543
27405.1191
27405.1582
27404.8555
27404.8555
27405.1621
27404.9590
27404.9629
27404.8633
27404.9609
27404.9590
27404.6543
27404.5430
27404.6426
27404.4316
27404.3340
27404.6328
27404.4336
27404.8379
27404.8418
27404.8457
27404.8516
27404.8555
27404.9551
27405.1641
27405.1641
27404.7578
27405.3711
27405.0645
27405.1758
27405.1738
27404.9668
27404.8711
27404.8691
27404.4688
27404.5664
27404.2637
27404.3652
27404.1641
27404.0664
27404.3730
27404.2656
27404.1719
27404.3809
27404.3828
27404.1816
27404.4844
27404.4863
27404.2812
27404.3906
27404.2852
27404.3926
27404.1836
27404.1836
27404.0840
27404.2949
27404.1855
27404.3965
27404.8086
27404.6113
27404.8184
27404.5117
27404.7070
27404.9141
27404.9082
27405.1035
27405.0898
27404.9727
27404.9668
27404.6543
27404.7480
27404.6348
27404.5293
27404.6309
27404.0156
27404.0273
27404.0293
27403.9316
27403.7266
27403.7344
27403.4258
27403.3262
27403.4297
27403.2266
27403.1270
27402.9297
27402.9258
27403.1309
27402.9316
27402.8320
27402.4258
27402.4277
27402.3320
27402.1270
27402.1348
27402.3379
27402.0332
27401.7324
27401.6270
27401.6289
27400.9160
27401.1152
27400.8105
27401.0117
27401.1113
27401.0078
27401.3105
27400.8066
27400.8086
27400.9102
27400.5137
27400.5098
27400.4121
27400.6172
27400.4160
27400.4160
27400.2148
27399.9160
27400.0176
27399.8105
27399.6094
27399.7031
27399.6934
27399.6172
27399.5020
27399.3965
27399.5020
27399.0879
27399.4961
27399.1934
27399.3926
27399.3906
27399.1855
27399.0859
27399.0918
27398.8809
27398.9961
27398.8945
27398.9902
27398.9961
27398.9941
27398.7891
27398.8945
27398.7852
27399.1035
27398.8945
27398.7930
27398.9922
27398.9961
27398.7891
27398.8926
27398.7930
27399.0000
27398.7969
27398.7988
27398.8965
27398.7910
27398.9902
27399.0000
27399.0977
27399.5000
27399.4961
27399.5957
27399.4922
27399.8027
27399.7969
27400.0020
27399.8047
27399.8066
27399.6094
27399.5098
27399.6113
27399.4121
27399.1055
27399.3066
27399.5000
27399.4023
27399.8086
27400.0176
27400.4316
27400.5371
27400.4355
27400.2344
27400.3340
27400.2305
27400.1289
27400.0176
27399.9180
27399.8125
27399.6055
27399.5977
27399.3828
27399.5879
27399.6895
27399.5859
27399.7891
27399.7930
27399.6973
27400.0020
27399.8047
27399.9121
27400.2227
27400.0352
27400.3535
27400.4609
27400.4609
27400.6660
27400.5625
27400.8652
27401.0684
27401.0703
27401.1777
27401.1777
27401.1777
27401.0820
27400.9805
27400.8848
27401.1875
27401.0918
27401.1973
27401.1973
27401.1016
27401.3027
27401.2051
27401.2051
27401.2109
27401.2168
27401.1133
27401.3203
27401.1250
27401.2266
27401.1270
27401.1211
27401.2109
27401.1074
27400.9004
27401.0996
27400.8984
27401.1992
27400.8945
27400.9980
27401.0977
27401.1953
27401.3984
27401.4961
27401.7910
27401.9941
27402.3965
27402.4961
27402.5977
27402.7012
27402.6992
27402.5957
27402.7949
27402.6953
27402.6914
27402.6895
27402.7891
27402.9902
27403.1875
27403.1816
27403.2812
27403.4805
27403.5801
27403.6816
27403.8125
27403.9805
27404.1816
27404.4844
27404.3848
27404.2793
27404.2793
27404.0781
27404.0820
27403.9844
27403.9824
27404.1816
27404.2812
27404.3809
27404.3770
27404.5781
27404.9785
27405.2812
27405.3809
27405.4824
27405.4648
27405.3223
27405.0664
27405.0625
27405.2656
27405.3340
27405.2734
27405.0840
27404.5840
27404.5859
27404.6152
27404.6855
27404.7852
27404.8887
27405.0898
27405.0820
27405.1875
27405.1895
27405.2891
27405.4883
27405.5918
27405.7930
27405.9961
27406.0957
27406.0938
27406.2930
27406.2949
27406.3984
27406.4980
27406.4980
27406.5957
27406.6973
27406.7930
27406.8984
27406.8945
27406.7949
27406.9961
27406.9941
27407.0938
27406.9922
27406.9922
27406.8906
27406.7852
27406.7832
27406.6816
27406.6836
27406.7812
27406.8828
27406.8809
27407.0820
27407.1816
27407.1797
27407.1797
27407.1797
27406.9785
27406.8770
27406.7754
27406.8789
27406.8789
27406.9785
27406.9785
27407.2773
27407.2754
27407.2734
27407.1719
27407.1738
27407.1719
27407.2734
27407.2715
27407.1719
27407.1719
27407.1699
27406.9668
27407.1660
27407.1660
27407.2656
27407.1660
27407.1641
27407.0625
27407.2637
27407.3652
27407.4668
27407.4668
27407.5703
27407.3711
27407.2676
27407.1660
27407.0645
27406.9648
27406.8633
27406.7617
27406.7617
27406.8613
27406.8594
27406.8574
27406.6523
27406.6523
27406.4512
27406.4512
27406.5508
27406.5488
27406.3496
27406.5488
27406.5488
27406.5469
27406.5469
27406.3457
27406.4473
27406.5469
27406.5449
27406.6465
27406.6465
27406.6465
27406.8496
27406.8496
27407.0488
27406.6465
27406.6465
27406.3438
27406.2422
27406.0391
27405.8398
27405.9395
27406.0391
27406.4414
27406.3418
27406.5391
27406.7402
27407.0430
27407.6484
27408.6543
27407.8477
27409.0547
27409.0547
27409.9590
27409.9590
27410.3613
27410.6621
27410.9648
27410.6641
27411.1660
27411.0645
27410.7617
27410.7617
27410.5605
27410.5605
27410.6621
27410.6621
27411.0625
27411.1621
27410.9609
27411.0586
27411.1582
27410.9590
27410.9570
27410.7539
27410.5527
27410.4512
27410.4512
27410.3496
27410.4492
27410.4453
27410.3457
27410.6445
27410.6426
27410.4434
27410.3418
27410.2383
27410.3398
27410.4375
27410.5371
27410.6367
27410.6348
27410.6348
27410.3340
27410.2324
27410.1328
27410.2344
27410.1348
27410.1328
27410.0332
27410.2324
27410.2305
27410.2305
27410.1309
27409.9297
27409.9297
27409.8301
27409.8301
27409.9297
27409.9297
27409.9297
27409.8281
27409.8262
27410.0273
27410.1270
27410.3281
27410.5293
27410.6289
27410.8301
27410.9297
27411.2285
27411.6309
27412.2305
27413.0352
27413.4355
27413.1328
27412.3301
27411.9277
27411.6270
27411.8281
27411.9277
27412.2266
27412.7285
27412.6289
27412.9297
27412.9297
27412.8281
27412.8281
27412.7266
27412.4258
27412.3262
27412.3262
27412.3262
27412.5254
27412.4238
27412.6230
27412.6230
27412.9238
27413.0234
27413.3262
27413.5254
27413.5234
27413.6230
27413.6230
27413.7227
27413.7227
27413.8242
27413.9219
27413.8223
27413.7207
27413.3203
27413.1191
27413.1191
27413.0176
27412.9180
27412.7168
27413.3184
27413.5176
27413.5176
27413.9180
27413.9180
27414.1172
27414.6191
27414.7188
27414.9199
27415.1191
27415.2188
27415.3184
27415.4180
27415.2168
27415.1152
27415.3164
27415.4160
27415.3164
27415.4160
27414.6133
27413.7109
27413.1113
27412.1094
27411.9102
27412.1094
27412.2090
27412.4102
27412.8105
27412.9102
27413.2070
27413.2070
27413.2070
27413.1074
27413.2051
27413.4062
27413.4062
27413.3066
27413.4062
27413.9062
27413.9062
27413.7051
27413.9062
27413.9043
27414.1035
27414.2031
27414.6035
27415.1016
27415.2012
27415.3027
27414.8027
27414.7012
27414.7012
27414.1992
27414.5996
27414.6992
27414.9004
27414.8008
27414.8008
27414.6992
27414.8008
27415.0996
27415.0996
27415.4004
27415.4980
27415.5977
27415.4980
27415.7988
27415.5977
27415.9961
27416.3965
27416.8965
27417.2969
27417.4941
27417.4941
27417.3945
27417.5938
27417.6914
27417.8926
27417.7930
27417.7930
27417.3926
27417.0918
27417.0234
27417.1914
27417.0918
27417.5898
27417.6895
27417.8906
27417.8906
27418.0879
27417.5898
27417.6875
27417.5879
27417.4883
27417.6875
27417.8867
27417.5859
27418.1855
27418.3867
27418.3848
27418.2852
27418.1836
27418.1836
27418.0840
27418.0840
27418.1836
27417.5840
27417.8828
27417.7832
27417.9824
27417.6836
27418.1816
27418.7812
27418.6797
27418.5781
27418.1797
27418.5781
27418.4785
27418.6777
27418.7793
27418.9766
27419.0762
27419.2754
27419.5742
27419.6055
27419.3730
27420.0703
27419.7734
27419.4727
27419.4727
27419.4727
27418.9746
27419.1719
27419.0723
27419.1699
27419.1699
27419.3711
27419.3691
27419.3691
27418.9688
27419.1680
27419.4668
27419.5645
27419.5664
27419.7676
27419.7676
27420.0664
27419.8691
27420.4648
27420.0664
27420.1660
27420.6660
27420.7637
27421.0625
27421.3613
27421.4609
27421.5586
27421.3613
27421.5605
27421.0605
27421.4609
27420.7656
27421.0625
27420.5645
27420.9609
27420.9629
27420.9609
27421.5605
27421.0625
27421.2617
27421.3613
27421.0605
27421.1582
27421.2598
27421.1582
27420.8613
27420.5605
27420.4629
27420.6621
27420.7656
27420.9648
27421.0645
27421.3633
27421.8613
27421.8613
27421.8613
27421.7637
27422.4570
27422.6562
27423.4512
27423.5508
27423.5488
27423.6504
27423.2539
27423.0527
27423.4512
27423.7520
27424.1484
27424.1465
27424.7461
27424.9434
27424.7461
27424.8457
27425.1445
27425.1426
27425.3438
27425.2441
27425.1426
27425.0430
27425.0449
27424.6445
27423.8516
27424.4453
27424.3477
27424.8438
27424.7441
27424.3457
27423.7500
27423.7500
27423.6484
27423.4512
27423.6484
27423.8477
27423.6484
27423.6465
27423.4492
27423.6445
27423.3477
27423.1484
27423.1445
27423.3457
27423.2480
27423.0488
27422.9473
27422.8516
27422.8516
27422.9473
27422.6504
27422.3516
27422.3516
27422.3477
27422.2500
27422.4434
27422.1426
27421.9434
27421.9453
27421.8418
27421.8457
27421.5449
27421.6406
27421.5391
27421.0469
27420.9453
27420.9453
27420.5508
27420.6543
27420.2637
27420.4609
27420.2617
27420.1641
27420.5625
27420.2656
27420.1641
27420.2637
27419.9648
27419.9648
27420.1602
27419.8652
27419.9629
27419.4688
27419.4688
27418.6699
27418.5703
27418.5703
27417.9766
27417.8789
27417.5801
27418.0762
27417.9766
27418.0742
27417.4785
27417.6758
27418.5703
27418.6660
27419.1641
27419.0625
27419.4609
27420.3555
27420.3535
27420.3535
27420.6543
27420.6484
27420.5547
27420.6543
27420.9512
27420.8535
27421.1484
27421.4492
27421.3496
27421.5469
27421.5488
27421.5469
27421.3516
27421.0508
27421.1523
27421.7500
27421.6504
27421.5527
27421.5547
27421.8535
27421.1582
27421.0586
27420.7617
27421.1562
27420.5625
27420.8594
27421.2559
27421.0586
27420.8613
27420.9590
27420.7637
27420.5625
27420.1660
27420.3711
27420.4648
27420.5625
27420.5605
27420.4609
27420.3613
27420.5605
27420.6602
27420.6602
27420.5664
27420.6562
27420.7617
27420.7617
27421.5508
27421.4531
27421.8496
27421.8516
27422.0469
27422.0449
27421.9453
27421.7500
27421.6465
27421.4453
27421.2500
27421.2480
27421.1445
27421.5391
27421.3398
27421.6309
27421.2402
27421.1387
27421.3418
27421.3398
27421.1406
27421.0391
27420.9434
27420.2500
27420.1465
27419.7480
27418.6582
27418.1621
27417.9648
27417.6660
27417.3730
27417.3750
27417.8711
27418.0723
27418.2715
27418.2754
27418.1719
27417.6758
27416.5801
27415.3926
27414.5996
27413.8086
27413.7090
27413.6074
27413.3125
27413.5098
27413.7051
27414.1016
27414.2988
27414.4004
27414.9961
27414.6973
27414.7949
27414.3965
27414.6895
27414.3926
27414.2988
27414.4922
27414.3945
27414.3984
27414.4961
27414.4043
27414.5000
27414.3984
27414.1992
27414.2988
27414.1992
27414.2969
27414.0977
27414.0957
27413.7969
27413.8926
27413.8887
27413.6914
27414.0879
27413.6895
27414.1816
27413.7891
27413.3926
27413.3906
27413.2930
27413.0938
27413.0938
27412.8926
27412.9922
27412.8945
27412.8945
27412.9922
27413.3887
27413.7852
27413.5820
27413.7812
27413.7793
27413.5820
27413.3809
27413.1836
27413.4746
27413.5762
27414.0664
27413.1777
27413.1777
27413.2754
27413.3711
27413.1738
27413.1719
27413.0723
27413.6621
27414.2559
27415.5371
27416.0312
27415.9297
27416.4180
27416.3164
27416.4180
27416.2168
27416.2227
27415.6211
27415.0273
27414.9336
27414.0371
27413.8418
27413.9395
27413.9336
27414.1250
27414.0254
27414.4180
27414.4180
27414.2227
27413.9219
27413.9219
27413.9199
27414.1133
27413.6191
27413.4180
27413.6172
27413.4180
27413.5137
27413.7109
27413.6074
27413.6074
27413.3145
27413.1074
27413.0000
27413.1992
27413.3867
27413.1914
27413.3848
27413.1875
27413.6797
27413.8730
27414.0664
27414.0625
27413.8633
27413.4707
27413.2734
27412.9727
27412.8730
27412.5781
27412.3828
27412.4707
27412.1797
27412.2734
27412.5664
27412.5645
27412.5664
27412.2676
27412.3594
27412.2617
27412.4531
27412.7539
27412.8477
27413.3418
27413.2480
27413.4395
27413.6367
27413.7324
27413.6387
27413.9316
27413.8301
27413.7324
27413.3398
27412.9453
27412.3516
27412.0586
27410.9805
27410.2969
27409.5059
27409.4062
27408.4219
27409.1113
27407.9316
27408.0273
27408.4258
27408.4258
27408.2324
27408.6191
27408.6211
27408.7207
27408.7168
27408.6172
27408.4160
27408.6152
27408.9121
27409.0098
27409.2070
27409.0098
27409.3047
27409.2109
27408.5195
27408.3203
27408.2266
27407.9238
27407.9277
27407.3418
27407.8340
27407.8320
27408.0254
27407.6367
27407.7363
27407.5410
27406.8496
27407.3398
27406.7500
27406.3613
27405.8691
27405.8652
27405.3711
27406.0586
27405.3750
27405.8594
27406.0586
27407.1387
27407.7246
27407.9199
27408.3125
27408.8008
27408.9980
27408.6055
27408.5078
27408.4102
27408.1133
27408.0117
27408.2070
27408.1074
27407.8125
27407.6133
27407.1270
27407.3281
27407.1309
27407.7285
27407.8203
27407.7168
27407.4160
27407.8105
27407.4141
27406.9199
27406.5352
27407.3184
27406.8301
27407.2168
27407.1133
27407.5059
27407.6992
27407.7012
27407.8008
27408.0957
27407.8965
27408.2891
27408.8730
27408.3438
27406.7168
27407.5527
27409.6562
27408.2812
27408.2812
27408.5762
27408.7676
27408.8613
27408.6641
27408.4512
27408.0566
27407.9531
27408.1855
27408.7363
27408.3477
27408.6426
27408.7441
27408.6387
27408.5391
27408.3438
27408.2402
27408.1465
27408.0449
27408.1348
27408.0312
27408.1309
27408.2227
27408.0215
27407.3359
27407.3359
27407.1406
27406.8438
27406.9434
27406.8516
27406.7617
27406.8574
27407.0488
27406.5547
27406.2598
27406.0625
27406.2617
27405.9629
27405.4648
27406.1602
27406.0664
27405.8613
27405.5703
27405.4688
27405.6738
27405.3750
27405.5645
27404.9824
27405.0840
27404.7969
27404.5078
27404.8008
27404.6074
27405.2949
27405.2988
27405.0957
27405.1953
27405.2871
27405.3770
27405.3750
27405.4746
27405.7656
27405.6641
27405.6602
27406.4375
27406.4336
27406.0430
27406.2402
27406.0352
27406.2344
27406.0371
27405.6406
27406.0312
27406.0234
27405.8281
27405.5312
27405.9219
27405.4277
27405.7305
27405.3340
27405.5352
27405.5293
27405.1406
27405.6348
27405.1406
27405.1387
27404.6504
27404.7461
27404.8496
27404.2695
27404.7539
27405.1387
27404.9375
27405.0332
27406.0156
27406.3086
27407.2910
27407.5840
27407.5840
27407.4941
27407.7832
27407.6895
27407.3926
27407.4004
27407.2930
27407.4824
27407.2852
27406.9941
27406.8086
27406.8984
27406.7988
27406.6113
27406.7988
27406.6992
27406.6074
27406.2109
27406.4023
27406.5059
27406.5117
27406.1230
27405.7344
27405.6367
27405.8418
27405.4473
27405.7461
27406.1367
27406.1367
27405.7402
27405.7363
27405.2520
27404.9551
27404.7637
27404.5625
27404.6680
27404.6699
27404.4766
27404.1855
27404.4805
27404.1914
27403.8984
27404.2930
27403.7070
27403.7070
27403.6152
27404.2012
27404.4004
27403.8203
27403.4258
27403.8125
27403.2324
27403.6191
27403.6191
27403.6191
27403.7168
27403.9121
27403.8203
27403.8145
27404.0156
27403.8145
27403.8164
27404.3008
27404.4980
27405.5762
27406.1621
27406.3555
27406.8457
27407.1367
27407.1406
27406.9395
27407.5312
