    1.2283
    1.0989
    0.9713
    0.8523
    0.7274
    0.6109
    0.4899
    0.3668
    0.2371
    0.1022
   -0.0401
   -0.1804
   -0.3320
   -0.4829
   -0.6327
   -0.7776
   -0.9269
   -1.0721
   -1.2160
   -1.3556
   -1.4868
   -1.6177
   -1.7437
   -1.8739
   -2.0036
   -2.1280
   -2.2491
   -2.3694
   -2.4764
   -2.5909
   -2.7046
   -2.6765
   -2.6462
   -2.6147
   -2.5801
   -2.5411
   -2.5026
   -2.4792
   -2.4595
   -2.4513
   -2.4442
   -2.4537
   -2.4649
   -2.4795
   -2.4971
   -2.5173
   -2.5311
   -2.5410
   -2.5511
   -2.5639
   -2.5640
   -2.5733
   -2.5760
   -2.5840
   -2.5844
   -2.5923
   -2.5961
   -2.6099
   -2.6226
   -2.6407
   -2.6562
   -2.6795
   -2.7011
   -2.7194
   -2.7437
   -2.7664
   -2.7838
   -2.7945
   -2.7935
   -2.7881
   -2.7679
   -2.7343
   -2.6957
   -2.6449
   -2.5955
   -2.5412
   -2.4799
   -2.4084
   -2.3352
   -2.2655
   -2.2069
   -2.1467
   -2.0857
   -2.0289
   -1.9751
   -1.9293
   -1.8909
   -1.8616
   -1.8295
   -1.8153
   -1.7919
   -1.7681
   -1.7452
   -1.7318
   -1.7172
   -1.7145
   -1.7108
   -1.7186
   -1.7297
   -1.7474
   -1.7655
   -1.7948
   -1.8242
   -1.8511
   -1.8774
   -1.8998
   -1.9201
   -1.9400
   -1.9627
   -1.9858
   -2.0039
   -2.0329
   -2.0519
   -2.0709
   -2.0823
   -2.1004
   -2.1107
   -2.1204
   -2.1216
   -2.1298
   -2.1325
   -2.1412
   -2.1464
   -2.1541
   -2.1656
   -2.1697
   -2.1731
   -2.1860
   -2.2017
   -2.2195
   -2.2414
   -2.2662
   -2.2950
   -2.3249
   -2.3542
   -2.3801
   -2.4061
   -2.4426
   -2.4819
   -2.5240
   -2.5677
   -2.6038
   -2.6396
   -2.6830
   -2.7268
   -2.7635
   -2.7941
   -2.8250
   -2.8463
   -2.8715
   -2.8889
   -2.9079
   -2.9188
   -2.9211
   -2.9147
   -2.9034
   -2.8798
   -2.8551
   -2.8199
   -2.7765
   -2.7251
   -2.6747
   -2.6163
   -2.5598
   -2.5018
   -2.4474
   -2.3979
   -2.3460
   -2.2982
   -2.2523
   -2.2005
   -2.1520
   -2.1028
   -2.0477
   -1.9975
   -1.9458
   -1.8987
   -1.8498
   -1.8058
   -1.7607
   -1.7126
   -1.6687
   -1.6222
   -1.5823
   -1.5359
   -1.4906
   -1.4529
   -1.4065
   -1.3577
   -1.3016
   -1.2469
   -1.1857
   -1.1215
   -1.0634
   -1.0087
   -0.9601
   -0.9165
   -0.8780
   -0.8395
   -0.8133
   -0.7909
   -0.7693
   -0.7489
   -0.7351
   -0.7143
   -0.6909
   -0.6726
   -0.6533
   -0.6325
   -0.6172
   -0.6006
   -0.5852
   -0.5693
   -0.5586
   -0.5555
   -0.5572
   -0.5598
   -0.5652
   -0.5722
   -0.5821
   -0.5913
   -0.6020
   -0.6119
   -0.6217
   -0.6280
   -0.6374
   -0.6442
   -0.6512
   -0.6624
   -0.6678
   -0.6761
   -0.6867
   -0.6947
   -0.7019
   -0.7157
   -0.7264
   -0.7387
   -0.7455
   -0.7600
   -0.7698
   -0.7823
   -0.7923
   -0.7999
   -0.8042
   -0.8050
   -0.8058
   -0.8007
   -0.7934
   -0.7910
   -0.7910
   -0.8017
   -0.8179
   -0.8301
   -0.8528
   -0.8692
   -0.8847
   -0.8939
   -0.9001
   -0.8998
   -0.8962
   -0.8824
   -0.8655
   -0.8406
   -0.8100
   -0.7838
   -0.7533
   -0.7264
   -0.6938
   -0.6648
   -0.6322
   -0.5966
   -0.5593
   -0.5230
   -0.4905
   -0.4570
   -0.4225
   -0.3908
   -0.3624
   -0.3354
   -0.3120
   -0.2905
   -0.2740
   -0.2596
   -0.2416
   -0.2279
   -0.2160
   -0.2036
   -0.1937
   -0.1816
   -0.1692
   -0.1620
   -0.1527
   -0.1469
   -0.1440
   -0.1416
   -0.1385
   -0.1343
   -0.1286
   -0.1194
   -0.1063
   -0.0914
   -0.0770
   -0.0641
   -0.0541
   -0.0477
   -0.0420
   -0.0403
   -0.0433
   -0.0443
   -0.0478
   -0.0496
   -0.0507
   -0.0508
   -0.0537
   -0.0523
   -0.0606
   -0.0719
   -0.0851
   -0.0986
   -0.1185
   -0.1424
   -0.1765
   -0.2189
   -0.2689
   -0.3246
   -0.3758
   -0.4303
   -0.4812
   -0.5314
   -0.5826
   -0.6342
   -0.6820
   -0.7277
   -0.7703
   -0.8104
   -0.8484
   -0.8910
   -0.9293
   -0.9665
   -1.0066
   -1.0437
   -1.0784
   -1.1149
   -1.1457
   -1.1785
   -1.2021
   -1.2191
   -1.2338
   -1.2436
   -1.2556
   -1.2622
   -1.2706
   -1.2738
   -1.2743
   -1.2761
   -1.2787
   -1.2851
   -1.2964
   -1.3151
   -1.3413
   -1.3732
   -1.4144
   -1.4569
   -1.5033
   -1.5478
   -1.5920
   -1.6357
   -1.6755
   -1.7157
   -1.7581
   -1.7980
   -1.8393
   -1.8787
   -1.9162
   -1.9534
   -1.9904
   -2.0225
   -2.0509
   -2.0824
   -2.1134
   -2.1405
   -2.1639
   -2.1822
   -2.1953
   -2.2027
   -2.2087
   -2.2150
   -2.2218
   -2.2325
   -2.2463
   -2.2589
   -2.2679
   -2.2841
   -2.3013
   -2.3194
   -2.3350
   -2.3596
   -2.3718
   -2.3853
   -2.3863
   -2.3807
   -2.3800
   -2.3769
   -2.3708
   -2.3674
   -2.3626
   -2.3623
   -2.3658
   -2.3759
   -2.3871
   -2.3915
   -2.4065
   -2.4087
   -2.4058
   -2.4022
   -2.3892
   -2.3772
   -2.3554
   -2.3270
   -2.2954
   -2.2601
   -2.2175
   -2.1697
   -2.1172
   -2.0549
   -1.9895
   -1.9159
   -1.8456
   -1.7769
   -1.7086
   -1.6446
   -1.5820
   -1.5174
   -1.4542
   -1.3875
   -1.3249
   -1.2611
   -1.1952
   -1.1345
   -1.0759
   -1.0190
   -0.9692
   -0.9204
   -0.8720
   -0.8260
   -0.7824
   -0.7384
   -0.6948
   -0.6478
   -0.5980
   -0.5465
   -0.4967
   -0.4531
   -0.4112
   -0.3734
   -0.3455
   -0.3241
   -0.2999
   -0.2860
   -0.2796
   -0.2864
   -0.3023
   -0.3118
   -0.3243
   -0.3363
   -0.3505
   -0.3665
   -0.3772
   -0.3848
   -0.3852
   -0.3858
   -0.3890
   -0.3824
   -0.3816
   -0.3890
   -0.3947
   -0.4070
   -0.4083
   -0.4151
   -0.4205
   -0.4186
   -0.4114
   -0.4038
   -0.3931
   -0.3862
   -0.3848
   -0.3877
   -0.3991
   -0.4053
   -0.4140
   -0.4227
   -0.4275
   -0.4347
   -0.4439
   -0.4523
   -0.4633
   -0.4709
   -0.4803
   -0.4949
   -0.5046
   -0.5120
   -0.5206
   -0.5247
   -0.5281
   -0.5275
   -0.5262
   -0.5224
   -0.5187
   -0.5154
   -0.5140
   -0.5143
   -0.5164
   -0.5173
   -0.5191
   -0.5196
   -0.5207
   -0.5140
   -0.5059
   -0.4959
   -0.4877
   -0.4716
   -0.4560
   -0.4363
   -0.4199
   -0.4002
   -0.3821
   -0.3628
   -0.3461
   -0.3386
   -0.3378
   -0.3453
   -0.3595
   -0.3795
   -0.4034
   -0.4302
   -0.4538
   -0.4777
   -0.5050
   -0.5376
   -0.5692
   -0.6026
   -0.6442
   -0.6894
   -0.7364
   -0.7850
   -0.8326
   -0.8771
   -0.9219
   -0.9625
   -1.0040
   -1.0446
   -1.0872
   -1.1300
   -1.1715
   -1.2125
   -1.2572
   -1.3049
   -1.3520
   -1.3989
   -1.4417
   -1.4863
   -1.5290
   -1.5726
   -1.6173
   -1.6634
   -1.7128
   -1.7617
   -1.8154
   -1.8730
   -1.9339
   -1.9967
   -2.0602
   -2.1211
   -2.1806
   -2.2412
   -2.2973
   -2.3541
   -2.4108
   -2.4671
   -2.5189
   -2.5681
   -2.6157
   -2.6597
   -2.7012
   -2.7384
   -2.7752
   -2.8121
   -2.8466
   -2.8788
   -2.9051
   -2.9246
   -2.9312
   -2.9284
   -2.9195
   -2.8965
   -2.8752
   -2.8490
   -2.8222
   -2.7911
   -2.7679
   -2.7517
   -2.7455
   -2.7470
   -2.7573
   -2.7647
   -2.7727
   -2.7762
   -2.7803
   -2.7873
   -2.7928
   -2.8058
   -2.8133
   -2.8169
   -2.8186
   -2.8207
   -2.8186
   -2.8095
   -2.8020
   -2.7978
   -2.7938
   -2.7935
   -2.7940
   -2.7978
   -2.7980
   -2.7970
   -2.7951
   -2.7930
   -2.7799
   -2.7619
   -2.7470
   -2.7324
   -2.7137
   -2.6972
   -2.6815
   -2.6694
   -2.6542
   -2.6459
   -2.6306
   -2.6171
   -2.6009
   -2.5848
   -2.5640
   -2.5407
   -2.5150
   -2.4863
   -2.4598
   -2.4309
   -2.4011
   -2.3713
   -2.3398
   -2.3139
   -2.2893
   -2.2774
   -2.2767
   -2.2823
   -2.3074
   -2.3351
   -2.3742
   -2.4161
   -2.4610
   -2.4984
   -2.5363
   -2.5615
   -2.5811
   -2.5888
   -2.6017
   -2.6115
   -2.6234
   -2.6365
   -2.6455
   -2.6610
   -2.6736
   -2.6947
   -2.7180
   -2.7460
   -2.7743
   -2.8061
   -2.8407
   -2.8760
   -2.9095
   -2.9478
   -2.9814
   -3.0096
   -3.0391
   -3.0735
   -3.1079
   -3.1456
   -3.1771
   -3.2214
   -3.2670
   -3.3055
   -3.3430
   -3.3845
   -3.4204
   -3.4604
   -3.4979
   -3.5355
   -3.5649
   -3.6022
   -3.6348
   -3.6690
   -3.7043
   -3.7444
   -3.7849
   -3.8293
   -3.8753
   -3.9257
   -3.9808
   -4.0354
   -4.0936
   -4.1543
   -4.2076
   -4.2692
   -4.3260
   -4.3753
   -4.4248
   -4.4637
   -4.5061
   -4.5439
   -4.5838
   -4.6197
   -4.6552
   -4.6872
   -4.7242
   -4.7585
   -4.7896
   -4.8162
   -4.8466
   -4.8756
   -4.9057
   -4.9301
   -4.9526
   -4.9681
   -4.9827
   -4.9949
   -5.0015
   -4.9978
   -4.9945
   -4.9880
   -4.9759
   -4.9619
   -4.9415
   -4.9220
   -4.9004
   -4.8796
   -4.8539
   -4.8251
   -4.7933
   -4.7716
   -4.7478
   -4.7288
   -4.7063
   -4.6825
   -4.6571
   -4.6267
   -4.5971
   -4.5682
   -4.5364
   -4.5103
   -4.4793
   -4.4496
   -4.4162
   -4.3867
   -4.3543
   -4.3215
   -4.2850
   -4.2521
   -4.2165
   -4.1763
   -4.1428
   -4.1050
   -4.0636
   -4.0246
   -3.9828
   -3.9389
   -3.9019
   -3.8575
   -3.8126
   -3.7569
   -3.7074
   -3.6498
   -3.6022
   -3.5474
   -3.4966
   -3.4430
   -3.3881
   -3.3385
   -3.2884
   -3.2387
   -3.1889
   -3.1369
   -3.0898
   -3.0391
   -2.9932
   -2.9433
   -2.8944
   -2.8535
   -2.8013
   -2.7622
   -2.7227
   -2.6843
   -2.6483
   -2.6077
   -2.5723
   -2.5342
   -2.4977
   -2.4609
   -2.4256
   -2.3874
   -2.3438
   -2.2912
   -2.2387
   -2.1845
   -2.1277
   -2.0697
   -2.0174
   -1.9595
   -1.8963
   -1.8342
   -1.7670
   -1.7030
   -1.6410
   -1.5801
   -1.5186
   -1.4604
   -1.4015
   -1.3445
   -1.2824
   -1.2175
   -1.1571
   -1.0872
   -1.0182
   -0.9510
   -0.8825
   -0.8106
   -0.7397
   -0.6607
   -0.5812
   -0.5059
   -0.4347
   -0.3623
   -0.2860
   -0.2048
   -0.1308
   -0.0468
    0.0367
    0.1232
    0.2111
    0.2995
    0.3950
    0.4900
    0.5883
    0.6909
    0.7838
    0.8830
    0.9889
    1.0881
    1.1990
    1.2888
    1.3953
    1.4988
    1.6036
    1.7134
    1.8194
    1.9311
    2.0424
    2.1588
    2.2739
    2.3945
    2.5104
    2.6274
    2.7372
    2.8556
    2.9710
    3.0819
    3.1997
    3.3112
    3.4224
    3.5321
    3.6446
    3.7544
    3.8677
    3.9806
    4.0945
    4.2138
    4.3375
    4.4583
    4.5835
    4.7070
    4.8273
    4.9574
    5.0883
    5.2176
    5.3499
    5.4762
    5.6058
    5.7351
    5.8644
    5.9907
    6.1144
    6.2428
    6.3801
    6.5064
    6.6375
    6.7708
    6.9068
    7.0438
    7.1758
    7.3037
    7.4322
    7.5565
    7.6828
    7.8008
    7.9128
    8.0332
    8.1555
    8.2734
    8.3984
    8.5155
    8.6352
    8.7513
    8.8705
    8.9942
    9.1091
    9.2293
    9.3404
    9.4492
    9.5556
    9.6606
    9.7600
    9.8604
    9.9550
   10.0518
   10.1492
   10.2458
   10.3436
   10.4370
   10.5286
   10.6174
   10.7078
   10.7930
   10.8858
   10.9714
   11.0552
   11.1423
   11.2297
   11.3147
   11.4022
   11.4799
   11.5554
   11.6321
   11.6996
   11.7642
   11.8191
   11.8739
   11.9230
   11.9788
   12.0230
   12.0632
   12.1074
   12.1494
   12.1839
   12.2186
   12.2555
   12.2970
   12.3366
   12.3719
   12.4036
   12.4372
   12.4790
   12.5181
   12.5520
   12.5895
   12.6372
   12.6938
   12.7540
   12.8138
   12.8748
   12.9389
   13.0094
   13.0821
   13.1593
   13.2352
   13.3063
   13.3858
   13.4603
   13.5444
   13.6256
   13.7103
   13.7962
   13.8809
   13.9667
   14.0558
   14.1413
   14.2215
   14.2987
   14.3752
   14.4455
   14.5198
   14.5937
   14.6603
   14.7247
   14.7770
   14.8302
   14.8815
   14.9212
   14.9603
   15.0002
   15.0382
   15.0809
   15.1218
   15.1675
   15.2137
   15.2611
   15.3159
   15.3638
   15.4200
   15.4622
   15.5211
   15.5756
   15.6282
   15.6752
   15.7272
   15.7701
   15.8095
   15.8399
   15.8660
   15.8923
   15.9246
   15.9543
   15.9821
   16.0099
   16.0455
   16.0782
   16.1013
   16.1233
   16.1374
   16.1537
   16.1648
   16.1715
   16.1763
   16.1711
   16.1645
   16.1569
   16.1455
   16.1317
   16.1176
   16.0963
   16.0708
   16.0432
   16.0186
   15.9875
   15.9593
   15.9286
   15.8999
   15.8735
   15.8457
   15.8258
   15.8003
   15.7824
   15.7656
   15.7496
   15.7384
   15.7348
   15.7321
   15.7335
   15.7425
   15.7472
   15.7546
   15.7639
   15.7709
   15.7848
   15.7960
   15.8112
   15.8292
   15.8484
   15.8686
   15.8889
   15.9142
   15.9355
   15.9657
   15.9972
   16.0363
   16.0769
   16.1238
   16.1706
   16.2275
   16.2866
   16.3439
   16.3973
   16.4498
   16.5018
   16.5505
   16.5974
   16.6396
   16.6850
   16.7225
   16.7646
   16.8002
   16.8350
   16.8681
   16.8947
   16.9292
   16.9643
   16.9981
   17.0301
   17.0614
   17.0931
   17.1251
   17.1562
   17.1919
   17.2197
   17.2584
   17.2826
   17.3104
   17.3372
   17.3608
   17.3843
   17.4009
   17.4263
   17.4445
   17.4591
   17.4708
   17.4752
   17.4786
   17.4833
   17.4837
   17.4831
   17.4852
   17.4823
   17.4743
   17.4700
   17.4560
   17.4428
   17.4234
   17.3990
   17.3754
   17.3519
   17.3352
   17.3155
   17.2941
   17.2668
   17.2355
   17.2072
   17.1755
   17.1333
   17.0871
   17.0294
   16.9671
   16.8994
   16.8246
   16.7472
   16.6621
   16.5755
   16.4809
   16.3844
   16.2800
   16.1785
   16.0735
   15.9647
   15.8580
   15.7483
   15.6439
   15.5305
   15.4133
   15.2933
   15.1731
   15.0457
   14.9147
   14.7870
   14.6579
   14.5224
   14.3861
   14.2429
   14.1132
   13.9776
   13.8401
   13.7031
   13.5649
   13.4247
   13.2845
   13.1450
   13.0085
   12.8729
   12.7433
   12.6111
   12.4806
   12.3536
   12.2244
   12.0935
   11.9640
   11.8326
   11.7021
   11.5753
   11.4464
   11.3206
   11.1888
   11.0653
   10.9334
   10.7937
   10.6570
   10.5187
   10.3850
   10.2516
   10.1163
    9.9786
    9.8442
    9.7211
    9.5977
    9.4788
    9.3634
    9.2558
    9.1552
    9.0575
    8.9634
    8.8772
    8.7927
    8.7239
    8.6542
    8.5891
    8.5302
    8.4749
    8.4262
    8.3746
    8.3256
    8.2766
    8.2237
    8.1708
    8.1202
    8.0712
    8.0150
    7.9648
    7.9237
    7.8794
    7.8390
    7.8016
    7.7730
    7.7457
    7.7263
    7.7129
    7.7024
    7.6953
    7.6838
    7.6792
    7.6691
    7.6652
    7.6568
    7.6436
    7.6318
    7.6184
    7.6027
    7.5856
    7.5719
    7.5565
    7.5454
    7.5310
    7.5156
    7.5064
    7.4841
    7.4717
    7.4556
    7.4393
    7.4245
    7.4075
    7.3861
    7.3704
    7.3573
    7.3534
    7.3416
    7.3308
    7.3305
    7.3302
    7.3275
    7.3230
    7.3197
    7.3217
    7.3266
    7.3351
    7.3332
    7.3345
    7.3318
    7.3249
    7.3176
    7.3070
    7.2981
    7.2912
    7.2853
    7.2846
    7.2882
    7.2957
    7.3010
    7.3184
    7.3305
    7.3420
    7.3633
    7.3855
    7.3983
    7.4107
    7.4280
    7.4378
    7.4440
    7.4492
    7.4527
    7.4638
    7.4689
    7.4817
    7.4842
    7.4838
    7.4795
    7.4622
    7.4403
    7.4206
    7.4010
    7.3843
    7.3636
    7.3397
    7.3193
    7.3006
    7.2871
    7.2819
    7.2763
    7.2700
    7.2648
    7.2536
    7.2443
    7.2390
    7.2284
    7.2176
    7.2014
    7.1836
    7.1684
    7.1388
    7.1125
    7.0904
    7.0745
    7.0605
    7.0419
    7.0197
    6.9926
    6.9674
    6.9360
    6.9043
    6.8740
    6.8406
    6.8033
    6.7649
    6.7292
    6.6952
    6.6585
    6.6250
    6.5909
    6.5604
    6.5288
    6.5005
    6.4647
    6.4315
    6.3920
    6.3591
    6.3180
    6.2762
    6.2341
    6.1942
    6.1547
    6.1135
    6.0681
    6.0243
    5.9834
    5.9435
    5.9065
    5.8807
    5.8647
    5.8561
    5.8440
    5.8323
    5.8198
    5.8093
    5.7992
    5.7884
    5.7769
    5.7598
    5.7428
    5.7264
    5.7102
    5.6941
    5.6789
    5.6641
    5.6480
    5.6319
    5.6118
    5.5939
    5.5781
    5.5641
    5.5554
    5.5437
    5.5252
    5.5051
    5.4836
    5.4608
    5.4361
    5.4124
    5.3877
    5.3667
    5.3469
    5.3304
    5.3116
    5.2983
    5.2857
    5.2725
    5.2593
    5.2429
    5.0895
    4.9397
    4.7828
    4.6238
    4.4603
    4.3010
    4.1491
    4.0027
    3.8641
    3.7346
    3.6142
    3.4951
    3.3798
    3.2661
    3.1503
    3.0326
    2.9139
    2.7918
    2.6733
    2.5545
    2.4320
    2.3069
    2.1805
    2.0559
    1.9327
    1.8042
    1.6782
    1.5516
    1.4278
    1.3024
