    5.4214
    5.1319
    4.8423
    4.5539
    4.2723
    3.9921
    3.7137
    3.4445
    3.1677
    2.8969
    2.6226
    2.3425
    2.0633
    1.7832
    1.5197
    1.2667
    1.0290
    0.7902
    0.5611
    0.3140
    0.0459
   -0.2358
   -0.5400
   -0.8590
   -1.1960
   -1.5432
   -1.8911
   -2.2412
   -2.5846
   -2.9193
   -3.2542
   -3.2168
   -3.1851
   -3.1549
   -3.1285
   -3.0986
   -3.0704
   -3.0367
   -3.0063
   -2.9782
   -2.9488
   -2.9175
   -2.8912
   -2.8619
   -2.8324
   -2.8020
   -2.7759
   -2.7396
   -2.7055
   -2.6635
   -2.6214
   -2.5721
   -2.5275
   -2.4791
   -2.4288
   -2.3732
   -2.3211
   -2.2651
   -2.2139
   -2.1541
   -2.0944
   -2.0396
   -1.9840
   -1.9274
   -1.8746
   -1.8294
   -1.7819
   -1.7357
   -1.6984
   -1.6600
   -1.6285
   -1.5945
   -1.5601
   -1.5290
   -1.4973
   -1.4645
   -1.4340
   -1.4046
   -1.3779
   -1.3520
   -1.3295
   -1.3090
   -1.2902
   -1.2761
   -1.2669
   -1.2587
   -1.2545
   -1.2538
   -1.2514
   -1.2495
   -1.2492
   -1.2431
   -1.2345
   -1.2189
   -1.2038
   -1.1848
   -1.1676
   -1.1475
   -1.1321
   -1.1190
   -1.1070
   -1.0946
   -1.0814
   -1.0734
   -1.0649
   -1.0551
   -1.0503
   -1.0423
   -1.0445
   -1.0387
   -1.0389
   -1.0349
   -1.0378
   -1.0365
   -1.0385
   -1.0429
   -1.0457
   -1.0469
   -1.0486
   -1.0399
   -1.0398
   -1.0382
   -1.0315
   -1.0250
   -1.0144
   -0.9999
   -0.9836
   -0.9634
   -0.9489
   -0.9253
   -0.9039
   -0.8747
   -0.8420
   -0.8088
   -0.7706
   -0.7307
   -0.6961
   -0.6644
   -0.6376
   -0.6101
   -0.5887
   -0.5597
   -0.5279
   -0.4940
   -0.4540
   -0.4096
   -0.3661
   -0.3147
   -0.2636
   -0.2096
   -0.1536
   -0.1017
   -0.0502
   -0.0047
    0.0358
    0.0786
    0.1203
    0.1579
    0.1936
    0.2292
    0.2599
    0.2890
    0.3171
    0.3420
    0.3736
    0.3977
    0.4221
    0.4496
    0.4749
    0.5081
    0.5399
    0.5726
    0.6026
    0.6350
    0.6648
    0.6988
    0.7320
    0.7593
    0.7852
    0.8072
    0.8290
    0.8492
    0.8702
    0.8886
    0.9087
    0.9202
    0.9320
    0.9461
    0.9496
    0.9600
    0.9610
    0.9655
    0.9650
    0.9551
    0.9426
    0.9226
    0.9018
    0.8816
    0.8705
    0.8602
    0.8492
    0.8474
    0.8420
    0.8385
    0.8333
    0.8227
    0.8146
    0.8055
    0.7966
    0.7845
    0.7708
    0.7550
    0.7416
    0.7272
    0.7171
    0.7094
    0.6977
    0.6823
    0.6681
    0.6540
    0.6441
    0.6416
    0.6292
    0.6270
    0.6176
    0.6070
    0.5970
    0.5821
    0.5750
    0.5617
    0.5627
    0.5516
    0.5455
    0.5399
    0.5338
    0.5285
    0.5244
    0.5197
    0.5143
    0.5195
    0.5256
    0.5302
    0.5390
    0.5464
    0.5477
    0.5519
    0.5559
    0.5565
    0.5520
    0.5548
    0.5603
    0.5700
    0.5790
    0.5956
    0.6106
    0.6338
    0.6550
    0.6737
    0.6917
    0.6953
    0.6971
    0.6976
    0.6894
    0.6818
    0.6700
    0.6597
    0.6519
    0.6400
    0.6247
    0.6007
    0.5731
    0.5436
    0.5188
    0.4934
    0.4743
    0.4559
    0.4316
    0.4070
    0.3826
    0.3601
    0.3388
    0.3162
    0.2958
    0.2854
    0.2660
    0.2539
    0.2373
    0.2250
    0.2191
    0.2093
    0.2105
    0.1937
    0.1886
    0.1754
    0.1678
    0.1585
    0.1568
    0.1494
    0.1440
    0.1394
    0.1218
    0.1009
    0.0769
    0.0461
    0.0198
   -0.0006
   -0.0305
   -0.0560
   -0.0727
   -0.0937
   -0.1013
   -0.1194
   -0.1451
   -0.1671
   -0.1928
   -0.2140
   -0.2439
   -0.2674
   -0.2925
   -0.3106
   -0.3221
   -0.3258
   -0.3282
   -0.3273
   -0.3241
   -0.3193
   -0.3160
   -0.3126
   -0.3080
   -0.2965
   -0.2772
   -0.2474
   -0.2107
   -0.1775
   -0.1503
   -0.1315
   -0.1152
   -0.0974
   -0.0778
   -0.0547
   -0.0331
   -0.0117
    0.0070
    0.0207
    0.0313
    0.0393
    0.0473
    0.0588
    0.0693
    0.0760
    0.0790
    0.0779
    0.0777
    0.0733
    0.0721
    0.0659
    0.0587
    0.0456
    0.0339
    0.0213
    0.0087
   -0.0009
   -0.0095
   -0.0161
   -0.0175
   -0.0234
   -0.0125
   -0.0007
    0.0255
    0.0404
    0.0710
    0.0822
    0.1020
    0.1419
    0.1693
    0.2056
    0.2435
    0.2848
    0.3252
    0.3673
    0.4104
    0.4589
    0.5011
    0.5513
    0.6024
    0.6507
    0.6986
    0.7496
    0.8013
    0.8512
    0.8951
    0.9334
    0.9717
    1.0016
    1.0350
    1.0685
    1.1085
    1.1440
    1.1835
    1.2238
    1.2586
    1.2949
    1.3288
    1.3601
    1.3914
    1.4251
    1.4606
    1.4938
    1.5227
    1.5493
    1.5781
    1.6083
    1.6383
    1.6643
    1.6904
    1.7138
    1.7370
    1.7624
    1.7901
    1.8185
    1.8482
    1.8811
    1.9162
    1.9519
    1.9869
    2.0195
    2.0487
    2.0620
    2.0789
    2.0798
    2.0826
    2.0767
    2.0736
    2.0672
    2.0470
    2.0383
    2.0177
    1.9960
    1.9732
    1.9485
    1.9239
    1.8958
    1.8648
    1.8374
    1.8074
    1.7762
    1.7477
    1.7176
    1.6853
    1.6539
    1.6248
    1.6007
    1.5820
    1.5621
    1.5460
    1.5240
    1.5101
    1.4948
    1.4857
    1.4779
    1.4734
    1.4746
    1.4734
    1.4750
    1.4777
    1.4814
    1.4867
    1.4937
    1.5049
    1.5210
    1.5403
    1.5606
    1.5824
    1.6067
    1.6359
    1.6704
    1.7090
    1.7520
    1.7957
    1.8401
    1.8875
    1.9334
    1.9771
    2.0196
    2.0643
    2.1083
    2.1496
    2.1919
    2.2357
    2.2796
    2.3236
    2.3681
    2.4137
    2.4608
    2.5091
    2.5610
    2.6110
    2.6622
    2.7134
    2.7640
    2.8154
    2.8676
    2.9206
    2.9723
    3.0254
    3.0766
    3.1246
    3.1707
    3.2179
    3.2624
    3.3052
    3.3457
    3.3837
    3.4209
    3.4540
    3.4889
    3.5231
    3.5560
    3.5869
    3.6187
    3.6499
    3.6769
    3.7025
    3.7282
    3.7503
    3.7733
    3.7979
    3.8251
    3.8495
    3.8773
    3.9041
    3.9319
    3.9564
    3.9817
    4.0065
    4.0327
    4.0579
    4.0808
    4.1009
    4.1222
    4.1403
    4.1485
    4.1590
    4.1694
    4.1868
    4.2039
    4.2215
    4.2461
    4.2778
    4.3098
    4.3416
    4.3726
    4.4079
    4.4454
    4.4850
    4.5234
    4.5579
    4.5889
    4.6174
    4.6447
    4.6711
    4.6953
    4.7203
    4.7452
    4.7693
    4.7941
    4.8184
    4.8460
    4.8755
    4.9041
    4.9337
    4.9625
    4.9926
    5.0247
    5.0550
    5.0829
    5.1055
    5.1286
    5.1480
    5.1650
    5.1838
    5.1999
    5.2161
    5.2348
    5.2513
    5.2705
    5.2904
    5.3036
    5.3143
    5.3285
    5.3374
    5.3442
    5.3565
    5.3716
    5.3855
    5.4005
    5.4148
    5.4298
    5.4490
    5.4717
    5.4944
    5.5195
    5.5497
    5.5811
    5.6128
    5.6429
    5.6756
    5.7106
    5.7466
    5.7759
    5.7998
    5.8269
    5.8528
    5.8765
    5.9036
    5.9323
    5.9612
    5.9932
    6.0233
    6.0654
    6.1080
    6.1505
    6.2006
    6.2459
    6.2911
    6.3379
    6.3847
    6.4344
    6.4796
    6.5267
    6.5710
    6.6141
    6.6577
    6.6959
    6.7315
    6.7661
    6.8054
    6.8437
    6.8851
    6.9284
    6.9756
    7.0204
    7.0662
    7.1077
    7.1518
    7.1964
    7.2414
    7.2803
    7.3253
    7.3714
    7.4151
    7.4572
    7.5058
    7.5407
    7.5799
    7.6084
    7.6411
    7.6650
    7.6915
    7.7082
    7.7280
    7.7426
    7.7601
    7.7734
    7.7784
    7.7936
    7.7933
    7.7932
    7.7822
    7.7749
    7.7638
    7.7609
    7.7495
    7.7425
    7.7304
    7.7158
    7.6962
    7.6768
    7.6559
    7.6384
    7.6100
    7.5849
    7.5609
    7.5309
    7.5053
    7.4768
    7.4524
    7.4216
    7.3862
    7.3594
    7.3298
    7.3108
    7.2900
    7.2717
    7.2615
    7.2559
    7.2558
    7.2520
    7.2499
    7.2499
    7.2495
    7.2501
    7.2497
    7.2508
    7.2577
    7.2611
    7.2669
    7.2723
    7.2848
    7.2981
    7.3161
    7.3351
    7.3541
    7.3695
    7.3949
    7.4099
    7.4270
    7.4407
    7.4660
    7.4870
    7.5181
    7.5427
    7.5701
    7.5947
    7.6283
    7.6629
    7.6905
    7.7300
    7.7670
    7.8181
    7.8545
    7.9036
    7.9487
    8.0024
    8.0643
    8.1327
    8.1981
    8.2642
    8.3291
    8.3962
    8.4685
    8.5350
    8.6021
    8.6669
    8.7324
    8.7983
    8.8712
    8.9377
    9.0115
    9.0881
    9.1590
    9.2336
    9.2961
    9.3679
    9.4401
    9.5066
    9.5776
    9.6441
    9.7178
    9.7919
    9.8663
    9.9415
   10.0173
   10.0912
   10.1660
   10.2387
   10.3138
   10.3885
   10.4660
   10.5372
   10.6093
   10.6757
   10.7429
   10.8138
   10.8854
   10.9533
   11.0254
   11.1040
   11.1795
   11.2571
   11.3392
   11.4184
   11.4963
   11.5718
   11.6432
   11.7166
   11.7979
   11.8746
   11.9514
   12.0318
   12.1068
   12.1875
   12.2648
   12.3396
   12.4180
   12.4829
   12.5453
   12.6113
   12.6757
   12.7444
   12.8117
   12.8754
   12.9466
   13.0124
   13.0779
   13.1454
   13.2077
   13.2653
   13.3250
   13.3843
   13.4382
   13.4921
   13.5468
   13.6064
   13.6621
   13.7117
   13.7656
   13.8128
   13.8595
   13.9007
   13.9447
   13.9848
   14.0272
   14.0680
   14.1147
   14.1562
   14.2024
   14.2420
   14.2846
   14.3207
   14.3614
   14.3976
   14.4375
   14.4708
   14.5065
   14.5409
   14.5770
   14.6171
   14.6523
   14.6875
   14.7221
   14.7570
   14.7915
   14.8285
   14.8683
   14.9121
   14.9523
   14.9943
   15.0355
   15.0780
   15.1214
   15.1656
   15.2118
   15.2551
   15.2988
   15.3414
   15.3845
   15.4344
   15.4767
   15.5242
   15.5685
   15.6177
   15.6630
   15.7089
   15.7543
   15.7988
   15.8405
   15.8881
   15.9332
   15.9815
   16.0280
   16.0818
   16.1336
   16.1803
   16.2283
   16.2732
   16.3230
   16.3716
   16.4178
   16.4654
   16.5105
   16.5545
   16.5998
   16.6426
   16.6829
   16.7157
   16.7546
   16.7842
   16.8164
   16.8455
   16.8757
   16.8960
   16.9218
   16.9404
   16.9617
   16.9768
   16.9884
   16.9944
   16.9972
   17.0045
   17.0119
   17.0143
   17.0084
   17.0020
   16.9959
   16.9895
   16.9811
   16.9711
   16.9604
   16.9487
   16.9374
   16.9192
   16.9021
   16.8826
   16.8638
   16.8450
   16.8249
   16.8101
   16.7905
   16.7755
   16.7563
   16.7339
   16.7068
   16.6802
   16.6519
   16.6244
   16.6016
   16.5802
   16.5581
   16.5428
   16.5202
   16.4968
   16.4762
   16.4548
   16.4352
   16.4129
   16.3925
   16.3688
   16.3444
   16.3219
   16.3002
   16.2821
   16.2626
   16.2442
   16.2237
   16.2048
   16.1907
   16.1726
   16.1578
   16.1445
   16.1381
   16.1276
   16.1256
   16.1218
   16.1188
   16.1186
   16.1200
   16.1257
   16.1369
   16.1475
   16.1601
   16.1734
   16.1902
   16.2055
   16.2253
   16.2437
   16.2596
   16.2764
   16.2961
   16.3136
   16.3330
   16.3472
   16.3673
   16.3848
   16.4114
   16.4343
   16.4573
   16.4805
   16.5033
   16.5221
   16.5367
   16.5568
   16.5771
   16.5974
   16.6225
   16.6526
   16.6819
   16.7109
   16.7401
   16.7673
   16.7956
   16.8286
   16.8647
   16.8964
   16.9361
   16.9752
   17.0144
   17.0599
   17.1058
   17.1524
   17.1992
   17.2456
   17.2925
   17.3405
   17.3891
   17.4393
   17.4934
   17.5455
   17.5982
   17.6543
   17.7130
   17.7660
   17.8227
   17.8862
   17.9480
   18.0129
   18.0743
   18.1344
   18.1927
   18.2472
   18.3025
   18.3541
   18.4069
   18.4573
   18.5133
   18.5662
   18.6220
   18.6819
   18.7407
   18.7922
   18.8442
   18.8990
   18.9484
   19.0020
   19.0553
   19.1033
   19.1553
   19.2051
   19.2548
   19.3062
   19.3572
   19.4138
   19.4649
   19.5234
   19.5801
   19.6358
   19.6882
   19.7390
   19.7912
   19.8372
   19.8855
   19.9317
   19.9767
   20.0153
   20.0531
   20.0878
   20.1189
   20.1505
   20.1837
   20.2153
   20.2485
   20.2786
   20.3072
   20.3348
   20.3582
   20.3782
   20.3961
   20.4023
   20.4016
   20.4036
   20.4053
   20.4077
   20.4114
   20.4157
   20.4091
   20.4041
   20.3985
   20.3949
   20.3912
   20.3907
   20.3919
   20.3946
   20.4030
   20.4147
   20.4141
   20.4028
   20.3817
   20.3553
   20.3282
   20.3001
   20.2809
   20.2661
   20.2577
   20.2619
   20.2567
   20.2509
   20.2412
   20.2218
   20.2028
   20.1769
   20.1452
   20.1135
   20.0864
   20.0590
   20.0307
   20.0032
   19.9710
   19.9360
   19.8984
   19.8546
   19.8152
   19.7713
   19.7224
   19.6706
   19.6210
   19.5720
   19.5162
   19.4679
   19.4182
   19.3597
   19.3027
   19.2455
   19.1954
   19.1423
   19.0989
   19.0608
   19.0274
   18.9969
   18.9739
   18.9602
   18.9388
   18.9107
   18.8785
   18.8428
   18.8064
   18.7739
   18.7353
   18.6990
   18.6593
   18.6229
   18.5814
   18.5408
   18.4971
   18.4475
   18.3953
   18.3548
   18.3175
   18.2874
   18.2578
   18.2292
   18.2045
   18.1744
   18.1392
   18.0902
   18.0359
   17.9782
   17.9220
   17.8651
   17.8178
   17.7726
   17.7281
   17.6813
   17.6327
   17.5726
   17.5120
   17.4429
   17.3742
   17.3101
   17.2450
   17.1859
   17.1294
   17.0715
   17.0191
   16.9708
   16.9246
   16.8804
   16.8366
   16.7925
   16.7475
   16.7019
   16.6589
   16.6172
   16.5710
   16.5169
   16.4658
   16.4015
   16.3354
   16.2651
   16.1958
   16.1240
   16.0538
   15.9879
   15.9256
   15.8644
   15.8035
   15.7446
   15.6872
   15.6293
   15.5678
   15.5092
   15.4480
   15.3886
   15.3271
   15.2690
   15.2131
   15.1597
   15.1036
   15.0540
   15.0036
   14.9476
   14.8924
   14.8354
   14.7751
   14.7120
   14.6618
   14.6013
   14.5435
   14.4830
   14.4294
   14.3691
   14.3089
   14.2535
   14.1951
   14.1435
   14.0942
   14.0480
   14.0084
   13.9662
   13.9263
   13.8878
   13.8452
   13.8038
   13.7652
   13.7293
   13.6912
   13.6509
   13.6106
   13.5749
   13.5428
   13.5078
   13.4759
   13.4424
   13.4089
   13.3768
   13.3499
   13.3239
   13.3026
   13.2795
   13.2559
   13.2263
   13.1947
   13.1619
   13.1298
   13.0950
   13.0574
   13.0105
   12.9644
   12.9134
   12.8694
   12.8236
   12.7787
   12.7412
   12.7107
   12.6798
   12.6444
   12.6115
   12.5737
   12.5358
   12.5030
   12.4749
   12.4516
   12.4284
   12.4030
   12.3825
   12.3561
   12.3289
   12.3097
   12.2955
   12.2829
   12.2654
   12.2452
   12.2275
   12.2034
   12.1867
   12.1706
   12.1532
   12.1356
   12.1221
   12.1070
   12.0904
   12.0761
   12.0663
   12.0550
   12.0427
   12.0246
   12.0075
   11.9868
   11.9640
   11.9364
   11.9079
   11.8816
   11.8545
   11.8285
   11.8091
   11.7881
   11.7654
   11.7474
   11.7323
   11.7254
   11.7235
   11.7256
   11.7246
   11.7208
   11.7116
   11.7056
   11.7003
   11.7067
   11.7136
   11.7195
   11.7231
   11.7320
   11.7456
   11.7517
   11.7557
   11.7605
   11.7637
   11.7709
   11.7784
   11.7890
   11.7941
   11.7957
   11.7996
   11.8036
   11.8037
   11.8026
   11.8109
   11.8112
   11.8162
   11.8200
   11.8288
   11.8328
   11.8456
   11.8609
   11.8770
   11.8970
   11.9126
   11.9323
   11.9525
   11.9722
   11.9941
   12.0167
   12.0389
   12.0626
   12.0818
   12.1080
   12.1331
   12.1585
   12.1908
   12.2245
   12.2571
   12.2959
   12.3292
   12.3636
   12.3917
   12.4118
   12.4319
   12.4497
   12.4612
   12.4744
   12.4806
   12.4889
   12.4976
   12.5182
   12.5360
   12.5607
   12.5785
   12.6023
   12.6277
   12.6517
   12.6868
   12.7301
   12.7686
   12.8050
   12.8406
   12.8696
   12.9009
   12.9317
   12.9626
   12.9903
   13.0226
   13.0624
   13.1066
   13.1510
   13.1767
   13.1991
   13.2081
   13.2155
   13.2197
   13.2378
   13.2783
   13.3307
   13.4148
   13.5152
   13.6327
   13.7637
   13.8975
   14.0318
   14.1580
   14.2794
   14.3898
   14.1291
   13.8693
   13.6106
   13.3490
   13.0952
   12.8352
   12.5790
   12.3256
   12.0765
   11.8247
   11.5728
   11.3214
   11.0733
   10.8223
   10.5765
   10.3338
   10.0884
    9.8424
    9.5945
    9.3358
    9.0767
    8.8126
    8.5462
    8.2751
    8.0063
    7.7365
    7.4747
    7.2050
    6.9320
    6.6585
