 -18.9676
 -18.9617
 -18.9575
 -18.9600
 -18.9690
 -18.9830
 -19.0070
 -19.0461
 -19.0920
 -19.1495
 -19.2237
 -19.3080
 -19.3905
 -19.4747
 -19.5606
 -19.6464
 -19.7355
 -19.8230
 -19.9037
 -19.9810
 -20.0600
 -20.1389
 -20.2112
 -20.2767
 -20.3339
 -20.3844
 -20.4298
 -20.4686
 -20.5040
 -20.5343
 -20.5613
 -20.5884
 -20.6123
 -20.6313
 -20.6421
 -20.6465
 -20.6493
 -20.6524
 -20.6488
 -20.6420
 -20.6335
 -20.6215
 -20.6029
 -20.5792
 -20.5489
 -20.5118
 -20.4698
 -20.4243
 -20.3773
 -20.3285
 -20.2814
 -20.2343
 -20.1855
 -20.1317
 -20.0730
 -20.0109
 -19.9422
 -19.8702
 -19.7966
 -19.7230
 -19.6511
 -19.5809
 -19.5074
 -19.4323
 -19.3489
 -19.2572
 -19.1589
 -19.0489
 -18.9189
 -18.7754
 -18.6153
 -18.4367
 -18.2464
 -18.0579
 -17.8644
 -17.6658
 -17.4640
 -17.2555
 -17.0436
 -16.8367
 -16.6299
 -16.4147
 -16.1927
 -15.9691
 -15.7471
 -15.5301
 -15.3214
 -15.1193
 -14.9222
 -14.7301
 -14.5446
 -14.3693
 -14.1972
 -14.0318
 -13.8715
 -13.7180
 -13.5662
 -13.4127
 -13.2608
 -13.1123
 -12.9637
 -12.8185
 -12.6749
 -12.5346
 -12.3994
 -12.2691
 -12.1438
 -12.0253
 -11.9101
 -11.8016
 -11.6997
 -11.6028
 -11.5093
 -11.4192
 -11.3358
 -11.2559
 -11.1809
 -11.1110
 -11.0445
 -10.9797
 -10.9199
 -10.8669
 -10.8173
 -10.7711
 -10.7280
 -10.6850
 -10.6454
 -10.6073
 -10.5726
 -10.5429
 -10.5199
 -10.5020
 -10.4873
 -10.4744
 -10.4615
 -10.4518
 -10.4455
 -10.4408
 -10.4377
 -10.4398
 -10.4385
 -10.4405
 -10.4493
 -10.4632
 -10.4837
 -10.5092
 -10.5365
 -10.5622
 -10.5879
 -10.6204
 -10.6546
 -10.6888
 -10.7163
 -10.7387
 -10.7545
 -10.7702
 -10.7741
 -10.7762
 -10.7817
 -10.7839
 -10.7877
 -10.7950
 -10.8024
 -10.8149
 -10.8307
 -10.8448
 -10.8590
 -10.8731
 -10.8872
 -10.9013
 -10.9105
 -10.9148
 -10.9175
 -10.9169
 -10.9129
 -10.9040
 -10.8950
 -10.8844
 -10.8755
 -10.8665
 -10.8591
 -10.8500
 -10.8392
 -10.8300
 -10.8225
 -10.8118
 -10.7993
 -10.7835
 -10.7678
 -10.7486
 -10.7277
 -10.7068
 -10.6858
 -10.6649
 -10.6454
 -10.6259
 -10.6032
 -10.5804
 -10.5610
 -10.5450
 -10.5273
 -10.5131
 -10.4988
 -10.4845
 -10.4719
 -10.4643
 -10.4584
 -10.4542
 -10.4500
 -10.4328
 -10.4071
 -10.3780
 -10.3456
 -10.3131
 -10.2840
 -10.2548
 -10.2224
 -10.2001
 -10.1828
 -10.1623
 -10.1452
 -10.1280
 -10.1075
 -10.0837
 -10.0549
 -10.0260
 -10.0005
  -9.9784
  -9.9563
  -9.9343
  -9.9122
  -9.8902
  -9.8664
  -9.8359
  -9.8022
  -9.7668
  -9.7313
  -9.6958
  -9.6604
  -9.6200
  -9.5779
  -9.5343
  -9.4926
  -9.4492
  -9.4026
  -9.3529
  -9.3032
  -9.2570
  -9.2126
  -9.1716
  -9.1342
  -9.1018
  -9.0696
  -9.0375
  -9.0038
  -8.9703
  -8.9368
  -8.9068
  -8.8768
  -8.8470
  -8.8156
  -8.7843
  -8.7548
  -8.7236
  -8.6925
  -8.6631
  -8.6303
  -8.5959
  -8.5582
  -8.5173
  -8.4844
  -8.4535
  -8.4243
  -8.3970
  -8.3681
  -8.3395
  -8.3126
  -8.2924
  -8.2723
  -8.2523
  -8.2373
  -8.2240
  -8.2074
  -8.1910
  -8.1762
  -8.1616
  -8.1454
  -8.1294
  -8.1135
  -8.1010
  -8.0903
  -8.0830
  -8.0791
  -8.0756
  -8.0772
  -8.0822
  -8.0908
  -8.0996
  -8.1084
  -8.1191
  -8.1333
  -8.1476
  -8.1603
  -8.1695
  -8.1772
  -8.1848
  -8.1941
  -8.2033
  -8.2142
  -8.2234
  -8.2277
  -8.2269
  -8.2230
  -8.2190
  -8.2118
  -8.2030
  -8.1927
  -8.1824
  -8.1721
  -8.1602
  -8.1467
  -8.1331
  -8.1228
  -8.1157
  -8.1119
  -8.1098
  -8.1044
  -8.0957
  -8.0854
  -8.0752
  -8.0667
  -8.0598
  -8.0496
  -8.0344
  -8.0160
  -7.9992
  -7.9807
  -7.9622
  -7.9404
  -7.9171
  -7.8938
  -7.8639
  -7.8307
  -7.7975
  -7.7627
  -7.7312
  -7.7047
  -7.6848
  -7.6649
  -7.6434
  -7.6203
  -7.5956
  -7.5709
  -7.5478
  -7.5264
  -7.5048
  -7.4832
  -7.4615
  -7.4430
  -7.4247
  -7.4079
  -7.3911
  -7.3743
  -7.3592
  -7.3425
  -7.3291
  -7.3157
  -7.2958
  -7.2675
  -7.2327
  -7.1995
  -7.1646
  -7.1347
  -7.1097
  -7.0896
  -7.0795
  -7.0694
  -7.0543
  -7.0358
  -7.0157
  -6.9939
  -6.9722
  -6.9522
  -6.9339
  -6.9156
  -6.8941
  -6.8677
  -6.8397
  -6.8118
  -6.7807
  -6.7513
  -6.7203
  -6.6893
  -6.6634
  -6.6391
  -6.6164
  -6.5904
  -6.5594
  -6.5269
  -6.4942
  -6.4649
  -6.4340
  -6.4079
  -6.3819
  -6.3576
  -6.3366
  -6.3157
  -6.2930
  -6.2654
  -6.2395
  -6.2168
  -6.1975
  -6.1782
  -6.1522
  -6.1229
  -6.0937
  -6.0644
  -6.0367
  -6.0125
  -5.9899
  -5.9689
  -5.9413
  -5.9105
  -5.8763
  -5.8389
  -5.8031
  -5.7656
  -5.7281
  -5.6940
  -5.6682
  -5.6473
  -5.6281
  -5.6156
  -5.6030
  -5.5871
  -5.5663
  -5.5389
  -5.5131
  -5.4923
  -5.4748
  -5.4590
  -5.4466
  -5.4342
  -5.4185
  -5.3995
  -5.3772
  -5.3565
  -5.3391
  -5.3234
  -5.3093
  -5.2986
  -5.2878
  -5.2804
  -5.2729
  -5.2654
  -5.2596
  -5.2571
  -5.2547
  -5.2489
  -5.2382
  -5.2193
  -5.2054
  -5.1832
  -5.1610
  -5.1388
  -5.1150
  -5.0928
  -5.0690
  -5.0418
  -5.0131
  -4.9811
  -4.9424
  -4.9003
  -4.8550
  -4.8130
  -4.7678
  -4.7208
  -4.6738
  -4.6252
  -4.5716
  -4.5146
  -4.4561
  -4.4025
  -4.3522
  -4.3069
  -4.2632
  -4.2229
  -4.1843
  -4.1473
  -4.1137
  -4.0800
  -4.0464
  -4.0095
  -3.9659
  -3.9175
  -3.8640
  -3.8089
  -3.7538
  -3.7004
  -3.6453
  -3.5885
  -3.5302
  -3.4719
  -3.4151
  -3.3617
  -3.3133
  -3.2681
  -3.2230
  -3.1796
  -3.1379
  -3.0961
  -3.0560
  -3.0109
  -2.9641
  -2.9141
  -2.8624
  -2.8140
  -2.7606
  -2.7089
  -2.6638
  -2.6203
  -2.5835
  -2.5368
  -2.4966
  -2.4533
  -2.4100
  -2.3667
  -2.3200
  -2.2717
  -2.2218
  -2.1669
  -2.1087
  -2.0489
  -1.9841
  -1.9128
  -1.8431
  -1.7685
  -1.6922
  -1.6111
  -1.5284
  -1.4473
  -1.3630
  -1.2820
  -1.2009
  -1.1199
  -1.0421
  -0.9693
  -0.8966
  -0.8221
  -0.7444
  -0.6651
  -0.5841
  -0.5031
  -0.4237
  -0.3494
  -0.2833
  -0.2222
  -0.1677
  -0.1181
  -0.0718
  -0.0322
   0.0092
   0.0538
   0.0969
   0.1415
   0.1894
   0.2438
   0.2999
   0.3593
   0.4252
   0.4977
   0.5784
   0.6624
   0.7414
   0.8204
   0.8928
   0.9651
   1.0407
   1.1146
   1.1868
   1.2574
   1.3230
   1.3870
   1.4460
   1.5016
   1.5541
   1.6048
   1.6523
   1.6980
   1.7437
   1.7878
   1.8268
   1.8675
   1.8966
   1.9257
   1.9482
   1.9723
   1.9915
   2.0057
   2.0168
   2.0295
   2.0422
   2.0517
   2.0660
   2.0820
   2.1012
   2.1270
   2.1576
   2.1883
   2.2189
   2.2479
   2.2751
   2.2991
   2.3215
   2.3439
   2.3662
   2.3919
   2.4208
   2.4563
   2.4968
   2.5455
   2.6007
   2.6559
   2.7095
   2.7680
   2.8280
   2.8865
   2.9434
   3.0035
   3.0620
   3.1155
   3.1608
   3.1946
   3.2234
   3.2489
   3.2710
   3.2916
   3.3105
   3.3294
   3.3434
   3.3540
   3.3631
   3.3720
   3.3827
   3.3982
   3.4154
   3.4343
   3.4482
   3.4589
   3.4680
   3.4703
   3.4630
   3.4474
   3.4203
   3.3982
   3.3679
   3.3359
   3.3038
   3.2717
   3.2462
   3.2239
   3.1999
   3.1742
   3.1518
   3.1277
   3.1020
   3.0714
   3.0342
   2.9921
   2.9484
   2.9014
   2.8479
   2.7911
   2.7294
   2.6660
   2.5977
   2.5293
   2.4593
   2.3878
   2.3178
   2.2494
   2.1811
   2.1127
   2.0443
   1.9743
   1.9010
   1.8276
   1.7608
   1.6989
   1.6403
   1.5867
   1.5346
   1.4858
   1.4386
   1.3948
   1.3542
   1.3152
   1.2779
   1.2406
   1.2048
   1.1724
   1.1449
   1.1173
   1.0898
   1.0639
   1.0364
   1.0089
   0.9797
   0.9521
   0.9245
   0.8937
   0.8661
   0.8484
   0.8405
   0.8425
   0.8543
   0.8758
   0.9007
   0.9288
   0.9586
   0.9883
   1.0148
   1.0445
   1.0775
   1.1088
   1.1402
   1.1600
   1.1782
   1.2029
   1.2343
   1.2688
   1.3083
   1.3542
   1.4068
   1.4676
   1.5315
   1.5857
   1.6432
   1.7040
   1.7696
   1.8320
   1.8959
   1.9583
   2.0206
   2.0796
   2.1401
   2.2041
   2.2712
   2.3335
   2.3941
   2.4514
   2.5037
   2.5578
   2.6118
   2.6674
   2.7230
   2.7786
   2.8359
   2.8965
   2.9619
   3.0290
   3.0944
   3.1597
   3.2268
   3.2972
   3.3626
   3.4230
   3.4835
   3.5489
   3.6207
   3.6992
   3.7842
   3.8676
   3.9494
   4.0278
   4.0964
   4.1585
   4.2188
   4.2793
   4.3364
   4.3902
   4.4392
   4.4881
   4.5338
   4.5827
   4.6316
   4.6788
   4.7408
   4.8093
   4.8714
   4.9334
   5.0019
   5.0704
   5.1389
   5.2107
   5.2858
   5.3657
   5.4588
   5.5519
   5.6499
   5.7463
   5.8458
   5.9455
   6.0451
   6.1479
   6.2556
   6.3634
   6.4727
   6.5789
   6.6850
   6.7911
   6.8989
   7.0049
   7.1076
   7.2104
   7.3149
   7.4160
   7.5204
   7.6264
   7.7339
   7.8366
   7.9392
   8.0403
   8.1430
   8.2490
   8.3549
   8.4608
   8.5716
   8.6872
   8.8013
   8.9138
   9.0263
   9.1404
   9.2595
   9.3785
   9.5008
   9.6280
   9.7552
   9.8791
   9.9965
  10.1122
  10.2328
  10.3551
  10.4805
  10.6044
  10.7217
  10.8358
  10.9466
  11.0541
  11.1632
  11.2788
  11.3945
  11.5052
  11.6127
  11.7218
  11.8292
  11.9300
  12.0227
  12.1171
  12.2130
  12.3073
  12.4048
  12.5056
  12.6029
  12.7004
  12.7961
  12.8870
  12.9713
  13.0508
  13.1254
  13.1934
  13.2597
  13.3261
  13.3925
  13.4605
  13.5252
  13.5915
  13.6628
  13.7323
  13.7986
  13.8649
  13.9294
  13.9907
  14.0553
  14.1150
  14.1682
  14.2164
  14.2614
  14.3048
  14.3415
  14.3751
  14.4038
  14.4242
  14.4381
  14.4470
  14.4494
  14.4436
  14.4345
  14.4189
  14.3952
  14.3666
  14.3412
  14.3127
  14.2776
  14.2410
  14.2010
  14.1610
  14.1194
  14.0795
  14.0331
  13.9737
  13.8998
  13.8176
  13.7274
  13.6354
  13.5402
  13.4385
  13.3352
  13.2271
  13.1125
  12.9913
  12.8619
  12.7210
  12.5687
  12.4131
  12.2542
  12.0888
  11.9251
  11.7631
  11.5962
  11.4194
  11.2523
  11.0853
  10.9085
  10.7219
  10.5256
  10.3243
  10.1133
   9.8956
   9.6686
   9.4351
   9.1920
   8.9459
   8.6935
   8.4379
   8.1840
   7.9333
   7.6827
   7.4353
   7.1814
   6.9226
   6.6621
   6.4015
   6.1442
   5.8853
   5.6249
   5.3678
   5.1125
   4.8622
   4.6134
   4.3696
   4.1307
   3.8885
   3.6446
   3.4072
   3.1698
   2.9340
   2.6997
   2.4684
   2.2388
   2.0122
   1.7936
   1.5829
   1.3771
   1.1813
   0.9907
   0.7922
   0.5923
   0.4055
   0.2251
   0.0462
  -0.1308
  -0.2997
  -0.4635
  -0.6225
  -0.7763
  -0.9253
  -1.0696
  -1.2139
  -1.3549
  -1.4892
  -1.6072
  -1.7299
  -1.8526
  -1.9722
  -2.0820
  -2.1821
  -2.2757
  -2.3644
  -2.4467
  -2.5163
  -2.5860
  -2.6478
  -2.7017
  -2.7476
  -2.7872
  -2.8236
  -2.8567
  -2.8866
  -2.9149
  -2.9366
  -2.9485
  -2.9554
  -2.9558
  -2.9464
  -2.9224
  -2.8869
  -2.8464
  -2.8041
  -2.7601
  -2.7110
  -2.6555
  -2.5968
  -2.5317
  -2.4619
  -2.3922
  -2.3226
  -2.2483
  -2.1689
  -2.0908
  -2.0078
  -1.9212
  -1.8394
  -1.7622
  -1.6803
  -1.6068
  -1.5385
  -1.4623
  -1.3815
  -1.3091
  -1.2333
  -1.1527
  -1.0689
  -0.9868
  -0.9080
  -0.8341
  -0.7636
  -0.6997
  -0.6388
  -0.5776
  -0.5115
  -0.4423
  -0.3716
  -0.2978
  -0.2256
  -0.1468
  -0.0663
   0.0176
   0.1015
   0.1852
   0.2659
   0.3385
   0.4210
   0.4987
   0.5702
   0.6367
   0.6985
   0.7555
   0.8078
   0.8586
   0.9077
   0.9552
   0.9994
   1.0483
   1.1021
   1.1509
   1.1900
   1.2224
   1.2547
   1.2885
   1.3175
   1.3480
   1.3769
   1.4027
   1.4189
   1.4269
   1.4399
   1.4513
   1.4597
   1.4663
   1.4778
   1.4875
   1.4922
   1.5001
   1.5127
   1.5139
   1.5183
   1.5259
   1.5400
   1.5590
   1.5686
   1.5654
   1.5495
   1.5206
   1.4853
   1.4502
   1.4104
   1.3675
   1.3230
   1.2719
   1.2105
   1.1295
   1.0388
   0.9385
   0.8319
   0.7269
   0.6137
   0.5036
   0.3921
   0.2821
   0.1786
   0.0828
  -0.0035
  -0.0883
  -0.1685
  -0.2442
  -0.3150
  -0.3875
  -0.4599
  -0.5387
  -0.6176
  -0.6947
  -0.7686
  -0.8488
  -0.9388
  -1.0369
  -1.1334
  -1.2234
  -1.3151
  -1.4022
  -1.4813
  -1.5460
  -1.6059
  -1.6627
  -1.7099
  -1.7474
  -1.7783
  -1.8093
  -1.8337
  -1.8549
  -1.8779
  -1.9023
  -1.9301
  -1.9546
  -1.9774
  -1.9984
  -2.0128
  -2.0239
  -2.0319
  -2.0431
  -2.0625
  -2.0790
  -2.0844
  -2.0739
  -2.0555
  -2.0358
  -2.0147
  -1.9841
  -1.9536
  -1.9182
  -1.8747
  -1.8245
  -1.7695
  -1.7145
  -1.6532
  -1.5790
  -1.4920
  -1.3920
  -1.2953
  -1.2100
  -1.1377
  -1.0815
  -1.0316
  -0.9914
  -0.9609
  -0.9338
  -0.9129
  -0.8920
  -0.8679
  -0.8455
  -0.8151
  -0.7850
  -0.7533
  -0.7266
  -0.6967
  -0.6669
  -0.6387
  -0.6105
  -0.5873
  -0.5656
  -0.5586
  -0.5629
  -0.5786
  -0.6074
  -0.6507
  -0.7134
  -0.7858
  -0.8632
  -0.9471
  -1.0376
  -1.1298
  -1.2253
  -1.3275
  -1.4361
  -1.5464
  -1.6601
  -1.7770
  -1.8941
  -2.0143
  -2.1395
  -2.2728
  -2.4092
  -2.5473
  -2.6933
  -2.8458
  -2.9998
  -3.1585
  -3.3202
  -3.4851
  -3.6483
  -3.8164
  -3.9909
  -4.1655
  -4.3272
  -4.4826
  -4.6349
  -4.7985
  -4.9737
  -5.1555
  -5.3356
  -5.5045
  -5.6618
  -5.8125
  -5.9662
  -6.1182
  -6.2684
  -6.4171
  -6.5610
  -6.7051
  -6.8478
  -6.9874
  -7.1239
  -7.2572
  -7.3954
  -7.5334
  -7.6713
  -7.8062
  -7.9431
  -8.0866
  -8.2399
  -8.3948
  -8.5480
  -8.7077
  -8.8771
  -9.0465
  -9.2110
  -9.3706
  -9.5300
  -9.6926
  -9.8552
 -10.0146
 -10.1739
 -10.3349
 -10.5006
 -10.6631
 -10.8176
 -10.9625
 -11.0962
 -11.2267
 -11.3572
 -11.4894
 -11.6184
 -11.7410
 -11.8570
 -11.9634
 -12.0650
 -12.1616
 -12.2536
 -12.3456
 -12.4393
 -12.5347
 -12.6269
 -12.7095
 -12.7937
 -12.8859
 -12.9863
 -13.0978
 -13.2141
 -13.3368
 -13.4626
 -13.5933
 -13.7273
 -13.8632
 -13.9961
 -14.1276
 -14.2590
 -14.3839
 -14.5055
 -14.6207
 -14.7325
 -14.8457
 -14.9619
 -15.0858
 -15.2146
 -15.3434
 -15.4723
 -15.5965
 -15.7188
 -15.8344
 -15.9433
 -16.0425
 -16.1338
 -16.2154
 -16.2839
 -16.3379
 -16.3856
 -16.4268
 -16.4601
 -16.4871
 -16.5110
 -16.5284
 -16.5459
 -16.5667
 -16.5827
 -16.5923
 -16.6003
 -16.6196
 -16.6517
 -16.6917
 -16.7397
 -16.7862
 -16.8326
 -16.8758
 -16.9158
 -16.9543
 -16.9944
 -17.0344
 -17.0746
 -17.1099
 -17.1405
 -17.1678
 -17.1920
 -17.2143
 -17.2395
 -17.2610
 -17.2758
 -17.2824
 -17.2792
 -17.2664
 -17.2473
 -17.2252
 -17.1998
 -17.1761
 -17.1539
 -17.1235
 -17.0977
 -17.0720
 -17.0495
 -17.0302
 -17.0189
 -17.0127
 -17.0067
 -16.9993
 -16.9890
 -16.9788
 -16.9689
 -16.9574
 -16.9491
 -16.9409
 -16.9294
 -16.9179
 -16.9048
 -16.9027
 -16.9022
 -16.9034
 -16.9063
 -16.9108
 -16.9169
 -16.9231
 -16.9343
 -16.9437
 -16.9578
 -16.9765
 -16.9984
 -17.0232
 -17.0464
 -17.0695
 -17.0861
 -17.0931
 -17.0968
 -17.0927
 -17.0887
 -17.0814
 -17.0726
 -17.0654
 -17.0599
 -17.0479
 -17.0295
 -17.0028
 -16.9696
 -16.9660
 -16.9623
 -16.9568
 -16.9546
 -16.9559
 -16.9591
 -16.9657
 -16.9771
 -16.9931
 -17.0104
 -17.0304
 -17.0517
 -17.0742
 -17.0947
 -17.1118
 -17.1352
 -17.1537
 -17.1720
 -17.1917
 -17.2095
 -17.2254
 -17.2410
 -17.2579
 -17.2730
 -17.2845
 -17.2957
 -17.3016
 -17.3041
 -17.2999
 -17.2907
