   -5.3389
   -5.3588
   -5.3672
   -5.3751
   -5.3784
   -5.3918
   -5.4036
   -5.4096
   -5.4100
   -5.4150
   -5.4091
   -5.4073
   -5.4007
   -5.4011
   -5.3969
   -5.3928
   -5.3855
   -5.3755
   -5.3707
   -5.3630
   -5.3571
   -5.3559
   -5.3595
   -5.3816
   -5.4190
   -5.4592
   -5.5055
   -5.5577
   -5.6057
   -5.6535
   -5.7125
   -5.6878
   -5.6627
   -5.6365
   -5.6128
   -5.5906
   -5.5696
   -5.5508
   -5.5292
   -5.5075
   -5.4934
   -5.4755
   -5.4560
   -5.4371
   -5.4139
   -5.3955
   -5.3715
   -5.3511
   -5.3358
   -5.3169
   -5.2991
   -5.2750
   -5.2435
   -5.2124
   -5.1752
   -5.1442
   -5.1062
   -5.0673
   -5.0206
   -4.9735
   -4.9232
   -4.8707
   -4.8144
   -4.7589
   -4.6992
   -4.6388
   -4.5788
   -4.5223
   -4.4600
   -4.3955
   -4.3313
   -4.2663
   -4.2021
   -4.1440
   -4.0804
   -4.0215
   -3.9671
   -3.9146
   -3.8644
   -3.8178
   -3.7722
   -3.7250
   -3.6816
   -3.6338
   -3.5861
   -3.5353
   -3.4849
   -3.4340
   -3.3790
   -3.3333
   -3.2860
   -3.2344
   -3.1797
   -3.1246
   -3.0739
   -3.0229
   -2.9690
   -2.9185
   -2.8668
   -2.8202
   -2.7755
   -2.7311
   -2.6872
   -2.6420
   -2.5987
   -2.5586
   -2.5168
   -2.4788
   -2.4384
   -2.3972
   -2.3638
   -2.3242
   -2.2934
   -2.2712
   -2.2435
   -2.2263
   -2.1990
   -2.1786
   -2.1607
   -2.1505
   -2.1413
   -2.1328
   -2.1247
   -2.1198
   -2.1228
   -2.1213
   -2.1289
   -2.1343
   -2.1411
   -2.1534
   -2.1692
   -2.1862
   -2.2125
   -2.2384
   -2.2678
   -2.2942
   -2.3256
   -2.3573
   -2.3847
   -2.4136
   -2.4392
   -2.4607
   -2.4824
   -2.5063
   -2.5285
   -2.5492
   -2.5702
   -2.5898
   -2.6133
   -2.6380
   -2.6610
   -2.6825
   -2.7083
   -2.7363
   -2.7626
   -2.7834
   -2.8000
   -2.8215
   -2.8418
   -2.8642
   -2.8826
   -2.8985
   -2.9092
   -2.9165
   -2.9270
   -2.9350
   -2.9423
   -2.9520
   -2.9615
   -2.9717
   -2.9784
   -2.9827
   -2.9974
   -3.0103
   -3.0216
   -3.0395
   -3.0571
   -3.0817
   -3.1101
   -3.1398
   -3.1678
   -3.1987
   -3.2326
   -3.2725
   -3.3121
   -3.3427
   -3.3856
   -3.4255
   -3.4724
   -3.5194
   -3.5656
   -3.6129
   -3.6608
   -3.6990
   -3.7434
   -3.7880
   -3.8353
   -3.8793
   -3.9319
   -3.9856
   -4.0424
   -4.0941
   -4.1469
   -4.2009
   -4.2466
   -4.3051
   -4.3635
   -4.4171
   -4.4787
   -4.5385
   -4.6013
   -4.6586
   -4.7188
   -4.7774
   -4.8417
   -4.9098
   -4.9789
   -5.0562
   -5.1333
   -5.2109
   -5.2832
   -5.3627
   -5.4451
   -5.5292
   -5.6155
   -5.7082
   -5.7945
   -5.8859
   -5.9698
   -6.0555
   -6.1434
   -6.2317
   -6.3220
   -6.4059
   -6.4884
   -6.5723
   -6.6524
   -6.7300
   -6.8067
   -6.8820
   -6.9546
   -7.0291
   -7.0973
   -7.1663
   -7.2334
   -7.2976
   -7.3648
   -7.4313
   -7.4949
   -7.5540
   -7.6104
   -7.6679
   -7.7224
   -7.7745
   -7.8309
   -7.8794
   -7.9239
   -7.9654
   -8.0003
   -8.0245
   -8.0502
   -8.0728
   -8.0944
   -8.1172
   -8.1358
   -8.1628
   -8.1820
   -8.2047
   -8.2305
   -8.2481
   -8.2692
   -8.2929
   -8.3160
   -8.3322
   -8.3503
   -8.3590
   -8.3606
   -8.3584
   -8.3525
   -8.3447
   -8.3424
   -8.3390
   -8.3334
   -8.3292
   -8.3241
   -8.3218
   -8.3153
   -8.3173
   -8.3138
   -8.3155
   -8.3146
   -8.3093
   -8.3036
   -8.2941
   -8.2829
   -8.2744
   -8.2599
   -8.2506
   -8.2399
   -8.2259
   -8.2135
   -8.1993
   -8.1835
   -8.1709
   -8.1532
   -8.1353
   -8.1161
   -8.0937
   -8.0689
   -8.0445
   -8.0186
   -7.9954
   -7.9711
   -7.9481
   -7.9291
   -7.9045
   -7.8853
   -7.8642
   -7.8449
   -7.8342
   -7.8208
   -7.8111
   -7.8000
   -7.7936
   -7.7883
   -7.7872
   -7.7802
   -7.7769
   -7.7685
   -7.7601
   -7.7525
   -7.7390
   -7.7223
   -7.7113
   -7.7008
   -7.6914
   -7.6835
   -7.6822
   -7.6849
   -7.6872
   -7.6861
   -7.6787
   -7.6713
   -7.6571
   -7.6383
   -7.6128
   -7.5842
   -7.5531
   -7.5182
   -7.4840
   -7.4492
   -7.4138
   -7.3815
   -7.3475
   -7.3165
   -7.2833
   -7.2448
   -7.2071
   -7.1655
   -7.1230
   -7.0807
   -7.0323
   -6.9856
   -6.9372
   -6.8864
   -6.8350
   -6.7777
   -6.7267
   -6.6796
   -6.6325
   -6.5892
   -6.5463
   -6.5054
   -6.4622
   -6.4144
   -6.3628
   -6.3137
   -6.2622
   -6.2086
   -6.1485
   -6.0818
   -6.0163
   -5.9476
   -5.8790
   -5.8109
   -5.7454
   -5.6781
   -5.6103
   -5.5380
   -5.4694
   -5.4034
   -5.3464
   -5.2924
   -5.2364
   -5.1773
   -5.1199
   -5.0579
   -4.9976
   -4.9321
   -4.8670
   -4.8037
   -4.7407
   -4.6772
   -4.6145
   -4.5543
   -4.4940
   -4.4386
   -4.3844
   -4.3282
   -4.2737
   -4.2177
   -4.1593
   -4.1039
   -4.0453
   -3.9860
   -3.9245
   -3.8634
   -3.8052
   -3.7524
   -3.6970
   -3.6432
   -3.5911
   -3.5420
   -3.4943
   -3.4505
   -3.4103
   -3.3731
   -3.3419
   -3.3092
   -3.2735
   -3.2363
   -3.1956
   -3.1515
   -3.1039
   -3.0563
   -3.0118
   -2.9692
   -2.9314
   -2.8952
   -2.8640
   -2.8378
   -2.8163
   -2.7950
   -2.7750
   -2.7500
   -2.7236
   -2.6937
   -2.6656
   -2.6405
   -2.6160
   -2.5879
   -2.5553
   -2.5160
   -2.4763
   -2.4370
   -2.4011
   -2.3638
   -2.3279
   -2.2936
   -2.2616
   -2.2303
   -2.1998
   -2.1681
   -2.1382
   -2.1083
   -2.0814
   -2.0566
   -2.0364
   -2.0182
   -2.0045
   -1.9918
   -1.9821
   -1.9753
   -1.9700
   -1.9667
   -1.9625
   -1.9602
   -1.9589
   -1.9604
   -1.9601
   -1.9657
   -1.9717
   -1.9779
   -1.9823
   -1.9899
   -1.9931
   -1.9947
   -1.9963
   -1.9966
   -1.9998
   -2.0036
   -2.0071
   -2.0109
   -2.0161
   -2.0229
   -2.0300
   -2.0344
   -2.0385
   -2.0368
   -2.0399
   -2.0410
   -2.0477
   -2.0558
   -2.0682
   -2.0838
   -2.1026
   -2.1203
   -2.1321
   -2.1439
   -2.1522
   -2.1578
   -2.1605
   -2.1548
   -2.1325
   -2.1217
   -2.0936
   -2.0627
   -2.0214
   -1.9803
   -1.9347
   -1.8832
   -1.8277
   -1.7755
   -1.7189
   -1.6652
   -1.6172
   -1.5689
   -1.5244
   -1.4770
   -1.4268
   -1.3754
   -1.3164
   -1.2540
   -1.1929
   -1.1287
   -1.0629
   -1.0021
   -0.9413
   -0.8834
   -0.8257
   -0.7696
   -0.7106
   -0.6529
   -0.5949
   -0.5364
   -0.4758
   -0.4137
   -0.3518
   -0.2930
   -0.2357
   -0.1761
   -0.1162
   -0.0562
    0.0056
    0.0676
    0.1298
    0.1921
    0.2471
    0.3004
    0.3490
    0.4050
    0.4593
    0.5180
    0.5769
    0.6417
    0.7098
    0.7762
    0.8399
    0.8942
    0.9502
    1.0012
    1.0490
    1.0943
    1.1310
    1.1529
    1.1852
    1.2003
    1.2180
    1.2239
    1.2327
    1.2385
    1.2411
    1.2425
    1.2499
    1.2544
    1.2665
    1.2922
    1.3298
    1.3767
    1.4196
    1.4494
    1.4736
    1.4870
    1.5013
    1.5200
    1.5416
    1.5692
    1.5982
    1.6313
    1.6673
    1.7046
    1.7435
    1.7810
    1.8154
    1.8467
    1.8771
    1.9085
    1.9385
    1.9669
    2.0014
    2.0374
    2.0784
    2.1194
    2.1630
    2.2078
    2.2510
    2.2956
    2.3405
    2.3914
    2.4441
    2.4999
    2.5560
    2.6120
    2.6667
    2.7169
    2.7606
    2.8043
    2.8468
    2.8893
    2.9318
    2.9833
    3.0392
    3.0952
    3.1555
    3.2157
    3.2787
    3.3501
    3.4224
    3.4950
    3.5690
    3.6415
    3.7130
    3.7845
    3.8504
    3.9134
    3.9749
    4.0321
    4.0787
    4.1150
    4.1329
    4.1416
    4.1531
    4.1551
    4.1593
    4.1635
    4.1675
    4.1703
    4.1715
    4.1759
    4.1805
    4.1854
    4.1923
    4.1976
    4.2064
    4.2225
    4.2399
    4.2559
    4.2735
    4.2956
    4.3190
    4.3364
    4.3569
    4.3741
    4.3931
    4.4104
    4.4322
    4.4625
    4.4936
    4.5265
    4.5507
    4.5735
    4.5944
    4.6070
    4.6271
    4.6494
    4.6802
    4.7124
    4.7439
    4.7748
    4.8081
    4.8482
    4.8790
    4.9103
    4.9425
    4.9698
    4.9954
    5.0220
    5.0380
    5.0586
    5.0815
    5.1086
    5.1403
    5.1729
    5.2042
    5.2368
    5.2737
    5.3093
    5.3463
    5.3836
    5.4192
    5.4615
    5.5136
    5.5739
    5.6515
    5.7312
    5.8153
    5.8995
    5.9838
    6.0621
    6.1421
    6.2104
    6.2797
    6.3471
    6.4144
    6.4826
    6.5506
    6.6140
    6.6880
    6.7634
    6.8315
    6.8982
    6.9664
    7.0316
    7.0945
    7.1539
    7.2120
    7.2537
    7.2912
    7.3247
    7.3597
    7.3979
    7.4449
    7.5005
    7.5612
    7.6144
    7.6610
    7.7108
    7.7616
    7.8159
    7.8738
    7.9332
    7.9902
    8.0508
    8.1117
    8.1725
    8.2289
    8.2970
    8.3578
    8.4174
    8.4716
    8.5203
    8.5547
    8.5860
    8.6132
    8.6411
    8.6702
    8.6996
    8.7269
    8.7514
    8.7706
    8.7929
    8.8246
    8.8613
    8.8999
    8.9397
    8.9809
    9.0197
    9.0544
    9.0943
    9.1284
    9.1618
    9.2098
    9.2572
    9.3103
    9.3698
    9.4276
    9.4842
    9.5429
    9.5960
    9.6386
    9.6870
    9.7272
    9.7735
    9.8122
    9.8580
    9.9043
    9.9486
   10.0119
   10.0632
   10.1192
   10.1731
   10.2263
   10.2732
   10.3136
   10.3544
   10.3927
   10.4323
   10.4653
   10.5027
   10.5393
   10.5775
   10.6150
   10.6554
   10.7002
   10.7418
   10.7828
   10.8260
   10.8690
   10.9185
   10.9835
   11.0500
   11.1161
   11.1918
   11.2589
   11.3241
   11.3945
   11.4705
   11.5494
   11.6282
   11.7155
   11.8124
   11.9033
   11.9918
   12.0840
   12.1751
   12.2658
   12.3545
   12.4370
   12.5202
   12.5957
   12.6708
   12.7321
   12.7941
   12.8544
   12.9168
   12.9731
   13.0227
   13.0620
   13.1040
   13.1414
   13.1837
   13.2226
   13.2740
   13.3183
   13.3693
   13.4121
   13.4570
   13.4978
   13.5261
   13.5610
   13.5963
   13.6288
   13.6632
   13.6950
   13.7242
   13.7548
   13.7905
   13.8266
   13.8587
   13.8873
   13.9129
   13.9343
   13.9556
   13.9676
   13.9688
   13.9698
   13.9689
   13.9697
   13.9561
   13.9401
   13.9113
   13.8742
   13.8352
   13.7942
   13.7542
   13.7200
   13.6754
   13.6280
   13.5717
   13.5149
   13.4554
   13.3886
   13.3230
   13.2568
   13.1814
   13.1061
   13.0300
   12.9512
   12.8755
   12.7947
   12.7130
   12.6250
   12.5466
   12.4600
   12.3660
   12.2641
   12.1592
   12.0670
   11.9818
   11.8981
   11.8067
   11.7207
   11.6453
   11.5679
   11.5006
   11.4324
   11.3729
   11.3244
   11.2801
   11.2382
   11.2024
   11.1624
   11.1232
   11.0884
   11.0592
   11.0300
   11.0049
   10.9838
   10.9647
   10.9535
   10.9427
   10.9324
   10.9207
   10.9025
   10.8916
   10.8927
   10.8924
   10.8927
   10.8931
   10.9025
   10.9010
   10.8996
   10.9002
   10.9089
   10.9088
   10.9175
   10.9296
   10.9439
   10.9525
   10.9654
   10.9764
   10.9783
   10.9788
   10.9845
   10.9899
   11.0010
   11.0117
   11.0183
   11.0274
   11.0381
   11.0574
   11.0769
   11.1084
   11.1413
   11.1766
   11.2202
   11.2767
   11.3360
   11.3943
   11.4544
   11.5155
   11.5853
   11.6509
   11.7006
   11.7475
   11.7830
   11.8181
   11.8464
   11.8594
   11.8780
   11.8939
   11.9080
   11.9180
   11.9268
   11.9374
   11.9438
   11.9482
   11.9467
   11.9391
   11.9231
   11.9020
   11.8741
   11.8305
   11.7819
   11.7348
   11.6812
   11.6149
   11.5498
   11.4938
   11.4406
   11.3863
   11.3429
   11.2991
   11.2521
   11.1817
   11.1024
   11.0071
   10.8942
   10.7823
   10.6714
   10.5551
   10.4442
   10.3391
   10.2457
   10.1511
   10.0577
    9.9721
    9.8823
    9.7955
    9.7040
    9.6131
    9.5157
    9.4176
    9.3223
    9.2262
    9.1281
    9.0312
    8.9225
    8.8164
    8.7025
    8.5852
    8.4669
    8.3473
    8.2304
    8.1130
    7.9971
    7.8800
    7.7665
    7.6529
    7.5386
    7.4248
    7.3076
    7.1938
    7.0795
    6.9608
    6.8386
    6.7152
    6.5918
    6.4703
    6.3462
    6.2337
    6.1220
    6.0170
    5.9294
    5.8552
    5.7902
    5.7258
    5.6685
    5.6107
    5.5424
    5.4672
    5.3861
    5.3080
    5.2337
    5.1739
    5.1182
    5.0801
    5.0550
    5.0430
    5.0295
    5.0177
    5.0084
    5.0049
    5.0075
    5.0229
    5.0432
    5.0597
    5.0736
    5.0903
    5.1077
    5.1278
    5.1446
    5.1565
    5.1601
    5.1606
    5.1482
    5.1325
    5.1168
    5.1008
    5.0859
    5.0711
    5.0650
    5.0574
    5.0486
    5.0339
    5.0221
    5.0105
    5.0065
    4.9937
    4.9779
    4.9684
    4.9494
    4.9379
    4.9224
    4.9105
    4.9047
    4.8949
    4.8825
    4.8705
    4.8614
    4.8579
    4.8503
    4.8462
    4.8391
    4.8380
    4.8333
    4.8254
    4.8205
    4.8093
    4.7928
    4.7762
    4.7582
    4.7414
    4.7166
    4.6873
    4.6514
    4.6249
    4.5992
    4.5767
    4.5528
    4.5317
    4.5064
    4.4833
    4.4503
    4.4107
    4.3573
    4.2976
    4.2470
    4.1891
    4.1354
    4.0827
    4.0347
    3.9851
    3.9493
    3.9210
    3.8919
    3.8714
    3.8478
    3.8139
    3.7767
    3.7219
    3.6593
    3.5792
    3.4973
    3.4037
    3.3252
    3.2294
    3.1352
    3.0444
    2.9613
    2.8791
    2.7987
    2.7221
    2.6455
    2.5659
    2.4866
    2.4039
    2.3285
    2.2616
    2.1987
    2.1358
    2.0680
    2.0073
    1.9434
    1.8719
    1.7901
    1.7047
    1.6114
    1.5193
    1.4220
    1.3375
    1.2560
    1.1819
    1.1042
    1.0323
    0.9604
    0.8777
    0.8061
    0.7248
    0.6338
    0.5359
    0.4373
    0.3358
    0.2440
    0.1439
    0.0479
   -0.0498
   -0.1326
   -0.2146
   -0.2930
   -0.3679
   -0.4388
   -0.5078
   -0.5818
   -0.6612
   -0.7404
   -0.8227
   -0.9012
   -0.9712
   -1.0335
   -1.0964
   -1.1468
   -1.1945
   -1.2269
   -1.2604
   -1.2701
   -1.2892
   -1.2930
   -1.3030
   -1.3132
   -1.3296
   -1.3509
   -1.3824
   -1.4029
   -1.4316
   -1.4549
   -1.4784
   -1.4928
   -1.5079
   -1.5274
   -1.5466
   -1.5642
   -1.5822
   -1.5988
   -1.6062
   -1.6116
   -1.6369
   -1.6490
   -1.6252
   -1.6223
   -1.6108
   -1.6023
   -1.5912
   -1.5818
   -1.5703
   -1.5647
   -1.5624
   -1.5516
   -1.5439
   -1.5198
   -1.4958
   -1.4602
   -1.4224
   -1.3792
   -1.3477
   -1.3094
   -1.2794
   -1.2536
   -1.2455
   -1.2450
   -1.2492
   -1.2577
   -1.2721
   -1.2928
   -1.3179
   -1.3417
   -1.3669
   -1.3921
   -1.4138
   -1.4390
   -1.4635
   -1.4822
   -1.4953
   -1.5092
   -1.5309
   -1.5528
   -1.5810
   -1.6146
   -1.6542
   -1.6780
   -1.7086
   -1.7367
   -1.7616
   -1.7830
   -1.8122
   -1.8391
   -1.8688
   -1.9048
   -1.9447
   -1.9910
   -2.0413
   -2.0891
   -2.1438
   -2.1851
   -2.2317
   -2.2900
   -2.3384
   -2.3629
   -2.3988
   -2.4656
   -2.5105
   -2.5513
   -2.5984
   -2.6482
   -2.6879
   -2.7250
   -2.7632
   -2.7925
   -2.8232
   -2.8549
   -2.8970
   -2.9401
   -2.9817
   -3.0258
   -3.0705
   -3.1184
   -3.1578
   -3.2029
   -3.2418
   -3.2853
   -3.3257
   -3.3648
   -3.4109
   -3.4503
   -3.4943
   -3.5281
   -3.5691
   -3.6061
   -3.6364
   -3.6764
   -3.7088
   -3.7354
   -3.7664
   -3.7988
   -3.8087
   -3.8098
   -3.7931
   -3.7752
   -3.7527
   -3.7228
   -3.6999
   -3.6771
   -3.6551
   -3.6285
   -3.6025
   -3.5776
   -3.5511
   -3.5310
   -3.5049
   -3.4798
   -3.4524
   -3.4234
   -3.3962
   -3.3681
   -3.3513
   -3.3412
   -3.3248
   -3.3079
   -3.2915
   -3.2813
   -3.2766
   -3.2749
   -3.2736
   -3.2765
   -3.2743
   -3.2774
   -3.2801
   -3.2834
   -3.2900
   -3.2998
   -3.3173
   -3.3345
   -3.3487
   -3.3666
   -3.3837
   -3.4005
   -3.4169
   -3.4344
   -3.4484
   -3.4717
   -3.4828
   -3.5060
   -3.5287
   -3.5466
   -3.5637
   -3.5697
   -3.5838
   -3.5969
   -3.6057
   -3.6248
   -3.6302
   -3.6425
   -3.6599
   -3.6726
   -3.6839
   -3.7109
   -3.7426
   -3.7857
   -3.8367
   -3.8873
   -3.9303
   -3.9742
   -4.0008
   -4.0143
   -4.0256
   -4.0272
   -4.0272
   -4.0236
   -4.0193
   -4.0037
   -4.0637
   -4.1258
   -4.1858
   -4.2440
   -4.3003
   -4.3506
   -4.3954
   -4.4410
   -4.4866
   -4.5294
   -4.5702
   -4.6042
   -4.6377
   -4.6761
   -4.7073
   -4.7434
   -4.7846
   -4.8260
   -4.8581
   -4.8936
   -4.9227
   -4.9483
   -4.9717
   -4.9910
   -5.0108
   -5.0314
   -5.0482
   -5.0621
   -5.0799
   -5.0942
