28085.7168
28085.8789
28085.9434
28085.8652
28085.7969
28085.6172
28085.6270
28085.4277
28085.4824
28085.5273
28085.5273
28085.6914
28085.8477
28085.9023
28086.0566
28086.0684
28086.0352
28086.0996
28086.1641
28086.1309
28086.1426
28086.1523
28085.9961
28085.8965
28085.8301
28085.7852
28085.7402
28085.7969
28085.8398
28086.0410
28086.0410
28085.8848
28085.9277
28085.8730
28085.8281
28085.9277
28085.9277
28086.0723
28086.0840
28086.2285
28086.4824
28086.5391
28086.5938
28086.7500
28086.8926
28087.0488
28087.2031
28087.4043
28087.3711
28087.3262
28087.2363
28087.0918
28086.9355
28087.0254
28087.1035
28087.2363
28087.4160
28087.5820
28087.6484
28087.7363
28087.9258
28087.9707
28087.9590
28088.0156
28088.0254
28087.9355
28087.8477
28087.8477
28087.6914
28087.6348
28087.5898
28087.4355
28087.3359
28087.2559
28087.1797
28087.2559
28087.3574
28087.5898
28087.9121
28088.1777
28088.4883
28088.6660
28088.8008
28088.8320
28088.9668
28088.9883
28088.9316
28088.8555
28088.8086
28088.9199
28089.2324
28089.5098
28089.7324
28089.8984
28089.9551
28089.7988
28089.6875
28089.4648
28089.3086
28089.1406
28089.0625
28089.0078
28089.0078
28089.0957
28089.0410
28089.0840
28089.1289
28089.0742
28089.0176
28089.0625
28089.1055
28089.2051
28089.3164
28089.4160
28089.4277
28089.5273
28089.5273
28089.4141
28089.3027
28089.0254
28088.7461
28088.4785
28088.0879
28087.6973
28087.3086
28086.9297
28086.5820
28086.4590
28086.5156
28086.6582
28086.5918
28086.5801
28086.6465
28086.7012
28086.7129
28086.9902
28087.2695
28087.3262
28087.2578
28087.1895
28086.9102
28086.6875
28086.6641
28086.5410
28086.6836
28086.6270
28086.8379
28087.0059
28087.2285
28087.3965
28087.4512
28087.2500
28087.0840
28086.8711
28086.5918
28086.4238
28086.2559
28086.0879
28085.9863
28085.8633
28085.6953
28085.5273
28085.4160
28085.3594
28085.3594
28085.3691
28085.4355
28085.4160
28085.3828
28085.2617
28085.1406
28084.9395
28084.7949
28084.5391
28084.4395
28084.3828
28084.3574
28084.3027
28084.3457
28084.4219
28084.4531
28084.4531
28084.4414
28084.4961
28084.5625
28084.6309
28084.5879
28084.6855
28084.6309
28084.6738
28084.7617
28084.7930
28085.0469
28085.1367
28085.3789
28085.5801
28085.7656
28085.7090
28085.6543
28085.5078
28085.3535
28085.1523
28084.9082
28084.6074
28084.4180
28084.3184
28084.0625
28083.9609
28083.8926
28083.8242
28083.8105
28083.7422
28083.6309
28083.4844
28083.4297
28083.4395
28083.5527
28083.7773
28083.9434
28084.1680
28084.3906
28084.5723
28084.7949
28085.0293
28085.1992
28085.3809
28085.4102
28085.4102
28085.3418
28085.1738
28085.1035
28084.8789
28084.7539
28084.5410
28084.3301
28084.2168
28084.0605
28083.9023
28083.8574
28083.8574
28083.8125
28083.7246
28083.7812
28083.7812
28083.7246
28083.7109
28083.7422
28083.7285
28083.7480
28083.7793
28083.8223
28083.7656
28083.7969
28083.7402
28083.6953
28083.7520
28083.9766
28084.1426
28084.4805
28084.8184
28085.2109
28085.5156
28085.8535
28086.1465
28086.3711
28086.5508
28086.7188
28086.8887
28087.0684
28087.3496
28087.5742
28087.8691
28088.0371
28088.2070
28088.3047
28088.2617
28088.2051
28088.1484
28087.9238
28087.8672
28087.7285
28087.7285
28087.5586
28087.4902
28087.3633
28087.2090
28087.0820
28086.9688
28086.9004
28086.7441
28086.8555
28086.7559
28086.6992
28086.6992
28086.7539
28086.6113
28086.6113
28086.6113
28086.5547
28086.3965
28086.2852
28086.2715
28086.1582
28086.1016
28086.0879
28086.0176
28085.9043
28085.7793
28085.7090
28085.5391
28085.4277
28085.3145
28085.3574
28085.4688
28085.6816
28085.8496
28086.1875
28086.5391
28086.8223
28087.1172
28087.2539
28087.3223
28087.3359
28087.3496
28087.2051
28087.0605
28086.9609
28086.8047
28086.7734
28086.8164
28086.9609
28087.2031
28087.4336
28087.6641
28087.8203
28087.8203
28087.7891
28087.8281
28087.7969
28087.7656
28087.8086
28087.9531
28087.9824
28088.0703
28088.1426
28088.0566
28087.8555
28087.6953
28087.4648
28087.2773
28087.0020
28086.8594
28086.7031
28086.6035
28086.6328
28086.6328
28086.6328
28086.6895
28086.8027
28086.8574
28086.8574
28087.0273
28087.0703
28087.0137
28087.0566
28087.1992
28087.2441
28087.2441
28087.3008
28087.1992
28087.0723
28086.9590
28086.7461
28086.5332
28086.3047
28086.1914
28086.1777
28086.0527
28086.0254
28086.0684
28086.0234
28086.0098
28086.0527
28086.1406
28086.2695
28086.5430
28086.5723
28086.5293
28086.3418
28086.3125
28086.2812
28086.2812
28086.4238
28086.5527
28086.9258
28087.2129
28087.5996
28087.9414
28088.1289
28088.2852
28088.3398
28088.3398
28088.3691
28088.3555
28088.1113
28087.6387
28087.2793
28086.7754
28086.3730
28086.0859
28085.9297
28085.8457
28085.8047
28085.6758
28085.6484
28085.6074
28085.7246
28085.7832
28086.0547
28086.1973
28086.3125
28086.3809
28086.3516
28086.4219
28086.4219
28086.4336
28086.5332
28086.5898
28086.7461
28086.8594
28086.8594
28086.9160
28086.8711
28086.7715
28086.7148
28086.5859
28086.3730
28086.3008
28086.1738
28086.0332
28085.9609
28086.0762
28086.1621
28086.3047
28086.3906
28086.5898
28086.7461
28087.0605
28087.3301
28087.4434
28087.7832
28088.0840
28088.3242
28088.4512
28088.5352
28088.4492
28088.2480
28087.9355
28087.7070
28087.4785
28087.3496
28087.2344
28087.1348
28087.0352
28086.9336
28086.7910
28086.7910
28086.7891
28086.6328
28086.6328
28086.6895
28086.6875
28086.7598
28086.9160
28087.0020
28086.9883
28086.9297
28086.8867
28086.9004
28086.8574
28086.8125
28086.7988
28086.7988
28086.8555
28086.8555
28086.8262
28086.6816
28086.6953
28086.6523
28086.7090
28086.9102
28087.0508
28087.2070
28087.3652
28087.5352
28087.5645
28087.6348
28087.6484
28087.7207
28087.7188
28087.7188
28087.7754
28087.8750
28087.9180
28088.0020
28087.9883
28088.0176
28088.0020
28088.0449
28088.0449
28088.0449
28088.0020
28087.9590
28087.8574
28087.7988
28087.8281
28087.7988
28087.7695
28087.8555
28087.9414
28088.0254
28088.0391
28088.0977
28088.1250
28088.0820
28087.9805
28087.8379
28087.6934
28087.5371
28087.4219
28087.3418
28087.4219
28087.4648
28087.6211
28087.7207
28087.9199
28088.0059
28088.1895
28088.0898
28088.1602
28088.2598
28088.3594
28088.5586
28088.7715
28089.0156
28089.1426
28089.1699
28089.0703
28088.9414
28088.8418
28088.7109
28088.6680
28088.5840
28088.5977
28088.5684
28088.5977
28088.5547
28088.6250
28088.6250
28088.7402
28088.7109
28088.6270
28088.5977
28088.4688
28088.3691
28088.3105
28088.2520
28088.0957
28087.9082
28087.7363
28087.5059
28087.3203
28087.3613
28087.3320
28087.4883
28087.5449
28087.8164
28088.1738
28088.4453
28088.6445
28088.7441
28088.8301
28088.8008
28088.7109
28088.6387
28088.5938
28088.6074
28088.6777
28088.8203
28089.0039
28089.4180
28089.5742
28089.8047
28089.9199
28090.0332
28089.9902
28090.0898
28090.1895
28090.1738
28090.2578
28090.3848
28090.5547
28090.8242
28090.9512
28091.1797
28091.2793
28091.4629
28091.6055
28091.6895
28091.7871
28091.8574
28091.9414
28092.0117
28092.1250
28092.1504
28092.2363
28092.3613
28092.5312
28092.6152
28092.7852
28092.9805
28093.0918
28093.2617
28093.2891
28093.3730
28093.4707
28093.4863
28093.6289
28093.7266
28093.7695
28093.8535
28093.8945
28093.9355
28094.0508
28094.1348
28094.1914
28094.1895
28094.1895
28094.1465
28093.9883
28093.7871
28093.6289
28093.5293
28093.4707
28093.5273
28093.6250
28093.7402
28093.8555
28093.9688
28093.9102
28093.8945
28093.8359
28093.9199
28093.9766
28094.1641
28094.1953
28094.2402
28094.1426
28093.9727
28093.7871
28093.5879
28093.6016
28093.6289
28093.6699
28093.7969
28093.8809
28093.9062
28093.6895
28093.6328
28093.5000
28093.3848
28093.4258
28093.5254
28093.6504
28093.6191
28093.6602
28093.7598
28093.8008
28093.9004
28093.9570
28094.1133
28093.9551
28093.9551
28093.8223
28093.7793
28093.7539
28093.9824
28094.2871
28094.5332
28094.8047
28094.9355
28094.8926
28094.9492
28094.9062
28095.0215
28095.0801
28095.1934
28095.2500
28095.4082
28095.5508
28095.7910
28096.0332
28096.0332
28096.1465
28096.1875
28096.1621
28096.1777
28096.2500
28096.3066
28096.4219
28096.5215
28096.5059
28096.5625
28096.5781
28096.5762
28096.6484
28096.7070
28096.9961
28097.0801
28097.1953
28097.2930
28097.3770
28097.3047
28097.5020
28097.4277
28097.3965
28097.3945
28097.4375
28097.4941
28097.5781
28097.6777
28097.6621
28097.7871
28097.8945
28097.8789
28098.0801
28098.3359
28098.5508
28098.8242
28099.1816
28099.3809
28099.5645
28099.6328
28099.6992
28099.8086
28099.7344
28099.8184
28099.8262
28099.8262
28099.8828
28099.9980
28099.8145
28099.7285
28099.7031
28099.6172
28099.5742
28099.6738
28099.9160
28100.0996
28100.3984
28100.6387
28100.7969
28100.8711
28100.9688
28100.9844
28101.0840
28101.0840
28101.2090
28101.3828
28101.4238
28101.4648
28101.5469
28101.5469
28101.6875
28101.6465
28101.7441
28101.8281
28101.8848
28101.9844
28102.0840
28102.1250
28102.1660
28102.1230
28102.0977
28102.0547
28102.1113
28102.1699
28102.2109
28102.3945
28102.4102
28102.3086
28102.2656
28102.2070
28102.2656
28102.1387
28102.0859
28102.0352
28101.9414
28101.6738
28101.5488
28101.4062
28101.3301
28101.4707
28101.6387
28101.8633
28102.0469
28102.1875
28102.1035
28101.8945
28101.6836
28101.4746
28101.3477
28101.4492
28101.5469
28101.6895
28101.9141
28101.9805
28102.1387
28102.3203
28102.4199
28102.3770
28102.4355
28102.2344
28102.1504
28102.1074
28102.2246
28102.3242
28102.5820
28102.8652
28103.2305
28103.5469
28103.8633
28103.8535
28103.8379
28103.8535
28103.8945
28104.1113
28104.4922
28105.0254
28105.5586
28105.8066
28106.1152
28106.0547
28105.7715
28105.5625
28105.4219
28105.2207
28105.1602
28105.3008
28105.6270
28105.6914
28105.9160
28105.7910
28105.5645
28105.2129
28105.1699
28105.0293
28104.9863
28104.9688
28105.2266
28105.2246
28105.2832
28105.3906
28105.6387
28105.7051
28105.7871
28105.7949
28105.9023
28105.7832
28105.6992
28105.5000
28105.4160
28105.2070
28105.1230
28105.0625
28104.9805
28104.7539
28104.4863
28104.3203
28104.0703
28103.8613
28103.6543
28103.3047
28102.8301
28102.2539
28101.7402
28101.2910
28100.8398
28100.5566
28100.3320
28100.2324
28099.9902
28099.8652
28099.7227
28099.6797
28099.4395
28099.3379
28099.1797
28099.1621
28099.0020
28098.6191
28098.4531
28098.0859
28097.6953
28097.2891
28097.0801
28096.8145
28096.5566
28096.5215
28096.4277
28096.5176
28096.5723
28096.6797
28096.5430
28096.4023
28096.1367
28095.9512
28095.6855
28095.5625
28095.5195
28095.4688
28095.3672
28095.2324
28095.1973
28095.1035
28095.0273
28094.8672
28094.7500
28094.5078
28094.2422
28093.8984
28093.6328
28093.2930
28093.0742
28092.9805
28092.5566
28092.1895
28092.0312
28091.9551
28091.6719
28091.5781
28091.8066
28091.6895
28091.4238
28091.3457
28091.2695
28091.1523
28091.2988
28091.2871
28091.4355
28091.4980
28091.7031
28091.9082
28092.1328
28092.3145
28092.5195
28092.7266
28092.8125
28092.8770
28092.8418
28092.8457
28092.6699
28092.2617
28091.7500
28091.2422
28090.6289
28090.1992
28090.0156
28090.1621
28090.2090
28090.3730
28090.3965
28090.4785
28090.4824
28090.2988
28090.0156
28089.7754
28089.7148
28089.4961
28089.3965
28089.2773
28089.2656
28089.4102
28089.4805
28089.9141
28090.2461
28090.6152
28090.8438
28091.0898
28091.2363
28091.3633
28091.4023
28091.3848
28091.5645
28091.6406
28091.2051
28090.4180
28089.4902
28088.6270
28087.8262
28087.4805
28087.4199
28087.3438
28087.1836
28086.9238
28086.7871
28086.8496
28086.8770
28087.1230
28087.1270
28087.2324
28087.2773
28087.4629
28087.6504
28087.8945
28088.0820
28088.3867
28088.6074
28088.6289
28088.8516
28089.1289
28089.4043
28089.7305
28090.1758
28090.6250
28091.0469
28091.4258
28091.8613
28092.2285
28092.5859
28092.8867
28093.0801
28093.2383
28093.4766
28093.7012
28093.8164
28093.9277
28093.9180
28093.8809
28093.9238
28094.0566
28094.3027
28094.5137
28094.7812
28094.7969
28094.8203
28094.8047
28094.7031
28094.7051
28094.7617
28094.8047
28094.8574
28094.9180
28094.8457
28094.6504
28094.4980
28094.4766
28094.4238
28094.3945
28094.4336
28094.3379
28094.3574
28094.2578
28094.1875
28094.0195
28094.0742
28094.2559
28094.4824
28094.8223
28095.2832
28095.5703
28095.6133
28095.4609
28095.1406
28094.9844
28094.9004
28094.8613
28094.9395
28095.0137
28095.2031
28095.2695
28095.3105
28095.2871
28095.2676
28095.0879
28094.8867
28094.7852
28094.6660
28094.5645
28094.5234
28094.5840
28094.5684
28094.4902
28094.4473
28094.3867
28094.5273
28094.6445
28094.6230
28094.7266
28094.7461
28094.5859
28094.2676
28094.0059
28093.8867
28093.7031
28093.5430
28093.4609
28093.4590
28093.5176
28093.5352
28093.5117
28093.7109
28093.8320
28093.9492
28094.2480
28094.5273
28094.7051
28094.7988
28095.0566
28095.2559
28095.1914
28095.0273
28094.8438
28094.4766
28094.1094
28093.9863
28093.9453
28094.0059
28094.1875
28094.2266
28094.3652
28094.2832
28094.1387
28094.1328
28093.9902
28093.7070
28093.6035
28093.3398
28093.1582
28093.1172
28092.9336
28092.7715
28092.5273
28092.2227
28091.7969
28091.5117
28091.2266
28091.0234
28090.8613
28090.7773
28090.6367
28090.4941
28090.2129
28090.0898
28089.8906
28089.6465
28089.3418
28089.2188
28088.9375
28088.7578
28088.7969
28088.8164
28088.8164
28088.7148
28088.7930
28088.7109
28088.6699
28088.6289
28088.5312
28088.3926
28088.3125
28088.3340
28088.2734
28088.2129
28088.1738
28088.0938
28087.9551
28087.8574
28087.7988
28087.7598
28087.6973
28087.7188
28087.7793
28087.8223
28088.0234
28088.2266
28088.2852
28088.2852
28088.0645
28087.9414
28087.5000
28087.1387
28086.8184
28086.4785
28086.2188
28085.8184
28085.5371
28085.2168
28085.0137
28084.7363
28084.4551
28084.1348
28083.9355
28083.7344
28083.4531
28083.3301
28083.3496
28083.2285
28083.1875
28083.2051
28083.2441
28083.3027
28083.4609
28083.4590
28083.5391
28083.5371
28083.3789
28083.2559
28083.2344
28083.1113
28083.0098
28082.9082
28082.7871
28082.7461
28082.9629
28082.8438
28082.9629
28083.1836
28083.2617
28083.3223
28083.3613
28083.2617
28083.2793
28083.2793
28083.1582
28083.1953
28083.2344
28083.2734
28083.4512
28083.6094
28083.8691
28084.0273
28084.3066
28084.4453
28084.4238
28084.3613
28084.3418
28084.2383
28083.9980
28083.6172
28083.4570
28083.1562
28082.8359
28082.7148
28082.6543
28082.4531
28082.3926
28082.5117
28082.5527
28082.6719
28082.9707
28083.0898
28083.3301
28083.5098
28083.6484
28083.5879
28083.8066
28083.8848
28083.9844
28083.9648
28083.8633
28083.9219
28083.9609
28084.1211
28084.4785
28084.8770
28085.1367
28085.4941
28085.6953
28085.8945
28086.1133
28086.5723
28086.8320
28087.0703
28087.3086
28087.4492
28087.3867
28087.4258
28087.4062
28087.3652
28087.2051
28087.0840
28087.1621
28087.1621
28087.1816
28087.4199
28087.5801
28087.7988
28087.9766
28088.0762
28088.1758
28088.3359
28088.2559
28088.0352
28088.0332
28087.8730
28087.5332
28087.2520
28087.0703
28086.8906
28086.7910
28086.5312
28086.2891
28086.1699
28085.8281
28085.6074
28085.5684
28085.4062
28085.4062
28085.5059
28085.5059
28085.4453
28085.3438
28085.3242
28085.2832
28085.3418
28085.3223
28085.3223
28085.5801
28085.5000
28085.4590
28085.4805
28085.5000
28085.4199
28085.3398
28085.1582
28084.9980
28084.7969
28084.6367
28084.4355
28084.3555
28084.1562
28084.0566
28083.9160
28083.9160
28083.8184
28083.8379
28083.7383
28083.7188
28083.7383
28083.7988
28083.8770
28083.9961
28084.1543
28084.2930
28084.4922
28084.5898
28084.6289
28084.7480
28084.9082
28084.9473
28085.0059
28085.1055
28085.0840
28085.2031
28085.2031
28085.2227
28085.1836
28085.1230
28085.0625
28085.1016
28085.0410
28085.0000
28084.9805
28084.9395
28084.7773
28084.7168
28084.6172
28084.6777
28084.6172
28084.7148
28084.7754
28084.8145
28084.8125
28084.8320
28084.8711
28085.0312
28085.0293
28085.1719
28085.3125
28085.5723
28085.7129
28085.6543
28085.5352
28085.4746
28085.4160
28085.3359
28085.3965
28085.3770
28085.4395
28085.3809
28085.4609
28085.5020
28085.6035
28085.7832
28085.8223
28085.6816
28085.7227
28085.6035
28085.4648
28085.4648
28085.5625
28085.6035
28085.5215
28085.6602
28085.7402
28085.7988
28085.9805
28086.1230
28086.1836
28086.3262
28086.6680
28086.9668
28087.2090
28087.3906
28087.5527
28087.7129
28087.8535
28088.1309
28088.2891
28088.4688
28088.5684
28088.5879
28088.6914
28088.6113
28088.5332
28088.5332
28088.5332
28088.7715
28088.8496
