27498.5078
27498.8535
27499.0566
27499.1172
27499.2188
27499.3379
27499.5215
27499.9453
27500.2246
27500.2090
27500.3105
27500.6328
27500.6113
27500.6133
27500.6152
27500.6758
27500.3965
27500.1953
27499.9160
27499.6777
27499.4766
27499.5586
27499.3984
27499.3984
27499.1992
27499.2168
27499.2402
27499.0391
27498.9609
27498.9609
27499.0820
27499.0215
27499.0039
27499.1855
27499.4648
27499.4473
27499.5684
27499.8691
27499.7891
27499.9316
27500.0508
27500.1523
27500.4121
27500.3750
27500.4141
27500.6562
27500.7559
27500.7383
27501.0566
27500.9180
27500.9980
27501.1211
27501.0605
27501.2812
27501.4219
27501.4238
27501.6836
27501.5449
27501.5059
27501.8047
27501.5879
27501.5293
27501.4902
27501.5723
27501.5137
27501.7734
27501.8145
27502.1953
27502.4180
27502.5176
27502.4570
27502.6191
27502.6387
27502.8809
27502.8418
27502.8809
27502.7227
27502.9824
27502.7832
27503.0449
27502.8047
27503.0645
27502.8262
27502.9473
27503.0254
27503.2480
27503.0879
27503.2266
27502.8691
27503.2500
27503.2500
27503.0703
27503.0703
27503.0508
27502.9512
27502.8125
27502.7715
27502.9336
27502.6543
27502.5957
27502.3750
27502.6562
27502.6758
27502.7363
27502.7793
27502.8379
27502.8984
27503.0000
27502.8613
27503.1406
27502.8008
27502.8633
27502.8633
27502.6836
27502.5840
27502.7051
27502.4473
27502.5273
27502.4883
27502.3477
27502.5488
27502.6484
27502.7500
27503.0312
27502.9902
27503.0508
27503.2324
27503.3516
27503.5723
27503.6133
27503.7129
27503.7754
27503.9746
27503.7539
27503.9160
27504.0176
27503.7969
27503.8184
27503.5586
27503.6992
27503.6582
27503.6387
27503.5605
27503.5605
27503.4805
27503.4004
27503.7207
27503.6816
27503.9023
27504.0430
27503.9824
27504.1035
27504.2031
27504.2441
27504.4648
27504.6465
27504.5859
27504.8262
27504.6250
27504.8867
27504.8066
27504.9668
27505.4277
27505.5488
27505.8887
27506.0078
27505.8496
27505.8301
27505.6094
27505.5488
27505.5293
27505.6113
27505.7500
27505.7910
27505.8926
27506.0117
27506.0723
27506.1934
27506.3125
27506.3535
27506.4336
27506.3945
27506.3730
27506.1543
27506.1543
27506.2949
27506.3359
27506.2754
27506.3359
27506.3965
27506.1367
27506.1172
27505.9785
27505.9785
27506.1172
27505.8594
27505.9199
27505.8984
27505.7402
27505.8613
27506.0410
27506.0195
27505.9004
27505.9805
27505.8398
27506.0000
27505.8809
27505.8613
27505.6816
27505.6230
27505.8027
27505.6426
27505.8027
27505.7832
27505.9023
27505.6816
27505.8223
27505.9434
27505.5234
27505.6641
27505.4434
27505.5039
27505.4043
27505.3652
27505.3438
27505.2637
27505.3242
27505.2422
27505.5840
27505.4238
27505.3047
27505.6055
27505.5449
27505.7461
27505.7070
27505.5664
27505.8457
27505.8652
27506.1250
27506.0449
27506.1445
27506.0254
27506.1445
27506.1035
27506.1035
27506.2637
27506.1465
27506.0234
27505.9648
27506.0254
27506.3066
27506.3281
27505.8867
27506.2891
27505.9883
27505.9688
27505.7871
27505.5488
27505.9102
27505.4688
27506.2148
27505.7910
27505.8945
27505.8535
27505.8320
27505.7520
27505.9141
27505.8730
27505.7930
27506.2539
27506.2539
27506.2949
27506.3750
27506.4160
27506.0742
27506.2949
27506.0938
27506.0547
27505.8926
27505.9531
27506.1953
27506.2148
27506.2148
27506.5176
27506.3770
27506.7012
27506.5586
27506.4785
27506.3164
27505.8965
27505.6348
27505.3770
27505.2559
27505.2754
27505.2559
27505.3145
27505.3164
27505.3535
27505.1934
27504.8535
27504.6113
27504.4922
27504.6914
27504.7324
27504.9551
27505.0352
27504.8555
27504.7930
27504.6328
27504.8105
27504.8711
27505.1543
27505.3945
27505.3359
27505.3555
27505.3574
27505.1348
27505.1758
27505.3555
27505.4570
27505.5977
27505.5762
27505.6582
27505.4180
27505.5801
27505.4609
27505.8008
27505.6230
27505.6230
27505.5820
27505.4004
27505.2188
27505.1777
27504.8945
27505.1387
27505.0645
27504.8555
27504.8555
27505.2402
27504.8555
27505.5039
27505.2422
27504.8418
27505.0039
27505.1426
27505.2051
27505.1055
27505.2070
27505.0273
27505.2090
27505.1875
27505.3086
27505.1895
27505.2695
27505.3105
27505.3711
27505.3320
27505.3125
27505.3535
27505.5352
27505.5977
27505.8594
27506.1035
27506.1230
27505.8594
27505.7773
27505.6973
27505.6348
27505.6543
27505.6719
27505.7129
27505.8145
27505.9746
27505.9336
27505.8125
27505.6895
27505.7090
27505.6504
27505.6504
27505.5508
27505.5117
27505.4102
27505.4102
27505.2695
27505.2305
27505.1113
27504.9707
27504.9707
27504.9316
27504.8906
27504.8516
27504.7520
27504.5898
27504.5918
27504.5918
27504.6328
27505.4023
27505.1602
27505.8105
27505.6309
27506.0137
27505.7520
27505.9336
27506.5215
27506.1152
27506.6641
27506.8457
27506.9258
27506.9902
27506.8887
27507.1113
27507.3145
27507.1719
27507.4160
27507.5391
27507.4746
27507.5938
27507.7734
27507.8320
27507.7734
27507.6523
27507.5078
27507.7715
27507.6875
27507.8867
27507.6055
27507.7695
27507.4863
27507.5488
27507.6074
27507.2480
27507.4082
27507.3496
27507.3672
27507.3457
27507.3652
27507.3242
27507.1855
27506.8848
27506.7266
27506.8047
27506.9004
27506.8203
27506.5605
27506.4199
27506.2383
27506.1582
27506.1953
27506.3730
27506.3926
27506.4883
27506.6660
27506.7441
27506.6621
27506.6035
27506.4453
27506.3047
27506.3047
27506.2461
27506.1465
27506.0273
27505.9863
27505.8281
27505.8086
27505.6914
27505.8145
27505.7363
27505.8965
27505.9551
27505.9551
27505.8555
27505.8965
27506.0156
27506.0156
27506.1387
27506.2578
27506.3164
27506.3164
27506.3164
27506.4180
27506.5352
27506.6953
27506.7949
27507.0547
27507.0957
27506.9746
27507.2109
27507.3887
27507.3887
27507.6074
27507.8477
27507.8477
27507.8477
27507.9121
27507.9355
27507.9355
27508.0723
27508.1133
27508.2129
27508.2129
27508.2734
27508.3730
27508.4375
27508.4961
27508.5371
27508.6602
27508.7188
27508.8594
27508.9570
27509.1934
27509.2969
27509.2754
27509.2754
27509.1973
27509.1445
27509.0254
27508.7441
27508.6445
27508.7441
27508.6855
27508.5684
27508.5254
27508.5273
27508.4688
27508.6055
27508.8008
27508.8594
27508.9375
27509.0781
27509.0781
27509.1191
27509.0781
27509.1602
27509.1621
27509.2812
27509.3398
27509.2383
27509.2168
27509.2578
27509.1172
27509.1348
27509.0938
27509.0938
27509.1367
27509.1543
27509.2773
27509.0957
27509.1777
27509.1602
27509.2012
27509.3418
27509.3418
27509.2246
27509.2070
27509.1074
27509.1699
27509.2891
27509.5488
27509.4844
27509.7656
27509.7266
27509.8262
27509.7266
27509.8496
27509.9629
27510.1230
27510.2227
27510.1230
27510.1406
27510.2402
27510.2754
27509.9297
27509.9375
27509.9375
27510.2246
27510.2070
27510.1660
27510.2285
27510.4746
27510.5391
27510.4980
27510.3418
27510.5234
27510.5508
27510.5566
27510.5391
27510.4570
27510.3340
27510.2715
27510.4082
27510.3652
27510.3789
27510.3789
27510.4785
27510.4199
27510.5977
27510.5801
27510.6797
27510.7207
27510.7207
27510.6035
27510.5820
27510.6270
27510.7402
27510.6992
27510.5586
27510.4180
27510.1816
27510.1191
27509.9414
27510.0645
27510.0840
27510.0645
27510.1055
27509.9141
27510.0664
27510.2090
27509.9258
27510.0449
27510.1621
27510.1797
27509.9629
27510.4219
27510.4453
27510.5625
27510.6797
27510.7812
27510.9570
27511.0801
27511.2812
27511.3828
27511.4277
27511.3633
27511.3770
27511.3594
27511.5293
27511.6543
27511.7715
27511.8770
27511.8906
27511.6895
27511.8672
27511.7012
27511.8379
27512.1953
27512.4492
27512.5430
27512.5508
27512.3438
27512.9277
27513.0098
27512.9863
27513.2754
27513.1035
27513.0742
27513.1152
27513.1641
27513.3828
27513.2773
27513.4004
27513.2773
27513.1523
27513.0762
27512.7773
27512.7188
27512.6367
27512.6836
27512.5195
27512.5020
27512.5020
27512.6016
27512.5684
27512.6270
27512.5156
27512.6797
27512.5801
27512.6797
27512.5156
27512.5566
27512.6816
27512.6406
27512.5586
27512.6113
27512.3398
27512.5879
27512.1934
27512.4062
27511.9473
27512.2480
27511.9160
27512.1895
27512.0234
27512.1797
27511.8730
27511.5332
27512.0801
27511.5664
27511.6738
27511.1680
27511.4219
27511.2852
27511.4570
27511.1680
27511.2090
27511.0625
27511.1523
27511.1035
27511.0527
27511.0684
27510.9180
27510.8770
27511.1602
27511.1602
27511.1250
27511.1602
27511.0430
27511.3262
27511.1035
27510.9863
27511.3281
27511.2168
27511.7344
27511.4004
27511.6113
27511.8125
27512.0879
27512.2520
27512.1367
27512.0703
27512.2305
27512.2812
27512.4062
27512.3477
27512.5254
27512.6074
27512.6074
27512.6660
27512.8008
27512.9844
27513.0664
27513.3984
27513.3809
27513.2988
27513.3164
27513.5000
27513.1992
27512.8516
27513.0273
27513.2520
27513.3105
27513.4355
27513.4355
27513.3770
27513.5527
27513.6602
27513.3613
27513.6719
27513.6973
27513.7891
27514.1055
27513.6055
27514.0312
27514.0898
27514.2480
27514.6641
27514.9141
27514.9141
27514.7988
27514.8496
27514.9316
27515.1738
27514.7910
27515.1504
27514.9746
27515.0156
27515.0000
27515.3770
27515.2422
27515.4766
27515.4844
27515.4688
27515.6504
27515.3926
27515.7090
27515.7598
27515.6016
27516.0840
27516.0430
27516.4023
27516.2871
27516.4277
27516.3926
27516.5938
27516.4531
27516.5430
27516.5781
27516.7207
27516.7051
27516.8203
27516.7109
27516.8379
27516.9375
27516.9785
27517.0625
27517.0137
27517.0293
27516.9727
27516.8965
27516.8555
27517.2734
27517.5410
27517.5234
27517.4238
27517.0820
27517.0156
27517.3145
27517.5332
27517.4004
27517.4082
27517.6680
27517.6094
27517.4668
27517.6934
27517.6094
27517.9355
27517.6016
27517.5684
27517.8613
27517.6465
27517.8125
27517.8867
27517.8379
27517.8965
27517.8809
27517.7227
27517.8320
27517.5488
27517.4824
27517.5254
27517.6660
27517.4258
27517.4082
27517.6504
27517.6934
27517.7363
27517.4766
27517.5449
27517.6445
27517.5293
27517.5137
27517.5215
27517.5137
27517.5332
27517.7402
27517.8164
27517.7676
27517.9922
27517.7344
27517.9512
27517.7930
27517.8770
27517.7949
27518.0625
27517.7051
27517.9473
27517.8887
27518.0059
27518.0820
27517.8320
27517.7930
27518.1328
27518.3848
27518.3105
27518.4453
27518.3535
27518.5449
27518.5547
27518.8555
27518.6641
27518.8242
27519.1074
27519.1074
27519.0352
27519.1504
27519.0352
27519.3340
27519.0781
27519.5527
27519.2949
27519.4707
27519.4375
27519.8125
27519.6133
27519.7480
27519.6582
27519.5820
27519.5645
27519.6250
27519.5410
27519.7832
27519.8418
27520.0586
27519.9766
27519.9355
27519.9863
27519.9355
27519.9785
27520.0371
27519.9805
27519.9805
27519.8223
27519.8066
27519.8066
27519.8086
27519.7344
27519.5098
27519.7676
27519.4688
27519.3516
27519.3535
27519.3438
27518.8281
27518.9961
27518.9297
27518.6973
27518.6309
27518.3887
27518.1484
27518.1328
27518.1074
27518.0508
27518.1094
27517.9824
27517.8340
27517.9355
27517.8789
27517.7559
27517.7891
27518.0312
27517.9219
27518.0469
27517.9648
27517.9902
27517.8828
27518.0586
27517.9434
27518.1094
27518.2422
27518.2949
27518.4766
27518.2852
27518.1777
27518.2363
27518.1113
27518.0215
27518.1113
27518.2285
27518.3281
27518.3281
27518.6309
27518.4141
27518.4141
27518.7578
27518.6172
27518.6738
27518.5840
27518.6172
27518.4590
27518.4609
27518.5938
27518.6523
27518.7852
27518.6523
27518.6797
27518.6113
27518.6543
27518.7285
27518.7285
27518.5078
27518.6309
27519.0000
27518.7305
27518.6992
27518.7852
27518.7598
27518.7754
27518.6855
27518.6875
27518.8027
27518.7305
27518.7715
27518.7734
27519.0156
27518.7734
27518.9590
27518.9434
27518.7441
27518.7852
27518.9297
27518.9980
27518.9727
27518.8145
27519.0742
27518.9570
27519.3906
27519.2910
27519.1602
27519.4336
27519.4766
27519.3926
27519.2090
27519.3945
27519.2695
27519.3281
27519.5000
27519.8320
27519.7441
27519.8926
27519.9766
27519.9102
27520.2363
27520.3359
27520.5527
27520.6680
27521.0430
27521.0273
27521.0605
27521.3867
27521.3184
27521.3770
27521.4941
27521.5820
27521.6680
27521.6836
27521.7852
27521.8164
27522.1172
27522.0176
27522.0762
27522.1758
27522.3027
27522.3301
27522.2305
27522.5684
27522.5684
27522.6367
27522.3496
27522.3711
27522.2852
27522.1289
27522.2188
27522.0918
27522.1191
27522.2051
27522.2168
27522.2891
27522.4004
27522.4434
27522.4590
27522.2656
27522.4082
27522.5098
27522.0820
27522.5820
27522.4980
27522.5410
27522.6992
27522.5156
27522.6855
27522.9316
27522.7598
27522.8301
27522.7598
27523.0762
27523.0508
27523.0781
27523.0879
27523.0195
27523.1641
27522.9355
27523.0254
27523.3008
27523.3730
27523.1738
27523.2480
27523.4062
27523.2070
27523.2070
27523.6348
27523.4668
27523.6230
27523.5234
27523.4980
27523.5547
27523.2090
27523.1250
27523.0879
27522.7031
27522.2344
27522.4199
27522.4316
27522.6172
27522.7754
27522.7324
27522.5645
27522.6641
27522.6758
27522.5605
27522.5957
27522.7129
27522.6562
27522.7402
27522.8516
27523.0801
27522.5254
27522.1191
27521.6953
27521.6582
27521.6426
27521.6152
27521.7539
27522.1250
27522.5215
27522.7188
27522.6914
27522.6543
27522.5410
27522.2031
27522.0918
27522.0098
27521.7949
27521.7266
27522.1270
27521.8672
27522.1230
27522.0352
27521.8672
27521.7520
27521.5410
27521.3711
27521.3711
27521.1289
27521.1016
27520.9453
27520.9180
27520.9453
27520.7188
27520.9609
27520.8457
27520.8203
27520.6465
27520.8203
27521.0742
27520.8320
27521.3867
27521.4297
27521.5430
27521.5117
27521.5703
27521.6289
27521.3848
27521.1172
27521.0586
27521.0332
27520.9336
27521.0215
27520.6914
27520.8613
27520.5605
27520.5742
27520.2871
27520.2715
27520.1426
27520.0293
27520.0117
27520.1426
27519.7148
27519.6445
27519.5605
27519.5879
27519.7148
27519.5859
27519.6699
27519.3281
27519.3594
27519.0293
27518.9883
27518.7148
27518.8730
27518.8301
27518.7031
27518.3164
27518.1621
27517.8613
27517.7500
27517.5371
27517.5234
27517.6836
27517.5254
27517.6426
27517.6133
27517.5000
27517.5117
27517.7422
27517.6406
27517.6992
27517.7988
27517.4844
27517.6855
27517.5137
27517.6133
27517.5703
27517.4141
27517.2559
27517.2285
27517.0000
27517.0586
27516.9297
27517.0449
27516.9609
27517.1172
27517.1191
27517.0195
27516.9902
27516.9473
27516.9180
27517.0039
27516.7188
27516.7051
27516.5312
27516.5039
27516.4199
27516.2344
27516.4062
27516.3496
27516.6934
27516.4766
27516.5664
27516.3359
27515.7773
27515.9648
27516.0430
27515.7949
27515.7539
27516.3262
27515.4668
27515.3809
27515.0957
27515.3086
27514.9668
27514.9238
27515.0957
27514.4961
27514.7266
27514.5840
27514.6113
27514.7559
27514.4980
27514.7129
27514.5684
27514.4277
27514.4277
27514.5430
27514.8008
27514.8574
27514.6992
27514.7578
27515.0723
27515.0449
27515.0156
27515.0586
27515.0605
27515.0176
27514.9746
27515.1035
27515.1191
27515.2051
27515.0625
27514.9766
27514.7480
27514.5938
27514.6211
27514.6797
27514.4512
27514.3945
27513.8242
27513.9551
27513.7402
27513.9277
27513.8281
27513.6992
27514.0117
27514.2988
27514.1406
27513.9844
27514.0703
27514.0137
27513.7988
27514.0703
27514.1562
27513.8984
27514.0840
27513.9570
27514.0430
27513.5586
27513.9727
27513.7305
27513.9453
27513.7598
27513.6738
27513.3027
27513.3027
27513.1621
27513.0176
27513.3047
27513.0488
27513.0488
27513.4785
27513.2207
27513.3203
27513.4512
27513.5215
27513.5234
27513.4941
27513.4102
27513.4961
27513.1680
27513.1523
27513.1523
27513.0840
27513.2266
27513.2129
27513.2402
27513.5977
27513.4570
27513.4844
27513.7148
27513.9141
27514.1719
27514.2715
27514.3027
27513.8301
27513.8320
27513.6172
27513.6035
27513.4902
27513.6055
27513.7051
27513.4473
27513.3770
27513.6484
27513.9355
27513.7070
27513.9219
27513.9219
27513.7656
27514.1074
27514.1387
27514.3379
27514.3516
27514.2520
27514.3672
27514.4375
27514.1523
27514.1113
27514.3535
27514.1543
27514.3262
27514.4121
27514.6270
27514.2422
27514.3281
27514.5703
27514.3848
27514.5000
27514.4590
27514.4434
27514.5156
27514.7734
27514.7871
27514.9434
27514.8887
27515.1738
27514.7461
27515.1895
27515.0762
27515.2480
27515.2910
27515.2910
27515.2617
27515.5059
27515.2930
27515.4062
27515.0215
27514.8652
27514.7227
27514.6934
27514.5098
27514.9102
27514.7949
27515.0684
27515.0684
27515.3828
27515.1406
27515.2129
27514.8125
27515.0293
27515.2559
27515.1289
27515.6016
27515.9316
27515.8887
27515.9062
27515.8340
27515.6484
27515.7051
27515.4766
27515.8203
27515.6348
27515.9492
27516.2109
27516.4395
27516.4395
27515.6504
27515.3750
27514.6465
27514.7871
27514.4883
27515.3047
27516.4258
27517.1152
27518.3906
27519.1816
27520.2852
27520.6758
27521.0195
27521.0488
27520.6328
27520.4902
27520.2324
