28121.6152
28121.2930
28120.9727
28120.6523
28120.3262
28119.9961
28119.6641
28119.3223
28118.9766
28118.6250
28118.2676
28117.9062
28117.5371
28117.1621
28116.7812
28116.3945
28116.0020
28115.6035
28115.1992
28114.7910
28114.3770
28113.9531
28113.5195
28113.0840
28112.6387
28112.1914
28111.7383
28111.2871
28110.8340
28110.3809
28109.9277
28109.8770
28109.8242
28109.7715
28109.7168
28109.6602
28109.6055
28109.5547
28109.5059
28109.4570
28109.4121
28109.3711
28109.3359
28109.2988
28109.2637
28109.2266
28109.1855
28109.1445
28109.0996
28109.0586
28109.0176
28108.9844
28108.9531
28108.9258
28108.9023
28108.8828
28108.8691
28108.8555
28108.8418
28108.8340
28108.8262
28108.8203
28108.8164
28108.8184
28108.8223
28108.8262
28108.8359
28108.8496
28108.8672
28108.8906
28108.9219
28108.9570
28109.0000
28109.0527
28109.1152
28109.1895
28109.2734
28109.3672
28109.4707
28109.5801
28109.6934
28109.8105
28109.9355
28110.0605
28110.1875
28110.3145
28110.4414
28110.5703
28110.6934
28110.8066
28110.9160
28111.0195
28111.1152
28111.2090
28111.3047
28111.3984
28111.4922
28111.5918
28111.6934
28111.7910
28111.8867
28111.9824
28112.0723
28112.1582
28112.2402
28112.3184
28112.3945
28112.4688
28112.5469
28112.6250
28112.7012
28112.7734
28112.8438
28112.9121
28112.9766
28113.0371
28113.0918
28113.1406
28113.1816
28113.2188
28113.2520
28113.2793
28113.3047
28113.3281
28113.3477
28113.3613
28113.3770
28113.3906
28113.4043
28113.4180
28113.4336
28113.4512
28113.4707
28113.4883
28113.5078
28113.5254
28113.5371
28113.5469
28113.5527
28113.5508
28113.5449
28113.5293
28113.5098
28113.4805
28113.4531
28113.4238
28113.3945
28113.3672
28113.3379
28113.3086
28113.2832
28113.2578
28113.2383
28113.2227
28113.2109
28113.1992
28113.1934
28113.1914
28113.1914
28113.1914
28113.1973
28113.2070
28113.2148
28113.2227
28113.2285
28113.2324
28113.2324
28113.2324
28113.2324
28113.2305
28113.2266
28113.2227
28113.2168
28113.2148
28113.2129
28113.2129
28113.2188
28113.2246
28113.2324
28113.2441
28113.2539
28113.2617
28113.2695
28113.2754
28113.2793
28113.2793
28113.2754
28113.2617
28113.2461
28113.2207
28113.1934
28113.1602
28113.1211
28113.0781
28113.0312
28112.9824
28112.9297
28112.8770
28112.8203
28112.7676
28112.7148
28112.6641
28112.6152
28112.5723
28112.5312
28112.4863
28112.4395
28112.4004
28112.3633
28112.3242
28112.2910
28112.2637
28112.2363
28112.2207
28112.1934
28112.1641
28112.1289
28112.0898
28112.0488
28111.9980
28111.9473
28111.8984
28111.8496
28111.8027
28111.7598
28111.7188
28111.6797
28111.6465
28111.6172
28111.5938
28111.5723
28111.5547
28111.5430
28111.5332
28111.5254
28111.5234
28111.5156
28111.5098
28111.5020
28111.4902
28111.4785
28111.4688
28111.4609
28111.4531
28111.4492
28111.4473
28111.4531
28111.4629
28111.4785
28111.4961
28111.5215
28111.5508
28111.5820
28111.6172
28111.6543
28111.6953
28111.7383
28111.7832
28111.8320
28111.8848
28111.9375
28111.9922
28112.0469
28112.1016
28112.1562
28112.2129
28112.2695
28112.3320
28112.3906
28112.4473
28112.5039
28112.5625
28112.6133
28112.6641
28112.6934
28112.7383
28112.7520
28112.7969
28112.8340
28112.8691
28112.9062
28112.9473
28112.9863
28113.0273
28113.0664
28113.1094
28113.1504
28113.1953
28113.2383
28113.2773
28113.3145
28113.3516
28113.3848
28113.4121
28113.4375
28113.4590
28113.4727
28113.4844
28113.4883
28113.4941
28113.4980
28113.5039
28113.5078
28113.5117
28113.5098
28113.5117
28113.5078
28113.5020
28113.4980
28113.4922
28113.4902
28113.4922
28113.4922
28113.4961
28113.5039
28113.5098
28113.5156
28113.5215
28113.5254
28113.5293
28113.5312
28113.5332
28113.5332
28113.5332
28113.5312
28113.5273
28113.5176
28113.5059
28113.4883
28113.4688
28113.4473
28113.4258
28113.4004
28113.3730
28113.3418
28113.3125
28113.2773
28113.2656
28113.2363
28113.2090
28113.1895
28113.1719
28113.1543
28113.1348
28113.1152
28113.0977
28113.0762
28113.0508
28113.0254
28112.9980
28112.9668
28112.9375
28112.9062
28112.8750
28112.8438
28112.8125
28112.7812
28112.7500
28112.7246
28112.6992
28112.6738
28112.6523
28112.6289
28112.6074
28112.5879
28112.5723
28112.5566
28112.5430
28112.5293
28112.5137
28112.4980
28112.4844
28112.4668
28112.4453
28112.4219
28112.3945
28112.3691
28112.3418
28112.3145
28112.2852
28112.2578
28112.2266
28112.1953
28112.1660
28112.1426
28112.1211
28112.0996
28112.0879
28112.0801
28112.0781
28112.0781
28112.0840
28112.0898
28112.0938
28112.0977
28112.1035
28112.1074
28112.1094
28112.1113
28112.1133
28112.1133
28112.1133
28112.1113
28112.1113
28112.1094
28112.1074
28112.1035
28112.1035
28112.1016
28112.0996
28112.0996
28112.0996
28112.0977
28112.0996
28112.1016
28112.1074
28112.1113
28112.1172
28112.1211
28112.1230
28112.1250
28112.1270
28112.1289
28112.1289
28112.1289
28112.1270
28112.1250
28112.1230
28112.1211
28112.1172
28112.1152
28112.1074
28112.0977
28112.0898
28112.0801
28112.0703
28112.0625
28112.0508
28112.0410
28112.0332
28112.0234
28112.0137
28112.0039
28111.9902
28111.9727
28111.9492
28111.9258
28111.9023
28111.8809
28111.8555
28111.8301
28111.8008
28111.7695
28111.7363
28111.7090
28111.6777
28111.6484
28111.6172
28111.5898
28111.5605
28111.5312
28111.5039
28111.4727
28111.4355
28111.3965
28111.3574
28111.3145
28111.2715
28111.2266
28111.1797
28111.1328
28111.0859
28111.0391
28110.9941
28110.9492
28110.9023
28110.8594
28110.8164
28110.7773
28110.7500
28110.7266
28110.7109
28110.6973
28110.6895
28110.6875
28110.6836
28110.6816
28110.6797
28110.6777
28110.6719
28110.6660
28110.6582
28110.6523
28110.6426
28110.6328
28110.6250
28110.6191
28110.6133
28110.6094
28110.6113
28110.6113
28110.6191
28110.6309
28110.6445
28110.6641
28110.6855
28110.7090
28110.7324
28110.7559
28110.7793
28110.8027
28110.8281
28110.8574
28110.8848
28110.9180
28110.9492
28110.9824
28111.0176
28111.0586
28111.0996
28111.1445
28111.1895
28111.2383
28111.2910
28111.3457
28111.4043
28111.4648
28111.5234
28111.5859
28111.6504
28111.7188
28111.7871
28111.8594
28111.9316
28112.0059
28112.0801
28112.1562
28112.2344
28112.3125
28112.3906
28112.4648
28112.5352
28112.6074
28112.6367
28112.7051
28112.7715
28112.8379
28112.9062
28112.9746
28113.0430
28113.1133
28113.1855
28113.2598
28113.3359
28113.4180
28113.5000
28113.5840
28113.6699
28113.7559
28113.8418
28113.9238
28114.0059
28114.0859
28114.1660
28114.2461
28114.3262
28114.4062
28114.4883
28114.5762
28114.6641
28114.7539
28114.8438
28114.9297
28115.0176
28115.1016
28115.1875
28115.2715
28115.3594
28115.4492
28115.5391
28115.6309
28115.7227
28115.8184
28115.9141
28116.0137
28116.1133
28116.2129
28116.3145
28116.4199
28116.5273
28116.6367
28116.7461
28116.8535
28116.9609
28117.0703
28117.1797
28117.2871
28117.3926
28117.4980
28117.5996
28117.6992
28117.7949
28117.8906
28117.9805
28118.0176
28118.0957
28118.1699
28118.2383
28118.3047
28118.3672
28118.4277
28118.4883
28118.5508
28118.6133
28118.6758
28118.7383
28118.7969
28118.8555
28118.9141
28118.9668
28119.0195
28119.0703
28119.1172
28119.1621
28119.2031
28119.2402
28119.2715
28119.2988
28119.3184
28119.3281
28119.3281
28119.3164
28119.2969
28119.2715
28119.2422
28119.2129
28119.1777
28119.1426
28119.1016
28119.0605
28119.0156
28118.9668
28118.9141
28118.8574
28118.7949
28118.7266
28118.6562
28118.5820
28118.5039
28118.4238
28118.3418
28118.2559
28118.1699
28118.0840
28118.0020
28117.9160
28117.8301
28117.7422
28117.6562
28117.5684
28117.4805
28117.3945
28117.3105
28117.2305
28117.1523
28117.0801
28117.0117
28116.9512
28116.8926
28116.8379
28116.7852
28116.7324
28116.6777
28116.6230
28116.5684
28116.5156
28116.4648
28116.4180
28116.3828
28116.3516
28116.3340
28116.3301
28116.3379
28116.3555
28116.3809
28116.4141
28116.4434
28116.4805
28116.5137
28116.5449
28116.5762
28116.6113
28116.6484
28116.6875
28116.7285
28116.7754
28116.8203
28116.8691
28116.9219
28116.9785
28117.0371
28117.0977
28117.1641
28117.2344
28117.3086
28117.3887
28117.4707
28117.5586
28117.6504
28117.7461
28117.8418
28117.9395
28118.0352
28118.1289
28118.2188
28118.3027
28118.3848
28118.4629
28118.5430
28118.6211
28118.7012
28118.7832
28118.8672
28118.9512
28119.0371
28119.1211
28119.2051
28119.2871
28119.3633
28119.4375
28119.5098
28119.5801
28119.6484
28119.7148
28119.7812
28119.8457
28119.9062
28119.9648
28120.0195
28120.0645
28120.1035
28120.1328
28120.1523
28120.1602
28120.1602
28120.1543
28120.1426
28120.1328
28120.1211
28120.1113
28120.1055
28120.1113
28120.1191
28120.1348
28120.1543
28120.1777
28120.1992
28120.2246
28120.2500
28120.2715
28120.2910
28120.3066
28120.3184
28120.3262
28120.3320
28120.3340
28120.3340
28120.3320
28120.3301
28120.3281
28120.3262
28120.3281
28120.3320
28120.3418
28120.3555
28120.3711
28120.3906
28120.4121
28120.4375
28120.4629
28120.4902
28120.5156
28120.5391
28120.5605
28120.5781
28120.5938
28120.6055
28120.6152
28120.6270
28120.6426
28120.6602
28120.6777
28120.6953
28120.7168
28120.7402
28120.7637
28120.7871
28120.8125
28120.8379
28120.8633
28120.8906
28120.9199
28120.9512
28120.9824
28121.0156
28121.0449
28121.0762
28121.1074
28121.1367
28121.1680
28121.2012
28121.2344
28121.2637
28121.2910
28121.3145
28121.3398
28121.3633
28121.3906
28121.4180
28121.4414
28121.4648
28121.4902
28121.5195
28121.5508
28121.5840
28121.6191
28121.6562
28121.6953
28121.7422
28121.7910
28121.8398
28121.8926
28121.9434
28121.9941
28122.0449
28122.0957
28122.1465
28122.2012
28122.2578
28122.3164
28122.3789
28122.4453
28122.5156
28122.5879
28122.6660
28122.7461
28122.8281
28122.9160
28123.0059
28123.0957
28123.1914
28123.2871
28123.3906
28123.4902
28123.5938
28123.6973
28123.8066
28123.9199
28124.0410
28124.1660
28124.2949
28124.4258
28124.5566
28124.6934
28124.8320
28124.9688
28125.1074
28125.2500
28125.3926
28125.5332
28125.6738
28125.8164
28125.9609
28126.1016
28126.2480
28126.3984
28126.5430
28126.6953
28126.8516
28127.0059
28127.1621
28127.3184
28127.4707
28127.6250
28127.7754
28127.9258
28128.0762
28128.2207
28128.3691
28128.5137
28128.6562
28128.7969
28128.9316
28129.0664
28129.2012
28129.3320
28129.4648
28129.5957
28129.7266
28129.8555
28129.9844
28130.1113
28130.2363
28130.3574
28130.4785
28130.5996
28130.7227
28130.8418
28130.9668
28131.0898
28131.2148
28131.3379
28131.4629
28131.5898
28131.7168
28131.8496
28131.9844
28132.1191
28132.2559
28132.3887
28132.5234
28132.6582
28132.7930
28132.9297
28133.0684
28133.2090
28133.3555
28133.5059
28133.6504
28133.7910
28133.9316
28134.0684
28134.1992
28134.3242
28134.4453
28134.5625
28134.6680
28134.7754
28134.8809
28134.9766
28135.0742
28135.1660
28135.2559
28135.3535
28135.4512
28135.5488
28135.6484
28135.7461
28135.8535
28135.9551
28136.0664
28136.1836
28136.3008
28136.4219
28136.5508
28136.6816
28136.8145
28136.9512
28137.0938
28137.2363
28137.3809
28137.5234
28137.6660
28137.8086
28137.9512
28138.0938
28138.2344
28138.3711
28138.5059
28138.6387
28138.7715
28138.9004
28139.0293
28139.1562
28139.2773
28139.3984
28139.5176
28139.6328
28139.7500
28139.8613
28139.9668
28140.0684
28140.1641
28140.2578
28140.3477
28140.4336
28140.5137
28140.5938
28140.6719
28140.7539
28140.8438
28140.9395
28141.0410
28141.1465
28141.2578
28141.3770
28141.4961
28141.6211
28141.7500
28141.8730
28141.9980
28142.1250
28142.2559
28142.3906
28142.5234
28142.6504
28142.7793
28142.9082
28143.0352
28143.1562
28143.2715
28143.3770
28143.4707
28143.5605
28143.6426
28143.7109
28143.7695
28143.8242
28143.8711
28143.9082
28143.9414
28143.9668
28143.9883
28144.0059
28144.0195
28144.0293
28144.0371
28144.0430
28144.0488
28144.0508
28144.0508
28144.0527
28144.0527
28144.0508
28144.0527
28144.0566
28144.0605
28144.0664
28144.0703
28144.0742
28144.0781
28144.0820
28144.0898
28144.0938
28144.0977
28144.1016
28144.1035
28144.1094
28144.1094
28144.1113
28144.1074
28144.1016
28144.0938
28144.0840
28144.0742
28144.0625
28144.0488
28144.0352
28144.0215
28144.0098
28143.9961
28143.9824
28143.9688
28143.9551
28143.9395
28143.9199
28143.9062
28143.8906
28143.8730
28143.8555
28143.8398
28143.8262
28143.8184
28143.8184
28143.8262
28143.8418
28143.8691
28143.9082
28143.9531
28144.0059
28144.0645
28144.1289
28144.1973
28144.2715
28144.3516
28144.4355
28144.5234
28144.6113
28144.7012
28144.7949
28144.8906
28144.9902
28145.0859
28145.1836
28145.2754
28145.3613
28145.4395
28145.5098
28145.5684
28145.6191
28145.6641
28145.7051
28145.7402
28145.7715
28145.7988
28145.8223
28145.8418
28145.8574
28145.8691
28145.8730
28145.8633
28145.8477
28145.8262
28145.7891
28145.7422
28145.6914
28145.6387
28145.5879
28145.5332
28145.4746
28145.4180
28145.3633
28145.3105
28145.2559
28145.1992
28145.1426
28145.0859
28145.0273
28144.9688
28144.9141
28144.8594
28144.8047
28144.7539
28144.6992
28144.6406
28144.5781
28144.5098
28144.4316
28144.3457
28144.2500
28144.1504
28144.0430
28143.9297
28143.8164
28143.6973
28143.5781
28143.4609
28143.3438
28143.2266
28143.1074
28142.9902
28142.8691
28142.7461
28142.6211
28142.4961
28142.3730
28142.2520
28142.1328
28142.0215
28141.9141
28141.8105
28141.7109
28141.6152
28141.5195
28141.4238
28141.3301
28141.2422
28141.1562
28141.0703
28140.9863
28140.9141
28140.8516
28140.7949
28140.7480
28140.7168
28140.6973
28140.6855
28140.6816
28140.6719
28140.6699
28140.6680
28140.6621
28140.6504
28140.6309
28140.6055
28140.5781
28140.5566
28140.5371
28140.5273
28140.5234
28140.5293
28140.5527
28140.5820
28140.6113
28140.6445
28140.6738
28140.6914
28140.7090
28140.7227
28140.7383
28140.7500
28140.7539
28140.7578
28140.7578
28140.7539
28140.7500
28140.7422
28140.7344
28140.7168
28140.6992
28140.6797
28140.6621
28140.6465
28140.6309
28140.6172
28140.6035
28140.5879
28140.5781
28140.5762
28140.5820
28140.6016
28140.6250
28140.6543
28140.6875
28140.7266
28140.7695
28140.8164
28140.8633
28140.9141
28140.9648
28141.0117
28141.0566
28141.1016
28141.1445
28141.1816
28141.2129
28141.2383
28141.2578
28141.2676
28141.2754
28141.2812
28141.2852
28141.2871
28141.2852
28141.2910
28141.2988
28141.3047
28141.3066
28141.3008
28141.2793
28141.2402
28141.1855
28141.1074
28141.0137
28140.9180
28140.8164
28140.7148
28140.6191
28140.5254
28140.4297
28140.3301
28140.2305
28140.1387
28140.0449
28139.9512
28139.8535
28139.7559
28139.6582
28139.5625
28139.4707
28139.3789
28139.2930
28139.1992
28139.0996
28138.9980
28138.8906
28138.7832
28138.6758
28138.5586
28138.4316
28138.2891
28138.1309
28137.9688
28137.8008
28137.6328
28137.4668
28137.3047
28137.1406
28136.9746
28136.8008
28136.6191
28136.4336
28136.2480
28136.0605
28135.8730
28135.6836
28135.4961
28135.3125
28135.1289
28134.9531
28134.7832
28134.6133
28134.4434
28134.2773
28134.1152
28133.9512
28133.7871
28133.6211
28133.4551
28133.2891
28133.1289
28132.9785
28132.8301
28132.6953
28132.5664
28132.4453
28132.3301
28132.2266
28132.1289
28132.0410
28131.9609
28131.8965
28131.8438
28131.7969
28131.7617
28131.7324
28131.7031
28131.6777
28131.6484
28131.6152
28131.5801
28131.5430
28131.5020
28131.4668
28131.4375
28131.4102
28131.3867
28131.3730
28131.3691
28131.3711
28131.3809
28131.4004
28131.4238
28131.4473
28131.4629
28131.4785
28131.4863
28131.4844
28131.4766
28131.4668
28131.4590
28131.4570
28131.4609
28131.4668
28131.4766
28131.4902
28131.5078
28131.5234
28131.5410
28131.5586
28131.5762
28131.5898
28131.6055
28131.6230
28131.6484
28131.6777
28131.7109
28131.7520
28131.7988
28131.8496
28131.9082
28131.9707
28132.0352
28132.0996
28132.1562
28132.2051
28132.2383
28132.2559
28132.2598
28132.2500
28132.2285
28132.1992
28132.1680
28132.1328
28132.0957
28132.0566
28132.0215
28131.9863
28131.9551
28131.9238
28131.8926
28131.8633
28131.8301
28131.7988
28131.7637
28131.7266
28131.6934
28131.6602
28131.6270
28131.5977
28131.5703
28131.5508
28131.5332
28131.5215
28131.5156
28131.5215
28131.5332
28131.5527
28131.5840
28131.6250
28131.2891
28130.9590
28130.6348
28130.3145
28129.9922
28129.6641
28129.3262
28128.9863
28128.6426
28128.2969
28127.9512
28127.6055
28127.2656
28126.9297
28126.5957
28126.2617
28125.9277
28125.5898
28125.2480
28124.9004
28124.5469
28124.1855
28123.8184
28123.4492
28123.0762
28122.7090
28122.3516
28122.0039
28121.6699
28121.3477
