   -1.5024
   -1.5989
   -1.6984
   -1.7977
   -1.9082
   -2.0281
   -2.1483
   -2.2795
   -2.4058
   -2.5319
   -2.6564
   -2.7761
   -2.9002
   -3.0311
   -3.1666
   -3.2910
   -3.4124
   -3.5304
   -3.6514
   -3.7740
   -3.9169
   -4.0536
   -4.1743
   -4.2949
   -4.3966
   -4.5047
   -4.6163
   -4.7377
   -4.8732
   -5.0119
   -5.1602
   -5.2953
   -5.4232
   -5.5510
   -5.6804
   -5.8131
   -5.9409
   -6.0683
   -6.1930
   -6.3240
   -6.4529
   -6.5896
   -6.7242
   -6.8561
   -6.9845
   -7.1127
   -7.2453
   -7.3791
   -7.5037
   -7.6329
   -7.7625
   -7.8969
   -8.0296
   -8.1782
   -8.3234
   -8.4795
   -8.6402
   -8.7931
   -8.9569
   -9.1238
   -9.2957
   -9.4761
   -9.6565
   -9.8369
  -10.0161
  -10.1842
  -10.3490
  -10.5057
  -10.6579
  -10.8084
  -10.9527
  -11.1004
  -11.2494
  -11.4002
  -11.5554
  -11.7080
  -11.8539
  -12.0009
  -12.1467
  -12.2799
  -12.4163
  -12.5512
  -12.6768
  -12.8150
  -12.9549
  -13.0930
  -13.2377
  -13.3822
  -13.5244
  -13.6619
  -13.8009
  -13.9275
  -14.0576
  -14.1862
  -14.3053
  -14.4215
  -14.5422
  -14.6582
  -14.7728
  -14.8869
  -14.9897
  -15.0912
  -15.1799
  -15.2669
  -15.3381
  -15.4217
  -15.5008
  -15.5724
  -15.6395
  -15.7031
  -15.7496
  -15.8002
  -15.8429
  -15.8902
  -15.9296
  -15.9755
  -16.0167
  -16.0584
  -16.1048
  -16.1483
  -16.1887
  -16.2258
  -16.2563
  -16.2790
  -16.3002
  -16.3241
  -16.3547
  -16.3757
  -16.3980
  -16.4206
  -16.4463
  -16.4672
  -16.4849
  -16.5076
  -16.5273
  -16.5376
  -16.5488
  -16.5653
  -16.5816
  -16.5868
  -16.5824
  -16.5780
  -16.5503
  -16.5273
  -16.5012
  -16.4613
  -16.4309
  -16.3890
  -16.3422
  -16.2910
  -16.2319
  -16.1666
  -16.0996
  -16.0261
  -15.9496
  -15.8732
  -15.7963
  -15.7165
  -15.6367
  -15.5585
  -15.4806
  -15.3997
  -15.3141
  -15.2255
  -15.1322
  -15.0482
  -14.9502
  -14.8508
  -14.7594
  -14.6693
  -14.5902
  -14.5252
  -14.4590
  -14.3928
  -14.3095
  -14.2231
  -14.1259
  -14.0269
  -13.9248
  -13.8179
  -13.7081
  -13.5970
  -13.4857
  -13.3823
  -13.2788
  -13.1704
  -13.0635
  -12.9534
  -12.8467
  -12.7374
  -12.6215
  -12.5027
  -12.3902
  -12.2747
  -12.1574
  -12.0388
  -11.9233
  -11.8066
  -11.6822
  -11.5501
  -11.4353
  -11.3394
  -11.2452
  -11.1630
  -11.0822
  -10.9890
  -10.9040
  -10.8260
  -10.7465
  -10.6709
  -10.6012
  -10.5349
  -10.4698
  -10.4040
  -10.3438
  -10.2858
  -10.2296
  -10.1700
  -10.1059
  -10.0387
   -9.9726
   -9.9003
   -9.8259
   -9.7468
   -9.6677
   -9.5841
   -9.5001
   -9.4139
   -9.3285
   -9.2419
   -9.1521
   -9.0612
   -8.9574
   -8.8618
   -8.7648
   -8.6822
   -8.6043
   -8.5282
   -8.4508
   -8.3780
   -8.3052
   -8.2326
   -8.1610
   -8.0835
   -8.0090
   -7.9285
   -7.8545
   -7.7776
   -7.7039
   -7.6376
   -7.5729
   -7.5188
   -7.4583
   -7.4034
   -7.3531
   -7.2998
   -7.2478
   -7.1935
   -7.1441
   -7.1048
   -7.0739
   -7.0317
   -6.9926
   -6.9484
   -6.9046
   -6.8604
   -6.8252
   -6.7895
   -6.7501
   -6.7140
   -6.6742
   -6.6285
   -6.5827
   -6.5398
   -6.4996
   -6.4550
   -6.4043
   -6.3543
   -6.3068
   -6.2633
   -6.2268
   -6.1857
   -6.1511
   -6.1184
   -6.0811
   -6.0437
   -6.0078
   -5.9693
   -5.9316
   -5.8915
   -5.8462
   -5.7996
   -5.7525
   -5.7137
   -5.6605
   -5.6119
   -5.5551
   -5.4921
   -5.4367
   -5.3856
   -5.3392
   -5.2974
   -5.2618
   -5.2263
   -5.1956
   -5.1633
   -5.1418
   -5.1184
   -5.0897
   -5.0526
   -4.9980
   -4.9341
   -4.8532
   -4.7881
   -4.7111
   -4.6342
   -4.5571
   -4.4783
   -4.3925
   -4.3003
   -4.2009
   -4.0995
   -4.0063
   -3.9162
   -3.8376
   -3.7618
   -3.6896
   -3.6175
   -3.5504
   -3.4814
   -3.4125
   -3.3478
   -3.2884
   -3.2330
   -3.1848
   -3.1467
   -3.1153
   -3.0954
   -3.0786
   -3.0629
   -3.0419
   -3.0190
   -2.9952
   -2.9662
   -2.9370
   -2.9096
   -2.8880
   -2.8691
   -2.8611
   -2.8580
   -2.8569
   -2.8581
   -2.8665
   -2.8766
   -2.8850
   -2.8934
   -2.9050
   -2.9186
   -2.9368
   -2.9507
   -2.9635
   -2.9702
   -2.9708
   -2.9650
   -2.9593
   -2.9549
   -2.9441
   -2.9305
   -2.9154
   -2.9085
   -2.9111
   -2.9247
   -2.9506
   -2.9886
   -3.0205
   -3.0588
   -3.0991
   -3.1424
   -3.1843
   -3.2372
   -3.2915
   -3.3506
   -3.4096
   -3.4669
   -3.5148
   -3.5550
   -3.5922
   -3.6324
   -3.6728
   -3.7114
   -3.7503
   -3.7890
   -3.8296
   -3.8716
   -3.9110
   -3.9454
   -3.9771
   -4.0038
   -4.0247
   -4.0505
   -4.0779
   -4.1139
   -4.1543
   -4.2020
   -4.2579
   -4.3189
   -4.3842
   -4.4451
   -4.5047
   -4.5534
   -4.5987
   -4.6404
   -4.6859
   -4.7254
   -4.7647
   -4.8026
   -4.8389
   -4.8689
   -4.8972
   -4.9193
   -4.9407
   -4.9557
   -4.9610
   -4.9634
   -4.9567
   -4.9487
   -4.9318
   -4.9104
   -4.8848
   -4.8547
   -4.8217
   -4.7799
   -4.7378
   -4.6961
   -4.6527
   -4.6029
   -4.5513
   -4.4943
   -4.4327
   -4.3681
   -4.2970
   -4.2303
   -4.1588
   -4.0844
   -4.0086
   -3.9375
   -3.8664
   -3.7935
   -3.7176
   -3.6432
   -3.5672
   -3.4929
   -3.4175
   -3.3406
   -3.2602
   -3.1768
   -3.0964
   -3.0113
   -2.9262
   -2.8412
   -2.7515
   -2.6650
   -2.5740
   -2.4816
   -2.3862
   -2.2874
   -2.1903
   -2.0917
   -1.9962
   -1.9023
   -1.8139
   -1.7260
   -1.6416
   -1.5536
   -1.4710
   -1.3883
   -1.3068
   -1.2320
   -1.1627
   -1.0938
   -1.0321
   -0.9722
   -0.9185
   -0.8709
   -0.8294
   -0.8013
   -0.7758
   -0.7579
   -0.7430
   -0.7337
   -0.7294
   -0.7249
   -0.7281
   -0.7331
   -0.7367
   -0.7404
   -0.7490
   -0.7595
   -0.7733
   -0.7872
   -0.8027
   -0.8219
   -0.8335
   -0.8438
   -0.8540
   -0.8626
   -0.8697
   -0.8785
   -0.8889
   -0.8992
   -0.9064
   -0.9106
   -0.9147
   -0.9189
   -0.9225
   -0.9280
   -0.9303
   -0.9313
   -0.9321
   -0.9314
   -0.9351
   -0.9374
   -0.9395
   -0.9400
   -0.9405
   -0.9424
   -0.9459
   -0.9464
   -0.9468
   -0.9509
   -0.9529
   -0.9546
   -0.9600
   -0.9648
   -0.9718
   -0.9741
   -0.9747
   -0.9770
   -0.9804
   -0.9814
   -0.9834
   -0.9802
   -0.9737
   -0.9638
   -0.9526
   -0.9393
   -0.9249
   -0.9040
   -0.8835
   -0.8628
   -0.8392
   -0.8119
   -0.7854
   -0.7555
   -0.7226
   -0.6874
   -0.6521
   -0.6168
   -0.5843
   -0.5502
   -0.5174
   -0.4875
   -0.4575
   -0.4325
   -0.4152
   -0.3998
   -0.3828
   -0.3688
   -0.3514
   -0.3337
   -0.3130
   -0.2886
   -0.2670
   -0.2470
   -0.2250
   -0.2033
   -0.1784
   -0.1597
   -0.1392
   -0.1205
   -0.0988
   -0.0725
   -0.0495
   -0.0208
    0.0032
    0.0318
    0.0633
    0.0948
    0.1312
    0.1691
    0.2197
    0.2651
    0.3167
    0.3757
    0.4346
    0.4997
    0.5637
    0.6320
    0.7064
    0.7883
    0.8730
    0.9639
    1.0524
    1.1424
    1.2272
    1.3124
    1.3892
    1.4614
    1.5265
    1.5951
    1.6555
    1.7174
    1.7748
    1.8390
    1.8992
    1.9609
    2.0217
    2.0827
    2.1407
    2.2000
    2.2609
    2.3201
    2.3822
    2.4399
    2.5038
    2.5666
    2.6281
    2.6897
    2.7563
    2.8209
    2.8852
    2.9463
    3.0043
    3.0572
    3.1100
    3.1581
    3.2060
    3.2537
    3.3046
    3.3551
    3.4056
    3.4548
    3.5034
    3.5588
    3.6122
    3.6660
    3.7122
    3.7567
    3.7980
    3.8363
    3.8787
    3.9120
    3.9545
    3.9927
    4.0277
    4.0660
    4.0892
    4.1168
    4.1399
    4.1587
    4.1732
    4.1801
    4.1869
    4.1967
    4.2002
    4.2072
    4.2107
    4.2252
    4.2442
    4.2621
    4.2750
    4.2957
    4.3151
    4.3357
    4.3546
    4.3789
    4.4047
    4.4308
    4.4519
    4.4778
    4.5050
    4.5325
    4.5648
    4.5938
    4.6257
    4.6502
    4.6816
    4.7131
    4.7384
    4.7650
    4.7903
    4.8215
    4.8455
    4.8730
    4.9086
    4.9396
    4.9692
    5.0037
    5.0305
    5.0616
    5.0841
    5.1098
    5.1306
    5.1488
    5.1621
    5.1758
    5.1939
    5.2155
    5.2372
    5.2624
    5.2895
    5.3106
    5.3287
    5.3473
    5.3642
    5.3831
    5.3999
    5.4261
    5.4429
    5.4627
    5.4841
    5.5037
    5.5296
    5.5493
    5.5676
    5.5903
    5.6093
    5.6335
    5.6517
    5.6729
    5.6944
    5.7205
    5.7484
    5.7729
    5.8008
    5.8241
    5.8383
    5.8509
    5.8624
    5.8785
    5.8912
    5.9014
    5.9082
    5.9134
    5.9194
    5.9250
    5.9340
    5.9408
    5.9501
    5.9623
    5.9733
    5.9858
    5.9928
    6.0056
    6.0114
    6.0127
    6.0218
    6.0324
    6.0369
    6.0493
    6.0588
    6.0702
    6.0825
    6.1062
    6.1299
    6.1571
    6.1810
    6.2035
    6.2302
    6.2541
    6.2792
    6.3086
    6.3394
    6.3796
    6.4118
    6.4516
    6.4868
    6.5178
    6.5445
    6.5786
    6.6085
    6.6377
    6.6655
    6.6901
    6.7124
    6.7359
    6.7597
    6.7837
    6.8090
    6.8398
    6.8712
    6.9008
    6.9292
    6.9480
    6.9781
    7.0077
    7.0372
    7.0820
    7.1195
    7.1732
    7.2248
    7.2743
    7.3240
    7.3736
    7.4230
    7.4705
    7.5186
    7.5716
    7.6293
    7.6841
    7.7400
    7.7959
    7.8454
    7.8989
    7.9555
    8.0197
    8.0873
    8.1492
    8.2134
    8.2830
    8.3465
    8.4135
    8.4883
    8.5558
    8.6106
    8.6716
    8.7339
    8.7994
    8.8605
    8.9200
    8.9842
    9.0505
    9.1013
    9.1511
    9.1946
    9.2393
    9.2869
    9.3372
    9.3829
    9.4389
    9.4881
    9.5382
    9.5806
    9.6247
    9.6696
    9.7216
    9.7636
    9.8061
    9.8547
    9.9005
    9.9467
    9.9888
   10.0331
   10.0687
   10.1057
   10.1221
   10.1388
   10.1501
   10.1553
   10.1681
   10.1630
   10.1616
   10.1666
   10.1761
   10.1799
   10.1902
   10.2287
   10.2697
   10.2836
   10.2909
   10.3003
   10.3097
   10.3172
   10.3304
   10.3420
   10.3523
   10.3579
   10.3659
   10.3885
   10.4159
   10.4439
   10.4801
   10.5144
   10.5577
   10.6147
   10.6837
   10.7572
   10.8213
   10.8826
   10.9466
   11.0075
   11.0606
   11.1160
   11.1834
   11.2448
   11.3080
   11.3651
   11.4072
   11.4449
   11.4861
   11.5133
   11.5373
   11.5630
   11.5954
   11.6288
   11.6537
   11.6620
   11.6774
   11.6908
   11.7072
   11.7153
   11.7199
   11.7236
   11.7339
   11.7446
   11.7659
   11.7955
   11.8297
   11.8717
   11.9067
   11.9343
   11.9722
   12.0104
   12.0424
   12.0704
   12.1022
   12.1340
   12.1476
   12.1604
   12.1917
   12.2124
   12.2296
   12.2403
   12.2554
   12.2724
   12.2910
   12.3062
   12.3246
   12.3444
   12.3474
   12.3611
   12.3673
   12.3723
   12.3814
   12.3806
   12.3694
   12.3517
   12.3191
   12.2876
   12.2635
   12.2397
   12.2064
   12.1840
   12.1619
   12.1291
   12.1043
   12.0791
   12.0709
   12.0762
   12.0953
   12.1187
   12.1522
   12.1921
   12.2272
   12.2608
   12.2936
   12.3427
   12.4100
   12.4790
   12.5525
   12.6183
   12.6875
   12.7601
   12.8341
   12.9023
   12.9751
   13.0436
   13.1191
   13.1963
   13.2747
   13.3688
   13.4669
   13.5656
   13.6504
   13.7443
   13.8497
   13.9536
   14.0583
   14.1572
   14.2512
   14.3644
   14.4895
   14.6177
   14.7501
   14.8858
   15.0086
   15.1222
   15.2375
   15.3450
   15.4594
   15.5747
   15.6783
   15.7908
   15.8996
   16.0039
   16.1152
   16.2238
   16.3359
   16.4538
   16.5776
   16.6915
   16.8026
   16.9195
   17.0304
   17.1426
   17.2609
   17.3756
   17.4907
   17.5964
   17.6994
   17.7927
   17.8865
   17.9787
   18.0810
   18.1759
   18.2680
   18.3642
   18.4580
   18.5441
   18.6291
   18.6991
   18.7697
   18.8445
   18.9214
   18.9993
   19.0714
   19.1429
   19.2102
   19.2765
   19.3334
   19.3853
   19.4302
   19.4636
   19.4795
   19.5008
   19.5174
   19.5302
   19.5492
   19.5690
   19.5861
   19.6016
   19.5987
   19.5886
   19.5722
   19.5635
   19.5541
   19.5524
   19.5626
   19.5772
   19.5949
   19.6027
   19.6164
   19.6181
   19.6139
   19.6051
   19.5939
   19.5704
   19.5470
   19.5189
   19.4938
   19.4715
   19.4470
   19.4271
   19.4132
   19.4038
   19.3798
   19.3557
   19.3376
   19.3181
   19.2942
   19.2507
   19.1946
   19.1374
   19.0841
   19.0230
   18.9781
   18.9426
   18.9112
   18.8723
   18.8435
   18.7992
   18.7549
   18.7315
   18.7050
   18.6741
   18.6481
   18.6284
   18.6026
   18.5672
   18.5230
   18.4804
   18.4359
   18.3823
   18.3183
   18.2541
   18.1990
   18.1303
   18.0588
   17.9731
   17.8868
   17.7985
   17.7077
   17.6299
   17.5521
   17.4626
   17.3619
   17.2501
   17.1413
   17.0142
   16.8799
   16.7379
   16.5897
   16.4307
   16.2686
   16.1092
   15.9531
   15.8040
   15.6574
   15.5100
   15.3598
   15.2121
   15.0596
   14.9069
   14.7572
   14.5957
   14.4309
   14.2671
   14.1109
   13.9445
   13.7890
   13.6333
   13.4912
   13.3674
   13.2368
   13.0981
   12.9684
   12.8371
   12.6927
   12.5384
   12.3788
   12.2106
   12.0527
   11.8979
   11.7221
   11.5440
   11.3637
   11.1712
   10.9741
   10.7891
   10.6194
   10.4522
   10.2762
   10.1119
    9.9531
    9.8119
    9.6817
    9.5442
    9.4159
    9.2844
    9.1654
    9.0374
    8.9089
    8.7848
    8.6379
    8.5050
    8.3894
    8.2844
    8.1785
    8.0727
    7.9775
    7.8786
    7.7888
    7.7035
    7.6268
    7.5618
    7.4893
    7.4191
    7.3424
    7.2718
    7.2073
    7.1454
    7.0766
    7.0062
    6.9441
    6.8800
    6.8307
    6.7870
    6.7495
    6.7085
    6.6725
    6.6291
    6.5846
    6.5400
    6.4806
    6.4133
    6.3397
    6.2422
    6.1337
    6.0363
    5.9257
    5.8274
    5.7288
    5.6380
    5.5485
    5.4527
    5.3604
    5.2678
    5.1774
    5.0967
    5.0058
    4.9135
    4.8300
    4.7555
    4.6714
    4.5839
    4.5026
    4.4204
    4.3372
    4.2506
    4.1627
    4.0756
    3.9862
    3.8997
    3.8106
    3.7353
    3.6499
    3.5597
    3.4577
    3.3679
    3.2687
    3.1610
    3.0549
    2.9506
    2.8447
    2.7366
    2.6238
    2.5089
    2.3936
    2.2694
    2.1387
    2.0079
    1.8696
    1.7426
    1.6152
    1.4883
    1.3627
    1.2383
    1.1094
    0.9866
    0.8617
    0.7421
    0.6257
    0.5187
    0.4131
    0.3156
    0.2222
    0.1372
    0.0589
   -0.0149
   -0.1004
   -0.1658
   -0.2321
   -0.2896
   -0.3490
   -0.4055
   -0.4583
   -0.5155
   -0.5737
   -0.6235
   -0.6720
   -0.7057
   -0.7386
   -0.7728
   -0.8040
   -0.8336
   -0.8580
   -0.8831
   -0.9078
   -0.9290
   -0.9510
   -0.9755
   -1.0145
   -1.0474
   -1.0920
   -1.1248
   -1.1549
   -1.1804
   -1.1996
   -1.2153
   -1.2371
   -1.2602
   -1.2720
   -1.2854
   -1.3022
   -1.3303
   -1.3528
   -1.3742
   -1.3911
   -1.4102
   -1.4273
   -1.4494
   -1.4737
   -1.4885
   -1.5161
   -1.5367
   -1.5630
   -1.5905
   -1.6178
   -1.6413
   -1.6727
   -1.7029
   -1.7326
   -1.7642
   -1.8034
   -1.8426
   -1.8822
   -1.9054
   -1.9314
   -1.9499
   -1.9544
   -1.9519
   -1.9519
   -1.9500
   -1.9588
   -1.9714
   -1.9862
   -1.9939
   -2.0037
   -2.0111
   -2.0178
   -2.0278
   -2.0461
   -2.0641
   -2.0860
   -2.1072
   -2.1268
   -2.1478
   -2.1696
   -2.1892
   -2.2050
   -2.2136
   -2.2144
   -2.1951
   -2.1831
   -2.1535
   -2.1324
   -2.1136
   -2.0978
   -2.0787
   -2.0589
   -2.0376
   -2.0027
   -1.9732
   -1.9381
   -1.9045
   -1.8633
   -1.8205
   -1.7781
   -1.7294
   -1.6809
   -1.6247
   -1.5550
   -1.4798
   -1.3972
   -1.3101
   -1.2327
   -1.1512
   -1.0777
   -1.0080
   -0.9447
   -0.8693
   -0.7965
   -0.7308
   -0.6654
   -0.5961
   -0.5328
   -0.4633
   -0.4027
   -0.3410
   -0.2830
   -0.2394
   -0.1943
   -0.1470
   -0.1052
   -0.0722
   -0.0400
   -0.0073
    0.0234
    0.0656
    0.1151
    0.1556
    0.1838
    0.2086
    0.2234
    0.2408
    0.2567
    0.2778
    0.3022
    0.3331
    0.3611
    0.3759
    0.3788
    0.3734
    0.3625
    0.3595
    0.3438
    0.3299
    0.3119
    0.2895
    0.2491
    0.2042
    0.1467
    0.0776
    0.0070
   -0.0691
   -0.1412
   -0.2113
   -0.2881
   -0.3650
   -0.4444
   -0.5190
   -0.6028
   -0.6848
   -0.7746
   -0.8703
   -0.9634
   -1.0573
   -1.1444
   -1.2267
   -1.3088
