   -9.8086
   -9.5628
   -9.3167
   -9.0852
   -8.8559
   -8.6289
   -8.3995
   -8.1631
   -7.9282
   -7.6867
   -7.4414
   -7.1948
   -6.9510
   -6.7019
   -6.4506
   -6.2056
   -5.9597
   -5.7199
   -5.4808
   -5.2405
   -4.9989
   -4.7536
   -4.5116
   -4.2735
   -4.0355
   -3.8062
   -3.5737
   -3.3356
   -3.1030
   -2.8596
   -2.6163
   -2.6077
   -2.5986
   -2.5874
   -2.5717
   -2.5623
   -2.5505
   -2.5327
   -2.5091
   -2.4811
   -2.4547
   -2.4239
   -2.3958
   -2.3691
   -2.3459
   -2.3252
   -2.3035
   -2.2722
   -2.2444
   -2.2158
   -2.1826
   -2.1574
   -2.1356
   -2.1199
   -2.1174
   -2.1179
   -2.1233
   -2.1353
   -2.1516
   -2.1738
   -2.2012
   -2.2314
   -2.2592
   -2.2888
   -2.3068
   -2.3162
   -2.3314
   -2.3540
   -2.3796
   -2.4118
   -2.4502
   -2.4950
   -2.5441
   -2.5995
   -2.6510
   -2.7046
   -2.7529
   -2.8026
   -2.8522
   -2.9006
   -2.9492
   -2.9982
   -3.0472
   -3.0975
   -3.1460
   -3.1967
   -3.2428
   -3.2844
   -3.3293
   -3.3815
   -3.4339
   -3.4921
   -3.5480
   -3.6095
   -3.6727
   -3.7364
   -3.7990
   -3.8599
   -3.9204
   -3.9862
   -4.0506
   -4.1117
   -4.1753
   -4.2356
   -4.2904
   -4.3414
   -4.3873
   -4.4361
   -4.4974
   -4.5558
   -4.6216
   -4.6928
   -4.7692
   -4.8369
   -4.9027
   -4.9587
   -5.0093
   -5.0638
   -5.1070
   -5.1460
   -5.1777
   -5.2021
   -5.2224
   -5.2453
   -5.2636
   -5.2871
   -5.3201
   -5.3475
   -5.3732
   -5.4020
   -5.4333
   -5.4650
   -5.4901
   -5.5109
   -5.5213
   -5.5331
   -5.5396
   -5.5491
   -5.5575
   -5.5662
   -5.5719
   -5.5778
   -5.5779
   -5.5801
   -5.5751
   -5.5671
   -5.5527
   -5.5342
   -5.5212
   -5.5004
   -5.4722
   -5.4435
   -5.4089
   -5.3763
   -5.3438
   -5.3080
   -5.2760
   -5.2462
   -5.2168
   -5.1843
   -5.1462
   -5.1199
   -5.0897
   -5.0629
   -5.0325
   -5.0031
   -4.9659
   -4.9406
   -4.9032
   -4.8557
   -4.8075
   -4.7498
   -4.6931
   -4.6222
   -4.5552
   -4.4820
   -4.4075
   -4.3319
   -4.2492
   -4.1743
   -4.0992
   -4.0268
   -3.9580
   -3.8881
   -3.8223
   -3.7582
   -3.6948
   -3.6250
   -3.5579
   -3.4898
   -3.4233
   -3.3509
   -3.2805
   -3.2155
   -3.1533
   -3.0969
   -3.0415
   -2.9928
   -2.9439
   -2.8958
   -2.8480
   -2.8049
   -2.7597
   -2.7137
   -2.6675
   -2.6259
   -2.5797
   -2.5397
   -2.5019
   -2.4618
   -2.4253
   -2.3908
   -2.3559
   -2.3238
   -2.2951
   -2.2617
   -2.2331
   -2.2023
   -2.1698
   -2.1370
   -2.1090
   -2.0811
   -2.0455
   -2.0117
   -1.9758
   -1.9431
   -1.9092
   -1.8772
   -1.8374
   -1.8068
   -1.7806
   -1.7518
   -1.7337
   -1.7101
   -1.6922
   -1.6760
   -1.6620
   -1.6533
   -1.6488
   -1.6447
   -1.6410
   -1.6391
   -1.6384
   -1.6417
   -1.6457
   -1.6446
   -1.6419
   -1.6398
   -1.6388
   -1.6320
   -1.6201
   -1.6080
   -1.6002
   -1.5887
   -1.5725
   -1.5515
   -1.5266
   -1.4989
   -1.4673
   -1.4394
   -1.4087
   -1.3804
   -1.3526
   -1.3298
   -1.3133
   -1.2937
   -1.2738
   -1.2594
   -1.2406
   -1.2243
   -1.2093
   -1.1963
   -1.1835
   -1.1789
   -1.1792
   -1.1797
   -1.1819
   -1.1842
   -1.1914
   -1.1945
   -1.1963
   -1.1982
   -1.2032
   -1.2084
   -1.2161
   -1.2228
   -1.2297
   -1.2370
   -1.2478
   -1.2574
   -1.2624
   -1.2657
   -1.2721
   -1.2748
   -1.2804
   -1.2864
   -1.2932
   -1.3060
   -1.3188
   -1.3264
   -1.3344
   -1.3364
   -1.3354
   -1.3306
   -1.3178
   -1.3054
   -1.2914
   -1.2794
   -1.2658
   -1.2504
   -1.2351
   -1.2212
   -1.2090
   -1.1985
   -1.1985
   -1.2059
   -1.2215
   -1.2385
   -1.2609
   -1.2845
   -1.3026
   -1.3206
   -1.3387
   -1.3534
   -1.3684
   -1.3789
   -1.3934
   -1.4093
   -1.4231
   -1.4397
   -1.4554
   -1.4682
   -1.4804
   -1.4880
   -1.4885
   -1.4825
   -1.4753
   -1.4640
   -1.4508
   -1.4337
   -1.4205
   -1.4100
   -1.3993
   -1.3885
   -1.3762
   -1.3660
   -1.3546
   -1.3431
   -1.3333
   -1.3241
   -1.3152
   -1.3063
   -1.2991
   -1.2914
   -1.2832
   -1.2733
   -1.2628
   -1.2521
   -1.2406
   -1.2278
   -1.2198
   -1.2193
   -1.2220
   -1.2287
   -1.2408
   -1.2585
   -1.2718
   -1.2817
   -1.2841
   -1.2824
   -1.2813
   -1.2829
   -1.2863
   -1.2880
   -1.2895
   -1.2836
   -1.2764
   -1.2654
   -1.2568
   -1.2436
   -1.2301
   -1.2190
   -1.2108
   -1.2007
   -1.1907
   -1.1794
   -1.1664
   -1.1511
   -1.1343
   -1.1162
   -1.0954
   -1.0706
   -1.0490
   -1.0272
   -1.0081
   -0.9937
   -0.9818
   -0.9695
   -0.9586
   -0.9492
   -0.9399
   -0.9319
   -0.9246
   -0.9191
   -0.9121
   -0.9063
   -0.8977
   -0.8915
   -0.8831
   -0.8726
   -0.8614
   -0.8531
   -0.8477
   -0.8466
   -0.8491
   -0.8519
   -0.8564
   -0.8611
   -0.8630
   -0.8594
   -0.8544
   -0.8479
   -0.8341
   -0.8172
   -0.7991
   -0.7780
   -0.7599
   -0.7477
   -0.7412
   -0.7416
   -0.7460
   -0.7515
   -0.7559
   -0.7590
   -0.7582
   -0.7562
   -0.7544
   -0.7480
   -0.7374
   -0.7241
   -0.7125
   -0.7017
   -0.6912
   -0.6791
   -0.6674
   -0.6572
   -0.6458
   -0.6353
   -0.6253
   -0.6145
   -0.6079
   -0.6029
   -0.6006
   -0.5981
   -0.5957
   -0.5941
   -0.5886
   -0.5820
   -0.5736
   -0.5669
   -0.5599
   -0.5497
   -0.5364
   -0.5194
   -0.4969
   -0.4762
   -0.4549
   -0.4363
   -0.4167
   -0.3997
   -0.3837
   -0.3681
   -0.3476
   -0.3241
   -0.2984
   -0.2700
   -0.2421
   -0.2158
   -0.1924
   -0.1693
   -0.1488
   -0.1278
   -0.1083
   -0.0863
   -0.0661
   -0.0458
   -0.0245
   -0.0001
    0.0270
    0.0554
    0.0838
    0.1124
    0.1371
    0.1590
    0.1789
    0.1961
    0.2159
    0.2376
    0.2595
    0.2822
    0.3037
    0.3196
    0.3331
    0.3443
    0.3534
    0.3629
    0.3719
    0.3794
    0.3889
    0.4023
    0.4156
    0.4307
    0.4470
    0.4611
    0.4775
    0.4966
    0.5163
    0.5366
    0.5565
    0.5764
    0.5942
    0.6137
    0.6307
    0.6465
    0.6615
    0.6699
    0.6788
    0.6845
    0.6881
    0.6923
    0.6986
    0.7016
    0.7028
    0.7007
    0.6970
    0.6937
    0.6908
    0.6858
    0.6837
    0.6831
    0.6833
    0.6852
    0.6879
    0.6952
    0.6999
    0.7026
    0.7099
    0.7167
    0.7247
    0.7313
    0.7387
    0.7441
    0.7491
    0.7548
    0.7590
    0.7652
    0.7701
    0.7722
    0.7722
    0.7709
    0.7676
    0.7663
    0.7741
    0.7887
    0.8067
    0.8290
    0.8502
    0.8735
    0.8959
    0.9142
    0.9305
    0.9458
    0.9590
    0.9711
    0.9838
    0.9913
    0.9949
    0.9959
    0.9966
    0.9979
    1.0000
    1.0084
    1.0212
    1.0327
    1.0445
    1.0575
    1.0707
    1.0811
    1.0916
    1.1033
    1.1144
    1.1280
    1.1483
    1.1698
    1.1975
    1.2264
    1.2617
    1.2934
    1.3335
    1.3727
    1.4086
    1.4412
    1.4747
    1.5011
    1.5241
    1.5497
    1.5689
    1.5807
    1.5957
    1.6099
    1.6224
    1.6301
    1.6449
    1.6590
    1.6695
    1.6770
    1.6842
    1.6934
    1.7034
    1.7118
    1.7192
    1.7265
    1.7370
    1.7427
    1.7439
    1.7457
    1.7425
    1.7415
    1.7434
    1.7449
    1.7460
    1.7431
    1.7449
    1.7471
    1.7503
    1.7534
    1.7657
    1.7822
    1.8013
    1.8211
    1.8400
    1.8534
    1.8606
    1.8609
    1.8669
    1.8719
    1.8732
    1.8792
    1.8890
    1.9020
    1.9125
    1.9228
    1.9293
    1.9332
    1.9322
    1.9213
    1.9108
    1.8896
    1.8750
    1.8544
    1.8344
    1.8169
    1.8027
    1.7878
    1.7788
    1.7693
    1.7631
    1.7675
    1.7758
    1.7845
    1.7902
    1.7972
    1.8079
    1.8102
    1.8115
    1.8187
    1.8271
    1.8402
    1.8502
    1.8631
    1.8772
    1.8928
    1.9094
    1.9211
    1.9357
    1.9493
    1.9615
    1.9762
    1.9884
    1.9992
    2.0116
    2.0257
    2.0475
    2.0670
    2.0882
    2.1068
    2.1226
    2.1322
    2.1384
    2.1422
    2.1408
    2.1395
    2.1480
    2.1610
    2.1791
    2.1865
    2.1955
    2.2052
    2.2130
    2.2185
    2.2272
    2.2385
    2.2475
    2.2600
    2.2685
    2.2841
    2.3065
    2.3305
    2.3597
    2.3891
    2.4178
    2.4461
    2.4757
    2.5044
    2.5313
    2.5626
    2.5912
    2.6175
    2.6410
    2.6602
    2.6741
    2.6953
    2.7163
    2.7352
    2.7590
    2.7873
    2.8139
    2.8504
    2.8825
    2.9148
    2.9456
    2.9733
    3.0021
    3.0347
    3.0648
    3.0948
    3.1286
    3.1631
    3.2004
    3.2388
    3.2748
    3.3112
    3.3532
    3.3908
    3.4333
    3.4760
    3.5271
    3.5781
    3.6306
    3.6828
    3.7347
    3.7859
    3.8325
    3.8708
    3.9049
    3.9400
    3.9768
    4.0097
    4.0397
    4.0769
    4.1095
    4.1383
    4.1663
    4.1975
    4.2238
    4.2498
    4.2754
    4.2907
    4.2962
    4.3024
    4.3047
    4.3102
    4.3141
    4.3163
    4.3151
    4.3132
    4.3104
    4.3141
    4.3170
    4.3210
    4.3276
    4.3391
    4.3469
    4.3556
    4.3636
    4.3701
    4.3765
    4.3833
    4.3839
    4.3834
    4.3861
    4.3853
    4.3870
    4.3868
    4.3796
    4.3790
    4.3765
    4.3693
    4.3608
    4.3455
    4.3272
    4.3067
    4.2795
    4.2441
    4.2066
    4.1609
    4.1208
    4.0814
    4.0405
    4.0044
    3.9660
    3.9335
    3.9023
    3.8766
    3.8509
    3.8283
    3.8005
    3.7778
    3.7581
    3.7400
    3.7218
    3.7024
    3.6857
    3.6683
    3.6496
    3.6344
    3.6171
    3.6024
    3.5922
    3.5887
    3.5778
    3.5678
    3.5664
    3.5624
    3.5613
    3.5610
    3.5662
    3.5664
    3.5698
    3.5824
    3.5900
    3.5960
    3.6030
    3.6050
    3.6087
    3.6141
    3.6216
    3.6326
    3.6445
    3.6576
    3.6735
    3.6938
    3.7141
    3.7394
    3.7626
    3.7845
    3.7932
    3.8006
    3.8104
    3.8223
    3.8386
    3.8619
    3.8876
    3.9268
    3.9721
    4.0246
    4.0811
    4.1329
    4.1784
    4.2289
    4.2772
    4.3276
    4.3773
    4.4285
    4.4829
    4.5406
    4.6016
    4.6663
    4.7377
    4.8050
    4.8750
    4.9390
    5.0103
    5.0787
    5.1499
    5.2199
    5.2869
    5.3599
    5.4247
    5.4953
    5.5683
    5.6470
    5.7247
    5.7855
    5.8508
    5.9149
    5.9874
    6.0572
    6.1356
    6.2103
    6.2726
    6.3381
    6.4039
    6.4670
    6.5299
    6.5915
    6.6578
    6.7281
    6.7860
    6.8443
    6.9027
    6.9625
    7.0160
    7.0760
    7.1373
    7.1993
    7.2611
    7.3347
    7.4130
    7.4883
    7.5630
    7.6379
    7.7063
    7.7733
    7.8362
    7.8899
    7.9378
    7.9815
    8.0185
    8.0623
    8.1045
    8.1420
    8.1802
    8.2180
    8.2554
    8.2885
    8.3235
    8.3529
    8.3794
    8.3990
    8.4239
    8.4480
    8.4736
    8.5019
    8.5342
    8.5674
    8.6047
    8.6414
    8.6762
    8.7135
    8.7508
    8.7863
    8.8278
    8.8724
    8.9235
    8.9784
    9.0350
    9.0913
    9.1425
    9.1878
    9.2337
    9.2800
    9.3244
    9.3733
    9.4208
    9.4806
    9.5392
    9.5918
    9.6433
    9.6980
    9.7524
    9.8110
    9.8676
    9.9273
    9.9823
   10.0359
   10.0915
   10.1550
   10.2166
   10.2781
   10.3453
   10.4184
   10.4990
   10.5834
   10.6707
   10.7560
   10.8481
   10.9356
   11.0237
   11.1182
   11.2105
   11.3058
   11.4041
   11.5097
   11.6152
   11.7245
   11.8346
   11.9393
   12.0466
   12.1543
   12.2646
   12.3705
   12.4789
   12.5864
   12.6924
   12.7889
   12.8813
   12.9729
   13.0659
   13.1509
   13.2401
   13.3237
   13.4010
   13.4825
   13.5572
   13.6308
   13.7063
   13.7815
   13.8518
   13.9263
   14.0036
   14.0759
   14.1489
   14.2289
   14.3092
   14.3859
   14.4554
   14.5247
   14.5917
   14.6516
   14.7093
   14.7646
   14.8115
   14.8588
   14.9062
   14.9561
   15.0073
   15.0529
   15.1017
   15.1469
   15.1913
   15.2305
   15.2578
   15.2798
   15.2988
   15.3156
   15.3321
   15.3480
   15.3655
   15.3792
   15.4005
   15.4052
   15.4096
   15.4117
   15.4145
   15.4141
   15.4059
   15.3978
   15.3855
   15.3744
   15.3589
   15.3402
   15.3128
   15.2878
   15.2615
   15.2317
   15.2085
   15.1807
   15.1481
   15.1128
   15.0876
   15.0560
   15.0271
   15.0037
   14.9722
   14.9424
   14.9138
   14.8791
   14.8374
   14.7886
   14.7439
   14.7013
   14.6566
   14.6076
   14.5519
   14.4876
   14.4274
   14.3679
   14.3123
   14.2636
   14.2198
   14.1762
   14.1338
   14.0934
   14.0529
   14.0130
   13.9777
   13.9378
   13.9032
   13.8546
   13.8076
   13.7605
   13.7134
   13.6722
   13.6236
   13.5758
   13.5231
   13.4747
   13.4215
   13.3765
   13.3286
   13.2728
   13.2266
   13.1825
   13.1342
   13.0792
   13.0276
   12.9796
   12.9350
   12.8977
   12.8580
   12.8173
   12.7814
   12.7550
   12.7218
   12.6903
   12.6600
   12.6246
   12.5959
   12.5725
   12.5473
   12.5249
   12.5017
   12.4739
   12.4446
   12.4063
   12.3612
   12.3113
   12.2582
   12.2100
   12.1646
   12.1176
   12.0678
   12.0251
   11.9913
   11.9496
   11.9083
   11.8587
   11.8013
   11.7326
   11.6521
   11.5682
   11.4925
   11.4192
   11.3539
   11.2865
   11.2142
   11.1295
   11.0439
   10.9567
   10.8776
   10.7924
   10.7035
   10.6191
   10.5341
   10.4542
   10.3671
   10.2870
   10.2020
   10.1195
   10.0248
    9.9413
    9.8538
    9.7705
    9.6853
    9.6022
    9.5131
    9.4228
    9.3278
    9.2280
    9.1219
    9.0118
    8.9066
    8.7907
    8.6784
    8.5600
    8.4352
    8.3030
    8.1724
    8.0388
    7.9069
    7.7803
    7.6474
    7.5183
    7.3899
    7.2624
    7.1370
    7.0246
    6.9177
    6.8123
    6.7014
    6.5951
    6.4826
    6.3622
    6.2388
    6.1121
    5.9950
    5.8790
    5.7699
    5.6633
    5.5663
    5.4751
    5.3859
    5.2947
    5.1989
    5.0917
    4.9787
    4.8625
    4.7465
    4.6210
    4.4935
    4.3578
    4.2309
    4.1037
    3.9739
    3.8424
    3.7103
    3.5886
    3.4668
    3.3442
    3.2236
    3.1080
    2.9861
    2.8624
    2.7340
    2.5967
    2.4575
    2.3184
    2.1803
    2.0434
    1.9090
    1.7735
    1.6385
    1.4931
    1.3491
    1.2053
    1.0627
    0.9186
    0.7852
    0.6477
    0.5115
    0.3618
    0.2161
    0.0707
   -0.0716
   -0.2124
   -0.3521
   -0.4963
   -0.6361
   -0.7745
   -0.9105
   -1.0353
   -1.1603
   -1.2808
   -1.4049
   -1.5385
   -1.6836
   -1.8317
   -1.9751
   -2.1248
   -2.2690
   -2.4167
   -2.5628
   -2.7125
   -2.8646
   -3.0202
   -3.1712
   -3.3219
   -3.4729
   -3.6234
   -3.7640
   -3.8993
   -4.0243
   -4.1488
   -4.2755
   -4.4006
   -4.5254
   -4.6546
   -4.7873
   -4.9209
   -5.0566
   -5.1994
   -5.3406
   -5.4851
   -5.6233
   -5.7604
   -5.8895
   -6.0159
   -6.1369
   -6.2595
   -6.3830
   -6.5117
   -6.6352
   -6.7532
   -6.8639
   -6.9726
   -7.0886
   -7.2008
   -7.3057
   -7.4161
   -7.5191
   -7.6206
   -7.7166
   -7.8216
   -7.9302
   -8.0482
   -8.1631
   -8.2728
   -8.3727
   -8.4835
   -8.5948
   -8.7012
   -8.8156
   -8.9323
   -9.0509
   -9.1654
   -9.2751
   -9.3682
   -9.4579
   -9.5466
   -9.6295
   -9.7215
   -9.8259
   -9.9313
  -10.0356
  -10.1418
  -10.2489
  -10.3584
  -10.4660
  -10.5749
  -10.6772
  -10.7757
  -10.8850
  -11.0018
  -11.1209
  -11.2363
  -11.3554
  -11.4769
  -11.5984
  -11.7208
  -11.8453
  -11.9661
  -12.0838
  -12.2001
  -12.3112
  -12.4267
  -12.5414
  -12.6525
  -12.7592
  -12.8646
  -12.9658
  -13.0575
  -13.1515
  -13.2445
  -13.3481
  -13.4478
  -13.5456
  -13.6437
  -13.7412
  -13.8445
  -13.9395
  -14.0375
  -14.1262
  -14.2110
  -14.2892
  -14.3634
  -14.4323
  -14.4936
  -14.5587
  -14.6249
  -14.6889
  -14.7540
  -14.8322
  -14.9087
  -14.9792
  -15.0500
  -15.1090
  -15.1640
  -15.2235
  -15.2891
  -15.3591
  -15.4271
  -15.4884
  -15.5378
  -15.5797
  -15.6255
  -15.6729
  -15.7071
  -15.7457
  -15.7783
  -15.5919
  -15.4076
  -15.2273
  -15.0396
  -14.8424
  -14.6482
  -14.4561
  -14.2645
  -14.0712
  -13.8731
  -13.6746
  -13.4752
  -13.2785
  -13.0775
  -12.8756
  -12.6762
  -12.4752
  -12.2735
  -12.0721
  -11.8739
  -11.6725
  -11.4756
  -11.2828
  -11.0781
  -10.8743
  -10.6600
  -10.4463
  -10.2305
  -10.0083
   -9.7798
