   -0.8701
   -1.0303
   -1.1796
   -1.3341
   -1.4869
   -1.6428
   -1.7980
   -1.9528
   -2.1042
   -2.2536
   -2.4104
   -2.5624
   -2.7121
   -2.8602
   -3.0059
   -3.1562
   -3.2999
   -3.4431
   -3.5827
   -3.7215
   -3.8558
   -3.9862
   -4.1155
   -4.2423
   -4.3633
   -4.4774
   -4.5949
   -4.7090
   -4.8167
   -4.9246
   -5.0350
   -4.9645
   -4.8994
   -4.8350
   -4.7849
   -4.7430
   -4.7014
   -4.6690
   -4.6371
   -4.6253
   -4.6219
   -4.6184
   -4.6129
   -4.6164
   -4.6206
   -4.6243
   -4.6311
   -4.6371
   -4.6475
   -4.6591
   -4.6761
   -4.6978
   -4.7216
   -4.7515
   -4.7807
   -4.8041
   -4.8272
   -4.8554
   -4.8808
   -4.9025
   -4.9338
   -4.9691
   -4.9974
   -5.0328
   -5.0595
   -5.0869
   -5.1047
   -5.1257
   -5.1381
   -5.1525
   -5.1664
   -5.1734
   -5.1849
   -5.1977
   -5.2055
   -5.2164
   -5.2261
   -5.2421
   -5.2586
   -5.2744
   -5.2904
   -5.3114
   -5.3352
   -5.3623
   -5.3915
   -5.4247
   -5.4622
   -5.5025
   -5.5438
   -5.5855
   -5.6238
   -5.6636
   -5.7001
   -5.7388
   -5.7765
   -5.8096
   -5.8375
   -5.8694
   -5.8973
   -5.9271
   -5.9447
   -5.9617
   -5.9734
   -5.9871
   -5.9934
   -6.0021
   -6.0111
   -6.0212
   -6.0257
   -6.0295
   -6.0333
   -6.0300
   -6.0227
   -6.0120
   -5.9978
   -5.9804
   -5.9656
   -5.9431
   -5.9241
   -5.9060
   -5.8863
   -5.8637
   -5.8381
   -5.8142
   -5.7892
   -5.7656
   -5.7379
   -5.7165
   -5.6914
   -5.6703
   -5.6505
   -5.6252
   -5.6029
   -5.5785
   -5.5514
   -5.5232
   -5.4948
   -5.4645
   -5.4310
   -5.3973
   -5.3637
   -5.3317
   -5.3011
   -5.2695
   -5.2377
   -5.2082
   -5.1757
   -5.1413
   -5.1022
   -5.0632
   -5.0265
   -4.9901
   -4.9515
   -4.9175
   -4.8873
   -4.8656
   -4.8411
   -4.8202
   -4.7948
   -4.7696
   -4.7455
   -4.7241
   -4.6977
   -4.6733
   -4.6453
   -4.6183
   -4.5918
   -4.5682
   -4.5447
   -4.5205
   -4.4991
   -4.4713
   -4.4453
   -4.4204
   -4.3996
   -4.3799
   -4.3581
   -4.3364
   -4.3230
   -4.3043
   -4.2934
   -4.2768
   -4.2648
   -4.2545
   -4.2487
   -4.2430
   -4.2396
   -4.2411
   -4.2443
   -4.2500
   -4.2580
   -4.2689
   -4.2800
   -4.2916
   -4.3002
   -4.3136
   -4.3220
   -4.3308
   -4.3352
   -4.3413
   -4.3480
   -4.3561
   -4.3669
   -4.3749
   -4.3849
   -4.3951
   -4.4048
   -4.4183
   -4.4333
   -4.4494
   -4.4669
   -4.4806
   -4.4989
   -4.5173
   -4.5333
   -4.5435
   -4.5501
   -4.5529
   -4.5503
   -4.5434
   -4.5335
   -4.5198
   -4.5064
   -4.4933
   -4.4827
   -4.4674
   -4.4535
   -4.4353
   -4.4175
   -4.3963
   -4.3798
   -4.3630
   -4.3532
   -4.3403
   -4.3301
   -4.3246
   -4.3221
   -4.3279
   -4.3343
   -4.3321
   -4.3239
   -4.3168
   -4.3138
   -4.3059
   -4.2945
   -4.2817
   -4.2705
   -4.2526
   -4.2322
   -4.2060
   -4.1761
   -4.1466
   -4.1164
   -4.0923
   -4.0665
   -4.0451
   -4.0214
   -4.0063
   -3.9882
   -3.9750
   -3.9632
   -3.9545
   -3.9463
   -3.9348
   -3.9267
   -3.9197
   -3.9147
   -3.9120
   -3.9106
   -3.9097
   -3.9114
   -3.9166
   -3.9338
   -3.9531
   -3.9767
   -4.0050
   -4.0381
   -4.0716
   -4.1116
   -4.1587
   -4.2127
   -4.2762
   -4.3465
   -4.4180
   -4.4958
   -4.5755
   -4.6636
   -4.7520
   -4.8432
   -4.9331
   -5.0247
   -5.1153
   -5.2078
   -5.3036
   -5.4044
   -5.4987
   -5.5894
   -5.6783
   -5.7616
   -5.8461
   -5.9387
   -6.0341
   -6.1199
   -6.1994
   -6.2792
   -6.3567
   -6.4338
   -6.5043
   -6.5796
   -6.6556
   -6.7320
   -6.8090
   -6.8873
   -6.9628
   -7.0329
   -7.1030
   -7.1717
   -7.2418
   -7.3085
   -7.3739
   -7.4334
   -7.4936
   -7.5500
   -7.6068
   -7.6585
   -7.7051
   -7.7480
   -7.7848
   -7.8166
   -7.8448
   -7.8666
   -7.8818
   -7.8921
   -7.8918
   -7.8870
   -7.8767
   -7.8638
   -7.8486
   -7.8362
   -7.8210
   -7.8075
   -7.7923
   -7.7745
   -7.7551
   -7.7320
   -7.7045
   -7.6727
   -7.6436
   -7.6100
   -7.5756
   -7.5379
   -7.4985
   -7.4626
   -7.4251
   -7.3876
   -7.3494
   -7.3169
   -7.2842
   -7.2513
   -7.2197
   -7.1906
   -7.1618
   -7.1371
   -7.1190
   -7.1088
   -7.1040
   -7.1035
   -7.0996
   -7.0969
   -7.0968
   -7.0941
   -7.0916
   -7.0876
   -7.0816
   -7.0767
   -7.0717
   -7.0643
   -7.0572
   -7.0492
   -7.0408
   -7.0346
   -7.0337
   -7.0276
   -7.0188
   -7.0136
   -7.0129
   -7.0159
   -7.0209
   -7.0296
   -7.0403
   -7.0521
   -7.0676
   -7.0865
   -7.1065
   -7.1288
   -7.1490
   -7.1611
   -7.1711
   -7.1713
   -7.1688
   -7.1620
   -7.1517
   -7.1384
   -7.1228
   -7.1037
   -7.0846
   -7.0638
   -7.0436
   -7.0176
   -6.9817
   -6.9409
   -6.8988
   -6.8531
   -6.8003
   -6.7432
   -6.6843
   -6.6211
   -6.5558
   -6.4893
   -6.4238
   -6.3571
   -6.2875
   -6.2177
   -6.1461
   -6.0703
   -5.9915
   -5.9100
   -5.8308
   -5.7536
   -5.6794
   -5.6083
   -5.5373
   -5.4703
   -5.4044
   -5.3393
   -5.2690
   -5.2061
   -5.1393
   -5.0712
   -5.0063
   -4.9404
   -4.8783
   -4.8160
   -4.7588
   -4.7054
   -4.6512
   -4.5994
   -4.5472
   -4.4966
   -4.4416
   -4.3907
   -4.3405
   -4.2918
   -4.2445
   -4.1995
   -4.1542
   -4.1086
   -4.0692
   -4.0308
   -4.0036
   -3.9765
   -3.9520
   -3.9281
   -3.9044
   -3.8823
   -3.8593
   -3.8331
   -3.8027
   -3.7668
   -3.7251
   -3.6905
   -3.6581
   -3.6211
   -3.5907
   -3.5584
   -3.5270
   -3.4869
   -3.4495
   -3.4120
   -3.3739
   -3.3314
   -3.2917
   -3.2554
   -3.2192
   -3.1838
   -3.1529
   -3.1224
   -3.0932
   -3.0639
   -3.0382
   -3.0107
   -2.9822
   -2.9525
   -2.9222
   -2.8913
   -2.8553
   -2.8265
   -2.7892
   -2.7561
   -2.7231
   -2.6870
   -2.6538
   -2.6208
   -2.5918
   -2.5617
   -2.5334
   -2.5050
   -2.4743
   -2.4487
   -2.4220
   -2.3995
   -2.3755
   -2.3506
   -2.3266
   -2.3034
   -2.2772
   -2.2526
   -2.2282
   -2.2087
   -2.1893
   -2.1668
   -2.1443
   -2.1234
   -2.1022
   -2.0825
   -2.0613
   -2.0431
   -2.0276
   -2.0179
   -2.0125
   -2.0159
   -2.0221
   -2.0288
   -2.0411
   -2.0463
   -2.0560
   -2.0673
   -2.0837
   -2.0985
   -2.1147
   -2.1338
   -2.1572
   -2.1764
   -2.1949
   -2.2118
   -2.2308
   -2.2455
   -2.2598
   -2.2718
   -2.2823
   -2.2881
   -2.2948
   -2.2995
   -2.3072
   -2.3140
   -2.3247
   -2.3392
   -2.3522
   -2.3666
   -2.3796
   -2.3970
   -2.4148
   -2.4311
   -2.4441
   -2.4528
   -2.4574
   -2.4565
   -2.4564
   -2.4545
   -2.4462
   -2.4369
   -2.4241
   -2.4055
   -2.3858
   -2.3675
   -2.3464
   -2.3265
   -2.3062
   -2.2899
   -2.2721
   -2.2528
   -2.2339
   -2.2150
   -2.1948
   -2.1732
   -2.1532
   -2.1332
   -2.1116
   -2.0897
   -2.0653
   -2.0408
   -2.0130
   -1.9858
   -1.9615
   -1.9412
   -1.9222
   -1.9062
   -1.8905
   -1.8744
   -1.8629
   -1.8544
   -1.8435
   -1.8313
   -1.8213
   -1.8089
   -1.7964
   -1.7814
   -1.7654
   -1.7489
   -1.7336
   -1.7168
   -1.7001
   -1.6851
   -1.6712
   -1.6589
   -1.6445
   -1.6280
   -1.6117
   -1.5943
   -1.5759
   -1.5625
   -1.5441
   -1.5239
   -1.5064
   -1.4873
   -1.4677
   -1.4475
   -1.4291
   -1.4099
   -1.3912
   -1.3773
   -1.3646
   -1.3519
   -1.3391
   -1.3255
   -1.3054
   -1.2842
   -1.2629
   -1.2424
   -1.2187
   -1.1950
   -1.1753
   -1.1570
   -1.1398
   -1.1252
   -1.1109
   -1.0981
   -1.0851
   -1.0714
   -1.0571
   -1.0398
   -1.0189
   -0.9970
   -0.9756
   -0.9549
   -0.9345
   -0.9186
   -0.9022
   -0.8830
   -0.8680
   -0.8505
   -0.8293
   -0.8094
   -0.7897
   -0.7674
   -0.7468
   -0.7265
   -0.7079
   -0.6896
   -0.6706
   -0.6534
   -0.6344
   -0.6160
   -0.5977
   -0.5764
   -0.5527
   -0.5315
   -0.5107
   -0.4907
   -0.4685
   -0.4494
   -0.4281
   -0.4067
   -0.3868
   -0.3631
   -0.3425
   -0.3221
   -0.3029
   -0.2816
   -0.2597
   -0.2362
   -0.2061
   -0.1731
   -0.1434
   -0.1143
   -0.0867
   -0.0637
   -0.0420
   -0.0221
    0.0021
    0.0225
    0.0388
    0.0561
    0.0709
    0.0871
    0.1074
    0.1340
    0.1634
    0.1987
    0.2357
    0.2735
    0.3139
    0.3531
    0.3902
    0.4301
    0.4712
    0.5116
    0.5515
    0.5959
    0.6391
    0.6840
    0.7293
    0.7745
    0.8187
    0.8640
    0.9081
    0.9523
    0.9943
    1.0362
    1.0786
    1.1173
    1.1573
    1.1900
    1.2201
    1.2547
    1.2874
    1.3122
    1.3427
    1.3734
    1.4059
    1.4342
    1.4651
    1.4938
    1.5227
    1.5496
    1.5739
    1.6062
    1.6376
    1.6681
    1.7021
    1.7372
    1.7708
    1.8030
    1.8368
    1.8749
    1.9089
    1.9449
    1.9850
    2.0281
    2.0710
    2.1145
    2.1668
    2.2249
    2.2915
    2.3615
    2.4327
    2.5058
    2.5713
    2.6388
    2.7002
    2.7555
    2.8138
    2.8667
    2.9204
    2.9795
    3.0361
    3.0907
    3.1489
    3.2114
    3.2734
    3.3380
    3.4034
    3.4740
    3.5465
    3.6236
    3.7012
    3.7807
    3.8634
    3.9497
    4.0413
    4.1310
    4.2261
    4.3200
    4.4226
    4.5276
    4.6317
    4.7384
    4.8569
    4.9724
    5.0898
    5.2071
    5.3311
    5.4511
    5.5779
    5.7047
    5.8360
    5.9716
    6.1042
    6.2269
    6.3497
    6.4611
    6.5700
    6.6733
    6.7891
    6.8974
    7.0145
    7.1292
    7.2536
    7.3682
    7.4912
    7.6134
    7.7411
    7.8708
    8.0049
    8.1352
    8.2798
    8.4310
    8.5807
    8.7438
    8.9108
    9.0676
    9.2280
    9.3723
    9.5129
    9.6404
    9.7725
    9.8979
   10.0352
   10.1780
   10.3348
   10.4810
   10.6371
   10.7858
   10.9246
   11.0641
   11.2136
   11.3689
   11.5372
   11.7114
   11.8887
   12.0622
   12.2406
   12.4198
   12.6018
   12.7811
   12.9634
   13.1452
   13.3289
   13.5125
   13.6961
   13.8807
   14.0676
   14.2482
   14.4351
   14.6204
   14.8027
   14.9806
   15.1609
   15.3355
   15.5225
   15.7149
   15.9122
   16.1134
   16.3204
   16.5161
   16.7131
   16.9048
   17.1005
   17.2847
   17.4791
   17.6633
   17.8527
   18.0360
   18.2160
   18.3903
   18.5678
   18.7318
   18.8911
   19.0467
   19.1940
   19.3326
   19.4850
   19.6394
   19.8014
   19.9656
   20.1434
   20.3134
   20.4910
   20.6594
   20.8216
   20.9681
   21.1224
   21.2630
   21.4111
   21.5657
   21.7199
   21.8616
   21.9950
   22.1192
   22.2345
   22.3481
   22.4595
   22.5680
   22.6749
   22.7811
   22.8854
   22.9879
   23.0865
   23.1819
   23.2738
   23.3642
   23.4530
   23.5415
   23.6338
   23.7237
   23.8148
   23.9054
   23.9987
   24.0902
   24.1883
   24.2875
   24.3784
   24.4745
   24.5708
   24.6665
   24.7626
   24.8639
   24.9611
   25.0571
   25.1586
   25.2540
   25.3543
   25.4557
   25.5614
   25.6623
   25.7755
   25.8846
   25.9889
   26.0879
   26.1883
   26.2870
   26.3888
   26.4951
   26.5970
   26.7047
   26.8122
   26.9175
   27.0215
   27.1234
   27.2270
   27.3272
   27.4230
   27.5152
   27.6097
   27.7031
   27.7948
   27.8824
   27.9752
   28.0711
   28.1639
   28.2569
   28.3515
   28.4474
   28.5473
   28.6437
   28.7380
   28.8354
   28.9332
   29.0312
   29.1333
   29.2278
   29.3235
   29.4164
   29.5103
   29.6041
   29.6988
   29.7890
   29.8764
   29.9680
   30.0528
   30.1375
   30.2126
   30.2915
   30.3689
   30.4466
   30.5238
   30.5976
   30.6753
   30.7484
   30.8273
   30.9017
   30.9778
   31.0481
   31.1216
   31.1845
   31.2492
   31.2969
   31.3488
   31.3968
   31.4451
   31.4927
   31.5423
   31.5883
   31.6237
   31.6570
   31.6906
   31.7277
   31.7578
   31.7857
   31.8092
   31.8354
   31.8656
   31.8945
   31.9311
   31.9661
   31.9996
   32.0378
   32.0776
   32.1091
   32.1415
   32.1632
   32.1880
   32.2051
   32.2206
   32.2262
   32.2311
   32.2366
   32.2364
   32.2326
   32.2256
   32.2120
   32.2059
   32.1956
   32.1850
   32.1714
   32.1559
   32.1370
   32.1195
   32.0997
   32.0774
   32.0575
   32.0317
   32.0120
   31.9918
   31.9715
   31.9495
   31.9258
   31.9021
   31.8731
   31.8486
   31.8145
   31.7806
   31.7501
   31.7241
   31.6909
   31.6646
   31.6348
   31.6147
   31.5887
   31.5699
   31.5451
   31.5196
   31.4847
   31.4565
   31.4305
   31.4100
   31.3830
   31.3512
   31.3251
   31.3055
   31.2893
   31.2631
   31.2370
   31.2116
   31.1788
   31.1528
   31.1238
   31.0903
   31.0549
   31.0256
   30.9931
   30.9675
   30.9370
   30.9085
   30.8819
   30.8597
   30.8394
   30.8203
   30.8072
   30.7959
   30.7885
   30.7879
   30.7840
   30.7850
   30.7896
   30.7930
   30.7936
   30.7945
   30.7969
   30.8069
   30.8123
   30.8130
   30.8138
   30.8094
   30.8094
   30.8069
   30.8030
   30.8000
   30.7959
   30.7858
   30.7746
   30.7679
   30.7557
   30.7395
   30.7144
   30.6846
   30.6463
   30.6075
   30.5691
   30.5243
   30.4845
   30.4552
   30.4259
   30.3997
   30.3682
   30.3332
   30.2910
   30.2534
   30.2124
   30.1749
   30.1299
   30.0862
   30.0409
   29.9909
   29.9397
   29.8912
   29.8377
   29.7772
   29.7128
   29.6550
   29.5930
   29.5282
   29.4627
   29.4072
   29.3500
   29.2942
   29.2333
   29.1710
   29.1079
   29.0440
   28.9773
   28.9103
   28.8369
   28.7618
   28.6868
   28.6076
   28.5244
   28.4420
   28.3574
   28.2710
   28.1830
   28.0924
   28.0012
   27.9066
   27.8212
   27.7260
   27.6291
   27.5337
   27.4358
   27.3369
   27.2412
   27.1421
   27.0431
   26.9482
   26.8545
   26.7634
   26.6739
   26.5857
   26.4987
   26.4032
   26.3119
   26.2153
   26.1125
   26.0111
   25.9095
   25.8138
   25.7172
   25.6265
   25.5349
   25.4441
   25.3532
   25.2596
   25.1605
   25.0610
   24.9656
   24.8790
   24.7904
   24.6995
   24.6163
   24.5367
   24.4524
   24.3682
   24.2824
   24.1996
   24.1109
   24.0234
   23.9341
   23.8528
   23.7638
   23.6739
   23.5813
   23.4901
   23.3968
   23.2965
   23.2040
   23.1020
   23.0013
   22.9013
   22.8011
   22.6957
   22.5909
   22.4852
   22.3804
   22.2817
   22.1819
   22.0848
   21.9924
   21.8983
   21.8027
   21.7111
   21.6185
   21.5277
   21.4400
   21.3478
   21.2531
   21.1583
   21.0624
   20.9616
   20.8628
   20.7645
   20.6668
   20.5666
   20.4668
   20.3653
   20.2593
   20.1518
   20.0344
   19.9129
   19.7929
   19.6726
   19.5539
   19.4268
   19.3020
   19.1798
   19.0640
   18.9455
   18.8171
   18.6921
   18.5648
   18.4441
   18.3168
   18.1887
   18.0588
   17.9338
   17.8080
   17.6849
   17.5580
   17.4310
   17.2997
   17.1769
   17.0456
   16.9149
   16.7851
   16.6569
   16.5361
   16.4056
   16.2803
   16.1592
   16.0417
   15.9195
   15.8042
   15.6830
   15.5590
   15.4379
   15.3062
   15.1763
   15.0333
   14.8914
   14.7508
   14.6118
   14.4682
   14.3267
   14.1862
   14.0446
   13.9014
   13.7569
   13.6129
   13.4748
   13.3416
   13.2085
   13.0726
   12.9444
   12.8147
   12.6841
   12.5557
   12.4317
   12.3076
   12.1910
   12.0783
   11.9642
   11.8513
   11.7354
   11.6248
   11.5116
   11.4033
   11.2948
   11.1814
   11.0800
   10.9727
   10.8695
   10.7606
   10.6540
   10.5488
   10.4454
   10.3404
   10.2354
   10.1266
   10.0202
    9.9132
    9.8079
    9.7044
    9.6085
    9.5134
    9.4134
    9.3143
    9.2192
    9.1275
    9.0359
    8.9401
    8.8455
    8.7535
    8.6575
    8.5633
    8.4737
    8.3865
    8.3044
    8.2265
    8.1508
    8.0712
    7.9933
    7.9135
    7.8366
    7.7626
    7.6853
    7.6121
    7.5386
    7.4690
    7.3999
    7.3259
    7.2570
    7.1854
    7.1194
    7.0477
    6.9825
    6.9147
    6.8496
    6.7785
    6.7133
    6.6439
    6.5791
    6.5152
    6.4438
    6.3777
    6.3092
    6.2448
    6.1772
    6.1066
    6.0430
    5.9701
    5.9031
    5.8328
    5.7645
    5.6950
    5.6250
    5.5557
    5.4843
    5.4107
    5.3377
    5.2660
    5.1950
    5.1231
    5.0496
    4.9778
    4.9013
    4.8243
    4.7507
    4.6713
    4.5889
    4.5066
    4.4258
    4.1718
    3.9299
    3.6976
    3.4762
    3.2621
    3.0476
    2.8447
    2.6444
    2.4585
    2.2799
    2.0971
    1.9133
    1.7326
    1.5528
    1.3761
    1.1979
    1.0230
    0.8522
    0.6823
    0.5140
    0.3468
    0.1883
    0.0330
   -0.1250
   -0.2853
   -0.4433
   -0.5969
   -0.7465
   -0.9067
   -1.0546
