   -9.9419
   -9.9493
   -9.9556
   -9.9824
  -10.0242
  -10.0836
  -10.1454
  -10.2142
  -10.2805
  -10.3487
  -10.4106
  -10.4645
  -10.5161
  -10.5613
  -10.6001
  -10.6384
  -10.6804
  -10.7307
  -10.7951
  -10.8745
  -10.9731
  -11.0908
  -11.2260
  -11.3686
  -11.5157
  -11.6544
  -11.7855
  -11.9024
  -12.0114
  -12.1116
  -12.2056
  -12.1973
  -12.1894
  -12.1818
  -12.1747
  -12.1658
  -12.1562
  -12.1399
  -12.1203
  -12.1011
  -12.0769
  -12.0503
  -12.0192
  -11.9847
  -11.9498
  -11.9174
  -11.8908
  -11.8695
  -11.8567
  -11.8447
  -11.8320
  -11.8198
  -11.8056
  -11.7822
  -11.7567
  -11.7260
  -11.6895
  -11.6518
  -11.6182
  -11.5802
  -11.5396
  -11.5016
  -11.4595
  -11.4142
  -11.3643
  -11.3140
  -11.2567
  -11.1961
  -11.1289
  -11.0605
  -10.9865
  -10.9134
  -10.8404
  -10.7685
  -10.6944
  -10.6206
  -10.5436
  -10.4643
  -10.3761
  -10.2838
  -10.1891
  -10.0919
   -9.9929
   -9.8913
   -9.7847
   -9.6744
   -9.5749
   -9.4768
   -9.3891
   -9.3108
   -9.2451
   -9.1804
   -9.1164
   -9.0447
   -8.9685
   -8.8842
   -8.7928
   -8.6978
   -8.6041
   -8.5178
   -8.4352
   -8.3611
   -8.2915
   -8.2272
   -8.1641
   -8.1030
   -8.0355
   -7.9676
   -7.8985
   -7.8223
   -7.7455
   -7.6730
   -7.6016
   -7.5247
   -7.4573
   -7.3899
   -7.3240
   -7.2609
   -7.2060
   -7.1485
   -7.0959
   -7.0508
   -7.0038
   -6.9601
   -6.9160
   -6.8746
   -6.8249
   -6.7755
   -6.7249
   -6.6755
   -6.6233
   -6.5731
   -6.5209
   -6.4737
   -6.4202
   -6.3649
   -6.3091
   -6.2540
   -6.1964
   -6.1525
   -6.1147
   -6.0838
   -6.0607
   -6.0421
   -6.0209
   -6.0023
   -5.9890
   -5.9662
   -5.9395
   -5.9073
   -5.8753
   -5.8403
   -5.8076
   -5.7758
   -5.7525
   -5.7263
   -5.6943
   -5.6658
   -5.6340
   -5.6013
   -5.5658
   -5.5266
   -5.4866
   -5.4474
   -5.4106
   -5.3767
   -5.3424
   -5.3122
   -5.2803
   -5.2387
   -5.2016
   -5.1675
   -5.1371
   -5.1051
   -5.0798
   -5.0467
   -5.0077
   -4.9637
   -4.9180
   -4.8678
   -4.8184
   -4.7694
   -4.7153
   -4.6632
   -4.6102
   -4.5625
   -4.5169
   -4.4815
   -4.4510
   -4.4275
   -4.4038
   -4.3863
   -4.3704
   -4.3581
   -4.3428
   -4.3325
   -4.3263
   -4.3250
   -4.3241
   -4.3287
   -4.3308
   -4.3242
   -4.3130
   -4.2985
   -4.2832
   -4.2746
   -4.2795
   -4.2761
   -4.2706
   -4.2638
   -4.2567
   -4.2325
   -4.2084
   -4.1862
   -4.1642
   -4.1392
   -4.1204
   -4.1144
   -4.1117
   -4.1199
   -4.1293
   -4.1358
   -4.1363
   -4.1300
   -4.1195
   -4.1035
   -4.0832
   -4.0644
   -4.0436
   -4.0143
   -3.9928
   -3.9637
   -3.9313
   -3.8904
   -3.8530
   -3.8084
   -3.7740
   -3.7456
   -3.7249
   -3.7049
   -3.6901
   -3.6732
   -3.6511
   -3.6265
   -3.6012
   -3.5737
   -3.5418
   -3.5099
   -3.4774
   -3.4406
   -3.4032
   -3.3679
   -3.3307
   -3.2914
   -3.2514
   -3.2045
   -3.1546
   -3.1005
   -3.0406
   -2.9786
   -2.9187
   -2.8571
   -2.8012
   -2.7526
   -2.7074
   -2.6644
   -2.6330
   -2.5919
   -2.5528
   -2.5145
   -2.4806
   -2.4347
   -2.3963
   -2.3535
   -2.3368
   -2.2891
   -2.2637
   -2.2241
   -2.1899
   -2.1612
   -2.1292
   -2.0969
   -2.0607
   -2.0257
   -1.9933
   -1.9614
   -1.9294
   -1.9053
   -1.8837
   -1.8663
   -1.8549
   -1.8425
   -1.8318
   -1.8231
   -1.8211
   -1.8186
   -1.8300
   -1.8439
   -1.8628
   -1.8769
   -1.8975
   -1.9104
   -1.9237
   -1.9433
   -1.9710
   -1.9996
   -2.0363
   -2.0810
   -2.1253
   -2.1684
   -2.2154
   -2.2594
   -2.3010
   -2.3404
   -2.3791
   -2.4198
   -2.4671
   -2.5181
   -2.5717
   -2.6232
   -2.6737
   -2.7161
   -2.7541
   -2.7887
   -2.8214
   -2.8536
   -2.8959
   -2.9267
   -2.9555
   -2.9838
   -3.0116
   -3.0261
   -3.0477
   -3.0761
   -3.1087
   -3.1474
   -3.1915
   -3.2038
   -3.2499
   -3.2961
   -3.3314
   -3.3609
   -3.3917
   -3.4232
   -3.4553
   -3.4865
   -3.5209
   -3.5629
   -3.6031
   -3.6378
   -3.6736
   -3.7103
   -3.7448
   -3.7772
   -3.8133
   -3.8445
   -3.8778
   -3.9090
   -3.9399
   -3.9658
   -3.9975
   -4.0238
   -4.0506
   -4.0752
   -4.0982
   -4.1142
   -4.1280
   -4.1393
   -4.1443
   -4.1475
   -4.1483
   -4.1452
   -4.1433
   -4.1434
   -4.1454
   -4.1508
   -4.1536
   -4.1555
   -4.1562
   -4.1584
   -4.1653
   -4.1764
   -4.1909
   -4.2084
   -4.2247
   -4.2366
   -4.2552
   -4.2622
   -4.2664
   -4.2704
   -4.2749
   -4.2694
   -4.2711
   -4.2770
   -4.2778
   -4.2774
   -4.2715
   -4.2646
   -4.2534
   -4.2447
   -4.2301
   -4.2197
   -4.2105
   -4.2013
   -4.1955
   -4.1914
   -4.1919
   -4.1968
   -4.2016
   -4.2031
   -4.2091
   -4.2148
   -4.2184
   -4.2199
   -4.2273
   -4.2289
   -4.2343
   -4.2363
   -4.2361
   -4.2278
   -4.2225
   -4.2100
   -4.1940
   -4.1771
   -4.1620
   -4.1443
   -4.1315
   -4.1251
   -4.1217
   -4.1234
   -4.1263
   -4.1316
   -4.1364
   -4.1383
   -4.1392
   -4.1393
   -4.1356
   -4.1314
   -4.1255
   -4.1193
   -4.1134
   -4.1079
   -4.1019
   -4.0997
   -4.0995
   -4.1020
   -4.1023
   -4.0921
   -4.0794
   -4.0661
   -4.0520
   -4.0389
   -4.0369
   -4.0373
   -4.0391
   -4.0460
   -4.0529
   -4.0623
   -4.0700
   -4.0778
   -4.0784
   -4.0814
   -4.0874
   -4.0995
   -4.1124
   -4.1257
   -4.1409
   -4.1528
   -4.1590
   -4.1623
   -4.1680
   -4.1708
   -4.1693
   -4.1684
   -4.1691
   -4.1689
   -4.1716
   -4.1703
   -4.1652
   -4.1526
   -4.1374
   -4.1171
   -4.1002
   -4.0866
   -4.0752
   -4.0660
   -4.0605
   -4.0534
   -4.0416
   -4.0293
   -4.0165
   -4.0049
   -3.9933
   -3.9883
   -3.9856
   -3.9850
   -3.9862
   -3.9930
   -4.0027
   -4.0123
   -4.0205
   -4.0260
   -4.0253
   -4.0196
   -4.0098
   -3.9996
   -3.9899
   -3.9871
   -3.9889
   -3.9946
   -4.0023
   -4.0119
   -4.0204
   -4.0283
   -4.0326
   -4.0335
   -4.0281
   -4.0159
   -4.0001
   -3.9817
   -3.9601
   -3.9380
   -3.9161
   -3.8914
   -3.8620
   -3.8328
   -3.8020
   -3.7690
   -3.7352
   -3.6998
   -3.6598
   -3.6182
   -3.5805
   -3.5438
   -3.5091
   -3.4767
   -3.4448
   -3.4100
   -3.3752
   -3.3416
   -3.3116
   -3.2833
   -3.2571
   -3.2460
   -3.2197
   -3.1928
   -3.1660
   -3.1361
   -3.1054
   -3.0764
   -3.0437
   -3.0105
   -2.9779
   -2.9454
   -2.9108
   -2.8767
   -2.8410
   -2.8028
   -2.7619
   -2.7189
   -2.6801
   -2.6438
   -2.6106
   -2.5824
   -2.5599
   -2.5353
   -2.5068
   -2.4749
   -2.4349
   -2.3885
   -2.3369
   -2.2845
   -2.2302
   -2.1737
   -2.1210
   -2.0719
   -2.0244
   -1.9767
   -1.9386
   -1.9013
   -1.8684
   -1.8386
   -1.8107
   -1.7811
   -1.7520
   -1.7264
   -1.6995
   -1.6723
   -1.6457
   -1.6204
   -1.5944
   -1.5709
   -1.5513
   -1.5270
   -1.5009
   -1.4726
   -1.4447
   -1.4146
   -1.3840
   -1.3515
   -1.3177
   -1.2820
   -1.2444
   -1.2071
   -1.1907
   -1.1591
   -1.1337
   -1.1107
   -1.0935
   -1.0805
   -1.0692
   -1.0625
   -1.0567
   -1.0497
   -1.0405
   -1.0301
   -1.0216
   -1.0144
   -1.0119
   -1.0168
   -1.0255
   -1.0363
   -1.0512
   -1.0677
   -1.0829
   -1.0983
   -1.1120
   -1.1240
   -1.1373
   -1.1574
   -1.1797
   -1.2100
   -1.2409
   -1.2715
   -1.3048
   -1.3327
   -1.3594
   -1.3857
   -1.4182
   -1.4464
   -1.4778
   -1.5112
   -1.5483
   -1.5818
   -1.6159
   -1.6515
   -1.6809
   -1.7089
   -1.7388
   -1.7674
   -1.7951
   -1.8251
   -1.8565
   -1.8814
   -1.9060
   -1.9322
   -1.9601
   -1.9870
   -2.0136
   -2.0414
   -2.0730
   -2.1030
   -2.1335
   -2.1633
   -2.1872
   -2.2053
   -2.2197
   -2.2260
   -2.2302
   -2.2315
   -2.2287
   -2.2254
   -2.2228
   -2.2203
   -2.2203
   -2.2221
   -2.2279
   -2.2300
   -2.2296
   -2.2251
   -2.2084
   -2.1786
   -2.1399
   -2.0909
   -2.0354
   -1.9789
   -1.9241
   -1.8737
   -1.8288
   -1.7864
   -1.7431
   -1.6978
   -1.6479
   -1.5976
   -1.5504
   -1.5017
   -1.4546
   -1.4086
   -1.3606
   -1.3054
   -1.2474
   -1.1874
   -1.1224
   -1.0517
   -0.9854
   -0.9180
   -0.8508
   -0.7859
   -0.7217
   -0.6567
   -0.5914
   -0.5273
   -0.4636
   -0.4003
   -0.3415
   -0.2876
   -0.2348
   -0.1815
   -0.1303
   -0.0787
   -0.0288
    0.0218
    0.0707
    0.1186
    0.1644
    0.2051
    0.2423
    0.2754
    0.3031
    0.3276
    0.3509
    0.3750
    0.4002
    0.4280
    0.4601
    0.4940
    0.5290
    0.5708
    0.6103
    0.6472
    0.6836
    0.7149
    0.7372
    0.7566
    0.7724
    0.7842
    0.7930
    0.8050
    0.8176
    0.8331
    0.8523
    0.8792
    0.9071
    0.9357
    0.9640
    0.9913
    1.0170
    1.0421
    1.0676
    1.0899
    1.1114
    1.1305
    1.1507
    1.1715
    1.1915
    1.2139
    1.2346
    1.2547
    1.2776
    1.3010
    1.3283
    1.3589
    1.3940
    1.4341
    1.4736
    1.5143
    1.5582
    1.6019
    1.6451
    1.6930
    1.7426
    1.7974
    1.8557
    1.9142
    1.9729
    2.0312
    2.0884
    2.1452
    2.2037
    2.2617
    2.3229
    2.3802
    2.4333
    2.4875
    2.5407
    2.5871
    2.6313
    2.6746
    2.7142
    2.7588
    2.8088
    2.8627
    2.9156
    2.9724
    3.0248
    3.0709
    3.1097
    3.1464
    3.1767
    3.2064
    3.2344
    3.2645
    3.2905
    3.3132
    3.3326
    3.3533
    3.3775
    3.4049
    3.4345
    3.4647
    3.4996
    3.5336
    3.5683
    3.6020
    3.6334
    3.6628
    3.6932
    3.7243
    3.7620
    3.8010
    3.8441
    3.8859
    3.9281
    3.9704
    4.0152
    4.0647
    4.1203
    4.1835
    4.2535
    4.3277
    4.4055
    4.4819
    4.5569
    4.6291
    4.7002
    4.7673
    4.8352
    4.9019
    4.9720
    5.0442
    5.1287
    5.2170
    5.3174
    5.4188
    5.5184
    5.6183
    5.7266
    5.8433
    5.9682
    6.1033
    6.2442
    6.3893
    6.5314
    6.6814
    6.8347
    6.9839
    7.1372
    7.3072
    7.4887
    7.6804
    7.8888
    8.1070
    8.3260
    8.5452
    8.7715
    9.0036
    9.2359
    9.4697
    9.7038
    9.9361
   10.1688
   10.3981
   10.6228
   10.8466
   11.0688
   11.2880
   11.5085
   11.7273
   11.9512
   12.1713
   12.3896
   12.6063
   12.8216
   13.0353
   13.2454
   13.4455
   13.6420
   13.8313
   14.0111
   14.1845
   14.3506
   14.5104
   14.6634
   14.8135
   14.9620
   15.1126
   15.2713
   15.4305
   15.5965
   15.7646
   15.9323
   16.0919
   16.2513
   16.4086
   16.5697
   16.7414
   16.9249
   17.1141
   17.3037
   17.4951
   17.6818
   17.8650
   18.0495
   18.2429
   18.4380
   18.6348
   18.8460
   19.0621
   19.2673
   19.4593
   19.6432
   19.8083
   19.9625
   20.1111
   20.2585
   20.3993
   20.5333
   20.6643
   20.7936
   20.9174
   21.0467
   21.1759
   21.3056
   21.4441
   21.5846
   21.7282
   21.8756
   22.0291
   22.1921
   22.3570
   22.5328
   22.7151
   22.9009
   23.0925
   23.2923
   23.4995
   23.7207
   23.9499
   24.1901
   24.4385
   24.6945
   24.9576
   25.2263
   25.5023
   25.7826
   26.0703
   26.3599
   26.6506
   26.9448
   27.2404
   27.5336
   27.8307
   28.1291
   28.4265
   28.7202
   29.0143
   29.3047
   29.5889
   29.8682
   30.1414
   30.4050
   30.6623
   30.9113
   31.1535
   31.3878
   31.6162
   31.8371
   32.0520
   32.2640
   32.4796
   32.7022
   32.9310
   33.1659
   33.4046
   33.6460
   33.8870
   34.1258
   34.3655
   34.6043
   34.8394
   35.0731
   35.2999
   35.5255
   35.7475
   35.9627
   36.1730
   36.3802
   36.5839
   36.7787
   36.9609
   37.1350
   37.2952
   37.4455
   37.5884
   37.7260
   37.8536
   37.9778
   38.0993
   38.2196
   38.3365
   38.4532
   38.5656
   38.6760
   38.7793
   38.8785
   38.9736
   39.0646
   39.1539
   39.2406
   39.3219
   39.3907
   39.4595
   39.5233
   39.5836
   39.6442
   39.7103
   39.7730
   39.8325
   39.8895
   39.9440
   39.9971
   40.0503
   40.1068
   40.1651
   40.2230
   40.2867
   40.3551
   40.4321
   40.5132
   40.6013
   40.6918
   40.7837
   40.8741
   40.9628
   41.0502
   41.1326
   41.2133
   41.2927
   41.3661
   41.4325
   41.4920
   41.5464
   41.6033
   41.6588
   41.7207
   41.7870
   41.8601
   41.9353
   42.0150
   42.0969
   42.1830
   42.2717
   42.3721
   42.4834
   42.6103
   42.7536
   42.9088
   43.0691
   43.2315
   43.3850
   43.5307
   43.6640
   43.7862
   43.8984
   44.0061
   44.1066
   44.2009
   44.2894
   44.3752
   44.4604
   44.5477
   44.6439
   44.7385
   44.8283
   44.9075
   44.9694
   45.0052
   45.0211
   45.0128
   44.9842
   44.9396
   44.8843
   44.8162
   44.7358
   44.6448
   44.5441
   44.4297
   44.3069
   44.1730
   44.0266
   43.8672
   43.6993
   43.5211
   43.3380
   43.1507
   42.9647
   42.7852
   42.6121
   42.4463
   42.2927
   42.1552
   42.0310
   41.9218
   41.8166
   41.7121
   41.6066
   41.4977
   41.3819
   41.2653
   41.1480
   41.0312
   40.9134
   40.7938
   40.6626
   40.5199
   40.3593
   40.1765
   39.9759
   39.7598
   39.5260
   39.2875
   39.0404
   38.7919
   38.5493
   38.3184
   38.0965
   37.8893
   37.6993
   37.5198
   37.3408
   37.1630
   36.9836
   36.7986
   36.6084
   36.4205
   36.2375
   36.0610
   35.8963
   35.7461
   35.6102
   35.4875
   35.3728
   35.2614
   35.1537
   35.0438
   34.9329
   34.8294
   34.7311
   34.6282
   34.5273
   34.4350
   34.3372
   34.2351
   34.1402
   34.0486
   33.9637
   33.8835
   33.7989
   33.7024
   33.5981
   33.4776
   33.3305
   33.1596
   32.9575
   32.7339
   32.5038
   32.2782
   32.0514
   31.8436
   31.6386
   31.4614
   31.3217
   31.2105
   31.0954
   30.9909
   30.8672
   30.7182
   30.5624
   30.4193
   30.2826
   30.1370
   29.9718
   29.7983
   29.6081
   29.4112
   29.2091
   28.9923
   28.7639
   28.5228
   28.2671
   28.0120
   27.7706
   27.5392
   27.3164
   27.1025
   26.8896
   26.6817
   26.4807
   26.2984
   26.1365
   25.9955
   25.8699
   25.7679
   25.6809
   25.6061
   25.5408
   25.4925
   25.4403
   25.3866
   25.3342
   25.2785
   25.2090
   25.1439
   25.0798
   25.0059
   24.9220
   24.8175
   24.7004
   24.5664
   24.4298
   24.2921
   24.1628
   24.0358
   23.9275
   23.8421
   23.7813
   23.7324
   23.6794
   23.6317
   23.5575
   23.4565
   23.3286
   23.1491
   22.9348
   22.7289
   22.5217
   22.3201
   22.1468
   21.9735
   21.7868
   21.5846
   21.3745
   21.1780
   20.9836
   20.7853
   20.5780
   20.3655
   20.1613
   19.9674
   19.7829
   19.6144
   19.4505
   19.2692
   19.0717
   18.8700
   18.6685
   18.4641
   18.2550
   18.0424
   17.8126
   17.5437
   17.2387
   16.9073
   16.5388
   16.1520
   15.7707
   15.3930
   14.9907
   14.5761
   14.1389
   13.6699
   13.1803
   12.6970
   12.2109
   11.7243
   11.2400
   10.7659
   10.3053
    9.8537
    9.4230
    9.0037
    8.5875
    8.1751
    7.7786
    7.3799
    6.9815
    6.5740
    6.1605
    5.7444
    5.3235
    4.9185
    4.5402
    4.1662
    3.8170
    3.4850
    3.1612
    2.8378
    2.5326
    2.2295
    1.9374
    1.6488
    1.3781
    1.1361
    0.9054
    0.6868
    0.4808
    0.2777
    0.0653
   -0.1600
   -0.4064
   -0.6689
   -0.9497
   -1.2495
   -1.5574
   -1.8636
   -2.1743
   -2.4849
   -2.7799
   -3.0558
   -3.3068
   -3.5370
   -3.7297
   -3.8926
   -4.0354
   -4.1668
   -4.2964
   -4.4291
   -4.5742
   -4.7133
   -4.8473
   -4.9602
   -5.0586
   -5.1413
   -5.2180
   -5.2858
   -5.3433
   -5.3923
   -5.4414
   -5.4878
   -5.5355
   -5.5868
   -5.6430
   -5.6959
   -5.7458
   -5.7917
   -5.8363
   -5.8760
   -5.9090
   -5.9356
   -5.9598
   -5.9735
   -5.9862
   -5.9999
   -6.0171
   -6.0516
   -6.1089
   -6.2023
   -6.3362
   -6.4973
   -6.6779
   -6.8618
   -7.0429
   -7.2046
   -7.3551
   -7.4879
   -7.6128
   -7.7191
   -7.8132
   -7.8913
   -7.9590
   -8.0188
   -8.0735
   -8.1240
   -8.1672
   -8.2019
   -8.2285
   -8.2431
   -8.2507
   -8.2522
   -8.2460
   -8.2387
   -8.2286
   -8.2236
   -8.2239
   -8.2359
   -8.2500
   -8.2655
   -8.2924
   -8.3092
   -8.3170
   -8.3956
   -8.4690
   -8.5205
   -8.5640
   -8.6104
   -8.6612
   -8.7212
   -8.7861
   -8.8549
   -8.9271
   -9.0018
   -9.0763
   -9.1478
   -9.2187
   -9.2914
   -9.3643
   -9.4340
   -9.5044
   -9.5781
   -9.6558
   -9.7363
   -9.8302
   -9.9351
  -10.0465
  -10.1670
  -10.2840
  -10.3876
  -10.4657
  -10.5093
  -10.5274
