    1.1393
    1.0223
    0.9060
    0.7973
    0.6846
    0.5792
    0.4697
    0.3591
    0.2432
    0.1230
   -0.0023
   -0.1255
   -0.2585
   -0.3901
   -0.5210
   -0.6471
   -0.7772
   -0.9037
   -1.0291
   -1.1519
   -1.2674
   -1.3826
   -1.4943
   -1.6092
   -1.7247
   -1.8358
   -1.9446
   -2.0522
   -2.1489
   -2.2522
   -2.3543
   -2.3329
   -2.3100
   -2.2862
   -2.2597
   -2.2290
   -2.1993
   -2.1823
   -2.1681
   -2.1640
   -2.1607
   -2.1728
   -2.1865
   -2.2025
   -2.2214
   -2.2408
   -2.2555
   -2.2657
   -2.2763
   -2.2902
   -2.2920
   -2.3023
   -2.3074
   -2.3168
   -2.3204
   -2.3308
   -2.3366
   -2.3513
   -2.3652
   -2.3835
   -2.3999
   -2.4226
   -2.4446
   -2.4619
   -2.4849
   -2.5077
   -2.5262
   -2.5377
   -2.5401
   -2.5384
   -2.5230
   -2.4969
   -2.4654
   -2.4226
   -2.3810
   -2.3344
   -2.2819
   -2.2200
   -2.1566
   -2.0954
   -2.0438
   -1.9907
   -1.9372
   -1.8863
   -1.8393
   -1.7990
   -1.7641
   -1.7378
   -1.7090
   -1.6967
   -1.6757
   -1.6541
   -1.6339
   -1.6206
   -1.6075
   -1.6044
   -1.6005
   -1.6070
   -1.6168
   -1.6332
   -1.6490
   -1.6759
   -1.7017
   -1.7256
   -1.7496
   -1.7694
   -1.7891
   -1.8081
   -1.8308
   -1.8544
   -1.8727
   -1.9016
   -1.9216
   -1.9417
   -1.9544
   -1.9716
   -1.9826
   -1.9937
   -1.9961
   -2.0070
   -2.0146
   -2.0278
   -2.0373
   -2.0473
   -2.0604
   -2.0667
   -2.0717
   -2.0846
   -2.1013
   -2.1192
   -2.1417
   -2.1669
   -2.1954
   -2.2246
   -2.2539
   -2.2799
   -2.3059
   -2.3417
   -2.3798
   -2.4194
   -2.4616
   -2.4954
   -2.5298
   -2.5715
   -2.6152
   -2.6514
   -2.6829
   -2.7164
   -2.7405
   -2.7688
   -2.7898
   -2.8134
   -2.8303
   -2.8396
   -2.8423
   -2.8401
   -2.8275
   -2.8143
   -2.7913
   -2.7612
   -2.7233
   -2.6872
   -2.6433
   -2.6015
   -2.5583
   -2.5176
   -2.4818
   -2.4431
   -2.4079
   -2.3733
   -2.3336
   -2.2957
   -2.2579
   -2.2148
   -2.1752
   -2.1356
   -2.1013
   -2.0654
   -2.0330
   -2.0013
   -1.9653
   -1.9319
   -1.8951
   -1.8648
   -1.8294
   -1.7948
   -1.7660
   -1.7281
   -1.6872
   -1.6384
   -1.5898
   -1.5346
   -1.4766
   -1.4242
   -1.3756
   -1.3326
   -1.2946
   -1.2619
   -1.2292
   -1.2083
   -1.1926
   -1.1772
   -1.1640
   -1.1560
   -1.1420
   -1.1245
   -1.1124
   -1.0986
   -1.0820
   -1.0702
   -1.0562
   -1.0430
   -1.0288
   -1.0189
   -1.0160
   -1.0179
   -1.0201
   -1.0248
   -1.0311
   -1.0398
   -1.0475
   -1.0565
   -1.0641
   -1.0727
   -1.0777
   -1.0857
   -1.0915
   -1.0978
   -1.1077
   -1.1123
   -1.1208
   -1.1314
   -1.1405
   -1.1483
   -1.1627
   -1.1753
   -1.1896
   -1.1991
   -1.2160
   -1.2294
   -1.2452
   -1.2580
   -1.2689
   -1.2776
   -1.2840
   -1.2904
   -1.2927
   -1.2935
   -1.2992
   -1.3079
   -1.3267
   -1.3513
   -1.3729
   -1.4040
   -1.4291
   -1.4539
   -1.4726
   -1.4885
   -1.4978
   -1.5039
   -1.5007
   -1.4932
   -1.4780
   -1.4576
   -1.4401
   -1.4175
   -1.3975
   -1.3713
   -1.3489
   -1.3227
   -1.2936
   -1.2640
   -1.2351
   -1.2089
   -1.1824
   -1.1541
   -1.1282
   -1.1056
   -1.0841
   -1.0654
   -1.0476
   -1.0347
   -1.0243
   -1.0103
   -0.9998
   -0.9914
   -0.9821
   -0.9747
   -0.9658
   -0.9565
   -0.9515
   -0.9439
   -0.9396
   -0.9370
   -0.9343
   -0.9302
   -0.9243
   -0.9157
   -0.9034
   -0.8868
   -0.8682
   -0.8494
   -0.8319
   -0.8171
   -0.8049
   -0.7926
   -0.7849
   -0.7817
   -0.7775
   -0.7763
   -0.7735
   -0.7708
   -0.7674
   -0.7664
   -0.7618
   -0.7666
   -0.7742
   -0.7839
   -0.7941
   -0.8108
   -0.8306
   -0.8596
   -0.8961
   -0.9395
   -0.9880
   -1.0336
   -1.0825
   -1.1287
   -1.1752
   -1.2219
   -1.2694
   -1.3139
   -1.3559
   -1.3951
   -1.4323
   -1.4670
   -1.5061
   -1.5402
   -1.5734
   -1.6095
   -1.6427
   -1.6741
   -1.7075
   -1.7358
   -1.7677
   -1.7907
   -1.8082
   -1.8243
   -1.8365
   -1.8503
   -1.8593
   -1.8704
   -1.8772
   -1.8817
   -1.8886
   -1.8967
   -1.9079
   -1.9241
   -1.9470
   -1.9768
   -2.0117
   -2.0556
   -2.1006
   -2.1487
   -2.1947
   -2.2403
   -2.2860
   -2.3276
   -2.3686
   -2.4109
   -2.4502
   -2.4908
   -2.5292
   -2.5655
   -2.6013
   -2.6367
   -2.6672
   -2.6939
   -2.7234
   -2.7521
   -2.7765
   -2.7979
   -2.8142
   -2.8264
   -2.8334
   -2.8392
   -2.8443
   -2.8503
   -2.8594
   -2.8714
   -2.8826
   -2.8912
   -2.9062
   -2.9230
   -2.9412
   -2.9575
   -2.9823
   -2.9964
   -3.0128
   -3.0182
   -3.0182
   -3.0219
   -3.0237
   -3.0228
   -3.0242
   -3.0233
   -3.0264
   -3.0326
   -3.0441
   -3.0565
   -3.0629
   -3.0783
   -3.0822
   -3.0808
   -3.0784
   -3.0666
   -3.0556
   -3.0359
   -3.0096
   -2.9812
   -2.9490
   -2.9100
   -2.8656
   -2.8179
   -2.7615
   -2.7022
   -2.6359
   -2.5718
   -2.5092
   -2.4472
   -2.3891
   -2.3322
   -2.2732
   -2.2154
   -2.1550
   -2.0981
   -2.0405
   -1.9803
   -1.9244
   -1.8698
   -1.8169
   -1.7703
   -1.7244
   -1.6790
   -1.6355
   -1.5938
   -1.5512
   -1.5096
   -1.4642
   -1.4165
   -1.3671
   -1.3193
   -1.2765
   -1.2353
   -1.1977
   -1.1687
   -1.1452
   -1.1192
   -1.1025
   -1.0919
   -1.0921
   -1.0996
   -1.1021
   -1.1074
   -1.1118
   -1.1177
   -1.1256
   -1.1288
   -1.1292
   -1.1233
   -1.1174
   -1.1139
   -1.1016
   -1.0946
   -1.0946
   -1.0929
   -1.0966
   -1.0909
   -1.0900
   -1.0878
   -1.0789
   -1.0657
   -1.0528
   -1.0370
   -1.0243
   -1.0162
   -1.0122
   -1.0156
   -1.0149
   -1.0160
   -1.0170
   -1.0138
   -1.0137
   -1.0157
   -1.0163
   -1.0192
   -1.0195
   -1.0208
   -1.0274
   -1.0303
   -1.0317
   -1.0339
   -1.0320
   -1.0299
   -1.0247
   -1.0192
   -1.0119
   -1.0049
   -0.9985
   -0.9941
   -0.9914
   -0.9908
   -0.9894
   -0.9894
   -0.9883
   -0.9872
   -0.9785
   -0.9687
   -0.9567
   -0.9456
   -0.9279
   -0.9112
   -0.8909
   -0.8738
   -0.8535
   -0.8348
   -0.8154
   -0.7978
   -0.7880
   -0.7839
   -0.7870
   -0.7958
   -0.8098
   -0.8272
   -0.8470
   -0.8639
   -0.8812
   -0.9019
   -0.9273
   -0.9519
   -0.9786
   -1.0123
   -1.0498
   -1.0881
   -1.1281
   -1.1673
   -1.2038
   -1.2406
   -1.2740
   -1.3076
   -1.3409
   -1.3764
   -1.4134
   -1.4493
   -1.4847
   -1.5238
   -1.5657
   -1.6067
   -1.6484
   -1.6866
   -1.7268
   -1.7661
   -1.8069
   -1.8495
   -1.8933
   -1.9404
   -1.9877
   -2.0400
   -2.0965
   -2.1563
   -2.2181
   -2.2802
   -2.3399
   -2.3974
   -2.4554
   -2.5083
   -2.5623
   -2.6161
   -2.6694
   -2.7183
   -2.7641
   -2.8083
   -2.8486
   -2.8859
   -2.9193
   -2.9521
   -2.9850
   -3.0160
   -3.0457
   -3.0696
   -3.0878
   -3.0945
   -3.0930
   -3.0859
   -3.0662
   -3.0482
   -3.0265
   -3.0038
   -2.9772
   -2.9570
   -2.9432
   -2.9384
   -2.9397
   -2.9482
   -2.9538
   -2.9605
   -2.9619
   -2.9643
   -2.9695
   -2.9730
   -2.9826
   -2.9863
   -2.9857
   -2.9818
   -2.9776
   -2.9695
   -2.9543
   -2.9396
   -2.9280
   -2.9158
   -2.9053
   -2.8951
   -2.8869
   -2.8749
   -2.8611
   -2.8457
   -2.8299
   -2.8036
   -2.7724
   -2.7427
   -2.7128
   -2.6781
   -2.6461
   -2.6142
   -2.5860
   -2.5551
   -2.5312
   -2.5010
   -2.4729
   -2.4425
   -2.4145
   -2.3841
   -2.3506
   -2.3164
   -2.2794
   -2.2450
   -2.2088
   -2.1711
   -2.1335
   -2.0941
   -2.0607
   -2.0284
   -2.0075
   -1.9964
   -1.9914
   -2.0036
   -2.0181
   -2.0448
   -2.0731
   -2.1041
   -2.1292
   -2.1552
   -2.1697
   -2.1817
   -2.1836
   -2.1909
   -2.1954
   -2.2033
   -2.2124
   -2.2188
   -2.2303
   -2.2429
   -2.2628
   -2.2854
   -2.3135
   -2.3422
   -2.3747
   -2.4094
   -2.4456
   -2.4796
   -2.5198
   -2.5562
   -2.5893
   -2.6223
   -2.6602
   -2.6981
   -2.7405
   -2.7768
   -2.8245
   -2.8734
   -2.9160
   -2.9580
   -3.0034
   -3.0449
   -3.0899
   -3.1330
   -3.1762
   -3.2124
   -3.2551
   -3.2934
   -3.3332
   -3.3726
   -3.4156
   -3.4603
   -3.5073
   -3.5579
   -3.6105
   -3.6675
   -3.7248
   -3.7838
   -3.8459
   -3.9000
   -3.9623
   -4.0202
   -4.0720
   -4.1230
   -4.1641
   -4.2076
   -4.2447
   -4.2852
   -4.3222
   -4.3587
   -4.3915
   -4.4284
   -4.4617
   -4.4909
   -4.5157
   -4.5448
   -4.5715
   -4.6008
   -4.6231
   -4.6445
   -4.6584
   -4.6721
   -4.6839
   -4.6907
   -4.6892
   -4.6882
   -4.6864
   -4.6794
   -4.6717
   -4.6574
   -4.6458
   -4.6309
   -4.6181
   -4.6017
   -4.5833
   -4.5622
   -4.5502
   -4.5368
   -4.5270
   -4.5160
   -4.5025
   -4.4887
   -4.4687
   -4.4502
   -4.4319
   -4.4107
   -4.3947
   -4.3749
   -4.3572
   -4.3365
   -4.3192
   -4.2992
   -4.2794
   -4.2559
   -4.2350
   -4.2129
   -4.1864
   -4.1657
   -4.1432
   -4.1156
   -4.0911
   -4.0630
   -4.0336
   -4.0113
   -3.9830
   -3.9549
   -3.9177
   -3.8865
   -3.8484
   -3.8194
   -3.7837
   -3.7514
   -3.7176
   -3.6819
   -3.6515
   -3.6203
   -3.5887
   -3.5571
   -3.5217
   -3.4912
   -3.4569
   -3.4263
   -3.3922
   -3.3587
   -3.3309
   -3.2930
   -3.2660
   -3.2374
   -3.2094
   -3.1832
   -3.1526
   -3.1253
   -3.0958
   -3.0666
   -3.0369
   -3.0075
   -2.9746
   -2.9370
   -2.8898
   -2.8438
   -2.7950
   -2.7452
   -2.6934
   -2.6467
   -2.5949
   -2.5384
   -2.4831
   -2.4225
   -2.3638
   -2.3065
   -2.2499
   -2.1922
   -2.1379
   -2.0812
   -2.0268
   -1.9660
   -1.9038
   -1.8448
   -1.7776
   -1.7107
   -1.6458
   -1.5798
   -1.5114
   -1.4436
   -1.3668
   -1.2890
   -1.2152
   -1.1448
   -1.0725
   -0.9967
   -0.9160
   -0.8421
   -0.7590
   -0.6757
   -0.5896
   -0.5023
   -0.4141
   -0.3196
   -0.2248
   -0.1267
   -0.0246
    0.0667
    0.1642
    0.2674
    0.3648
    0.4721
    0.5615
    0.6657
    0.7671
    0.8696
    0.9770
    1.0816
    1.1912
    1.3011
    1.4152
    1.5281
    1.6460
    1.7604
    1.8754
    1.9829
    2.0983
    2.2108
    2.3190
    2.4333
    2.5416
    2.6502
    2.7576
    2.8674
    2.9740
    3.0839
    3.1934
    3.3035
    3.4181
    3.5380
    3.6552
    3.7763
    3.8957
    4.0132
    4.1391
    4.2667
    4.3925
    4.5211
    4.6442
    4.7705
    4.8963
    5.0221
    5.1452
    5.2659
    5.3903
    5.5230
    5.6461
    5.7727
    5.9020
    6.0335
    6.1664
    6.2946
    6.4192
    6.5436
    6.6645
    6.7854
    6.8990
    7.0069
    7.1245
    7.2440
    7.3597
    7.4816
    7.5958
    7.7123
    7.8258
    7.9413
    8.0613
    8.1728
    8.2890
    8.3976
    8.5024
    8.6053
    8.7070
    8.8037
    8.9010
    8.9941
    9.0897
    9.1863
    9.2826
    9.3809
    9.4751
    9.5684
    9.6593
    9.7516
    9.8398
    9.9349
   10.0237
   10.1115
   10.2028
   10.2944
   10.3831
   10.4738
   10.5558
   10.6354
   10.7166
   10.7893
   10.8592
   10.9217
   10.9838
   11.0418
   11.1057
   11.1598
   11.2107
   11.2650
   11.3176
   11.3643
   11.4102
   11.4588
   11.5117
   11.5625
   11.6093
   11.6529
   11.6980
   11.7503
   11.8003
   11.8460
   11.8954
   11.9535
   12.0194
   12.0878
   12.1555
   12.2243
   12.2958
   12.3733
   12.4523
   12.5348
   12.6168
   12.6938
   12.7783
   12.8582
   12.9458
   13.0318
   13.1204
   13.2103
   13.2987
   13.3876
   13.4790
   13.5668
   13.6497
   13.7296
   13.8085
   13.8816
   13.9578
   14.0332
   14.1020
   14.1683
   14.2240
   14.2801
   14.3340
   14.3776
   14.4203
   14.4633
   14.5041
   14.5487
   14.5913
   14.6394
   14.6876
   14.7376
   14.7933
   14.8441
   14.9012
   14.9459
   15.0042
   15.0586
   15.1109
   15.1571
   15.2083
   15.2520
   15.2919
   15.3244
   15.3522
   15.3791
   15.4116
   15.4419
   15.4702
   15.4976
   15.5324
   15.5646
   15.5882
   15.6104
   15.6253
   15.6425
   15.6543
   15.6624
   15.6688
   15.6660
   15.6616
   15.6560
   15.6467
   15.6345
   15.6224
   15.6044
   15.5826
   15.5595
   15.5389
   15.5122
   15.4884
   15.4615
   15.4365
   15.4138
   15.3888
   15.3716
   15.3478
   15.3318
   15.3167
   15.3028
   15.2924
   15.2884
   15.2850
   15.2853
   15.2922
   15.2954
   15.3009
   15.3074
   15.3122
   15.3231
   15.3298
   15.3407
   15.3522
   15.3657
   15.3766
   15.3898
   15.4071
   15.4218
   15.4439
   15.4672
   15.4977
   15.5284
   15.5634
   15.5993
   15.6423
   15.6889
   15.7347
   15.7762
   15.8171
   15.8574
   15.8963
   15.9322
   15.9636
   15.9983
   16.0262
   16.0585
   16.0843
   16.1108
   16.1348
   16.1531
   16.1791
   16.2061
   16.2320
   16.2571
   16.2821
   16.3077
   16.3328
   16.3573
   16.3854
   16.4057
   16.4365
   16.4531
   16.4743
   16.4940
   16.5105
   16.5279
   16.5381
   16.5576
   16.5695
   16.5785
   16.5849
   16.5845
   16.5835
   16.5836
   16.5798
   16.5754
   16.5742
   16.5681
   16.5588
   16.5524
   16.5374
   16.5227
   16.5020
   16.4773
   16.4517
   16.4285
   16.4101
   16.3888
   16.3660
   16.3376
   16.3057
   16.2767
   16.2452
   16.2057
   16.1610
   16.1075
   16.0497
   15.9873
   15.9183
   15.8470
   15.7686
   15.6886
   15.6017
   15.5137
   15.4181
   15.3251
   15.2293
   15.1307
   15.0332
   14.9340
   14.8383
   14.7352
   14.6278
   14.5191
   14.4090
   14.2932
   14.1736
   14.0573
   13.9389
   13.8159
   13.6928
   13.5626
   13.4450
   13.3211
   13.1960
   13.0718
   12.9465
   12.8201
   12.6936
   12.5673
   12.4437
   12.3208
   12.2043
   12.0846
   11.9665
   11.8514
   11.7335
   11.6141
   11.4958
   11.3764
   11.2566
   11.1396
   11.0214
   10.9060
   10.7851
   10.6724
   10.5524
   10.4257
   10.3017
   10.1752
   10.0531
    9.9316
    9.8078
    9.6814
    9.5574
    9.4443
    9.3307
    9.2206
    9.1129
    9.0120
    8.9172
    8.8261
    8.7369
    8.6554
    8.5746
    8.5082
    8.4412
    8.3776
    8.3192
    8.2636
    8.2136
    8.1618
    8.1114
    8.0628
    8.0100
    7.9580
    7.9078
    7.8593
    7.8032
    7.7526
    7.7098
    7.6638
    7.6213
    7.5814
    7.5507
    7.5202
    7.4965
    7.4773
    7.4609
    7.4468
    7.4308
    7.4190
    7.4022
    7.3914
    7.3772
    7.3587
    7.3422
    7.3249
    7.3050
    7.2840
    7.2643
    7.2449
    7.2294
    7.2107
    7.1903
    7.1760
    7.1504
    7.1338
    7.1124
    7.0915
    7.0731
    7.0531
    7.0291
    7.0101
    6.9944
    6.9865
    6.9719
    6.9578
    6.9528
    6.9487
    6.9438
    6.9358
    6.9289
    6.9275
    6.9279
    6.9320
    6.9272
    6.9247
    6.9188
    6.9090
    6.8997
    6.8871
    6.8761
    6.8673
    6.8582
    6.8535
    6.8528
    6.8553
    6.8552
    6.8667
    6.8737
    6.8796
    6.8944
    6.9107
    6.9187
    6.9252
    6.9366
    6.9419
    6.9452
    6.9461
    6.9462
    6.9515
    6.9533
    6.9612
    6.9598
    6.9556
    6.9491
    6.9304
    6.9074
    6.8861
    6.8657
    6.8491
    6.8282
    6.8048
    6.7853
    6.7674
    6.7539
    6.7468
    6.7390
    6.7322
    6.7260
    6.7132
    6.7036
    6.6963
    6.6855
    6.6742
    6.6584
    6.6419
    6.6276
    6.6020
    6.5777
    6.5573
    6.5428
    6.5295
    6.5117
    6.4911
    6.4666
    6.4432
    6.4148
    6.3858
    6.3590
    6.3283
    6.2953
    6.2606
    6.2282
    6.1974
    6.1644
    6.1336
    6.1018
    6.0737
    6.0450
    6.0186
    5.9850
    5.9546
    5.9182
    5.8883
    5.8512
    5.8139
    5.7752
    5.7381
    5.7015
    5.6643
    5.6231
    5.5836
    5.5458
    5.5096
    5.4762
    5.4517
    5.4361
    5.4266
    5.4153
    5.4035
    5.3906
    5.3799
    5.3697
    5.3585
    5.3462
    5.3300
    5.3136
    5.2974
    5.2807
    5.2630
    5.2468
    5.2293
    5.2116
    5.1929
    5.1699
    5.1485
    5.1274
    5.1084
    5.0929
    5.0756
    5.0513
    5.0263
    5.0002
    4.9729
    4.9445
    4.9167
    4.8883
    4.8633
    4.8398
    4.8196
    4.7977
    4.7807
    4.7648
    4.7488
    4.7329
    4.7137
    4.5772
    4.4445
    4.3062
    4.1657
    4.0217
    3.8816
    3.7476
    3.6185
    3.4951
    3.3804
    3.2734
    3.1685
    3.0660
    2.9660
    2.8617
    2.7563
    2.6493
    2.5410
    2.4345
    2.3274
    2.2175
    2.1053
    1.9920
    1.8798
    1.7697
    1.6541
    1.5408
    1.4263
    1.3146
    1.2022
