27506.3047
27506.4336
27506.5137
27506.5508
27506.6523
27506.7246
27506.7148
27506.9688
27507.2969
27507.0879
27507.0684
27507.3418
27507.3711
27507.2520
27507.2520
27507.2891
27506.9629
27506.8828
27506.6758
27506.4121
27506.3301
27506.3398
27506.2051
27506.2051
27506.1270
27506.2168
27506.1914
27505.9922
27505.9844
27505.9844
27506.0566
27506.0215
27505.9316
27506.0410
27506.3672
27506.1582
27506.3516
27506.6523
27506.5234
27506.6895
27506.8809
27506.8633
27507.0996
27507.0352
27507.0996
27507.2461
27507.3457
27507.3750
27507.6465
27507.4844
27507.6133
27507.5664
27507.7695
27507.8223
27507.9883
27507.8691
27508.2246
27508.0625
27507.9980
27508.2988
27507.8887
27507.8535
27507.6699
27507.6797
27507.4023
27507.7598
27507.7051
27508.1328
27508.1875
27508.4062
27508.3711
27508.5078
27508.4805
27508.6250
27508.5605
27508.6250
27508.3711
27508.7285
27508.4082
27508.6445
27508.3809
27508.7363
27508.4746
27508.5469
27508.6738
27508.8477
27508.7129
27508.9961
27508.4199
27508.9707
27508.9707
27508.7422
27508.7422
27508.7734
27508.6719
27508.5098
27508.5645
27508.5820
27508.3750
27508.3398
27508.0488
27508.3770
27508.4688
27508.5059
27508.4512
27508.6074
27508.6426
27508.6230
27508.4609
27508.6699
27508.3047
27508.2207
27508.1016
27507.8730
27507.6543
27507.7266
27507.3711
27507.5000
27507.4375
27507.3926
27507.5938
27507.5742
27507.6738
27508.0039
27508.0586
27508.0957
27508.3242
27508.5176
27508.5703
27508.5137
27508.6133
27508.5293
27508.7305
27508.3164
27508.5742
27508.5547
27508.2637
27508.2344
27507.8789
27508.1641
27507.9805
27508.0078
27507.8809
27507.8809
27507.7520
27507.7441
27508.0176
27507.9551
27508.1270
27508.2910
27508.2559
27508.3262
27508.4277
27508.3711
27508.6641
27508.7734
27508.7363
27509.0020
27508.6816
27509.0371
27508.7891
27509.0469
27509.6035
27509.6758
27510.0391
27510.1113
27509.8555
27509.6426
27509.3516
27509.1934
27508.9805
27509.1113
27509.2754
27509.3379
27509.5605
27509.6328
27509.6680
27509.8613
27509.9336
27510.1191
27510.1270
27510.0625
27510.0918
27509.7988
27509.7988
27509.9648
27509.9082
27509.8711
27509.9082
27510.0664
27509.7090
27509.7383
27509.6953
27509.6953
27509.7383
27509.5039
27509.5410
27509.4473
27509.3125
27509.5059
27509.6133
27509.5195
27509.3281
27509.3359
27509.1719
27509.3066
27509.2363
27509.1445
27509.0371
27509.0020
27509.1094
27508.9727
27509.1094
27509.0176
27509.0898
27508.7969
27508.9609
27509.0332
27508.6621
27508.8262
27508.5332
27508.5684
27508.4707
27508.4062
27508.3125
27508.1855
27508.2207
27507.9707
27508.4570
27508.2012
27508.0078
27508.5508
27508.3926
27508.7148
27508.6523
27508.4883
27508.6953
27508.6660
27508.7793
27508.6523
27508.6309
27508.5605
27508.6309
27508.5664
27508.5664
27508.7031
27508.6328
27508.3164
27508.4043
27508.4395
27508.8906
27509.1055
27508.3965
27509.0410
27508.4980
27508.5273
27508.2988
27508.0332
27508.4922
27507.9062
27509.1602
27508.4219
27508.7656
27508.5801
27508.6094
27508.4805
27508.7383
27508.5527
27508.4238
27508.9805
27508.9824
27509.0469
27509.1758
27509.2402
27508.7539
27509.0469
27508.7246
27508.6621
27508.4043
27508.4395
27508.8262
27508.7988
27508.7988
27509.2207
27509.0566
27509.5742
27509.2871
27509.1582
27508.8984
27508.4062
27508.0488
27507.8145
27507.7422
27507.5918
27507.6211
27507.6562
27507.6562
27507.5996
27507.3418
27506.9766
27506.5898
27506.5195
27506.7188
27506.7852
27507.2012
27507.2070
27506.9785
27506.8203
27506.5625
27506.6699
27506.8262
27507.1562
27507.4219
27507.5078
27507.4805
27507.4805
27507.1855
27507.2520
27507.3594
27507.5801
27507.7461
27507.6523
27507.7812
27507.5176
27507.7754
27507.7051
27508.0703
27507.9648
27507.9648
27507.9004
27507.5488
27507.3184
27507.1328
27506.8027
27507.1895
27507.1328
27506.7383
27506.7383
27507.2930
27506.7383
27507.7734
27507.4141
27506.8926
27507.1523
27507.3164
27507.4746
27507.3750
27507.5977
27507.3691
27507.5977
27507.5059
27507.6992
27507.5059
27507.6348
27507.6992
27507.8574
27507.7949
27507.8242
27507.8887
27508.1172
27508.2754
27508.6348
27509.0234
27508.9941
27508.6367
27508.3848
27508.2559
27508.0957
27508.0664
27508.0391
27508.1035
27508.2031
27508.3398
27508.2734
27508.0820
27507.8867
27507.8574
27507.8223
27507.8223
27507.7246
27507.6602
27507.5586
27507.5586
27507.3945
27507.3301
27507.2598
27507.0957
27507.0957
27507.0312
27506.9668
27506.9023
27506.8027
27506.6660
27506.6660
27506.6660
27506.7324
27507.8398
27507.5742
27508.6094
27508.3828
27508.9336
27508.5762
27508.8066
27509.6836
27509.0371
27509.8496
27510.0801
27510.2090
27510.3691
27510.2676
27510.5625
27510.8867
27510.5996
27510.9883
27511.1836
27511.0234
27511.0938
27511.2012
27511.2363
27511.2012
27511.0078
27510.7188
27511.0781
27510.8262
27511.0254
27510.6953
27510.9551
27510.5020
27510.6621
27510.6973
27510.3633
27510.4980
27510.4629
27510.4336
27510.3398
27510.3105
27510.2461
27510.0820
27509.7812
27509.6465
27509.6523
27509.6289
27509.5000
27509.2637
27509.0996
27508.8691
27508.7402
27508.6816
27508.7871
27508.7578
27508.7324
27508.8379
27508.8438
27508.7148
27508.6797
27508.5449
27508.3809
27508.3809
27508.3457
27508.2461
27508.1758
27508.1113
27507.9766
27508.0059
27507.9355
27508.1309
27508.1250
27508.2617
27508.2969
27508.2969
27508.1973
27508.2617
27508.3320
27508.3320
27508.5273
27508.5996
27508.6348
27508.6348
27508.6348
27508.7344
27508.8047
27508.9395
27509.0410
27509.2754
27509.3398
27509.1465
27509.2871
27509.3926
27509.3926
27509.5625
27509.8262
27509.8262
27509.8281
27509.9883
27510.0820
27510.0840
27510.1230
27510.1875
27510.2891
27510.2891
27510.3242
27510.4258
27510.5840
27510.6191
27510.6855
27510.8809
27510.9160
27511.0820
27511.0566
27511.1953
27511.4219
27511.3281
27511.3281
27511.3223
27511.4121
27511.3418
27511.0137
27510.9121
27511.0137
27510.9785
27510.9102
27510.8438
27510.8438
27510.8086
27510.8496
27510.9238
27510.9609
27510.9648
27511.1289
27511.1309
27511.1953
27511.1309
27511.2617
27511.2617
27511.3320
27511.3672
27511.2656
27511.1719
27511.2363
27511.0723
27511.0430
27510.9766
27510.9766
27511.0430
27511.0117
27511.2090
27510.9785
27511.1094
27511.1387
27511.2051
27511.3691
27511.3711
27511.3008
27511.3301
27511.2305
27511.3906
27511.4609
27511.6973
27511.5371
27511.8672
27511.8027
27511.9023
27511.8027
27511.9980
27511.9414
27512.0781
27512.1777
27512.0781
27512.0488
27512.1484
27512.0859
27511.5957
27511.7227
27511.7227
27512.1797
27512.2090
27512.1445
27512.3047
27512.6973
27512.8574
27512.7930
27512.6582
27512.8887
27513.1113
27513.2363
27513.2676
27513.1367
27512.9414
27512.7812
27512.8223
27512.7559
27512.5996
27512.5996
27512.6992
27512.6660
27512.7695
27512.8008
27512.9004
27512.9648
27512.9668
27512.8965
27512.8027
27512.8145
27512.9375
27512.8711
27512.7070
27512.5410
27512.4023
27512.2422
27512.1387
27512.3340
27512.3047
27512.3340
27512.3984
27512.3281
27512.3340
27512.5020
27512.1699
27512.2402
27512.3105
27512.2793
27512.1094
27512.5449
27512.6406
27512.7109
27512.7812
27512.8809
27512.9844
27513.1797
27513.3809
27513.4824
27513.6738
27513.5117
27513.7656
27513.7969
27514.1855
27514.3809
27514.4512
27514.6777
27514.5215
27514.3203
27514.4238
27514.1641
27514.2031
27514.5371
27514.6465
27514.6191
27514.7461
27514.4199
27515.0508
27515.1816
27515.0859
27515.5449
27515.1543
27515.3438
27515.4082
27515.6016
27515.7715
27515.5449
27515.7402
27515.5469
27515.3496
27515.3457
27515.0469
27515.0117
27514.8809
27515.0742
27514.8125
27514.8438
27514.8438
27514.9434
27515.0059
27515.0410
27514.6875
27514.9492
27514.8477
27514.9492
27514.6875
27514.7539
27514.9492
27514.8848
27514.7539
27515.0742
27514.5859
27514.9785
27514.2930
27514.7480
27514.3125
27514.6133
27514.0898
27514.5801
27514.3164
27514.7383
27514.3105
27513.9453
27514.6387
27513.8828
27514.1113
27513.4844
27514.0039
27513.5547
27513.9434
27513.4863
27513.5508
27513.2598
27513.5176
27513.3242
27513.4180
27513.3867
27513.3809
27513.3145
27513.6465
27513.6465
27513.7090
27513.6465
27513.5781
27513.9102
27513.6133
27513.5430
27513.9102
27513.9688
27514.4395
27514.1992
27514.2422
27514.4434
27514.6465
27514.9082
27514.8398
27514.6777
27514.8125
27514.7188
27514.9160
27514.8828
27514.9863
27515.1172
27515.1172
27515.1523
27515.1895
27515.4219
27515.5527
27516.0781
27516.1094
27515.9785
27515.9473
27516.1797
27515.8789
27515.3867
27515.4902
27515.7871
27515.8223
27516.0176
27516.0176
27515.9844
27516.0879
27516.3164
27516.0176
27516.1562
27516.2559
27516.2266
27516.4961
27515.9961
27516.4941
27516.5273
27516.6621
27517.3184
27517.4258
27517.4258
27517.3574
27517.2617
27517.3945
27517.6602
27517.2285
27517.5645
27517.4609
27517.5273
27517.5586
27517.8633
27517.8262
27517.9629
27518.0918
27518.1230
27518.3535
27518.1211
27518.3887
27518.5840
27518.4492
27518.9805
27518.9160
27519.2520
27519.1836
27519.3477
27519.4102
27519.6113
27519.4453
27519.7051
27519.6445
27519.8086
27519.8418
27520.1992
27519.9707
27520.1680
27520.2676
27520.3340
27520.4668
27520.5605
27520.5293
27520.4961
27520.4922
27520.4277
27520.7969
27521.1602
27521.1504
27521.0938
27521.0156
27520.8535
27521.1523
27521.3223
27521.2871
27521.4141
27521.6504
27521.6172
27521.4512
27521.7480
27521.6172
27522.0156
27521.7773
27521.8418
27522.0137
27521.8457
27522.1094
27522.1113
27522.2070
27522.2422
27522.2734
27522.1406
27522.3691
27522.0391
27522.1660
27522.2324
27522.3965
27522.1328
27522.1641
27522.4297
27522.4980
27522.5645
27522.3281
27522.4941
27522.5938
27522.5254
27522.5586
27522.6875
27522.5586
27522.8184
27522.8574
27523.1504
27522.9570
27523.2539
27523.0215
27523.1895
27523.0547
27523.1875
27523.0566
27523.4219
27523.0859
27523.3535
27523.3203
27523.3887
27523.6816
27523.2871
27523.2246
27523.5879
27523.9844
27523.9824
27524.0195
27524.0488
27524.1211
27524.2520
27524.5508
27524.4805
27524.6172
27524.9473
27524.9492
27524.9473
27525.0176
27524.9492
27525.2480
27525.0156
27525.4180
27525.1855
27525.2871
27525.3516
27525.6543
27525.4551
27525.4922
27525.5234
27525.2285
27525.2617
27525.2969
27525.1660
27525.4316
27525.4668
27525.6348
27525.5039
27525.4375
27525.6348
27525.4395
27525.5059
27525.5410
27525.5078
27525.5078
27525.3730
27525.4062
27525.4082
27525.4082
27525.4062
27525.1094
27525.3438
27525.0449
27524.9766
27524.9766
27524.8477
27524.3789
27524.6445
27524.4824
27524.3457
27524.1816
27523.9160
27523.6523
27523.6836
27523.5879
27523.5527
27523.5879
27523.3906
27523.3867
27523.4883
27523.4551
27523.5488
27523.4863
27523.7520
27523.5215
27523.7207
27523.5898
27523.6875
27523.4590
27523.5605
27523.4941
27523.7578
27523.7949
27523.9922
27523.9316
27523.8613
27523.6328
27523.6680
27523.4688
27523.5000
27523.4707
27523.5391
27523.6387
27523.6387
27523.9414
27523.7734
27523.7734
27524.1406
27523.9746
27524.0098
27524.0391
27523.9766
27523.8438
27523.8438
27523.8809
27523.9141
27523.9492
27523.9160
27524.0137
27523.8496
27523.9160
27523.9180
27523.9180
27523.9141
27523.8203
27524.2852
27523.9199
27523.9863
27524.1191
27524.0215
27523.9902
27524.0215
27524.0215
27524.0898
27524.0879
27524.1543
27524.1543
27524.4219
27524.1562
27524.3887
27524.4219
27524.2227
27524.2891
27524.4570
27524.6211
27524.5254
27524.3906
27524.6250
27524.5586
27524.8926
27524.7930
27524.7598
27524.9609
27525.0293
27524.8965
27524.6641
27524.8965
27524.6992
27524.7344
27524.8359
27525.0703
27525.1035
27525.1055
27525.2383
27525.0742
27525.4746
27525.5742
27525.7422
27525.8105
27526.1113
27526.1445
27526.0801
27526.4805
27526.3164
27526.3496
27526.4180
27526.3867
27526.5195
27526.4883
27526.5879
27526.5234
27526.8242
27526.7246
27526.7598
27526.8594
27527.0586
27527.1582
27527.0586
27527.5898
27527.5898
27527.7559
27527.5879
27527.3906
27527.2578
27527.1250
27527.0938
27526.8965
27526.9961
27527.1289
27527.2617
27527.2617
27527.4941
27527.5605
27527.5293
27527.1641
27527.3320
27527.4336
27526.9336
27527.4336
27527.3027
27527.3691
27527.5039
27527.2715
27527.5371
27527.6387
27527.5391
27527.7051
27527.5391
27527.8086
27527.7090
27527.8086
27527.9395
27527.7754
27527.9434
27527.6426
27527.6133
27527.8145
27527.8145
27527.6152
27527.6152
27527.7520
27527.5508
27527.5508
27528.0508
27527.7871
27527.9199
27527.8203
27527.7207
27527.7559
27527.5547
27527.4219
27527.1914
27526.7598
27526.1934
27526.4277
27526.5605
27526.7930
27526.9258
27526.8613
27526.5957
27526.6953
27526.8281
27526.7617
27526.5312
27526.5996
27526.5664
27526.6992
27526.9316
27527.2324
27526.5332
27525.8359
27525.1719
27524.9395
27524.9727
27524.8750
27525.2051
27525.6719
27526.2383
27526.6035
27526.5059
27526.2734
27526.0410
27525.5098
27525.2773
27524.9785
27524.8125
27524.6465
27525.0469
27524.9805
27525.2129
27525.2461
27524.9805
27524.9141
27524.5820
27524.3164
27524.3164
27524.0488
27523.9512
27523.8184
27523.7188
27523.8184
27523.5195
27523.7852
27523.7188
27523.6191
27523.5195
27523.6211
27524.0195
27523.7539
27524.4531
27524.5195
27524.7520
27524.8203
27524.8535
27524.8867
27524.6211
27524.2539
27524.2207
27524.1230
27524.0234
27523.9902
27523.7578
27524.0234
27523.7227
27523.8574
27523.6914
27523.7227
27523.6895
27523.4570
27523.6562
27523.6914
27523.3594
27523.1914
27523.0605
27523.1602
27523.3594
27523.3262
27523.4590
27523.0938
27523.0273
27522.7949
27522.7285
27522.5293
27522.6621
27522.5957
27522.3965
27522.1309
27521.8301
27521.5312
27521.2969
27520.9648
27521.0000
27520.9668
27520.8320
27520.9004
27520.7988
27520.7344
27520.8672
27521.0020
27521.0684
27521.1016
27521.2031
27520.9355
27521.1367
27521.0371
27521.1367
27521.0703
27520.9375
27520.8047
27520.7051
27520.5723
27520.4395
27520.4062
27520.4727
27520.3398
27520.4727
27520.4727
27520.3750
27520.4414
27520.3750
27520.4434
27520.5762
27520.2422
27520.2773
27520.1777
27520.0781
27519.9453
27519.8789
27519.9785
27519.9453
27520.1465
27520.1465
27520.1133
27519.9805
27519.6152
27519.6816
27519.7285
27519.4160
27519.3496
27519.6816
27519.1836
27519.0508
27518.8848
27519.0508
27518.8516
27518.7852
27518.8867
27518.4551
27518.5879
27518.4199
27518.4102
27518.5215
27518.4570
27518.6230
27518.6230
27518.4570
27518.4590
27518.5254
27518.7578
27518.7910
27518.6582
27518.6934
27519.1270
27519.0273
27519.0957
27519.1621
27519.1641
27519.0957
27519.0293
27519.2305
27519.1973
27519.3320
27519.1660
27519.0312
27518.7305
27518.4297
27518.5312
27518.5664
27518.2656
27518.0645
27517.3984
27517.4297
27517.2637
27517.3301
27517.2305
27517.1992
27517.6328
27517.9668
27517.8340
27517.7031
27517.8359
27517.8027
27517.8066
27518.1738
27518.3086
27518.2422
27518.3086
27518.2773
27518.2441
27517.8789
27518.2441
27518.1465
27518.3145
27518.2500
27518.1152
27517.6465
27517.8164
27517.4824
27517.4844
27517.6484
27517.4180
27517.4180
27517.7500
27517.5176
27517.6172
27517.6504
27517.8184
27517.6504
27517.7188
27517.5859
27517.7188
27517.3184
27517.1836
27517.3535
27517.1875
27517.3535
27517.3887
27517.4902
27517.8223
27517.6562
27517.7578
27518.0586
27518.4277
27518.8301
27519.0996
27519.0332
27518.6348
27518.4668
27518.1309
27517.9961
27517.9316
27517.9980
27518.0977
27517.8652
27517.8672
27518.0664
27518.2324
27518.2695
27518.4355
27518.2656
27517.9648
27518.3320
27518.2656
27518.2949
27518.2617
27518.1621
27518.0586
27518.2285
27517.8945
27517.8281
27517.9258
27517.8945
27517.9941
27518.1289
27518.2949
27517.8613
27517.9961
27518.2637
27518.0293
27518.2656
27518.1992
27518.2324
27518.2324
27518.6348
27518.4316
27518.5645
27518.7031
27518.8672
27518.5352
27519.0039
27518.7695
27518.8672
27518.9355
27518.9355
27519.0039
27519.2715
27519.1074
27519.1719
27518.9082
27518.7754
27518.6094
27518.5078
27518.4453
27518.8438
27518.7773
27519.1484
27519.1484
27519.4141
27519.1484
27519.3164
27518.7461
27519.0840
27519.2148
27519.3535
27519.7539
27520.3262
27520.2578
27520.3945
27520.2266
27519.9922
27520.0254
27519.7246
27520.0918
27519.8574
27520.2949
27520.8691
27521.0000
27521.0000
27519.8262
27519.1152
27518.1465
27518.1426
27517.8438
27518.9492
27520.6973
27521.7734
27523.4844
27524.8301
27526.2715
27527.0488
27527.4160
27527.3496
27526.8125
27526.4746
27526.0723
