   -7.0307
   -7.1194
   -7.2063
   -7.3099
   -7.4260
   -7.5568
   -7.6904
   -7.8313
   -7.9708
   -8.1134
   -8.2522
   -8.3856
   -8.5191
   -8.6489
   -8.7748
   -8.9018
   -9.0326
   -9.1717
   -9.3228
   -9.4866
   -9.6666
   -9.8637
  -10.0762
  -10.2957
  -10.5203
  -10.7390
  -10.9530
  -11.1556
  -11.3521
  -11.5421
  -11.7269
  -11.7311
  -11.7359
  -11.7412
  -11.7472
  -11.7523
  -11.7561
  -11.7541
  -11.7489
  -11.7442
  -11.7345
  -11.7221
  -11.7052
  -11.6859
  -11.6659
  -11.6481
  -11.6356
  -11.6279
  -11.6269
  -11.6264
  -11.6246
  -11.6221
  -11.6173
  -11.6045
  -11.5895
  -11.5690
  -11.5432
  -11.5163
  -11.4924
  -11.4642
  -11.4338
  -11.4049
  -11.3722
  -11.3364
  -11.2961
  -11.2553
  -11.2080
  -11.1575
  -11.1004
  -11.0415
  -10.9765
  -10.9112
  -10.8445
  -10.7767
  -10.7048
  -10.6306
  -10.5516
  -10.4691
  -10.3773
  -10.2809
  -10.1818
  -10.0799
   -9.9750
   -9.8679
   -9.7567
   -9.6424
   -9.5369
   -9.4318
   -9.3364
   -9.2502
   -9.1745
   -9.1014
   -9.0301
   -8.9533
   -8.8729
   -8.7863
   -8.6940
   -8.5979
   -8.5021
   -8.4132
   -8.3276
   -8.2487
   -8.1742
   -8.1052
   -8.0379
   -7.9729
   -7.9033
   -7.8339
   -7.7628
   -7.6859
   -7.6092
   -7.5362
   -7.4650
   -7.3898
   -7.3231
   -7.2571
   -7.1934
   -7.1332
   -7.0812
   -7.0278
   -6.9793
   -6.9378
   -6.8954
   -6.8563
   -6.8172
   -6.7816
   -6.7392
   -6.6975
   -6.6546
   -6.6129
   -6.5684
   -6.5254
   -6.4802
   -6.4391
   -6.3928
   -6.3455
   -6.2992
   -6.2540
   -6.2074
   -6.1731
   -6.1448
   -6.1235
   -6.1099
   -6.1013
   -6.0906
   -6.0820
   -6.0782
   -6.0658
   -6.0511
   -6.0322
   -6.0127
   -5.9905
   -5.9690
   -5.9473
   -5.9316
   -5.9132
   -5.8894
   -5.8675
   -5.8422
   -5.8165
   -5.7874
   -5.7544
   -5.7210
   -5.6887
   -5.6585
   -5.6310
   -5.6037
   -5.5801
   -5.5548
   -5.5224
   -5.4943
   -5.4682
   -5.4453
   -5.4207
   -5.4011
   -5.3748
   -5.3430
   -5.3070
   -5.2693
   -5.2274
   -5.1866
   -5.1464
   -5.1019
   -5.0598
   -5.0170
   -4.9798
   -4.9448
   -4.9196
   -4.8991
   -4.8859
   -4.8733
   -4.8667
   -4.8625
   -4.8622
   -4.8598
   -4.8624
   -4.8687
   -4.8791
   -4.8902
   -4.9053
   -4.9183
   -4.9240
   -4.9253
   -4.9233
   -4.9202
   -4.9229
   -4.9366
   -4.9421
   -4.9460
   -4.9489
   -4.9504
   -4.9371
   -4.9239
   -4.9098
   -4.8985
   -4.8851
   -4.8778
   -4.8812
   -4.8880
   -4.9051
   -4.9234
   -4.9389
   -4.9496
   -4.9544
   -4.9553
   -4.9515
   -4.9438
   -4.9364
   -4.9261
   -4.9081
   -4.8958
   -4.8763
   -4.8535
   -4.8231
   -4.7953
   -4.7609
   -4.7351
   -4.7141
   -4.6994
   -4.6860
   -4.6768
   -4.6654
   -4.6496
   -4.6317
   -4.6126
   -4.5913
   -4.5648
   -4.5376
   -4.5084
   -4.4754
   -4.4405
   -4.4064
   -4.3701
   -4.3314
   -4.2916
   -4.2459
   -4.1973
   -4.1449
   -4.0871
   -4.0270
   -3.9684
   -3.9081
   -3.8521
   -3.8018
   -3.7542
   -3.7081
   -3.6709
   -3.6251
   -3.5815
   -3.5391
   -3.4998
   -3.4510
   -3.4094
   -3.3646
   -3.3453
   -3.2979
   -3.2746
   -3.2339
   -3.1987
   -3.1684
   -3.1348
   -3.1007
   -3.0633
   -3.0269
   -2.9927
   -2.9583
   -2.9239
   -2.8952
   -2.8687
   -2.8460
   -2.8288
   -2.8111
   -2.7950
   -2.7820
   -2.7748
   -2.7678
   -2.7732
   -2.7816
   -2.7949
   -2.8045
   -2.8195
   -2.8281
   -2.8373
   -2.8518
   -2.8733
   -2.8953
   -2.9243
   -2.9603
   -2.9958
   -3.0302
   -3.0670
   -3.1012
   -3.1332
   -3.1629
   -3.1914
   -3.2214
   -3.2568
   -3.2955
   -3.3362
   -3.3754
   -3.4142
   -3.4466
   -3.4759
   -3.5027
   -3.5284
   -3.5542
   -3.5893
   -3.6155
   -3.6415
   -3.6676
   -3.6938
   -3.7094
   -3.7315
   -3.7596
   -3.7914
   -3.8281
   -3.8696
   -3.8817
   -3.9240
   -3.9655
   -3.9975
   -4.0240
   -4.0516
   -4.0803
   -4.1089
   -4.1371
   -4.1686
   -4.2063
   -4.2432
   -4.2759
   -4.3103
   -4.3452
   -4.3786
   -4.4105
   -4.4455
   -4.4763
   -4.5086
   -4.5395
   -4.5690
   -4.5944
   -4.6244
   -4.6496
   -4.6753
   -4.6988
   -4.7207
   -4.7362
   -4.7501
   -4.7619
   -4.7684
   -4.7739
   -4.7774
   -4.7777
   -4.7797
   -4.7840
   -4.7905
   -4.8002
   -4.8078
   -4.8149
   -4.8210
   -4.8287
   -4.8400
   -4.8551
   -4.8727
   -4.8924
   -4.9102
   -4.9238
   -4.9425
   -4.9504
   -4.9550
   -4.9582
   -4.9614
   -4.9553
   -4.9551
   -4.9586
   -4.9579
   -4.9561
   -4.9503
   -4.9439
   -4.9344
   -4.9271
   -4.9151
   -4.9068
   -4.8996
   -4.8923
   -4.8876
   -4.8846
   -4.8852
   -4.8890
   -4.8926
   -4.8938
   -4.8985
   -4.9026
   -4.9053
   -4.9056
   -4.9107
   -4.9104
   -4.9132
   -4.9135
   -4.9121
   -4.9046
   -4.8997
   -4.8892
   -4.8760
   -4.8623
   -4.8503
   -4.8362
   -4.8262
   -4.8216
   -4.8189
   -4.8204
   -4.8231
   -4.8285
   -4.8340
   -4.8368
   -4.8391
   -4.8409
   -4.8396
   -4.8384
   -4.8355
   -4.8320
   -4.8291
   -4.8267
   -4.8238
   -4.8247
   -4.8279
   -4.8344
   -4.8394
   -4.8360
   -4.8306
   -4.8252
   -4.8194
   -4.8152
   -4.8200
   -4.8269
   -4.8342
   -4.8457
   -4.8572
   -4.8708
   -4.8828
   -4.8948
   -4.9010
   -4.9093
   -4.9203
   -4.9372
   -4.9554
   -4.9741
   -4.9950
   -5.0133
   -5.0274
   -5.0396
   -5.0539
   -5.0662
   -5.0747
   -5.0831
   -5.0931
   -5.1026
   -5.1141
   -5.1219
   -5.1258
   -5.1215
   -5.1143
   -5.1016
   -5.0908
   -5.0814
   -5.0728
   -5.0657
   -5.0618
   -5.0563
   -5.0471
   -5.0380
   -5.0290
   -5.0210
   -5.0130
   -5.0108
   -5.0103
   -5.0112
   -5.0132
   -5.0192
   -5.0273
   -5.0341
   -5.0398
   -5.0421
   -5.0385
   -5.0306
   -5.0183
   -5.0053
   -4.9923
   -4.9845
   -4.9803
   -4.9793
   -4.9799
   -4.9814
   -4.9812
   -4.9811
   -4.9771
   -4.9706
   -4.9587
   -4.9409
   -4.9193
   -4.8955
   -4.8684
   -4.8408
   -4.8125
   -4.7815
   -4.7462
   -4.7101
   -4.6724
   -4.6332
   -4.5928
   -4.5508
   -4.5044
   -4.4563
   -4.4108
   -4.3658
   -4.3223
   -4.2803
   -4.2383
   -4.1936
   -4.1489
   -4.1052
   -4.0653
   -4.0271
   -3.9904
   -3.9753
   -3.9393
   -3.9034
   -3.8676
   -3.8289
   -3.7898
   -3.7516
   -3.7102
   -3.6683
   -3.6262
   -3.5834
   -3.5383
   -3.4932
   -3.4464
   -3.3974
   -3.3463
   -3.2937
   -3.2448
   -3.1980
   -3.1541
   -3.1144
   -3.0789
   -3.0419
   -3.0017
   -2.9581
   -2.9075
   -2.8514
   -2.7910
   -2.7302
   -2.6683
   -2.6049
   -2.5447
   -2.4872
   -2.4313
   -2.3741
   -2.3245
   -2.2753
   -2.2292
   -2.1853
   -2.1423
   -2.0976
   -2.0528
   -2.0107
   -1.9675
   -1.9238
   -1.8792
   -1.8357
   -1.7911
   -1.7487
   -1.7095
   -1.6665
   -1.6218
   -1.5756
   -1.5299
   -1.4827
   -1.4356
   -1.3875
   -1.3389
   -1.2894
   -1.2389
   -1.1897
   -1.1683
   -1.1261
   -1.0897
   -1.0562
   -1.0281
   -1.0038
   -0.9811
   -0.9621
   -0.9436
   -0.9240
   -0.9029
   -0.8807
   -0.8608
   -0.8418
   -0.8266
   -0.8183
   -0.8133
   -0.8105
   -0.8114
   -0.8140
   -0.8162
   -0.8196
   -0.8233
   -0.8260
   -0.8317
   -0.8452
   -0.8621
   -0.8879
   -0.9155
   -0.9444
   -0.9766
   -1.0041
   -1.0324
   -1.0601
   -1.0938
   -1.1244
   -1.1582
   -1.1943
   -1.2342
   -1.2722
   -1.3120
   -1.3541
   -1.3920
   -1.4296
   -1.4694
   -1.5088
   -1.5477
   -1.5894
   -1.6322
   -1.6696
   -1.7064
   -1.7450
   -1.7851
   -1.8247
   -1.8637
   -1.9038
   -1.9471
   -1.9887
   -2.0303
   -2.0707
   -2.1056
   -2.1352
   -2.1609
   -2.1784
   -2.1936
   -2.2062
   -2.2150
   -2.2231
   -2.2325
   -2.2418
   -2.2533
   -2.2657
   -2.2807
   -2.2918
   -2.2989
   -2.3016
   -2.2916
   -2.2686
   -2.2362
   -2.1933
   -2.1439
   -2.0921
   -2.0420
   -1.9943
   -1.9514
   -1.9106
   -1.8693
   -1.8259
   -1.7780
   -1.7296
   -1.6832
   -1.6344
   -1.5873
   -1.5400
   -1.4906
   -1.4346
   -1.3759
   -1.3150
   -1.2493
   -1.1781
   -1.1094
   -1.0389
   -0.9678
   -0.8975
   -0.8265
   -0.7544
   -0.6817
   -0.6100
   -0.5389
   -0.4684
   -0.4022
   -0.3410
   -0.2814
   -0.2219
   -0.1640
   -0.1061
   -0.0493
    0.0087
    0.0658
    0.1223
    0.1773
    0.2280
    0.2762
    0.3205
    0.3593
    0.3949
    0.4294
    0.4644
    0.4993
    0.5363
    0.5764
    0.6175
    0.6584
    0.7045
    0.7479
    0.7873
    0.8249
    0.8563
    0.8785
    0.8960
    0.9089
    0.9175
    0.9221
    0.9301
    0.9379
    0.9485
    0.9630
    0.9858
    1.0102
    1.0365
    1.0635
    1.0906
    1.1160
    1.1415
    1.1677
    1.1905
    1.2122
    1.2311
    1.2499
    1.2686
    1.2862
    1.3047
    1.3215
    1.3372
    1.3556
    1.3739
    1.3955
    1.4203
    1.4495
    1.4836
    1.5178
    1.5537
    1.5929
    1.6327
    1.6726
    1.7162
    1.7615
    1.8104
    1.8619
    1.9128
    1.9630
    2.0127
    2.0607
    2.1081
    2.1571
    2.2063
    2.2586
    2.3078
    2.3539
    2.4017
    2.4490
    2.4911
    2.5316
    2.5716
    2.6084
    2.6495
    2.6955
    2.7446
    2.7932
    2.8451
    2.8938
    2.9372
    2.9748
    3.0108
    3.0415
    3.0722
    3.1020
    3.1334
    3.1610
    3.1853
    3.2063
    3.2284
    3.2532
    3.2812
    3.3108
    3.3403
    3.3735
    3.4063
    3.4402
    3.4742
    3.5067
    3.5376
    3.5702
    3.6040
    3.6443
    3.6857
    3.7309
    3.7757
    3.8204
    3.8651
    3.9119
    3.9625
    4.0178
    4.0795
    4.1473
    4.2187
    4.2941
    4.3690
    4.4435
    4.5165
    4.5896
    4.6602
    4.7319
    4.8038
    4.8789
    4.9556
    5.0431
    5.1338
    5.2353
    5.3373
    5.4382
    5.5398
    5.6488
    5.7655
    5.8903
    6.0237
    6.1625
    6.3052
    6.4458
    6.5933
    6.7442
    6.8912
    7.0421
    7.2068
    7.3806
    7.5617
    7.7561
    7.9586
    8.1622
    8.3651
    8.5745
    8.7894
    9.0037
    9.2202
    9.4380
    9.6541
    9.8708
   10.0849
   10.2946
   10.5038
   10.7114
   10.9162
   11.1221
   11.3253
   11.5338
   11.7380
   11.9406
   12.1415
   12.3401
   12.5371
   12.7315
   12.9173
   13.1005
   13.2778
   13.4477
   13.6123
   13.7710
   13.9243
   14.0718
   14.2165
   14.3596
   14.5043
   14.6559
   14.8075
   14.9650
   15.1241
   15.2833
   15.4354
   15.5883
   15.7396
   15.8941
   16.0577
   16.2316
   16.4097
   16.5883
   16.7680
   16.9440
   17.1173
   17.2917
   17.4736
   17.6571
   17.8424
   18.0400
   18.2425
   18.4354
   18.6169
   18.7921
   18.9518
   19.1019
   19.2458
   19.3882
   19.5245
   19.6532
   19.7798
   19.9047
   20.0229
   20.1461
   20.2680
   20.3899
   20.5199
   20.6521
   20.7864
   20.9240
   21.0663
   21.2179
   21.3699
   21.5323
   21.7012
   21.8728
   22.0498
   22.2350
   22.4261
   22.6290
   22.8389
   23.0585
   23.2845
   23.5169
   23.7547
   23.9967
   24.2445
   24.4955
   24.7524
   25.0104
   25.2682
   25.5287
   25.7896
   26.0484
   26.3099
   26.5723
   26.8331
   27.0901
   27.3477
   27.6014
   27.8497
   28.0944
   28.3331
   28.5632
   28.7873
   29.0038
   29.2144
   29.4180
   29.6162
   29.8073
   29.9937
   30.1773
   30.3648
   30.5594
   30.7600
   30.9666
   31.1771
   31.3910
   31.6061
   31.8196
   32.0355
   32.2508
   32.4623
   32.6734
   32.8791
   33.0850
   33.2889
   33.4868
   33.6798
   33.8707
   34.0590
   34.2398
   34.4092
   34.5716
   34.7204
   34.8594
   34.9913
   35.1177
   35.2332
   35.3442
   35.4518
   35.5567
   35.6571
   35.7563
   35.8506
   35.9426
   36.0282
   36.1093
   36.1867
   36.2604
   36.3324
   36.4022
   36.4672
   36.5220
   36.5769
   36.6274
   36.6753
   36.7237
   36.7771
   36.8278
   36.8763
   36.9228
   36.9671
   37.0104
   37.0536
   37.1001
   37.1477
   37.1947
   37.2460
   37.3010
   37.3629
   37.4275
   37.4975
   37.5684
   37.6398
   37.7095
   37.7777
   37.8447
   37.9075
   37.9687
   38.0287
   38.0840
   38.1339
   38.1785
   38.2188
   38.2613
   38.3026
   38.3482
   38.3970
   38.4517
   38.5080
   38.5675
   38.6286
   38.6935
   38.7606
   38.8385
   38.9262
   39.0279
   39.1443
   39.2728
   39.4073
   39.5453
   39.6775
   39.8051
   39.9243
   40.0355
   40.1405
   40.2429
   40.3407
   40.4342
   40.5235
   40.6112
   40.6990
   40.7890
   40.8865
   40.9825
   41.0746
   41.1576
   41.2255
   41.2713
   41.2997
   41.3071
   41.2967
   41.2722
   41.2385
   41.1940
   41.1388
   41.0743
   41.0012
   40.9168
   40.8248
   40.7237
   40.6107
   40.4845
   40.3508
   40.2072
   40.0570
   39.9012
   39.7453
   39.5942
   39.4485
   39.3076
   39.1756
   39.0566
   38.9482
   38.8522
   38.7588
   38.6655
   38.5715
   38.4750
   38.3725
   38.2694
   38.1664
   38.0640
   37.9610
   37.8570
   37.7434
   37.6200
   37.4816
   37.3243
   37.1513
   36.9642
   36.7614
   36.5541
   36.3381
   36.1198
   35.9062
   35.7006
   35.5018
   35.3148
   35.1418
   34.9767
   34.8116
   34.6476
   34.4818
   34.3111
   34.1361
   33.9627
   33.7935
   33.6296
   33.4760
   33.3347
   33.2059
   33.0883
   32.9777
   32.8704
   32.7662
   32.6604
   32.5541
   32.4548
   32.3597
   32.2615
   32.1653
   32.0780
   31.9887
   31.8973
   31.8135
   31.7360
   31.6661
   31.6018
   31.5354
   31.4587
   31.3773
   31.2835
   31.1676
   31.0323
   30.8705
   30.6909
   30.5059
   30.3251
   30.1444
   29.9804
   29.8198
   29.6834
   29.5795
   29.4999
   29.4170
   29.3433
   29.2533
   29.1416
   29.0240
   28.9159
   28.8133
   28.7024
   28.5747
   28.4406
   28.2925
   28.1384
   27.9800
   27.8097
   27.6297
   27.4383
   27.2350
   27.0318
   26.8398
   26.6559
   26.4791
   26.3098
   26.1409
   25.9753
   25.8168
   25.6745
   25.5500
   25.4445
   25.3520
   25.2795
   25.2194
   25.1701
   25.1289
   25.1024
   25.0726
   25.0423
   25.0131
   24.9806
   24.9367
   24.8961
   24.8559
   24.8071
   24.7491
   24.6737
   24.5869
   24.4849
   24.3808
   24.2749
   24.1755
   24.0770
   23.9930
   23.9279
   23.8828
   23.8468
   23.8064
   23.7685
   23.7068
   23.6200
   23.5088
   23.3521
   23.1650
   22.9838
   22.8004
   22.6212
   22.4658
   22.3104
   22.1442
   21.9650
   21.7799
   21.6068
   21.4352
   21.2603
   21.0778
   20.8910
   20.7106
   20.5389
   20.3754
   20.2248
   20.0785
   19.9171
   19.7416
   19.5622
   19.3823
   19.1997
   19.0134
   18.8225
   18.6159
   18.3752
   18.1030
   17.8092
   17.4852
   17.1466
   16.8129
   16.4830
   16.1331
   15.7735
   15.3943
   14.9887
   14.5657
   14.1481
   13.7278
   13.3069
   12.8875
   12.4768
   12.0769
   11.6846
   11.3101
   10.9460
   10.5839
   10.2251
    9.8798
    9.5330
    9.1867
    8.8328
    8.4740
    8.1131
    7.7484
    7.3973
    7.0695
    6.7455
    6.4438
    6.1566
    5.8777
    5.6005
    5.3396
    5.0821
    4.8354
    4.5931
    4.3677
    4.1678
    3.9782
    3.8000
    3.6331
    3.4690
    3.2979
    3.1160
    2.9167
    2.7045
    2.4776
    2.2351
    1.9872
    1.7421
    1.4938
    1.2466
    1.0136
    0.7973
    0.6023
    0.4251
    0.2793
    0.1579
    0.0520
   -0.0463
   -0.1437
   -0.2449
   -0.3582
   -0.4677
   -0.5741
   -0.6631
   -0.7397
   -0.8028
   -0.8605
   -0.9106
   -0.9520
   -0.9859
   -1.0196
   -1.0513
   -1.0840
   -1.1194
   -1.1597
   -1.1968
   -1.2310
   -1.2609
   -1.2887
   -1.3114
   -1.3277
   -1.3373
   -1.3442
   -1.3413
   -1.3368
   -1.3327
   -1.3314
   -1.3452
   -1.3786
   -1.4435
   -1.5437
   -1.6678
   -1.8105
   -1.9582
   -2.1055
   -2.2382
   -2.3628
   -2.4739
   -2.5790
   -2.6691
   -2.7494
   -2.8167
   -2.8754
   -2.9282
   -2.9766
   -3.0224
   -3.0622
   -3.0962
   -3.1242
   -3.1418
   -3.1541
   -3.1614
   -3.1623
   -3.1615
   -3.1573
   -3.1563
   -3.1580
   -3.1677
   -3.1767
   -3.1852
   -3.2012
   -3.2068
   -3.2031
   -3.3498
   -3.4910
   -3.6138
   -3.7296
   -3.8481
   -3.9717
   -4.1039
   -4.2412
   -4.3817
   -4.5256
   -4.6716
   -4.8172
   -4.9589
   -5.0996
   -5.2414
   -5.3833
   -5.5230
   -5.6639
   -5.8080
   -5.9566
   -6.1085
   -6.2731
   -6.4474
   -6.6272
   -6.8147
   -6.9983
   -7.1695
   -7.3185
   -7.4376
   -7.5345
