27473.2402
27473.6387
27473.7637
27473.6094
27473.6602
27473.5371
27473.7637
27473.5645
27473.7891
27473.7383
27473.8359
27473.4629
27473.7324
27473.6094
27473.6094
27473.6367
27473.7852
27473.6074
27473.7578
27473.8340
27473.9082
27473.9121
27473.9375
27473.9629
27474.0352
27473.8301
27473.7285
27473.8789
27473.9023
27473.9805
27473.9512
27473.9727
27474.0977
27474.2207
27474.1699
27474.0215
27473.6680
27473.7656
27473.9199
27473.6875
27473.5391
27473.7910
27473.7363
27473.6367
27473.7910
27474.0273
27473.9805
27473.9121
27473.6621
27473.8652
27474.2676
27474.4160
27474.7637
27474.8164
27474.9648
27475.2129
27475.2637
27475.7188
27475.8203
27475.5703
27475.8711
27475.7949
27475.6465
27475.5938
27475.4180
27475.2168
27475.0898
27474.9629
27474.7109
27474.8633
27474.6094
27474.6602
27474.8613
27474.8125
27475.1641
27475.0156
27474.8613
27475.0020
27475.2109
27474.9590
27475.0137
27474.7109
27474.9902
27475.2637
27475.4922
27475.5195
27475.3438
27475.4434
27475.8223
27475.5684
27475.7676
27475.7910
27475.5137
27475.5410
27475.5918
27475.5957
27475.3965
27475.6230
27475.4238
27475.1445
27475.5508
27475.4746
27475.6035
27475.7520
27475.4727
27475.6523
27475.4238
27475.2500
27474.9727
27474.5918
27474.5176
27474.5918
27474.2148
27474.4941
27474.2949
27474.5215
27474.4727
27474.5254
27474.5762
27474.3281
27474.5273
27474.6074
27474.4316
27474.3594
27474.1855
27474.4141
27474.3418
27473.9453
27473.9688
27473.8965
27473.8750
27474.0312
27473.9316
27473.9590
27474.3281
27474.2383
27474.2109
27473.9590
27473.8320
27473.9082
27473.8809
27473.8770
27473.7266
27473.7539
27474.0547
27473.7305
27473.6543
27473.7812
27473.6582
27473.5586
27473.4102
27473.3105
27473.1309
27473.0098
27473.1113
27472.9902
27472.9141
27472.8184
27472.9414
27472.9414
27473.1699
27473.2969
27473.2734
27473.0996
27473.2012
27473.1777
27473.1562
27473.2578
27473.0840
27472.9570
27472.8848
27472.7832
27472.7344
27472.4082
27472.3086
27471.8027
27472.1035
27472.0586
27472.0840
27472.2871
27472.4395
27472.4668
27472.6699
27472.5234
27472.5996
27472.6992
27472.6230
27472.7520
27472.5000
27472.6719
27472.5996
27472.8535
27472.8008
27472.8848
27473.0332
27473.0117
27473.0371
27473.0898
27473.0664
27472.9648
27472.4863
27472.6348
27472.6152
27472.3359
27472.6914
27472.3105
27472.3398
27472.5430
27471.9629
27472.1172
27471.8672
27471.7129
27471.9668
27471.8418
27471.7695
27471.9922
27471.9199
27472.1699
27472.0742
27472.0469
27471.9453
27471.8457
27471.9453
27471.8477
27472.0273
27472.0039
27471.9531
27472.0801
27471.6035
27471.8047
27471.8281
27471.7285
27471.6328
27471.6055
27471.5566
27471.6582
27471.7578
27471.5898
27471.7383
27471.7461
27471.6426
27471.7227
27471.6270
27471.8027
27471.4082
27471.4277
27471.2129
27471.4375
27471.2930
27471.4648
27471.2188
27471.0293
27471.1504
27471.1016
27471.2676
27471.1758
27471.2910
27471.7070
27471.7109
27471.6113
27471.7129
27471.6641
27471.7598
27471.7656
27471.9863
27472.0391
27471.9102
27472.0625
27472.0859
27472.1621
27472.0156
27472.0840
27471.9609
27471.7168
27471.8125
27471.6680
27471.6445
27471.7129
27471.8184
27471.7422
27471.9395
27472.0820
27472.2305
27472.4785
27472.5840
27472.7070
27472.6602
27472.6562
27472.3398
27472.4844
27472.4844
27472.3652
27472.3223
27472.2695
27471.9980
27472.0508
27472.0000
27471.9043
27471.8320
27471.8047
27471.5801
27471.3770
27471.4062
27471.1523
27471.1836
27471.1348
27470.8633
27470.8906
27470.7676
27470.7207
27470.9453
27470.8203
27470.7207
27470.8262
27470.5781
27470.7559
27470.6855
27470.5664
27470.4121
27470.4941
27470.5273
27470.3555
27470.3086
27470.1895
27470.0430
27469.9941
27470.0273
27470.2227
27469.9004
27469.9004
27469.8008
27469.8730
27470.0215
27470.0879
27470.1406
27470.1367
27470.3574
27470.3516
27470.5527
27470.5488
27470.4785
27470.5020
27470.4316
27470.6074
27470.5840
27470.4883
27470.5371
27470.6133
27470.5176
27470.6172
27470.5996
27470.5996
27470.5234
27470.5000
27470.5234
27470.5254
27470.5254
27470.5488
27470.5977
27470.7695
27470.8418
27470.7656
27470.8379
27470.7090
27470.6055
27470.6055
27470.7266
27470.7734
27470.6973
27470.7930
27470.7930
27470.8652
27470.9844
27470.9609
27471.0078
27470.9141
27470.9141
27470.8965
27470.9238
27470.9004
27470.7773
27470.8262
27470.8027
27470.7012
27470.6016
27470.6035
27470.5039
27470.6270
27470.5801
27470.6758
27470.6230
27470.7715
27470.6719
27470.7910
27470.8145
27470.8633
27470.9590
27470.8828
27470.9297
27470.7773
27470.9023
27471.0215
27471.0703
27471.2129
27471.2305
27471.3555
27471.4570
27471.5273
27471.5234
27471.6699
27471.6992
27471.6699
27471.7715
27471.8477
27471.8477
27471.9473
27471.9766
27472.0488
27472.0723
27472.2480
27472.2773
27472.4258
27472.4023
27472.5039
27472.4258
27472.3984
27472.3984
27472.3750
27472.2988
27472.3457
27472.3984
27472.4473
27472.4434
27472.3672
27472.2676
27471.9961
27472.1719
27472.0723
27472.1738
27472.0723
27472.0664
27472.2148
27472.3164
27472.4160
27472.4922
27472.4688
27472.5684
27472.4453
27472.4688
27472.4941
27472.4941
27472.5469
27472.6699
27472.6934
27472.5469
27472.4941
27472.4473
27472.3828
27472.4824
27472.9492
27473.0918
27473.1621
27473.1562
27473.0508
27472.9473
27473.2051
27472.9570
27472.8398
27472.7402
27472.4414
27472.2168
27472.1465
27472.0176
27471.8477
27471.9238
27471.8242
27471.9004
27472.0000
27472.0762
27472.3594
27472.5352
27472.6367
27472.8125
27472.8887
27472.8125
27472.7598
27472.8320
27472.8320
27472.7559
27472.7793
27472.7031
27472.7266
27472.6465
27472.5469
27472.5879
27472.6602
27472.7832
27472.9062
27472.9297
27472.9297
27473.0020
27472.9551
27473.1250
27473.0723
27472.9961
27472.9746
27473.1914
27473.2441
27473.3164
27473.3926
27473.5156
27473.7168
27473.7930
27474.0703
27473.9746
27474.0527
27473.9766
27474.0703
27474.0938
27473.9648
27474.0117
27474.0547
27474.1953
27474.2656
27474.2188
27474.3379
27474.3379
27474.3320
27474.1797
27474.1094
27473.9844
27473.9844
27473.8613
27473.7852
27473.8145
27473.7910
27473.8203
27473.7969
27473.7734
27473.6738
27473.5508
27473.5508
27473.4512
27473.4805
27473.6523
27473.6758
27473.7988
27474.0469
27474.0938
27474.1465
27474.3184
27474.3945
27474.3418
27474.2949
27474.3418
27474.3887
27474.3359
27474.4062
27474.1367
27474.1309
27474.0547
27474.2949
27474.3223
27474.5371
27474.6074
27474.7559
27475.0488
27475.3203
27475.5840
27475.8711
27476.0605
27475.9375
27475.8965
27475.4316
27475.3848
27475.3320
27475.5254
27475.6035
27475.6094
27475.8086
27475.7793
27475.7617
27475.6387
27475.5918
27475.5684
27475.5215
27475.5977
27475.6738
27475.7520
27475.9043
27475.9277
27476.1348
27476.1113
27475.9805
27476.0801
27476.1270
27476.0742
27475.8223
27475.8691
27475.8457
27475.7637
27475.9180
27475.9180
27475.7402
27475.7402
27475.7168
27475.7402
27475.7402
27475.5410
27475.4648
27475.4805
27475.4453
27475.3516
27475.5215
27475.5625
27475.5332
27475.6387
27475.4023
27475.3438
27475.3203
27475.6973
27475.7441
27475.6133
27475.7910
27475.4785
27475.7070
27475.6836
27475.5781
27475.5547
27475.8086
27475.7305
27475.6016
27475.6484
27475.4883
27475.7422
27475.9883
27475.6602
27476.0352
27476.0430
27475.8125
27475.7363
27476.0488
27475.8652
27475.9492
27475.9570
27475.9023
27475.9629
27476.1152
27476.0859
27475.8574
27475.9805
27475.9023
27475.9512
27476.0508
27476.0195
27475.8730
27475.7969
27475.8262
27475.7500
27475.7793
27475.9512
27475.9043
27476.0098
27476.0859
27476.1387
27476.2695
27476.2402
27476.3105
27476.4473
27476.3926
27476.2930
27476.4473
27476.2637
27476.3926
27476.2402
27476.2871
27476.3105
27476.3398
27476.1797
27476.4043
27476.3438
27476.2910
27476.2363
27476.2070
27476.2070
27476.1836
27476.3301
27476.4375
27476.2832
27476.2363
27476.2676
27476.2207
27476.0449
27476.1680
27475.9668
27475.8672
27475.8906
27475.8203
27475.7734
27475.6738
27475.7266
27475.7812
27475.6504
27475.6816
27476.1875
27476.1875
27476.1035
27476.2891
27476.1270
27476.2500
27476.2500
27476.1973
27475.8145
27475.7363
27475.7148
27475.4375
27475.5684
27475.5684
27475.6445
27475.8965
27475.8965
27476.1582
27476.4043
27476.0586
27476.2578
27476.1875
27476.2344
27476.1113
27475.9883
27475.8828
27475.8652
27475.6875
27475.9199
27475.9727
27476.0195
27476.0195
27476.0664
27475.8887
27475.7578
27475.6895
27475.7207
27475.6426
27475.4199
27475.4961
27475.5254
27475.7344
27476.0117
27476.1641
27476.2402
27476.5020
27476.4961
27476.4648
27476.4180
27476.4199
27476.3965
27476.3418
27476.2422
27476.1113
27476.2871
27476.3652
27476.2871
27476.4121
27476.2578
27476.1523
27476.3809
27476.3340
27476.2344
27476.3574
27476.3574
27476.1816
27476.3809
27476.8281
27476.6660
27476.7129
27477.0508
27476.9805
27476.9512
27476.8809
27477.0273
27477.1426
27477.0195
27477.2598
27477.3594
27477.5273
27477.4746
27477.6895
27477.7129
27477.8379
27477.6133
27477.6074
27477.7285
27477.5371
27477.6152
27477.5371
27477.7461
27477.7539
27477.4688
27477.4160
27477.5469
27477.4473
27477.0391
27477.2852
27477.7012
27477.7402
27477.7402
27477.9160
27478.1465
27478.3047
27478.3242
27478.4023
27478.4941
27478.4941
27478.1934
27478.3945
27478.3633
27478.2324
27478.2480
27478.3398
27478.3164
27478.3555
27478.4551
27478.3477
27478.5234
27478.2383
27478.2617
27478.3613
27478.3379
27478.2383
27478.2852
27478.3770
27478.4844
27478.3066
27478.5918
27478.2676
27478.3008
27478.3008
27478.3008
27478.4219
27478.5156
27478.4922
27478.5371
27478.8125
27478.6367
27478.8906
27478.9141
27479.1445
27478.9902
27479.1133
27479.2305
27479.4512
27479.5352
27479.8223
27479.7988
27479.6348
27479.6660
27479.5742
27479.6973
27479.9492
27480.2734
27480.3418
27480.5410
27480.6953
27480.7578
27480.7871
27480.7871
27481.1660
27481.2422
27481.4199
27481.5195
27481.3887
27481.5332
27481.6797
27481.7559
27481.8555
27481.8320
27481.9023
27481.6035
27481.9336
27482.0098
27481.9004
27481.8789
27482.3730
27483.1641
27483.2715
27483.1641
27483.2344
27483.1113
27483.5645
27484.0039
27484.0176
27483.9180
27483.9961
27483.7402
27484.0176
27484.0176
27484.0957
27484.1406
27484.3027
27484.3652
27484.6641
27484.6953
27484.4492
27484.5176
27484.5586
27484.6270
27484.6504
27484.3945
27484.2871
27484.3555
27484.2852
27484.2324
27484.1777
27484.1328
27483.8789
27483.9336
27484.0332
27484.0625
27484.0938
27484.2871
27484.3184
27484.6484
27484.6035
27484.7637
27484.6641
27484.8965
27485.0586
27485.2598
27485.1895
27485.3984
27485.3750
27485.5059
27485.4980
27485.6289
27485.4980
27485.4844
27485.7598
27485.5371
27485.6465
27485.6836
27485.7363
27485.6836
27485.7969
27485.7832
27485.7969
27485.8965
27486.0430
27486.1211
27486.0879
27486.3203
27486.3809
27486.3262
27486.6953
27486.7852
27487.1094
27487.1016
27486.9922
27487.5234
27487.4375
27487.3379
27487.4062
27487.6602
27487.6914
27487.6133
27488.0000
27488.0449
27487.8906
27487.9688
27488.0918
27488.1094
27488.2090
27488.3398
27488.3164
27488.4707
27488.4297
27488.6172
27488.6621
27488.8945
27489.0938
27489.2480
27489.1250
27489.2695
27489.4023
27489.7246
27489.9492
27490.0488
27490.2695
27490.5996
27490.6309
27490.8340
27491.1465
27490.9707
27491.0938
27491.3789
27491.5332
27491.7422
27491.6660
27491.8652
27492.1016
27492.4102
27492.6074
27492.4961
27492.9336
27493.1777
27493.1699
27493.4023
27493.4785
27493.3242
27493.5703
27493.6895
27493.5840
27493.5918
27493.6523
27493.7520
27493.9609
27494.0605
27493.9746
27494.2520
27494.5195
27494.5742
27494.7207
27494.8516
27495.0195
27495.1660
27495.4199
27495.4102
27495.7109
27495.6094
27495.4336
27495.9648
27495.7871
27495.6777
27496.2109
27496.6875
27496.4023
27496.7910
27496.9922
27496.7363
27496.9375
27497.0605
27497.4824
27497.7598
27497.7598
27498.1055
27498.2227
27498.4375
27498.5684
27499.1074
27499.1758
27499.1758
27499.6074
27499.4551
27499.7539
27499.9219
27499.7402
27499.9141
27499.9004
27500.0312
27499.9004
27500.1992
27499.9316
27500.2168
27500.3164
27500.5273
27500.5586
27500.6035
27500.2891
27500.5137
27500.6133
27500.2578
27500.5137
27500.6816
27500.3027
27500.4023
27500.3613
27500.3164
27500.2852
27500.2754
27500.2539
27500.2305
27500.3984
27500.4980
27500.5430
27500.6875
27500.5742
27500.5430
27500.6191
27500.6055
27500.4746
27500.0977
27500.0605
27500.1387
27499.8691
27499.7832
27499.8477
27500.1152
27500.0703
27500.0371
27499.8691
27499.9375
27499.5820
27499.5957
27499.5059
27499.3066
27499.2285
27499.0586
27498.8066
27498.7285
27498.5957
27498.4961
27498.0859
27497.9492
27497.4629
27497.3184
27497.3828
27497.3359
27497.2598
27496.7285
27496.8906
27497.0234
27496.8770
27497.1191
27497.2188
27497.4512
27497.7520
27497.9844
27498.0605
27498.0488
27497.8809
27497.8027
27497.5352
27497.1816
27497.1445
27497.2227
27497.2656
27497.1973
27497.2969
27497.2070
27496.9062
27497.0840
27496.8066
27496.5527
27496.6074
27496.4727
27496.3281
27496.4395
27496.4258
27496.5352
27496.3594
27496.6133
27496.6230
27496.7324
27496.3105
27496.6426
27496.5566
27496.4766
27496.5215
27496.5977
27496.5840
27496.3867
27496.1953
27496.0957
27496.0488
27496.0488
27495.8965
27495.6602
27495.3691
27495.1484
27494.7695
27494.5684
27494.1895
27494.0234
27493.8008
27493.7207
27493.5078
27493.3730
27492.9961
27492.9961
27492.8184
27492.8281
27492.7070
27492.2852
27491.9512
27492.2070
27492.1504
27492.0840
27492.1289
27491.9941
27492.0508
27492.3145
27492.1699
27492.0039
27491.9258
27492.0039
27491.8594
27492.0137
27491.8906
27492.0352
27491.7695
27491.8340
27491.8887
27491.8223
27491.7227
27491.5996
27491.2891
27491.4219
27491.1543
27490.9531
27490.7988
27490.8555
27490.6660
27490.5312
27490.4414
27490.3965
27490.3203
27490.2617
27490.2188
27490.2969
27489.9297
27489.9082
27489.6973
27489.7070
27489.6074
27489.5508
27489.4629
27489.4727
27489.3184
27489.4844
27489.4062
27489.5840
27489.5742
27489.4629
27489.4961
27489.5273
27489.1621
27489.3301
27488.9062
27488.8301
27488.8086
27488.6953
27488.6191
27488.7969
27488.8730
27488.8223
27488.8730
27488.8516
27488.5840
27488.4727
27488.2949
27488.1836
27487.9844
27487.9180
27487.9180
27487.9180
27487.8848
27487.8633
27487.7090
27487.7969
27487.4746
27487.2812
27487.3770
27487.5977
27487.6211
27487.5430
27487.4219
27487.5879
27487.4336
27487.3008
27486.9570
27486.9883
27486.6895
27486.6797
27486.5234
27486.7051
27486.6777
27486.8887
27486.8457
27486.9004
27486.5449
27486.3789
27486.7676
27486.9785
27486.7891
27487.3125
27487.4551
27487.2559
27486.9453
27486.3906
27485.6914
27485.2812
27484.3516
27483.9277
27484.2715
27484.3066
27483.9512
27483.6074
27483.4863
27483.3320
27483.1211
27482.6094
27482.3652
27482.1660
27482.2559
27482.0898
27481.9238
27481.9023
27481.4141
27481.4238
27481.4375
27481.1582
27480.9258
27480.5273
27480.4609
27480.4707
27479.9941
27479.4609
27479.1953
27478.9277
27478.3301
27478.1523
27477.3867
27477.4199
27477.6309
27477.5762
27477.2598
27476.6328
27476.9766
27476.8105
27476.6895
27476.7988
27477.0156
27477.1797
27477.0684
27477.1914
27477.2246
27477.0703
27477.0918
27477.1367
27476.6602
27476.5391
27476.7832
27476.5371
27476.1816
27475.8867
27475.6484
27475.5176
27475.3398
27475.1621
27475.2617
27474.9629
27474.9844
27474.8418
27475.2207
27475.2871
27475.8086
27475.8320
27475.8555
27476.0000
27476.1562
27476.1113
27475.9766
27475.6016
27475.0996
27474.9785
27474.7305
27474.2910
27474.0020
27473.8906
27473.4023
27473.4141
27473.1699
27472.7031
27472.5938
27472.3438
27472.2715
27472.4492
27472.0957
27472.3164
27472.4727
27472.3848
27472.7949
27472.7070
27473.0859
27473.1191
27473.0078
27472.6875
27472.9434
27472.8086
27472.7754
27472.5430
27472.9316
27472.6992
27472.6328
27472.9004
27473.1895
27472.4902
27473.0801
27473.1133
27473.0352
27472.6582
27472.5254
27472.7832
27472.3496
27472.2051
27472.2949
27472.1504
27472.0508
27472.0859
27472.0410
27471.2188
27470.8965
27471.5859
27471.0078
27470.8301
27471.2871
27471.0527
27470.8984
27470.9434
27470.6543
27470.7344
27470.6113
27470.2559
27470.4121
27470.1680
27470.0605
27469.9570
27469.9570
27470.0234
27469.9805
27470.2910
27470.1797
27470.0703
27469.6797
27469.4395
27469.2695
27469.0684
27468.6348
27468.7793
27468.9590
27468.3828
27468.2480
