  -3.4270
  -3.4800
  -3.5306
  -3.5801
  -3.6305
  -3.6781
  -3.7184
  -3.7555
  -3.7898
  -3.8148
  -3.8355
  -3.8506
  -3.8598
  -3.8598
  -3.8571
  -3.8473
  -3.8315
  -3.8112
  -3.7896
  -3.7680
  -3.7440
  -3.7162
  -3.6876
  -3.6552
  -3.6200
  -3.5798
  -3.5389
  -3.4957
  -3.4507
  -3.4056
  -3.3595
  -3.3844
  -3.4110
  -3.4393
  -3.4670
  -3.4948
  -3.5253
  -3.5617
  -3.5970
  -3.6302
  -3.6584
  -3.6779
  -3.6924
  -3.7058
  -3.7154
  -3.7207
  -3.7243
  -3.7279
  -3.7361
  -3.7575
  -3.7812
  -3.8050
  -3.8245
  -3.8370
  -3.8402
  -3.8385
  -3.8329
  -3.8253
  -3.8167
  -3.8060
  -3.7953
  -3.7821
  -3.7651
  -3.7417
  -3.7130
  -3.6772
  -3.6366
  -3.5923
  -3.5475
  -3.5027
  -3.4547
  -3.4018
  -3.3456
  -3.2853
  -3.2211
  -3.1482
  -3.0786
  -3.0139
  -2.9508
  -2.8846
  -2.8088
  -2.7239
  -2.6300
  -2.5275
  -2.4261
  -2.3264
  -2.2315
  -2.1382
  -2.0439
  -1.9502
  -1.8565
  -1.7618
  -1.6656
  -1.5667
  -1.4695
  -1.3695
  -1.2672
  -1.1581
  -1.0528
  -0.9469
  -0.8395
  -0.7322
  -0.6221
  -0.5131
  -0.4084
  -0.3053
  -0.2040
  -0.1058
  -0.0490
   0.0156
   0.0645
   0.1095
   0.1534
   0.1963
   0.2380
   0.2718
   0.3132
   0.3808
   0.4501
   0.5195
   0.5896
   0.6602
   0.7265
   0.7878
   0.8453
   0.8994
   0.9514
   0.9956
   1.0347
   1.0766
   1.1190
   1.1552
   1.1854
   1.2105
   1.2347
   1.2554
   1.2724
   1.2921
   1.3141
   1.3377
   1.3620
   1.3840
   1.4045
   1.4187
   1.4301
   1.4503
   1.4792
   1.5153
   1.5558
   1.6001
   1.6516
   1.7103
   1.7745
   1.8410
   1.9110
   1.9954
   2.0785
   2.1567
   2.2249
   2.2975
   2.3646
   2.4289
   2.4944
   2.5576
   2.6197
   2.6846
   2.7483
   2.8098
   2.8741
   2.9312
   2.9889
   3.1166
   3.2514
   3.3863
   3.5163
   3.6419
   3.7654
   3.8756
   3.9588
   4.0383
   4.1173
   4.1959
   4.2717
   4.3476
   4.4268
   4.4788
   4.5331
   4.5676
   4.6061
   4.6412
   4.6653
   4.6843
   4.7016
   4.7184
   4.7396
   4.7576
   4.7746
   4.7889
   4.8010
   4.8158
   4.8289
   4.8349
   4.8353
   4.8274
   4.8130
   4.7904
   4.7580
   4.7201
   4.6795
   4.6345
   4.5840
   4.5241
   4.4554
   4.3768
   4.2921
   4.2023
   4.0983
   3.9904
   3.8832
   3.7762
   3.6658
   3.5549
   3.4413
   3.3243
   3.2068
   3.0892
   2.9684
   2.8448
   2.7211
   2.5981
   2.4734
   2.3437
   2.2123
   2.0803
   1.9483
   1.8195
   1.6919
   1.5666
   1.4428
   1.3189
   1.1977
   1.0798
   0.9613
   0.8470
   0.7348
   0.6231
   0.6057
   0.5892
   0.5241
   0.4577
   0.3924
   0.3330
   0.2752
   0.2186
   0.1635
   0.1080
   0.0550
   0.0068
  -0.0372
  -0.0791
  -0.1231
  -0.1665
  -0.2074
  -0.2474
  -0.2848
  -0.3223
  -0.3605
  -0.3988
  -0.4397
  -0.4806
  -0.5189
  -0.5560
  -0.5893
  -0.6195
  -0.6431
  -0.6613
  -0.6774
  -0.6902
  -0.6984
  -0.7050
  -0.7118
  -0.7148
  -0.7157
  -0.7113
  -0.7036
  -0.6943
  -0.6839
  -0.6742
  -0.6644
  -0.6590
  -0.6569
  -0.6552
  -0.6518
  -0.6506
  -0.6542
  -0.6620
  -0.6734
  -0.6871
  -0.7017
  -0.7180
  -0.7342
  -0.7477
  -0.7629
  -0.7753
  -0.7882
  -0.8026
  -0.8180
  -0.8360
  -0.8545
  -0.8699
  -0.8824
  -0.8921
  -0.9019
  -0.9115
  -0.9201
  -0.9256
  -0.9305
  -0.9375
  -0.9473
  -0.9587
  -0.9750
  -0.9902
  -1.0027
  -1.0151
  -1.0301
  -1.0460
  -1.0592
  -1.0718
  -1.0831
  -1.0932
  -1.1060
  -1.1182
  -1.1295
  -1.1430
  -1.1618
  -1.1814
  -1.2038
  -1.2283
  -1.2582
  -1.2918
  -1.3259
  -1.3584
  -1.3926
  -1.4263
  -1.4633
  -1.5047
  -1.5487
  -1.5911
  -1.6259
  -1.6562
  -1.6815
  -1.7063
  -1.7311
  -1.7560
  -1.7793
  -1.8010
  -1.8238
  -1.8445
  -1.8624
  -1.8766
  -1.8887
  -1.8992
  -1.9107
  -1.9216
  -1.9338
  -1.9415
  -1.9465
  -1.9462
  -1.9395
  -1.9280
  -1.9117
  -1.8917
  -1.8719
  -1.8512
  -1.8286
  -1.8024
  -1.7736
  -1.7460
  -1.7133
  -1.6801
  -1.6454
  -1.6098
  -1.5772
  -1.5463
  -1.5193
  -1.4956
  -1.4714
  -1.4549
  -1.4417
  -1.4323
  -1.4240
  -1.4134
  -1.4034
  -1.3939
  -1.3805
  -1.3630
  -1.3458
  -1.3230
  -1.2949
  -1.2603
  -1.2169
  -1.1698
  -1.1176
  -1.0598
  -0.9992
  -0.9294
  -0.8548
  -0.7694
  -0.6803
  -0.5937
  -0.5063
  -0.4132
  -0.3162
  -0.2090
  -0.0983
   0.0200
   0.1403
   0.2674
   0.3966
   0.5268
   0.6562
   0.7849
   0.9130
   1.0398
   1.1649
   1.2895
   1.4075
   1.5251
   1.6383
   1.7467
   1.8505
   1.9466
   2.0375
   2.1273
   2.2152
   2.3023
   2.3852
   2.4657
   2.5504
   2.6288
   2.7090
   2.7895
   2.8684
   2.9482
   3.0280
   3.1128
   3.2048
   3.2995
   3.4065
   3.5215
   3.6449
   3.7706
   3.8978
   4.0264
   4.1549
   4.2770
   4.3967
   4.5136
   4.6234
   4.7277
   4.8260
   4.9117
   4.9909
   5.0591
   5.1203
   5.1750
   5.2229
   5.2670
   5.3011
   5.3288
   5.3535
   5.3730
   5.3856
   5.3967
   5.4031
   5.4115
   5.4134
   5.4171
   5.4182
   5.4188
   5.4209
   5.4234
   5.4249
   5.4263
   5.4285
   5.4302
   5.4292
   5.4264
   5.4208
   5.4133
   5.4080
   5.4031
   5.4024
   5.4038
   5.4078
   5.4139
   5.4205
   5.4265
   5.4314
   5.4353
   5.4429
   5.4497
   5.4575
   5.4708
   5.4861
   5.5002
   5.5136
   5.5247
   5.5314
   5.5317
   5.5261
   5.5163
   5.5070
   5.4983
   5.4875
   5.4757
   5.4671
   5.4603
   5.4535
   5.4493
   5.4458
   5.4448
   5.4482
   5.4552
   5.4680
   5.4818
   5.4983
   5.5136
   5.5305
   5.5480
   5.5682
   5.5890
   5.6090
   5.6299
   5.6498
   5.6657
   5.6762
   5.6801
   5.6784
   5.6771
   5.6747
   5.6681
   5.6551
   5.6379
   5.6158
   5.5903
   5.5631
   5.5366
   5.5129
   5.4904
   5.4691
   5.4477
   5.4284
   5.4091
   5.3876
   5.3640
   5.3346
   5.3010
   5.2653
   5.2300
   5.2002
   5.1798
   5.1613
   5.1395
   5.1135
   5.0854
   5.0579
   5.0305
   5.0050
   4.9823
   4.9628
   4.9499
   4.9403
   4.9328
   4.9264
   4.9216
   4.9184
   4.9157
   4.9146
   4.9161
   4.9177
   4.9181
   4.9154
   4.9113
   4.9046
   4.8976
   4.8942
   4.8954
   4.9009
   4.9080
   4.9175
   4.9304
   4.9350
   4.9432
   4.9500
   4.9575
   4.9651
   4.9716
   4.9835
   4.9998
   5.0172
   5.0328
   5.0485
   5.0671
   5.0879
   5.1101
   5.1319
   5.1534
   5.1791
   5.2054
   5.2324
   5.2577
   5.2827
   5.3062
   5.3282
   5.3519
   5.3794
   5.4133
   5.4533
   5.5002
   5.5472
   5.5839
   5.6088
   5.6292
   5.6502
   5.6739
   5.6997
   5.7261
   5.7541
   5.7835
   5.8144
   5.8458
   5.8750
   5.9014
   5.9269
   5.9519
   5.9759
   5.9999
   6.0199
   6.0347
   6.0442
   6.0528
   6.0642
   6.0755
   6.0880
   6.1021
   6.1113
   6.1129
   6.1087
   6.0954
   6.0843
   6.0746
   6.0611
   6.0578
   6.0553
   6.0509
   6.0428
   6.0347
   6.0292
   6.0258
   6.0220
   6.0156
   6.0093
   6.0041
   6.0009
   6.0031
   6.0085
   6.0187
   6.0336
   6.0489
   6.0683
   6.0875
   6.1047
   6.1186
   6.1297
   6.1427
   6.1545
   6.1595
   6.1634
   6.1651
   6.1647
   6.1663
   6.1726
   6.1859
   6.1991
   6.2122
   6.2280
   6.2478
   6.2738
   6.3037
   6.3350
   6.3664
   6.3941
   6.4187
   6.4438
   6.4678
   6.4902
   6.5124
   6.5323
   6.5536
   6.5763
   6.6006
   6.6227
   6.6404
   6.6606
   6.6800
   6.6960
   6.7110
   6.7262
   6.7430
   6.7651
   6.7833
   6.7996
   6.8145
   6.8231
   6.8284
   6.8382
   6.8516
   6.8645
   6.8721
   6.8747
   6.8734
   6.8726
   6.8745
   6.8727
   6.8634
   6.8505
   6.8368
   6.8231
   6.8031
   6.7790
   6.7475
   6.7182
   6.6964
   6.6810
   6.6634
   6.6429
   6.6236
   6.6089
   6.5922
   6.5744
   6.5541
   6.5279
   6.5027
   6.4724
   6.4463
   6.4223
   6.3982
   6.3705
   6.3357
   6.2928
   6.2445
   6.1909
   6.1395
   6.0892
   6.0384
   5.9899
   5.9433
   5.9006
   5.8601
   5.8255
   5.7952
   5.7687
   5.7474
   5.7318
   5.7175
   5.7048
   5.6953
   5.6948
   5.6996
   5.7022
   5.7066
   5.7094
   5.7117
   5.7156
   5.7244
   5.7339
   5.7417
   5.7505
   5.7620
   5.7765
   5.7941
   5.8154
   5.8350
   5.8542
   5.8731
   5.8991
   5.9237
   5.9475
   5.9663
   5.9880
   6.0101
   6.0339
   6.0529
   6.0676
   6.0773
   6.0887
   6.0968
   6.1034
   6.1071
   6.1106
   6.1125
   6.1160
   6.1202
   6.1190
   6.1141
   6.1045
   6.0945
   6.0792
   6.0639
   6.0511
   6.0417
   6.0322
   6.0242
   6.0157
   6.0081
   6.0006
   5.9890
   5.9807
   5.9729
   5.9673
   5.9590
   5.9496
   5.9402
   5.9292
   5.9175
   5.9044
   5.8944
   5.8862
   5.8750
   5.8623
   5.8481
   5.8331
   5.8223
   5.8139
   5.8051
   5.7994
   5.7923
   5.7871
   5.7799
   5.7736
   5.7729
   5.7766
   5.7834
   5.7940
   5.8045
   5.8189
   5.8337
   5.8515
   5.8743
   5.8982
   5.9241
   5.9520
   5.9851
   6.0246
   6.0655
   6.1103
   6.1553
   6.2092
   6.2715
   6.3381
   6.4082
   6.4799
   6.5537
   6.6318
   6.7158
   6.8045
   6.8968
   6.9886
   7.0890
   7.1945
   7.3021
   7.4079
   7.5149
   7.6290
   7.7480
   7.8704
   7.9924
   8.1155
   8.2388
   8.3571
   8.4805
   8.6058
   8.7367
   8.8697
   9.0070
   9.1458
   9.2905
   9.4398
   9.5929
   9.7497
   9.9113
  10.0791
  10.2498
  10.4255
  10.6035
  10.7843
  10.9640
  11.1447
  11.3268
  11.5093
  11.6927
  11.8744
  12.0546
  12.2356
  12.4203
  12.6091
  12.8027
  12.9970
  13.1899
  13.3832
  13.5794
  13.7757
  13.9780
  14.1827
  14.3877
  14.5903
  14.7946
  15.0047
  15.2107
  15.4118
  15.6151
  15.8222
  16.0345
  16.2503
  16.4690
  16.6859
  16.9026
  17.1186
  17.3372
  17.5532
  17.7682
  17.9839
  18.2026
  18.4232
  18.6406
  18.8560
  19.0740
  19.2952
  19.5180
  19.7375
  19.9607
  20.1761
  20.3915
  20.6012
  20.8083
  21.0136
  21.2194
  21.4193
  21.6152
  21.8045
  21.9904
  22.1800
  22.3686
  22.5550
  22.7355
  22.9141
  23.0929
  23.2791
  23.4745
  23.6699
  23.8702
  24.0674
  24.2660
  24.4656
  24.6645
  24.8602
  25.0549
  25.2493
  25.4448
  25.6445
  25.8404
  26.0422
  26.2417
  26.4357
  26.6255
  26.8133
  27.0044
  27.1904
  27.3739
  27.5586
  27.7409
  27.9189
  28.0936
  28.2655
  28.4357
  28.6044
  28.7733
  28.9437
  29.1180
  29.2944
  29.4687
  29.6430
  29.8176
  29.9923
  30.1688
  30.3442
  30.5203
  30.6938
  30.8668
  31.0398
  31.2116
  31.3847
  31.5603
  31.7358
  31.9146
  32.0967
  32.2775
  32.4580
  32.6395
  32.8188
  33.0013
  33.1874
  33.3678
  33.5459
  33.7260
  33.9075
  34.0851
  34.2614
  34.4289
  34.5896
  34.7494
  34.9030
  35.0536
  35.2022
  35.3485
  35.4916
  35.6303
  35.7652
  35.8961
  36.0259
  36.1540
  36.2833
  36.4075
  36.5328
  36.6580
  36.7824
  36.9051
  37.0259
  37.1431
  37.2605
  37.3761
  37.4922
  37.6078
  37.7200
  37.8308
  37.9390
  38.0440
  38.1428
  38.2376
  38.3282
  38.4134
  38.4979
  38.5774
  38.6510
  38.7194
  38.7795
  38.8369
  38.8894
  38.9355
  38.9781
  39.0160
  39.0451
  39.0680
  39.0832
  39.0891
  39.0944
  39.0945
  39.0860
  39.0720
  39.0540
  39.0377
  39.0194
  39.0010
  38.9855
  38.9718
  38.9511
  38.9280
  38.9070
  38.8878
  38.8688
  38.8524
  38.8391
  38.8268
  38.8132
  38.8028
  38.7890
  38.7709
  38.7492
  38.7260
  38.7024
  38.6772
  38.6520
  38.6286
  38.6042
  38.5808
  38.5550
  38.5284
  38.5015
  38.4759
  38.4556
  38.4341
  38.4120
  38.3909
  38.3664
  38.3401
  38.3138
  38.2876
  38.2598
  38.2329
  38.2049
  38.1762
  38.1494
  38.1231
  38.0948
  38.0753
  38.0622
  38.0559
  38.0516
  38.0468
  38.0459
  38.0504
  38.0594
  38.0796
  38.1031
  38.1298
  38.1641
  38.1993
  38.2391
  38.2906
  38.3448
  38.4040
  38.4634
  38.5252
  38.5829
  38.6376
  38.6924
  38.7506
  38.8056
  38.8541
  38.8958
  38.9327
  38.9641
  38.9892
  39.0135
  39.0418
  39.0625
  39.0803
  39.0950
  39.1129
  39.1318
  39.1481
  39.1648
  39.1778
  39.1865
  39.1946
  39.1989
  39.1988
  39.1932
  39.1870
  39.1775
  39.1648
  39.1517
  39.1358
  39.1117
  39.0860
  39.0597
  39.0305
  38.9953
  38.9568
  38.9169
  38.8767
  38.8325
  38.7852
  38.7371
  38.6891
  38.6342
  38.5746
  38.5683
  38.4952
  38.4884
  38.4812
  38.4660
  38.4452
  38.4237
  38.4016
  38.3750
  38.3436
  38.3063
  38.2617
  38.2076
  38.1525
  38.0957
  38.0335
  37.9680
  37.8984
  37.8280
  37.7558
  37.6848
  37.6165
  37.5368
  37.4583
  37.3864
  37.3175
  37.2509
  37.1877
  37.1212
  37.0542
  36.9880
  36.9262
  36.8647
  36.7992
  36.7275
  36.6465
  36.5550
  36.4566
  36.3504
  36.2435
  36.1357
  36.0242
  35.9067
  35.7834
  35.6583
  35.5276
  35.3891
  35.2533
  35.1234
  35.0012
  34.8754
  34.7530
  34.6417
  34.5362
  34.4413
  34.3550
  34.2623
  34.1627
  34.0592
  33.9489
  33.8328
  33.7316
  33.6123
  33.5053
  33.3133
  33.1204
  32.9230
  32.7155
  32.5035
  32.2929
  32.0805
  31.8720
  31.6690
  31.4715
  31.2711
  31.0708
  30.8706
  30.6701
  30.4693
  30.2638
  30.0538
  29.8376
  29.6175
  29.4090
  29.1989
  28.9836
  28.7656
  28.5453
  28.3181
  28.0872
  27.8559
  27.6226
  27.3870
  27.1512
  26.9147
  26.6805
  26.4538
  26.2376
  26.0267
  25.8211
  25.6124
  25.4040
  25.1973
  24.9914
  24.7945
  24.6019
  24.4149
  24.2340
  24.0528
  23.8659
  23.6667
  23.4689
  23.2733
  23.0674
  22.8549
  22.6300
  22.3973
  22.1656
  21.9318
  21.7028
  21.4760
  21.2516
  21.0349
  20.8161
  20.5977
  20.3790
  20.1582
  19.9403
  19.7225
  19.5024
  19.2838
  19.0670
  18.8432
  18.6158
  18.3841
  18.1569
  17.9322
  17.7107
  17.4755
  17.2343
  16.9866
  16.7288
  16.4712
  16.2158
  15.9602
  15.7108
  15.4582
  15.2009
  14.9488
  14.7037
  14.4660
  14.2315
  13.9976
  13.7636
  13.5236
  13.2776
  13.0332
  12.7850
  12.5386
  12.2915
  12.0467
  11.8024
  11.5641
  11.3247
  11.0917
  10.8641
  10.6407
  10.4160
  10.1866
   9.9550
   9.7204
   9.4876
   9.2546
   9.0221
   8.7973
   8.5736
   8.3493
   8.1212
   7.9003
   7.6855
   7.4708
   7.2572
   7.0432
   6.8306
   6.6202
   6.4126
   6.2102
   6.0081
   5.8110
   5.6164
   5.4234
   5.2309
   5.0359
   4.8395
   4.6404
   4.4434
   4.2478
   4.0591
   3.8752
   3.7101
   3.5564
   3.4148
   3.2903
   3.1662
   3.0401
   2.9160
   2.7849
   2.6533
   2.5269
   2.3967
   2.2575
   2.1124
   1.9614
   1.8079
   1.6494
   1.4914
   1.3417
   1.1918
   1.0428
   0.8913
   0.7399
   0.5837
   0.4299
   0.2756
   0.1250
  -0.0299
  -0.1961
  -0.3699
  -0.5454
  -0.7127
  -0.8740
  -1.0298
  -1.0948
  -1.1566
  -1.2171
  -1.2830
  -1.3458
  -1.4004
  -1.4418
  -1.4810
  -1.5214
  -1.5655
  -1.6178
  -1.6703
  -1.7209
  -1.7661
  -1.8099
  -1.8556
  -1.8963
  -1.9383
  -1.9651
  -1.9856
  -2.0007
  -2.0109
  -2.0173
  -2.0216
  -2.0253
  -2.0326
  -2.0512
  -2.0764
  -2.1073
  -2.1390
