   -5.2443
   -5.1650
   -5.0906
   -5.0136
   -4.9387
   -4.8593
   -4.7744
   -4.6929
   -4.6116
   -4.5241
   -4.4328
   -4.3509
   -4.2732
   -4.1980
   -4.1238
   -4.0514
   -3.9813
   -3.9064
   -3.8315
   -3.7586
   -3.6958
   -3.6328
   -3.5685
   -3.5082
   -3.4435
   -3.3909
   -3.3356
   -3.2904
   -3.2380
   -3.1773
   -3.1238
   -3.0621
   -3.0064
   -2.9474
   -2.8813
   -2.8016
   -2.7201
   -2.6279
   -2.5318
   -2.4342
   -2.3339
   -2.2365
   -2.1313
   -2.0328
   -1.9421
   -1.8545
   -1.7787
   -1.7053
   -1.6419
   -1.5872
   -1.5371
   -1.4991
   -1.4729
   -1.4539
   -1.4493
   -1.4427
   -1.4435
   -1.4297
   -1.4206
   -1.4188
   -1.4262
   -1.4331
   -1.4391
   -1.4517
   -1.4664
   -1.4834
   -1.5030
   -1.5196
   -1.5387
   -1.5585
   -1.5816
   -1.6013
   -1.6100
   -1.6226
   -1.6325
   -1.6457
   -1.6597
   -1.6660
   -1.6811
   -1.6896
   -1.7042
   -1.7214
   -1.7341
   -1.7551
   -1.7766
   -1.8036
   -1.8262
   -1.8442
   -1.8635
   -1.8879
   -1.9204
   -1.9531
   -1.9893
   -2.0295
   -2.0801
   -2.1373
   -2.2095
   -2.2894
   -2.3864
   -2.4884
   -2.5976
   -2.7154
   -2.8239
   -2.9396
   -3.0481
   -3.1574
   -3.2616
   -3.3627
   -3.4628
   -3.5580
   -3.6407
   -3.7128
   -3.7683
   -3.8065
   -3.8398
   -3.8745
   -3.9056
   -3.9232
   -3.9316
   -3.9318
   -3.9235
   -3.9142
   -3.8992
   -3.8909
   -3.8948
   -3.9045
   -3.9139
   -3.9238
   -3.9399
   -3.9571
   -3.9889
   -4.0183
   -4.0556
   -4.1080
   -4.1703
   -4.2372
   -4.2999
   -4.3704
   -4.4473
   -4.5163
   -4.5960
   -4.6683
   -4.7338
   -4.8111
   -4.8798
   -4.9519
   -5.0181
   -5.0835
   -5.1542
   -5.2204
   -5.2856
   -5.3466
   -5.4120
   -5.4736
   -5.5368
   -5.5991
   -5.6591
   -5.7075
   -5.7533
   -5.7882
   -5.8196
   -5.8498
   -5.8705
   -5.8937
   -5.9135
   -5.9324
   -5.9522
   -5.9765
   -5.9984
   -6.0191
   -6.0419
   -6.0701
   -6.1095
   -6.1544
   -6.2079
   -6.2641
   -6.3194
   -6.3733
   -6.4380
   -6.5106
   -6.5806
   -6.6658
   -6.7501
   -6.8378
   -6.9146
   -6.9769
   -7.0317
   -7.0835
   -7.1325
   -7.1791
   -7.2202
   -7.2483
   -7.2802
   -7.3061
   -7.3307
   -7.3386
   -7.3502
   -7.3592
   -7.3639
   -7.3681
   -7.3791
   -7.3838
   -7.3901
   -7.4012
   -7.4071
   -7.4172
   -7.4247
   -7.4343
   -7.4467
   -7.4567
   -7.4677
   -7.4801
   -7.4915
   -7.4930
   -7.5027
   -7.5077
   -7.5106
   -7.5128
   -7.5131
   -7.5169
   -7.5199
   -7.5303
   -7.5327
   -7.5398
   -7.5534
   -7.5772
   -7.5970
   -7.6127
   -7.6325
   -7.6531
   -7.6779
   -7.7078
   -7.7402
   -7.7720
   -7.8057
   -7.8378
   -7.8684
   -7.8991
   -7.9279
   -7.9531
   -7.9805
   -8.0165
   -8.0529
   -8.0874
   -8.1162
   -8.1506
   -8.1828
   -8.2118
   -8.2452
   -8.2840
   -8.3191
   -8.3542
   -8.3912
   -8.4292
   -8.4624
   -8.4947
   -8.5152
   -8.5320
   -8.5434
   -8.5548
   -8.5661
   -8.5752
   -8.5937
   -8.6108
   -8.6303
   -8.6448
   -8.6577
   -8.6731
   -8.6812
   -8.6914
   -8.6937
   -8.6831
   -8.6698
   -8.6584
   -8.6489
   -8.6283
   -8.6057
   -8.5827
   -8.5662
   -8.5510
   -8.5343
   -8.5258
   -8.5090
   -8.4940
   -8.4736
   -8.4554
   -8.4300
   -8.4104
   -8.3942
   -8.3749
   -8.3542
   -8.3315
   -8.3092
   -8.2862
   -8.2671
   -8.2455
   -8.2314
   -8.2176
   -8.2047
   -8.1990
   -8.1945
   -8.1938
   -8.1873
   -8.1791
   -8.1688
   -8.1680
   -8.1543
   -8.1454
   -8.1383
   -8.1362
   -8.1268
   -8.1154
   -8.0971
   -8.0895
   -8.0776
   -8.0645
   -8.0476
   -8.0408
   -8.0320
   -8.0292
   -8.0222
   -8.0132
   -7.9976
   -7.9707
   -7.9447
   -7.9105
   -7.8809
   -7.8567
   -7.8279
   -7.8036
   -7.7826
   -7.7645
   -7.7588
   -7.7503
   -7.7427
   -7.7282
   -7.7273
   -7.7283
   -7.7295
   -7.7235
   -7.7176
   -7.7127
   -7.7032
   -7.6963
   -7.6897
   -7.6836
   -7.6755
   -7.6636
   -7.6536
   -7.6426
   -7.6309
   -7.6156
   -7.5985
   -7.5765
   -7.5525
   -7.5222
   -7.4931
   -7.4573
   -7.4205
   -7.3744
   -7.3282
   -7.2799
   -7.2280
   -7.1746
   -7.1164
   -7.0646
   -7.0020
   -6.9460
   -6.8910
   -6.8300
   -6.7605
   -6.6962
   -6.6365
   -6.5870
   -6.5242
   -6.4645
   -6.4110
   -6.3532
   -6.2969
   -6.2376
   -6.1760
   -6.1144
   -6.0474
   -5.9913
   -5.9285
   -5.8678
   -5.8024
   -5.7309
   -5.6560
   -5.5842
   -5.5126
   -5.4321
   -5.3563
   -5.2741
   -5.1976
   -5.1187
   -5.0452
   -4.9709
   -4.8945
   -4.8166
   -4.7459
   -4.6765
   -4.6067
   -4.5400
   -4.4710
   -4.4049
   -4.3429
   -4.2788
   -4.2203
   -4.1589
   -4.1017
   -4.0442
   -3.9932
   -3.9434
   -3.8952
   -3.8458
   -3.8005
   -3.7529
   -3.7089
   -3.6647
   -3.6260
   -3.5815
   -3.5396
   -3.4989
   -3.4634
   -3.4271
   -3.3941
   -3.3643
   -3.3403
   -3.3075
   -3.2817
   -3.2565
   -3.2283
   -3.2009
   -3.1689
   -3.1383
   -3.1096
   -3.0849
   -3.0631
   -3.0456
   -3.0283
   -3.0114
   -2.9946
   -2.9807
   -2.9620
   -2.9529
   -2.9380
   -2.9279
   -2.9226
   -2.9189
   -2.9153
   -2.9113
   -2.9111
   -2.9101
   -2.9119
   -2.9152
   -2.9160
   -2.9170
   -2.9157
   -2.9149
   -2.9173
   -2.9140
   -2.9127
   -2.9128
   -2.9128
   -2.9142
   -2.9175
   -2.9174
   -2.9189
   -2.9198
   -2.9205
   -2.9187
   -2.9156
   -2.9113
   -2.9082
   -2.9046
   -2.9018
   -2.8993
   -2.8987
   -2.9007
   -2.9055
   -2.9163
   -2.9283
   -2.9403
   -2.9518
   -2.9627
   -2.9751
   -2.9823
   -2.9875
   -2.9887
   -2.9912
   -2.9925
   -2.9926
   -2.9941
   -2.9937
   -2.9933
   -2.9972
   -2.9993
   -2.9983
   -2.9981
   -2.9997
   -3.0050
   -3.0127
   -3.0230
   -3.0393
   -3.0560
   -3.0702
   -3.0844
   -3.0962
   -3.1036
   -3.1093
   -3.1133
   -3.1170
   -3.1196
   -3.1221
   -3.1303
   -3.1388
   -3.1530
   -3.1728
   -3.1906
   -3.2113
   -3.2292
   -3.2444
   -3.2578
   -3.2682
   -3.2741
   -3.2793
   -3.2823
   -3.2885
   -3.2900
   -3.2930
   -3.2961
   -3.2980
   -3.2965
   -3.2942
   -3.2902
   -3.2850
   -3.2814
   -3.2768
   -3.2670
   -3.2526
   -3.2381
   -3.2208
   -3.2032
   -3.1845
   -3.1659
   -3.1457
   -3.1259
   -3.1081
   -3.0908
   -3.0746
   -3.0605
   -3.0507
   -3.0406
   -3.0300
   -3.0214
   -3.0139
   -3.0059
   -2.9981
   -2.9902
   -2.9820
   -2.9687
   -2.9562
   -2.9450
   -2.9310
   -2.9208
   -2.9089
   -2.9035
   -2.8981
   -2.8993
   -2.9011
   -2.9028
   -2.9090
   -2.9137
   -2.9155
   -2.9166
   -2.9078
   -2.8985
   -2.8864
   -2.8728
   -2.8479
   -2.8337
   -2.8057
   -2.7843
   -2.7617
   -2.7407
   -2.7228
   -2.7036
   -2.6828
   -2.6577
   -2.6340
   -2.6116
   -2.5862
   -2.5583
   -2.5350
   -2.5121
   -2.4877
   -2.4621
   -2.4305
   -2.4008
   -2.3716
   -2.3400
   -2.3152
   -2.2813
   -2.2532
   -2.2237
   -2.1913
   -2.1662
   -2.1378
   -2.1079
   -2.0813
   -2.0525
   -2.0248
   -1.9959
   -1.9629
   -1.9333
   -1.8999
   -1.8667
   -1.8277
   -1.7896
   -1.7486
   -1.7102
   -1.6736
   -1.6282
   -1.5768
   -1.5338
   -1.4837
   -1.4390
   -1.3887
   -1.3413
   -1.2880
   -1.2345
   -1.1800
   -1.1238
   -1.0719
   -1.0257
   -0.9814
   -0.9445
   -0.9031
   -0.8644
   -0.8211
   -0.7922
   -0.7506
   -0.7179
   -0.6821
   -0.6409
   -0.6022
   -0.5620
   -0.5229
   -0.4897
   -0.4649
   -0.4388
   -0.4070
   -0.3838
   -0.3612
   -0.3405
   -0.3165
   -0.2938
   -0.2805
   -0.2639
   -0.2545
   -0.2394
   -0.2311
   -0.2104
   -0.2006
   -0.1823
   -0.1597
   -0.1424
   -0.1151
   -0.0887
   -0.0542
   -0.0191
    0.0180
    0.0562
    0.0962
    0.1314
    0.1670
    0.2064
    0.2436
    0.2849
    0.3287
    0.3695
    0.4132
    0.4574
    0.4936
    0.5199
    0.5499
    0.5797
    0.6123
    0.6494
    0.6851
    0.7219
    0.7567
    0.7961
    0.8456
    0.8985
    0.9659
    1.0354
    1.1039
    1.1689
    1.2224
    1.2711
    1.3205
    1.3747
    1.4341
    1.4912
    1.5433
    1.6015
    1.6649
    1.7330
    1.8167
    1.9105
    2.0018
    2.0912
    2.1846
    2.2715
    2.3573
    2.4383
    2.5166
    2.5975
    2.6717
    2.7502
    2.8231
    2.8985
    2.9731
    3.0537
    3.1371
    3.2192
    3.3055
    3.3942
    3.4778
    3.5565
    3.6422
    3.7231
    3.8081
    3.8963
    3.9923
    4.0963
    4.2012
    4.3069
    4.4073
    4.5116
    4.6162
    4.7250
    4.8329
    4.9501
    5.0728
    5.2038
    5.3336
    5.4727
    5.6051
    5.7481
    5.8848
    6.0245
    6.1524
    6.2707
    6.3903
    6.4966
    6.6024
    6.7174
    6.8270
    6.9523
    7.0777
    7.2060
    7.3279
    7.4460
    7.5645
    7.6852
    7.8016
    7.9175
    8.0278
    8.1311
    8.2370
    8.3428
    8.4531
    8.5626
    8.6748
    8.7959
    8.9194
    9.0450
    9.1739
    9.3067
    9.4467
    9.5824
    9.7150
    9.8436
    9.9713
   10.0925
   10.2081
   10.3285
   10.4444
   10.5706
   10.6901
   10.8051
   10.9159
   11.0312
   11.1471
   11.2574
   11.3717
   11.4824
   11.6094
   11.7302
   11.8448
   11.9561
   12.0654
   12.1756
   12.2777
   12.3800
   12.4787
   12.5753
   12.6693
   12.7655
   12.8469
   12.9284
   13.0062
   13.0869
   13.1703
   13.2511
   13.3302
   13.4080
   13.4776
   13.5504
   13.6195
   13.6891
   13.7514
   13.8205
   13.8788
   13.9393
   13.9904
   14.0458
   14.0891
   14.1300
   14.1666
   14.1874
   14.2024
   14.2002
   14.2061
   14.2114
   14.2158
   14.2160
   14.2210
   14.2228
   14.2175
   14.2083
   14.1912
   14.1801
   14.1606
   14.1427
   14.1259
   14.1114
   14.0931
   14.0741
   14.0475
   14.0205
   13.9937
   13.9655
   13.9242
   13.8782
   13.8226
   13.7593
   13.6972
   13.6156
   13.5396
   13.4614
   13.3789
   13.2871
   13.1915
   13.0851
   12.9737
   12.8624
   12.7471
   12.6258
   12.5094
   12.3973
   12.2829
   12.1699
   12.0577
   11.9463
   11.8432
   11.7353
   11.6340
   11.5343
   11.4369
   11.3379
   11.2443
   11.1542
   11.0600
   10.9730
   10.8880
   10.8109
   10.7333
   10.6592
   10.5898
   10.5262
   10.4707
   10.4232
   10.3927
   10.3589
   10.3256
   10.2859
   10.2468
   10.1990
   10.1561
   10.1083
   10.0628
   10.0319
    9.9922
    9.9663
    9.9387
    9.9130
    9.8755
    9.8342
    9.7938
    9.7548
    9.7241
    9.6915
    9.6671
    9.6523
    9.6434
    9.6409
    9.6503
    9.6535
    9.6599
    9.6688
    9.6838
    9.7076
    9.7377
    9.7745
    9.8132
    9.8554
    9.8940
    9.9360
    9.9786
   10.0072
   10.0392
   10.0732
   10.1051
   10.1333
   10.1603
   10.1752
   10.1974
   10.2169
   10.2387
   10.2546
   10.2726
   10.2821
   10.2930
   10.3104
   10.3202
   10.3341
   10.3456
   10.3548
   10.3632
   10.3702
   10.3791
   10.3767
   10.3696
   10.3572
   10.3404
   10.3245
   10.3106
   10.2990
   10.2894
   10.2799
   10.2818
   10.2810
   10.2756
   10.2723
   10.2735
   10.2701
   10.2696
   10.2766
   10.2850
   10.2949
   10.2966
   10.2929
   10.2859
   10.2714
   10.2515
   10.2233
   10.1990
   10.1615
   10.1248
   10.0883
   10.0508
   10.0108
    9.9754
    9.9387
    9.8945
    9.8629
    9.8302
    9.7895
    9.7355
    9.6644
    9.6080
    9.5460
    9.4867
    9.4169
    9.3499
    9.2749
    9.1973
    9.1184
    9.0360
    8.9584
    8.8915
    8.8287
    8.7709
    8.7119
    8.6413
    8.5768
    8.5012
    8.4218
    8.3437
    8.2698
    8.1931
    8.1055
    8.0236
    7.9424
    7.8654
    7.7924
    7.7269
    7.6575
    7.5869
    7.5246
    7.4659
    7.4073
    7.3579
    7.2986
    7.2392
    7.1660
    7.0960
    7.0135
    6.9251
    6.8362
    6.7499
    6.6737
    6.6194
    6.5794
    6.5458
    6.5094
    6.4594
    6.3993
    6.3225
    6.2432
    6.1590
    6.0726
    5.9847
    5.8945
    5.8036
    5.7172
    5.6285
    5.5372
    5.4506
    5.3815
    5.3408
    5.3026
    5.2654
    5.2249
    5.1881
    5.1527
    5.1160
    5.0843
    5.0584
    5.0394
    5.0155
    4.9895
    4.9643
    4.9382
    4.9166
    4.9057
    4.8912
    4.8793
    4.8623
    4.8459
    4.8309
    4.8210
    4.8183
    4.8199
    4.8176
    4.8155
    4.7963
    4.7705
    4.7386
    4.7138
    4.6775
    4.6356
    4.5878
    4.5294
    4.4824
    4.4275
    4.3722
    4.3145
    4.2588
    4.2070
    4.1593
    4.1019
    4.0434
    3.9610
    3.8577
    3.7576
    3.6642
    3.5937
    3.5334
    3.4831
    3.4313
    3.3783
    3.3287
    3.2748
    3.2112
    3.1427
    3.0724
    3.0016
    2.9232
    2.8498
    2.7736
    2.6851
    2.5805
    2.4767
    2.3762
    2.2782
    2.1832
    2.0887
    1.9969
    1.9036
    1.8007
    1.7024
    1.6015
    1.4947
    1.3748
    1.2488
    1.1055
    0.9643
    0.8207
    0.6799
    0.5442
    0.4028
    0.2651
    0.1198
   -0.0199
   -0.1511
   -0.2858
   -0.4018
   -0.5154
   -0.6276
   -0.7450
   -0.8666
   -0.9901
   -1.1198
   -1.2497
   -1.3865
   -1.5163
   -1.6424
   -1.7669
   -1.8866
   -2.0002
   -2.1162
   -2.2253
   -2.3469
   -2.4667
   -2.5893
   -2.7110
   -2.8472
   -2.9949
   -3.1479
   -3.2964
   -3.4481
   -3.5909
   -3.7321
   -3.8691
   -4.0033
   -4.1276
   -4.2562
   -4.3908
   -4.5140
   -4.6395
   -4.7698
   -4.9017
   -5.0268
   -5.1563
   -5.2903
   -5.4137
   -5.5393
   -5.6523
   -5.7573
   -5.8692
   -5.9752
   -6.0860
   -6.1919
   -6.2996
   -6.3926
   -6.4871
   -6.5730
   -6.6561
   -6.7304
   -6.7973
   -6.8736
   -6.9391
   -7.0054
   -7.0750
   -7.1427
   -7.2123
   -7.2875
   -7.3695
   -7.4656
   -7.5565
   -7.6435
   -7.7135
   -7.7751
   -7.8394
   -7.9116
   -7.9841
   -8.0431
   -8.0786
   -8.1305
   -8.1906
   -8.2445
   -8.2923
   -8.3484
   -8.4013
   -8.4598
   -8.5173
   -8.5794
   -8.6373
   -8.6925
   -8.7555
   -8.8170
   -8.8709
   -8.9177
   -8.9733
   -9.0332
   -9.0942
   -9.1657
   -9.2334
   -9.2946
   -9.3470
   -9.4045
   -9.4516
   -9.5035
   -9.5566
   -9.6070
   -9.6488
   -9.7015
   -9.7476
   -9.8020
   -9.8605
   -9.9132
   -9.9742
  -10.0322
  -10.0953
  -10.1566
  -10.2228
  -10.2762
  -10.3368
  -10.3989
  -10.4674
  -10.5300
  -10.5783
  -10.6296
  -10.6881
  -10.7374
  -10.7855
  -10.8337
  -10.8787
  -10.9189
  -10.9474
  -10.9683
  -10.9931
  -11.0186
  -11.0493
  -11.0587
  -11.0519
  -11.0405
  -11.0397
  -11.0653
  -11.0728
  -11.0713
  -11.0772
  -11.0871
  -11.0883
  -11.0835
  -11.0727
  -11.0524
  -11.0422
  -11.0238
  -11.0073
  -10.9807
  -10.9578
  -10.9362
  -10.9258
  -10.9090
  -10.8835
  -10.8512
  -10.8092
  -10.7730
  -10.7330
  -10.7062
  -10.6711
  -10.6460
  -10.6056
  -10.5652
  -10.5262
  -10.4927
  -10.4589
  -10.4238
  -10.3885
  -10.3580
  -10.3327
  -10.2986
  -10.2695
  -10.2374
  -10.2052
  -10.1758
  -10.1517
  -10.1249
  -10.0966
  -10.0721
  -10.0545
  -10.0523
  -10.0564
  -10.0583
  -10.0603
  -10.0732
  -10.0863
  -10.0922
  -10.0950
  -10.0953
  -10.1023
  -10.1067
  -10.1145
  -10.1205
  -10.1392
  -10.1599
  -10.1790
  -10.1956
  -10.2068
  -10.2202
  -10.2275
  -10.2386
  -10.2410
  -10.2540
  -10.2640
  -10.2767
  -10.2853
  -10.2903
  -10.2936
  -10.2975
  -10.3096
  -10.3179
  -10.3279
  -10.3351
  -10.3440
  -10.3490
  -10.3571
  -10.3630
  -10.3596
  -10.3578
  -10.3519
  -10.3459
  -10.3357
  -10.3353
  -10.3333
  -10.3198
  -10.3031
  -10.2794
  -10.2656
  -10.2473
  -10.2258
  -10.2029
  -10.1757
  -10.1450
  -10.1110
  -10.0734
  -10.0301
   -9.9910
   -9.9465
   -9.9028
   -9.8543
   -9.7953
   -9.7367
   -9.6722
   -9.6060
   -9.5344
   -9.4580
   -9.3793
   -9.3066
   -9.2437
   -9.1808
   -9.1112
   -9.0465
   -8.9881
   -8.9250
   -8.8560
   -8.7871
   -8.7214
   -8.6530
   -8.5842
   -8.5153
   -8.4533
   -8.3880
   -8.3257
   -8.2577
   -8.1879
   -8.1096
   -8.0389
   -7.9541
   -7.8779
   -7.7940
   -7.7056
   -7.6209
   -7.5280
   -7.4497
   -7.3662
   -7.2870
   -7.2088
   -7.1449
   -7.0781
   -7.0141
   -6.9539
   -6.8947
   -6.8383
   -6.7792
   -6.7241
   -6.6758
   -6.6224
   -6.5688
   -6.5056
   -6.4440
   -6.3759
   -6.3038
   -6.2345
   -6.1664
   -6.0955
   -6.0225
   -5.9345
   -5.8497
   -5.7610
   -5.6883
   -5.6147
   -5.5422
   -5.4547
