   5.5828
   5.3852
   5.1852
   4.9819
   4.7774
   4.5739
   4.3697
   4.1669
   3.9670
   3.7746
   3.5862
   3.3971
   3.2043
   3.0122
   2.8174
   2.6207
   2.4233
   2.2252
   2.0272
   1.8296
   1.6355
   1.4463
   1.2598
   1.0737
   0.8904
   0.7066
   0.5234
   0.3404
   0.1533
  -0.0375
  -0.2315
  -0.3094
  -0.3821
  -0.4505
  -0.5142
  -0.5740
  -0.6270
  -0.6740
  -0.7181
  -0.7635
  -0.8094
  -0.8579
  -0.9079
  -0.9590
  -1.0106
  -1.0638
  -1.1173
  -1.1700
  -1.2221
  -1.2734
  -1.3285
  -1.3813
  -1.4342
  -1.4853
  -1.5379
  -1.5895
  -1.6401
  -1.6901
  -1.7382
  -1.7849
  -1.8291
  -1.8739
  -1.9170
  -1.9560
  -1.9936
  -2.0295
  -2.0612
  -2.0879
  -2.1140
  -2.1381
  -2.1600
  -2.1802
  -2.2017
  -2.2179
  -2.2334
  -2.2468
  -2.2575
  -2.2687
  -2.2784
  -2.2883
  -2.2981
  -2.3127
  -2.3290
  -2.3452
  -2.3633
  -2.3847
  -2.4064
  -2.4279
  -2.4514
  -2.4737
  -2.4953
  -2.5136
  -2.5343
  -2.5552
  -2.5726
  -2.5869
  -2.5982
  -2.6096
  -2.6212
  -2.6324
  -2.6408
  -2.6457
  -2.6505
  -2.6537
  -2.6563
  -2.6577
  -2.6578
  -2.6548
  -2.6512
  -2.6484
  -2.6451
  -2.6398
  -2.6343
  -2.6277
  -2.6204
  -2.6080
  -2.5955
  -2.5817
  -2.6036
  -2.6299
  -2.6560
  -2.6794
  -2.7004
  -2.7223
  -2.7468
  -2.7721
  -2.7963
  -2.8231
  -2.8520
  -2.8764
  -2.8996
  -2.9271
  -2.9567
  -2.9805
  -3.0085
  -3.0404
  -3.0704
  -3.1038
  -3.1381
  -3.1720
  -3.2076
  -3.2432
  -3.2759
  -3.3059
  -3.3372
  -3.3657
  -3.3907
  -3.4044
  -3.4168
  -3.4236
  -3.4267
  -3.4306
  -3.4381
  -3.4480
  -3.4570
  -3.4715
  -3.4895
  -3.5117
  -3.5354
  -3.5607
  -3.5831
  -3.6034
  -3.6217
  -3.6380
  -3.6526
  -3.6647
  -3.6777
  -3.6945
  -3.7128
  -3.7309
  -3.7462
  -3.7602
  -3.7719
  -3.7837
  -3.7952
  -3.8074
  -3.8224
  -3.8141
  -3.8062
  -3.7842
  -3.7597
  -3.7368
  -3.7145
  -3.6962
  -3.6785
  -3.6590
  -3.6394
  -3.6200
  -3.5987
  -3.5807
  -3.5677
  -3.5588
  -3.5500
  -3.5402
  -3.5374
  -3.5347
  -3.5308
  -3.5282
  -3.5238
  -3.5191
  -3.5162
  -3.5087
  -3.5027
  -3.4989
  -3.4966
  -3.4923
  -3.4887
  -3.4857
  -3.4933
  -3.4904
  -3.4955
  -3.5023
  -3.5090
  -3.5165
  -3.5244
  -3.5309
  -3.5357
  -3.5379
  -3.5368
  -3.5321
  -3.5257
  -3.5214
  -3.5180
  -3.5152
  -3.5113
  -3.5132
  -3.5148
  -3.5162
  -3.5137
  -3.5097
  -3.5049
  -3.4982
  -3.4955
  -3.4894
  -3.4831
  -3.4763
  -3.4722
  -3.4687
  -3.4641
  -3.4606
  -3.4585
  -3.4574
  -3.4511
  -3.4473
  -3.4435
  -3.4360
  -3.4319
  -3.4249
  -3.4195
  -3.4149
  -3.4066
  -3.3983
  -3.3890
  -3.3804
  -3.3725
  -3.3622
  -3.3554
  -3.3464
  -3.3420
  -3.3358
  -3.3295
  -3.3222
  -3.3183
  -3.3170
  -3.3193
  -3.3259
  -3.3378
  -3.3541
  -3.3740
  -3.3950
  -3.4293
  -3.4573
  -3.4871
  -3.5141
  -3.5393
  -3.5615
  -3.5843
  -3.6064
  -3.6294
  -3.6551
  -3.6857
  -3.7167
  -3.7487
  -3.7832
  -3.8210
  -3.8591
  -3.8953
  -3.9315
  -3.9670
  -4.0016
  -4.0353
  -4.0682
  -4.1013
  -4.1272
  -4.1536
  -4.1791
  -4.2017
  -4.2190
  -4.2351
  -4.2514
  -4.2666
  -4.2785
  -4.2885
  -4.3038
  -4.3176
  -4.3288
  -4.3429
  -4.3563
  -4.3717
  -4.3853
  -4.3992
  -4.4106
  -4.4185
  -4.4241
  -4.4260
  -4.4255
  -4.4229
  -4.4143
  -4.4070
  -4.3944
  -4.3841
  -4.3742
  -4.3653
  -4.3595
  -4.3532
  -4.3452
  -4.3357
  -4.3228
  -4.3076
  -4.2900
  -4.2698
  -4.2489
  -4.2290
  -4.2060
  -4.1848
  -4.1622
  -4.1396
  -4.1162
  -4.0920
  -4.0643
  -4.0340
  -3.9998
  -3.9639
  -3.9266
  -3.8878
  -3.8467
  -3.8064
  -3.7637
  -3.7227
  -3.6790
  -3.6334
  -3.5868
  -3.5395
  -3.4938
  -3.4499
  -3.4081
  -3.3667
  -3.3291
  -3.2943
  -3.2588
  -3.2250
  -3.1904
  -3.1567
  -3.1206
  -3.0828
  -3.0442
  -3.0056
  -2.9677
  -2.9306
  -2.8936
  -2.8560
  -2.8182
  -2.7839
  -2.7521
  -2.7214
  -2.6925
  -2.6650
  -2.6375
  -2.6128
  -2.5873
  -2.5627
  -2.5379
  -2.5118
  -2.4841
  -2.4528
  -2.4188
  -2.3802
  -2.3381
  -2.2941
  -2.2466
  -2.1978
  -2.1488
  -2.0995
  -2.0515
  -2.0066
  -1.9634
  -1.9242
  -1.8859
  -1.8490
  -1.8128
  -1.7782
  -1.7452
  -1.7139
  -1.6833
  -1.6532
  -1.6247
  -1.5976
  -1.5713
  -1.5463
  -1.5220
  -1.4994
  -1.4784
  -1.4598
  -1.4435
  -1.4271
  -1.4123
  -1.3982
  -1.3848
  -1.3703
  -1.3581
  -1.3461
  -1.3349
  -1.3249
  -1.3142
  -1.3058
  -1.2999
  -1.2970
  -1.2950
  -1.2914
  -1.2901
  -1.2910
  -1.2958
  -1.3005
  -1.3059
  -1.3112
  -1.3182
  -1.3240
  -1.3283
  -1.3308
  -1.3340
  -1.3378
  -1.3398
  -1.3401
  -1.3406
  -1.3437
  -1.3482
  -1.3552
  -1.3623
  -1.3711
  -1.3798
  -1.3899
  -1.4002
  -1.4109
  -1.4196
  -1.4262
  -1.4281
  -1.4279
  -1.4268
  -1.4242
  -1.4191
  -1.4133
  -1.4060
  -1.3972
  -1.3875
  -1.3780
  -1.3677
  -1.3551
  -1.3435
  -1.3279
  -1.3099
  -1.2912
  -1.2712
  -1.2506
  -1.2294
  -1.2061
  -1.1829
  -1.1606
  -1.1376
  -1.1158
  -1.0950
  -1.0736
  -1.0515
  -1.0279
  -1.0022
  -0.9773
  -0.9509
  -0.9223
  -0.8905
  -0.8562
  -0.8218
  -0.7843
  -0.7446
  -0.7033
  -0.6638
  -0.6243
  -0.5864
  -0.5476
  -0.5098
  -0.4721
  -0.4370
  -0.4002
  -0.3626
  -0.3269
  -0.2926
  -0.2573
  -0.2211
  -0.1832
  -0.1458
  -0.1107
  -0.0762
  -0.0434
  -0.0150
   0.0083
   0.0275
   0.0421
   0.0510
   0.0545
   0.0525
   0.0506
   0.0463
   0.0374
   0.0277
   0.0176
   0.0052
  -0.0094
  -0.0245
  -0.0412
  -0.0595
  -0.0779
  -0.1005
  -0.1258
  -0.1528
  -0.1829
  -0.2146
  -0.2463
  -0.2786
  -0.3094
  -0.3378
  -0.3661
  -0.3948
  -0.4249
  -0.4548
  -0.4870
  -0.5208
  -0.5578
  -0.5956
  -0.6341
  -0.6733
  -0.7142
  -0.7560
  -0.7993
  -0.8435
  -0.8859
  -0.9282
  -0.9682
  -1.0066
  -1.0443
  -1.0812
  -1.1182
  -1.1576
  -1.1961
  -1.2363
  -1.2764
  -1.3149
  -1.3533
  -1.3917
  -1.4284
  -1.4650
  -1.4985
  -1.5314
  -1.5629
  -1.5936
  -1.6209
  -1.6457
  -1.6679
  -1.6861
  -1.6994
  -1.7103
  -1.7166
  -1.7205
  -1.7220
  -1.7197
  -1.7149
  -1.7096
  -1.7025
  -1.6923
  -1.6821
  -1.6695
  -1.6550
  -1.6360
  -1.6127
  -1.5844
  -1.5510
  -1.5134
  -1.4748
  -1.4362
  -1.3979
  -1.3663
  -1.3400
  -1.3217
  -1.3097
  -1.3006
  -1.2941
  -1.2877
  -1.2771
  -1.2612
  -1.2385
  -1.2089
  -1.1751
  -1.1369
  -1.0954
  -1.0524
  -1.0085
  -0.9656
  -0.9220
  -0.8819
  -0.8443
  -0.8068
  -0.7702
  -0.7333
  -0.6949
  -0.6580
  -0.6201
  -0.5838
  -0.5498
  -0.5175
  -0.4878
  -0.4588
  -0.4297
  -0.4038
  -0.3786
  -0.3566
  -0.3368
  -0.3177
  -0.2976
  -0.2799
  -0.2635
  -0.2486
  -0.2344
  -0.2225
  -0.2113
  -0.2017
  -0.1945
  -0.1912
  -0.1896
  -0.1915
  -0.1951
  -0.2007
  -0.2089
  -0.2181
  -0.2292
  -0.2443
  -0.2677
  -0.2988
  -0.3339
  -0.3671
  -0.4028
  -0.4407
  -0.4726
  -0.4990
  -0.5166
  -0.5246
  -0.5264
  -0.5223
  -0.5173
  -0.5151
  -0.5164
  -0.5229
  -0.5346
  -0.5506
  -0.5699
  -0.5926
  -0.6159
  -0.6401
  -0.6643
  -0.6882
  -0.7104
  -0.7309
  -0.7513
  -0.7726
  -0.7930
  -0.8159
  -0.8389
  -0.8621
  -0.8846
  -0.9072
  -0.9299
  -0.9534
  -0.9788
  -1.0049
  -1.0275
  -1.0486
  -1.0657
  -1.0785
  -1.0881
  -1.0952
  -1.0967
  -1.0951
  -1.0913
  -1.0850
  -1.0731
  -1.0590
  -1.0384
  -1.0124
  -0.9809
  -0.9455
  -0.9028
  -0.8563
  -0.8068
  -0.7548
  -0.6999
  -0.6412
  -0.5797
  -0.5125
  -0.4387
  -0.3628
  -0.2858
  -0.2065
  -0.1255
  -0.0430
   0.0444
   0.1253
   0.1919
   0.2566
   0.3196
   0.3834
   0.4438
   0.4972
   0.5478
   0.5958
   0.6447
   0.6927
   0.7408
   0.7894
   0.8356
   0.8792
   0.9227
   0.9664
   1.0119
   1.0600
   1.1072
   1.1500
   1.1912
   1.2323
   1.2727
   1.3130
   1.3568
   1.4023
   1.4496
   1.4978
   1.5486
   1.6010
   1.6599
   1.7172
   1.7693
   1.8182
   1.8723
   1.9276
   1.9832
   2.0383
   2.0901
   2.1345
   2.1757
   2.2165
   2.2563
   2.2905
   2.3198
   2.3428
   2.3638
   2.3844
   2.4054
   2.4259
   2.4420
   2.4542
   2.4665
   2.4775
   2.4879
   2.4953
   2.5018
   2.5100
   2.5184
   2.5226
   2.5340
   2.5581
   2.5822
   2.6063
   2.6320
   2.6612
   2.7000
   2.7423
   2.7855
   2.8270
   2.8726
   2.9174
   2.9648
   3.0204
   3.0820
   3.1461
   3.2149
   3.2869
   3.3581
   3.4334
   3.5134
   3.5958
   3.6815
   3.7695
   3.8601
   3.9489
   4.0401
   4.1370
   4.2370
   4.3368
   4.4363
   4.5310
   4.6289
   4.7310
   4.8379
   4.9379
   5.0360
   5.1338
   5.2349
   5.3375
   5.4469
   5.5604
   5.6703
   5.7784
   5.8899
   6.0021
   6.1152
   6.2299
   6.3485
   6.4721
   6.5983
   6.7255
   6.8583
   6.9911
   7.1222
   7.2540
   7.3867
   7.5221
   7.6564
   7.7864
   7.9149
   8.0443
   8.1754
   8.3069
   8.4400
   8.5690
   8.6961
   8.8213
   8.9432
   9.0694
   9.2005
   9.3301
   9.4604
   9.5896
   9.7179
   9.8453
   9.9742
  10.0997
  10.2211
  10.3432
  10.4618
  10.5789
  10.6987
  10.8168
  10.9333
  11.0472
  11.1658
  11.2876
  11.4095
  11.5313
  11.6524
  11.7735
  11.8937
  12.0122
  12.1299
  12.2444
  12.3588
  12.4715
  12.5841
  12.6949
  12.8072
  12.9196
  13.0326
  13.1472
  13.2633
  13.3809
  13.5002
  13.6202
  13.7378
  13.8506
  13.9567
  14.0591
  14.1604
  14.2560
  14.3481
  14.4392
  14.5288
  14.6211
  14.7126
  14.8036
  14.8989
  14.9966
  15.0918
  15.1862
  15.2837
  15.3805
  15.4782
  15.5795
  15.6853
  15.7956
  15.9023
  16.0074
  16.1116
  16.2176
  16.3246
  16.4307
  16.5354
  16.6361
  16.7319
  16.8244
  16.9126
  16.9977
  17.0750
  17.1482
  17.2214
  17.2964
  17.3774
  17.4594
  17.5315
  17.5968
  17.6580
  17.7227
  17.7851
  17.8425
  17.8943
  17.9475
  18.0058
  18.0778
  18.1591
  18.2482
  18.3485
  18.4576
  18.5719
  18.6867
  18.7990
  18.9073
  19.0124
  19.1167
  19.2184
  19.3174
  19.4130
  19.5068
  19.5999
  19.6966
  19.8011
  19.9091
  20.0232
  20.1411
  20.2588
  20.3755
  20.4906
  20.6070
  20.7225
  20.8338
  20.9450
  21.0436
  21.1279
  21.2111
  21.2899
  21.3550
  21.4081
  21.4595
  21.5239
  21.6039
  21.6935
  21.7893
  21.8869
  21.9777
  22.0677
  22.1678
  22.2698
  22.3745
  22.4843
  22.6043
  22.7259
  22.8391
  22.9529
  23.0767
  23.1980
  23.3293
  23.4673
  23.6089
  23.7435
  23.8772
  24.0124
  24.1509
  24.2853
  24.4122
  24.5211
  24.6182
  24.7050
  24.7759
  24.8348
  24.8868
  24.9354
  24.9824
  25.0277
  25.0730
  25.1200
  25.1732
  25.2346
  25.2985
  25.3633
  25.4316
  25.5106
  25.5938
  25.6855
  25.7838
  25.8856
  25.9881
  26.0873
  26.1823
  26.2681
  26.3472
  26.4230
  26.4896
  26.5642
  26.6557
  26.7517
  26.8531
  26.9624
  27.0793
  27.1953
  27.2958
  27.3758
  27.4421
  27.4981
  27.5464
  27.5956
  27.6425
  27.6841
  27.7313
  27.7776
  27.8219
  27.8554
  27.8825
  27.9258
  27.9792
  28.0293
  28.0744
  28.1143
  28.1450
  28.1764
  28.2180
  28.2646
  28.3155
  28.3682
  28.4133
  28.4627
  28.5158
  28.5749
  28.6399
  28.7092
  28.7842
  28.8603
  28.9403
  29.0303
  29.1271
  29.2215
  29.3117
  29.3987
  29.4767
  29.5506
  29.6238
  29.6903
  29.7426
  29.7857
  29.8238
  29.8569
  29.8835
  29.9070
  29.9349
  29.9695
  30.0066
  30.0471
  30.0941
  30.1519
  30.2127
  30.2676
  30.3205
  30.3684
  30.4111
  30.4513
  30.4922
  30.5273
  30.5648
  30.6016
  30.6401
  30.6879
  30.7466
  30.8152
  30.8846
  30.9533
  31.0264
  31.1036
  31.1901
  31.2854
  31.3697
  31.4345
  31.4859
  31.5390
  31.5947
  31.6574
  31.7143
  31.7644
  31.8127
  31.8628
  31.9105
  31.9598
  31.9988
  32.0302
  32.0531
  32.0692
  32.0751
  32.0777
  32.0778
  32.0772
  32.0749
  32.0717
  32.0727
  32.0754
  32.0790
  32.0817
  32.0884
  32.0951
  32.1025
  32.1057
  32.1062
  32.1015
  32.0926
  32.0884
  32.0832
  32.0713
  32.0562
  32.0395
  32.0206
  32.0000
  31.9764
  31.9502
  31.9273
  31.9028
  31.8815
  31.8668
  31.8548
  31.8413
  31.8329
  31.8219
  31.8118
  31.7989
  31.7776
  31.7445
  31.6990
  31.6474
  31.5850
  31.5158
  31.4368
  31.3552
  31.2712
  31.1882
  31.1094
  31.0307
  30.9512
  30.8674
  30.7787
  30.6908
  30.6005
  30.5078
  30.4116
  30.3145
  30.2226
  30.1341
  30.1079
  30.0861
  30.0361
  29.9963
  29.9576
  29.9221
  29.8806
  29.8305
  29.7760
  29.7181
  29.6592
  29.5977
  29.5378
  29.4754
  29.4122
  29.3473
  29.2815
  29.2149
  29.1449
  29.0699
  28.9855
  28.9003
  28.8185
  28.7375
  28.6555
  28.5743
  28.4905
  28.4057
  28.3183
  28.2249
  28.1315
  28.0346
  27.9360
  27.8373
  27.7402
  27.6439
  27.5493
  27.4530
  27.3559
  27.2564
  27.1611
  27.0710
  26.9819
  26.9013
  26.8242
  26.7514
  26.6796
  26.6061
  26.5326
  26.4590
  26.3837
  26.3017
  26.2112
  26.1190
  26.0283
  25.9325
  25.8317
  25.7275
  25.6269
  25.5348
  25.4522
  25.3928
  25.3353
  25.2269
  25.1104
  24.9880
  24.8615
  24.7307
  24.5999
  24.4707
  24.3463
  24.2205
  24.0939
  23.9575
  23.8103
  23.6573
  23.5027
  23.3481
  23.1935
  23.0414
  22.8909
  22.7444
  22.5996
  22.4605
  22.3256
  22.1949
  22.0658
  21.9383
  21.8117
  21.6859
  21.5602
  21.4345
  21.3088
  21.1839
  21.0590
  20.9324
  20.8043
  20.6769
  20.5512
  20.4279
  20.3087
  20.1871
  20.0663
  19.9489
  19.8289
  19.7065
  19.5808
  19.4510
  19.3212
  19.1905
  19.0582
  18.9269
  18.7987
  18.6779
  18.5580
  18.4365
  18.3217
  18.2108
  18.1005
  17.9886
  17.8692
  17.7457
  17.6246
  17.5044
  17.3835
  17.2699
  17.1597
  17.0521
  16.9544
  16.8625
  16.7706
  16.6739
  16.5771
  16.4803
  16.3941
  16.3212
  16.2533
  16.1887
  16.1274
  16.0652
  16.0031
  15.9419
  15.8791
  15.8146
  15.7469
  15.6734
  15.5967
  15.5192
  15.4441
  15.3666
  15.2882
  15.2107
  15.1332
  15.0557
  14.9791
  14.9025
  14.8284
  14.7544
  14.6812
  14.6064
  14.5291
  14.4503
  14.3763
  14.3015
  14.2226
  14.1430
  14.0625
  13.9886
  13.9187
  13.8505
  13.7914
  13.7438
  13.7028
  13.6685
  13.6333
  13.5981
  13.5604
  13.5187
  13.4745
  13.4304
  13.3871
  13.3504
  13.3170
  13.2819
  13.2436
  13.2070
  13.1671
  13.1247
  13.0773
  13.0234
  12.9596
  12.8892
  12.8172
  12.7451
  12.6747
  12.6075
  12.5396
  12.4742
  12.4112
  12.3507
  12.2918
  12.2313
  12.1691
  12.1053
  12.0383
  11.9646
  11.8894
  11.8183
  11.7529
  11.6875
  11.6246
  11.5659
  11.5112
  11.4566
  11.4036
  11.3507
  11.2985
  11.2431
  11.1868
  11.1306
  11.0768
  11.0255
  10.9750
  10.9229
  10.8733
  10.8303
  10.7921
  10.6607
  10.5236
  10.3822
  10.2343
  10.0755
   9.9027
   9.7191
   9.5288
   9.3401
   9.1530
   8.9715
   8.7949
   8.6216
   8.4489
   8.2753
   8.0943
   7.9075
   7.7181
   7.5279
   7.3383
   7.1495
   6.9623
   6.7775
   6.5935
   6.4118
   6.2342
   6.0597
   5.8861
   5.7123
   5.5336
