  -11.1504
  -11.3197
  -11.4863
  -11.6597
  -11.8266
  -11.9903
  -12.1492
  -12.3062
  -12.4689
  -12.6200
  -12.7782
  -12.9294
  -13.0808
  -13.2304
  -13.3790
  -13.5236
  -13.6725
  -13.8216
  -13.9678
  -14.1204
  -14.2674
  -14.4188
  -14.5647
  -14.7099
  -14.8556
  -14.9996
  -15.1397
  -15.2783
  -15.4121
  -15.5370
  -15.6642
  -15.5821
  -15.4978
  -15.4157
  -15.3338
  -15.2533
  -15.1695
  -15.0850
  -15.0016
  -14.9169
  -14.8319
  -14.7429
  -14.6498
  -14.5555
  -14.4641
  -14.3748
  -14.2849
  -14.1962
  -14.1080
  -14.0182
  -13.9322
  -13.8448
  -13.7518
  -13.6612
  -13.5689
  -13.4777
  -13.3847
  -13.2951
  -13.1963
  -13.0970
  -12.9977
  -12.9006
  -12.8014
  -12.7081
  -12.6143
  -12.5188
  -12.4309
  -12.3532
  -12.2816
  -12.2174
  -12.1654
  -12.1164
  -12.0765
  -12.0383
  -12.0083
  -11.9816
  -11.9559
  -11.9275
  -11.9040
  -11.8826
  -11.8575
  -11.8329
  -11.8068
  -11.7856
  -11.7660
  -11.7454
  -11.7238
  -11.7071
  -11.6915
  -11.6780
  -11.6645
  -11.6495
  -11.6398
  -11.6308
  -11.6219
  -11.6106
  -11.5994
  -11.5944
  -11.5834
  -11.5740
  -11.5637
  -11.5479
  -11.5340
  -11.5177
  -11.5080
  -11.4944
  -11.4826
  -11.4739
  -11.4686
  -11.4606
  -11.4531
  -11.4472
  -11.4456
  -11.4434
  -11.4413
  -11.4451
  -11.4504
  -11.4584
  -11.4625
  -11.4721
  -11.4837
  -11.4936
  -11.5019
  -11.5145
  -11.5191
  -11.5262
  -11.5340
  -11.5390
  -11.5365
  -11.5287
  -11.5127
  -11.4922
  -11.4649
  -11.4350
  -11.4067
  -11.3746
  -11.3388
  -11.3057
  -11.2703
  -11.2355
  -11.1959
  -11.1584
  -11.1208
  -11.0816
  -11.0396
  -10.9960
  -10.9524
  -10.9098
  -10.8683
  -10.8317
  -10.7946
  -10.7655
  -10.7375
  -10.7063
  -10.6793
  -10.6490
  -10.6198
  -10.5922
  -10.5591
  -10.5353
  -10.5092
  -10.4837
  -10.4624
  -10.4389
  -10.4193
  -10.3941
  -10.3723
  -10.3526
  -10.3341
  -10.3090
  -10.2949
  -10.2818
  -10.2677
  -10.2471
  -10.2317
  -10.2153
  -10.1999
  -10.1807
  -10.1637
  -10.1517
  -10.1359
  -10.1278
  -10.1196
  -10.1158
  -10.1109
  -10.1087
  -10.1028
  -10.1001
  -10.0990
  -10.0919
  -10.0913
  -10.0890
  -10.0846
  -10.0829
  -10.0770
  -10.0660
  -10.0588
  -10.0537
  -10.0470
  -10.0416
  -10.0344
  -10.0316
  -10.0259
  -10.0215
  -10.0203
  -10.0197
  -10.0228
  -10.0276
  -10.0329
  -10.0382
  -10.0386
  -10.0330
  -10.0344
  -10.0342
  -10.0346
  -10.0251
  -10.0211
  -10.0137
  -10.0081
  -10.0084
  -10.0022
   -9.9921
   -9.9826
   -9.9780
   -9.9669
   -9.9547
   -9.9475
   -9.9363
   -9.9186
   -9.9019
   -9.8864
   -9.8625
   -9.8364
   -9.8141
   -9.7952
   -9.7801
   -9.7682
   -9.7581
   -9.7507
   -9.7459
   -9.7429
   -9.7409
   -9.7361
   -9.7331
   -9.7300
   -9.7247
   -9.7177
   -9.7108
   -9.6988
   -9.6875
   -9.6837
   -9.6767
   -9.6707
   -9.6658
   -9.6593
   -9.6542
   -9.6471
   -9.6383
   -9.6302
   -9.6231
   -9.6187
   -9.6144
   -9.6101
   -9.6117
   -9.6128
   -9.6178
   -9.6216
   -9.6222
   -9.6211
   -9.6216
   -9.6185
   -9.6141
   -9.6184
   -9.6124
   -9.6090
   -9.6062
   -9.6132
   -9.6180
   -9.6261
   -9.6315
   -9.6341
   -9.6443
   -9.6595
   -9.6724
   -9.6788
   -9.6960
   -9.7156
   -9.7269
   -9.7442
   -9.7638
   -9.7822
   -9.8028
   -9.8245
   -9.8484
   -9.8625
   -9.8815
   -9.8951
   -9.9085
   -9.9188
   -9.9207
   -9.9232
   -9.9158
   -9.8995
   -9.8860
   -9.8648
   -9.8286
   -9.8035
   -9.7734
   -9.7416
   -9.7097
   -9.6795
   -9.6472
   -9.6082
   -9.5731
   -9.5401
   -9.5083
   -9.4759
   -9.4475
   -9.4195
   -9.3828
   -9.3444
   -9.3038
   -9.2507
   -9.1986
   -9.1383
   -9.0797
   -9.0188
   -8.9629
   -8.9087
   -8.8565
   -8.8250
   -8.7876
   -8.7483
   -8.7071
   -8.6720
   -8.6413
   -8.6090
   -8.5794
   -8.5466
   -8.5138
   -8.4832
   -8.4531
   -8.4209
   -8.3930
   -8.3657
   -8.3422
   -8.3122
   -8.2864
   -8.2672
   -8.2465
   -8.2274
   -8.2038
   -8.1748
   -8.1535
   -8.1304
   -8.1071
   -8.0807
   -8.0597
   -8.0361
   -8.0129
   -7.9992
   -7.9850
   -7.9767
   -7.9746
   -7.9708
   -7.9703
   -7.9819
   -7.9841
   -7.9885
   -7.9945
   -8.0034
   -8.0121
   -8.0184
   -8.0312
   -8.0415
   -8.0514
   -8.0618
   -8.0766
   -8.0874
   -8.0950
   -8.1075
   -8.1199
   -8.1319
   -8.1537
   -8.1705
   -8.1917
   -8.2103
   -8.2276
   -8.2417
   -8.2519
   -8.2580
   -8.2434
   -8.2352
   -8.2322
   -8.2287
   -8.2270
   -8.2181
   -8.2079
   -8.1923
   -8.1855
   -8.1797
   -8.1751
   -8.1710
   -8.1675
   -8.1603
   -8.1581
   -8.1508
   -8.1467
   -8.1371
   -8.1287
   -8.1152
   -8.1029
   -8.0889
   -8.0842
   -8.0702
   -8.0551
   -8.0395
   -8.0216
   -7.9898
   -7.9573
   -7.9303
   -7.8990
   -7.8675
   -7.8412
   -7.8175
   -7.7889
   -7.7653
   -7.7418
   -7.7161
   -7.6914
   -7.6656
   -7.6420
   -7.6135
   -7.5907
   -7.5704
   -7.5480
   -7.5244
   -7.5031
   -7.4808
   -7.4663
   -7.4540
   -7.4445
   -7.4333
   -7.4227
   -7.4115
   -7.4018
   -7.3900
   -7.3771
   -7.3596
   -7.3371
   -7.3359
   -7.3209
   -7.3050
   -7.2877
   -7.2718
   -7.2608
   -7.2422
   -7.2189
   -7.1974
   -7.1836
   -7.1632
   -7.1440
   -7.1192
   -7.0944
   -7.0689
   -7.0441
   -7.0114
   -6.9833
   -6.9518
   -6.9215
   -6.8890
   -6.8603
   -6.8289
   -6.8019
   -6.7726
   -6.7435
   -6.7186
   -6.6986
   -6.6793
   -6.6717
   -6.6635
   -6.6541
   -6.6482
   -6.6400
   -6.6280
   -6.6127
   -6.5995
   -6.5807
   -6.5625
   -6.5431
   -6.5265
   -6.5104
   -6.4860
   -6.4655
   -6.4410
   -6.4148
   -6.3892
   -6.3630
   -6.3379
   -6.3105
   -6.2810
   -6.2475
   -6.2163
   -6.1861
   -6.1565
   -6.1263
   -6.0967
   -6.0665
   -6.0367
   -6.0115
   -5.9840
   -5.9362
   -5.9036
   -5.8726
   -5.8438
   -5.8133
   -5.7789
   -5.7451
   -5.7146
   -5.6865
   -5.6543
   -5.6227
   -5.5904
   -5.5609
   -5.5309
   -5.5019
   -5.4742
   -5.4513
   -5.4278
   -5.4049
   -5.3820
   -5.3558
   -5.3294
   -5.3008
   -5.2738
   -5.2424
   -5.2103
   -5.1761
   -5.1408
   -5.1065
   -5.0712
   -5.0387
   -5.0028
   -4.9641
   -4.9269
   -4.8892
   -4.8522
   -4.8134
   -4.7751
   -4.7391
   -4.7042
   -4.6687
   -4.6354
   -4.6083
   -4.5800
   -4.5527
   -4.5283
   -4.5037
   -4.4787
   -4.4481
   -4.4169
   -4.3854
   -4.3556
   -4.3192
   -4.2819
   -4.2436
   -4.2020
   -4.1631
   -4.1269
   -4.0902
   -4.0557
   -4.0290
   -4.0040
   -3.9828
   -3.9596
   -3.9330
   -3.9047
   -3.8781
   -3.8509
   -3.8280
   -3.8051
   -3.7810
   -3.7546
   -3.7289
   -3.7038
   -3.6777
   -3.6520
   -3.6246
   -3.5968
   -3.5699
   -3.5415
   -3.5120
   -3.4836
   -3.4554
   -3.4281
   -3.3982
   -3.3723
   -3.3509
   -3.3320
   -3.3159
   -3.3003
   -3.2826
   -3.2649
   -3.2466
   -3.2318
   -3.2157
   -3.1962
   -3.1811
   -3.1675
   -3.1556
   -3.1397
   -3.1249
   -3.1079
   -3.0866
   -3.0620
   -3.0364
   -3.0097
   -2.9808
   -2.9542
   -2.9376
   -2.9324
   -2.9369
   -2.9449
   -2.9573
   -2.9739
   -2.9905
   -3.0073
   -3.0277
   -3.0443
   -3.0588
   -3.0732
   -3.0821
   -3.0909
   -3.1003
   -3.1075
   -3.1152
   -3.1255
   -3.1317
   -3.1314
   -3.1272
   -3.1217
   -3.1141
   -3.1025
   -3.0920
   -3.0776
   -3.0593
   -3.0383
   -3.0114
   -2.9821
   -2.9529
   -2.9208
   -2.8906
   -2.8631
   -2.8357
   -2.8111
   -2.7890
   -2.7680
   -2.7444
   -2.7197
   -2.6875
   -2.6511
   -2.6141
   -2.5770
   -2.5381
   -2.4995
   -2.4625
   -2.4287
   -2.3995
   -2.3710
   -2.3421
   -2.3126
   -2.2845
   -2.2569
   -2.2317
   -2.2104
   -2.1954
   -2.1830
   -2.1750
   -2.1687
   -2.1599
   -2.1399
   -2.1119
   -2.0765
   -2.0362
   -1.9964
   -1.9587
   -1.9247
   -1.8945
   -1.8621
   -1.8315
   -1.8018
   -1.7732
   -1.7467
   -1.7202
   -1.6948
   -1.6721
   -1.6481
   -1.6242
   -1.6046
   -1.5907
   -1.5828
   -1.5773
   -1.5713
   -1.5689
   -1.5730
   -1.5780
   -1.5854
   -1.5991
   -1.6169
   -1.6366
   -1.6549
   -1.6776
   -1.7014
   -1.7230
   -1.7461
   -1.7663
   -1.7864
   -1.8045
   -1.8298
   -1.8586
   -1.8934
   -1.9273
   -1.9612
   -2.0032
   -2.0420
   -2.0811
   -2.1189
   -2.1474
   -2.1756
   -2.2003
   -2.2277
   -2.2573
   -2.2906
   -2.3281
   -2.3671
   -2.4041
   -2.4408
   -2.4779
   -2.5071
   -2.5364
   -2.5705
   -2.6043
   -2.6340
   -2.6655
   -2.6984
   -2.7293
   -2.7574
   -2.7829
   -2.8020
   -2.8201
   -2.8403
   -2.8668
   -2.8964
   -2.9262
   -2.9556
   -2.9841
   -3.0110
   -3.0392
   -3.0737
   -3.1071
   -3.1433
   -3.1813
   -3.2146
   -3.2536
   -3.2940
   -3.3250
   -3.3644
   -3.4045
   -3.4420
   -3.4845
   -3.5280
   -3.5722
   -3.6136
   -3.6478
   -3.6938
   -3.7423
   -3.7838
   -3.8104
   -3.8561
   -3.8867
   -3.9171
   -3.9508
   -3.9845
   -4.0216
   -4.0540
   -4.0895
   -4.1252
   -4.1593
   -4.1972
   -4.2394
   -4.2817
   -4.3226
   -4.3614
   -4.3971
   -4.4270
   -4.4574
   -4.4875
   -4.5209
   -4.5540
   -4.5909
   -4.6324
   -4.6659
   -4.7041
   -4.7417
   -4.7791
   -4.8115
   -4.8443
   -4.8710
   -4.8945
   -4.9247
   -4.9577
   -4.9840
   -5.0002
   -5.0128
   -5.0244
   -5.0358
   -5.0451
   -5.0494
   -5.0531
   -5.0505
   -5.0472
   -5.0428
   -5.0367
   -5.0429
   -5.0456
   -5.0484
   -5.0560
   -5.0537
   -5.0487
   -5.0331
   -5.0114
   -4.9845
   -4.9605
   -4.9249
   -4.9095
   -4.8822
   -4.8418
   -4.8031
   -4.7869
   -4.7585
   -4.7274
   -4.6905
   -4.6487
   -4.6063
   -4.5549
   -4.4940
   -4.4327
   -4.3696
   -4.3046
   -4.2495
   -4.1884
   -4.1279
   -4.0644
   -3.9995
   -3.9340
   -3.8617
   -3.7973
   -3.7298
   -3.6600
   -3.5842
   -3.5100
   -3.4260
   -3.3466
   -3.2610
   -3.1784
   -3.0904
   -3.0026
   -2.9097
   -2.8213
   -2.7339
   -2.6337
   -2.5225
   -2.4136
   -2.3096
   -2.2050
   -2.1012
   -1.9944
   -1.8889
   -1.7879
   -1.6851
   -1.5834
   -1.4829
   -1.3797
   -1.2773
   -1.1653
   -1.0472
   -0.9282
   -0.8087
   -0.6913
   -0.5818
   -0.4794
   -0.3802
   -0.2797
   -0.1778
   -0.0835
    0.0254
    0.1340
    0.2326
    0.3276
    0.4304
    0.5417
    0.6393
    0.7331
    0.8302
    0.9266
    1.0172
    1.1003
    1.1858
    1.2719
    1.3619
    1.4609
    1.5593
    1.6569
    1.7520
    1.8483
    1.9430
    2.0295
    2.1252
    2.2183
    2.3188
    2.4149
    2.5163
    2.6123
    2.7128
    2.8139
    2.9136
    3.0128
    3.1116
    3.2081
    3.3064
    3.3982
    3.4698
    3.5329
    3.5944
    3.6599
    3.7327
    3.7963
    3.8583
    3.9217
    3.9866
    4.0507
    4.1219
    4.1943
    4.2735
    4.3666
    4.4502
    4.5238
    4.6028
    4.6760
    4.7561
    4.8410
    4.9460
    5.0562
    5.1643
    5.2733
    5.3633
    5.4465
    5.5255
    5.6108
    5.7053
    5.8014
    5.9065
    6.0173
    6.1307
    6.2394
    6.3457
    6.4542
    6.5556
    6.6464
    6.7391
    6.8201
    6.9036
    6.9904
    7.0757
    7.1656
    7.2543
    7.3458
    7.4350
    7.5219
    7.6102
    7.6995
    7.7964
    7.8998
    7.9979
    8.0965
    8.1857
    8.2780
    8.3696
    8.4600
    8.5484
    8.6371
    8.7281
    8.8307
    8.9288
    9.0253
    9.1123
    9.1919
    9.2771
    9.3600
    9.4420
    9.5179
    9.5962
    9.6669
    9.7342
    9.7943
    9.8431
    9.9003
    9.9597
   10.0112
   10.0678
   10.1147
   10.1570
   10.1799
   10.1997
   10.2137
   10.2262
   10.2541
   10.2889
   10.3232
   10.3526
   10.3700
   10.3815
   10.3813
   10.3765
   10.3723
   10.3670
   10.3604
   10.3560
   10.3587
   10.3705
   10.3793
   10.3942
   10.4061
   10.4112
   10.4176
   10.4191
   10.4161
   10.4150
   10.4143
   10.4184
   10.4211
   10.4194
   10.4097
   10.3895
   10.3752
   10.3570
   10.3410
   10.3257
   10.3115
   10.2940
   10.2801
   10.2587
   10.2426
   10.2217
   10.2022
   10.1813
   10.1643
   10.1435
   10.1278
   10.1150
   10.0985
   10.0879
   10.0706
   10.0562
   10.0402
   10.0262
   10.0121
   10.0021
    9.9871
    9.9732
    9.9614
    9.9480
    9.9351
    9.9196
    9.8995
    9.8800
    9.8558
    9.8332
    9.8013
    9.7744
    9.7486
    9.7256
    9.7005
    9.6744
    9.6478
    9.6196
    9.5918
    9.5667
    9.5338
    9.4992
    9.4593
    9.4206
    9.3791
    9.3371
    9.2911
    9.2503
    9.2090
    9.1643
    9.1220
    9.0687
    9.0210
    8.9707
    8.8978
    8.8315
    8.8099
    8.7952
    8.7438
    8.6720
    8.6302
    8.5843
    8.5515
    8.5227
    8.4975
    8.4651
    8.4229
    8.3835
    8.3405
    8.3177
    8.2990
    8.2579
    8.2202
    8.1852
    8.1457
    8.1051
    8.0627
    8.0194
    7.9734
    7.9283
    7.8821
    7.8425
    7.8007
    7.7598
    7.7219
    7.6823
    7.6453
    7.6106
    7.5767
    7.5493
    7.5185
    7.4982
    7.4734
    7.4496
    7.4218
    7.4018
    7.3847
    7.3653
    7.3476
    7.3296
    7.3096
    7.2992
    7.2864
    7.2789
    7.2706
    7.2599
    7.2478
    7.2416
    7.2288
    7.2151
    7.2067
    7.1923
    7.1844
    7.1682
    7.1527
    7.1584
    7.1603
    7.1160
    7.0654
    7.0528
    7.0609
    7.0380
    7.0176
    6.9861
    6.9451
    6.9059
    6.8725
    6.8520
    6.8284
    6.8074
    6.7655
    6.7242
    6.7004
    6.6755
    6.6458
    6.6181
    6.5913
    6.5690
    6.5439
    6.5205
    6.4928
    6.4615
    6.4283
    6.3980
    6.3656
    6.3328
    6.3041
    6.2706
    6.2429
    6.2117
    6.1808
    6.1501
    6.1122
    6.0745
    6.0289
    5.9866
    5.9409
    5.8913
    5.8435
    5.7905
    5.7343
    5.6829
    5.6256
    5.5688
    5.5025
    5.4349
    5.3765
    5.3205
    5.2716
    5.2131
    5.1572
    5.0989
    5.0456
    4.9996
    4.9454
    4.8855
    4.8261
    4.7610
    4.6968
    4.6283
    4.5615
    4.4926
    4.4297
    4.3596
    4.2945
    4.2269
    4.1602
    4.0922
    4.0260
    3.9588
    3.8962
    3.8316
    3.7649
    3.7033
    3.6327
    3.5610
    3.4897
    3.4134
    3.3320
    3.2517
    3.1652
    3.0765
    2.9903
    2.9099
    2.8229
    2.7401
    2.6553
    2.5710
    2.4910
    2.4139
    2.3378
    2.2629
    2.1813
    2.1023
    2.0238
    1.9470
    1.8653
    1.7870
    1.7077
    1.6293
    1.5570
    1.4912
    1.4196
    1.3529
    1.2840
    1.2233
    1.1610
    1.0942
    1.0252
    0.9429
    0.8690
    0.7968
    0.7272
    0.6486
    0.5683
    0.4965
    0.4290
    0.3583
    0.2933
    0.2304
    0.1729
    0.1127
    0.0562
   -0.0101
   -0.0701
   -0.1364
   -0.1995
   -0.2627
   -0.3269
   -0.3920
   -0.4583
   -0.5263
   -0.5903
   -0.6574
   -0.7270
   -0.7929
   -0.8542
   -0.9160
   -0.9733
   -1.0342
   -1.0929
   -1.1499
   -1.2030
   -1.2588
   -1.3179
   -1.3721
   -1.4330
   -1.4915
   -1.5523
   -1.6123
   -1.6839
   -1.7493
   -1.8189
   -1.8840
   -1.9439
   -2.0041
   -2.0612
   -2.1153
   -2.1713
   -2.2236
   -2.2842
   -2.3418
   -2.4056
   -2.4695
   -2.5383
   -2.5965
   -2.6577
   -2.7117
   -2.7728
   -2.8280
   -2.8806
   -2.9333
   -2.9870
   -3.0373
   -3.0898
   -3.1379
   -3.1828
   -3.2254
   -3.2603
   -3.2948
   -3.3326
   -3.3667
   -3.4038
   -3.4472
   -3.4838
   -3.5261
   -3.5673
   -3.6013
   -3.6410
   -3.6821
   -3.7265
   -3.7642
   -3.7994
   -3.8337
   -3.8617
   -3.8959
   -3.9269
   -3.9601
   -3.9902
   -4.0191
   -4.0462
   -4.0713
   -4.0957
   -4.1227
   -4.1450
   -4.1731
   -4.1965
   -4.2193
   -4.2402
   -4.2564
   -4.2772
   -4.2906
   -4.3039
   -4.3172
   -4.3209
   -4.3333
   -4.3400
   -4.3498
   -4.3547
   -4.3550
   -4.3611
   -4.3524
   -4.3536
   -4.3510
   -4.3452
   -4.3410
   -4.3458
   -4.3477
   -4.3553
   -4.3572
   -4.3598
   -4.3611
   -4.3563
   -4.3547
   -4.3540
   -4.3478
   -4.3436
   -4.3432
   -4.3439
   -4.3511
   -4.3633
   -4.3704
   -4.6217
   -4.8677
   -5.1042
   -5.3448
   -5.5764
   -5.8059
   -6.0383
   -6.2633
   -6.4870
   -6.7075
   -6.9377
   -7.1721
   -7.4060
   -7.6427
   -7.8712
   -8.0989
   -8.3233
   -8.5460
   -8.7671
   -8.9832
   -9.2002
   -9.4122
   -9.6189
   -9.8223
  -10.0199
  -10.2147
  -10.4049
  -10.6029
  -10.7987
  -10.9963
