28089.6465
28089.6680
28089.5898
28089.3223
28088.9707
28088.6016
28088.5176
28088.3164
28088.3242
28088.4160
28088.4160
28088.4395
28088.5469
28088.5547
28088.6621
28088.5781
28088.4023
28088.3242
28088.2500
28088.0742
28087.9902
28087.9043
28087.7969
28087.6973
28087.7715
28087.6797
28087.5879
28087.5957
28087.6875
28087.8867
28087.8867
28087.7793
28087.8711
28087.8633
28087.7715
28087.8711
28087.8691
28088.0625
28087.9785
28088.1699
28088.3770
28088.3848
28088.3926
28088.5020
28088.6934
28088.8008
28088.9082
28089.1094
28088.9336
28088.8418
28088.6582
28088.4648
28088.3574
28088.5410
28088.8086
28089.0840
28089.4531
28089.9043
28090.2539
28090.4375
28090.7207
28090.8145
28090.8965
28090.9043
28090.8203
28090.6367
28090.4531
28090.4531
28090.3438
28090.3359
28090.2422
28090.1348
28090.0352
28089.7656
28089.5000
28089.3398
28089.0137
28088.9629
28089.0957
28089.2207
28089.4355
28089.8027
28090.0801
28090.2539
28090.5293
28090.7871
28090.7793
28090.9395
28090.8457
28090.8613
28091.0801
28091.1211
28091.1543
28091.1777
28091.1855
28091.0781
28091.0605
28091.0293
28090.9180
28090.8945
28091.0527
28091.0449
28091.0449
28091.2266
28091.2188
28091.3105
28091.4023
28091.3945
28091.3867
28091.4766
28091.5684
28091.6680
28091.6836
28091.7832
28091.7012
28091.8008
28091.8008
28091.7832
28091.7656
28091.7246
28091.6816
28091.5566
28091.4980
28091.4395
28091.3809
28091.2402
28091.2715
28091.3379
28091.3457
28091.5391
28091.6133
28091.6953
28091.6191
28091.6289
28091.5449
28091.5859
28091.6270
28091.6367
28091.7109
28091.7852
28091.7422
28091.7070
28091.8750
28091.9395
28092.1309
28092.1211
28092.2383
28092.2637
28092.2969
28092.3203
28092.3301
28092.1289
28092.1035
28091.9863
28091.9434
28091.9180
28091.8926
28091.8672
28091.7676
28091.8320
28091.8066
28091.7793
28091.7617
28091.7539
28091.7539
28091.6699
28091.5938
28091.3359
28091.1602
28090.8047
28090.4453
28090.2441
28090.0527
28089.8457
28089.7441
28089.7344
28089.9004
28089.8926
28089.9824
28090.2480
28090.4219
28090.4219
28090.5039
28090.5117
28090.4375
28090.3633
28090.2715
28090.3711
28090.3613
28090.4531
28090.6348
28090.8086
28091.0156
28091.1992
28091.4883
28091.6895
28091.9707
28091.9629
28091.9531
28091.7617
28091.6523
28091.4512
28091.1602
28090.8594
28090.5762
28090.4746
28090.2676
28090.1660
28090.2402
28090.3125
28090.3945
28090.4688
28090.4512
28090.2598
28090.2500
28090.1680
28090.1836
28090.2188
28090.2441
28090.2773
28090.3125
28090.2559
28090.2910
28090.2402
28090.2656
28090.3203
28090.3848
28090.3848
28090.4570
28090.4316
28090.5039
28090.4688
28090.5332
28090.4141
28090.2969
28090.2793
28090.1699
28090.0605
28089.9688
28089.9688
28089.8770
28089.6953
28089.7031
28089.7031
28089.6934
28089.7754
28089.9473
28090.0293
28090.2852
28090.4570
28090.5488
28090.5410
28090.7129
28090.7031
28090.6113
28090.6191
28090.6543
28090.6816
28090.7324
28090.7852
28090.8477
28090.7246
28090.7793
28090.7402
28090.7754
28090.7188
28090.7461
28090.7715
28090.7168
28090.7617
28090.7969
28090.7578
28090.7852
28090.8105
28090.9102
28090.8203
28090.8105
28090.8008
28090.7656
28090.7559
28090.9023
28090.9023
28090.8750
28090.9473
28091.0117
28090.9023
28090.9668
28090.9473
28091.0215
28090.9121
28090.9297
28090.8281
28090.8203
28090.8203
28090.8281
28090.6367
28090.6367
28090.6367
28090.6270
28090.5176
28090.5000
28090.5820
28090.5625
28090.5547
28090.6348
28090.7070
28090.6895
28090.7520
28090.8262
28090.7988
28090.7793
28090.7617
28090.8516
28090.8691
28090.9863
28091.0137
28091.0684
28091.0391
28091.0840
28091.0488
28090.9023
28090.8281
28090.7461
28090.6660
28090.4727
28090.2832
28090.1816
28090.0723
28089.9004
28089.9902
28090.1816
28090.4707
28090.8438
28091.2168
28091.3242
28091.3242
28091.1523
28090.9062
28090.7344
28090.5605
28090.6504
28090.8418
28091.0137
28091.1973
28091.4590
28091.2773
28091.0762
28090.6309
28090.2598
28089.9766
28089.5137
28089.3242
28089.2129
28089.1133
28089.2852
28089.2852
28089.2852
28089.2949
28089.3125
28089.3223
28089.3223
28089.3496
28089.4395
28089.4297
28089.5195
28089.7109
28089.8027
28089.8027
28089.8105
28089.7090
28089.7734
28089.7539
28089.6348
28089.5156
28089.4785
28089.4609
28089.5410
28089.6055
28089.7676
28089.8574
28089.7656
28089.8477
28089.9375
28090.1191
28090.3906
28090.8516
28091.0254
28090.9355
28090.6523
28090.4805
28090.3066
28090.3066
28090.4980
28090.7695
28091.3301
28091.7129
28092.1934
28092.5840
28092.8652
28092.9746
28092.9824
28092.9824
28093.1543
28093.2344
28092.9434
28092.2793
28091.6367
28090.8027
28090.0684
28089.6875
28089.5762
28089.7285
28089.9727
28090.0352
28090.1953
28090.4395
28090.7930
28091.1348
28091.5957
28091.7871
28091.8066
28091.7344
28091.5605
28091.4902
28091.4883
28091.4082
28091.5078
28091.5156
28091.6250
28091.6426
28091.6426
28091.6523
28091.5625
28091.4609
28091.4512
28091.5137
28091.3945
28091.4648
28091.5254
28091.6699
28091.7402
28092.0938
28092.2734
28092.4629
28092.6426
28092.8418
28092.9512
28093.1699
28093.2988
28093.3164
28093.3730
28093.3398
28093.2988
28093.2344
28093.0820
28092.9023
28092.7012
28092.4824
28092.4434
28092.4043
28092.4648
28092.4453
28092.3457
28092.2461
28092.1445
28091.9531
28091.9531
28091.9531
28091.8438
28091.8438
28091.8516
28091.8516
28092.1113
28092.2227
28092.4023
28092.4824
28092.4727
28092.3809
28092.3008
28092.2109
28092.1191
28092.1992
28092.1992
28092.2090
28092.2090
28092.0352
28091.8457
28091.7656
28091.6738
28091.6816
28091.8828
28092.0723
28092.1816
28092.2910
28092.3203
28092.1582
28092.0879
28092.0059
28091.9355
28091.9355
28091.9355
28091.9453
28092.0430
28092.1328
28092.3125
28092.3945
28092.5645
28092.6445
28092.7344
28092.7324
28092.7324
28092.6426
28092.5527
28092.4531
28092.4414
28092.6113
28092.7734
28092.9336
28093.1133
28093.2930
28093.4727
28093.3926
28093.4023
28093.2422
28093.1484
28093.0488
28092.8594
28092.6680
28092.5586
28092.5371
28092.4414
28092.5371
28092.6270
28092.7363
28092.8359
28093.0352
28093.2168
28093.4961
28093.3945
28093.6562
28093.7559
28093.8535
28094.0527
28094.5039
28094.7930
28095.0645
28095.2344
28095.1328
28094.8613
28094.7617
28094.4902
28094.4004
28094.2207
28094.1406
28093.9688
28093.8086
28093.7188
28093.6465
28093.6465
28093.6660
28093.4961
28093.3164
28093.1445
28092.8750
28092.7734
28092.7637
28092.7520
28092.6426
28092.6914
28092.6621
28092.6211
28092.6719
28092.7617
28092.9199
28093.0293
28093.0391
28093.1699
28093.4785
28093.6074
28093.8086
28093.9082
28094.0859
28094.2480
28094.3965
28094.4648
28094.7051
28094.9551
28095.2129
28095.4043
28095.6816
28096.0020
28096.1113
28096.1523
28096.1719
28096.1914
28096.1016
28096.1992
28096.2988
28096.3789
28096.5586
28096.8262
28097.1855
28097.6445
28097.9160
28098.2852
28098.3848
28098.6621
28098.8516
28099.0312
28099.1309
28099.3887
28099.5684
28099.8281
28100.1777
28100.3457
28100.5254
28100.7930
28101.1523
28101.3301
28101.6895
28102.2168
28102.5664
28102.9258
28103.0938
28103.2734
28103.3711
28103.2910
28103.4805
28103.5781
28103.6699
28103.8477
28103.9355
28104.0254
28104.0449
28104.2246
28104.2344
28104.2324
28104.2324
28104.1426
28104.0293
28103.8301
28103.7188
28103.6191
28103.6074
28103.6172
28103.7148
28103.7363
28103.7559
28103.7754
28103.7637
28103.8418
28103.8320
28104.0098
28104.0195
28103.9707
28103.8105
28103.5723
28103.1426
28102.7832
28102.5039
28102.3027
28102.2227
28102.3926
28102.4805
28102.7480
28102.9277
28103.0957
28102.9746
28102.9629
28103.0215
28103.0000
28103.0879
28103.1875
28103.4551
28103.6152
28103.7031
28103.8027
28103.8906
28103.9883
28103.9980
28104.1094
28103.9980
28103.9961
28104.0547
28103.9629
28103.7949
28103.8359
28103.8086
28103.7695
28103.9004
28103.8418
28103.7500
28103.7598
28103.6699
28103.6895
28103.6992
28103.7207
28103.7305
28103.8398
28104.0293
28104.3164
28104.6074
28104.6055
28104.6270
28104.7148
28104.5469
28104.4668
28104.3965
28104.4062
28104.4258
28104.5273
28104.6055
28104.6152
28104.5352
28104.5352
28104.4648
28104.4746
28104.5273
28104.7070
28104.7266
28104.8262
28105.0039
28105.0723
28105.2715
28105.3379
28105.4961
28105.4961
28105.5840
28105.5957
28105.7715
28105.8711
28105.9512
28106.2168
28106.5645
28106.6426
28106.8418
28107.0508
28107.1719
28107.3027
28107.6133
28107.8125
28108.0898
28108.3477
28108.6035
28108.9512
28109.0176
28109.1973
28109.4414
28109.4414
28109.4512
28109.4727
28109.1934
28109.0137
28108.8457
28108.6641
28108.5742
28108.6738
28108.9629
28109.2422
28109.5391
28109.8301
28109.9395
28109.8711
28109.9688
28109.8906
28109.9902
28109.9883
28110.2559
28110.2871
28110.3770
28110.4648
28110.6426
28110.6406
28110.8301
28110.7402
28110.8398
28111.0176
28111.0273
28111.1270
28111.2266
28111.3145
28111.4023
28111.3145
28111.1445
28111.0547
28111.0645
28111.0742
28111.1621
28111.4414
28111.3633
28111.2617
28111.1719
28111.1602
28111.1699
28110.9023
28110.5664
28110.2305
28109.8047
28109.3477
28109.0801
28108.8906
28108.9570
28109.1465
28109.5020
28109.8672
28110.1465
28110.3340
28110.1562
28109.7090
28109.2637
28108.8164
28108.5488
28108.6484
28108.7480
28108.9355
28109.3027
28109.5605
28109.6699
28109.9453
28110.0469
28109.9551
28109.9668
28109.7656
28109.5879
28109.4980
28109.5195
28109.6191
28109.8281
28110.2070
28110.7617
28111.5527
28112.3438
28112.6641
28112.7441
28112.6641
28112.7539
28112.8730
28113.3516
28114.2637
28115.1738
28115.7070
28116.2520
28116.2402
28115.8613
28115.4141
28115.2266
28115.0254
28115.0137
28115.2012
28115.6680
28115.9238
28116.2891
28116.0215
28115.6543
28115.0195
28114.9277
28114.7402
28114.6504
28114.7266
28114.9355
28114.9355
28114.9453
28115.2910
28115.8223
28116.0781
28116.2559
28116.5000
28116.8438
28116.8203
28116.6406
28116.4414
28116.2637
28115.8184
28115.6387
28115.6270
28115.4473
28115.0801
28114.6230
28114.2676
28113.7324
28113.2891
28112.8438
28112.2090
28111.3086
28110.3066
28109.3184
28108.5859
28107.8516
28107.4727
28107.1055
28107.0059
28106.7168
28106.4492
28106.2598
28106.1699
28105.8809
28105.7812
28105.6680
28105.7461
28105.6328
28105.1562
28104.8008
28104.2441
28103.5234
28102.8770
28102.4336
28101.9766
28101.7656
28101.9199
28102.0645
28102.4863
28103.0605
28103.4043
28103.4590
28103.2715
28102.8145
28102.5371
28102.0801
28101.8145
28101.7246
28101.9570
28101.8574
28101.9121
28102.0645
28102.2090
28102.2734
28102.1621
28102.1406
28101.8496
28101.3945
28101.0039
28100.5488
28100.1621
28100.0371
28100.1816
28099.6152
28099.0586
28098.9473
28099.0117
28098.6348
28098.7773
28099.3848
28099.3613
28098.9062
28098.9727
28099.0391
28099.0156
28099.4473
28099.7676
28100.1973
28100.4512
28100.8926
28101.3359
28101.7012
28101.9785
28102.4199
28102.8633
28103.2812
28103.5352
28103.6895
28103.9297
28103.8945
28103.2520
28102.2656
28101.5215
28100.4355
28099.6250
28099.3477
28099.7773
28100.1094
28100.4629
28100.6270
28100.8047
28101.0449
28100.7676
28100.3906
28100.0996
28100.0879
28099.9648
28099.8633
28099.8398
28100.1602
28100.5898
28101.0859
28102.1348
28103.0840
28103.8789
28104.4863
28105.0156
28105.4473
28105.9531
28106.0391
28106.1152
28106.3926
28106.3262
28105.2734
28103.3496
28101.2363
28099.3789
28097.7734
28097.1426
28097.1309
28097.1953
28097.0840
28096.8711
28096.9238
28097.1758
28097.5820
28098.1133
28098.3535
28098.6953
28099.0254
28099.5430
28100.0605
28100.5898
28101.1094
28101.6484
28102.0137
28102.1777
28102.5410
28102.9102
28103.2715
28103.6328
28104.0156
28104.4043
28104.7383
28105.0957
28105.4570
28105.7871
28106.0957
28106.4004
28106.7012
28106.9277
28107.2148
28107.4668
28107.7148
28107.9570
28108.1699
28108.3203
28108.5293
28108.7031
28108.8906
28109.1152
28109.3457
28109.4941
28109.6641
28109.7441
28109.8750
28109.9980
28110.1230
28110.2148
28110.3301
28110.4629
28110.5371
28110.5820
28110.6055
28110.6738
28110.6797
28110.7305
28110.8184
28110.8457
28110.8906
28110.9062
28110.8711
28110.8594
28110.8613
28110.9082
28110.9316
28110.9727
28111.0449
28111.0859
28111.0605
28110.9668
28110.8594
28110.7520
28110.6875
28110.6035
28110.5449
28110.4746
28110.4180
28110.3320
28110.4199
28110.2539
28110.3301
28110.2930
28110.0918
28109.9902
28109.9668
28109.8633
28109.7754
28110.0273
28110.3418
28110.4062
28110.3164
28110.3027
28110.4902
28110.5117
28110.5859
28110.9258
28111.0879
28110.9766
28110.7520
28110.5371
28110.5117
28110.2363
28110.1230
28109.9453
28109.9434
28109.9531
28109.8770
28109.7109
28109.9102
28110.1738
28110.1953
28110.4941
28110.8691
28110.9043
28110.7637
28110.9727
28111.1719
28110.9180
28110.5645
28110.0488
28109.2559
28108.4609
28108.1973
28108.1074
28108.3594
28108.6348
28108.7207
28108.9062
28108.7305
28108.3008
28108.0605
28107.6309
28107.2539
28106.9141
28106.4609
28106.1836
28106.0957
28105.8184
28105.4648
28104.9375
28104.3965
28103.5918
28102.9766
28102.3594
28101.9180
28101.5664
28101.1504
28100.9609
28100.7734
28100.3965
28100.1309
28099.9316
28099.4043
28098.8633
28098.5996
28098.2227
28097.9473
28098.0332
28098.1953
28098.1953
28098.0938
28098.0312
28097.8535
28097.7656
28097.6777
28097.8145
28097.8672
28097.9297
28098.0918
28098.0781
28098.0645
28098.2168
28098.2793
28098.3281
28098.4668
28098.6934
28098.8438
28098.8301
28098.9922
28099.2422
28099.5684
28100.0059
28100.6836
28100.9336
28100.9316
28100.5684
28100.3047
28099.8164
28099.5020
28099.2773
28099.1270
28098.9121
28098.5137
28098.1367
28097.9102
28097.7090
28097.5723
28097.4355
28097.2090
28097.2461
28097.0449
28096.6680
28096.4043
28096.3281
28096.0645
28095.9766
28095.8984
28095.9863
28095.9980
28096.1094
28096.1074
28096.2812
28096.2812
28096.1680
28095.9023
28095.7402
28095.4746
28095.1367
28094.7969
28094.5332
28094.4453
28094.5684
28094.5430
28094.8047
28095.1680
28095.3418
28095.5918
28095.6777
28095.5781
28095.5000
28095.4980
28095.2363
28095.0840
28094.9336
28095.0195
28095.0566
28095.1680
28095.3789
28095.4902
28095.6270
28095.5762
28095.4141
28095.1621
28094.9980
28094.8965
28094.6094
28094.3691
28094.2578
28093.9570
28093.7305
28093.7051
28093.6914
28093.4902
28093.4785
28093.7383
28093.8262
28094.0879
28094.3867
28094.6484
28094.9355
28095.2090
28095.3945
28095.3828
28095.7441
28095.9180
28096.0156
28096.0918
28095.9883
28096.0000
28095.8516
28095.7266
28095.8008
28095.9609
28096.1719
28096.4844
28096.9219
28097.1191
28097.4824
28097.8945
28098.1055
28098.1543
28098.2031
28098.1543
28097.9023
28097.7520
28097.5898
28097.5000
28097.1523
28096.8887
28097.0625
28097.0605
28096.9863
28097.2734
28097.6211
28097.7461
28098.0195
28098.1191
28098.2188
28098.3301
28098.1562
28097.7930
28097.5547
28097.2031
28096.5801
28095.9688
28095.4551
28095.1816
28094.8438
28094.3926
28094.1055
28093.8438
28093.4551
28093.3301
28093.2422
28093.1270
28093.1270
28093.2266
28093.2266
28093.2129
28093.1113
28092.9492
28092.8633
28092.8750
28092.9473
28092.9473
28093.1582
28092.9844
28092.8965
28092.8223
28092.7461
28092.5723
28092.3965
28092.1211
28092.0078
28091.8066
28091.6934
28091.4941
28091.3184
28091.1191
28090.7812
28090.3574
28090.1230
28089.7852
28089.4746
28089.1387
28088.9766
28088.9023
28088.9141
28089.0879
28089.3496
28089.6973
28090.1191
28090.5547
28090.8906
28090.9766
28091.2383
28091.3496
28091.4355
28091.6855
28091.7832
28091.8574
28091.8828
28091.8828
28091.8086
28091.7207
28091.7070
28091.6934
28091.7793
28091.7656
28091.6797
28091.7520
28091.6660
28091.5527
28091.5391
28091.4395
28091.4512
28091.4375
28091.5371
28091.5488
28091.6348
28091.6348
28091.7949
28091.8828
28091.9941
28091.9941
28091.9453
28091.8965
28092.1094
28092.0605
28091.8125
28091.5488
28091.3027
28091.0527
28090.8789
28090.8926
28090.7285
28090.5078
28090.2598
28090.1973
28090.0508
28090.1504
28090.1895
28090.2754
28090.0879
28089.9395
28089.6797
28089.4902
28089.4902
28089.5898
28089.6777
28089.7383
28089.9238
28090.0977
28090.1113
28090.1504
28090.1016
28089.8789
28089.8320
28089.9844
28090.2832
28090.3340
28090.3730
28090.2539
28090.3652
28090.5527
28090.9258
28091.2734
28091.5469
28091.6465
28091.5723
28091.4375
28091.2637
28091.0918
28091.0898
28091.0898
28091.3770
28091.5508
