27474.9492
27475.4141
27475.5215
27475.2695
27475.3535
27475.2461
27475.5234
27475.3223
27475.5312
27475.4473
27475.4805
27475.1562
27475.3125
27475.2051
27475.2051
27475.2793
27475.3965
27475.1387
27475.3203
27475.4121
27475.4375
27475.5742
27475.5820
27475.5898
27475.6152
27475.2793
27475.1133
27475.2949
27475.2363
27475.3965
27475.2539
27475.1934
27475.3027
27475.4102
27475.3262
27475.2109
27474.7598
27474.7910
27475.0430
27474.6309
27474.5156
27474.8008
27474.6484
27474.5488
27474.8008
27474.9785
27474.9648
27474.8418
27474.5566
27474.8262
27475.2930
27475.4082
27475.7246
27475.8086
27475.9258
27476.1406
27476.2246
27476.7773
27476.8770
27476.6602
27476.9609
27476.8691
27476.7539
27476.6680
27476.4102
27476.2090
27476.0332
27475.8594
27475.5742
27475.7578
27475.4082
27475.4922
27475.6914
27475.6738
27476.0586
27475.9434
27475.6914
27475.8047
27476.0078
27475.7227
27475.8770
27475.5078
27475.8691
27476.1602
27476.4355
27476.5117
27476.3203
27476.4199
27476.8809
27476.5273
27476.7285
27476.7363
27476.3770
27476.4531
27476.5371
27476.6055
27476.4062
27476.6797
27476.4805
27476.1211
27476.6562
27476.5645
27476.7422
27476.8574
27476.4980
27476.7598
27476.4824
27476.2910
27475.9980
27475.4707
27475.4473
27475.4707
27475.0781
27475.4395
27475.2383
27475.5156
27475.5000
27475.5820
27475.6660
27475.4512
27475.6504
27475.8125
27475.6191
27475.5957
27475.4727
27475.7500
27475.7266
27475.3945
27475.4023
27475.3789
27475.4375
27475.6914
27475.5918
27475.6680
27475.9238
27476.0293
27475.9531
27475.6680
27475.4941
27475.5859
27475.5098
27475.4395
27475.2559
27475.3320
27475.6328
27475.3242
27475.2344
27475.4082
27475.3027
27475.2031
27475.0879
27474.9883
27474.7266
27474.6875
27474.7871
27474.7480
27474.6562
27474.6250
27474.7324
27474.7324
27475.0098
27475.1855
27475.1777
27474.9863
27475.1543
27475.1465
27475.2070
27475.3086
27475.1836
27475.0098
27474.9863
27474.8184
27474.8027
27474.4258
27474.3262
27473.7559
27474.0566
27474.1094
27474.1191
27474.3887
27474.5723
27474.6484
27474.9180
27474.8027
27474.8945
27474.9941
27474.9023
27475.0781
27474.7949
27474.9199
27474.8965
27475.1816
27475.0957
27475.3262
27475.4414
27475.5020
27475.5098
27475.5957
27475.5898
27475.4883
27474.9277
27475.0430
27475.1055
27474.7441
27475.1973
27474.7363
27474.8145
27475.0840
27474.4219
27474.6074
27474.3906
27474.1387
27474.4902
27474.3145
27474.2930
27474.5000
27474.4766
27474.6934
27474.6621
27474.5859
27474.4844
27474.3867
27474.4863
27474.3867
27474.6484
27474.6406
27474.5566
27474.7324
27474.2422
27474.4414
27474.4492
27474.3496
27474.3184
27474.2422
27474.2266
27474.3281
27474.4277
27474.3730
27474.4902
27474.6289
27474.4590
27474.6211
27474.5898
27474.7812
27474.4531
27474.3906
27474.3223
27474.5293
27474.4844
27474.6074
27474.3926
27474.4004
27474.4375
27474.4238
27474.4082
27474.4473
27474.4180
27474.6855
27474.7559
27474.6562
27474.7559
27474.7402
27474.7715
27474.8438
27474.9805
27475.0664
27474.8906
27475.0742
27475.0820
27475.1738
27475.0605
27475.0137
27474.9062
27474.7598
27474.7910
27474.7461
27474.7383
27474.6914
27474.8633
27474.7695
27474.9023
27474.9492
27475.0645
27475.2793
27475.4492
27475.5566
27475.5410
27475.4727
27475.3027
27475.3496
27475.3496
27475.3105
27475.3672
27475.2812
27475.0586
27475.1445
27475.0605
27475.0293
27475.0078
27474.9297
27474.7227
27474.4551
27474.5312
27474.2461
27474.3242
27474.3105
27474.0859
27474.1641
27474.0566
27474.0410
27474.2500
27474.1426
27474.0430
27474.2129
27473.9980
27474.1914
27474.1680
27474.1309
27473.9453
27474.1094
27474.2539
27474.1328
27474.1172
27474.0801
27473.9648
27473.9512
27474.0977
27474.2285
27473.9219
27473.9219
27473.8203
27473.8438
27473.9609
27473.9141
27474.0000
27473.9297
27474.0684
27473.9980
27474.1992
27474.1309
27474.1094
27474.1172
27474.0938
27474.2852
27474.2793
27474.2480
27474.2637
27474.3574
27474.3262
27474.4277
27474.4902
27474.4922
27474.3984
27474.3906
27474.3984
27474.3984
27474.3984
27474.4082
27474.4219
27474.5469
27474.5703
27474.4766
27474.5000
27474.3242
27474.1543
27474.1543
27474.1934
27474.2090
27474.1152
27474.1465
27474.1465
27474.1680
27474.2070
27474.1992
27474.2148
27474.1855
27474.1855
27474.2500
27474.3262
27474.3203
27474.2129
27474.2285
27474.2207
27474.1211
27474.0215
27474.0215
27473.9219
27474.0293
27474.0156
27474.0449
27473.9609
27474.0762
27473.9766
27474.0137
27474.0215
27474.0371
27474.0684
27473.9766
27473.9922
27473.8047
27473.9141
27473.9531
27473.9668
27474.0137
27473.9492
27474.0586
27474.1582
27474.1816
27474.1113
27474.2266
27474.3047
27474.2266
27474.3262
27474.4199
27474.4199
27474.5195
27474.5977
27474.6211
27474.6289
27474.8203
27474.8984
27475.0137
27475.0059
27475.1074
27475.0137
27474.9375
27474.9375
27474.9297
27474.8379
27474.8535
27474.9375
27474.9746
27474.9492
27474.8574
27474.7148
27474.4688
27474.6641
27474.5625
27474.6641
27474.5625
27474.4922
27474.6074
27474.7090
27474.8086
27474.9023
27474.8945
27474.9941
27474.8867
27474.8945
27474.9023
27474.9023
27474.9883
27475.0957
27475.1035
27474.9883
27474.9043
27474.8906
27474.9375
27475.0371
27475.3906
27475.4355
27475.4570
27475.3867
27475.2168
27475.0469
27475.4023
27475.1875
27475.1504
27475.0508
27474.7520
27474.5449
27474.5234
27474.3457
27474.2246
27474.3164
27474.2168
27474.3105
27474.4102
27474.5020
27474.8652
27475.0586
27475.1602
27475.3516
27475.4453
27475.3516
27475.2676
27475.2910
27475.2910
27475.1992
27475.2051
27475.1113
27475.1191
27474.9570
27474.8574
27474.8027
27474.8242
27474.9316
27475.0391
27475.0469
27475.0469
27475.0684
27475.0547
27475.1758
27475.0918
27475.0000
27474.9922
27475.1289
27475.2148
27475.2363
27475.3281
27475.4375
27475.6367
27475.7305
27476.0234
27475.9941
27476.0859
27475.9941
27476.0234
27476.0312
27475.8516
27475.8672
27475.8125
27475.8555
27475.8770
27475.8633
27475.9004
27475.9004
27475.8301
27475.6445
27475.6230
27475.5156
27475.5156
27475.4082
27475.3164
27475.3945
27475.3867
27475.4648
27475.4570
27475.4512
27475.3516
27475.2441
27475.2441
27475.1445
27475.2227
27475.3438
27475.3516
27475.4590
27475.6758
27475.6895
27475.7754
27475.8965
27475.9883
27475.9043
27475.8906
27475.9043
27475.9180
27475.8340
27475.8555
27475.6348
27475.5625
27475.4707
27475.6133
27475.6680
27475.7559
27475.7812
27475.8945
27476.1230
27476.3457
27476.4961
27476.6543
27476.7109
27476.6055
27476.6602
27476.3105
27476.2949
27476.2109
27476.3379
27476.4336
27476.5039
27476.7031
27476.6250
27476.6895
27476.5820
27476.5684
27476.5605
27476.5469
27476.6387
27476.7324
27476.8262
27477.0117
27477.0195
27477.2910
27477.2832
27477.1035
27477.2031
27477.2188
27477.1328
27476.8496
27476.8633
27476.8555
27476.6914
27476.8770
27476.8789
27476.6836
27476.6836
27476.6777
27476.6836
27476.6836
27476.4844
27476.3926
27476.3281
27476.1777
27476.1504
27476.2715
27476.2148
27476.1367
27476.3066
27475.9570
27475.8008
27475.7930
27476.1855
27476.2012
27476.0215
27476.2148
27475.7715
27476.0488
27476.0430
27475.8711
27475.8652
27476.1504
27476.0566
27475.8789
27475.8926
27475.6348
27475.9219
27476.1348
27475.7578
27476.1504
27476.2227
27475.9434
27475.8496
27476.2930
27476.0293
27476.1934
27476.2656
27476.1797
27476.3359
27476.5215
27476.4434
27476.1660
27476.2734
27476.1797
27476.1953
27476.2949
27476.2148
27476.0996
27476.0078
27476.0859
27475.9941
27476.0723
27476.1953
27476.1797
27476.3516
27476.4434
27476.5293
27476.7090
27476.6309
27476.6523
27476.9023
27476.8164
27476.7168
27476.9023
27476.6387
27476.8164
27476.6309
27476.6465
27476.6523
27476.7305
27476.4727
27476.6816
27476.5215
27476.4375
27476.3516
27476.2734
27476.2734
27476.2656
27476.3789
27476.5508
27476.3652
27476.3516
27476.4297
27476.4160
27476.2227
27476.3301
27476.1289
27476.0293
27476.0371
27476.0156
27476.0020
27475.9023
27475.9883
27476.0723
27475.8945
27475.9746
27476.5449
27476.5449
27476.3809
27476.6465
27476.3887
27476.4941
27476.4941
27476.4082
27475.9434
27475.8516
27475.8438
27475.5508
27475.7305
27475.7305
27475.8242
27476.1094
27476.1094
27476.4668
27476.6816
27476.3672
27476.5664
27476.5469
27476.5605
27476.4531
27476.3477
27476.1758
27476.2402
27476.0469
27476.3262
27476.4121
27476.4258
27476.4258
27476.4395
27476.2480
27476.0664
27476.0469
27476.1270
27476.0332
27475.8262
27475.9199
27475.9980
27476.2715
27476.5645
27476.7500
27476.8438
27477.2012
27477.1309
27477.0508
27477.0371
27477.0371
27477.0312
27476.9434
27476.8438
27476.6660
27476.8574
27476.9512
27476.8574
27476.9648
27476.7793
27476.6074
27476.8848
27476.8711
27476.7715
27476.8789
27476.8789
27476.6875
27476.8867
27477.3008
27477.2520
27477.2656
27477.7168
27477.6973
27477.6172
27477.5977
27477.7109
27477.7461
27477.6387
27477.7793
27477.8789
27478.0000
27477.9141
27478.0488
27478.0547
27478.1641
27477.9551
27477.8828
27477.9902
27477.6504
27477.7461
27477.6504
27477.7129
27477.7871
27477.4199
27477.3359
27477.5137
27477.4141
27476.9414
27477.1543
27477.4902
27477.4297
27477.4297
27477.6230
27477.6914
27477.7129
27477.6738
27477.7656
27477.7930
27477.7930
27477.4922
27477.6934
27477.6152
27477.4336
27477.3691
27477.3965
27477.3887
27477.3301
27477.4297
27477.2578
27477.4492
27477.0820
27477.0898
27477.1895
27477.1816
27477.0820
27477.0957
27477.1230
27477.2969
27477.1016
27477.4688
27477.1621
27477.2422
27477.2422
27477.2422
27477.3477
27477.3750
27477.3691
27477.3828
27477.6738
27477.4805
27477.7676
27477.7754
27478.0527
27477.8672
27477.9746
27478.2207
27478.4258
27478.5918
27478.7480
27478.7402
27478.4805
27478.5586
27478.3203
27478.4277
27478.7129
27479.0195
27479.0410
27479.2383
27479.4258
27479.5859
27479.6641
27479.6641
27480.0586
27480.1504
27480.3457
27480.4453
27480.2656
27480.3789
27480.4922
27480.5840
27480.6836
27480.6777
27480.6973
27480.3984
27480.7773
27480.8711
27480.6973
27480.6895
27481.3301
27482.2695
27482.4414
27482.2695
27482.2891
27482.1836
27482.6699
27483.2227
27483.1562
27483.0547
27483.1484
27482.8613
27483.1562
27483.1562
27483.2480
27483.2617
27483.5195
27483.6816
27483.9805
27484.0605
27483.8477
27483.8672
27484.0215
27484.0410
27484.0469
27483.7598
27483.5879
27483.6074
27483.5156
27483.5000
27483.4121
27483.4004
27483.1133
27483.1992
27483.2988
27483.3789
27483.4590
27483.5859
27483.6660
27484.0469
27484.0332
27484.2930
27484.1934
27484.4727
27484.7324
27484.9336
27484.9141
27485.1855
27485.1797
27485.3613
27485.2852
27485.4668
27485.2852
27485.3535
27485.6465
27485.4395
27485.6133
27485.5527
27485.6387
27485.5527
27485.5859
27485.6523
27485.5859
27485.6855
27485.7988
27485.8926
27485.8125
27486.0918
27486.0391
27485.9531
27486.2715
27486.2969
27486.6055
27486.5312
27486.3574
27486.9375
27486.7695
27486.6699
27486.6895
27486.9766
27487.0566
27486.9629
27487.4297
27487.4434
27487.2559
27487.3496
27487.5293
27487.6035
27487.7031
27487.8828
27487.8770
27488.0645
27487.9102
27488.1777
27488.1895
27488.4707
27488.6699
27488.8574
27488.7500
27488.8633
27489.0449
27489.3496
27489.5586
27489.6562
27489.8633
27490.0293
27490.1094
27490.5254
27490.7559
27490.5645
27490.6699
27491.0371
27491.2246
27491.4980
27491.4043
27491.6035
27491.7441
27492.1172
27492.1035
27492.2832
27492.6230
27492.8359
27492.7617
27493.0430
27493.1367
27492.9512
27493.1621
27493.0547
27493.0957
27493.1699
27493.1152
27493.2148
27493.4883
27493.5898
27493.4199
27493.7148
27493.9336
27494.0215
27494.1348
27494.3145
27494.4336
27494.5469
27494.8340
27494.7598
27495.0605
27494.9590
27494.7656
27495.3457
27495.1523
27494.9785
27495.5605
27496.0527
27495.6855
27496.0098
27496.2109
27495.9219
27496.1230
27496.2305
27496.6367
27496.9297
27496.9297
27497.2422
27497.4902
27497.6230
27497.8027
27498.4570
27498.4766
27498.4766
27498.9570
27498.7715
27499.0703
27499.1895
27499.1387
27499.1152
27499.1836
27499.3633
27499.1836
27499.4824
27499.2637
27499.6309
27499.7305
27500.0059
27500.0859
27500.0996
27499.8652
27500.0742
27500.1738
27499.7852
27500.0742
27500.1914
27499.7988
27499.8984
27499.7441
27499.7305
27499.6504
27499.5762
27499.5703
27499.5625
27499.6816
27499.7812
27499.7949
27499.9062
27499.8750
27499.7930
27499.8867
27499.9551
27499.7754
27499.3809
27499.4414
27499.5371
27499.3164
27499.1484
27499.3105
27499.5293
27499.5176
27499.4355
27499.3164
27499.3359
27498.9473
27498.8789
27498.8535
27498.6543
27498.5605
27498.4414
27498.1543
27498.0605
27497.8789
27497.7793
27497.3047
27497.2656
27496.6992
27496.5859
27496.7480
27496.7344
27496.6406
27496.0605
27496.3223
27496.5039
27496.3887
27496.7461
27496.8457
27497.1270
27497.4277
27497.7070
27497.8008
27497.8711
27497.7500
27497.6562
27497.4375
27497.0508
27497.1133
27497.2051
27497.3633
27497.3438
27497.4434
27497.4180
27497.1172
27497.3125
27497.0176
27496.7305
27496.8184
27496.6367
27496.5234
27496.6992
27496.7676
27496.9434
27496.7500
27497.0352
27497.1133
27497.2871
27496.8789
27497.2617
27497.0938
27497.1426
27497.1562
27497.2500
27497.3184
27497.1191
27496.9941
27496.8926
27496.8789
27496.8809
27496.6934
27496.5566
27496.3301
27496.1250
27495.7305
27495.6738
27495.2812
27495.1621
27494.9570
27495.0059
27494.8750
27494.8379
27494.4453
27494.4453
27494.2520
27494.3262
27494.2207
27493.8145
27493.4336
27493.7207
27493.6328
27493.6133
27493.6270
27493.5898
27493.6777
27494.0391
27493.9277
27493.8105
27493.7168
27493.8105
27493.6992
27493.8848
27493.7793
27494.0371
27493.6738
27493.8359
27493.9238
27493.9062
27493.8066
27493.7012
27493.4707
27493.6523
27493.4336
27493.2324
27493.0469
27493.1348
27493.0098
27492.9727
27492.9492
27492.9355
27492.8438
27492.9004
27492.7422
27492.8379
27492.5176
27492.5117
27492.3828
27492.4570
27492.3574
27492.4160
27492.2461
27492.3223
27492.1328
27492.3984
27492.3047
27492.4980
27492.4238
27492.3926
27492.4746
27492.5566
27492.0938
27492.3574
27491.9512
27491.8574
27491.8516
27491.8223
27491.7285
27491.9219
27492.0156
27492.0020
27492.1621
27492.1562
27491.9375
27491.9062
27491.7148
27491.6836
27491.4844
27491.4668
27491.4668
27491.4668
27491.3848
27491.3789
27491.1914
27491.3613
27491.0566
27490.8574
27490.9570
27491.1641
27491.1699
27491.0762
27490.9707
27491.2344
27491.0469
27490.8652
27490.5547
27490.6367
27490.3359
27490.4062
27490.2188
27490.4863
27490.5527
27490.8301
27490.8184
27490.9062
27490.5176
27490.4004
27490.8691
27491.1445
27491.0215
27491.6738
27491.9316
27491.7324
27491.3574
27490.7695
27489.9238
27489.4492
27488.3223
27487.9180
27488.3750
27488.4570
27488.0684
27487.6113
27487.5059
27487.3203
27487.0430
27486.4688
27486.2559
27486.0566
27486.0820
27485.8164
27485.6992
27485.6934
27485.1250
27485.2012
27485.1328
27484.8379
27484.5566
27484.1562
27484.1387
27484.2148
27483.7207
27483.1406
27482.9238
27482.7051
27481.9609
27481.7656
27480.7559
27480.8379
27481.1152
27481.0625
27480.6855
27479.9688
27480.4277
27480.3105
27480.2051
27480.3809
27480.5859
27480.6309
27480.4531
27480.5605
27480.4961
27480.3086
27480.3164
27480.3281
27479.8340
27479.7285
27480.0879
27479.8750
27479.4863
27479.2129
27479.0508
27479.0176
27478.8223
27478.6309
27478.7305
27478.4297
27478.4355
27478.3242
27478.5742
27478.4453
27478.6582
27478.5176
27478.3789
27478.4902
27478.5332
27478.5215
27478.3379
27477.9453
27477.5918
27477.6309
27477.5410
27477.3027
27477.0781
27477.1953
27476.7734
27476.8496
27476.6387
27476.2207
27476.0449
27475.7578
27475.7383
27475.9336
27475.5469
27475.7520
27475.9395
27475.9160
27476.3926
27476.3691
27476.7637
27476.8477
27476.6719
27476.2188
27476.5078
27476.3262
27476.2441
27475.9609
27476.4316
27476.1504
27476.1328
27476.5000
27476.8691
27476.0234
27476.6934
27476.6289
27476.6816
27476.2891
27476.1074
27476.5430
27476.0605
27475.9492
27475.9727
27476.0098
27475.9102
27475.9922
27475.9805
27475.0273
27474.5762
27475.3457
27474.6055
27474.4102
27475.0469
27474.7656
27474.5781
27474.7363
27474.3652
27474.4609
27474.3555
27473.9688
27474.1562
27473.9453
27473.7930
27473.6680
27473.6699
27473.6875
27473.5293
27473.9043
27473.7285
27473.5527
27473.0820
27472.7988
27472.6074
27472.4062
27471.9238
27472.0352
27472.2305
27471.6367
27471.4551
