28100.1602
28100.2578
28100.2520
28100.1387
28100.1191
28100.0039
28099.9980
28100.0820
28099.8926
28099.9922
28100.0859
28100.0859
28100.1875
28100.3750
28100.5684
28100.5645
28100.6484
28100.8320
28101.0156
28101.0059
28101.0000
28101.0898
28101.0840
28100.9824
28100.8926
28100.8887
28100.9766
28100.8828
28100.9805
28101.0879
28100.9902
28100.9863
28101.0859
28101.1797
28101.1758
28101.1797
28101.2734
28101.2852
28101.0898
28101.0996
28101.1094
28101.0137
28101.1094
28101.1152
28101.2188
28101.1289
28101.0391
28101.2402
28101.1348
28101.1289
28101.1172
28101.2012
28101.1016
28101.2051
28101.4102
28101.4258
28101.5410
28101.6641
28101.7793
28101.8828
28101.9941
28101.9980
28102.1934
28102.2871
28102.3770
28102.4590
28102.6387
28102.7344
28102.9160
28103.0098
28103.0039
28103.0957
28102.9941
28102.9766
28102.7715
28102.7617
28102.8340
28102.7344
28102.8320
28102.9316
28102.9434
28102.9629
28102.9805
28102.9902
28103.0059
28103.0215
28102.9277
28102.8438
28102.7441
28102.7422
28102.8477
28102.9414
28103.0352
28103.1309
28103.1309
28103.3145
28103.3145
28103.4082
28103.4961
28103.4961
28103.4121
28103.5059
28103.4121
28103.4219
28103.3281
28103.3320
28103.3379
28103.4316
28103.4316
28103.4355
28103.5352
28103.4473
28103.2578
28103.2637
28103.1641
28103.0723
28102.9785
28102.9785
28102.7891
28102.7891
28102.6953
28102.6895
28102.6875
28102.4043
28102.3086
28102.1133
28102.1191
28101.9355
28101.9355
28101.8516
28101.8574
28101.6719
28101.5723
28101.3848
28101.2832
28101.0938
28101.1875
28101.1875
28101.2891
28101.3887
28101.4824
28101.5762
28101.5859
28101.6855
28101.6973
28101.6973
28101.7988
28101.7969
28101.7969
28101.7012
28101.6074
28101.5957
28101.7852
28101.7793
28101.8730
28102.0625
28102.0605
28102.2520
28102.3398
28102.4395
28102.6270
28102.9102
28103.0039
28103.0977
28103.1934
28103.1875
28103.2754
28103.2598
28103.1543
28103.1309
28103.0137
28103.0020
28102.9902
28102.8848
28102.9727
28102.9727
28103.0781
28102.9824
28103.0840
28103.0996
28103.0156
28103.1113
28103.1172
28103.2090
28103.2988
28103.3867
28103.3809
28103.3848
28103.3848
28103.2031
28103.1191
28103.0352
28102.9512
28102.9629
28102.9785
28102.8965
28102.9121
28102.9121
28102.9121
28102.8066
28102.8945
28102.7891
28102.7715
28102.5645
28102.5488
28102.4473
28102.2480
28102.0527
28102.0586
28101.8750
28101.7871
28101.7930
28101.7930
28101.7812
28101.7812
28101.8691
28101.7734
28101.8672
28101.8672
28101.6797
28101.5840
28101.6738
28101.6738
28101.6680
28101.6660
28101.7617
28101.7656
28101.8594
28101.8652
28101.9590
28102.0586
28102.1543
28102.2520
28102.4355
28102.4277
28102.4277
28102.3281
28102.4160
28102.5039
28102.4102
28102.4980
28102.4863
28102.5820
28102.4863
28102.4844
28102.4902
28102.4082
28102.4141
28102.1484
28102.0645
28101.9766
28101.8828
28101.7051
28101.7051
28101.6992
28101.6035
28101.6035
28101.6035
28101.5098
28101.5078
28101.5078
28101.4961
28101.4023
28101.3027
28101.2090
28101.2031
28101.2012
28101.2012
28101.3828
28101.2891
28101.4766
28101.5645
28101.6602
28101.7539
28101.8535
28101.9414
28102.1289
28102.2227
28102.3164
28102.3164
28102.3281
28102.4219
28102.4219
28102.5195
28102.5254
28102.6152
28102.7148
28102.7148
28102.5312
28102.5254
28102.4297
28102.3301
28102.3301
28102.1426
28102.0469
28102.0352
28101.9414
28101.8457
28101.8457
28101.9336
28101.8398
28101.9395
28102.0332
28102.0332
28102.1328
28102.0430
28102.2324
28102.1445
28102.2441
28102.2441
28102.3379
28102.3379
28102.5293
28102.5293
28102.6309
28102.8184
28102.8184
28103.0000
28102.9043
28102.8047
28102.7930
28102.7871
28102.6875
28102.6816
28102.6680
28102.5625
28102.6504
28102.6445
28102.5371
28102.6367
28102.6484
28102.6660
28102.7832
28102.9941
28103.0957
28103.1895
28103.1777
28103.1582
28103.0527
28103.2285
28103.2324
28103.2441
28103.2559
28103.2676
28103.1934
28103.1797
28103.2617
28103.2305
28103.2070
28103.1895
28103.1582
28103.0527
28103.0449
28103.0391
28103.0508
28103.0508
28103.0508
28103.0508
28103.0508
28103.0488
28103.0488
28102.9551
28102.9609
28102.9609
28102.9668
28102.8828
28102.8887
28102.8887
28102.8887
28102.8809
28102.9824
28102.9824
28102.9766
28102.9688
28102.9688
28102.9688
28102.8789
28102.8848
28102.8965
28102.8086
28102.8027
28102.8086
28102.8145
28102.8262
28102.8438
28102.8750
28102.8867
28102.8789
28102.8613
28102.8477
28102.8359
28102.9297
28103.0371
28103.0547
28103.2773
28103.3027
28103.3320
28103.5430
28103.6582
28103.6641
28103.6621
28103.7559
28103.7676
28103.7734
28103.7559
28103.7129
28103.6680
28103.5195
28103.3750
28103.2559
28103.1562
28103.0742
28103.0000
28102.9102
28102.9219
28102.9414
28102.9648
28102.9902
28102.9258
28102.9395
28102.9375
28102.9316
28103.0117
28103.1953
28103.3809
28103.4688
28103.5703
28103.6621
28103.5762
28103.4805
28103.3867
28103.3867
28103.3789
28103.2793
28103.2793
28103.4727
28103.4648
28103.5664
28103.6660
28103.7715
28103.7773
28103.8965
28103.9082
28103.9199
28103.9316
28104.1328
28104.1387
28104.1504
28104.0625
28104.1562
28104.1562
28104.1504
28104.1445
28104.2305
28104.1250
28104.0156
28103.9102
28103.8984
28103.8047
28103.7109
28103.6230
28103.3398
28103.2402
28103.1406
28103.1348
28103.1211
28103.1211
28103.1211
28103.0195
28102.9258
28102.7383
28102.7383
28102.6641
28102.5742
28102.5879
28102.5938
28102.4062
28102.4004
28102.5801
28102.5742
28102.6621
28102.7617
28102.9473
28102.9473
28103.0410
28103.1230
28103.1094
28103.1035
28103.0957
28103.1895
28103.2949
28103.3086
28103.4062
28103.5059
28103.5059
28103.4941
28103.5820
28103.4805
28103.4727
28103.4727
28103.4727
28103.5684
28103.5742
28103.6738
28103.8711
28104.0664
28104.1719
28104.4590
28104.6523
28104.8379
28105.0273
28105.1133
28104.9180
28104.6328
28104.4434
28104.3633
28104.1895
28104.1074
28103.9316
28103.8516
28103.7715
28103.6719
28103.5762
28103.5625
28103.5566
28103.5488
28103.4434
28103.3379
28103.3301
28103.3301
28103.4160
28103.4219
28103.5215
28103.6230
28103.6289
28103.6426
28103.6543
28103.6738
28103.6680
28103.5918
28103.5977
28103.6035
28103.6172
28103.6484
28103.6680
28103.7832
28103.7949
28103.7891
28103.8613
28104.0410
28104.1152
28104.1074
28104.1895
28104.1836
28104.2637
28104.3438
28104.3359
28104.3301
28104.4219
28104.4219
28104.5020
28104.5840
28104.5703
28104.6445
28104.6367
28104.5430
28104.4492
28104.4414
28104.3555
28104.3535
28104.2617
28104.2676
28104.2734
28104.3789
28104.3848
28104.2930
28104.3926
28104.4121
28104.3242
28104.3379
28104.4375
28104.3574
28104.2773
28104.2891
28104.2949
28104.1270
28104.1465
28104.2617
28104.2734
28104.2930
28104.3125
28104.5059
28104.6914
28104.7871
28104.8789
28104.9648
28104.9727
28104.8848
28104.8906
28104.8125
28104.8320
28104.8574
28104.7949
28104.7227
28104.7480
28104.7559
28104.6816
28104.6953
28104.7090
28104.7148
28104.7344
28104.8398
28104.8613
28104.8867
28104.9004
28104.9141
28105.0254
28105.0527
28105.0664
28105.1875
28105.1328
28105.0664
28105.0000
28104.8281
28104.7461
28104.6602
28104.5605
28104.3867
28104.2070
28104.0273
28103.7598
28103.7676
28103.7734
28103.7734
28103.6934
28103.7871
28103.7871
28103.7871
28103.7812
28103.7734
28103.7598
28103.6602
28103.6543
28103.6543
28103.5625
28103.5684
28103.5684
28103.5684
28103.4766
28103.3809
28103.3887
28103.3887
28103.3086
28103.3086
28103.4902
28103.3809
28103.3613
28103.3281
28103.3945
28103.4688
28103.6406
28103.7266
28103.9277
28103.9336
28104.0469
28104.0605
28104.0742
28104.0684
28104.2539
28104.2598
28104.2598
28104.1738
28104.0879
28103.9238
28103.7500
28103.4766
28103.4844
28103.4902
28103.5898
28103.6836
28103.8770
28103.8691
28104.0566
28104.0645
28104.0566
28104.0430
28104.0430
28103.9434
28103.8418
28103.7559
28103.7500
28103.7422
28103.5566
28103.5508
28103.5508
28103.5508
28103.5508
28103.6445
28103.7441
28103.7578
28103.7773
28103.7051
28103.7051
28103.6133
28103.6191
28103.5137
28103.5059
28103.5000
28103.5000
28103.4062
28103.3203
28103.3262
28103.3262
28103.3203
28103.2266
28103.1270
28103.1270
28103.0352
28103.0488
28102.8613
28102.7754
28102.6973
28102.7051
28102.9043
28103.0039
28103.1113
28103.2051
28103.3047
28103.3965
28103.5039
28103.5117
28103.7051
28103.9121
28103.9395
28104.2266
28104.5176
28104.6270
28104.7266
28104.7344
28104.7539
28104.8613
28104.9746
28104.9961
28105.1094
28105.0449
28105.0527
28105.1582
28105.1797
28105.2734
28105.3672
28105.2754
28105.1602
28105.2402
28105.1328
28105.1172
28105.2051
28105.1191
28105.0469
28105.0684
28104.9043
28104.8320
28104.8398
28104.9258
28104.9316
28104.9258
28104.9336
28105.1191
28105.1387
28105.2324
28105.4258
28105.4336
28105.2617
28105.3555
28105.3691
28105.4551
28105.4629
28105.5703
28105.4766
28105.5762
28105.5840
28105.5918
28105.5996
28105.6855
28105.6699
28105.7559
28105.7559
28105.7559
28105.7637
28105.8789
28105.6855
28105.7715
28105.8594
28106.0449
28106.1367
28106.2090
28106.3672
28106.6172
28106.4883
28106.4531
28106.7129
28106.8828
28106.9824
28107.5566
28107.7695
28107.9824
28108.0996
28108.2051
28108.2852
28108.1562
28108.1211
28108.2695
28108.1562
28108.0703
28107.9863
28108.0000
28108.0293
28108.1426
28108.1504
28108.3555
28108.5508
28108.5430
28108.6367
28108.8066
28108.9785
28109.2500
28109.5293
28109.8145
28109.8281
28109.9512
28109.9941
28110.1504
28110.3086
28110.3359
28110.6230
28110.8008
28110.9004
28110.9082
28111.0371
28111.0156
28111.1797
28111.3184
28111.3613
28111.5469
28111.6094
28111.4824
28111.6523
28111.7324
28111.7324
28111.8398
28111.7832
28111.7109
28111.7402
28111.7188
28111.6895
28111.7344
28111.8184
28111.8965
28112.0742
28112.1758
28112.1914
28112.1914
28112.0977
28112.3125
28112.4492
28112.4707
28112.5781
28112.6914
28112.7207
28112.8164
28112.8945
28112.9727
28113.1426
28113.4766
28113.7422
28114.1133
28114.3750
28114.6250
28114.9609
28115.0234
28115.1660
28115.2207
28115.1855
28115.2285
28115.2480
28115.2598
28115.2715
28115.3047
28115.2461
28115.1250
28115.0957
28115.1797
28115.0664
28115.1367
28115.0293
28115.2090
28115.1855
28115.3633
28115.4473
28115.5469
28115.7266
28115.6895
28115.8438
28115.9863
28116.2051
28116.3398
28116.4863
28116.4492
28116.5273
28116.5410
28116.6484
28116.6836
28116.9219
28117.0430
28117.2344
28117.4062
28117.5527
28117.9023
28118.0488
28118.3984
28118.5762
28118.9668
28119.1465
28119.3379
28119.4434
28119.6445
28119.6523
28119.7363
28119.8281
28119.9922
28119.9531
28120.2012
28120.2559
28120.3203
28120.4961
28120.6953
28120.7441
28120.8828
28121.0605
28121.4375
28121.5938
28121.8848
28122.1211
28122.2129
28122.2676
28122.4590
28122.6523
28122.5605
28122.7812
28122.8105
28122.8477
28122.9609
28123.1836
28123.4043
28123.5254
28123.7344
28124.0469
28124.2715
28124.5840
28124.8848
28125.0840
28125.3828
28125.7539
28125.9766
28126.1719
28126.4824
28126.5762
28126.7871
28127.0391
28127.1680
28127.4766
28127.5977
28127.7051
28127.8125
28127.9258
28128.0879
28128.2422
28128.4043
28128.4961
28128.4883
28128.5723
28128.5703
28128.5078
28128.6367
28128.6816
28128.8652
28128.9473
28129.0156
28129.1582
28129.2031
28129.2402
28129.3770
28129.4766
28129.3926
28129.4141
28129.4980
28129.3145
28129.3320
28129.1504
28129.0840
28129.0391
28128.9863
28129.0762
28129.2676
28129.5371
28129.7988
28129.9902
28130.1055
28130.2344
28130.2793
28130.4863
28130.7930
28130.9160
28131.2363
28131.4668
28131.6035
28131.9258
28132.2480
28132.3691
28132.5703
28132.7832
28132.9062
28132.9336
28133.0527
28133.1738
28133.1094
28133.1328
28133.0664
28133.0000
28132.7461
28132.7676
28132.7910
28133.0020
28133.1113
28133.5039
28133.6152
28133.6367
28133.6562
28133.7676
28133.5996
28133.6172
28133.7227
28133.6445
28133.6602
28133.5859
28133.6914
28133.8906
28133.9902
28134.1895
28134.3848
28134.5801
28134.7734
28135.0605
28135.2539
28135.4473
28135.6406
28135.8281
28135.9277
28136.0215
28135.9336
28136.1270
28136.0391
28136.1328
28136.3203
28136.5957
28136.5059
28136.5957
28136.6875
28136.8691
28137.0527
28137.3262
28137.6016
28137.7812
28137.9590
28137.9551
28137.9473
28137.9414
28137.8418
28137.8340
28137.7324
28137.5391
28137.3457
28137.4434
28137.4277
28137.6191
28137.8027
28137.8789
28138.0547
28138.1465
28138.2305
28138.2227
28138.3379
28138.2754
28138.0977
28137.8145
28137.5352
28137.4590
28137.2734
28137.0957
28136.9434
28136.8652
28136.6719
28136.5645
28136.6406
28136.6406
28136.5234
28136.5156
28136.5000
28136.4062
28136.3125
28136.2129
28136.0137
28135.9355
28135.8652
28135.7734
28135.6113
28135.4570
28135.4570
28135.4414
28135.7324
28136.0254
28136.3691
28136.5215
28136.7500
28136.8633
28136.7930
28136.5820
28136.3906
28136.3223
28136.1602
28136.0742
28136.0898
28136.1660
28135.9414
28135.8262
28135.6934
28135.6621
28135.5352
28135.4043
28135.1953
28135.0957
28134.7031
28134.3926
28134.0703
28133.9277
28133.6738
28133.4336
28133.3770
28133.2441
28133.2109
28133.1699
28133.3398
28133.3223
28133.2910
28133.2656
28133.2480
28133.1094
28132.7832
28132.6680
28132.5430
28132.5176
28132.3398
28132.2637
28132.0801
28131.8848
28131.7852
28131.6758
28131.5762
28131.5664
28131.5820
28131.5898
28131.5977
28131.6113
28131.5176
28131.4258
28131.3496
28131.0781
28130.9941
28131.0098
28131.0332
28131.0488
28131.0469
28131.1543
28131.3633
28131.4863
28131.4336
28131.5879
28131.5195
28131.4277
28131.3945
28131.2773
28131.0527
28131.0273
28130.7344
28130.5430
28130.2480
28130.0332
28129.7227
28129.4316
28129.2305
28128.9473
28128.6602
28128.3691
28128.0996
28127.9004
28127.5898
28127.3828
28127.1895
28126.9805
28126.8809
28126.7773
28126.7852
28126.8789
28126.8848
28126.7910
28126.8066
28126.9004
28126.7969
28126.9570
28126.9414
28127.0078
28126.7910
28126.5723
28126.3652
28126.2637
28126.1777
28126.0859
28126.1094
28125.9590
28125.6055
28125.2617
28124.8105
28124.5273
28124.3320
28124.2402
28124.2148
28124.1992
28124.1816
28124.0059
28123.6367
28123.1855
28122.9258
28122.5645
28122.2988
28122.1035
28121.9961
28121.8789
28121.6797
28121.7617
28121.4609
28121.1699
28120.7012
28120.3086
28120.1074
28119.7402
28119.5547
28119.3555
28119.1699
28119.0117
28118.8359
28118.8594
28118.7910
28119.0000
28118.8379
28118.8633
28118.8789
28118.9707
28119.0039
28119.0195
28119.0273
28119.0352
28119.1172
28119.0254
28118.9160
28118.7148
28118.6230
28118.3555
28118.1875
28117.9375
28117.7949
28117.5352
28117.5664
28117.4160
28117.4336
28117.3418
28117.3398
28117.2383
28117.2129
28117.1973
28117.1797
28117.1699
28117.2305
28117.1113
28116.9453
28116.7617
28116.0195
28115.1270
28114.0586
28113.0566
28112.2578
28111.7129
28111.4473
28111.2715
28111.1621
28110.9473
28110.7363
28110.5215
28110.3711
28110.0371
28109.8047
28109.5938
28109.2871
28109.0605
28108.6699
28108.2773
28107.9688
28107.7773
28107.4922
28107.2090
28106.9336
28106.6660
28106.5742
28106.4824
28106.3828
28106.4570
28106.5391
28106.4473
28106.4570
28106.5469
28106.5645
28106.5469
28106.5371
28106.5293
28106.4297
28106.3203
28106.3047
28106.3691
28106.7285
28107.1699
28107.6191
28108.2422
28108.6836
28108.7578
28108.8164
28108.5898
28108.3809
28107.7988
28107.1211
28106.3555
28105.6055
28104.9551
28104.3125
28103.7812
28103.4395
28103.3809
28103.1465
28103.4648
28103.7734
28104.3301
28104.8125
28105.2793
28105.5605
28105.4941
28105.3203
28104.9629
28104.5039
28104.1367
28103.6699
28103.2949
28103.2031
28103.0215
28102.8457
28102.9375
28102.8359
28102.8438
28102.7441
28102.5527
28102.5527
28102.4531
28102.5449
28102.7266
28102.8262
28102.9180
28102.9277
28102.9258
28102.9434
28102.8594
28102.8672
28102.7754
28102.7676
28102.6660
28102.5020
28102.4922
28102.4668
28102.3477
28102.3223
28102.3887
28102.2793
28102.2793
28102.3555
28102.4199
28102.3945
28102.5684
28102.5508
28102.4668
28102.4668
28102.3848
28102.3672
28102.2578
28102.2324
28102.2148
28102.2148
28102.1309
28102.0469
28102.0547
28102.0723
28101.9980
28101.8164
28101.8164
28101.7129
28101.5059
28101.3145
28101.0488
28100.7988
28100.6152
28100.3398
28100.2324
28100.2402
28100.0762
28100.0195
28099.9590
28099.9863
28100.0859
28100.0781
28100.0605
28100.0430
28100.1172
28100.2070
28100.2988
28100.3242
28100.3418
