   -0.6140
   -0.5620
   -0.5151
   -0.4685
   -0.4179
   -0.3776
   -0.3352
   -0.2961
   -0.2518
   -0.2069
   -0.1531
   -0.0961
   -0.0542
   -0.0130
    0.0153
    0.0428
    0.0663
    0.0808
    0.1004
    0.1144
    0.1288
    0.1389
    0.1480
    0.1533
    0.1602
    0.1556
    0.1541
    0.1517
    0.1495
    0.1515
    0.1523
    0.0872
    0.0206
   -0.0464
   -0.1112
   -0.1852
   -0.2574
   -0.3352
   -0.4136
   -0.5059
   -0.5941
   -0.6806
   -0.7707
   -0.8609
   -0.9571
   -1.0553
   -1.1614
   -1.2636
   -1.3699
   -1.4855
   -1.6045
   -1.7351
   -1.8662
   -1.9965
   -2.1262
   -2.2556
   -2.3913
   -2.5188
   -2.6454
   -2.7771
   -2.9108
   -3.0584
   -3.2042
   -3.3498
   -3.5050
   -3.6626
   -3.8213
   -3.9771
   -4.1306
   -4.2836
   -4.4314
   -4.5883
   -4.7509
   -4.9115
   -5.0789
   -5.2450
   -5.4065
   -5.5660
   -5.7220
   -5.8762
   -6.0268
   -6.1856
   -6.3355
   -6.4913
   -6.6492
   -6.8045
   -6.9484
   -7.0950
   -7.2367
   -7.3749
   -7.5216
   -7.6684
   -7.8154
   -7.9623
   -8.1126
   -8.2673
   -8.4184
   -8.5731
   -8.7274
   -8.8780
   -9.0221
   -9.1649
   -9.3043
   -9.4384
   -9.5648
   -9.6941
   -9.8164
   -9.9377
  -10.0693
  -10.1954
  -10.3187
  -10.4343
  -10.5413
  -10.6419
  -10.7401
  -10.8344
  -10.9268
  -11.0182
  -11.1094
  -11.1975
  -11.2847
  -11.3678
  -11.4392
  -11.5132
  -11.5868
  -11.6620
  -11.7364
  -11.7970
  -11.8650
  -11.9286
  -11.9893
  -12.0488
  -12.0940
  -12.1365
  -12.1711
  -12.2003
  -12.2333
  -12.2702
  -12.3008
  -12.3247
  -12.3460
  -12.3632
  -12.3740
  -12.3893
  -12.3922
  -12.3858
  -12.3712
  -12.3393
  -12.2986
  -12.2547
  -12.2082
  -12.1536
  -12.0996
  -12.0428
  -11.9861
  -11.9289
  -11.8338
  -11.7285
  -11.6212
  -11.5101
  -11.3959
  -11.2735
  -11.1499
  -11.0190
  -10.8857
  -10.7539
  -10.6090
  -10.4380
  -10.2860
  -10.1262
   -9.9689
   -9.8012
   -9.6315
   -9.4560
   -9.2821
   -9.1057
   -8.9306
   -8.7530
   -8.5640
   -8.3800
   -8.1994
   -8.0063
   -7.8154
   -7.6285
   -7.4345
   -7.2381
   -7.0366
   -6.8370
   -6.6473
   -6.4567
   -6.2688
   -6.0911
   -5.9105
   -5.7454
   -5.5890
   -5.4408
   -5.2990
   -5.1489
   -5.0016
   -4.8663
   -4.7376
   -4.6224
   -4.5151
   -4.4173
   -4.3202
   -4.2379
   -4.1634
   -4.1032
   -4.0711
   -4.0491
   -4.0378
   -4.0298
   -4.0311
   -4.0326
   -4.0293
   -4.0264
   -4.0213
   -4.0505
   -4.0806
   -4.1097
   -4.1321
   -4.1497
   -4.1733
   -4.1976
   -4.2267
   -4.2580
   -4.2943
   -4.3429
   -4.4182
   -4.4766
   -4.5340
   -4.5874
   -4.6523
   -4.7177
   -4.7919
   -4.8643
   -4.9336
   -5.0066
   -5.0841
   -5.1677
   -5.2465
   -5.3188
   -5.3922
   -5.4607
   -5.5204
   -5.5809
   -5.6387
   -5.6907
   -5.7387
   -5.7784
   -5.8099
   -5.8347
   -5.8498
   -5.8683
   -5.8820
   -5.8864
   -5.8916
   -5.8867
   -5.8855
   -5.8777
   -5.8629
   -5.8449
   -5.8177
   -5.7886
   -5.7492
   -5.7058
   -5.6527
   -5.5984
   -5.5403
   -5.4758
   -5.4141
   -5.3500
   -5.2883
   -5.2238
   -5.1527
   -5.0823
   -5.0077
   -4.9340
   -4.8596
   -4.7926
   -4.7262
   -4.6647
   -4.6093
   -4.5575
   -4.5018
   -4.4511
   -4.3997
   -4.3491
   -4.2933
   -4.2353
   -4.1742
   -4.1164
   -4.0599
   -4.0011
   -3.9455
   -3.8899
   -3.8398
   -3.7935
   -3.7468
   -3.7011
   -3.6564
   -3.6213
   -3.5862
   -3.5575
   -3.5305
   -3.5066
   -3.4848
   -3.4588
   -3.4378
   -3.4129
   -3.3906
   -3.3670
   -3.3492
   -3.3312
   -3.3125
   -3.2926
   -3.2726
   -3.2489
   -3.2277
   -3.2085
   -3.1929
   -3.1782
   -3.1627
   -3.1515
   -3.1477
   -3.1363
   -3.1199
   -3.0904
   -3.0597
   -3.0282
   -2.9922
   -2.9476
   -2.8998
   -2.8491
   -2.7959
   -2.7476
   -2.7007
   -2.6552
   -2.6113
   -2.5701
   -2.5292
   -2.4868
   -2.4482
   -2.4106
   -2.3717
   -2.3410
   -2.3103
   -2.2832
   -2.2537
   -2.2322
   -2.2103
   -2.1919
   -2.1688
   -2.1445
   -2.1189
   -2.0919
   -2.0645
   -2.0376
   -2.0113
   -1.9904
   -1.9687
   -1.9460
   -1.9192
   -1.8930
   -1.8677
   -1.8424
   -1.8200
   -1.7980
   -1.7822
   -1.7677
   -1.7571
   -1.7506
   -1.7464
   -1.7435
   -1.7424
   -1.7450
   -1.7465
   -1.7489
   -1.7524
   -1.7575
   -1.7633
   -1.7686
   -1.7755
   -1.7817
   -1.7840
   -1.7750
   -1.7740
   -1.7773
   -1.7927
   -1.8082
   -1.8216
   -1.8358
   -1.8522
   -1.8701
   -1.8940
   -1.9208
   -1.9494
   -1.9813
   -2.0147
   -2.0477
   -2.0790
   -2.1131
   -2.1479
   -2.1808
   -2.2134
   -2.2458
   -2.2716
   -2.2984
   -2.3250
   -2.3534
   -2.3746
   -2.3983
   -2.4185
   -2.4401
   -2.4599
   -2.4776
   -2.4948
   -2.5089
   -2.5210
   -2.5330
   -2.5423
   -2.5500
   -2.5547
   -2.5599
   -2.5666
   -2.5728
   -2.5817
   -2.5923
   -2.6055
   -2.6196
   -2.6327
   -2.6441
   -2.6523
   -2.6610
   -2.6670
   -2.6743
   -2.6831
   -2.6942
   -2.7050
   -2.7121
   -2.7142
   -2.7085
   -2.6995
   -2.6866
   -2.6704
   -2.6556
   -2.6410
   -2.6239
   -2.6095
   -2.5931
   -2.5758
   -2.5608
   -2.5490
   -2.5382
   -2.5290
   -2.5154
   -2.5025
   -2.4900
   -2.4732
   -2.4603
   -2.4433
   -2.4255
   -2.4043
   -2.3827
   -2.3612
   -2.3437
   -2.3281
   -2.3132
   -2.3015
   -2.2916
   -2.2813
   -2.2764
   -2.2747
   -2.2775
   -2.2863
   -2.2993
   -2.3147
   -2.3313
   -2.3512
   -2.3718
   -2.3887
   -2.4067
   -2.4314
   -2.4602
   -2.4897
   -2.5248
   -2.5595
   -2.5931
   -2.6251
   -2.6612
   -2.6967
   -2.7357
   -2.7741
   -2.8110
   -2.8520
   -2.8929
   -2.9322
   -2.9733
   -3.0113
   -3.0473
   -3.0863
   -3.1257
   -3.1700
   -3.2149
   -3.2631
   -3.3188
   -3.3721
   -3.4229
   -3.4756
   -3.5233
   -3.5774
   -3.6270
   -3.6765
   -3.7256
   -3.7748
   -3.8242
   -3.8775
   -3.9278
   -3.9731
   -4.0159
   -4.0552
   -4.0948
   -4.1403
   -4.1773
   -4.2121
   -4.2382
   -4.2536
   -4.2677
   -4.2755
   -4.2751
   -4.2650
   -4.2509
   -4.2319
   -4.2101
   -4.1880
   -4.1571
   -4.1279
   -4.0937
   -4.0604
   -4.0281
   -3.9972
   -3.9694
   -3.9389
   -3.9018
   -3.8610
   -3.8190
   -3.7739
   -3.7274
   -3.6781
   -3.6267
   -3.5660
   -3.5001
   -3.4304
   -3.3657
   -3.2988
   -3.2230
   -3.1490
   -3.0796
   -3.0044
   -2.9315
   -2.8594
   -2.7869
   -2.7168
   -2.6478
   -2.5750
   -2.5013
   -2.4252
   -2.3485
   -2.2689
   -2.1949
   -2.1215
   -2.0466
   -1.9715
   -1.8943
   -1.8151
   -1.7350
   -1.6494
   -1.5570
   -1.4651
   -1.3769
   -1.2911
   -1.2022
   -1.1180
   -1.0321
   -0.9547
   -0.8806
   -0.8111
   -0.7549
   -0.6942
   -0.6412
   -0.5914
   -0.5493
   -0.5127
   -0.4720
   -0.4345
   -0.3926
   -0.3600
   -0.3253
   -0.2996
   -0.2711
   -0.2413
   -0.2093
   -0.1777
   -0.1465
   -0.1227
   -0.1010
   -0.0774
   -0.0497
   -0.0248
    0.0049
    0.0309
    0.0533
    0.0701
    0.0898
    0.1186
    0.1373
    0.1551
    0.1713
    0.1904
    0.2092
    0.2237
    0.2377
    0.2529
    0.2684
    0.2850
    0.2934
    0.3045
    0.3156
    0.3272
    0.3331
    0.3412
    0.3521
    0.3630
    0.3738
    0.3813
    0.3934
    0.4065
    0.4146
    0.4184
    0.4265
    0.4381
    0.4439
    0.4499
    0.4545
    0.4628
    0.4726
    0.4845
    0.4958
    0.5083
    0.5165
    0.5234
    0.5255
    0.5299
    0.5380
    0.5357
    0.5383
    0.5394
    0.5439
    0.5533
    0.5696
    0.5869
    0.5992
    0.6138
    0.6275
    0.6465
    0.6680
    0.6926
    0.7185
    0.7434
    0.7643
    0.7745
    0.7891
    0.8035
    0.8165
    0.8272
    0.8326
    0.8440
    0.8520
    0.8559
    0.8613
    0.8638
    0.8707
    0.8743
    0.8769
    0.8846
    0.8919
    0.9052
    0.9082
    0.9174
    0.9251
    0.9269
    0.9343
    0.9347
    0.9296
    0.9184
    0.9104
    0.8960
    0.8850
    0.8679
    0.8574
    0.8409
    0.8154
    0.7931
    0.7724
    0.7534
    0.7376
    0.7170
    0.6986
    0.6738
    0.6618
    0.6510
    0.6457
    0.6503
    0.6571
    0.6553
    0.6579
    0.6630
    0.6598
    0.6626
    0.6635
    0.6624
    0.6589
    0.6575
    0.6594
    0.6625
    0.6664
    0.6653
    0.6618
    0.6508
    0.6489
    0.6483
    0.6548
    0.6508
    0.6446
    0.6470
    0.6406
    0.6365
    0.6280
    0.6192
    0.6120
    0.6126
    0.6127
    0.6166
    0.6216
    0.6248
    0.6176
    0.6064
    0.5933
    0.5856
    0.5681
    0.5547
    0.5447
    0.5297
    0.5162
    0.5055
    0.5059
    0.5003
    0.4928
    0.4861
    0.4880
    0.4856
    0.4857
    0.4858
    0.4918
    0.4855
    0.4833
    0.4796
    0.4757
    0.4680
    0.4651
    0.4531
    0.4421
    0.4223
    0.3970
    0.3650
    0.3380
    0.3102
    0.2839
    0.2728
    0.2535
    0.2298
    0.2098
    0.1905
    0.1713
    0.1426
    0.1107
    0.0657
    0.0307
   -0.0086
   -0.0454
   -0.0894
   -0.1135
   -0.1336
   -0.1466
   -0.1602
   -0.1798
   -0.1985
   -0.2155
   -0.2321
   -0.2394
   -0.2453
   -0.2571
   -0.2657
   -0.2806
   -0.2957
   -0.3064
   -0.3158
   -0.3236
   -0.3372
   -0.3427
   -0.3423
   -0.3514
   -0.3540
   -0.3555
   -0.3512
   -0.3432
   -0.3418
   -0.3330
   -0.3214
   -0.3127
   -0.2994
   -0.2896
   -0.2724
   -0.2506
   -0.2334
   -0.2078
   -0.1851
   -0.1617
   -0.1353
   -0.1071
   -0.0809
   -0.0563
   -0.0325
   -0.0038
    0.0270
    0.0619
    0.0998
    0.1384
    0.1722
    0.1989
    0.2266
    0.2576
    0.2854
    0.3104
    0.3358
    0.3666
    0.4030
    0.4452
    0.4867
    0.5329
    0.5858
    0.6401
    0.6799
    0.7169
    0.7535
    0.7945
    0.8362
    0.8854
    0.9296
    0.9770
    1.0140
    1.0533
    1.0920
    1.1366
    1.1846
    1.2335
    1.2859
    1.3397
    1.3991
    1.4650
    1.5304
    1.5921
    1.6663
    1.7417
    1.8273
    1.9175
    2.0131
    2.1083
    2.2030
    2.2949
    2.3877
    2.4737
    2.5666
    2.6480
    2.7355
    2.8229
    2.9122
    3.0025
    3.0898
    3.1807
    3.2709
    3.3610
    3.4536
    3.5472
    3.6437
    3.7418
    3.8405
    3.9398
    4.0496
    4.1611
    4.2793
    4.4063
    4.5334
    4.6633
    4.7952
    4.9246
    5.0526
    5.1755
    5.3079
    5.4416
    5.5794
    5.7166
    5.8546
    5.9927
    6.1247
    6.2561
    6.3880
    6.5161
    6.6474
    6.7799
    6.9113
    7.0456
    7.1759
    7.3058
    7.4269
    7.5519
    7.6785
    7.7957
    7.9120
    8.0260
    8.1407
    8.2512
    8.3612
    8.4652
    8.5654
    8.6489
    8.7269
    8.7936
    8.8547
    8.9200
    8.9833
    9.0394
    9.0991
    9.1513
    9.2102
    9.2644
    9.3254
    9.3827
    9.4442
    9.5079
    9.5743
    9.6375
    9.7099
    9.7781
    9.8523
    9.9256
    9.9919
   10.0618
   10.1367
   10.2050
   10.2775
   10.3445
   10.4064
   10.4711
   10.5397
   10.6082
   10.6845
   10.7578
   10.8332
   10.9015
   10.9671
   11.0246
   11.0739
   11.1113
   11.1491
   11.1851
   11.2217
   11.2549
   11.2898
   11.3229
   11.3544
   11.3902
   11.4210
   11.4599
   11.5031
   11.5489
   11.5915
   11.6363
   11.6930
   11.7514
   11.8125
   11.8751
   11.9409
   12.0111
   12.0855
   12.1641
   12.2509
   12.3338
   12.4283
   12.5198
   12.6086
   12.6989
   12.7975
   12.8884
   12.9826
   13.0649
   13.1541
   13.2358
   13.3132
   13.3809
   13.4529
   13.5210
   13.5898
   13.6412
   13.7024
   13.7564
   13.8144
   13.8768
   13.9315
   13.9823
   14.0283
   14.0690
   14.1075
   14.1460
   14.1749
   14.1956
   14.2124
   14.2337
   14.2539
   14.2725
   14.2883
   14.3020
   14.3173
   14.3343
   14.3535
   14.3656
   14.3751
   14.3883
   14.4065
   14.4209
   14.4343
   14.4499
   14.4637
   14.4852
   14.5036
   14.5258
   14.5410
   14.5529
   14.5582
   14.5629
   14.5697
   14.5810
   14.5908
   14.5940
   14.5957
   14.5849
   14.5671
   14.5487
   14.5287
   14.5000
   14.4745
   14.4448
   14.4227
   14.4071
   14.4014
   14.3979
   14.4009
   14.4012
   14.4019
   14.4010
   14.4111
   14.4145
   14.4184
   14.4278
   14.4420
   14.4557
   14.4717
   14.4875
   14.5067
   14.5247
   14.5388
   14.5508
   14.5666
   14.5828
   14.5942
   14.6100
   14.6257
   14.6457
   14.6571
   14.6716
   14.6927
   14.7128
   14.7323
   14.7589
   14.7892
   14.8278
   14.8734
   14.9244
   14.9678
   15.0064
   15.0476
   15.0844
   15.1197
   15.1571
   15.1858
   15.2102
   15.2258
   15.2479
   15.2695
   15.2966
   15.3101
   15.3230
   15.3228
   15.3203
   15.3212
   15.3226
   15.3277
   15.3334
   15.3292
   15.3272
   15.3280
   15.3443
   15.3647
   15.3845
   15.3917
   15.4016
   15.4072
   15.4067
   15.3976
   15.3857
   15.3810
   15.3697
   15.3605
   15.3498
   15.3266
   15.3071
   15.2789
   15.2442
   15.2067
   15.1654
   15.1247
   15.0857
   15.0444
   15.0010
   14.9586
   14.9141
   14.8711
   14.8332
   14.7952
   14.7644
   14.7280
   14.6928
   14.6586
   14.6310
   14.5946
   14.5560
   14.5028
   14.4467
   14.3923
   14.3374
   14.2797
   14.2215
   14.1637
   14.1043
   14.0406
   13.9812
   13.9255
   13.8623
   13.7843
   13.7100
   13.6364
   13.5606
   13.4929
   13.4362
   13.3882
   13.3342
   13.2808
   13.2203
   13.1434
   13.0637
   12.9873
   12.9175
   12.8392
   12.7530
   12.6657
   12.5834
   12.4880
   12.4062
   12.3266
   12.2437
   12.1586
   12.0686
   11.9655
   11.8586
   11.7522
   11.6644
   11.5722
   11.4931
   11.4316
   11.3646
   11.2987
   11.2383
   11.1872
   11.1591
   11.1283
   11.0936
   11.0633
   11.0353
   11.0023
   10.9661
   10.9331
   10.9013
   10.8619
   10.8224
   10.7791
   10.7424
   10.6992
   10.6663
   10.6334
   10.6017
   10.5726
   10.5546
   10.5430
   10.5381
   10.5332
   10.5288
   10.5196
   10.5028
   10.4787
   10.4591
   10.4410
   10.4438
   10.4944
   10.5587
   10.6362
   10.7078
   10.7744
   10.8289
   10.8757
   10.9313
   10.9890
   11.0259
   11.0491
   11.0505
   11.0485
   11.0450
   11.0359
   11.0329
   11.0168
   11.0090
   11.0006
   10.9971
   10.9920
   11.0004
   11.0116
   11.0157
   11.0105
   11.0063
   10.9831
   10.9461
   10.9087
   10.8707
   10.8262
   10.7658
   10.6873
   10.6039
   10.5210
   10.4365
   10.3493
   10.2533
   10.1562
   10.0530
    9.9454
    9.8395
    9.7265
    9.6118
    9.4927
    9.3768
    9.2709
    9.1732
    9.0847
    9.0046
    8.9096
    8.8092
    8.6979
    8.5865
    8.4745
    8.3602
    8.2455
    8.1395
    8.0385
    7.9298
    7.7975
    7.6207
    7.4247
    7.2067
    6.9898
    6.7845
    6.5818
    6.3841
    6.1933
    6.0136
    5.8523
    5.6954
    5.5538
    5.4199
    5.2816
    5.1421
    5.0014
    4.8678
    4.7275
    4.6008
    4.4758
    4.3534
    4.2318
    4.1080
    3.9869
    3.8697
    3.7551
    3.6481
    3.5317
    3.4169
    3.3009
    3.1849
    3.0754
    2.9649
    2.8582
    2.7558
    2.6512
    2.5476
    2.4496
    2.3563
    2.2604
    2.1737
    2.0844
    2.0059
    1.9324
    1.8617
    1.7976
    1.7247
    1.6441
    1.5570
    1.4688
    1.3823
    1.2963
    1.2119
    1.1239
    1.0331
    0.9478
    0.8746
    0.8030
    0.7325
    0.6654
    0.5962
    0.5310
    0.4619
    0.3938
    0.3214
    0.2458
    0.1746
    0.1111
    0.0547
   -0.0059
   -0.0687
   -0.1292
   -0.1936
   -0.2595
   -0.3194
   -0.3754
   -0.4320
   -0.4952
   -0.5561
   -0.6253
   -0.6943
   -0.7586
   -0.8229
   -0.8819
   -0.9398
   -1.0025
   -1.0576
   -1.1115
   -1.1560
   -1.1945
   -1.2375
   -1.2722
   -1.3124
   -1.3527
   -1.3986
   -1.4517
   -1.5048
   -1.5600
   -1.6033
   -1.6471
   -1.6799
   -1.7153
   -1.7463
   -1.7763
   -1.8128
   -1.8487
   -1.8864
   -1.9267
   -1.9676
   -2.0102
   -2.0606
   -2.1027
   -2.1453
   -2.1819
   -2.2130
   -2.2391
   -2.2642
   -2.2206
   -2.1726
   -2.1187
   -2.0653
   -2.0049
   -1.9448
   -1.8841
   -1.8245
   -1.7574
   -1.6959
   -1.6359
   -1.5732
   -1.5193
   -1.4572
   -1.4013
   -1.3365
   -1.2663
   -1.1956
   -1.1226
   -1.0534
   -0.9788
   -0.9047
   -0.8333
   -0.7570
   -0.6814
   -0.6078
   -0.5371
   -0.4748
   -0.4111
   -0.3501
