28123.9492
28123.5664
28123.1895
28122.8105
28122.4316
28122.0508
28121.6641
28121.2715
28120.8730
28120.4668
28120.0547
28119.6348
28119.2051
28118.7676
28118.3223
28117.8691
28117.4121
28116.9453
28116.4785
28116.0078
28115.5332
28115.0508
28114.5625
28114.0703
28113.5684
28113.0625
28112.5488
28112.0332
28111.5156
28110.9961
28110.4766
28110.4141
28110.3516
28110.2871
28110.2207
28110.1523
28110.0879
28110.0234
28109.9648
28109.9023
28109.8457
28109.7949
28109.7461
28109.6953
28109.6484
28109.5996
28109.5469
28109.4941
28109.4395
28109.3887
28109.3379
28109.2969
28109.2578
28109.2207
28109.1875
28109.1621
28109.1387
28109.1152
28109.0938
28109.0762
28109.0605
28109.0469
28109.0352
28109.0273
28109.0234
28109.0215
28109.0215
28109.0254
28109.0371
28109.0527
28109.0762
28109.1035
28109.1426
28109.1895
28109.2500
28109.3242
28109.4102
28109.5039
28109.6113
28109.7227
28109.8398
28109.9609
28110.0898
28110.2188
28110.3496
28110.4805
28110.6094
28110.7441
28110.8730
28110.9922
28111.1094
28111.2188
28111.3203
28111.4180
28111.5156
28111.6113
28111.7051
28111.8047
28111.9102
28112.0078
28112.1055
28112.2051
28112.2988
28112.3887
28112.4727
28112.5527
28112.6309
28112.7051
28112.7852
28112.8633
28112.9395
28113.0137
28113.0820
28113.1484
28113.2129
28113.2715
28113.3242
28113.3691
28113.4082
28113.4434
28113.4727
28113.4961
28113.5176
28113.5371
28113.5508
28113.5605
28113.5703
28113.5762
28113.5840
28113.5918
28113.6016
28113.6113
28113.6250
28113.6387
28113.6523
28113.6621
28113.6660
28113.6680
28113.6641
28113.6543
28113.6406
28113.6191
28113.5898
28113.5527
28113.5156
28113.4785
28113.4414
28113.4062
28113.3672
28113.3262
28113.2891
28113.2539
28113.2246
28113.2012
28113.1836
28113.1660
28113.1523
28113.1445
28113.1387
28113.1328
28113.1328
28113.1387
28113.1406
28113.1426
28113.1426
28113.1406
28113.1367
28113.1289
28113.1250
28113.1152
28113.1016
28113.0918
28113.0820
28113.0723
28113.0645
28113.0605
28113.0586
28113.0586
28113.0605
28113.0645
28113.0664
28113.0664
28113.0664
28113.0645
28113.0605
28113.0508
28113.0371
28113.0176
28112.9922
28112.9590
28112.9219
28112.8789
28112.8301
28112.7773
28112.7227
28112.6602
28112.5977
28112.5352
28112.4707
28112.4082
28112.3457
28112.2852
28112.2266
28112.1719
28112.1211
28112.0664
28112.0137
28111.9668
28111.9219
28111.8750
28111.8340
28111.7969
28111.7617
28111.7402
28111.7031
28111.6641
28111.6191
28111.5723
28111.5234
28111.4648
28111.4062
28111.3496
28111.2930
28111.2383
28111.1855
28111.1348
28111.0859
28111.0410
28111.0039
28110.9707
28110.9414
28110.9180
28110.8965
28110.8789
28110.8633
28110.8516
28110.8379
28110.8262
28110.8125
28110.7949
28110.7773
28110.7637
28110.7520
28110.7383
28110.7285
28110.7207
28110.7227
28110.7285
28110.7402
28110.7559
28110.7773
28110.8047
28110.8359
28110.8711
28110.9082
28110.9473
28110.9883
28111.0332
28111.0801
28111.1289
28111.1816
28111.2344
28111.2891
28111.3457
28111.4023
28111.4609
28111.5215
28111.5859
28111.6484
28111.7070
28111.7695
28111.8301
28111.8848
28111.9355
28111.9668
28112.0117
28112.0234
28112.0684
28112.1055
28112.1426
28112.1816
28112.2207
28112.2637
28112.3047
28112.3438
28112.3887
28112.4316
28112.4785
28112.5254
28112.5703
28112.6113
28112.6504
28112.6895
28112.7188
28112.7480
28112.7734
28112.7930
28112.8066
28112.8164
28112.8262
28112.8340
28112.8418
28112.8496
28112.8555
28112.8594
28112.8652
28112.8691
28112.8691
28112.8711
28112.8730
28112.8789
28112.8867
28112.8965
28112.9062
28112.9219
28112.9375
28112.9531
28112.9668
28112.9805
28112.9941
28113.0059
28113.0156
28113.0215
28113.0293
28113.0312
28113.0332
28113.0273
28113.0195
28113.0039
28112.9863
28112.9648
28112.9434
28112.9180
28112.8887
28112.8594
28112.8301
28112.7988
28112.7852
28112.7598
28112.7363
28112.7168
28112.7031
28112.6875
28112.6699
28112.6543
28112.6367
28112.6172
28112.5957
28112.5723
28112.5469
28112.5176
28112.4883
28112.4570
28112.4277
28112.3945
28112.3633
28112.3340
28112.3027
28112.2773
28112.2539
28112.2285
28112.2070
28112.1836
28112.1641
28112.1445
28112.1309
28112.1152
28112.0996
28112.0840
28112.0664
28112.0488
28112.0312
28112.0117
28111.9863
28111.9590
28111.9277
28111.8984
28111.8652
28111.8340
28111.8008
28111.7676
28111.7344
28111.7012
28111.6699
28111.6426
28111.6211
28111.5996
28111.5859
28111.5781
28111.5762
28111.5781
28111.5840
28111.5898
28111.5957
28111.6016
28111.6074
28111.6113
28111.6133
28111.6133
28111.6133
28111.6113
28111.6094
28111.6055
28111.6035
28111.6016
28111.5977
28111.5938
28111.5938
28111.5938
28111.5918
28111.5898
28111.5918
28111.5918
28111.5938
28111.5977
28111.6035
28111.6113
28111.6172
28111.6211
28111.6230
28111.6230
28111.6250
28111.6230
28111.6211
28111.6172
28111.6133
28111.6094
28111.6055
28111.6016
28111.5996
28111.5957
28111.5879
28111.5781
28111.5684
28111.5586
28111.5469
28111.5371
28111.5215
28111.5098
28111.5000
28111.4883
28111.4746
28111.4609
28111.4453
28111.4258
28111.3984
28111.3711
28111.3418
28111.3145
28111.2832
28111.2500
28111.2129
28111.1758
28111.1387
28111.1055
28111.0723
28111.0371
28111.0039
28110.9707
28110.9395
28110.9062
28110.8730
28110.8379
28110.7969
28110.7539
28110.7090
28110.6602
28110.6113
28110.5605
28110.5078
28110.4531
28110.3984
28110.3438
28110.2910
28110.2383
28110.1836
28110.1328
28110.0820
28110.0371
28110.0020
28109.9727
28109.9492
28109.9316
28109.9199
28109.9141
28109.9102
28109.9043
28109.9023
28109.8984
28109.8906
28109.8809
28109.8711
28109.8613
28109.8477
28109.8379
28109.8281
28109.8203
28109.8145
28109.8125
28109.8164
28109.8184
28109.8281
28109.8418
28109.8574
28109.8789
28109.9023
28109.9277
28109.9551
28109.9844
28110.0117
28110.0410
28110.0723
28110.1094
28110.1426
28110.1816
28110.2188
28110.2559
28110.2969
28110.3418
28110.3867
28110.4355
28110.4844
28110.5391
28110.5957
28110.6562
28110.7188
28110.7852
28110.8496
28110.9160
28110.9863
28111.0586
28111.1328
28111.2090
28111.2891
28111.3691
28111.4512
28111.5352
28111.6211
28111.7070
28111.7930
28111.8750
28111.9531
28112.0352
28112.0664
28112.1426
28112.2148
28112.2891
28112.3633
28112.4375
28112.5137
28112.5918
28112.6699
28112.7520
28112.8359
28112.9258
28113.0176
28113.1113
28113.2051
28113.2988
28113.3906
28113.4824
28113.5723
28113.6602
28113.7480
28113.8398
28113.9277
28114.0176
28114.1094
28114.2051
28114.3008
28114.3984
28114.4941
28114.5859
28114.6777
28114.7695
28114.8613
28114.9512
28115.0469
28115.1465
28115.2441
28115.3457
28115.4512
28115.5566
28115.6660
28115.7773
28115.8887
28116.0020
28116.1152
28116.2363
28116.3574
28116.4824
28116.6055
28116.7285
28116.8516
28116.9746
28117.0977
28117.2188
28117.3398
28117.4570
28117.5723
28117.6816
28117.7891
28117.8945
28117.9941
28118.0352
28118.1230
28118.2051
28118.2812
28118.3555
28118.4277
28118.4980
28118.5684
28118.6406
28118.7129
28118.7832
28118.8555
28118.9238
28118.9902
28119.0605
28119.1230
28119.1875
28119.2461
28119.3047
28119.3613
28119.4141
28119.4590
28119.4980
28119.5332
28119.5586
28119.5723
28119.5762
28119.5684
28119.5527
28119.5273
28119.4980
28119.4707
28119.4316
28119.3965
28119.3535
28119.3105
28119.2637
28119.2129
28119.1582
28119.0977
28119.0312
28118.9570
28118.8789
28118.7969
28118.7109
28118.6211
28118.5312
28118.4355
28118.3398
28118.2441
28118.1504
28118.0566
28117.9590
28117.8613
28117.7656
28117.6680
28117.5703
28117.4746
28117.3828
28117.2930
28117.2070
28117.1250
28117.0469
28116.9766
28116.9102
28116.8457
28116.7832
28116.7227
28116.6582
28116.5938
28116.5293
28116.4668
28116.4082
28116.3555
28116.3125
28116.2754
28116.2539
28116.2441
28116.2461
28116.2598
28116.2793
28116.3066
28116.3340
28116.3672
28116.3984
28116.4297
28116.4590
28116.4922
28116.5293
28116.5664
28116.6055
28116.6523
28116.6973
28116.7461
28116.8008
28116.8574
28116.9160
28116.9766
28117.0449
28117.1152
28117.1914
28117.2734
28117.3574
28117.4492
28117.5469
28117.6484
28117.7500
28117.8535
28117.9531
28118.0527
28118.1484
28118.2402
28118.3262
28118.4102
28118.4961
28118.5781
28118.6621
28118.7500
28118.8398
28118.9316
28119.0254
28119.1172
28119.2090
28119.3008
28119.3867
28119.4668
28119.5488
28119.6289
28119.7031
28119.7773
28119.8496
28119.9199
28119.9844
28120.0469
28120.1035
28120.1523
28120.1914
28120.2207
28120.2402
28120.2461
28120.2441
28120.2344
28120.2188
28120.2051
28120.1895
28120.1758
28120.1680
28120.1699
28120.1758
28120.1895
28120.2070
28120.2305
28120.2520
28120.2754
28120.3008
28120.3242
28120.3438
28120.3594
28120.3691
28120.3750
28120.3789
28120.3770
28120.3750
28120.3691
28120.3633
28120.3574
28120.3496
28120.3457
28120.3457
28120.3516
28120.3594
28120.3711
28120.3867
28120.4062
28120.4297
28120.4512
28120.4746
28120.4941
28120.5137
28120.5273
28120.5371
28120.5469
28120.5508
28120.5527
28120.5586
28120.5645
28120.5762
28120.5859
28120.5977
28120.6152
28120.6328
28120.6523
28120.6738
28120.6973
28120.7188
28120.7422
28120.7656
28120.7910
28120.8184
28120.8457
28120.8750
28120.9043
28120.9316
28120.9629
28120.9922
28121.0234
28121.0586
28121.0918
28121.1230
28121.1523
28121.1777
28121.2031
28121.2266
28121.2539
28121.2812
28121.3047
28121.3281
28121.3516
28121.3789
28121.4121
28121.4453
28121.4805
28121.5195
28121.5625
28121.6113
28121.6602
28121.7109
28121.7656
28121.8184
28121.8691
28121.9219
28121.9746
28122.0254
28122.0781
28122.1328
28122.1895
28122.2500
28122.3145
28122.3848
28122.4570
28122.5371
28122.6191
28122.7051
28122.7969
28122.8906
28122.9844
28123.0820
28123.1797
28123.2812
28123.3828
28123.4883
28123.5938
28123.7012
28123.8145
28123.9375
28124.0605
28124.1855
28124.3145
28124.4453
28124.5781
28124.7148
28124.8496
28124.9863
28125.1250
28125.2617
28125.3945
28125.5234
28125.6523
28125.7852
28125.9141
28126.0449
28126.1816
28126.3125
28126.4512
28126.5938
28126.7344
28126.8770
28127.0215
28127.1621
28127.3047
28127.4434
28127.5820
28127.7207
28127.8516
28127.9902
28128.1211
28128.2500
28128.3789
28128.5000
28128.6211
28128.7422
28128.8613
28128.9824
28129.1055
28129.2285
28129.3496
28129.4727
28129.5957
28129.7148
28129.8320
28129.9473
28130.0625
28130.1797
28130.2949
28130.4121
28130.5273
28130.6465
28130.7637
28130.8828
28131.0039
28131.1270
28131.2520
28131.3789
28131.5059
28131.6328
28131.7578
28131.8828
28132.0098
28132.1367
28132.2637
28132.3926
28132.5234
28132.6582
28132.7988
28132.9336
28133.0645
28133.1992
28133.3320
28133.4590
28133.5801
28133.6953
28133.8105
28133.9121
28134.0156
28134.1172
28134.2070
28134.3008
28134.3867
28134.4707
28134.5605
28134.6523
28134.7422
28134.8320
28134.9219
28135.0215
28135.1133
28135.2129
28135.3184
28135.4238
28135.5332
28135.6504
28135.7676
28135.8867
28136.0078
28136.1348
28136.2578
28136.3828
28136.5059
28136.6270
28136.7480
28136.8652
28136.9844
28137.0996
28137.2090
28137.3164
28137.4219
28137.5254
28137.6270
28137.7285
28137.8242
28137.9160
28138.0098
28138.0977
28138.1855
28138.2734
28138.3574
28138.4355
28138.5098
28138.5801
28138.6484
28138.7129
28138.7754
28138.8320
28138.8887
28138.9434
28139.0039
28139.0723
28139.1445
28139.2227
28139.3066
28139.3945
28139.4922
28139.5918
28139.6992
28139.8066
28139.9121
28140.0195
28140.1289
28140.2441
28140.3652
28140.4824
28140.5957
28140.7129
28140.8281
28140.9453
28141.0547
28141.1602
28141.2559
28141.3418
28141.4219
28141.4961
28141.5527
28141.6035
28141.6465
28141.6797
28141.7031
28141.7227
28141.7324
28141.7402
28141.7441
28141.7422
28141.7383
28141.7324
28141.7227
28141.7148
28141.7051
28141.6953
28141.6836
28141.6719
28141.6621
28141.6543
28141.6465
28141.6406
28141.6387
28141.6348
28141.6309
28141.6250
28141.6211
28141.6211
28141.6172
28141.6133
28141.6055
28141.5977
28141.5898
28141.5781
28141.5645
28141.5449
28141.5215
28141.4980
28141.4707
28141.4453
28141.4180
28141.3887
28141.3594
28141.3320
28141.3047
28141.2812
28141.2559
28141.2305
28141.2051
28141.1758
28141.1426
28141.1133
28141.0820
28141.0488
28141.0156
28140.9824
28140.9512
28140.9258
28140.9062
28140.8926
28140.8867
28140.8945
28140.9121
28140.9375
28140.9727
28141.0176
28141.0703
28141.1289
28141.1992
28141.2734
28141.3555
28141.4434
28141.5312
28141.6230
28141.7188
28141.8164
28141.9160
28142.0137
28142.1133
28142.2090
28142.2988
28142.3848
28142.4648
28142.5371
28142.6016
28142.6621
28142.7188
28142.7754
28142.8262
28142.8750
28142.9180
28142.9629
28143.0020
28143.0410
28143.0723
28143.0879
28143.0996
28143.1055
28143.0957
28143.0742
28143.0469
28143.0176
28142.9883
28142.9531
28142.9121
28142.8691
28142.8281
28142.7852
28142.7402
28142.6914
28142.6445
28142.5977
28142.5488
28142.5020
28142.4590
28142.4160
28142.3730
28142.3340
28142.2930
28142.2520
28142.2070
28142.1582
28142.1016
28142.0371
28141.9668
28141.8945
28141.8105
28141.7207
28141.6309
28141.5332
28141.4316
28141.3301
28141.2266
28141.1211
28141.0137
28140.9062
28140.7969
28140.6836
28140.5723
28140.4590
28140.3457
28140.2324
28140.1250
28140.0195
28139.9160
28139.8184
28139.7207
28139.6270
28139.5352
28139.4434
28139.3535
28139.2676
28139.1836
28139.1016
28139.0215
28138.9531
28138.8965
28138.8496
28138.8105
28138.7910
28138.7832
28138.7852
28138.7930
28138.8008
28138.8164
28138.8359
28138.8535
28138.8711
28138.8828
28138.8926
28138.9023
28138.9141
28138.9316
28138.9570
28138.9883
28139.0273
28139.0762
28139.1328
28139.1875
28139.2441
28139.2988
28139.3477
28139.3945
28139.4375
28139.4805
28139.5176
28139.5508
28139.5859
28139.6191
28139.6504
28139.6797
28139.7109
28139.7402
28139.7637
28139.7871
28139.8086
28139.8301
28139.8516
28139.8730
28139.8945
28139.9160
28139.9316
28139.9570
28139.9863
28140.0234
28140.0703
28140.1191
28140.1719
28140.2266
28140.2852
28140.3457
28140.4121
28140.4766
28140.5449
28140.6133
28140.6797
28140.7441
28140.8066
28140.8691
28140.9258
28140.9785
28141.0273
28141.0703
28141.1035
28141.1387
28141.1699
28141.1973
28141.2207
28141.2383
28141.2598
28141.2793
28141.2949
28141.3066
28141.3086
28141.2969
28141.2695
28141.2266
28141.1660
28141.0957
28141.0195
28140.9355
28140.8516
28140.7715
28140.6895
28140.6094
28140.5273
28140.4492
28140.3750
28140.2988
28140.2227
28140.1465
28140.0684
28139.9883
28139.9102
28139.8340
28139.7598
28139.6855
28139.6094
28139.5254
28139.4414
28139.3516
28139.2598
28139.1699
28139.0703
28138.9629
28138.8418
28138.7090
28138.5762
28138.4453
28138.3145
28138.1855
28138.0625
28137.9395
28137.8164
28137.6895
28137.5586
28137.4238
28137.2910
28137.1562
28137.0195
28136.8828
28136.7461
28136.6094
28136.4746
28136.3438
28136.2168
28136.0898
28135.9629
28135.8379
28135.7148
28135.5938
28135.4727
28135.3496
28135.2266
28135.1055
28134.9883
28134.8789
28134.7695
28134.6719
28134.5781
28134.4941
28134.4160
28134.3457
28134.2832
28134.2324
28134.1895
28134.1602
28134.1406
28134.1270
28134.1230
28134.1250
28134.1270
28134.1328
28134.1387
28134.1426
28134.1465
28134.1523
28134.1582
28134.1699
28134.1895
28134.2109
28134.2402
28134.2754
28134.3164
28134.3633
28134.4160
28134.4727
28134.5293
28134.5820
28134.6230
28134.6641
28134.6973
28134.7188
28134.7363
28134.7461
28134.7578
28134.7734
28134.7910
28134.8145
28134.8379
28134.8613
28134.8906
28134.9199
28134.9492
28134.9785
28135.0078
28135.0332
28135.0625
28135.0918
28135.1289
28135.1699
28135.2168
28135.2715
28135.3320
28135.3965
28135.4688
28135.5449
28135.6211
28135.7012
28135.7734
28135.8398
28135.8965
28135.9414
28135.9746
28135.9941
28136.0020
28136.0000
28135.9902
28135.9746
28135.9551
28135.9316
28135.9102
28135.8848
28135.8613
28135.8379
28135.8105
28135.7852
28135.7559
28135.7266
28135.6914
28135.6543
28135.6191
28135.5820
28135.5430
28135.5078
28135.4746
28135.4492
28135.4277
28135.4160
28135.4121
28135.4199
28135.4375
28135.4668
28135.5039
28135.5547
28135.1699
28134.7910
28134.4160
28134.0430
28133.6680
28133.2871
28132.8984
28132.5039
28132.1094
28131.7109
28131.3125
28130.9160
28130.5273
28130.1406
28129.7559
28129.3730
28128.9863
28128.5977
28128.2051
28127.8066
28127.4023
28126.9883
28126.5703
28126.1523
28125.7324
28125.3164
28124.9102
28124.5117
28124.1230
28123.7422
