28112.9316
28112.9316
28112.9316
28112.9336
28112.9355
28112.9355
28112.9316
28112.9219
28112.9062
28112.8809
28112.8457
28112.8008
28112.7461
28112.6797
28112.6035
28112.5176
28112.4238
28112.3242
28112.2207
28112.1172
28112.0137
28111.9082
28111.8008
28111.6953
28111.5879
28111.4824
28111.3750
28111.2793
28111.1895
28111.1016
28111.0234
28110.9512
28110.8789
28110.8027
28110.7266
28110.6465
28110.5703
28110.4941
28110.4219
28110.3496
28110.2793
28110.2168
28110.1562
28110.0938
28110.0332
28109.9727
28109.9082
28109.8438
28109.7793
28109.7188
28109.6602
28109.6094
28109.5625
28109.5176
28109.4746
28109.4395
28109.4062
28109.3750
28109.3457
28109.3203
28109.2949
28109.2734
28109.2539
28109.2383
28109.2266
28109.2148
28109.2090
28109.2031
28109.2051
28109.2129
28109.2285
28109.2500
28109.2832
28109.3262
28109.3848
28109.4590
28109.5469
28109.6426
28109.7520
28109.8672
28109.9863
28110.1113
28110.2441
28110.3770
28110.5117
28110.6445
28110.7793
28110.9180
28111.0527
28111.1777
28111.3027
28111.4180
28111.5254
28111.6270
28111.7285
28111.8242
28111.9199
28112.0195
28112.1250
28112.2246
28112.3242
28112.4277
28112.5254
28112.6172
28112.7051
28112.7891
28112.8672
28112.9434
28113.0234
28113.1016
28113.1777
28113.2520
28113.3203
28113.3848
28113.4473
28113.5039
28113.5547
28113.5996
28113.6348
28113.6660
28113.6914
28113.7129
28113.7305
28113.7441
28113.7559
28113.7598
28113.7617
28113.7637
28113.7637
28113.7656
28113.7676
28113.7715
28113.7793
28113.7871
28113.7949
28113.7988
28113.7949
28113.7871
28113.7754
28113.7578
28113.7363
28113.7051
28113.6699
28113.6250
28113.5781
28113.5332
28113.4863
28113.4434
28113.3945
28113.3438
28113.2969
28113.2500
28113.2129
28113.1797
28113.1543
28113.1309
28113.1113
28113.0977
28113.0879
28113.0742
28113.0703
28113.0684
28113.0664
28113.0605
28113.0566
28113.0488
28113.0391
28113.0273
28113.0156
28112.9980
28112.9785
28112.9609
28112.9453
28112.9297
28112.9180
28112.9062
28112.9004
28112.8926
28112.8867
28112.8848
28112.8789
28112.8711
28112.8652
28112.8535
28112.8418
28112.8223
28112.8008
28112.7715
28112.7383
28112.6973
28112.6504
28112.5996
28112.5410
28112.4785
28112.4121
28112.3398
28112.2676
28112.1934
28112.1191
28112.0488
28111.9766
28111.9062
28111.8379
28111.7734
28111.7109
28111.6484
28111.5879
28111.5352
28111.4805
28111.4258
28111.3770
28111.3320
28111.2871
28111.2578
28111.2129
28111.1641
28111.1094
28111.0566
28110.9980
28110.9336
28110.8672
28110.8027
28110.7383
28110.6738
28110.6113
28110.5508
28110.4922
28110.4375
28110.3926
28110.3496
28110.3125
28110.2793
28110.2500
28110.2246
28110.2012
28110.1797
28110.1602
28110.1406
28110.1230
28110.1016
28110.0781
28110.0605
28110.0410
28110.0234
28110.0078
28109.9961
28109.9922
28109.9941
28110.0039
28110.0156
28110.0352
28110.0605
28110.0918
28110.1250
28110.1621
28110.1992
28110.2402
28110.2812
28110.3262
28110.3750
28110.4258
28110.4766
28110.5312
28110.5879
28110.6465
28110.7070
28110.7734
28110.8418
28110.9062
28110.9688
28111.0352
28111.0957
28111.1543
28111.2070
28111.2383
28111.2832
28111.2930
28111.3398
28111.3770
28111.4141
28111.4551
28111.4961
28111.5391
28111.5801
28111.6211
28111.6680
28111.7129
28111.7637
28111.8125
28111.8613
28111.9082
28111.9512
28111.9922
28112.0273
28112.0586
28112.0879
28112.1113
28112.1309
28112.1445
28112.1562
28112.1680
28112.1797
28112.1895
28112.2012
28112.2090
28112.2207
28112.2285
28112.2363
28112.2441
28112.2539
28112.2676
28112.2832
28112.2988
28112.3184
28112.3398
28112.3652
28112.3887
28112.4121
28112.4375
28112.4590
28112.4805
28112.4980
28112.5117
28112.5234
28112.5312
28112.5371
28112.5391
28112.5332
28112.5195
28112.5039
28112.4844
28112.4609
28112.4336
28112.4062
28112.3770
28112.3477
28112.3184
28112.3066
28112.2812
28112.2617
28112.2461
28112.2324
28112.2207
28112.2051
28112.1914
28112.1758
28112.1582
28112.1406
28112.1211
28112.0957
28112.0664
28112.0391
28112.0098
28111.9785
28111.9473
28111.9160
28111.8867
28111.8555
28111.8320
28111.8066
28111.7832
28111.7637
28111.7402
28111.7207
28111.7031
28111.6875
28111.6719
28111.6543
28111.6387
28111.6191
28111.5996
28111.5801
28111.5547
28111.5273
28111.4961
28111.4609
28111.4258
28111.3906
28111.3535
28111.3164
28111.2793
28111.2422
28111.2051
28111.1719
28111.1445
28111.1211
28111.0996
28111.0840
28111.0762
28111.0742
28111.0762
28111.0840
28111.0918
28111.0977
28111.1055
28111.1113
28111.1152
28111.1172
28111.1152
28111.1133
28111.1094
28111.1055
28111.0996
28111.0957
28111.0918
28111.0879
28111.0840
28111.0840
28111.0840
28111.0820
28111.0820
28111.0840
28111.0840
28111.0879
28111.0938
28111.1016
28111.1094
28111.1172
28111.1211
28111.1230
28111.1230
28111.1211
28111.1191
28111.1133
28111.1074
28111.0996
28111.0938
28111.0859
28111.0840
28111.0801
28111.0781
28111.0684
28111.0586
28111.0469
28111.0371
28111.0234
28111.0098
28110.9941
28110.9785
28110.9668
28110.9512
28110.9355
28110.9199
28110.9004
28110.8770
28110.8477
28110.8164
28110.7812
28110.7480
28110.7090
28110.6699
28110.6250
28110.5820
28110.5391
28110.5020
28110.4648
28110.4258
28110.3887
28110.3535
28110.3164
28110.2793
28110.2402
28110.2012
28110.1582
28110.1094
28110.0605
28110.0078
28109.9531
28109.8965
28109.8359
28109.7734
28109.7109
28109.6484
28109.5879
28109.5273
28109.4648
28109.4062
28109.3477
28109.2949
28109.2539
28109.2188
28109.1895
28109.1660
28109.1504
28109.1426
28109.1367
28109.1289
28109.1250
28109.1172
28109.1074
28109.0957
28109.0820
28109.0684
28109.0547
28109.0410
28109.0293
28109.0215
28109.0176
28109.0156
28109.0195
28109.0254
28109.0371
28109.0547
28109.0703
28109.0938
28109.1191
28109.1465
28109.1777
28109.2109
28109.2441
28109.2793
28109.3164
28109.3594
28109.4004
28109.4434
28109.4863
28109.5293
28109.5742
28109.6230
28109.6738
28109.7266
28109.7812
28109.8398
28109.9004
28109.9648
28110.0332
28110.1055
28110.1738
28110.2461
28110.3203
28110.3984
28110.4766
28110.5605
28110.6465
28110.7344
28110.8223
28110.9141
28111.0078
28111.1016
28111.1953
28111.2852
28111.3711
28111.4609
28111.4961
28111.5801
28111.6602
28111.7402
28111.8223
28111.9023
28111.9863
28112.0703
28112.1543
28112.2441
28112.3379
28112.4336
28112.5352
28112.6367
28112.7383
28112.8398
28112.9414
28113.0391
28113.1387
28113.2344
28113.3320
28113.4316
28113.5312
28113.6289
28113.7305
28113.8340
28113.9395
28114.0430
28114.1445
28114.2422
28114.3398
28114.4355
28114.5352
28114.6309
28114.7344
28114.8418
28114.9512
28115.0625
28115.1777
28115.2969
28115.4180
28115.5410
28115.6660
28115.7910
28115.9180
28116.0527
28116.1895
28116.3281
28116.4668
28116.6055
28116.7422
28116.8809
28117.0176
28117.1523
28117.2871
28117.4160
28117.5430
28117.6660
28117.7832
28117.8984
28118.0078
28118.0547
28118.1484
28118.2402
28118.3242
28118.4062
28118.4883
28118.5664
28118.6465
28118.7285
28118.8105
28118.8906
28118.9727
28119.0488
28119.1270
28119.2051
28119.2793
28119.3535
28119.4238
28119.4922
28119.5605
28119.6230
28119.6777
28119.7246
28119.7676
28119.7988
28119.8164
28119.8242
28119.8203
28119.8066
28119.7832
28119.7539
28119.7266
28119.6875
28119.6504
28119.6074
28119.5605
28119.5117
28119.4590
28119.4023
28119.3379
28119.2656
28119.1875
28119.1016
28119.0117
28118.9180
28118.8203
28118.7188
28118.6133
28118.5098
28118.4043
28118.3008
28118.1953
28118.0898
28117.9805
28117.8730
28117.7676
28117.6602
28117.5547
28117.4531
28117.3555
28117.2598
28117.1680
28117.0820
28117.0020
28116.9277
28116.8535
28116.7812
28116.7109
28116.6367
28116.5625
28116.4883
28116.4180
28116.3535
28116.2910
28116.2422
28116.1992
28116.1719
28116.1582
28116.1543
28116.1621
28116.1758
28116.2012
28116.2246
28116.2559
28116.2852
28116.3145
28116.3418
28116.3730
28116.4082
28116.4434
28116.4824
28116.5293
28116.5723
28116.6230
28116.6777
28116.7344
28116.7949
28116.8574
28116.9238
28116.9941
28117.0723
28117.1562
28117.2441
28117.3398
28117.4434
28117.5508
28117.6582
28117.7656
28117.8730
28117.9785
28118.0801
28118.1758
28118.2676
28118.3574
28118.4473
28118.5332
28118.6250
28118.7168
28118.8145
28118.9121
28119.0137
28119.1133
28119.2148
28119.3145
28119.4082
28119.4980
28119.5879
28119.6777
28119.7578
28119.8398
28119.9199
28119.9941
28120.0645
28120.1289
28120.1895
28120.2383
28120.2793
28120.3086
28120.3281
28120.3320
28120.3281
28120.3164
28120.2969
28120.2793
28120.2598
28120.2422
28120.2285
28120.2285
28120.2305
28120.2422
28120.2598
28120.2812
28120.3027
28120.3281
28120.3535
28120.3770
28120.3965
28120.4121
28120.4199
28120.4238
28120.4258
28120.4219
28120.4141
28120.4043
28120.3965
28120.3848
28120.3750
28120.3652
28120.3613
28120.3613
28120.3652
28120.3730
28120.3848
28120.4004
28120.4199
28120.4375
28120.4570
28120.4727
28120.4863
28120.4941
28120.4980
28120.5000
28120.4961
28120.4922
28120.4883
28120.4883
28120.4922
28120.4941
28120.5020
28120.5137
28120.5254
28120.5430
28120.5605
28120.5801
28120.5996
28120.6191
28120.6406
28120.6621
28120.6855
28120.7090
28120.7344
28120.7617
28120.7891
28120.8184
28120.8477
28120.8809
28120.9160
28120.9512
28120.9844
28121.0137
28121.0391
28121.0664
28121.0898
28121.1191
28121.1445
28121.1680
28121.1895
28121.2129
28121.2383
28121.2715
28121.3047
28121.3418
28121.3828
28121.4277
28121.4785
28121.5293
28121.5801
28121.6387
28121.6934
28121.7461
28121.8008
28121.8535
28121.9043
28121.9551
28122.0078
28122.0605
28122.1211
28122.1836
28122.2539
28122.3281
28122.4082
28122.4922
28122.5820
28122.6758
28122.7754
28122.8711
28122.9707
28123.0723
28123.1738
28123.2754
28123.3809
28123.4883
28123.5977
28123.7109
28123.8320
28123.9531
28124.0781
28124.2051
28124.3340
28124.4648
28124.5996
28124.7324
28124.8672
28125.0020
28125.1309
28125.2539
28125.3730
28125.4902
28125.6094
28125.7246
28125.8438
28125.9648
28126.0820
28126.2051
28126.3359
28126.4648
28126.5938
28126.7246
28126.8535
28126.9844
28127.1113
28127.2383
28127.3652
28127.4844
28127.6094
28127.7266
28127.8438
28127.9590
28128.0684
28128.1758
28128.2832
28128.3926
28128.5020
28128.6152
28128.7285
28128.8438
28128.9609
28129.0781
28129.1934
28129.3066
28129.4180
28129.5273
28129.6387
28129.7480
28129.8574
28129.9668
28130.0781
28130.1875
28130.3027
28130.4199
28130.5371
28130.6543
28130.7754
28130.8906
28131.0098
28131.1250
28131.2422
28131.3594
28131.4785
28131.5977
28131.7168
28131.8398
28131.9629
28132.0918
28132.2168
28132.3398
28132.4668
28132.5938
28132.7188
28132.8359
28132.9473
28133.0586
28133.1543
28133.2559
28133.3535
28133.4395
28133.5273
28133.6074
28133.6855
28133.7676
28133.8535
28133.9355
28134.0176
28134.0996
28134.1875
28134.2695
28134.3574
28134.4531
28134.5469
28134.6445
28134.7500
28134.8555
28134.9590
28135.0645
28135.1738
28135.2793
28135.3848
28135.4883
28135.5879
28135.6855
28135.7812
28135.8730
28135.9629
28136.0469
28136.1289
28136.2051
28136.2812
28136.3535
28136.4258
28136.4922
28136.5547
28136.6191
28136.6777
28136.7363
28136.7969
28136.8535
28136.9062
28136.9531
28136.9961
28137.0391
28137.0801
28137.1172
28137.1504
28137.1836
28137.2168
28137.2539
28137.2988
28137.3496
28137.4062
28137.4668
28137.5332
28137.6094
28137.6875
28137.7754
28137.8652
28137.9512
28138.0410
28138.1328
28138.2324
28138.3379
28138.4434
28138.5430
28138.6445
28138.7500
28138.8535
28138.9531
28139.0508
28139.1367
28139.2129
28139.2832
28139.3477
28139.3965
28139.4355
28139.4668
28139.4883
28139.4980
28139.5039
28139.5000
28139.4922
28139.4824
28139.4648
28139.4473
28139.4258
28139.4043
28139.3828
28139.3594
28139.3379
28139.3164
28139.2930
28139.2734
28139.2539
28139.2383
28139.2227
28139.2109
28139.1973
28139.1855
28139.1738
28139.1621
28139.1523
28139.1406
28139.1270
28139.1094
28139.0918
28139.0703
28139.0449
28139.0176
28138.9824
28138.9434
28138.9023
28138.8594
28138.8164
28138.7734
28138.7285
28138.6855
28138.6426
28138.6016
28138.5664
28138.5293
28138.4922
28138.4551
28138.4121
28138.3672
28138.3223
28138.2754
28138.2266
28138.1758
28138.1250
28138.0762
28138.0332
28137.9941
28137.9609
28137.9336
28137.9199
28137.9160
28137.9238
28137.9414
28137.9707
28138.0117
28138.0625
28138.1270
28138.1973
28138.2773
28138.3633
28138.4512
28138.5449
28138.6426
28138.7422
28138.8438
28138.9414
28139.0430
28139.1406
28139.2363
28139.3301
28139.4199
28139.5039
28139.5840
28139.6602
28139.7344
28139.8105
28139.8809
28139.9512
28140.0156
28140.0840
28140.1484
28140.2148
28140.2695
28140.3125
28140.3535
28140.3848
28140.4023
28140.4062
28140.4023
28140.3945
28140.3887
28140.3730
28140.3477
28140.3223
28140.2910
28140.2598
28140.2246
28140.1836
28140.1465
28140.1113
28140.0723
28140.0352
28140.0039
28139.9707
28139.9414
28139.9141
28139.8887
28139.8613
28139.8340
28139.8047
28139.7715
28139.7305
28139.6855
28139.6367
28139.5781
28139.5117
28139.4453
28139.3672
28139.2852
28139.1992
28139.1094
28139.0156
28138.9180
28138.8223
28138.7227
28138.6230
28138.5215
28138.4199
28138.3184
28138.2148
28138.1152
28138.0176
28137.9199
28137.8242
28137.7324
28137.6406
28137.5508
28137.4629
28137.3770
28137.2949
28137.2129
28137.1328
28137.0586
28136.9922
28136.9434
28136.9023
28136.8730
28136.8652
28136.8691
28136.8828
28136.9062
28136.9277
28136.9609
28137.0020
28137.0449
28137.0918
28137.1348
28137.1797
28137.2246
28137.2734
28137.3262
28137.3867
28137.4531
28137.5234
28137.6035
28137.6836
28137.7637
28137.8457
28137.9258
28138.0039
28138.0801
28138.1504
28138.2207
28138.2871
28138.3496
28138.4160
28138.4824
28138.5469
28138.6113
28138.6797
28138.7461
28138.8086
28138.8730
28138.9355
28138.9961
28139.0566
28139.1133
28139.1719
28139.2285
28139.2773
28139.3359
28139.3965
28139.4629
28139.5371
28139.6133
28139.6895
28139.7656
28139.8438
28139.9238
28140.0059
28140.0879
28140.1758
28140.2637
28140.3457
28140.4316
28140.5137
28140.5938
28140.6719
28140.7441
28140.8145
28140.8809
28140.9414
28141.0020
28141.0566
28141.1094
28141.1543
28141.1914
28141.2285
28141.2598
28141.2871
28141.3066
28141.3164
28141.3164
28141.2988
28141.2695
28141.2266
28141.1777
28141.1191
28141.0547
28140.9883
28140.9219
28140.8555
28140.7910
28140.7266
28140.6680
28140.6113
28140.5547
28140.4961
28140.4395
28140.3809
28140.3203
28140.2598
28140.1992
28140.1387
28140.0801
28140.0176
28139.9512
28139.8848
28139.8125
28139.7383
28139.6660
28139.5840
28139.4922
28139.3945
28139.2871
28139.1855
28139.0879
28138.9961
28138.9043
28138.8184
28138.7383
28138.6602
28138.5781
28138.4961
28138.4160
28138.3359
28138.2520
28138.1680
28138.0820
28137.9961
28137.9082
28137.8203
28137.7324
28137.6504
28137.5664
28137.4805
28137.3984
28137.3164
28137.2363
28137.1562
28137.0781
28137.0000
28136.9219
28136.8477
28136.7773
28136.7090
28136.6484
28136.5918
28136.5410
28136.5000
28136.4648
28136.4395
28136.4238
28136.4180
28136.4238
28136.4375
28136.4570
28136.4844
28136.5176
28136.5508
28136.5898
28136.6289
28136.6699
28136.7148
28136.7637
28136.8145
28136.8730
28136.9414
28137.0137
28137.0918
28137.1758
28137.2656
28137.3574
28137.4492
28137.5430
28137.6328
28137.7148
28137.7832
28137.8496
28137.9062
28137.9551
28137.9941
28138.0273
28138.0566
28138.0898
28138.1230
28138.1602
28138.1973
28138.2344
28138.2754
28138.3164
28138.3574
28138.3984
28138.4395
28138.4766
28138.5176
28138.5605
28138.6094
28138.6641
28138.7246
28138.7910
28138.8652
28138.9434
28139.0273
28139.1172
28139.2090
28139.3008
28139.3906
28139.4766
28139.5566
28139.6250
28139.6895
28139.7383
28139.7754
28139.7988
28139.8125
28139.8164
28139.8145
28139.8066
28139.7969
28139.7832
28139.7676
28139.7520
28139.7305
28139.7090
28139.6836
28139.6562
28139.6211
28139.5820
28139.5430
28139.5020
28139.4590
28139.4160
28139.3789
28139.3477
28139.3223
28139.3105
28139.3066
28139.3184
28139.3418
28139.3789
28139.4258
28139.4844
28139.0508
28138.6230
28138.1973
28137.7715
28137.3438
28136.9102
28136.4688
28136.0215
28135.5742
28135.1250
28134.6758
28134.2266
28133.7871
28133.3496
28132.9160
28132.4824
28132.0469
28131.6055
28131.1621
28130.7129
28130.2559
28129.7910
28129.3242
28128.8555
28128.3887
28127.9238
28127.4688
28127.0195
28126.5762
28126.1367
