28024.3574
28024.4805
28024.5410
28024.3926
28024.6230
28024.4414
28024.1484
28024.2617
28023.9414
28023.6484
28023.6016
28023.4551
28023.2773
28023.0742
28022.9102
28022.6895
28022.5586
28022.7383
28022.8789
28022.5293
28022.7715
28023.0762
28022.9531
28022.9512
28023.3086
28023.4355
28023.6191
28024.1523
28024.6113
28024.7422
28024.9941
28024.7344
28024.5879
28024.5938
28024.5918
28024.5332
28024.7012
28024.6426
28024.5781
28024.5117
28024.2539
28024.2871
28024.3027
28024.1074
28024.2324
28024.1016
28023.9434
28024.0938
28023.8652
28023.8887
28023.8574
28023.9082
28023.7617
28023.6562
28023.6797
28023.4316
28023.4023
28023.3535
28023.3945
28023.2168
28023.4160
28023.3301
28023.2266
28023.1973
28023.3750
28023.3438
28023.4590
28023.3652
28023.5332
28023.5762
28023.5449
28023.5957
28023.6660
28023.6895
28023.7129
28023.8828
28023.9238
28024.1230
28024.2188
28024.3594
28024.2305
28024.2715
28024.2227
28024.3848
28024.4629
28024.3789
28024.5020
28024.2910
28024.4688
28024.6289
28024.9180
28024.4766
28024.2812
28024.5156
28024.3672
28024.3906
28024.0684
28024.1836
28023.8887
28023.9590
28023.6543
28023.7520
28023.5293
28023.5273
28023.3496
28023.5469
28023.4180
28023.4199
28023.4648
28023.3223
28023.2383
28023.3340
28023.2578
28022.9531
28023.2324
28023.2480
28023.2441
28023.2402
28023.2109
28023.0078
28022.7578
28022.8535
28022.6328
28022.6211
28022.7168
28022.8594
28022.9766
28022.9551
28022.7773
28022.7461
28022.4980
28022.4004
28022.1523
28022.0820
28021.9512
28021.8945
28022.1445
28022.0137
28022.1094
28021.9336
28022.0293
28021.4863
28021.6562
28021.1602
28021.1094
28021.2852
28021.2285
28021.3262
28021.3945
28021.1719
28021.1895
28020.8984
28020.8887
28020.7832
28020.7051
28020.8301
28020.8262
28020.8438
28021.0879
28021.0312
28021.0742
28021.3184
28021.0195
28021.2832
28021.3750
28021.5176
28021.5625
28021.4375
28021.0664
28021.0625
28021.1328
28022.9141
28023.1328
28023.3809
28023.3262
28023.6172
28023.6875
28023.6309
28023.6074
28023.6777
28023.3066
28023.8457
28024.1836
28025.1582
28023.7031
28023.5078
28024.2285
28024.1836
28023.8594
28024.0762
28023.8750
28023.1113
28023.0820
28023.8477
28023.4512
28022.5840
28022.5781
28023.4883
28023.4766
28024.0039
28023.5703
28023.8672
28023.9102
28023.8496
28023.8535
28023.8750
28023.8145
28023.8379
28023.6914
28023.3535
28023.3809
28023.3359
28022.9590
28023.0449
28023.1777
28023.1934
28023.3164
28023.3809
28023.4395
28023.1055
28023.1543
28023.1074
28022.9746
28023.1504
28023.1719
28023.5664
28023.6094
28023.6035
28023.6523
28023.6758
28023.4727
28023.3477
28023.4395
28023.4316
28023.2559
28023.1270
28023.0977
28022.9688
28022.8184
28022.6406
28022.6387
28022.6602
28022.6582
28022.6992
28022.7695
28022.9668
28022.9180
28022.8633
28022.6543
28022.7793
28022.7812
28022.9043
28022.9492
28022.7949
28022.6914
28022.7148
28023.0176
28022.8633
28022.7852
28022.7129
28022.5820
28022.5273
28022.3027
28022.3262
28022.2734
28022.1445
28022.1445
28022.2656
28021.9609
28021.9863
28021.8066
28021.7305
28021.8008
28021.9004
28021.8965
28022.0664
28021.9668
28021.9121
28021.8848
28022.0566
28021.7559
28021.5273
28021.3750
28021.3008
28021.2676
28021.1914
28021.1875
28021.2578
28021.4785
28021.5508
28021.6953
28021.9414
28022.0645
28022.0098
28021.9805
28021.8047
28021.5020
28021.5000
28021.3203
28021.4180
28021.0918
28020.8867
28020.5879
28020.2344
28020.2793
28020.2266
28020.1484
28019.9707
28019.9180
28019.9160
28019.8398
28020.0117
28020.0332
28020.1523
28020.2520
28020.5957
28020.7676
28020.9629
28021.0098
28020.9043
28020.9277
28020.9238
28020.8457
28020.8672
28020.8633
28020.9355
28020.9316
28020.6777
28020.4004
28020.3984
28020.1699
28019.7930
28019.7910
28019.6367
28019.5586
28019.7793
28019.7520
28019.7734
28019.9941
28019.8398
28020.0625
28020.3594
28020.5312
28020.7012
28020.9492
28021.2207
28021.2168
28020.9648
28020.9102
28020.6836
28020.5293
28020.6523
28020.6738
28020.7207
28020.7422
28021.0625
28020.8848
28020.9062
28021.0020
28021.0254
28021.1230
28021.0176
28020.9141
28020.7871
28020.6328
28020.4551
28020.3262
28020.3984
28020.2207
28020.3672
28020.1641
28020.3594
28020.4082
28020.1777
28020.3770
28020.5977
28020.6699
28020.4160
28021.5664
28020.6602
28021.5098
28021.1309
28021.2520
28021.3984
28021.4727
28021.8691
28021.8672
28022.0371
28022.3105
28022.0820
28022.2559
28022.0527
28022.3496
28022.3223
28022.5703
28023.1953
28022.5898
28023.3633
28023.0586
28023.4082
28023.6309
28023.3027
28023.7500
28023.7227
28023.6953
28023.4160
28023.4141
28023.3359
28023.2578
28023.1289
28023.0488
28023.0215
28022.8945
28022.8906
28022.9629
28022.8848
28022.8555
28022.9277
28022.8262
28022.7734
28022.7949
28022.7695
28022.7402
28022.7363
28022.8340
28022.8066
28022.7793
28023.0039
28023.1250
28022.8438
28022.9668
28022.8887
28023.0352
28023.0801
28023.1543
28023.0977
28022.9453
28023.0684
28022.7637
28022.7852
28022.8574
28022.6270
28022.5977
28022.5449
28022.1895
28022.0605
28022.0566
28022.0527
28022.0742
28022.0195
28022.2676
28022.2891
28021.9590
28021.9043
28021.9277
28021.6992
28021.8457
28021.7949
28022.0430
28021.9883
28022.3359
28022.4336
28022.6074
28022.6035
28022.6992
28022.7207
28022.8926
28023.0430
28023.1152
28023.2871
28023.3613
28023.2812
28023.2793
28023.2246
28023.3965
28023.6719
28023.6211
28023.7461
28023.6211
28023.3164
28023.3418
28023.1895
28023.0645
28022.9082
28022.8809
28022.7305
28022.7520
28022.8242
28022.6465
28022.5664
28022.2598
28022.2051
28022.1543
28022.0215
28022.1211
28022.0391
28022.1133
28022.2637
28022.4414
28022.6133
28022.5859
28022.5312
28022.6328
28022.6582
28022.8125
28022.7578
28022.6777
28022.6758
28022.8965
28023.0977
28023.0430
28022.9121
28022.7812
28022.9004
28022.8223
28022.8184
28022.8926
28023.0137
28023.0820
28023.3555
28023.4512
28023.3496
28023.3223
28023.2422
28023.3164
28023.4023
28023.5488
28023.5156
28023.5586
28023.7051
28023.5430
28023.6406
28023.6660
28023.6855
28023.5547
28023.5273
28023.5254
28023.7266
28023.9102
28024.2129
28024.1934
28024.3438
28024.5449
28024.7480
28024.8223
28024.7188
28024.5879
28024.5293
28024.5938
28024.4844
28024.6797
28024.6777
28024.7988
28024.7949
28024.7695
28024.8125
28024.6152
28024.4902
28024.5098
28024.4551
28024.6738
28024.7559
28024.7285
28024.9023
28025.0508
28025.0195
28025.0215
28025.0977
28025.0938
28025.0449
28025.0176
28024.9922
28025.0117
28025.1094
28025.1309
28025.0508
28025.0000
28024.9434
28024.6641
28024.6641
28024.8262
28024.9062
28024.8809
28024.8086
28024.7363
28024.9414
28024.8223
28024.6641
28024.5156
28024.2812
28024.0039
28023.8457
28024.2500
28024.4258
28024.9062
28024.9805
28025.1016
28025.1758
28025.1191
28025.1719
28025.1914
28025.2129
28025.2637
28025.2070
28025.2031
28025.1465
28025.1895
28025.0352
28025.2539
28025.1738
28025.1797
28025.2559
28025.2988
28025.1953
28025.1387
28025.1133
28025.0098
28024.9531
28025.0039
28024.9023
28024.8223
28024.7422
28024.5078
28024.5605
28024.2480
28024.2227
28024.4531
28024.5801
28024.4473
28024.5430
28024.4648
28024.5156
28024.6133
28024.6406
28024.6836
28024.6816
28024.7109
28024.9082
28025.0586
28025.1348
28025.0527
28025.2051
28025.3574
28025.6094
28025.9922
28026.2207
28026.1875
28025.8848
28025.8281
28025.6934
28025.6367
28025.7109
28025.8398
28025.9922
28025.9023
28025.9785
28025.9316
28026.0273
28026.1250
28026.1543
28025.9980
28026.0938
28026.0684
28026.1445
28026.2969
28026.3164
28026.4688
28026.3887
28026.2070
28026.1504
28026.0703
28025.9922
28026.0879
28025.9082
28025.7734
28025.9805
28025.8223
28025.6973
28025.6191
28025.6152
28025.5137
28025.4102
28025.4844
28025.4609
28025.2930
28025.2676
28025.0098
28025.1074
28024.9941
28024.7695
28024.9668
28025.0645
28024.8828
28024.9355
28024.9102
28025.1191
28025.0059
28025.1035
28024.9219
28025.0977
28025.1172
28025.2148
28025.2793
28025.3535
28025.2188
28025.4160
28025.1797
28025.5762
28025.3203
28025.2949
28025.3145
28025.2559
28025.4863
28025.3613
28025.0566
28025.2773
28024.9199
28025.1953
28025.3594
28025.5215
28025.4746
28025.5508
28025.6133
28025.9121
28025.7969
28025.9727
28026.3359
28026.1777
28026.0195
28026.0156
28026.0469
28025.9453
28025.8750
28025.8398
28026.0703
28026.3555
28026.2988
28025.8496
28026.1602
28025.7109
28026.0977
28025.7832
28025.7363
28025.6543
28025.7539
28025.7285
28026.1016
28025.6211
28025.5195
28025.6387
28025.7930
28026.2578
28026.0410
28025.9395
28025.8359
28026.3242
28026.0781
28026.5977
28026.6230
28026.4707
28026.2891
28026.1855
28026.1836
28026.6367
28027.0371
28027.1777
28027.3887
28026.9180
28027.0137
28026.9336
28026.7520
28026.8281
28026.3906
28026.4961
28026.6719
28026.5703
28026.6797
28026.8125
28026.9883
28026.8418
28026.8398
28026.4883
28026.2070
28026.3613
28026.3809
28026.8828
28026.4102
28026.2637
28025.9707
28026.1230
28026.3008
28026.0840
28026.3730
28026.0254
28025.8535
28026.2559
28026.0176
28026.5156
28025.7637
28025.8398
28025.8223
28025.7988
28025.7305
28025.9668
28025.8066
28025.9668
28026.0938
28026.5918
28026.6934
28026.7344
28026.6309
28026.8652
28026.5977
28026.1797
28026.2207
28026.2324
28026.4512
28026.4844
28026.2031
28026.0215
28026.0625
28026.2598
28026.1348
28026.2695
28026.2871
28026.5410
28026.3027
28026.0352
28026.1914
28026.1523
28026.0137
28026.0039
28025.6719
28026.3633
28025.9883
28026.4004
28026.4199
28026.4590
28026.6348
28026.7109
28027.2383
28027.5723
28027.8047
28028.0449
28027.7129
28027.4668
28027.2148
28027.2891
28027.4023
28027.4785
28027.5547
28027.0566
28027.3281
28027.4883
28027.4434
28027.4824
28027.6816
28027.4980
28027.5020
28027.4570
28027.5957
28027.7363
28027.5332
28027.8320
28028.1875
28028.2852
28028.1426
28027.7637
28027.8750
28027.7617
28028.0020
28028.1152
28028.1602
28028.1777
28028.2168
28028.3926
28028.3672
28028.1875
28028.3203
28028.5391
28028.5117
28028.3809
28028.8301
28028.5156
28028.3359
28028.7891
28028.7715
28028.6680
28028.4082
28028.9980
28028.7598
28029.0566
28028.7383
28028.8340
28028.8516
28028.9492
28029.0664
28028.9277
28029.0078
28029.1387
28029.2402
28028.9980
28029.1973
28028.6621
28028.8848
28028.3828
28028.7383
28028.4395
28028.3164
28028.2148
28028.0957
28029.1621
28027.9902
28027.8066
28027.7461
28027.8496
28027.7227
28027.9609
28027.8613
28027.6992
28027.3574
28027.6914
28027.7090
28027.5859
28027.6250
28027.4453
28027.2617
28027.3379
28027.4824
28027.3145
28026.9922
28026.8242
28026.9668
28026.8008
28026.7598
28027.3535
28026.4590
28026.4766
28026.5547
28026.0566
28026.2734
28026.0527
28026.1094
28026.2656
28026.3652
28026.2422
28026.1387
28026.0352
28026.0703
28026.0078
28025.9258
28026.1992
28026.3984
28026.5137
28026.0918
28026.3477
28026.3457
28026.4434
28026.3574
28026.4316
28026.2090
28026.5645
28026.3438
28025.9219
28026.4180
28026.1328
28026.6895
28026.2656
28026.5234
28026.2598
28026.2949
28026.2324
28026.7676
28026.8652
28026.6816
28026.8359
28026.6328
28026.7266
28026.7227
28026.5410
28026.7168
28026.9551
28026.1289
28027.1484
28026.9238
28026.8809
28026.8770
28027.0742
28026.4102
28024.9297
28025.2852
28025.0410
28025.4355
28025.1133
28025.2109
28025.5449
28025.3008
28025.1973
28025.2734
28024.7715
28025.3652
28025.3613
28025.4980
28025.2539
28025.3105
28025.4668
28025.6426
28025.5410
28025.9961
28026.3926
28026.2949
28025.8457
28026.2617
28026.3184
28026.1934
28026.3711
28026.9062
28027.0820
28027.1816
28027.4551
28026.9707
28027.0469
28026.8633
28026.6992
28026.7754
28026.6914
28026.7871
28026.8242
28026.7812
28026.1562
28026.5938
28026.7305
28026.8105
28026.5332
28026.5410
28026.4570
28026.4121
28026.9102
28026.6270
28026.9434
28027.0391
28027.1172
28027.2734
28027.0273
28026.6660
28026.7207
28026.7578
28026.8145
28026.5098
28026.4453
28026.8848
28026.7207
28026.5977
28026.6152
28026.4922
28026.5273
28026.7246
28026.6230
28026.8008
28027.0176
28027.0547
28027.4727
28027.3301
28027.1074
28027.1250
28027.2832
28027.1016
28027.2949
28027.0137
28027.3125
28026.9883
28026.9648
28027.0879
28027.2617
28027.3809
28027.4160
28027.3340
28027.1289
28027.3086
28027.1777
28027.4570
28027.2188
28027.4375
28027.0742
28027.0898
28026.8633
28026.9824
28026.8594
28026.5762
28026.6309
28026.2656
28026.0254
28025.8594
28025.6953
28025.1309
28024.7832
28024.5996
28024.5586
28024.1289
28023.9883
28023.9844
28023.7246
28023.5762
28023.0742
28022.6465
28022.4863
28022.6445
28022.3613
28021.9961
28021.3301
28021.5879
28021.3848
28021.3438
28020.8164
28021.0781
28021.1191
28020.9766
28021.0781
28020.9512
28020.8848
28020.7207
28020.7559
28020.5703
28020.5293
28020.6699
28020.4219
28020.5449
28020.4551
28020.4746
28020.0039
28020.2832
28019.8418
28019.8145
28019.8340
28019.8125
28019.7227
28019.5371
28019.5156
28019.5918
28019.7383
28019.4590
28019.1562
28018.7754
28018.7344
28018.6777
28018.2090
28018.1387
28018.0176
28017.8887
28017.4629
28017.6211
28018.0234
28017.5762
28017.3828
28017.5000
28017.3164
28016.8867
28016.8008
28016.7168
28016.7148
28016.9980
28016.6699
28016.5488
28016.3203
28016.2969
28016.2324
28016.0488
28016.2871
28016.4531
28016.1699
28015.9395
28015.9805
28016.0586
28015.8984
28015.9316
28016.0312
28016.0527
28016.1914
28015.8633
28016.3730
28016.2070
28016.1289
28016.1191
28015.7422
28015.7520
28015.7793
28015.2578
28015.1992
28015.2891
28015.0410
28014.9922
28014.7715
28014.6660
28014.7832
28014.9043
28014.8398
28014.4727
28014.8281
28014.9355
28014.7090
28015.0371
28014.5371
28014.8535
28014.7695
28014.6191
28014.6543
28014.7422
28014.4766
28014.5371
28014.5625
28014.5137
28014.6914
28014.4805
28014.5215
28014.4102
28014.4688
28014.6484
28014.6641
28014.7852
28014.7812
28014.7598
28015.0391
28015.0801
28014.9766
28014.9180
28015.1777
28015.2109
28015.3164
28015.4238
28015.4727
28015.2969
28015.6309
28015.3809
28015.5039
28015.5566
28015.6699
28015.5488
28015.7188
28015.7520
28015.7734
28015.7012
28015.9863
28016.5117
28016.6270
28016.7051
28016.8184
28017.0176
28017.0410
28017.2812
28017.1973
28017.0137
28017.2090
28017.1250
28017.1562
28017.4004
28017.4414
28017.3672
28017.6191
28017.7246
28017.9492
28017.9902
28017.8066
28017.6855
28018.0469
28017.6230
28018.1660
28018.0352
28018.3418
28018.3027
28018.0527
28018.2969
28018.5820
28018.6621
28018.8223
28019.0762
28019.0723
28019.3516
28019.4844
28019.6270
28020.1445
28020.0605
28020.5215
28020.5996
28020.8086
28020.8418
28021.0488
28021.2988
28021.4785
28021.2930
28021.4258
28021.5059
28021.8027
28021.7363
28021.9316
28022.0938
28022.2383
28022.1816
28022.2773
28022.7676
28022.7910
28022.8828
28022.9434
28022.9590
28022.7852
28022.6992
28022.7129
28022.4219
28022.3145
28021.8457
28021.9453
28021.8887
28022.1309
28021.9473
28021.9102
28022.1875
28022.3613
28022.7246
28022.6035
28022.9297
28022.9102
28022.8770
28023.2520
28022.9180
28023.0527
28022.8789
28022.5000
28022.1797
28022.1738
28022.2402
28022.3555
28022.2832
28022.4980
28022.6074
28022.6699
28022.4844
28022.6660
28022.8105
28023.0547
28023.2051
28023.4160
28023.4141
28023.3438
28023.2598
28023.4883
28023.2070
28023.2168
28023.2148
28023.1602
28023.2402
28023.3223
28023.1348
28023.1504
28023.0781
28022.8457
28023.2910
28023.3711
28023.3164
28023.2969
28023.5859
28023.4238
28023.3203
28023.3223
28023.1523
28023.3438
28023.3086
28023.1914
28023.1562
28023.1191
28023.2168
28023.0664
28023.4102
28023.1777
28023.2578
28023.4551
28023.4531
28023.5352
28023.7617
28023.6289
28024.0410
28024.1426
28024.3223
28024.3027
28024.4668
28024.3145
28024.6309
28024.5664
28024.6152
28024.7793
28024.5273
28024.6387
28024.6191
28024.5508
28024.4668
28024.4473
28024.3301
28024.5078
28024.2910
28024.2383
28024.3340
28024.3164
28024.1289
28024.1270
28023.9766
28024.0566
28024.3535
28024.3340
28024.3828
28024.4805
28024.4121
28024.5586
28024.3242
28024.6523
28024.6016
28024.3652
28024.7129
28024.2402
28024.3535
28024.3340
28024.2988
28024.1641
28024.1953
28024.1758
28024.2402
28024.2539
28023.9688
28024.9492
28024.1973
28024.2949
28024.5918
28024.7891
28024.6699
28025.1016
28024.9668
28025.0977
28025.1953
28025.1758
28025.5898
28025.8223
28026.0352
28026.2012
