    1.7568
    1.6512
    1.5485
    1.4442
    1.3359
    1.2304
    1.1299
    1.0265
    0.9275
    0.8283
    0.7334
    0.6446
    0.5588
    0.4745
    0.3952
    0.3119
    0.2299
    0.1422
    0.0612
   -0.0297
   -0.1200
   -0.2135
   -0.3031
   -0.3982
   -0.4917
   -0.5844
   -0.6797
   -0.7785
   -0.8744
   -0.9763
   -1.0843
   -1.0659
   -1.0486
   -1.0348
   -1.0209
   -1.0084
   -0.9993
   -0.9934
   -0.9964
   -1.0011
   -1.0079
   -1.0090
   -1.0105
   -1.0143
   -1.0209
   -1.0322
   -1.0466
   -1.0576
   -1.0652
   -1.0807
   -1.1015
   -1.1239
   -1.1482
   -1.1786
   -1.2085
   -1.2400
   -1.2802
   -1.3170
   -1.3644
   -1.4086
   -1.4475
   -1.4913
   -1.5353
   -1.5856
   -1.6382
   -1.6924
   -1.7449
   -1.8026
   -1.8602
   -1.9223
   -1.9800
   -2.0445
   -2.1125
   -2.1817
   -2.2474
   -2.3124
   -2.3729
   -2.4377
   -2.5018
   -2.5673
   -2.6325
   -2.6937
   -2.7471
   -2.8032
   -2.8554
   -2.9163
   -2.9794
   -3.0383
   -3.0950
   -3.1560
   -3.2129
   -3.2703
   -3.3223
   -3.3743
   -3.4260
   -3.4857
   -3.5516
   -3.6113
   -3.6772
   -3.7291
   -3.7827
   -3.8281
   -3.8858
   -3.9405
   -3.9958
   -4.0514
   -4.0976
   -4.1466
   -4.1972
   -4.2477
   -4.2984
   -4.3445
   -4.3909
   -4.4297
   -4.4705
   -4.5091
   -4.5441
   -4.5750
   -4.6045
   -4.6277
   -4.6522
   -4.6756
   -4.6972
   -4.7180
   -4.7420
   -4.7624
   -4.7798
   -4.8038
   -4.8216
   -4.8424
   -4.8622
   -4.8880
   -4.9047
   -4.9215
   -4.9433
   -4.9634
   -4.9957
   -5.0296
   -5.0562
   -5.0895
   -5.1211
   -5.1506
   -5.1797
   -5.2111
   -5.2424
   -5.2742
   -5.3014
   -5.3309
   -5.3637
   -5.3935
   -5.4243
   -5.4584
   -5.4887
   -5.5264
   -5.5592
   -5.5938
   -5.6244
   -5.6522
   -5.6800
   -5.7042
   -5.7329
   -5.7552
   -5.7821
   -5.8012
   -5.8198
   -5.8390
   -5.8469
   -5.8583
   -5.8677
   -5.8713
   -5.8753
   -5.8761
   -5.8756
   -5.8783
   -5.8852
   -5.8918
   -5.9013
   -5.9094
   -5.9146
   -5.9240
   -5.9351
   -5.9463
   -5.9604
   -5.9744
   -5.9921
   -6.0054
   -6.0156
   -6.0306
   -6.0472
   -6.0655
   -6.0764
   -6.0902
   -6.0972
   -6.1137
   -6.1290
   -6.1437
   -6.1563
   -6.1660
   -6.1687
   -6.1771
   -6.1779
   -6.1764
   -6.1735
   -6.1774
   -6.1845
   -6.1905
   -6.1989
   -6.2098
   -6.2183
   -6.2239
   -6.2327
   -6.2331
   -6.2312
   -6.2267
   -6.2181
   -6.2135
   -6.2055
   -6.1981
   -6.1889
   -6.1816
   -6.1771
   -6.1773
   -6.1789
   -6.1829
   -6.1896
   -6.2025
   -6.2092
   -6.2206
   -6.2314
   -6.2445
   -6.2621
   -6.2781
   -6.2968
   -6.3170
   -6.3351
   -6.3592
   -6.3759
   -6.3952
   -6.4114
   -6.4348
   -6.4574
   -6.4846
   -6.5100
   -6.5385
   -6.5731
   -6.6034
   -6.6324
   -6.6590
   -6.6803
   -6.7005
   -6.7264
   -6.7559
   -6.7830
   -6.8169
   -6.8452
   -6.8742
   -6.9024
   -6.9316
   -6.9638
   -7.0014
   -7.0334
   -7.0682
   -7.1030
   -7.1359
   -7.1657
   -7.1958
   -7.2273
   -7.2570
   -7.2892
   -7.3222
   -7.3562
   -7.3885
   -7.4251
   -7.4578
   -7.4946
   -7.5314
   -7.5644
   -7.6017
   -7.6376
   -7.6777
   -7.7157
   -7.7515
   -7.7871
   -7.8242
   -7.8587
   -7.8925
   -7.9233
   -7.9555
   -7.9909
   -8.0284
   -8.0720
   -8.1111
   -8.1480
   -8.1871
   -8.2259
   -8.2591
   -8.2864
   -8.3208
   -8.3518
   -8.3849
   -8.4166
   -8.4446
   -8.4635
   -8.4831
   -8.5017
   -8.5111
   -8.5233
   -8.5366
   -8.5537
   -8.5742
   -8.5935
   -8.6077
   -8.6170
   -8.6310
   -8.6418
   -8.6569
   -8.6687
   -8.6816
   -8.6974
   -8.7085
   -8.7216
   -8.7390
   -8.7577
   -8.7581
   -8.7510
   -8.7364
   -8.6973
   -8.6657
   -8.6097
   -8.5613
   -8.4975
   -8.4308
   -8.3643
   -8.2899
   -8.2181
   -8.1372
   -8.0526
   -7.9729
   -7.8855
   -7.7982
   -7.6991
   -7.6062
   -7.5145
   -7.4151
   -7.3176
   -7.2236
   -7.1293
   -7.0398
   -6.9548
   -6.8695
   -6.7885
   -6.6996
   -6.6153
   -6.5361
   -6.4442
   -6.3681
   -6.2826
   -6.2031
   -6.1101
   -6.0248
   -5.9346
   -5.8556
   -5.7827
   -5.7173
   -5.6581
   -5.5936
   -5.5387
   -5.4821
   -5.4222
   -5.3657
   -5.3061
   -5.2449
   -5.1871
   -5.1355
   -5.0835
   -5.0331
   -4.9825
   -4.9337
   -4.8866
   -4.8429
   -4.7960
   -4.7519
   -4.7059
   -4.6594
   -4.6329
   -4.6175
   -4.6113
   -4.6265
   -4.6328
   -4.6679
   -4.6910
   -4.7309
   -4.7785
   -4.8261
   -4.8832
   -4.9388
   -5.0055
   -5.0785
   -5.1501
   -5.2275
   -5.3079
   -5.3931
   -5.4783
   -5.5638
   -5.6523
   -5.7346
   -5.8106
   -5.8877
   -5.9582
   -6.0301
   -6.1018
   -6.1681
   -6.2338
   -6.2990
   -6.3624
   -6.4363
   -6.4919
   -6.5599
   -6.6213
   -6.6903
   -6.7505
   -6.8139
   -6.8649
   -6.9127
   -6.9542
   -6.9927
   -7.0355
   -7.0722
   -7.1102
   -7.1516
   -7.1913
   -7.2312
   -7.2733
   -7.3137
   -7.3513
   -7.3846
   -7.4149
   -7.4422
   -7.4713
   -7.5002
   -7.5246
   -7.5488
   -7.5716
   -7.5946
   -7.6179
   -7.6392
   -7.6543
   -7.6663
   -7.6755
   -7.6786
   -7.6788
   -7.6807
   -7.6810
   -7.6779
   -7.6809
   -7.6838
   -7.6881
   -7.6876
   -7.6858
   -7.6823
   -7.6776
   -7.6716
   -7.6637
   -7.6498
   -7.6310
   -7.6140
   -7.5982
   -7.5858
   -7.5707
   -7.5541
   -7.5301
   -7.5052
   -7.4795
   -7.4529
   -7.4237
   -7.3961
   -7.3656
   -7.3350
   -7.3058
   -7.2767
   -7.2491
   -7.2165
   -7.1839
   -7.1544
   -7.1235
   -7.0940
   -7.0632
   -7.0352
   -7.0089
   -6.9842
   -6.9579
   -6.9315
   -6.9051
   -6.8830
   -6.8580
   -6.8345
   -6.8110
   -6.7906
   -6.7702
   -6.7479
   -6.7211
   -6.6940
   -6.6642
   -6.6353
   -6.6022
   -6.5673
   -6.5338
   -6.5049
   -6.4775
   -6.4514
   -6.4286
   -6.4026
   -6.3797
   -6.3553
   -6.3280
   -6.2992
   -6.2674
   -6.2353
   -6.2078
   -6.1799
   -6.1540
   -6.1273
   -6.0995
   -6.0713
   -6.0465
   -6.0229
   -5.9977
   -5.9759
   -5.9530
   -5.9343
   -5.9178
   -5.9062
   -5.8980
   -5.8890
   -5.8837
   -5.8824
   -5.8808
   -5.8794
   -5.8822
   -5.8837
   -5.8853
   -5.8855
   -5.8948
   -5.9058
   -5.9150
   -5.9233
   -5.9326
   -5.9394
   -5.9397
   -5.9398
   -5.9353
   -5.9340
   -5.9311
   -5.9282
   -5.9209
   -5.9135
   -5.9029
   -5.8920
   -5.8785
   -5.8647
   -5.8498
   -5.8346
   -5.8154
   -5.7988
   -5.7801
   -5.7607
   -5.7445
   -5.7272
   -5.7052
   -5.6846
   -5.6639
   -5.6445
   -5.6273
   -5.6048
   -5.5828
   -5.5574
   -5.5263
   -5.4920
   -5.4566
   -5.4213
   -5.3874
   -5.3502
   -5.3138
   -5.2781
   -5.2444
   -5.2149
   -5.1885
   -5.1648
   -5.1393
   -5.1088
   -5.0739
   -5.0340
   -4.9933
   -4.9480
   -4.9020
   -4.8495
   -4.7942
   -4.7380
   -4.6844
   -4.6297
   -4.5778
   -4.5228
   -4.4720
   -4.4199
   -4.3660
   -4.3077
   -4.2506
   -4.1923
   -4.1355
   -4.0807
   -4.0258
   -3.9725
   -3.9162
   -3.8566
   -3.7946
   -3.7309
   -3.6701
   -3.6126
   -3.5549
   -3.4988
   -3.4473
   -3.3976
   -3.3496
   -3.3075
   -3.2640
   -3.2200
   -3.1766
   -3.1268
   -3.0757
   -3.0320
   -2.9886
   -2.9437
   -2.8972
   -2.8492
   -2.8014
   -2.7533
   -2.7114
   -2.6693
   -2.6315
   -2.5969
   -2.5609
   -2.5238
   -2.4877
   -2.4499
   -2.4158
   -2.3801
   -2.3416
   -2.2986
   -2.2543
   -2.2070
   -2.1639
   -2.1239
   -2.0852
   -2.0462
   -2.0128
   -1.9805
   -1.9501
   -1.9214
   -1.8914
   -1.8613
   -1.8285
   -1.7942
   -1.7630
   -1.7317
   -1.6954
   -1.6609
   -1.6322
   -1.6035
   -1.5769
   -1.5502
   -1.5259
   -1.4960
   -1.4645
   -1.4284
   -1.3964
   -1.3655
   -1.3361
   -1.3058
   -1.2725
   -1.2375
   -1.1992
   -1.1616
   -1.1216
   -1.0831
   -1.0414
   -0.9976
   -0.9589
   -0.9241
   -0.8926
   -0.8667
   -0.8348
   -0.8045
   -0.7740
   -0.7432
   -0.7182
   -0.6913
   -0.6660
   -0.6425
   -0.6201
   -0.5970
   -0.5718
   -0.5506
   -0.5280
   -0.5104
   -0.4935
   -0.4768
   -0.4614
   -0.4423
   -0.4238
   -0.4019
   -0.3864
   -0.3664
   -0.3454
   -0.3270
   -0.3140
   -0.2941
   -0.2757
   -0.2628
   -0.2439
   -0.2195
   -0.1955
   -0.1723
   -0.1511
   -0.1265
   -0.1012
   -0.0748
   -0.0516
   -0.0256
    0.0042
    0.0420
    0.0740
    0.1067
    0.1360
    0.1592
    0.1837
    0.2135
    0.2455
    0.2774
    0.3115
    0.3458
    0.3770
    0.4091
    0.4469
    0.4838
    0.5193
    0.5561
    0.5865
    0.6251
    0.6622
    0.7051
    0.7494
    0.7929
    0.8413
    0.8865
    0.9269
    0.9753
    1.0171
    1.0642
    1.1123
    1.1596
    1.2091
    1.2570
    1.3073
    1.3516
    1.4051
    1.4585
    1.5151
    1.5689
    1.6187
    1.6653
    1.7133
    1.7727
    1.8202
    1.8688
    1.9220
    1.9781
    2.0335
    2.0897
    2.1507
    2.2085
    2.2529
    2.2999
    2.3398
    2.3908
    2.4374
    2.4825
    2.5176
    2.5621
    2.6093
    2.6516
    2.6890
    2.7370
    2.7824
    2.8343
    2.8908
    2.9369
    2.9802
    3.0246
    3.0723
    3.1183
    3.1637
    3.2101
    3.2605
    3.3072
    3.3486
    3.3917
    3.4365
    3.4841
    3.5224
    3.5685
    3.6098
    3.6526
    3.6830
    3.7187
    3.7495
    3.7910
    3.8245
    3.8639
    3.8879
    3.9190
    3.9586
    3.9931
    4.0267
    4.0586
    4.0983
    4.1344
    4.1793
    4.2256
    4.2777
    4.3313
    4.3810
    4.4294
    4.4683
    4.5162
    4.5603
    4.6001
    4.6395
    4.6773
    4.7170
    4.7500
    4.7830
    4.8171
    4.8499
    4.8840
    4.9084
    4.9343
    4.9616
    4.9888
    5.0066
    5.0194
    5.0282
    5.0334
    5.0309
    5.0313
    5.0238
    5.0144
    5.0052
    4.9983
    4.9790
    4.9625
    4.9471
    4.9303
    4.9110
    4.8878
    4.8607
    4.8409
    4.8208
    4.7946
    4.7649
    4.7379
    4.6993
    4.6655
    4.6320
    4.6068
    4.5726
    4.5368
    4.4964
    4.4496
    4.4024
    4.3649
    4.3238
    4.2698
    4.2248
    4.1766
    4.1336
    4.0880
    4.0416
    3.9865
    3.9268
    3.8640
    3.8041
    3.7434
    3.6735
    3.6083
    3.5450
    3.4805
    3.4179
    3.3525
    3.2841
    3.2141
    3.1549
    3.0891
    3.0380
    2.9873
    2.9369
    2.8904
    2.8431
    2.7928
    2.7484
    2.7081
    2.6699
    2.6342
    2.6038
    2.5688
    2.5447
    2.5206
    2.4974
    2.4755
    2.4527
    2.4408
    2.4270
    2.4024
    2.3793
    2.3592
    2.3320
    2.3095
    2.2802
    2.2421
    2.1920
    2.1457
    2.0996
    2.0579
    2.0097
    1.9584
    1.9147
    1.8696
    1.8317
    1.7838
    1.7550
    1.7147
    1.6755
    1.6390
    1.6030
    1.5658
    1.5300
    1.4920
    1.4518
    1.4097
    1.3659
    1.3326
    1.2952
    1.2553
    1.2171
    1.1776
    1.1363
    1.0927
    1.0501
    1.0065
    0.9686
    0.9337
    0.8991
    0.8571
    0.8305
    0.7914
    0.7578
    0.7329
    0.7017
    0.6706
    0.6446
    0.6155
    0.5841
    0.5497
    0.5184
    0.4824
    0.4530
    0.4114
    0.3682
    0.3282
    0.2934
    0.2540
    0.2095
    0.1657
    0.1293
    0.0907
    0.0579
    0.0300
    0.0050
   -0.0163
   -0.0296
   -0.0250
   -0.0166
   -0.0065
    0.0098
    0.0276
    0.0552
    0.0750
    0.1018
    0.1263
    0.1645
    0.1934
    0.2316
    0.2711
    0.3126
    0.3558
    0.3944
    0.4417
    0.4907
    0.5447
    0.6008
    0.6593
    0.7126
    0.7712
    0.8325
    0.9014
    0.9765
    1.0529
    1.1268
    1.2063
    1.2823
    1.3582
    1.4398
    1.5198
    1.6016
    1.6801
    1.7619
    1.8399
    1.9127
    1.9873
    2.0606
    2.1371
    2.2205
    2.3089
    2.4009
    2.4932
    2.5892
    2.6791
    2.7745
    2.8719
    2.9771
    3.0785
    3.1871
    3.2953
    3.4016
    3.5084
    3.6134
    3.7127
    3.8127
    3.9154
    4.0087
    4.1054
    4.1948
    4.2787
    4.3622
    4.4359
    4.5074
    4.5705
    4.6341
    4.6978
    4.7626
    4.8189
    4.8810
    4.9462
    5.0084
    5.0584
    5.1073
    5.1550
    5.1966
    5.2469
    5.3032
    5.3694
    5.4382
    5.5054
    5.5715
    5.6377
    5.7027
    5.7684
    5.8349
    5.8958
    5.9539
    6.0112
    6.0646
    6.1172
    6.1658
    6.2174
    6.2611
    6.3045
    6.3512
    6.3965
    6.4490
    6.4966
    6.5397
    6.5771
    6.6151
    6.6530
    6.6915
    6.7255
    6.7654
    6.8044
    6.8419
    6.8693
    6.9012
    6.9230
    6.9477
    6.9643
    6.9912
    7.0099
    7.0289
    7.0456
    7.0564
    7.0762
    7.0933
    7.1070
    7.1282
    7.1508
    7.1846
    7.2256
    7.2616
    7.3017
    7.3366
    7.3752
    7.4161
    7.4509
    7.4780
    7.5126
    7.5531
    7.5965
    7.6455
    7.6959
    7.7339
    7.7630
    7.7872
    7.8096
    7.8318
    7.8543
    7.8738
    7.8902
    7.9036
    7.9154
    7.9289
    7.9431
    7.9605
    7.9802
    7.9912
    8.0131
    8.0270
    8.0437
    8.0582
    8.0771
    8.0953
    8.1036
    8.1147
    8.1272
    8.1431
    8.1555
    8.1663
    8.1752
    8.1888
    8.1982
    8.2057
    8.2153
    8.2217
    8.2304
    8.2432
    8.2584
    8.2778
    8.2934
    8.3161
    8.3386
    8.3593
    8.3824
    8.4105
    8.4430
    8.4808
    8.5148
    8.5494
    8.5728
    8.5851
    8.6082
    8.6315
    8.6536
    8.6697
    8.6863
    8.7044
    8.7298
    8.7507
    8.7716
    8.7948
    8.8060
    8.8160
    8.8281
    8.8370
    8.8371
    8.8316
    8.8279
    8.8232
    8.8165
    8.8072
    8.8031
    8.7964
    8.7999
    8.7978
    8.7953
    8.7895
    8.7810
    8.7608
    8.7467
    8.7261
    8.7094
    8.6818
    8.6563
    8.6365
    8.6192
    8.5982
    8.5831
    8.5589
    8.5359
    8.5160
    8.4904
    8.4706
    8.4514
    8.4325
    8.4174
    8.3896
    8.3642
    8.3311
    8.3007
    8.2585
    8.2276
    8.2024
    8.1740
    8.1474
    8.1101
    8.0723
    8.0280
    7.9830
    7.9410
    7.8976
    7.8653
    7.8239
    7.7847
    7.7401
    7.6996
    7.6580
    7.6191
    7.5789
    7.5433
    7.5056
    7.4656
    7.4303
    7.3952
    7.3557
    7.3199
    7.2867
    7.2602
    7.2273
    7.1981
    7.1699
    7.1473
    7.1244
    7.1007
    7.0720
    7.0486
    7.0264
    7.0032
    6.9890
    6.9754
    6.9620
    6.9578
    6.9461
    6.9362
    6.9271
    6.9193
    6.9126
    6.9065
    6.8911
    6.8845
    6.8786
    6.8705
    6.8687
    6.8622
    6.8619
    6.8559
    6.8431
    6.8460
    6.8366
    6.8375
    6.8294
    6.8330
    6.8238
    6.8104
    6.7935
    6.7804
    6.7682
    6.7590
    6.7553
    6.7491
    6.7339
    6.7268
    6.7125
    6.7026
    6.6854
    6.6708
    6.6531
    6.6339
    6.6178
    6.6017
    6.5810
    6.5627
    6.5421
    6.5188
    6.4967
    6.4700
    6.4476
    6.4208
    6.3919
    6.3601
    6.3239
    6.2812
    6.2357
    6.1887
    6.1461
    6.0960
    6.0440
    5.9904
    5.9395
    5.8817
    5.8313
    5.7711
    5.7148
    5.6628
    5.6102
    5.5585
    5.5020
    5.4455
    5.3875
    5.3320
    5.2781
    5.2203
    5.1610
    5.1062
    5.0556
    4.9985
    4.9505
    4.9045
    4.8525
    4.8105
    4.7680
    4.7363
    4.7050
    4.6739
    4.6353
    4.6137
    4.5747
    4.5471
    4.5118
    4.4731
    4.4398
    4.4121
    4.3862
    4.3616
    4.3311
    4.3060
    4.2839
    4.2623
    4.2447
    4.2140
    4.1849
    4.1493
    4.1184
    4.0869
    4.0601
    4.0372
    4.0269
    4.0101
    4.0032
    4.0028
    4.0081
    4.0164
    4.0327
    4.0450
    4.0616
    4.0755
    4.0960
    4.1188
    4.1434
    4.1673
    4.1942
    4.2193
    4.2499
    4.2718
    4.2915
    4.3129
    4.3280
    4.3437
    4.3620
    4.3817
    4.4057
    4.4206
    4.4429
    4.4669
    4.4818
    4.4918
    4.5044
    4.5170
    4.5343
    4.5493
    4.5662
    4.5758
    4.5840
    4.5914
    4.4834
    4.3793
    4.2693
    4.1756
    4.0751
    3.9798
    3.8930
    3.8035
    3.7114
    3.6128
    3.5163
    3.4243
    3.3314
    3.2390
    3.1467
    3.0556
    2.9675
    2.8728
    2.7905
    2.7038
    2.6211
    2.5364
    2.4521
    2.3636
    2.2725
    2.1835
    2.0850
    1.9906
    1.8934
    1.7905
