   -2.5442
   -2.5262
   -2.5149
   -2.5013
   -2.4873
   -2.4787
   -2.4729
   -2.4743
   -2.4730
   -2.4746
   -2.4692
   -2.4621
   -2.4732
   -2.4854
   -2.5051
   -2.5237
   -2.5483
   -2.5800
   -2.6050
   -2.6322
   -2.6616
   -2.6854
   -2.7097
   -2.7305
   -2.7457
   -2.7647
   -2.7820
   -2.7904
   -2.7971
   -2.7976
   -2.7989
   -2.7871
   -2.7754
   -2.7671
   -2.7520
   -2.7458
   -2.7402
   -2.7406
   -2.7421
   -2.7596
   -2.7710
   -2.7830
   -2.7938
   -2.8008
   -2.8171
   -2.8346
   -2.8569
   -2.8749
   -2.8911
   -2.9121
   -2.9326
   -2.9623
   -2.9914
   -3.0218
   -3.0510
   -3.0808
   -3.1156
   -3.1422
   -3.1644
   -3.1892
   -3.2152
   -3.2515
   -3.2845
   -3.3159
   -3.3593
   -3.4056
   -3.4540
   -3.4931
   -3.5294
   -3.5647
   -3.5973
   -3.6370
   -3.6765
   -3.7150
   -3.7618
   -3.8063
   -3.8477
   -3.8841
   -3.9155
   -3.9476
   -3.9746
   -4.0083
   -4.0405
   -4.0821
   -4.1287
   -4.1731
   -4.2156
   -4.2564
   -4.3000
   -4.3427
   -4.3913
   -4.4415
   -4.4896
   -4.5399
   -4.5913
   -4.6504
   -4.7068
   -4.7659
   -4.8257
   -4.8827
   -4.9332
   -4.9854
   -5.0327
   -5.0795
   -5.1232
   -5.1668
   -5.2083
   -5.2532
   -5.3074
   -5.3650
   -5.4227
   -5.4772
   -5.5280
   -5.5738
   -5.6153
   -5.6563
   -5.6979
   -5.7390
   -5.7823
   -5.8240
   -5.8707
   -5.9153
   -5.9546
   -5.9960
   -6.0380
   -6.0799
   -6.1208
   -6.1497
   -6.1896
   -6.2240
   -6.2585
   -6.2908
   -6.3171
   -6.3452
   -6.3723
   -6.3895
   -6.4110
   -6.4369
   -6.4595
   -6.4778
   -6.4940
   -6.5096
   -6.5187
   -6.5348
   -6.5390
   -6.5383
   -6.5349
   -6.5200
   -6.4998
   -6.4779
   -6.4512
   -6.4205
   -6.3910
   -6.3615
   -6.3337
   -6.3102
   -6.2661
   -6.2127
   -6.1638
   -6.1066
   -6.0477
   -5.9862
   -5.9264
   -5.8627
   -5.7985
   -5.7359
   -5.6641
   -5.5770
   -5.4991
   -5.4163
   -5.3286
   -5.2276
   -5.1256
   -5.0198
   -4.9194
   -4.8240
   -4.7269
   -4.6293
   -4.5257
   -4.4231
   -4.3255
   -4.2158
   -4.1088
   -4.0024
   -3.8976
   -3.7901
   -3.6799
   -3.5691
   -3.4644
   -3.3552
   -3.2537
   -3.1559
   -3.0544
   -2.9648
   -2.8790
   -2.7975
   -2.7248
   -2.6438
   -2.5613
   -2.4858
   -2.4130
   -2.3472
   -2.2864
   -2.2338
   -2.1768
   -2.1307
   -2.0894
   -2.0580
   -2.0429
   -2.0355
   -2.0368
   -2.0401
   -2.0496
   -2.0553
   -2.0538
   -2.0501
   -2.0399
   -2.0492
   -2.0629
   -2.0706
   -2.0811
   -2.0866
   -2.0938
   -2.0997
   -2.1074
   -2.1140
   -2.1254
   -2.1473
   -2.1855
   -2.2171
   -2.2482
   -2.2788
   -2.3209
   -2.3625
   -2.4095
   -2.4532
   -2.4898
   -2.5291
   -2.5740
   -2.6220
   -2.6706
   -2.7126
   -2.7568
   -2.7962
   -2.8300
   -2.8628
   -2.8933
   -2.9201
   -2.9462
   -2.9680
   -2.9855
   -2.9963
   -3.0028
   -3.0142
   -3.0169
   -3.0147
   -3.0113
   -3.0003
   -2.9920
   -2.9811
   -2.9641
   -2.9438
   -2.9220
   -2.8990
   -2.8667
   -2.8339
   -2.7929
   -2.7498
   -2.7077
   -2.6606
   -2.6213
   -2.5792
   -2.5398
   -2.4982
   -2.4555
   -2.4177
   -2.3794
   -2.3438
   -2.3071
   -2.2758
   -2.2456
   -2.2148
   -2.1912
   -2.1686
   -2.1418
   -2.1198
   -2.0967
   -2.0764
   -2.0478
   -2.0182
   -1.9814
   -1.9480
   -1.9152
   -1.8812
   -1.8505
   -1.8198
   -1.7950
   -1.7730
   -1.7532
   -1.7323
   -1.7119
   -1.6998
   -1.6876
   -1.6803
   -1.6746
   -1.6706
   -1.6638
   -1.6533
   -1.6439
   -1.6301
   -1.6168
   -1.6014
   -1.5882
   -1.5734
   -1.5575
   -1.5432
   -1.5289
   -1.5118
   -1.4954
   -1.4837
   -1.4748
   -1.4687
   -1.4652
   -1.4656
   -1.4822
   -1.4864
   -1.4786
   -1.4469
   -1.4184
   -1.3856
   -1.3474
   -1.2977
   -1.2447
   -1.1879
   -1.1306
   -1.0766
   -1.0225
   -0.9685
   -0.9144
   -0.8626
   -0.8102
   -0.7562
   -0.7065
   -0.6574
   -0.6099
   -0.5706
   -0.5313
   -0.4985
   -0.4613
   -0.4362
   -0.4115
   -0.3935
   -0.3721
   -0.3516
   -0.3312
   -0.3108
   -0.2909
   -0.2721
   -0.2544
   -0.2411
   -0.2251
   -0.2085
   -0.1859
   -0.1628
   -0.1402
   -0.1177
   -0.0989
   -0.0850
   -0.0797
   -0.0783
   -0.0812
   -0.0901
   -0.1033
   -0.1203
   -0.1406
   -0.1636
   -0.1844
   -0.2057
   -0.2276
   -0.2511
   -0.2757
   -0.3009
   -0.3276
   -0.3532
   -0.3729
   -0.3719
   -0.3829
   -0.4032
   -0.4467
   -0.4865
   -0.5251
   -0.5665
   -0.6106
   -0.6547
   -0.7059
   -0.7608
   -0.8190
   -0.8821
   -0.9452
   -1.0089
   -1.0708
   -1.1350
   -1.1965
   -1.2532
   -1.3066
   -1.3568
   -1.4004
   -1.4446
   -1.4871
   -1.5313
   -1.5679
   -1.6050
   -1.6356
   -1.6662
   -1.6935
   -1.7182
   -1.7433
   -1.7684
   -1.7923
   -1.8162
   -1.8379
   -1.8580
   -1.8727
   -1.8868
   -1.9010
   -1.9141
   -1.9310
   -1.9495
   -1.9702
   -1.9898
   -2.0089
   -2.0263
   -2.0404
   -2.0556
   -2.0686
   -2.0853
   -2.1074
   -2.1338
   -2.1624
   -2.1882
   -2.2091
   -2.2212
   -2.2300
   -2.2329
   -2.2325
   -2.2305
   -2.2264
   -2.2201
   -2.2176
   -2.2140
   -2.2131
   -2.2149
   -2.2199
   -2.2239
   -2.2295
   -2.2298
   -2.2274
   -2.2228
   -2.2144
   -2.2103
   -2.2003
   -2.1860
   -2.1669
   -2.1482
   -2.1313
   -2.1202
   -2.1140
   -2.1105
   -2.1102
   -2.1116
   -2.1151
   -2.1230
   -2.1342
   -2.1508
   -2.1729
   -2.1972
   -2.2206
   -2.2408
   -2.2558
   -2.2681
   -2.2776
   -2.2893
   -2.3092
   -2.3350
   -2.3651
   -2.4012
   -2.4394
   -2.4770
   -2.5130
   -2.5497
   -2.5837
   -2.6188
   -2.6529
   -2.6869
   -2.7215
   -2.7545
   -2.7807
   -2.8031
   -2.8185
   -2.8275
   -2.8366
   -2.8435
   -2.8554
   -2.8684
   -2.8847
   -2.9065
   -2.9293
   -2.9531
   -2.9817
   -3.0039
   -3.0310
   -3.0526
   -3.0727
   -3.0933
   -3.1154
   -3.1392
   -3.1690
   -3.1986
   -3.2234
   -3.2475
   -3.2651
   -3.2807
   -3.3070
   -3.3204
   -3.3311
   -3.3341
   -3.3215
   -3.3052
   -3.2785
   -3.2438
   -3.2007
   -3.1517
   -3.0978
   -3.0417
   -2.9861
   -2.9228
   -2.8612
   -2.7999
   -2.7445
   -2.6965
   -2.6523
   -2.6098
   -2.5650
   -2.5137
   -2.4596
   -2.4034
   -2.3455
   -2.2838
   -2.2183
   -2.1501
   -2.0747
   -1.9965
   -1.9156
   -1.8395
   -1.7623
   -1.6812
   -1.6032
   -1.5339
   -1.4606
   -1.3916
   -1.3269
   -1.2643
   -1.2060
   -1.1498
   -1.0908
   -1.0329
   -0.9759
   -0.9194
   -0.8576
   -0.8017
   -0.7485
   -0.6953
   -0.6388
   -0.5813
   -0.5189
   -0.4559
   -0.3870
   -0.3099
   -0.2307
   -0.1543
   -0.0754
    0.0036
    0.0741
    0.1477
    0.2084
    0.2642
    0.3146
    0.3472
    0.3799
    0.4039
    0.4246
    0.4367
    0.4443
    0.4595
    0.4729
    0.4902
    0.4987
    0.5068
    0.5109
    0.5187
    0.5303
    0.5447
    0.5611
    0.5780
    0.5841
    0.5876
    0.5906
    0.5996
    0.6063
    0.6164
    0.6238
    0.6298
    0.6300
    0.6339
    0.6451
    0.6501
    0.6560
    0.6620
    0.6717
    0.6783
    0.6810
    0.6843
    0.6881
    0.6899
    0.6923
    0.6864
    0.6828
    0.6792
    0.6751
    0.6619
    0.6499
    0.6416
    0.6348
    0.6250
    0.6119
    0.5989
    0.5850
    0.5661
    0.5418
    0.5214
    0.5007
    0.4760
    0.4477
    0.4193
    0.3952
    0.3682
    0.3422
    0.3152
    0.2904
    0.2617
    0.2309
    0.1951
    0.1636
    0.1349
    0.0937
    0.0575
    0.0228
   -0.0071
   -0.0306
   -0.0526
   -0.0756
   -0.1036
   -0.1288
   -0.1598
   -0.1879
   -0.2086
   -0.2224
   -0.2294
   -0.2369
   -0.2503
   -0.2726
   -0.2894
   -0.3078
   -0.3263
   -0.3475
   -0.3730
   -0.3916
   -0.4149
   -0.4390
   -0.4646
   -0.4857
   -0.5028
   -0.5233
   -0.5427
   -0.5557
   -0.5666
   -0.5704
   -0.5835
   -0.5880
   -0.5910
   -0.5995
   -0.5989
   -0.6044
   -0.6158
   -0.6359
   -0.6526
   -0.6729
   -0.6897
   -0.7121
   -0.7295
   -0.7508
   -0.7762
   -0.8015
   -0.8235
   -0.8439
   -0.8641
   -0.8846
   -0.9039
   -0.9267
   -0.9425
   -0.9547
   -0.9609
   -0.9557
   -0.9494
   -0.9476
   -0.9420
   -0.9373
   -0.9409
   -0.9420
   -0.9463
   -0.9518
   -0.9533
   -0.9536
   -0.9506
   -0.9455
   -0.9346
   -0.9303
   -0.9302
   -0.9356
   -0.9370
   -0.9332
   -0.9201
   -0.9211
   -0.9232
   -0.9207
   -0.9291
   -0.9301
   -0.9380
   -0.9408
   -0.9435
   -0.9344
   -0.9264
   -0.9125
   -0.8980
   -0.8898
   -0.8925
   -0.9011
   -0.9093
   -0.9100
   -0.9205
   -0.9318
   -0.9383
   -0.9527
   -0.9672
   -0.9762
   -0.9718
   -0.9744
   -0.9817
   -0.9864
   -0.9834
   -0.9828
   -0.9845
   -0.9863
   -0.9841
   -0.9908
   -0.9968
   -1.0029
   -1.0120
   -1.0271
   -1.0372
   -1.0515
   -1.0698
   -1.0974
   -1.1295
   -1.1667
   -1.2019
   -1.2444
   -1.2770
   -1.2953
   -1.3218
   -1.3553
   -1.3762
   -1.4027
   -1.4292
   -1.4691
   -1.5092
   -1.5640
   -1.6140
   -1.6710
   -1.7288
   -1.7830
   -1.8114
   -1.8338
   -1.8472
   -1.8631
   -1.8845
   -1.9100
   -1.9353
   -1.9581
   -1.9736
   -1.9937
   -2.0161
   -2.0384
   -2.0709
   -2.0981
   -2.1201
   -2.1352
   -2.1488
   -2.1647
   -2.1755
   -2.1808
   -2.1883
   -2.1909
   -2.1885
   -2.1823
   -2.1736
   -2.1701
   -2.1583
   -2.1400
   -2.1243
   -2.1057
   -2.0878
   -2.0633
   -2.0345
   -2.0071
   -1.9711
   -1.9350
   -1.8975
   -1.8544
   -1.8064
   -1.7610
   -1.7155
   -1.6659
   -1.6113
   -1.5571
   -1.4985
   -1.4368
   -1.3681
   -1.3096
   -1.2589
   -1.2032
   -1.1415
   -1.0901
   -1.0367
   -0.9812
   -0.9170
   -0.8494
   -0.7753
   -0.6968
   -0.6109
   -0.5211
   -0.4386
   -0.3803
   -0.3302
   -0.2793
   -0.2245
   -0.1654
   -0.0924
   -0.0259
    0.0423
    0.0981
    0.1627
    0.2216
    0.2876
    0.3584
    0.4266
    0.5028
    0.5745
    0.6552
    0.7394
    0.8271
    0.9151
    1.0121
    1.1113
    1.2154
    1.3252
    1.4366
    1.5502
    1.6675
    1.7820
    1.8980
    2.0130
    2.1350
    2.2527
    2.3749
    2.4966
    2.6207
    2.7449
    2.8666
    2.9909
    3.1109
    3.2291
    3.3464
    3.4642
    3.5902
    3.7164
    3.8467
    3.9781
    4.1191
    4.2633
    4.4158
    4.5733
    4.7310
    4.8935
    5.0543
    5.2179
    5.3788
    5.5357
    5.7005
    5.8649
    6.0298
    6.1978
    6.3645
    6.5355
    6.7054
    6.8755
    7.0480
    7.2176
    7.3920
    7.5683
    7.7457
    7.9283
    8.1066
    8.2869
    8.4578
    8.6332
    8.8086
    8.9752
    9.1444
    9.3077
    9.4766
    9.6351
    9.7910
    9.9429
   10.0935
   10.2327
   10.3675
   10.4954
   10.6173
   10.7406
   10.8621
   10.9760
   11.0896
   11.1945
   11.2994
   11.4025
   11.5070
   11.6073
   11.7083
   11.8121
   11.9181
   12.0223
   12.1353
   12.2475
   12.3637
   12.4697
   12.5711
   12.6707
   12.7768
   12.8748
   12.9706
   13.0589
   13.1408
   13.2219
   13.3037
   13.3876
   13.4706
   13.5534
   13.6404
   13.7182
   13.7968
   13.8703
   13.9341
   13.9899
   14.0437
   14.0882
   14.1339
   14.1732
   14.2142
   14.2505
   14.2852
   14.3222
   14.3512
   14.3840
   14.4175
   14.4503
   14.4814
   14.5151
   14.5568
   14.6017
   14.6487
   14.6884
   14.7314
   14.7767
   14.8184
   14.8623
   14.9115
   14.9533
   15.0082
   15.0547
   15.0974
   15.1388
   15.1885
   15.2294
   15.2737
   15.3115
   15.3493
   15.3831
   15.4159
   15.4420
   15.4719
   15.4961
   15.5257
   15.5430
   15.5685
   15.5835
   15.6073
   15.6334
   15.6540
   15.6687
   15.6815
   15.6944
   15.7046
   15.7179
   15.7258
   15.7286
   15.7270
   15.7308
   15.7370
   15.7401
   15.7410
   15.7391
   15.7419
   15.7494
   15.7565
   15.7590
   15.7668
   15.7729
   15.7870
   15.7997
   15.8134
   15.8267
   15.8384
   15.8587
   15.8802
   15.9061
   15.9334
   15.9544
   15.9688
   15.9777
   15.9878
   16.0048
   16.0276
   16.0454
   16.0630
   16.0776
   16.0861
   16.0980
   16.1112
   16.1108
   16.1181
   16.1201
   16.1337
   16.1523
   16.1868
   16.2209
   16.2586
   16.2941
   16.3305
   16.3609
   16.4017
   16.4329
   16.4652
   16.5004
   16.5360
   16.5676
   16.6109
   16.6482
   16.6859
   16.7184
   16.7466
   16.7736
   16.8005
   16.8298
   16.8528
   16.8841
   16.9079
   16.9342
   16.9526
   16.9729
   16.9997
   17.0289
   17.0555
   17.0898
   17.1224
   17.1632
   17.2071
   17.2555
   17.2997
   17.3420
   17.3850
   17.4270
   17.4675
   17.5121
   17.5519
   17.5879
   17.6146
   17.6464
   17.6801
   17.7182
   17.7483
   17.7772
   17.7930
   17.8017
   17.8181
   17.8296
   17.8410
   17.8534
   17.8588
   17.8626
   17.8729
   17.8924
   17.9136
   17.9307
   17.9358
   17.9356
   17.9346
   17.9296
   17.9212
   17.9136
   17.9107
   17.9041
   17.8987
   17.8962
   17.8816
   17.8728
   17.8562
   17.8316
   17.8019
   17.7707
   17.7436
   17.7211
   17.6959
   17.6666
   17.6363
   17.6049
   17.5677
   17.5355
   17.5062
   17.4846
   17.4540
   17.4225
   17.3901
   17.3657
   17.3336
   17.3002
   17.2567
   17.2093
   17.1592
   17.1139
   17.0634
   17.0148
   16.9614
   16.9062
   16.8443
   16.7803
   16.7147
   16.6478
   16.5647
   16.4829
   16.4008
   16.3130
   16.2304
   16.1495
   16.0733
   15.9887
   15.9007
   15.8110
   15.7064
   15.6024
   15.5062
   15.4107
   15.3048
   15.1914
   15.0789
   14.9669
   14.8448
   14.7339
   14.6227
   14.5111
   14.3953
   14.2792
   14.1528
   14.0324
   13.9116
   13.8010
   13.6880
   13.5808
   13.4817
   13.3870
   13.2930
   13.1990
   13.1079
   13.0310
   12.9563
   12.8742
   12.7976
   12.7237
   12.6507
   12.5774
   12.5016
   12.4234
   12.3395
   12.2571
   12.1675
   12.0785
   11.9845
   11.8999
   11.8153
   11.7313
   11.6480
   11.5737
   11.5030
   11.4374
   11.3690
   11.2971
   11.2189
   11.1380
   11.0524
   10.9736
   10.8979
   10.8337
   10.7965
   10.7604
   10.7390
   10.7135
   10.6905
   10.6652
   10.6313
   10.6066
   10.5772
   10.5318
   10.4797
   10.4141
   10.3496
   10.2805
   10.2129
   10.1479
   10.0638
    9.9894
    9.9082
    9.8289
    9.7495
    9.6856
    9.6180
    9.5458
    9.4722
    9.3962
    9.3076
    9.2120
    9.1111
    9.0092
    8.9051
    8.7887
    8.6644
    8.5366
    8.4115
    8.2817
    8.1483
    8.0115
    7.8711
    7.7325
    7.5945
    7.4566
    7.3111
    7.1684
    7.0233
    6.8799
    6.7435
    6.6109
    6.4886
    6.3657
    6.2325
    6.0933
    5.9451
    5.8057
    5.6697
    5.5383
    5.4029
    5.2665
    5.1307
    4.9906
    4.8412
    4.6738
    4.5010
    4.3160
    4.1302
    3.9486
    3.7722
    3.5991
    3.4335
    3.2829
    3.1483
    3.0161
    2.8997
    2.7890
    2.6773
    2.5664
    2.4593
    2.3686
    2.2742
    2.1954
    2.1255
    2.0519
    1.9692
    1.8825
    1.7964
    1.7118
    1.6337
    1.5715
    1.5049
    1.4413
    1.3801
    1.3217
    1.2714
    1.2146
    1.1621
    1.1150
    1.0710
    1.0334
    0.9960
    0.9633
    0.9256
    0.8995
    0.8698
    0.8476
    0.8288
    0.8109
    0.7995
    0.7803
    0.7569
    0.7270
    0.6965
    0.6617
    0.6280
    0.5959
    0.5523
    0.5049
    0.4606
    0.4260
    0.3973
    0.3663
    0.3342
    0.2966
    0.2598
    0.2149
    0.1706
    0.1239
    0.0711
    0.0177
   -0.0284
   -0.0714
   -0.1284
   -0.1895
   -0.2508
   -0.3165
   -0.3853
   -0.4499
   -0.5132
   -0.5775
   -0.6513
   -0.7253
   -0.8061
   -0.8927
   -0.9657
   -1.0387
   -1.1000
   -1.1635
   -1.2276
   -1.2889
   -1.3554
   -1.4160
   -1.4696
   -1.5256
   -1.5778
   -1.6346
   -1.6841
   -1.7381
   -1.7940
   -1.8499
   -1.9114
   -1.9560
   -2.0030
   -2.0440
   -2.0915
   -2.1337
   -2.1738
   -2.2204
   -2.2675
   -2.3133
   -2.3628
   -2.4090
   -2.4583
   -2.5104
   -2.5543
   -2.5992
   -2.6400
   -2.6748
   -2.7047
   -2.7326
   -2.7653
   -2.7941
   -2.8131
   -2.8302
   -2.8383
   -2.8415
   -2.8370
   -2.8332
   -2.8179
   -2.8028
   -2.7879
   -2.7722
   -2.7657
   -2.7453
   -2.7275
   -2.7005
   -2.6675
   -2.6336
   -2.5998
   -2.5703
   -2.5349
   -2.4977
   -2.4627
   -2.4243
   -2.3826
   -2.3478
   -2.3125
   -2.2921
   -2.2658
   -2.2433
