   -3.1089
   -2.9414
   -2.7788
   -2.6094
   -2.4442
   -2.2753
   -2.0989
   -1.9258
   -1.7466
   -1.5621
   -1.3791
   -1.1960
   -1.0139
   -0.8300
   -0.6440
   -0.4607
   -0.2744
   -0.0917
    0.0983
    0.2854
    0.4688
    0.6534
    0.8384
    1.0309
    1.2258
    1.4128
    1.6004
    1.7844
    1.9714
    2.1666
    2.3601
    2.3908
    2.4250
    2.4625
    2.5018
    2.5421
    2.5842
    2.6266
    2.6675
    2.7101
    2.7521
    2.7849
    2.8172
    2.8491
    2.8753
    2.8909
    2.9011
    2.9131
    2.9140
    2.9114
    2.9053
    2.8997
    2.8887
    2.8746
    2.8556
    2.8395
    2.8203
    2.8073
    2.7907
    2.7783
    2.7672
    2.7586
    2.7478
    2.7377
    2.7235
    2.7111
    2.6920
    2.6749
    2.6583
    2.6379
    2.6143
    2.6024
    2.5910
    2.5810
    2.5705
    2.5567
    2.5463
    2.5331
    2.5237
    2.5136
    2.4994
    2.4858
    2.4746
    2.4624
    2.4477
    2.4315
    2.4178
    2.4076
    2.3971
    2.3804
    2.3568
    2.3391
    2.3170
    2.2950
    2.2679
    2.2415
    2.2138
    2.1816
    2.1511
    2.1156
    2.0770
    2.0363
    2.0016
    1.9650
    1.9303
    1.8991
    1.8740
    1.8510
    1.8257
    1.8054
    1.7871
    1.7752
    1.7652
    1.7621
    1.7626
    1.7640
    1.7699
    1.7756
    1.7801
    1.7927
    1.8001
    1.8054
    1.8120
    1.8194
    1.8260
    1.8310
    1.8373
    1.8483
    1.8553
    1.8558
    1.8501
    1.8426
    1.8208
    1.7975
    1.7643
    1.7274
    1.6916
    1.6501
    1.6105
    1.5693
    1.5217
    1.4772
    1.4332
    1.3836
    1.3362
    1.2855
    1.2375
    1.1945
    1.1441
    1.0960
    1.0456
    0.9964
    0.9375
    0.8844
    0.8223
    0.7653
    0.7064
    0.6517
    0.5964
    0.5414
    0.4910
    0.4397
    0.3883
    0.3387
    0.2924
    0.2438
    0.1975
    0.1487
    0.0980
    0.0465
   -0.0093
   -0.0653
   -0.1315
   -0.1980
   -0.2752
   -0.3519
   -0.4321
   -0.5191
   -0.6065
   -0.6924
   -0.7872
   -0.8835
   -0.9821
   -1.0852
   -1.1878
   -1.2928
   -1.3934
   -1.4921
   -1.5985
   -1.6994
   -1.7916
   -1.8792
   -1.9653
   -2.0475
   -2.1305
   -2.2032
   -2.2743
   -2.3375
   -2.3996
   -2.4749
   -2.5495
   -2.6201
   -2.6911
   -2.7670
   -2.8524
   -2.9376
   -3.0247
   -3.1231
   -3.2223
   -3.3160
   -3.4149
   -3.5068
   -3.5924
   -3.6682
   -3.7522
   -3.8252
   -3.9013
   -3.9735
   -4.0501
   -4.1240
   -4.2013
   -4.2818
   -4.3553
   -4.4252
   -4.4932
   -4.5651
   -4.6298
   -4.6947
   -4.7595
   -4.8208
   -4.8833
   -4.9434
   -5.0030
   -5.0588
   -5.1175
   -5.1672
   -5.2166
   -5.2660
   -5.3125
   -5.3544
   -5.4005
   -5.4416
   -5.4853
   -5.5259
   -5.5651
   -5.6046
   -5.6398
   -5.6803
   -5.7231
   -5.7649
   -5.8093
   -5.8538
   -5.9012
   -5.9464
   -5.9879
   -6.0244
   -6.0553
   -6.0877
   -6.1211
   -6.1545
   -6.1709
   -6.1904
   -6.2099
   -6.2291
   -6.2465
   -6.2505
   -6.2613
   -6.2703
   -6.2690
   -6.2718
   -6.2762
   -6.2688
   -6.2618
   -6.2578
   -6.2567
   -6.2466
   -6.2408
   -6.2325
   -6.2307
   -6.2281
   -6.2251
   -6.2230
   -6.2195
   -6.2181
   -6.2178
   -6.2216
   -6.2236
   -6.2271
   -6.2351
   -6.2411
   -6.2467
   -6.2481
   -6.2521
   -6.2522
   -6.2594
   -6.2600
   -6.2649
   -6.2711
   -6.2751
   -6.2811
   -6.2861
   -6.2897
   -6.2919
   -6.2911
   -6.2862
   -6.2813
   -6.2731
   -6.2685
   -6.2584
   -6.2544
   -6.2388
   -6.2119
   -6.1843
   -6.1559
   -6.1264
   -6.0894
   -6.0537
   -6.0219
   -5.9860
   -5.9541
   -5.9210
   -5.8923
   -5.8570
   -5.8114
   -5.7710
   -5.7139
   -5.6520
   -5.5818
   -5.5009
   -5.4222
   -5.3385
   -5.2482
   -5.1672
   -5.0855
   -5.0089
   -4.9316
   -4.8627
   -4.7968
   -4.7322
   -4.6656
   -4.5991
   -4.5389
   -4.4750
   -4.4110
   -4.3492
   -4.2898
   -4.2348
   -4.1739
   -4.1159
   -4.0601
   -4.0077
   -3.9508
   -3.8994
   -3.8432
   -3.7912
   -3.7339
   -3.6842
   -3.6351
   -3.5882
   -3.5424
   -3.4965
   -3.4538
   -3.4149
   -3.3744
   -3.3303
   -3.2914
   -3.2365
   -3.1893
   -3.1315
   -3.0625
   -2.9912
   -2.9189
   -2.8575
   -2.8000
   -2.7366
   -2.6752
   -2.6191
   -2.5606
   -2.5037
   -2.4448
   -2.3805
   -2.3162
   -2.2444
   -2.1804
   -2.1169
   -2.0505
   -1.9960
   -1.9459
   -1.8998
   -1.8641
   -1.8297
   -1.7990
   -1.7719
   -1.7395
   -1.7086
   -1.6723
   -1.6350
   -1.5927
   -1.5461
   -1.4992
   -1.4542
   -1.4095
   -1.3624
   -1.3172
   -1.2751
   -1.2336
   -1.1921
   -1.1464
   -1.1094
   -1.0716
   -1.0350
   -0.9958
   -0.9632
   -0.9297
   -0.8978
   -0.8669
   -0.8358
   -0.7993
   -0.7601
   -0.7196
   -0.6793
   -0.6375
   -0.5953
   -0.5509
   -0.5055
   -0.4635
   -0.4247
   -0.3978
   -0.3639
   -0.3349
   -0.3150
   -0.2904
   -0.2723
   -0.2592
   -0.2437
   -0.2357
   -0.2319
   -0.2351
   -0.2475
   -0.2611
   -0.2759
   -0.3017
   -0.3286
   -0.3636
   -0.3948
   -0.4347
   -0.4730
   -0.5150
   -0.5619
   -0.6104
   -0.6589
   -0.7061
   -0.7506
   -0.7986
   -0.8473
   -0.8965
   -0.9473
   -0.9994
   -1.0544
   -1.1121
   -1.1729
   -1.2322
   -1.2873
   -1.3428
   -1.3970
   -1.4516
   -1.5019
   -1.5477
   -1.5951
   -1.6388
   -1.6812
   -1.7169
   -1.7535
   -1.7909
   -1.8275
   -1.8687
   -1.9078
   -1.9480
   -1.9913
   -2.0340
   -2.0775
   -2.1237
   -2.1691
   -2.2145
   -2.2574
   -2.3049
   -2.3528
   -2.3945
   -2.4321
   -2.4697
   -2.5077
   -2.5466
   -2.5864
   -2.6265
   -2.6634
   -2.7007
   -2.7391
   -2.7746
   -2.8081
   -2.8381
   -2.8711
   -2.9098
   -2.9468
   -2.9832
   -3.0141
   -3.0475
   -3.0742
   -3.1010
   -3.1210
   -3.1315
   -3.1404
   -3.1463
   -3.1511
   -3.1567
   -3.1622
   -3.1693
   -3.1789
   -3.1888
   -3.2003
   -3.2076
   -3.2156
   -3.2230
   -3.2223
   -3.2284
   -3.2325
   -3.2342
   -3.2320
   -3.2330
   -3.2359
   -3.2364
   -3.2373
   -3.2383
   -3.2413
   -3.2398
   -3.2333
   -3.2252
   -3.2094
   -3.1954
   -3.1751
   -3.1486
   -3.1184
   -3.0883
   -3.0574
   -3.0252
   -2.9939
   -2.9638
   -2.9321
   -2.9029
   -2.8779
   -2.8553
   -2.8403
   -2.8294
   -2.8198
   -2.8088
   -2.7941
   -2.7755
   -2.7544
   -2.7308
   -2.7001
   -2.6681
   -2.6349
   -2.5954
   -2.5527
   -2.5090
   -2.4658
   -2.4284
   -2.3894
   -2.3569
   -2.3243
   -2.2984
   -2.2762
   -2.2528
   -2.2331
   -2.2117
   -2.1895
   -2.1636
   -2.1350
   -2.1039
   -2.0720
   -2.0397
   -2.0056
   -1.9696
   -1.9250
   -1.8871
   -1.8416
   -1.7977
   -1.7559
   -1.7150
   -1.6724
   -1.6286
   -1.5852
   -1.5410
   -1.4960
   -1.4515
   -1.4106
   -1.3722
   -1.3333
   -1.2952
   -1.2542
   -1.2161
   -1.1815
   -1.1486
   -1.1162
   -1.0775
   -1.0416
   -1.0050
   -0.9675
   -0.9329
   -0.8949
   -0.8563
   -0.8207
   -0.7807
   -0.7383
   -0.6977
   -0.6569
   -0.6203
   -0.5859
   -0.5525
   -0.5172
   -0.4877
   -0.4571
   -0.4256
   -0.3967
   -0.3649
   -0.3299
   -0.2956
   -0.2600
   -0.2243
   -0.1878
   -0.1516
   -0.1133
   -0.0745
   -0.0372
    0.0023
    0.0400
    0.0766
    0.1098
    0.1403
    0.1727
    0.2049
    0.2402
    0.2723
    0.3061
    0.3357
    0.3668
    0.3978
    0.4299
    0.4632
    0.4981
    0.5309
    0.5622
    0.5934
    0.6258
    0.6558
    0.6905
    0.7222
    0.7572
    0.7929
    0.8213
    0.8529
    0.8823
    0.9133
    0.9447
    0.9757
    1.0072
    1.0409
    1.0756
    1.1110
    1.1490
    1.1901
    1.2296
    1.2738
    1.3207
    1.3664
    1.4147
    1.4591
    1.5056
    1.5505
    1.5980
    1.6451
    1.6914
    1.7353
    1.7808
    1.8284
    1.8699
    1.9094
    1.9555
    1.9999
    2.0446
    2.0912
    2.1382
    2.1825
    2.2235
    2.2676
    2.3139
    2.3641
    2.4189
    2.4702
    2.5229
    2.5718
    2.6168
    2.6588
    2.6955
    2.7365
    2.7842
    2.8258
    2.8713
    2.9202
    2.9673
    3.0175
    3.0699
    3.1255
    3.1820
    3.2361
    3.2889
    3.3446
    3.4013
    3.4543
    3.5077
    3.5689
    3.6224
    3.6771
    3.7314
    3.7840
    3.8400
    3.8905
    3.9405
    3.9914
    4.0422
    4.0997
    4.1510
    4.2069
    4.2624
    4.3142
    4.3742
    4.4279
    4.4875
    4.5456
    4.6087
    4.6685
    4.7292
    4.7969
    4.8670
    4.9372
    5.0106
    5.0902
    5.1701
    5.2499
    5.3305
    5.4173
    5.5058
    5.5996
    5.6976
    5.8060
    5.9005
    5.9959
    6.0904
    6.1790
    6.2733
    6.3737
    6.4751
    6.5879
    6.7019
    6.8250
    6.9428
    7.0536
    7.1764
    7.2950
    7.4125
    7.5358
    7.6505
    7.7727
    7.8945
    8.0150
    8.1379
    8.2642
    8.3817
    8.5028
    8.6306
    8.7541
    8.8809
    9.0148
    9.1506
    9.2852
    9.4178
    9.5517
    9.6878
    9.8268
    9.9655
   10.0995
   10.2311
   10.3667
   10.4946
   10.6200
   10.7455
   10.8734
   11.0050
   11.1363
   11.2746
   11.4084
   11.5479
   11.6844
   11.8157
   11.9438
   12.0772
   12.2072
   12.3387
   12.4713
   12.5982
   12.7293
   12.8526
   12.9729
   13.0867
   13.2018
   13.3098
   13.4282
   13.5461
   13.6645
   13.7812
   13.8988
   14.0082
   14.1208
   14.2264
   14.3358
   14.4430
   14.5499
   14.6573
   14.7617
   14.8588
   14.9570
   15.0484
   15.1426
   15.2262
   15.3066
   15.3854
   15.4606
   15.5345
   15.6047
   15.6770
   15.7411
   15.8088
   15.8649
   15.9202
   15.9674
   16.0088
   16.0530
   16.0879
   16.1243
   16.1587
   16.1901
   16.2229
   16.2519
   16.2765
   16.3081
   16.3314
   16.3543
   16.3641
   16.3797
   16.3867
   16.3892
   16.3897
   16.3812
   16.3732
   16.3597
   16.3451
   16.3243
   16.2965
   16.2623
   16.2218
   16.1826
   16.1352
   16.0849
   16.0300
   15.9764
   15.9161
   15.8562
   15.7930
   15.7253
   15.6575
   15.5860
   15.5115
   15.4387
   15.3630
   15.2856
   15.2074
   15.1242
   15.0422
   14.9528
   14.8580
   14.7688
   14.6773
   14.5902
   14.4973
   14.4059
   14.3133
   14.2181
   14.1253
   14.0375
   13.9534
   13.8640
   13.7783
   13.6807
   13.5881
   13.5000
   13.4173
   13.3398
   13.2587
   13.1862
   13.1120
   13.0407
   12.9649
   12.8916
   12.8151
   12.7472
   12.6792
   12.6166
   12.5540
   12.4988
   12.4369
   12.3803
   12.3200
   12.2638
   12.2110
   12.1647
   12.1225
   12.0828
   12.0483
   12.0217
   11.9979
   11.9786
   11.9548
   11.9343
   11.9174
   11.9004
   11.8866
   11.8686
   11.8454
   11.8258
   11.8071
   11.7814
   11.7590
   11.7359
   11.7098
   11.6821
   11.6490
   11.6066
   11.5632
   11.5265
   11.4948
   11.4713
   11.4412
   11.4140
   11.3819
   11.3588
   11.3387
   11.3178
   11.2932
   11.2612
   11.2280
   11.1915
   11.1579
   11.1226
   11.0902
   11.0579
   11.0192
   10.9811
   10.9487
   10.9121
   10.8863
   10.8581
   10.8306
   10.8064
   10.7826
   10.7592
   10.7371
   10.7158
   10.7007
   10.6824
   10.6649
   10.6475
   10.6370
   10.6324
   10.6232
   10.6153
   10.6011
   10.5887
   10.5787
   10.5601
   10.5382
   10.5162
   10.4963
   10.4789
   10.4566
   10.4318
   10.4124
   10.3831
   10.3628
   10.3372
   10.3113
   10.2795
   10.2482
   10.2178
   10.1828
   10.1515
   10.1267
   10.1102
   10.0998
   10.0997
   10.0870
   10.0782
   10.0604
   10.0452
   10.0291
   10.0130
    9.9973
    9.9739
    9.9508
    9.9327
    9.9240
    9.9141
    9.9074
    9.9032
    9.8998
    9.9059
    9.9164
    9.9283
    9.9450
    9.9518
    9.9669
    9.9652
    9.9655
    9.9576
    9.9469
    9.9325
    9.9177
    9.8950
    9.8690
    9.8364
    9.8091
    9.7716
    9.7280
    9.6720
    9.6078
    9.5453
    9.4779
    9.4146
    9.3508
    9.2900
    9.2337
    9.1798
    9.1300
    9.0806
    9.0349
    8.9941
    8.9659
    8.9362
    8.9126
    8.8857
    8.8645
    8.8437
    8.8238
    8.8088
    8.7954
    8.7910
    8.7817
    8.7671
    8.7492
    8.7346
    8.7118
    8.6956
    8.6736
    8.6501
    8.6298
    8.6049
    8.5793
    8.5504
    8.5329
    8.5155
    8.5005
    8.4867
    8.4610
    8.4383
    8.4126
    8.3865
    8.3584
    8.3217
    8.2820
    8.2371
    8.1930
    8.1337
    8.0720
    8.0120
    7.9466
    7.8893
    7.8309
    7.7733
    7.7178
    7.6614
    7.6050
    7.5520
    7.5067
    7.4736
    7.4435
    7.4150
    7.3861
    7.3580
    7.3250
    7.2908
    7.2479
    7.2001
    7.1495
    7.0952
    7.0375
    6.9754
    6.9136
    6.8437
    6.7692
    6.6903
    6.6146
    6.5373
    6.4620
    6.3892
    6.3160
    6.2423
    6.1601
    6.0897
    6.0210
    5.9506
    5.8765
    5.8089
    5.7376
    5.6717
    5.6085
    5.5450
    5.4876
    5.4392
    5.3871
    5.3317
    5.2755
    5.2206
    5.1599
    5.1128
    5.0628
    5.0132
    4.9562
    4.8992
    4.8488
    4.7942
    4.7384
    4.6831
    4.6379
    4.5985
    4.5606
    4.5265
    4.4859
    4.4481
    4.4099
    4.3623
    4.3176
    4.2732
    4.2255
    4.1644
    4.0917
    4.0211
    3.9530
    3.8815
    3.8138
    3.7571
    3.7004
    3.6433
    3.5866
    3.5299
    3.4704
    3.4116
    3.3570
    3.2974
    3.2375
    3.1852
    3.1317
    3.0770
    3.0264
    2.9706
    2.9241
    2.8752
    2.8268
    2.7799
    2.7294
    2.6744
    2.6260
    2.5817
    2.5276
    2.4770
    2.4237
    2.3730
    2.3254
    2.2705
    2.2128
    2.1596
    2.1019
    2.0482
    1.9905
    1.9336
    1.8677
    1.8025
    1.7341
    1.6726
    1.6125
    1.5523
    1.4926
    1.4365
    1.3791
    1.3267
    1.2810
    1.2295
    1.1792
    1.1330
    1.0897
    1.0476
    1.0087
    0.9694
    0.9281
    0.8830
    0.8486
    0.8231
    0.7919
    0.7612
    0.7349
    0.7082
    0.6698
    0.6301
    0.5936
    0.5517
    0.5074
    0.4685
    0.4333
    0.3907
    0.3522
    0.3101
    0.2687
    0.2270
    0.1866
    0.1477
    0.1165
    0.0760
    0.0362
   -0.0026
   -0.0403
   -0.0865
   -0.1295
   -0.1790
   -0.2334
   -0.2772
   -0.3254
   -0.3705
   -0.4115
   -0.4602
   -0.4978
   -0.5375
   -0.5780
   -0.6229
   -0.6592
   -0.6968
   -0.7310
   -0.7616
   -0.7889
   -0.8129
   -0.8344
   -0.8502
   -0.8640
   -0.8659
   -0.8633
   -0.8581
   -0.8477
   -0.8448
   -0.8333
   -0.8180
   -0.8061
   -0.7917
   -0.7761
   -0.7575
   -0.7361
   -0.7178
   -0.7013
   -0.6859
   -0.6745
   -0.6615
   -0.6554
   -0.6578
   -0.6600
   -0.6673
   -0.6721
   -0.6797
   -0.6774
   -0.6769
   -0.6800
   -0.6868
   -0.6842
   -0.6926
   -0.6931
   -0.7030
   -0.7133
   -0.7228
   -0.7404
   -0.7589
   -0.7761
   -0.7966
   -0.8143
   -0.8295
   -0.8403
   -0.8502
   -0.8589
   -0.8672
   -0.8841
   -0.9014
   -0.9183
   -0.9409
   -0.9620
   -0.9921
   -1.0252
   -1.0531
   -1.0809
   -1.1154
   -1.1512
   -1.1848
   -1.2165
   -1.2497
   -1.2895
   -1.3309
   -1.3757
   -1.4269
   -1.4876
   -1.5524
   -1.6155
   -1.6803
   -1.7459
   -1.8167
   -1.8940
   -1.9677
   -2.0495
   -2.1354
   -2.2205
   -2.3133
   -2.3968
   -2.4838
   -2.5693
   -2.6573
   -2.7430
   -2.8217
   -2.9009
   -2.9804
   -3.0511
   -3.1242
   -3.1981
   -3.2761
   -3.3479
   -3.4201
   -3.4935
   -3.5750
   -3.6459
   -3.7268
   -3.8048
   -3.8818
   -3.9649
   -4.0378
   -4.1205
   -4.2008
   -4.2778
   -4.3544
   -4.4310
   -4.5112
   -4.5881
   -4.6686
   -4.7487
   -4.8276
   -4.9073
   -4.9931
   -5.0751
   -5.1530
   -5.2333
   -5.3119
   -5.3889
   -5.4573
   -5.5313
   -5.5988
   -5.6704
   -5.7505
   -5.8307
   -5.9043
   -5.9816
   -6.0643
   -6.1432
   -6.2204
   -6.2989
   -6.3793
   -6.4614
   -6.5409
   -6.6193
   -6.6962
   -6.7697
   -6.8348
   -6.8995
   -6.9612
   -7.0228
   -7.0889
   -7.1451
   -7.2015
   -7.2533
   -7.3038
   -7.3600
   -7.4092
   -7.3051
   -7.2042
   -7.1033
   -6.9993
   -6.8958
   -6.7915
   -6.6867
   -6.5783
   -6.4668
   -6.3548
   -6.2327
   -6.1094
   -5.9833
   -5.8511
   -5.7164
   -5.5743
   -5.4326
   -5.2843
   -5.1384
   -4.9909
   -4.8426
   -4.6945
   -4.5412
   -4.3812
   -4.2232
   -4.0583
   -3.8956
   -3.7361
   -3.5746
   -3.4064
