   -5.3642
   -5.4479
   -5.5270
   -5.6088
   -5.6953
   -5.7879
   -5.8833
   -5.9797
   -6.0745
   -6.1734
   -6.2644
   -6.3553
   -6.4448
   -6.5369
   -6.6333
   -6.7332
   -6.8254
   -6.9196
   -7.0183
   -7.1185
   -7.2185
   -7.3227
   -7.4301
   -7.5438
   -7.6575
   -7.7719
   -7.8830
   -7.9935
   -8.1015
   -8.2026
   -8.3036
   -8.2355
   -8.1629
   -8.0857
   -8.0066
   -7.9326
   -7.8614
   -7.7883
   -7.7146
   -7.6392
   -7.5653
   -7.4912
   -7.4157
   -7.3404
   -7.2804
   -7.2191
   -7.1607
   -7.1047
   -7.0534
   -6.9960
   -6.9473
   -6.9053
   -6.8681
   -6.8329
   -6.8017
   -6.7708
   -6.7449
   -6.7149
   -6.6853
   -6.6576
   -6.6364
   -6.6155
   -6.5974
   -6.5824
   -6.5665
   -6.5500
   -6.5338
   -6.5199
   -6.5076
   -6.5020
   -6.4893
   -6.4816
   -6.4742
   -6.4719
   -6.4723
   -6.4669
   -6.4640
   -6.4719
   -6.4797
   -6.4890
   -6.4998
   -6.5136
   -6.5275
   -6.5399
   -6.5507
   -6.5662
   -6.5799
   -6.5916
   -6.6068
   -6.6239
   -6.6425
   -6.6617
   -6.6852
   -6.7077
   -6.7318
   -6.7605
   -6.7800
   -6.7979
   -6.8127
   -6.8250
   -6.8371
   -6.8460
   -6.8520
   -6.8653
   -6.8797
   -6.8878
   -6.9000
   -6.9125
   -6.9229
   -6.9330
   -6.9453
   -6.9550
   -6.9620
   -6.9669
   -6.9686
   -6.9711
   -6.9762
   -6.9785
   -6.9815
   -6.9857
   -6.9878
   -6.9879
   -6.9907
   -6.9907
   -6.9888
   -6.9934
   -6.9942
   -6.9960
   -6.9962
   -6.9982
   -6.9974
   -6.9995
   -6.9952
   -6.9905
   -6.9820
   -6.9737
   -6.9679
   -6.9639
   -6.9614
   -6.9619
   -6.9606
   -6.9610
   -6.9610
   -6.9656
   -6.9697
   -6.9721
   -6.9694
   -6.9679
   -6.9654
   -6.9577
   -6.9479
   -6.9337
   -6.9189
   -6.8861
   -6.8654
   -6.8415
   -6.8133
   -6.7914
   -6.7724
   -6.7518
   -6.7308
   -6.7137
   -6.6887
   -6.6685
   -6.6421
   -6.6126
   -6.5780
   -6.5368
   -6.4900
   -6.4426
   -6.3890
   -6.3287
   -6.2654
   -6.2010
   -6.1355
   -6.0649
   -5.9956
   -5.9188
   -5.8415
   -5.7587
   -5.6743
   -5.5887
   -5.4987
   -5.4102
   -5.3205
   -5.2340
   -5.1414
   -5.0545
   -4.9662
   -4.8810
   -4.7973
   -4.7117
   -4.6309
   -4.5580
   -4.4853
   -4.4130
   -4.3379
   -4.2602
   -4.1809
   -4.0973
   -4.0151
   -3.9364
   -3.8529
   -3.7634
   -3.6723
   -3.5830
   -3.4920
   -3.4044
   -3.3125
   -3.2249
   -3.1422
   -3.0642
   -2.9831
   -2.9128
   -2.8565
   -2.7861
   -2.7207
   -2.6597
   -2.5970
   -2.5313
   -2.4705
   -2.4097
   -2.3454
   -2.2933
   -2.2365
   -2.1829
   -2.1309
   -2.0821
   -2.0386
   -2.0005
   -1.9626
   -1.9277
   -1.8981
   -1.8696
   -1.8415
   -1.8151
   -1.7949
   -1.7722
   -1.7587
   -1.7485
   -1.7412
   -1.7371
   -1.7316
   -1.7340
   -1.7319
   -1.7340
   -1.7345
   -1.7395
   -1.7416
   -1.7433
   -1.7386
   -1.7324
   -1.7265
   -1.7141
   -1.6985
   -1.6795
   -1.6618
   -1.6454
   -1.6302
   -1.6122
   -1.5940
   -1.5730
   -1.5551
   -1.5436
   -1.5357
   -1.5261
   -1.5149
   -1.5117
   -1.5081
   -1.5124
   -1.5153
   -1.5229
   -1.5320
   -1.5493
   -1.5609
   -1.5741
   -1.5889
   -1.6051
   -1.6157
   -1.6276
   -1.6393
   -1.6526
   -1.6677
   -1.6842
   -1.6979
   -1.7147
   -1.7330
   -1.7543
   -1.7805
   -1.8082
   -1.8340
   -1.8673
   -1.9022
   -1.9416
   -1.9812
   -2.0239
   -2.0727
   -2.1235
   -2.1743
   -2.2187
   -2.2554
   -2.2902
   -2.3234
   -2.3593
   -2.3886
   -2.4209
   -2.4516
   -2.4871
   -2.5209
   -2.5516
   -2.5838
   -2.6160
   -2.6500
   -2.6872
   -2.7281
   -2.7726
   -2.8253
   -2.8781
   -2.9297
   -2.9800
   -3.0314
   -3.0828
   -3.1342
   -3.1824
   -3.2229
   -3.2616
   -3.2991
   -3.3367
   -3.3696
   -3.4027
   -3.4295
   -3.4563
   -3.4784
   -3.4987
   -3.5186
   -3.5334
   -3.5496
   -3.5671
   -3.5815
   -3.5986
   -3.6130
   -3.6275
   -3.6405
   -3.6535
   -3.6664
   -3.6841
   -3.7032
   -3.7223
   -3.7431
   -3.7593
   -3.7771
   -3.7949
   -3.8053
   -3.8126
   -3.8168
   -3.8193
   -3.8172
   -3.8136
   -3.8054
   -3.7986
   -3.7951
   -3.7953
   -3.7987
   -3.8009
   -3.8019
   -3.8033
   -3.8029
   -3.7993
   -3.7921
   -3.7862
   -3.7849
   -3.7822
   -3.7828
   -3.7817
   -3.7791
   -3.7744
   -3.7697
   -3.7586
   -3.7446
   -3.7272
   -3.7083
   -3.6865
   -3.6650
   -3.6402
   -3.6155
   -3.5922
   -3.5673
   -3.5452
   -3.5231
   -3.5024
   -3.4816
   -3.4636
   -3.4472
   -3.4295
   -3.4119
   -3.3961
   -3.3790
   -3.3588
   -3.3387
   -3.3187
   -3.3003
   -3.2803
   -3.2666
   -3.2546
   -3.2424
   -3.2288
   -3.2150
   -3.1984
   -3.1861
   -3.1692
   -3.1569
   -3.1447
   -3.1342
   -3.1242
   -3.1189
   -3.1167
   -3.1161
   -3.1171
   -3.1180
   -3.1199
   -3.1219
   -3.1237
   -3.1234
   -3.1215
   -3.1210
   -3.1188
   -3.1184
   -3.1198
   -3.1217
   -3.1224
   -3.1220
   -3.1185
   -3.1182
   -3.1177
   -3.1200
   -3.1237
   -3.1291
   -3.1310
   -3.1342
   -3.1373
   -3.1435
   -3.1544
   -3.1684
   -3.1807
   -3.1961
   -3.2117
   -3.2286
   -3.2457
   -3.2628
   -3.2738
   -3.2850
   -3.2979
   -3.3095
   -3.3195
   -3.3310
   -3.3380
   -3.3372
   -3.3393
   -3.3382
   -3.3388
   -3.3379
   -3.3336
   -3.3276
   -3.3153
   -3.2949
   -3.2670
   -3.2345
   -3.1914
   -3.1422
   -3.0808
   -3.0164
   -2.9460
   -2.8706
   -2.7935
   -2.7209
   -2.6495
   -2.5814
   -2.5149
   -2.4486
   -2.3746
   -2.2993
   -2.2208
   -2.1425
   -2.0671
   -1.9933
   -1.9195
   -1.8487
   -1.7763
   -1.7037
   -1.6325
   -1.5613
   -1.4886
   -1.4238
   -1.3683
   -1.3176
   -1.2657
   -1.2059
   -1.1413
   -1.0768
   -1.0061
   -0.9339
   -0.8621
   -0.7873
   -0.7188
   -0.6552
   -0.5992
   -0.5463
   -0.4935
   -0.4436
   -0.3889
   -0.3357
   -0.2793
   -0.2152
   -0.1467
   -0.0718
    0.0124
    0.0998
    0.1826
    0.2715
    0.3511
    0.4353
    0.5119
    0.5806
    0.6415
    0.6962
    0.7444
    0.7864
    0.8252
    0.8593
    0.8872
    0.9107
    0.9309
    0.9480
    0.9617
    0.9737
    0.9889
    1.0071
    1.0299
    1.0528
    1.0774
    1.0973
    1.1189
    1.1359
    1.1563
    1.1780
    1.1950
    1.2245
    1.2510
    1.2760
    1.3010
    1.3213
    1.3384
    1.3524
    1.3710
    1.3987
    1.4312
    1.4636
    1.4866
    1.5048
    1.5229
    1.5379
    1.5561
    1.5794
    1.6108
    1.6563
    1.7113
    1.7785
    1.8505
    1.9255
    2.0017
    2.0732
    2.1385
    2.1990
    2.2518
    2.2985
    2.3387
    2.3709
    2.3953
    2.4166
    2.4333
    2.4546
    2.4717
    2.4906
    2.5186
    2.5498
    2.5886
    2.6290
    2.6693
    2.7111
    2.7499
    2.7856
    2.8183
    2.8499
    2.8801
    2.9136
    2.9457
    2.9750
    3.0072
    3.0400
    3.0757
    3.1082
    3.1373
    3.1634
    3.1876
    3.2084
    3.2279
    3.2516
    3.2626
    3.2767
    3.2939
    3.3093
    3.3308
    3.3526
    3.3790
    3.4006
    3.4297
    3.4572
    3.4879
    3.5248
    3.5601
    3.5985
    3.6352
    3.6660
    3.6919
    3.7067
    3.7153
    3.7191
    3.7183
    3.7177
    3.7155
    3.7195
    3.7247
    3.7333
    3.7451
    3.7630
    3.7808
    3.8039
    3.8272
    3.8492
    3.8757
    3.8961
    3.9176
    3.9435
    3.9704
    3.9977
    4.0280
    4.0519
    4.0792
    4.1036
    4.1220
    4.1418
    4.1601
    4.1811
    4.2035
    4.2304
    4.2565
    4.2859
    4.3177
    4.3468
    4.3740
    4.4042
    4.4331
    4.4653
    4.4927
    4.5221
    4.5483
    4.5778
    4.6033
    4.6274
    4.6531
    4.6786
    4.7120
    4.7424
    4.7816
    4.8146
    4.8494
    4.8828
    4.9195
    4.9544
    4.9896
    5.0232
    5.0585
    5.0907
    5.1273
    5.1641
    5.2039
    5.2436
    5.2819
    5.3216
    5.3612
    5.4024
    5.4360
    5.4747
    5.5163
    5.5596
    5.6043
    5.6488
    5.6899
    5.7261
    5.7652
    5.7979
    5.8398
    5.8823
    5.9173
    5.9589
    5.9935
    6.0206
    6.0522
    6.0808
    6.1122
    6.1469
    6.1802
    6.2164
    6.2576
    6.2907
    6.3242
    6.3566
    6.3906
    6.4217
    6.4544
    6.4917
    6.5259
    6.5602
    6.5882
    6.6223
    6.6581
    6.7031
    6.7433
    6.7833
    6.8215
    6.8626
    6.9056
    6.9470
    6.9930
    7.0345
    7.0779
    7.1289
    7.1805
    7.2396
    7.3003
    7.3607
    7.4273
    7.4924
    7.5731
    7.6553
    7.7375
    7.8354
    7.9286
    8.0220
    8.1233
    8.2259
    8.3224
    8.4285
    8.5327
    8.6327
    8.7340
    8.8266
    8.9176
    9.0103
    9.1091
    9.2064
    9.3083
    9.4068
    9.5064
    9.6057
    9.7020
    9.8000
    9.9008
    9.9999
   10.1010
   10.1986
   10.2993
   10.4030
   10.5006
   10.5933
   10.6938
   10.7911
   10.8847
   10.9779
   11.0757
   11.1749
   11.2773
   11.3781
   11.4865
   11.5995
   11.7077
   11.8190
   11.9275
   12.0391
   12.1585
   12.2859
   12.4087
   12.5252
   12.6387
   12.7474
   12.8561
   12.9632
   13.0734
   13.1786
   13.2776
   13.3782
   13.4741
   13.5685
   13.6597
   13.7413
   13.8201
   13.8957
   13.9586
   14.0308
   14.0948
   14.1571
   14.2147
   14.2734
   14.3239
   14.3697
   14.4166
   14.4638
   14.5156
   14.5751
   14.6303
   14.6884
   14.7484
   14.8085
   14.8766
   14.9447
   15.0146
   15.0873
   15.1571
   15.2364
   15.3173
   15.3983
   15.4886
   15.5789
   15.6645
   15.7594
   15.8498
   15.9448
   16.0384
   16.1431
   16.2466
   16.3465
   16.4435
   16.5330
   16.6240
   16.7152
   16.8111
   16.9165
   17.0248
   17.1365
   17.2532
   17.3650
   17.4752
   17.5823
   17.6938
   17.8069
   17.9217
   18.0413
   18.1657
   18.2870
   18.4068
   18.5268
   18.6485
   18.7702
   18.8969
   19.0188
   19.1407
   19.2587
   19.3861
   19.5104
   19.6302
   19.7611
   19.8924
   20.0300
   20.1652
   20.3038
   20.4443
   20.5833
   20.7191
   20.8592
   20.9949
   21.1351
   21.2708
   21.4112
   21.5515
   21.6858
   21.8235
   21.9644
   22.1023
   22.2483
   22.3848
   22.5215
   22.6547
   22.7821
   22.9077
   23.0335
   23.1607
   23.2863
   23.4059
   23.5267
   23.6399
   23.7502
   23.8623
   23.9759
   24.0886
   24.2031
   24.3098
   24.4168
   24.5159
   24.6077
   24.6930
   24.7699
   24.8501
   24.9319
   25.0228
   25.1122
   25.1938
   25.2786
   25.3621
   25.4372
   25.5061
   25.5843
   25.6626
   25.7359
   25.8064
   25.8768
   25.9521
   26.0257
   26.1031
   26.1760
   26.2472
   26.3324
   26.4004
   26.4712
   26.5420
   26.6220
   26.6968
   26.7698
   26.8504
   26.9244
   26.9971
   27.0682
   27.1360
   27.1991
   27.2512
   27.3095
   27.3583
   27.4009
   27.4433
   27.4761
   27.5086
   27.5397
   27.5661
   27.6020
   27.6285
   27.6631
   27.6946
   27.7169
   27.7438
   27.7769
   27.8164
   27.8558
   27.8936
   27.9332
   27.9667
   28.0067
   28.0438
   28.0920
   28.1291
   28.1691
   28.2072
   28.2407
   28.2757
   28.3075
   28.3333
   28.3496
   28.3743
   28.4004
   28.4232
   28.4474
   28.4749
   28.5087
   28.5349
   28.5656
   28.5980
   28.6364
   28.6655
   28.6898
   28.7114
   28.7297
   28.7480
   28.7666
   28.7792
   28.8047
   28.8194
   28.8342
   28.8458
   28.8560
   28.8723
   28.8918
   28.9178
   28.9468
   28.9776
   29.0100
   29.0443
   29.0786
   29.1020
   29.1302
   29.1597
   29.1877
   29.2188
   29.2485
   29.2858
   29.3295
   29.3590
   29.3963
   29.4175
   29.4385
   29.4719
   29.4976
   29.5151
   29.5249
   29.5345
   29.5470
   29.5611
   29.5749
   29.5824
   29.5931
   29.5928
   29.5970
   29.6013
   29.6058
   29.6132
   29.6174
   29.6219
   29.6280
   29.6370
   29.6363
   29.6340
   29.6348
   29.6258
   29.6198
   29.6074
   29.5947
   29.5756
   29.5566
   29.5362
   29.5157
   29.5029
   29.4933
   29.4788
   29.4675
   29.4575
   29.4422
   29.4283
   29.4126
   29.3921
   29.3700
   29.3526
   29.3275
   29.2881
   29.2521
   29.2075
   29.1614
   29.1088
   29.0531
   29.0020
   28.9631
   28.9242
   28.8772
   28.8286
   28.7784
   28.7170
   28.6442
   28.5605
   28.4689
   28.3724
   28.2745
   28.1828
   28.0783
   27.9815
   27.8882
   27.7979
   27.7076
   27.6333
   27.5602
   27.4982
   27.4347
   27.3677
   27.3004
   27.2312
   27.1701
   27.1138
   27.0447
   26.9661
   26.8887
   26.8172
   26.7460
   26.6794
   26.6271
   26.5673
   26.5123
   26.4496
   26.3774
   26.3006
   26.2238
   26.1501
   26.0797
   26.0060
   25.9230
   25.8379
   25.7544
   25.6614
   25.5606
   25.4537
   25.3434
   25.2378
   25.1272
   25.0184
   24.9047
   24.7913
   24.6763
   24.5561
   24.4348
   24.3183
   24.2016
   24.0939
   23.9817
   23.8587
   23.7388
   23.6225
   23.5076
   23.4037
   23.3047
   23.2123
   23.1291
   23.0569
   22.9832
   22.9124
   22.8402
   22.7746
   22.7074
   22.6403
   22.5684
   22.4931
   22.4004
   22.3027
   22.1969
   22.0955
   21.9909
   21.8912
   21.7916
   21.6825
   21.5732
   21.4737
   21.3870
   21.2938
   21.1942
   21.0865
   20.9722
   20.8479
   20.7264
   20.6016
   20.4849
   20.3746
   20.2630
   20.1465
   20.0251
   19.8954
   19.7688
   19.6405
   19.5031
   19.3623
   19.2149
   19.0788
   18.9395
   18.7972
   18.6452
   18.4935
   18.3367
   18.1785
   18.0213
   17.8662
   17.7108
   17.5651
   17.4241
   17.2879
   17.1562
   17.0260
   16.8924
   16.7460
   16.5946
   16.4352
   16.2727
   16.1115
   15.9472
   15.7795
   15.6148
   15.4545
   15.2959
   15.1357
   14.9694
   14.8017
   14.6292
   14.4633
   14.2928
   14.1193
   13.9507
   13.7859
   13.6213
   13.4569
   13.2846
   13.1156
   12.9419
   12.7615
   12.5797
   12.3947
   12.2180
   12.0399
   11.8700
   11.6988
   11.5359
   11.3750
   11.2094
   11.0487
   10.8926
   10.7347
   10.5830
   10.4281
   10.2748
   10.1135
    9.9569
    9.8001
    9.6469
    9.4922
    9.3297
    9.1735
    9.0222
    8.8839
    8.7615
    8.6519
    8.5536
    8.4525
    8.3543
    8.2451
    8.1327
    8.0075
    7.8712
    7.7271
    7.5801
    7.4332
    7.3008
    7.1700
    7.0504
    6.9258
    6.8014
    6.6866
    6.5625
    6.4290
    6.2943
    6.1675
    6.0487
    5.9389
    5.8451
    5.7528
    5.6544
    5.5576
    5.4591
    5.3495
    5.2416
    5.1338
    5.0325
    4.9330
    4.8240
    4.7168
    4.6126
    4.5097
    4.4112
    4.3109
    4.2061
    4.1042
    4.0025
    3.8881
    3.7752
    3.6655
    3.5492
    3.4282
    3.3184
    3.2023
    3.0925
    2.9859
    2.8812
    2.7830
    2.6900
    2.6000
    2.5211
    2.4439
    2.3602
    2.2749
    2.1768
    2.0645
    1.9394
    1.8045
    1.6713
    1.5348
    1.4113
    1.2862
    1.1677
    1.0572
    0.9469
    0.8429
    0.7420
    0.6425
    0.5496
    0.4647
    0.3832
    0.3051
    0.2156
    0.1326
    0.0609
   -0.0031
   -0.0637
   -0.1321
   -0.2002
   -0.2814
   -0.3595
   -0.4363
   -0.5114
   -0.5720
   -0.6308
   -0.6978
   -0.7681
   -0.8334
   -0.8974
   -0.9503
   -0.9986
   -1.0467
   -1.0915
   -1.1342
   -1.1736
   -1.2066
   -1.2378
   -1.2662
   -1.2869
   -1.3061
   -1.3189
   -1.3269
   -1.3319
   -1.3353
   -1.3355
   -1.3357
   -1.3372
   -1.3244
   -1.3182
   -1.3170
   -1.3127
   -1.3115
   -1.3073
   -1.3015
   -1.2957
   -1.2868
   -1.2747
   -1.2642
   -1.2599
   -1.2476
   -1.2288
   -1.2037
   -1.1738
   -1.1470
   -1.1105
   -1.0740
   -1.0374
   -1.0004
   -0.9699
   -0.9408
   -0.9264
   -0.9134
   -0.9052
   -0.8905
   -0.8727
   -0.8646
   -0.8642
   -0.8733
   -0.8759
   -0.8799
   -0.8774
   -0.8746
   -0.8654
   -0.8512
   -0.8434
   -0.8341
   -0.8200
   -0.8042
   -0.7937
   -0.7815
   -0.7659
   -0.7519
   -0.7328
   -0.7057
   -0.6817
   -0.6612
   -0.6345
   -0.6124
   -0.5838
   -0.5564
   -0.5335
   -0.5171
   -0.5022
   -0.4823
   -0.4720
   -0.4583
   -0.6388
   -0.8224
   -1.0123
   -1.1989
   -1.3772
   -1.5555
   -1.7306
   -1.9073
   -2.0823
   -2.2523
   -2.4192
   -2.5795
   -2.7320
   -2.8668
   -3.0031
   -3.1379
   -3.2789
   -3.4230
   -3.5688
   -3.7161
   -3.8602
   -3.9979
   -4.1358
   -4.2669
   -4.3948
   -4.5159
   -4.6403
   -4.7598
   -4.8807
   -4.9966
