   -0.9357
   -0.8894
   -0.8484
   -0.8073
   -0.7628
   -0.7278
   -0.6915
   -0.6591
   -0.6220
   -0.5849
   -0.5391
   -0.4904
   -0.4574
   -0.4251
   -0.4048
   -0.3849
   -0.3695
   -0.3627
   -0.3505
   -0.3433
   -0.3363
   -0.3318
   -0.3283
   -0.3273
   -0.3241
   -0.3311
   -0.3353
   -0.3387
   -0.3416
   -0.3400
   -0.3395
   -0.3918
   -0.4454
   -0.4999
   -0.5513
   -0.6120
   -0.6712
   -0.7361
   -0.8016
   -0.8815
   -0.9569
   -1.0310
   -1.1079
   -1.1842
   -1.2671
   -1.3519
   -1.4440
   -1.5322
   -1.6235
   -1.7233
   -1.8258
   -1.9396
   -2.0538
   -2.1674
   -2.2803
   -2.3931
   -2.5120
   -2.6227
   -2.7319
   -2.8458
   -2.9616
   -3.0906
   -3.2176
   -3.3442
   -3.4808
   -3.6197
   -3.7601
   -3.8964
   -4.0304
   -4.1638
   -4.2924
   -4.4297
   -4.5719
   -4.7121
   -4.8594
   -5.0052
   -5.1467
   -5.2857
   -5.4210
   -5.5548
   -5.6848
   -5.8227
   -5.9530
   -6.0898
   -6.2291
   -6.3659
   -6.4929
   -6.6219
   -6.7473
   -6.8695
   -6.9999
   -7.1306
   -7.2611
   -7.3919
   -7.5258
   -7.6645
   -7.7998
   -7.9385
   -8.0771
   -8.2121
   -8.3406
   -8.4683
   -8.5924
   -8.7119
   -8.8245
   -8.9395
   -9.0484
   -9.1569
   -9.2756
   -9.3903
   -9.5027
   -9.6081
   -9.7057
   -9.7972
   -9.8860
   -9.9714
  -10.0553
  -10.1383
  -10.2215
  -10.3019
  -10.3824
  -10.4591
  -10.5251
  -10.5937
  -10.6620
  -10.7316
  -10.8005
  -10.8558
  -10.9191
  -10.9779
  -11.0342
  -11.0892
  -11.1312
  -11.1713
  -11.2047
  -11.2318
  -11.2629
  -11.2979
  -11.3273
  -11.3502
  -11.3706
  -11.3876
  -11.3981
  -11.4136
  -11.4166
  -11.4112
  -11.3985
  -11.3695
  -11.3321
  -11.2919
  -11.2487
  -11.1981
  -11.1482
  -11.0959
  -11.0441
  -10.9924
  -10.9059
  -10.8092
  -10.7116
  -10.6095
  -10.5045
  -10.3923
  -10.2793
  -10.1596
  -10.0378
   -9.9176
   -9.7848
   -9.6278
   -9.4882
   -9.3413
   -9.1955
   -9.0390
   -8.8805
   -8.7167
   -8.5550
   -8.3921
   -8.2300
   -8.0657
   -7.8910
   -7.7205
   -7.5538
   -7.3746
   -7.1977
   -7.0241
   -6.8450
   -6.6635
   -6.4772
   -6.2924
   -6.1168
   -5.9398
   -5.7663
   -5.6019
   -5.4345
   -5.2820
   -5.1373
   -5.0003
   -4.8699
   -4.7314
   -4.5949
   -4.4695
   -4.3502
   -4.2432
   -4.1436
   -4.0534
   -3.9630
   -3.8867
   -3.8177
   -3.7623
   -3.7330
   -3.7135
   -3.7043
   -3.6982
   -3.7009
   -3.7030
   -3.7001
   -3.6970
   -3.6910
   -3.7169
   -3.7443
   -3.7699
   -3.7903
   -3.8058
   -3.8267
   -3.8480
   -3.8735
   -3.9007
   -3.9328
   -3.9770
   -4.0461
   -4.1000
   -4.1530
   -4.2026
   -4.2637
   -4.3251
   -4.3948
   -4.4625
   -4.5263
   -4.5937
   -4.6657
   -4.7435
   -4.8172
   -4.8844
   -4.9530
   -5.0166
   -5.0720
   -5.1278
   -5.1811
   -5.2289
   -5.2733
   -5.3100
   -5.3391
   -5.3616
   -5.3753
   -5.3926
   -5.4045
   -5.4077
   -5.4115
   -5.4056
   -5.4033
   -5.3949
   -5.3798
   -5.3614
   -5.3351
   -5.3070
   -5.2688
   -5.2271
   -5.1761
   -5.1237
   -5.0682
   -5.0066
   -4.9486
   -4.8882
   -4.8302
   -4.7695
   -4.7032
   -4.6382
   -4.5697
   -4.5023
   -4.4342
   -4.3732
   -4.3128
   -4.2564
   -4.2063
   -4.1594
   -4.1085
   -4.0625
   -4.0159
   -3.9703
   -3.9190
   -3.8658
   -3.8087
   -3.7550
   -3.7025
   -3.6478
   -3.5963
   -3.5449
   -3.4990
   -3.4567
   -3.4146
   -3.3729
   -3.3323
   -3.3011
   -3.2698
   -3.2447
   -3.2212
   -3.2006
   -3.1813
   -3.1579
   -3.1388
   -3.1158
   -3.0949
   -3.0728
   -3.0557
   -3.0382
   -3.0200
   -3.0010
   -2.9820
   -2.9594
   -2.9390
   -2.9210
   -2.9066
   -2.8933
   -2.8798
   -2.8705
   -2.8701
   -2.8613
   -2.8463
   -2.8165
   -2.7862
   -2.7544
   -2.7180
   -2.6726
   -2.6239
   -2.5723
   -2.5184
   -2.4691
   -2.4210
   -2.3741
   -2.3285
   -2.2855
   -2.2427
   -2.1983
   -2.1579
   -2.1184
   -2.0781
   -2.0460
   -2.0138
   -1.9858
   -1.9549
   -1.9329
   -1.9105
   -1.8922
   -1.8694
   -1.8457
   -1.8210
   -1.7951
   -1.7689
   -1.7433
   -1.7185
   -1.6988
   -1.6781
   -1.6564
   -1.6304
   -1.6046
   -1.5798
   -1.5550
   -1.5331
   -1.5125
   -1.4984
   -1.4861
   -1.4778
   -1.4738
   -1.4726
   -1.4730
   -1.4754
   -1.4815
   -1.4861
   -1.4917
   -1.4983
   -1.5065
   -1.5153
   -1.5239
   -1.5341
   -1.5436
   -1.5488
   -1.5411
   -1.5421
   -1.5483
   -1.5683
   -1.5879
   -1.6056
   -1.6242
   -1.6452
   -1.6675
   -1.6960
   -1.7275
   -1.7610
   -1.7981
   -1.8365
   -1.8745
   -1.9110
   -1.9501
   -1.9893
   -2.0262
   -2.0623
   -2.0976
   -2.1264
   -2.1561
   -2.1854
   -2.2164
   -2.2401
   -2.2661
   -2.2880
   -2.3111
   -2.3322
   -2.3510
   -2.3695
   -2.3855
   -2.3995
   -2.4135
   -2.4249
   -2.4346
   -2.4410
   -2.4477
   -2.4557
   -2.4630
   -2.4732
   -2.4851
   -2.4996
   -2.5146
   -2.5287
   -2.5411
   -2.5503
   -2.5601
   -2.5673
   -2.5762
   -2.5872
   -2.6008
   -2.6146
   -2.6248
   -2.6300
   -2.6273
   -2.6213
   -2.6110
   -2.5974
   -2.5847
   -2.5719
   -2.5566
   -2.5442
   -2.5299
   -2.5153
   -2.5031
   -2.4942
   -2.4858
   -2.4791
   -2.4678
   -2.4567
   -2.4455
   -2.4301
   -2.4186
   -2.4028
   -2.3856
   -2.3647
   -2.3436
   -2.3229
   -2.3064
   -2.2924
   -2.2794
   -2.2697
   -2.2616
   -2.2536
   -2.2508
   -2.2513
   -2.2564
   -2.2674
   -2.2823
   -2.2990
   -2.3162
   -2.3353
   -2.3545
   -2.3702
   -2.3871
   -2.4111
   -2.4393
   -2.4689
   -2.5042
   -2.5394
   -2.5738
   -2.6064
   -2.6426
   -2.6778
   -2.7162
   -2.7539
   -2.7903
   -2.8303
   -2.8698
   -2.9070
   -2.9449
   -2.9791
   -3.0106
   -3.0447
   -3.0787
   -3.1176
   -3.1572
   -3.2000
   -3.2501
   -3.2983
   -3.3446
   -3.3933
   -3.4367
   -3.4863
   -3.5313
   -3.5759
   -3.6202
   -3.6649
   -3.7100
   -3.7594
   -3.8062
   -3.8482
   -3.8878
   -3.9235
   -3.9591
   -4.0014
   -4.0345
   -4.0652
   -4.0875
   -4.0982
   -4.1073
   -4.1093
   -4.1032
   -4.0876
   -4.0677
   -4.0429
   -4.0154
   -3.9877
   -3.9514
   -3.9168
   -3.8780
   -3.8411
   -3.8062
   -3.7730
   -3.7428
   -3.7099
   -3.6704
   -3.6274
   -3.5831
   -3.5358
   -3.4868
   -3.4348
   -3.3806
   -3.3175
   -3.2495
   -3.1779
   -3.1113
   -3.0427
   -2.9661
   -2.8914
   -2.8220
   -2.7471
   -2.6748
   -2.6040
   -2.5331
   -2.4650
   -2.3981
   -2.3277
   -2.2566
   -2.1836
   -2.1103
   -2.0337
   -1.9627
   -1.8927
   -1.8214
   -1.7494
   -1.6755
   -1.5991
   -1.5218
   -1.4390
   -1.3492
   -1.2594
   -1.1731
   -1.0885
   -1.0013
   -0.9193
   -0.8355
   -0.7608
   -0.6898
   -0.6235
   -0.5713
   -0.5152
   -0.4670
   -0.4221
   -0.3850
   -0.3532
   -0.3167
   -0.2832
   -0.2454
   -0.2169
   -0.1866
   -0.1646
   -0.1395
   -0.1127
   -0.0836
   -0.0545
   -0.0258
   -0.0049
    0.0137
    0.0340
    0.0585
    0.0804
    0.1068
    0.1297
    0.1494
    0.1634
    0.1805
    0.2063
    0.2228
    0.2386
    0.2531
    0.2706
    0.2874
    0.2999
    0.3122
    0.3254
    0.3386
    0.3529
    0.3589
    0.3675
    0.3762
    0.3852
    0.3879
    0.3926
    0.4004
    0.4083
    0.4157
    0.4197
    0.4277
    0.4362
    0.4399
    0.4389
    0.4423
    0.4486
    0.4492
    0.4496
    0.4486
    0.4516
    0.4552
    0.4608
    0.4657
    0.4720
    0.4740
    0.4747
    0.4705
    0.4689
    0.4708
    0.4620
    0.4581
    0.4533
    0.4520
    0.4560
    0.4659
    0.4765
    0.4821
    0.4900
    0.4963
    0.5074
    0.5219
    0.5401
    0.5605
    0.5800
    0.5952
    0.6000
    0.6093
    0.6183
    0.6260
    0.6314
    0.6316
    0.6381
    0.6409
    0.6401
    0.6403
    0.6389
    0.6418
    0.6414
    0.6403
    0.6445
    0.6488
    0.6593
    0.6596
    0.6665
    0.6725
    0.6725
    0.6788
    0.6782
    0.6721
    0.6593
    0.6499
    0.6345
    0.6225
    0.6046
    0.5929
    0.5756
    0.5501
    0.5273
    0.5065
    0.4872
    0.4706
    0.4501
    0.4315
    0.4071
    0.3944
    0.3834
    0.3779
    0.3826
    0.3893
    0.3882
    0.3912
    0.3963
    0.3931
    0.3951
    0.3952
    0.3933
    0.3902
    0.3890
    0.3911
    0.3945
    0.3995
    0.3993
    0.3965
    0.3864
    0.3846
    0.3847
    0.3923
    0.3888
    0.3833
    0.3857
    0.3789
    0.3754
    0.3670
    0.3592
    0.3527
    0.3548
    0.3562
    0.3617
    0.3684
    0.3724
    0.3659
    0.3552
    0.3428
    0.3363
    0.3200
    0.3070
    0.2976
    0.2826
    0.2690
    0.2585
    0.2596
    0.2545
    0.2471
    0.2406
    0.2427
    0.2409
    0.2407
    0.2405
    0.2458
    0.2394
    0.2366
    0.2325
    0.2278
    0.2188
    0.2147
    0.2024
    0.1901
    0.1690
    0.1426
    0.1097
    0.0813
    0.0511
    0.0237
    0.0114
   -0.0090
   -0.0344
   -0.0545
   -0.0750
   -0.0955
   -0.1260
   -0.1593
   -0.2059
   -0.2434
   -0.2857
   -0.3260
   -0.3717
   -0.3965
   -0.4170
   -0.4300
   -0.4440
   -0.4639
   -0.4837
   -0.5022
   -0.5197
   -0.5284
   -0.5367
   -0.5502
   -0.5612
   -0.5789
   -0.5961
   -0.6087
   -0.6191
   -0.6278
   -0.6418
   -0.6482
   -0.6487
   -0.6575
   -0.6602
   -0.6610
   -0.6564
   -0.6483
   -0.6466
   -0.6372
   -0.6245
   -0.6147
   -0.6005
   -0.5893
   -0.5709
   -0.5479
   -0.5290
   -0.5017
   -0.4768
   -0.4510
   -0.4219
   -0.3903
   -0.3609
   -0.3328
   -0.3047
   -0.2717
   -0.2370
   -0.1981
   -0.1563
   -0.1127
   -0.0747
   -0.0441
   -0.0117
    0.0244
    0.0561
    0.0859
    0.1163
    0.1526
    0.1943
    0.2418
    0.2895
    0.3423
    0.4013
    0.4603
    0.5032
    0.5424
    0.5814
    0.6247
    0.6693
    0.7225
    0.7704
    0.8212
    0.8613
    0.9049
    0.9469
    0.9951
    1.0469
    1.0991
    1.1554
    1.2122
    1.2752
    1.3440
    1.4132
    1.4793
    1.5572
    1.6366
    1.7253
    1.8188
    1.9170
    2.0153
    2.1138
    2.2095
    2.3061
    2.3969
    2.4946
    2.5821
    2.6754
    2.7685
    2.8636
    2.9595
    3.0526
    3.1491
    3.2443
    3.3390
    3.4357
    3.5333
    3.6348
    3.7375
    3.8415
    3.9462
    4.0612
    4.1781
    4.3020
    4.4341
    4.5664
    4.7017
    4.8384
    4.9735
    5.1070
    5.2355
    5.3733
    5.5122
    5.6545
    5.7968
    5.9396
    6.0831
    6.2215
    6.3593
    6.4980
    6.6330
    6.7715
    6.9113
    7.0504
    7.1927
    7.3310
    7.4693
    7.5987
    7.7321
    7.8668
    7.9923
    8.1174
    8.2396
    8.3633
    8.4819
    8.5995
    8.7114
    8.8201
    8.9128
    9.0003
    9.0772
    9.1485
    9.2235
    9.2964
    9.3621
    9.4309
    9.4918
    9.5584
    9.6207
    9.6890
    9.7534
    9.8215
    9.8919
    9.9649
   10.0350
   10.1142
   10.1897
   10.2709
   10.3496
   10.4217
   10.4966
   10.5768
   10.6500
   10.7264
   10.7969
   10.8622
   10.9296
   11.0004
   11.0714
   11.1489
   11.2237
   11.3011
   11.3709
   11.4387
   11.4989
   11.5506
   11.5910
   11.6315
   11.6690
   11.7071
   11.7413
   11.7772
   11.8109
   11.8428
   11.8788
   11.9094
   11.9473
   11.9888
   12.0325
   12.0731
   12.1161
   12.1703
   12.2265
   12.2852
   12.3440
   12.4060
   12.4720
   12.5409
   12.6138
   12.6943
   12.7704
   12.8582
   12.9423
   13.0234
   13.1056
   13.1960
   13.2786
   13.3644
   13.4393
   13.5200
   13.5937
   13.6637
   13.7244
   13.7894
   13.8502
   13.9125
   13.9582
   14.0134
   14.0609
   14.1132
   14.1695
   14.2186
   14.2634
   14.3039
   14.3399
   14.3737
   14.4080
   14.4333
   14.4511
   14.4648
   14.4832
   14.5011
   14.5171
   14.5304
   14.5415
   14.5548
   14.5702
   14.5873
   14.5978
   14.6070
   14.6191
   14.6366
   14.6507
   14.6642
   14.6793
   14.6928
   14.7141
   14.7330
   14.7558
   14.7731
   14.7865
   14.7933
   14.7987
   14.8061
   14.8183
   14.8303
   14.8359
   14.8402
   14.8337
   14.8202
   14.8069
   14.7925
   14.7684
   14.7485
   14.7240
   14.7079
   14.6980
   14.6990
   14.7018
   14.7105
   14.7166
   14.7234
   14.7277
   14.7428
   14.7509
   14.7596
   14.7733
   14.7910
   14.8076
   14.8282
   14.8476
   14.8699
   14.8903
   14.9068
   14.9213
   14.9389
   14.9573
   14.9706
   14.9890
   15.0061
   15.0272
   15.0397
   15.0552
   15.0772
   15.0988
   15.1195
   15.1474
   15.1781
   15.2170
   15.2623
   15.3130
   15.3565
   15.3957
   15.4372
   15.4749
   15.5110
   15.5496
   15.5802
   15.6065
   15.6239
   15.6476
   15.6713
   15.7002
   15.7164
   15.7320
   15.7345
   15.7339
   15.7374
   15.7404
   15.7466
   15.7534
   15.7508
   15.7498
   15.7521
   15.7690
   15.7895
   15.8089
   15.8158
   15.8240
   15.8284
   15.8272
   15.8182
   15.8071
   15.8026
   15.7921
   15.7836
   15.7742
   15.7524
   15.7347
   15.7085
   15.6754
   15.6392
   15.5996
   15.5612
   15.5249
   15.4863
   15.4452
   15.4049
   15.3625
   15.3205
   15.2836
   15.2471
   15.2177
   15.1824
   15.1477
   15.1138
   15.0868
   15.0511
   15.0134
   14.9618
   14.9072
   14.8535
   14.8002
   14.7437
   14.6870
   14.6300
   14.5713
   14.5079
   14.4477
   14.3904
   14.3265
   14.2477
   14.1722
   14.0971
   14.0193
   13.9492
   13.8884
   13.8358
   13.7766
   13.7175
   13.6521
   13.5705
   13.4868
   13.4071
   13.3330
   13.2501
   13.1594
   13.0679
   12.9806
   12.8808
   12.7941
   12.7093
   12.6216
   12.5314
   12.4370
   12.3300
   12.2209
   12.1121
   12.0205
   11.9248
   11.8411
   11.7733
   11.7017
   11.6311
   11.5651
   11.5073
   11.4711
   11.4329
   11.3904
   11.3524
   11.3167
   11.2770
   11.2346
   11.1945
   11.1550
   11.1081
   11.0615
   11.0105
   10.9651
   10.9134
   10.8719
   10.8304
   10.7900
   10.7519
   10.7244
   10.7030
   10.6879
   10.6725
   10.6569
   10.6362
   10.6086
   10.5744
   10.5448
   10.5172
   10.5088
   10.5447
   10.5924
   10.6534
   10.7087
   10.7604
   10.8016
   10.8350
   10.8772
   10.9204
   10.9436
   10.9542
   10.9444
   10.9320
   10.9176
   10.8988
   10.8854
   10.8580
   10.8390
   10.8185
   10.8024
   10.7849
   10.7813
   10.7793
   10.7707
   10.7541
   10.7380
   10.7038
   10.6571
   10.6091
   10.5605
   10.5060
   10.4363
   10.3502
   10.2593
   10.1694
   10.0774
    9.9825
    9.8797
    9.7753
    9.6663
    9.5536
    9.4423
    9.3239
    9.2046
    9.0811
    8.9607
    8.8496
    8.7461
    8.6520
    8.5648
    8.4635
    8.3566
    8.2391
    8.1230
    8.0070
    7.8899
    7.7717
    7.6607
    7.5539
    7.4399
    7.3048
    7.1296
    6.9374
    6.7249
    6.5132
    6.3118
    6.1135
    5.9199
    5.7334
    5.5584
    5.4016
    5.2489
    5.1115
    4.9814
    4.8475
    4.7128
    4.5777
    4.4513
    4.3186
    4.1999
    4.0840
    3.9698
    3.8547
    3.7371
    3.6218
    3.5100
    3.4016
    3.3020
    3.1939
    3.0876
    2.9808
    2.8744
    2.7747
    2.6732
    2.5755
    2.4824
    2.3879
    2.2953
    2.2073
    2.1242
    2.0380
    1.9614
    1.8819
    1.8129
    1.7485
    1.6866
    1.6312
    1.5673
    1.4962
    1.4186
    1.3401
    1.2622
    1.1849
    1.1093
    1.0286
    0.9451
    0.8666
    0.7999
    0.7354
    0.6715
    0.6102
    0.5462
    0.4858
    0.4207
    0.3566
    0.2885
    0.2167
    0.1484
    0.0878
    0.0337
   -0.0263
   -0.0888
   -0.1495
   -0.2140
   -0.2804
   -0.3411
   -0.3984
   -0.4563
   -0.5212
   -0.5843
   -0.6554
   -0.7274
   -0.7931
   -0.8589
   -0.9183
   -0.9771
   -1.0401
   -1.0962
   -1.1522
   -1.1994
   -1.2404
   -1.2855
   -1.3231
   -1.3661
   -1.4080
   -1.4552
   -1.5087
   -1.5623
   -1.6186
   -1.6621
   -1.7065
   -1.7406
   -1.7780
   -1.8109
   -1.8425
   -1.8807
   -1.9185
   -1.9575
   -1.9994
   -2.0412
   -2.0849
   -2.1355
   -2.1780
   -2.2210
   -2.2582
   -2.2899
   -2.3167
   -2.3422
   -2.3114
   -2.2762
   -2.2344
   -2.1928
   -2.1438
   -2.0943
   -2.0429
   -1.9926
   -1.9341
   -1.8804
   -1.8279
   -1.7731
   -1.7270
   -1.6719
   -1.6223
   -1.5639
   -1.4999
   -1.4353
   -1.3688
   -1.3062
   -1.2381
   -1.1702
   -1.1049
   -1.0349
   -0.9649
   -0.8978
   -0.8330
   -0.7777
   -0.7202
   -0.6656
