   -3.1875
   -3.1810
   -3.1814
   -3.1789
   -3.1771
   -3.1790
   -3.1854
   -3.2003
   -3.2134
   -3.2305
   -3.2412
   -3.2508
   -3.2796
   -3.3096
   -3.3453
   -3.3792
   -3.4199
   -3.4669
   -3.5068
   -3.5478
   -3.5918
   -3.6268
   -3.6623
   -3.6917
   -3.7144
   -3.7381
   -3.7607
   -3.7711
   -3.7793
   -3.7807
   -3.7826
   -3.7452
   -3.7074
   -3.6739
   -3.6323
   -3.5993
   -3.5677
   -3.5424
   -3.5183
   -3.5108
   -3.4966
   -3.4838
   -3.4682
   -3.4474
   -3.4371
   -3.4276
   -3.4220
   -3.4119
   -3.3981
   -3.3876
   -3.3753
   -3.3713
   -3.3665
   -3.3635
   -3.3593
   -3.3559
   -3.3571
   -3.3500
   -3.3374
   -3.3266
   -3.3166
   -3.3158
   -3.3112
   -3.3046
   -3.3108
   -3.3199
   -3.3316
   -3.3317
   -3.3290
   -3.3251
   -3.3193
   -3.3199
   -3.3184
   -3.3162
   -3.3227
   -3.3267
   -3.3280
   -3.3234
   -3.3133
   -3.3047
   -3.2905
   -3.2825
   -3.2755
   -3.2790
   -3.2885
   -3.2960
   -3.3047
   -3.3101
   -3.3211
   -3.3319
   -3.3478
   -3.3659
   -3.3810
   -3.3991
   -3.4175
   -3.4447
   -3.4696
   -3.4969
   -3.5251
   -3.5509
   -3.5702
   -3.5922
   -3.6088
   -3.6266
   -3.6427
   -3.6577
   -3.6723
   -3.6917
   -3.7201
   -3.7549
   -3.7907
   -3.8248
   -3.8569
   -3.8845
   -3.9071
   -3.9303
   -3.9550
   -3.9793
   -4.0066
   -4.0329
   -4.0661
   -4.0978
   -4.1264
   -4.1569
   -4.1883
   -4.2193
   -4.2490
   -4.2673
   -4.2978
   -4.3225
   -4.3482
   -4.3715
   -4.3915
   -4.4148
   -4.4394
   -4.4525
   -4.4702
   -4.4925
   -4.5124
   -4.5288
   -4.5433
   -4.5584
   -4.5669
   -4.5833
   -4.5879
   -4.5891
   -4.5895
   -4.5803
   -4.5669
   -4.5523
   -4.5322
   -4.5095
   -4.4881
   -4.4677
   -4.4495
   -4.4373
   -4.4102
   -4.3741
   -4.3446
   -4.3054
   -4.2650
   -4.2238
   -4.1852
   -4.1439
   -4.1027
   -4.0632
   -4.0157
   -3.9566
   -3.9035
   -3.8464
   -3.7818
   -3.7031
   -3.6236
   -3.5410
   -3.4652
   -3.3968
   -3.3257
   -3.2547
   -3.1796
   -3.1042
   -3.0342
   -2.9523
   -2.8733
   -2.7936
   -2.7187
   -2.6408
   -2.5610
   -2.4798
   -2.4034
   -2.3213
   -2.2486
   -2.1775
   -2.1023
   -2.0379
   -1.9756
   -1.9164
   -1.8667
   -1.8088
   -1.7478
   -1.6923
   -1.6381
   -1.5888
   -1.5435
   -1.5059
   -1.4623
   -1.4283
   -1.3981
   -1.3763
   -1.3669
   -1.3643
   -1.3698
   -1.3768
   -1.3891
   -1.3961
   -1.3953
   -1.3914
   -1.3794
   -1.3821
   -1.3904
   -1.3910
   -1.3974
   -1.3989
   -1.4006
   -1.4004
   -1.4010
   -1.3993
   -1.4025
   -1.4154
   -1.4412
   -1.4640
   -1.4863
   -1.5093
   -1.5438
   -1.5774
   -1.6153
   -1.6495
   -1.6752
   -1.7033
   -1.7373
   -1.7734
   -1.8119
   -1.8439
   -1.8784
   -1.9080
   -1.9332
   -1.9567
   -1.9782
   -1.9965
   -2.0154
   -2.0312
   -2.0440
   -2.0502
   -2.0538
   -2.0629
   -2.0619
   -2.0574
   -2.0512
   -2.0381
   -2.0275
   -2.0155
   -1.9978
   -1.9768
   -1.9567
   -1.9358
   -1.9059
   -1.8767
   -1.8397
   -1.8002
   -1.7635
   -1.7223
   -1.6903
   -1.6555
   -1.6236
   -1.5897
   -1.5564
   -1.5296
   -1.5033
   -1.4804
   -1.4562
   -1.4368
   -1.4187
   -1.3982
   -1.3851
   -1.3723
   -1.3551
   -1.3427
   -1.3290
   -1.3188
   -1.2994
   -1.2791
   -1.2505
   -1.2252
   -1.2003
   -1.1746
   -1.1521
   -1.1297
   -1.1134
   -1.0995
   -1.0886
   -1.0760
   -1.0638
   -1.0592
   -1.0547
   -1.0545
   -1.0560
   -1.0586
   -1.0569
   -1.0515
   -1.0459
   -1.0358
   -1.0256
   -1.0129
   -1.0013
   -0.9875
   -0.9725
   -0.9601
   -0.9477
   -0.9328
   -0.9179
   -0.9088
   -0.9021
   -0.8989
   -0.8994
   -0.9037
   -0.9271
   -0.9364
   -0.9314
   -0.8990
   -0.8713
   -0.8381
   -0.7992
   -0.7478
   -0.6931
   -0.6342
   -0.5755
   -0.5195
   -0.4631
   -0.4062
   -0.3488
   -0.2934
   -0.2371
   -0.1793
   -0.1260
   -0.0730
   -0.0226
    0.0196
    0.0617
    0.0964
    0.1361
    0.1625
    0.1880
    0.2060
    0.2269
    0.2461
    0.2648
    0.2829
    0.3003
    0.3163
    0.3312
    0.3420
    0.3561
    0.3707
    0.3919
    0.4139
    0.4356
    0.4572
    0.4748
    0.4860
    0.4878
    0.4849
    0.4775
    0.4634
    0.4444
    0.4207
    0.3934
    0.3636
    0.3363
    0.3087
    0.2807
    0.2510
    0.2201
    0.1884
    0.1550
    0.1229
    0.0975
    0.0958
    0.0808
    0.0549
    0.0020
   -0.0459
   -0.0930
   -0.1434
   -0.1967
   -0.2496
   -0.3098
   -0.3742
   -0.4423
   -0.5157
   -0.5887
   -0.6626
   -0.7348
   -0.8090
   -0.8794
   -0.9440
   -1.0043
   -1.0604
   -1.1100
   -1.1600
   -1.2078
   -1.2573
   -1.2990
   -1.3406
   -1.3746
   -1.4082
   -1.4381
   -1.4651
   -1.4928
   -1.5215
   -1.5494
   -1.5773
   -1.6032
   -1.6273
   -1.6453
   -1.6624
   -1.6791
   -1.6946
   -1.7141
   -1.7352
   -1.7584
   -1.7799
   -1.8009
   -1.8203
   -1.8364
   -1.8538
   -1.8691
   -1.8890
   -1.9155
   -1.9470
   -1.9816
   -2.0136
   -2.0407
   -2.0588
   -2.0735
   -2.0817
   -2.0865
   -2.0888
   -2.0882
   -2.0855
   -2.0870
   -2.0877
   -2.0922
   -2.0995
   -2.1102
   -2.1191
   -2.1297
   -2.1346
   -2.1356
   -2.1337
   -2.1281
   -2.1270
   -2.1193
   -2.1062
   -2.0877
   -2.0701
   -2.0546
   -2.0457
   -2.0426
   -2.0429
   -2.0464
   -2.0516
   -2.0597
   -2.0719
   -2.0874
   -2.1086
   -2.1351
   -2.1632
   -2.1892
   -2.2106
   -2.2239
   -2.2335
   -2.2406
   -2.2502
   -2.2684
   -2.2933
   -2.3236
   -2.3600
   -2.3993
   -2.4383
   -2.4757
   -2.5125
   -2.5460
   -2.5798
   -2.6124
   -2.6455
   -2.6780
   -2.7084
   -2.7301
   -2.7463
   -2.7542
   -2.7542
   -2.7533
   -2.7495
   -2.7506
   -2.7529
   -2.7585
   -2.7690
   -2.7817
   -2.7965
   -2.8171
   -2.8307
   -2.8488
   -2.8611
   -2.8714
   -2.8825
   -2.8956
   -2.9109
   -2.9328
   -2.9556
   -2.9734
   -2.9913
   -3.0018
   -3.0093
   -3.0292
   -3.0348
   -3.0375
   -3.0328
   -3.0108
   -2.9843
   -2.9462
   -2.9000
   -2.8460
   -2.7853
   -2.7198
   -2.6522
   -2.5855
   -2.5114
   -2.4389
   -2.3686
   -2.3058
   -2.2526
   -2.2040
   -2.1566
   -2.1071
   -2.0510
   -1.9925
   -1.9315
   -1.8694
   -1.8026
   -1.7317
   -1.6579
   -1.5777
   -1.4954
   -1.4106
   -1.3308
   -1.2502
   -1.1672
   -1.0879
   -1.0186
   -0.9460
   -0.8784
   -0.8161
   -0.7568
   -0.7024
   -0.6504
   -0.5961
   -0.5434
   -0.4928
   -0.4431
   -0.3871
   -0.3373
   -0.2909
   -0.2448
   -0.1946
   -0.1436
   -0.0868
   -0.0296
    0.0338
    0.1058
    0.1807
    0.2532
    0.3298
    0.4056
    0.4714
    0.5409
    0.5961
    0.6458
    0.6898
    0.7145
    0.7379
    0.7522
    0.7633
    0.7654
    0.7633
    0.7699
    0.7754
    0.7845
    0.7849
    0.7842
    0.7810
    0.7820
    0.7876
    0.7960
    0.8073
    0.8195
    0.8197
    0.8171
    0.8133
    0.8160
    0.8167
    0.8202
    0.8214
    0.8220
    0.8166
    0.8153
    0.8206
    0.8210
    0.8230
    0.8255
    0.8322
    0.8346
    0.8335
    0.8331
    0.8332
    0.8304
    0.8280
    0.8174
    0.8089
    0.8004
    0.7911
    0.7715
    0.7527
    0.7381
    0.7254
    0.7087
    0.6887
    0.6675
    0.6445
    0.6166
    0.5830
    0.5531
    0.5215
    0.4867
    0.4469
    0.4075
    0.3727
    0.3333
    0.2948
    0.2550
    0.2177
    0.1768
    0.1333
    0.0849
    0.0415
    0.0005
   -0.0536
   -0.1028
   -0.1494
   -0.1908
   -0.2252
   -0.2600
   -0.2964
   -0.3378
   -0.3763
   -0.4222
   -0.4661
   -0.5008
   -0.5274
   -0.5453
   -0.5636
   -0.5885
   -0.6216
   -0.6489
   -0.6783
   -0.7072
   -0.7390
   -0.7749
   -0.8034
   -0.8373
   -0.8707
   -0.9066
   -0.9355
   -0.9607
   -0.9891
   -1.0160
   -1.0358
   -1.0527
   -1.0622
   -1.0807
   -1.0898
   -1.0964
   -1.1083
   -1.1100
   -1.1174
   -1.1310
   -1.1539
   -1.1736
   -1.1958
   -1.2146
   -1.2388
   -1.2584
   -1.2814
   -1.3068
   -1.3330
   -1.3555
   -1.3764
   -1.3980
   -1.4185
   -1.4381
   -1.4602
   -1.4773
   -1.4900
   -1.4965
   -1.4911
   -1.4848
   -1.4819
   -1.4753
   -1.4707
   -1.4744
   -1.4769
   -1.4830
   -1.4899
   -1.4907
   -1.4906
   -1.4873
   -1.4815
   -1.4683
   -1.4621
   -1.4608
   -1.4645
   -1.4657
   -1.4603
   -1.4451
   -1.4450
   -1.4458
   -1.4433
   -1.4523
   -1.4523
   -1.4600
   -1.4608
   -1.4620
   -1.4501
   -1.4394
   -1.4222
   -1.4046
   -1.3947
   -1.3959
   -1.4036
   -1.4102
   -1.4086
   -1.4167
   -1.4274
   -1.4326
   -1.4469
   -1.4616
   -1.4702
   -1.4644
   -1.4660
   -1.4732
   -1.4772
   -1.4739
   -1.4722
   -1.4746
   -1.4770
   -1.4761
   -1.4829
   -1.4902
   -1.4970
   -1.5079
   -1.5254
   -1.5380
   -1.5531
   -1.5738
   -1.6040
   -1.6383
   -1.6772
   -1.7152
   -1.7625
   -1.7973
   -1.8180
   -1.8469
   -1.8836
   -1.9048
   -1.9337
   -1.9627
   -2.0063
   -2.0492
   -2.1072
   -2.1623
   -2.2251
   -2.2899
   -2.3475
   -2.3773
   -2.4006
   -2.4141
   -2.4307
   -2.4527
   -2.4805
   -2.5086
   -2.5334
   -2.5517
   -2.5765
   -2.6025
   -2.6293
   -2.6676
   -2.6990
   -2.7246
   -2.7417
   -2.7572
   -2.7739
   -2.7864
   -2.7936
   -2.8006
   -2.8032
   -2.7995
   -2.7927
   -2.7837
   -2.7795
   -2.7667
   -2.7462
   -2.7282
   -2.7078
   -2.6872
   -2.6603
   -2.6291
   -2.5983
   -2.5589
   -2.5183
   -2.4761
   -2.4275
   -2.3729
   -2.3210
   -2.2686
   -2.2104
   -2.1471
   -2.0852
   -2.0186
   -1.9490
   -1.8703
   -1.8035
   -1.7448
   -1.6799
   -1.6079
   -1.5486
   -1.4858
   -1.4202
   -1.3449
   -1.2669
   -1.1822
   -1.0913
   -0.9922
   -0.8901
   -0.7982
   -0.7337
   -0.6792
   -0.6236
   -0.5641
   -0.4993
   -0.4184
   -0.3445
   -0.2693
   -0.2072
   -0.1342
   -0.0685
    0.0045
    0.0830
    0.1577
    0.2418
    0.3194
    0.4072
    0.4975
    0.5927
    0.6894
    0.7940
    0.9011
    1.0115
    1.1278
    1.2444
    1.3641
    1.4889
    1.6110
    1.7348
    1.8594
    1.9912
    2.1209
    2.2546
    2.3879
    2.5235
    2.6591
    2.7923
    2.9276
    3.0575
    3.1852
    3.3107
    3.4365
    3.5724
    3.7080
    3.8488
    3.9909
    4.1422
    4.2973
    4.4613
    4.6289
    4.7969
    4.9702
    5.1407
    5.3157
    5.4875
    5.6558
    5.8314
    6.0060
    6.1799
    6.3582
    6.5345
    6.7165
    6.8990
    7.0820
    7.2680
    7.4515
    7.6401
    7.8312
    8.0238
    8.2226
    8.4168
    8.6139
    8.8015
    8.9936
    9.1853
    9.3684
    9.5551
    9.7350
    9.9220
   10.0964
   10.2676
   10.4354
   10.6029
   10.7607
   10.9144
   11.0626
   11.2048
   11.3475
   11.4884
   11.6215
   11.7530
   11.8756
   11.9958
   12.1152
   12.2342
   12.3488
   12.4631
   12.5802
   12.6994
   12.8173
   12.9438
   13.0706
   13.2008
   13.3177
   13.4308
   13.5403
   13.6568
   13.7647
   13.8683
   13.9638
   14.0523
   14.1389
   14.2250
   14.3141
   14.3993
   14.4853
   14.5761
   14.6571
   14.7401
   14.8189
   14.8875
   14.9494
   15.0085
   15.0559
   15.1046
   15.1460
   15.1890
   15.2264
   15.2621
   15.2995
   15.3280
   15.3587
   15.3890
   15.4174
   15.4446
   15.4747
   15.5114
   15.5518
   15.5942
   15.6262
   15.6615
   15.6986
   15.7293
   15.7617
   15.7984
   15.8265
   15.8681
   15.8996
   15.9270
   15.9521
   15.9854
   16.0098
   16.0374
   16.0604
   16.0810
   16.0988
   16.1168
   16.1290
   16.1450
   16.1544
   16.1711
   16.1769
   16.1906
   16.1925
   16.2049
   16.2190
   16.2282
   16.2308
   16.2326
   16.2362
   16.2370
   16.2418
   16.2428
   16.2396
   16.2318
   16.2298
   16.2314
   16.2293
   16.2252
   16.2182
   16.2168
   16.2210
   16.2242
   16.2235
   16.2307
   16.2345
   16.2471
   16.2593
   16.2731
   16.2857
   16.2966
   16.3165
   16.3391
   16.3662
   16.3975
   16.4216
   16.4390
   16.4493
   16.4604
   16.4793
   16.5065
   16.5291
   16.5521
   16.5751
   16.5924
   16.6144
   16.6387
   16.6477
   16.6660
   16.6785
   16.7040
   16.7341
   16.7819
   16.8286
   16.8778
   16.9250
   16.9734
   17.0142
   17.0652
   17.1057
   17.1474
   17.1912
   17.2340
   17.2716
   17.3240
   17.3684
   17.4123
   17.4496
   17.4825
   17.5145
   17.5451
   17.5788
   17.6056
   17.6421
   17.6687
   17.6970
   17.7178
   17.7400
   17.7686
   17.8009
   17.8299
   17.8668
   17.9001
   17.9417
   17.9851
   18.0326
   18.0770
   18.1205
   18.1641
   18.2079
   18.2501
   18.2971
   18.3406
   18.3804
   18.4109
   18.4458
   18.4836
   18.5255
   18.5610
   18.5953
   18.6165
   18.6289
   18.6505
   18.6653
   18.6788
   18.6933
   18.7020
   18.7077
   18.7213
   18.7418
   18.7632
   18.7794
   18.7838
   18.7803
   18.7771
   18.7705
   18.7624
   18.7562
   18.7539
   18.7489
   18.7448
   18.7450
   18.7333
   18.7280
   18.7153
   18.6941
   18.6669
   18.6391
   18.6166
   18.5996
   18.5797
   18.5551
   18.5289
   18.5019
   18.4665
   18.4363
   18.4099
   18.3913
   18.3626
   18.3324
   18.3006
   18.2773
   18.2466
   18.2150
   18.1746
   18.1302
   18.0814
   18.0394
   17.9913
   17.9460
   17.8939
   17.8402
   17.7789
   17.7133
   17.6444
   17.5763
   17.4915
   17.4072
   17.3222
   17.2305
   17.1429
   17.0539
   16.9684
   16.8735
   16.7740
   16.6745
   16.5607
   16.4486
   16.3458
   16.2417
   16.1267
   16.0042
   15.8833
   15.7614
   15.6304
   15.5097
   15.3880
   15.2669
   15.1409
   15.0160
   14.8819
   14.7571
   14.6314
   14.5132
   14.3933
   14.2767
   14.1651
   14.0612
   13.9578
   13.8526
   13.7482
   13.6550
   13.5656
   13.4678
   13.3757
   13.2864
   13.2002
   13.1145
   13.0244
   12.9307
   12.8321
   12.7354
   12.6303
   12.5239
   12.4130
   12.3111
   12.2092
   12.1078
   12.0064
   11.9134
   11.8230
   11.7372
   11.6476
   11.5532
   11.4521
   11.3498
   11.2436
   11.1451
   11.0502
   10.9636
   10.8973
   10.8277
   10.7732
   10.7154
   10.6625
   10.6106
   10.5498
   10.4983
   10.4399
   10.3671
   10.2899
   10.2019
   10.1166
   10.0257
    9.9385
    9.8528
    9.7461
    9.6496
    9.5441
    9.4395
    9.3353
    9.2473
    9.1535
    9.0559
    8.9595
    8.8596
    8.7490
    8.6340
    8.5119
    8.3887
    8.2648
    8.1296
    7.9901
    7.8476
    7.7083
    7.5635
    7.4147
    7.2642
    7.1094
    6.9590
    6.8108
    6.6623
    6.5060
    6.3540
    6.2002
    6.0476
    5.9010
    5.7568
    5.6232
    5.4861
    5.3401
    5.1880
    5.0275
    4.8788
    4.7347
    4.5976
    4.4554
    4.3089
    4.1614
    4.0109
    3.8557
    3.6915
    3.5264
    3.3525
    3.1770
    3.0033
    2.8356
    2.6708
    2.5136
    2.3727
    2.2470
    2.1230
    2.0150
    1.9120
    1.8092
    1.7079
    1.6120
    1.5356
    1.4564
    1.3935
    1.3420
    1.2847
    1.2151
    1.1406
    1.0663
    0.9925
    0.9266
    0.8793
    0.8293
    0.7828
    0.7398
    0.7007
    0.6700
    0.6312
    0.5968
    0.5680
    0.5443
    0.5287
    0.5114
    0.4990
    0.4807
    0.4748
    0.4650
    0.4615
    0.4610
    0.4606
    0.4668
    0.4656
    0.4612
    0.4503
    0.4390
    0.4215
    0.4053
    0.3906
    0.3618
    0.3289
    0.2983
    0.2764
    0.2620
    0.2442
    0.2239
    0.1968
    0.1694
    0.1326
    0.0962
    0.0581
    0.0128
   -0.0346
   -0.0749
   -0.1134
   -0.1692
   -0.2298
   -0.2914
   -0.3575
   -0.4272
   -0.4934
   -0.5591
   -0.6260
   -0.7033
   -0.7817
   -0.8664
   -0.9589
   -1.0348
   -1.1106
   -1.1727
   -1.2381
   -1.3027
   -1.3660
   -1.4367
   -1.5027
   -1.5612
   -1.6217
   -1.6797
   -1.7420
   -1.7946
   -1.8513
   -1.9081
   -1.9650
   -2.0285
   -2.0735
   -2.1217
   -2.1654
   -2.2169
   -2.2628
   -2.3063
   -2.3563
   -2.4071
   -2.4556
   -2.5082
   -2.5561
   -2.6076
   -2.6604
   -2.7048
   -2.7504
   -2.7926
   -2.8287
   -2.8599
   -2.8887
   -2.9469
   -3.0013
   -3.0446
   -3.0851
   -3.1161
   -3.1403
   -3.1546
   -3.1694
   -3.1714
   -3.1718
   -3.1719
   -3.1718
   -3.1812
   -3.1746
   -3.1696
   -3.1551
   -3.1346
   -3.1129
   -3.0922
   -3.0760
   -3.0537
   -3.0287
   -3.0058
   -2.9800
   -2.9496
   -2.9278
   -2.9043
   -2.8979
   -2.8841
   -2.8743
