27470.3105
27470.5977
27470.7500
27470.7637
27470.7598
27470.6055
27470.7500
27470.5508
27470.8027
27470.8086
27471.0176
27470.5605
27471.0273
27470.8730
27470.8750
27470.8184
27471.0234
27470.9844
27471.0801
27471.1270
27471.2852
27471.0664
27471.1191
27471.1719
27471.3281
27471.3457
27471.3574
27471.4512
27471.6133
27471.5527
27471.7188
27471.8809
27472.0312
27472.1836
27472.1895
27471.9844
27471.7988
27472.0078
27471.9941
27472.0684
27471.8652
27472.0605
27472.1738
27472.0742
27472.0605
27472.3945
27472.2910
27472.3223
27472.1270
27472.2188
27472.5098
27472.7129
27473.1172
27473.1133
27473.3184
27473.6230
27473.6191
27473.9062
27474.0059
27473.7012
27474.0020
27473.9531
27473.7500
27473.7520
27473.7148
27473.5137
27473.4707
27473.4297
27473.2324
27473.3281
27473.2422
27473.2383
27473.4375
27473.3340
27473.6289
27473.4238
27473.4375
27473.6250
27473.8418
27473.6465
27473.5332
27473.3418
27473.4824
27473.7285
27473.8730
27473.8164
27473.6699
27473.7695
27474.0078
27473.9219
27474.1211
27474.1738
27474.0352
27473.9785
27473.9727
27473.8652
27473.6660
27473.8086
27473.6094
27473.4707
27473.6523
27473.6055
27473.6504
27473.8535
27473.7129
27473.7539
27473.6094
27473.4629
27473.2148
27473.0840
27472.9277
27473.0840
27472.7363
27472.8750
27472.6758
27472.8203
27472.7148
27472.7109
27472.7070
27472.4023
27472.6035
27472.5430
27472.3945
27472.2383
27471.9824
27472.1250
27471.9707
27471.4609
27471.5137
27471.3574
27471.1973
27471.1855
27471.0840
27471.0293
27471.5938
27471.1680
27471.2246
27471.0293
27470.9863
27471.0332
27471.0918
27471.1973
27471.1035
27471.0469
27471.3477
27470.9961
27470.9473
27470.9902
27470.8398
27470.7402
27470.5352
27470.4355
27470.3965
27470.1348
27470.2363
27469.9766
27469.9277
27469.7207
27469.8711
27469.8730
27470.0156
27470.0605
27470.0078
27469.8613
27469.8516
27469.8008
27469.6406
27469.7402
27469.4844
27469.4414
27469.2852
27469.2949
27469.1895
27468.9473
27468.8477
27468.4551
27468.7559
27468.5430
27468.5957
27468.6875
27468.7832
27468.7285
27468.8203
27468.6172
27468.6641
27468.7637
27468.7168
27468.7598
27468.5664
27468.8203
27468.6660
27468.8613
27468.8652
27468.6973
27468.9023
27468.7422
27468.7949
27468.7910
27468.7402
27468.6387
27468.2988
27468.5039
27468.3438
27468.2051
27468.3926
27468.1523
27468.0977
27468.1895
27467.7500
27467.8457
27467.5410
27467.5547
27467.6426
27467.5996
27467.4434
27467.6953
27467.5391
27467.8438
27467.6367
27467.6934
27467.5918
27467.4922
27467.5938
27467.4941
27467.5352
27467.4824
27467.4883
27467.5312
27467.0840
27467.2832
27467.3359
27467.2363
27467.0273
27467.0840
27466.9805
27467.0801
27467.1816
27466.8184
27467.0234
27466.8066
27466.8145
27466.7559
27466.5488
27466.6973
27466.1895
27466.3496
27465.8828
27466.1348
27465.8223
27466.0801
27465.7754
27465.2539
27465.5137
27465.4082
27465.8809
27465.5664
27465.9336
27466.6016
27466.4922
27466.3945
27466.4941
27466.3906
27466.5977
27466.4922
27466.8516
27466.8477
27466.8027
27466.9004
27466.9512
27467.0000
27466.7969
27467.0605
27466.9082
27466.4980
27466.7051
27466.3945
27466.3418
27466.6074
27466.5996
27466.5508
27466.8594
27467.1699
27467.3750
27467.6797
27467.6719
27467.8242
27467.7207
27467.8281
27467.2617
27467.5723
27467.5723
27467.3145
27467.1035
27467.1074
27466.7520
27466.7480
27466.7520
27466.5469
27466.3906
27466.4473
27466.1953
27466.1035
27466.0469
27465.8516
27465.7969
27465.6934
27465.3379
27465.2812
27465.1309
27465.0273
27465.2793
27465.1289
27465.0273
27465.0215
27464.7188
27464.8672
27464.7129
27464.4531
27464.3574
27464.2988
27464.1367
27463.8809
27463.7773
27463.5195
27463.3164
27463.2129
27463.0508
27463.3574
27463.0078
27463.0078
27462.9082
27463.0625
27463.2676
27463.5293
27463.5273
27463.6348
27463.9941
27464.1016
27464.3027
27464.4102
27464.2539
27464.3066
27464.1523
27464.3008
27464.2480
27464.0430
27464.1465
27464.1934
27463.9863
27464.0879
27463.9297
27463.9297
27463.8828
27463.8301
27463.8828
27463.8828
27463.8828
27463.9355
27464.0391
27464.2949
27464.4512
27464.4023
27464.5586
27464.5137
27464.5215
27464.5215
27464.7812
27464.8848
27464.8359
27465.0430
27465.0430
27465.1992
27465.4590
27465.4082
27465.5117
27465.3047
27465.3047
27465.1465
27465.0918
27465.0410
27464.8887
27464.9941
27464.9414
27464.8418
27464.7422
27464.7422
27464.6426
27464.7949
27464.6914
27464.8984
27464.9023
27465.1074
27465.0059
27465.2656
27465.3184
27465.4219
27465.6289
27465.5801
27465.6836
27465.5879
27465.7402
27466.0000
27466.1016
27466.4121
27466.5703
27466.7227
27466.8242
27466.9785
27467.0859
27467.2891
27467.2344
27467.2891
27467.3906
27467.4375
27467.4395
27467.5391
27467.4844
27467.6387
27467.6914
27467.8398
27467.7852
27467.9883
27467.9355
27468.0391
27467.9902
27468.0449
27468.0449
27467.9941
27467.9453
27468.0488
27468.0449
27468.1133
27468.1465
27468.0996
27468.0723
27467.7539
27467.9023
27467.8027
27467.9023
27467.8027
27467.9082
27468.1133
27468.2129
27468.3125
27468.3613
27468.3105
27468.4102
27468.2598
27468.3105
27468.3633
27468.3633
27468.3594
27468.5117
27468.5645
27468.3613
27468.3652
27468.2617
27468.0020
27468.1016
27468.7617
27469.0723
27469.2266
27469.3340
27469.3398
27469.3457
27469.4375
27469.1348
27468.8770
27468.7773
27468.4785
27468.2266
27468.0723
27468.0273
27467.7715
27467.8203
27467.7207
27467.7695
27467.8691
27467.9180
27468.0605
27468.2090
27468.3105
27468.4590
27468.5078
27468.4590
27468.4629
27468.6191
27468.6191
27468.5703
27468.6211
27468.5723
27468.6250
27468.6836
27468.5820
27468.7930
27468.9473
27469.0996
27469.2500
27469.3027
27469.3027
27469.4570
27469.3535
27469.6094
27469.6133
27469.5645
27469.5137
27469.8711
27469.8672
27470.0234
27470.0723
27470.2227
27470.4219
27470.4707
27470.7207
27470.5156
27470.5625
27470.5156
27470.7227
27470.7734
27470.7266
27470.8301
27471.0410
27471.3496
27471.5039
27471.4004
27471.6582
27471.6582
27471.7656
27471.6680
27471.5137
27471.3613
27471.3613
27471.2109
27471.1621
27471.1074
27471.0566
27471.0020
27470.9512
27470.9004
27470.8008
27470.6484
27470.6484
27470.5488
27470.4961
27470.7500
27470.8008
27470.9531
27471.2559
27471.3594
27471.3555
27471.6113
27471.6602
27471.6621
27471.5605
27471.6621
27471.7656
27471.7695
27471.9238
27471.5684
27471.6738
27471.6270
27472.0352
27472.0156
27472.4434
27472.5977
27472.8008
27473.2070
27473.5625
27474.0215
27474.5312
27474.9434
27474.7930
27474.5840
27473.9238
27473.8203
27473.8242
27474.1289
27474.1797
27474.0742
27474.2734
27474.3281
27474.1719
27474.0195
27473.9180
27473.8652
27473.7637
27473.8105
27473.8594
27473.9102
27474.0059
27474.0586
27474.1523
27474.1016
27474.0547
27474.1562
27474.2578
27474.2617
27474.0645
27474.1680
27474.1152
27474.1719
27474.2715
27474.2715
27474.1211
27474.1211
27474.0703
27474.1230
27474.1230
27473.9219
27473.8730
27474.0293
27474.1895
27473.9844
27474.2383
27474.4473
27474.5000
27474.4961
27474.4551
27474.5625
27474.5117
27474.8613
27474.9629
27474.9160
27475.0664
27474.9766
27475.1211
27475.0703
27475.0762
27475.0254
27475.2227
27475.1738
27475.1289
27475.2305
27475.2383
27475.4355
27475.7383
27475.4922
27475.8398
27475.7363
27475.5898
27475.5410
27475.6309
27475.5859
27475.5312
27475.4258
27475.4277
27475.3203
27475.4180
27475.4727
27475.3262
27475.4766
27475.4277
27475.5312
27475.6309
27475.6855
27475.4824
27475.4336
27475.3789
27475.3301
27475.2773
27475.5312
27475.4297
27475.4238
27475.4727
27475.4707
27475.5156
27475.5703
27475.7246
27475.6660
27475.6680
27475.5684
27475.6660
27475.6211
27475.6680
27475.5703
27475.6738
27475.7246
27475.6699
27475.6777
27475.9297
27476.0371
27476.0391
27476.0410
27476.0957
27476.0957
27476.0449
27476.2461
27476.2422
27476.1445
27476.0410
27475.9883
27475.8867
27475.7363
27475.8887
27475.6875
27475.5879
27475.6387
27475.4863
27475.3828
27475.2832
27475.2812
27475.2793
27475.2324
27475.1797
27475.5742
27475.5742
27475.6309
27475.6738
27475.6816
27475.8320
27475.8320
27475.8340
27475.5898
27475.5410
27475.4902
27475.2422
27475.2891
27475.2891
27475.3379
27475.5352
27475.5352
27475.6270
27475.9297
27475.5273
27475.7285
27475.5742
27475.6758
27475.5254
27475.3750
27475.3789
27475.2246
27475.0742
27475.2207
27475.2188
27475.3203
27475.3203
27475.4238
27475.2754
27475.2285
27475.0742
27475.0234
27474.9727
27474.7227
27474.7715
27474.7168
27474.8125
27475.0625
27475.1602
27475.2090
27475.3008
27475.4062
27475.4609
27475.3574
27475.3574
27475.3066
27475.3086
27475.2090
27475.1621
27475.3105
27475.3594
27475.3105
27475.4629
27475.3652
27475.3691
27475.5156
27475.4141
27475.3145
27475.4648
27475.4648
27475.3164
27475.5156
27476.0176
27475.6621
27475.7637
27475.9062
27475.7520
27475.8066
27475.6523
27475.8555
27476.1113
27475.9590
27476.3672
27476.4668
27476.7188
27476.7207
27477.0762
27477.1270
27477.2793
27477.0273
27477.1328
27477.2832
27477.3418
27477.3926
27477.3418
27477.8027
27477.6973
27477.5527
27477.5566
27477.6016
27477.5020
27477.2070
27477.5078
27478.0625
27478.2695
27478.2695
27478.4180
27478.9297
27479.3184
27479.4414
27479.4902
27479.6934
27479.6934
27479.3926
27479.5938
27479.6465
27479.5996
27479.7539
27479.9590
27479.9062
27480.1133
27480.2129
27480.2168
27480.3652
27480.2207
27480.2715
27480.3711
27480.3203
27480.2188
27480.3223
27480.5254
27480.5215
27480.3730
27480.5176
27480.1660
27480.1152
27480.1133
27480.1133
27480.2637
27480.4688
27480.4180
27480.5195
27480.7676
27480.6191
27480.8164
27480.8672
27481.0137
27480.9160
27481.0664
27480.9590
27481.2109
27481.1543
27481.6641
27481.6133
27481.6172
27481.5645
27481.7227
27481.8730
27482.0723
27482.4219
27482.5742
27482.7734
27482.8730
27482.7676
27482.7129
27482.7129
27483.0625
27483.1113
27483.2617
27483.3613
27483.3145
27483.5156
27483.7168
27483.7656
27483.8652
27483.8145
27483.9668
27483.6680
27483.9141
27483.9629
27483.9668
27483.9160
27484.1582
27484.6992
27484.6953
27484.6992
27484.8516
27484.7012
27485.0996
27485.3418
27485.4980
27485.3965
27485.4473
27485.2480
27485.4961
27485.4961
27485.5449
27485.6484
27485.6426
27485.5371
27485.8359
27485.7832
27485.4824
27485.6348
27485.4785
27485.6309
27485.6816
27485.4844
27485.4863
27485.6406
27485.6074
27485.4883
27485.4902
27485.3887
27485.1895
27485.1895
27485.2871
27485.2363
27485.1816
27485.4863
27485.4336
27485.6816
27485.5801
27485.5742
27485.4746
27485.6230
27485.6172
27485.8164
27485.6641
27485.7598
27485.7109
27485.7578
27485.8594
27485.9082
27485.8594
27485.7070
27485.9551
27485.7051
27485.7012
27485.9062
27485.9043
27485.9062
27486.1602
27486.0059
27486.1602
27486.2598
27486.4609
27486.5117
27486.5625
27486.7109
27486.9668
27486.9688
27487.4199
27487.6230
27487.9746
27488.0781
27488.0801
27488.5273
27488.5820
27488.4824
27488.6348
27488.8320
27488.7793
27488.7305
27488.9766
27489.0781
27488.9805
27489.0293
27489.0605
27488.9746
27489.0742
27489.1211
27489.0703
27489.1699
27489.3242
27489.3691
27489.4727
27489.6191
27489.8184
27489.9180
27489.7676
27489.9668
27490.0156
27490.3672
27490.6191
27490.7188
27490.9668
27491.5762
27491.5234
27491.3652
27491.8164
27491.6680
27491.8184
27491.9648
27492.0645
27492.1621
27492.1113
27492.3105
27492.7168
27492.9141
27493.4727
27492.8594
27493.4629
27493.7656
27493.8672
27494.0156
27494.0645
27493.9668
27494.2676
27494.7773
27494.4219
27494.3184
27494.5723
27494.6738
27494.7695
27494.8711
27494.9219
27495.1738
27495.5254
27495.5234
27495.7246
27495.7715
27496.0234
27496.2266
27496.4238
27496.5273
27496.8281
27496.7266
27496.5762
27497.0254
27496.8770
27496.8789
27497.3262
27497.7754
27497.6289
27498.1309
27498.3320
27498.1328
27498.3340
27498.4824
27498.9336
27499.1816
27499.1816
27499.5840
27499.4785
27499.8320
27499.8789
27500.2246
27500.3770
27500.3770
27500.7246
27500.6270
27500.9258
27501.1777
27500.7734
27501.2812
27501.1270
27501.1738
27501.1270
27501.4258
27501.0742
27501.2227
27501.3223
27501.4199
27501.3691
27501.4688
27501.0156
27501.2656
27501.3652
27501.0664
27501.2656
27501.5176
27501.1680
27501.2676
27501.4238
27501.3203
27501.3730
27501.4746
27501.4258
27501.3750
27501.6270
27501.7266
27501.8262
27502.0273
27501.7754
27501.8262
27501.8750
27501.7227
27501.6758
27501.3242
27501.1211
27501.1719
27500.8184
27500.8730
27500.7676
27501.1211
27501.0195
27501.0703
27500.8184
27500.9707
27500.6699
27500.8242
27500.6211
27500.4219
27500.3730
27500.1211
27499.9219
27499.8730
27499.8242
27499.7246
27499.4258
27499.1211
27498.7754
27498.5742
27498.4707
27498.3691
27498.3203
27497.8711
27497.8672
27497.9160
27497.7148
27497.7617
27497.8613
27498.0098
27498.3105
27498.4590
27498.5078
27498.3555
27498.1035
27498.0547
27497.7031
27497.4043
27497.2012
27497.2500
27497.0977
27496.9453
27497.0449
27496.8438
27496.5430
27496.6934
27496.4434
27496.2441
27496.2441
27496.1953
27495.9941
27495.9922
27495.8398
27495.8379
27495.6895
27495.8867
27495.7871
27495.7832
27495.3340
27495.5820
27495.6348
27495.3320
27495.4316
27495.4824
27495.3301
27495.1309
27494.8281
27494.7285
27494.6270
27494.6270
27494.5273
27494.1250
27493.7246
27493.4727
27493.1230
27492.6699
27492.3203
27492.0684
27491.8203
27491.5156
27491.1641
27490.8613
27490.5117
27490.5117
27490.3633
27490.2617
27490.1113
27489.6602
27489.4121
27489.6113
27489.6113
27489.4609
27489.5625
27489.2598
27489.2598
27489.3574
27489.1562
27488.9062
27488.8555
27488.9062
27488.7051
27488.8047
27488.6543
27488.6016
27488.5039
27488.4023
27488.4004
27488.2500
27488.1504
27488.0000
27487.5488
27487.5977
27487.2480
27487.0469
27486.9492
27486.9473
27486.6465
27486.3457
27486.1426
27486.0430
27485.9941
27485.7402
27485.8926
27485.9434
27485.4922
27485.4434
27485.0918
27484.9902
27484.8906
27484.6387
27484.6895
27484.5898
27484.4902
27484.4883
27484.4395
27484.5879
27484.6914
27484.4395
27484.3887
27484.3379
27484.1387
27484.1387
27483.6875
27483.6387
27483.5898
27483.3379
27483.2891
27483.4375
27483.4883
27483.3711
27483.2363
27483.1855
27482.8340
27482.5840
27482.4355
27482.1836
27481.9844
27481.8340
27481.8340
27481.8340
27481.8848
27481.8340
27481.7363
27481.6855
27481.3359
27481.1523
27481.2363
27481.4863
27481.5371
27481.4883
27481.3379
27481.3359
27481.2383
27481.1895
27480.7891
27480.7383
27480.4395
27480.2871
27480.1875
27480.2207
27480.0352
27480.1348
27480.0352
27480.0352
27479.7363
27479.4863
27479.7344
27479.8340
27479.5332
27479.8320
27479.7812
27479.5820
27479.3828
27478.8828
27478.4355
27478.1387
27477.5410
27477.0918
27477.2402
27477.1895
27476.8906
27476.7422
27476.5938
27476.4941
27476.3945
27475.9961
27475.6953
27475.4961
27475.6973
27475.6992
27475.4492
27475.3984
27475.0508
27474.9492
27475.1016
27474.8516
27474.7031
27474.3027
27474.1543
27474.0527
27473.6035
27473.1543
27472.8047
27472.4531
27472.1074
27471.9570
27471.6094
27471.5586
27471.6602
27471.5996
27471.3848
27470.9121
27471.0605
27470.8105
27470.6602
27470.6602
27470.8945
27471.2617
27471.2637
27471.4141
27471.6152
27471.5156
27471.5664
27471.6680
27471.2188
27471.0684
27471.1172
27470.8164
27470.5176
27470.1855
27469.8164
27469.5176
27469.3672
27469.2188
27469.3184
27469.0176
27469.0684
27468.8691
27469.4707
27469.8730
27470.9258
27471.2266
27471.5293
27471.7285
27472.0820
27471.9805
27471.9297
27471.5820
27470.8301
27470.4297
27469.9121
27469.1289
27468.7266
27468.2266
27467.6270
27467.5254
27467.2266
27466.6758
27466.6777
27466.4922
27466.3262
27466.4766
27466.1777
27466.4297
27466.5293
27466.3281
27466.6289
27466.4277
27466.7793
27466.7285
27466.7305
27466.6309
27466.8320
27466.7812
27466.8320
27466.6816
27466.9316
27466.7832
27466.6328
27466.7324
27466.8828
27466.4336
27466.8848
27467.0859
27466.7852
27466.4355
27466.3867
27466.3359
27465.9863
27465.7871
27465.9863
27465.5371
27465.4375
27465.3867
27465.2871
27464.6895
27464.5898
27465.1387
27464.8398
27464.6895
27464.8418
27464.6914
27464.5918
27464.4414
27464.2910
27464.3438
27464.1914
27463.8926
27463.9941
27463.6934
27463.6602
27463.5938
27463.5938
27463.7461
27463.8965
27464.0957
27464.0957
27464.0977
27463.8477
27463.6816
27463.5488
27463.3477
27462.9980
27463.1992
27463.3496
27462.8008
27462.7500
