    6.1763
    6.0974
    6.0216
    5.9486
    5.8752
    5.8018
    5.7310
    5.6636
    5.5930
    5.5243
    5.4594
    5.3961
    5.3386
    5.2854
    5.2370
    5.1918
    5.1469
    5.1052
    5.0644
    5.0244
    4.9852
    4.9466
    4.9049
    4.8649
    4.8287
    4.7932
    4.7586
    4.7247
    4.6914
    4.6594
    4.6291
    4.6616
    4.6957
    4.7314
    4.7703
    4.8111
    4.8567
    4.9038
    4.9527
    5.0059
    5.0574
    5.1088
    5.1586
    5.2062
    5.2474
    5.2852
    5.3241
    5.3601
    5.3949
    5.4284
    5.4626
    5.4975
    5.5315
    5.5658
    5.6023
    5.6405
    5.6775
    5.7118
    5.7460
    5.7786
    5.8111
    5.8467
    5.8838
    5.9209
    5.9565
    5.9950
    6.0334
    6.0719
    6.1113
    6.1539
    6.1950
    6.2373
    6.2797
    6.3208
    6.3603
    6.3981
    6.4375
    6.4797
    6.5186
    6.5595
    6.6021
    6.6437
    6.6811
    6.7202
    6.7559
    6.7869
    6.8160
    6.8430
    6.8648
    6.8846
    6.9011
    6.9155
    6.9297
    6.9363
    6.9399
    6.9391
    6.9372
    6.9297
    6.9208
    6.9078
    6.8935
    6.8765
    6.8564
    6.8351
    6.8126
    6.7905
    6.7701
    6.7488
    6.7308
    6.7129
    6.6948
    6.6779
    6.6607
    6.6447
    6.6287
    6.6123
    6.5971
    6.5835
    6.5710
    6.5586
    6.5448
    6.5289
    6.5145
    6.4985
    6.4824
    6.4693
    6.4535
    6.4405
    6.4274
    6.4147
    6.4049
    6.4008
    6.3967
    6.3956
    6.3957
    6.3971
    6.3997
    6.4017
    6.4005
    6.3987
    6.3946
    6.3885
    6.3836
    6.3798
    6.3773
    6.3763
    6.3785
    6.3807
    6.3846
    6.3919
    6.3980
    6.4071
    6.4164
    6.4273
    6.4440
    6.4636
    6.4861
    6.5086
    6.5340
    6.5565
    6.5790
    6.6002
    6.6231
    6.6478
    6.6760
    6.7047
    6.7368
    6.7674
    6.7980
    6.8252
    6.8521
    6.8757
    6.8974
    6.9153
    6.9312
    6.9451
    6.9557
    6.9616
    6.9676
    6.9707
    6.9741
    6.9791
    6.9843
    6.9863
    6.9884
    6.9904
    6.9879
    6.9869
    6.9829
    6.9745
    6.9630
    6.9498
    6.9322
    6.9129
    6.8921
    6.8714
    6.8508
    6.8304
    6.8105
    6.7940
    6.7796
    6.7688
    6.7599
    6.7542
    6.7500
    6.7445
    6.7374
    6.7298
    6.7250
    6.7170
    6.7098
    6.7036
    6.6974
    6.6894
    6.6800
    6.6694
    6.6563
    6.6434
    6.6264
    6.6081
    6.5914
    6.5744
    6.5558
    6.5385
    6.5206
    6.5009
    6.4822
    6.4631
    6.4425
    6.4219
    6.4031
    6.3826
    6.3623
    6.3409
    6.3215
    6.3023
    6.2847
    6.2704
    6.2620
    6.2520
    6.2477
    6.2461
    6.2459
    6.2471
    6.2502
    6.2547
    6.2608
    6.2698
    6.2788
    6.2879
    6.3001
    6.3155
    6.3294
    6.3450
    6.3608
    6.3780
    6.3953
    6.4125
    6.4254
    6.4380
    6.4476
    6.4539
    6.4588
    6.4590
    6.4549
    6.4507
    6.4450
    6.4394
    6.4325
    6.4256
    6.4187
    6.4120
    6.4072
    6.4009
    6.3978
    6.3933
    6.3916
    6.3898
    6.3895
    6.3932
    6.3996
    6.4072
    6.4194
    6.4344
    6.4509
    6.4707
    6.4919
    6.5159
    6.5384
    6.5608
    6.5828
    6.6048
    6.6254
    6.6473
    6.6705
    6.6935
    6.7179
    6.7421
    6.7646
    6.7859
    6.8089
    6.8295
    6.8508
    6.8742
    6.8978
    6.9213
    6.9430
    6.9613
    6.9764
    6.9926
    7.0089
    7.0253
    7.0405
    7.0560
    7.0689
    7.0813
    7.0935
    7.1033
    7.1125
    7.1241
    7.1350
    7.1456
    7.1577
    7.1697
    7.1849
    7.2016
    7.2186
    7.2371
    7.2571
    7.2772
    7.2958
    7.3145
    7.3317
    7.3474
    7.3633
    7.3763
    7.3907
    7.4022
    7.4151
    7.4262
    7.4389
    7.4501
    7.4612
    7.4690
    7.4768
    7.4829
    7.4848
    7.4867
    7.4862
    7.4859
    7.4870
    7.4886
    7.4904
    7.4943
    7.4988
    7.5043
    7.5119
    7.5181
    7.5240
    7.5313
    7.5366
    7.5432
    7.5512
    7.5574
    7.5640
    7.5696
    7.5744
    7.5832
    7.5944
    7.6076
    7.6181
    7.6299
    7.6418
    7.6534
    7.6643
    7.6751
    7.6851
    7.6910
    7.6950
    7.6975
    7.6988
    7.6998
    7.7015
    7.7020
    7.7030
    7.7041
    7.7059
    7.7083
    7.7100
    7.7120
    7.7141
    7.7160
    7.7205
    7.7277
    7.7379
    7.7492
    7.7633
    7.7788
    7.7930
    7.8056
    7.8170
    7.8266
    7.8362
    7.8442
    7.8524
    7.8637
    7.8749
    7.8890
    7.9047
    7.9218
    7.9404
    7.9612
    7.9823
    8.0035
    8.0247
    8.0487
    8.0721
    8.0955
    8.1177
    8.1419
    8.1664
    8.1910
    8.2140
    8.2366
    8.2568
    8.2714
    8.2835
    8.2945
    8.3004
    8.3030
    8.3040
    8.3005
    8.2940
    8.2856
    8.2768
    8.2681
    8.2606
    8.2542
    8.2490
    8.2451
    8.2403
    8.2372
    8.2343
    8.2309
    8.2293
    8.2275
    8.2224
    8.2164
    8.2125
    8.2093
    8.2070
    8.2063
    8.2088
    8.2100
    8.2100
    8.2082
    8.2047
    8.1994
    8.1925
    8.1884
    8.1876
    8.1886
    8.1912
    8.1955
    8.2016
    8.2073
    8.2112
    8.2136
    8.2143
    8.2133
    8.2105
    8.2090
    8.2056
    8.2035
    8.2043
    8.2080
    8.2101
    8.2167
    8.2261
    8.2398
    8.2550
    8.2715
    8.2850
    8.2940
    8.2988
    8.3042
    8.3088
    8.3141
    8.3170
    8.3203
    8.3239
    8.3271
    8.3333
    8.3408
    8.3498
    8.3588
    8.3663
    8.3720
    8.3775
    8.3848
    8.3948
    8.4079
    8.4226
    8.4400
    8.4590
    8.4779
    8.4969
    8.5194
    8.5419
    8.5606
    8.5796
    8.5975
    8.6140
    8.6285
    8.6434
    8.6588
    8.6733
    8.6880
    8.7039
    8.7227
    8.7409
    8.7573
    8.7744
    8.7898
    8.8047
    8.8208
    8.8370
    8.8517
    8.8695
    8.8875
    8.9067
    8.9270
    8.9454
    8.9647
    8.9823
    8.9950
    9.0032
    9.0093
    9.0096
    9.0068
    8.9995
    8.9895
    8.9782
    8.9719
    8.9704
    8.9704
    8.9731
    8.9790
    8.9847
    8.9934
    9.0049
    9.0163
    9.0283
    9.0422
    9.0565
    9.0684
    9.0810
    9.0975
    9.1160
    9.1352
    9.1549
    9.1764
    9.2007
    9.2248
    9.2487
    9.2738
    9.2987
    9.3220
    9.3450
    9.3670
    9.3905
    9.4144
    9.4375
    9.4594
    9.4810
    9.5025
    9.5209
    9.5393
    9.5583
    9.5764
    9.5922
    9.6089
    9.6262
    9.6430
    9.6603
    9.6768
    9.6941
    9.7122
    9.7309
    9.7502
    9.7690
    9.7859
    9.8009
    9.8135
    9.8240
    9.8333
    9.8425
    9.8507
    9.8561
    9.8601
    9.8600
    9.8616
    9.8632
    9.8646
    9.8631
    9.8628
    9.8642
    9.8638
    9.8628
    9.8629
    9.8624
    9.8586
    9.8558
    9.8541
    9.8506
    9.8471
    9.8462
    9.8447
    9.8398
    9.8330
    9.8259
    9.8184
    9.8065
    9.7918
    9.7784
    9.7616
    9.7431
    9.7236
    9.7062
    9.6896
    9.6768
    9.6647
    9.6554
    9.6469
    9.6412
    9.6353
    9.6295
    9.6246
    9.6222
    9.6197
    9.6171
    9.6126
    9.6051
    9.5947
    9.5809
    9.5625
    9.5441
    9.5238
    9.5044
    9.4862
    9.4690
    9.4521
    9.4390
    9.4268
    9.4171
    9.4082
    9.4006
    9.3930
    9.3863
    9.3812
    9.3787
    9.3800
    9.3783
    9.3762
    9.3742
    9.3732
    9.3709
    9.3699
    9.3707
    9.3719
    9.3738
    9.3750
    9.3779
    9.3796
    9.3813
    9.3827
    9.3838
    9.3847
    9.3857
    9.3865
    9.3876
    9.3888
    9.3898
    9.3919
    9.3925
    9.3887
    9.3867
    9.3837
    9.3819
    9.3763
    9.3685
    9.3569
    9.3443
    9.3315
    9.3203
    9.3090
    9.2987
    9.2898
    9.2824
    9.2740
    9.2656
    9.2602
    9.2597
    9.2610
    9.2695
    9.2852
    9.3070
    9.3303
    9.3537
    9.3759
    9.3985
    9.4199
    9.4420
    9.4631
    9.4833
    9.5038
    9.5264
    9.5496
    9.5759
    9.6053
    9.6345
    9.6620
    9.6907
    9.7205
    9.7502
    9.7811
    9.8109
    9.8395
    9.8673
    9.8910
    9.9134
    9.9356
    9.9599
    9.9844
   10.0102
   10.0360
   10.0666
   10.0978
   10.1307
   10.1667
   10.2044
   10.2407
   10.2784
   10.3164
   10.3559
   10.3970
   10.4415
   10.4846
   10.5309
   10.5769
   10.6260
   10.6767
   10.7297
   10.7822
   10.8328
   10.8817
   10.9288
   10.9746
   11.0207
   11.0623
   11.1034
   11.1456
   11.1877
   11.2277
   11.2680
   11.3059
   11.3429
   11.3757
   11.4060
   11.4399
   11.4759
   11.5118
   11.5549
   11.6011
   11.6490
   11.6996
   11.7518
   11.8034
   11.8520
   11.8985
   11.9454
   11.9918
   12.0389
   12.0836
   12.1305
   12.1784
   12.2269
   12.2770
   12.3315
   12.3885
   12.4478
   12.5094
   12.5735
   12.6390
   12.7084
   12.7825
   12.8609
   12.9367
   13.0142
   13.0913
   13.1682
   13.2480
   13.3312
   13.4175
   13.5060
   13.5950
   13.6840
   13.7735
   13.8647
   13.9575
   14.0527
   14.1486
   14.2474
   14.3456
   14.4419
   14.5394
   14.6380
   14.7367
   14.8369
   14.9347
   15.0346
   15.1338
   15.2313
   15.3251
   15.4177
   15.5107
   15.6025
   15.6933
   15.7882
   15.8842
   15.9764
   16.0646
   16.1547
   16.2381
   16.3185
   16.3970
   16.4755
   16.5530
   16.6308
   16.7120
   16.7952
   16.8789
   16.9696
   17.0657
   17.1688
   17.2757
   17.3856
   17.4984
   17.6119
   17.7237
   17.8330
   17.9417
   18.0491
   18.1535
   18.2550
   18.3518
   18.4441
   18.5305
   18.6144
   18.6954
   18.7766
   18.8529
   18.9270
   18.9986
   19.0684
   19.1350
   19.2026
   19.2713
   19.3393
   19.4098
   19.4762
   19.5423
   19.6092
   19.6761
   19.7440
   19.8161
   19.8849
   19.9536
   20.0227
   20.0918
   20.1623
   20.2379
   20.3150
   20.3957
   20.4797
   20.5655
   20.6553
   20.7460
   20.8394
   20.9338
   21.0341
   21.1373
   21.2450
   21.3509
   21.4576
   21.5639
   21.6697
   21.7750
   21.8820
   21.9866
   22.0938
   22.2005
   22.3053
   22.4078
   22.5096
   22.6059
   22.7001
   22.7933
   22.8875
   22.9832
   23.0818
   23.1839
   23.2884
   23.3932
   23.5015
   23.6132
   23.7240
   23.8386
   23.9553
   24.0751
   24.1976
   24.3226
   24.4534
   24.5854
   24.7228
   24.8626
   25.0068
   25.1535
   25.3039
   25.4558
   25.6100
   25.7709
   25.9327
   26.0951
   26.2589
   26.4218
   26.5854
   26.7538
   26.9233
   27.0977
   27.2724
   27.4481
   27.6214
   27.7946
   27.9670
   28.1391
   28.3114
   28.4799
   28.6463
   28.8085
   28.9680
   29.1204
   29.2724
   29.4224
   29.5742
   29.7246
   29.8765
   30.0299
   30.1829
   30.3343
   30.4892
   30.6421
   30.7931
   30.9439
   31.0932
   31.2356
   31.3766
   31.5114
   31.6411
   31.7630
   31.8815
   31.9966
   32.1107
   32.2275
   32.3478
   32.4680
   32.5872
   32.7101
   32.8303
   32.9533
   33.0805
   33.2078
   33.3368
   33.4660
   33.5956
   33.7272
   33.8589
   33.9890
   34.1171
   34.2440
   34.3697
   34.4911
   34.6089
   34.7257
   34.8392
   34.9490
   35.0571
   35.1616
   35.2585
   35.3537
   35.4442
   35.5361
   35.6281
   35.7246
   35.8211
   35.9157
   36.0085
   36.1008
   36.1893
   36.2783
   36.3679
   36.4565
   36.5461
   36.6323
   36.7192
   36.8058
   36.8921
   36.9799
   37.0683
   37.1588
   37.2516
   37.3463
   37.4426
   37.5432
   37.6465
   37.7515
   37.8618
   37.9747
   38.0906
   38.2119
   38.3336
   38.4580
   38.5840
   38.7113
   38.8330
   38.9521
   39.0696
   39.1881
   39.3070
   39.4292
   39.5522
   39.6729
   39.7943
   39.9101
   40.0218
   40.1307
   40.2327
   40.3289
   40.4214
   40.5074
   40.5867
   40.6655
   40.7432
   40.8219
   40.9013
   40.9827
   41.0662
   41.1520
   41.2399
   41.3314
   41.4243
   41.5160
   41.6014
   41.6804
   41.7486
   41.8138
   41.8756
   41.9343
   41.9889
   42.0448
   42.0973
   42.1461
   42.1970
   42.2476
   42.2972
   42.3449
   42.3889
   42.4298
   42.4660
   42.4973
   42.5222
   42.5428
   42.5580
   42.5686
   42.5737
   42.5735
   42.5703
   42.5651
   42.5630
   42.5670
   42.5733
   42.5830
   42.5945
   42.6043
   42.6080
   42.6097
   42.6068
   42.6015
   42.5909
   42.5763
   42.5577
   42.5358
   42.5074
   42.4741
   42.4385
   42.4023
   42.3640
   42.3250
   42.2827
   42.2404
   42.1949
   42.1474
   42.0927
   42.0359
   41.9713
   41.8997
   41.8256
   41.7464
   41.6651
   41.5815
   41.5006
   41.4174
   41.3341
   41.2530
   41.1761
   41.1010
   41.0214
   40.9428
   40.8647
   40.7882
   40.7101
   40.6339
   40.5567
   40.4752
   40.3922
   40.3094
   40.2250
   40.1409
   40.0585
   39.9779
   39.8991
   39.8239
   39.7482
   39.6721
   39.5964
   39.5188
   39.4422
   39.3659
   39.2905
   39.2107
   39.1263
   39.0384
   38.9518
   38.8641
   38.7747
   38.6899
   38.6077
   38.5272
   38.4467
   38.3666
   38.2840
   38.2004
   38.1110
   38.0223
   37.9308
   37.8382
   37.7411
   37.6416
   37.5411
   37.4396
   37.3351
   37.2323
   37.1304
   37.0307
   36.9285
   36.8275
   36.7275
   36.6254
   36.5241
   36.4218
   36.3207
   36.2185
   36.1168
   36.0145
   35.9130
   35.8134
   35.7147
   35.6239
   35.5347
   35.4486
   35.3594
   35.2692
   35.1767
   35.0855
   34.9960
   34.9067
   34.8198
   34.7325
   34.6399
   34.5417
   34.4363
   34.3261
   34.2125
   34.0989
   33.9862
   33.8741
   33.7659
   33.6563
   33.5404
   33.4170
   33.2892
   33.1558
   33.0164
   32.8704
   32.7204
   32.5690
   32.4113
   32.2557
   32.0966
   31.9337
   31.7653
   31.5943
   31.4207
   31.2460
   31.0715
   30.8985
   30.7262
   30.5566
   30.3892
   30.2256
   30.0656
   29.9137
   29.7641
   29.6193
   29.4782
   29.3436
   29.2132
   29.0864
   28.9632
   28.8418
   28.7233
   28.6033
   28.4798
   28.3529
   28.2262
   28.0948
   27.9595
   27.8220
   27.6803
   27.5349
   27.3895
   27.2457
   27.1058
   26.9681
   26.8319
   26.6954
   26.5598
   26.4232
   26.2883
   26.1588
   26.0351
   25.9165
   25.7998
   25.6835
   25.5567
   25.4167
   25.2604
   25.0888
   24.9075
   24.7235
   24.5424
   24.3625
   24.1865
   24.0110
   23.8351
   23.6573
   23.4788
   23.2979
   23.1117
   22.9268
   22.7417
   22.5601
   22.3785
   22.1939
   22.0099
   21.8258
   21.6404
   21.4534
   21.2644
   21.0739
   20.8814
   20.6884
   20.4903
   20.2956
   20.1015
   19.9057
   19.7085
   19.5121
   19.3156
   19.1186
   18.9212
   18.7224
   18.5233
   18.3243
   18.1282
   17.9344
   17.7504
   17.5756
   17.4118
   17.2596
   17.1182
   16.9770
   16.8386
   16.6961
   16.5514
   16.3974
   16.2340
   16.0590
   15.8724
   15.6758
   15.4693
   15.2539
   15.0353
   14.8185
   14.6012
   14.4010
   14.2199
   14.0643
   13.9322
   13.8199
   13.7206
   13.6246
   13.5287
   13.4290
   13.3257
   13.2201
   13.1108
   12.9983
   12.8901
   12.7830
   12.6767
   12.5770
   12.4794
   12.3884
   12.3022
   12.2180
   12.1369
   12.0586
   11.9864
   11.9213
   11.8621
   11.8058
   11.7511
   11.6980
   11.6443
   11.5881
   11.5334
   11.4772
   11.4193
   11.3594
   11.2974
   11.2354
   11.1731
   11.1103
   11.0487
   10.9885
   10.9255
   10.8569
   10.7826
   10.7020
   10.6111
   10.5161
   10.4197
   10.3213
   10.2268
   10.1346
   10.0514
    9.9772
    9.9148
    9.8640
    9.8234
    9.7918
    9.7671
    9.7479
    9.7298
    9.7140
    9.6899
    9.6608
    9.6211
    9.5702
    9.5088
    9.4387
    9.3658
    9.2926
    9.2207
    9.1542
    9.0936
    9.0380
    8.9877
    8.9382
    8.8922
    8.8505
    8.8072
    8.7652
    8.7226
    8.6826
    8.6472
    8.6132
    8.5814
    8.5486
    8.4543
    8.3599
    8.2637
    8.1654
    8.0662
    7.9645
    7.8638
    7.7640
    7.6627
    7.5633
    7.4669
    7.3730
    7.2809
    7.1924
    7.1089
    7.0258
    6.9429
    6.8645
    6.7889
    6.7117
    6.6335
    6.5571
    6.4779
    6.3974
    6.3169
    6.2361
    6.1579
    6.0787
    6.0029
    5.9295
