27957.6621
27957.5488
27957.6426
27958.0137
27958.0000
27958.1250
27958.4766
27958.5234
27958.4355
27958.2773
27958.3906
27958.3066
27958.4141
27958.3965
27958.3066
27958.5762
27958.2949
27958.0879
27958.4707
27958.5332
27958.6328
27958.5391
27958.8164
27958.8027
27958.5137
27958.9844
27958.7852
27959.0410
27958.9590
27958.7402
27958.9336
27958.9219
27959.1211
27958.9512
27958.8633
27959.1387
27959.2520
27959.0859
27959.3516
27959.1562
27959.4199
27959.5254
27959.7949
27959.5938
27959.8262
27959.7500
27959.7383
27959.7617
27959.6875
27959.4609
27959.5039
27959.2168
27959.1914
27959.0332
27959.4160
27959.4785
27959.3145
27959.1973
27959.2715
27959.0020
27958.9141
27958.8516
27958.6738
27958.5566
27958.9316
27958.8379
27958.7441
27958.9062
27958.4121
27958.2246
27957.9297
27958.3867
27958.2793
27958.2480
27958.0605
27957.6797
27957.7656
27957.6855
27957.6914
27957.5957
27957.3281
27957.3340
27957.1270
27957.0254
27957.0449
27956.6621
27956.5938
27956.5996
27956.2188
27956.3262
27956.4258
27956.3262
27956.3008
27956.1172
27955.8066
27955.6230
27955.9980
27955.7930
27955.6426
27955.6289
27955.7031
27955.5469
27955.4473
27955.6406
27955.6523
27955.9277
27956.1270
27955.8477
27955.9219
27955.7637
27955.5527
27955.8457
27956.0273
27955.8457
27955.9199
27955.7695
27955.7070
27955.7949
27955.8125
27955.6270
27955.6074
27955.4824
27955.7559
27955.5820
27955.4746
27955.3691
27954.8945
27955.1797
27954.9688
27955.3242
27955.0352
27955.2344
27954.9551
27955.0215
27954.9609
27954.7520
27954.9473
27954.8594
27954.6836
27954.6973
27954.5840
27954.6035
27954.5898
27954.8457
27954.6250
27954.7754
27954.6133
27954.8008
27954.8867
27954.8926
27954.9180
27955.0859
27955.0977
27955.1230
27954.7422
27954.6562
27954.6484
27954.6289
27954.7988
27954.4629
27954.5098
27954.2148
27954.6230
27954.5098
27954.4023
27954.5156
27954.0469
27954.1465
27954.3164
27953.9863
27953.9180
27953.8398
27954.1660
27954.1914
27954.0273
27954.0723
27954.1973
27953.9980
27953.8848
27954.0840
27953.8359
27953.6094
27953.7227
27953.5430
27953.6680
27953.4492
27953.5879
27953.2871
27953.5742
27953.5742
27953.6602
27953.7598
27953.6797
27953.8730
27953.9746
27953.8711
27954.3594
27954.3320
27954.3711
27954.5469
27954.5391
27954.6191
27954.7188
27954.5059
27954.5059
27954.2988
27954.2793
27954.1992
27954.5664
27954.3984
27954.2969
27954.3164
27954.3105
27954.3242
27954.1230
27954.0176
27954.1172
27953.8164
27953.6973
27953.7637
27953.8770
27953.7500
27953.8711
27953.6953
27953.6562
27953.5820
27953.8281
27953.5352
27954.0625
27953.8809
27954.0156
27954.0957
27954.0938
27954.0078
27953.8398
27953.7344
27953.6348
27953.6133
27953.5547
27953.6211
27953.6270
27953.8848
27953.8066
27954.0723
27954.1387
27954.0254
27954.0117
27954.1191
27953.9199
27954.0918
27953.9258
27953.7246
27953.7383
27953.5117
27953.5391
27953.2578
27953.5371
27953.7363
27953.7500
27953.6445
27953.5508
27953.6367
27953.5508
27953.5566
27953.4766
27953.1113
27953.3555
27953.1699
27953.2832
27953.2090
27953.0898
27952.7090
27952.8438
27952.6426
27952.2832
27952.3438
27952.3242
27952.5645
27952.5840
27952.5371
27952.2520
27952.1523
27952.1660
27951.8711
27952.0430
27951.9570
27951.9297
27952.1172
27951.6445
27951.8301
27951.9941
27951.9609
27952.0410
27952.1543
27952.2539
27952.0684
27951.8809
27951.8945
27951.7090
27951.6094
27951.6152
27951.7227
27951.7148
27951.8809
27951.8945
27951.9668
27952.0820
27951.8008
27951.9941
27951.5410
27951.8359
27951.8086
27951.6152
27951.5410
27951.4688
27951.5410
27951.4414
27951.6426
27951.6348
27951.5273
27951.0469
27951.2285
27951.4473
27951.2285
27951.2559
27951.5137
27951.5059
27951.3203
27951.3418
27951.3262
27951.3398
27951.4414
27951.6211
27951.7070
27951.5723
27951.7715
27951.6641
27951.5723
27951.5781
27951.3984
27951.4199
27951.4395
27951.6484
27951.3672
27951.2754
27951.1816
27951.2891
27951.2031
27951.2168
27951.0234
27951.0879
27950.9941
27950.8750
27952.0781
27952.6426
27953.2070
27954.5098
27953.8711
27955.3672
27954.7207
27955.5586
27955.7363
27955.8379
27956.3105
27956.3105
27956.8887
27957.1797
27956.9941
27957.1855
27957.3730
27957.6445
27957.5508
27957.4590
27957.7305
27957.5430
27957.2578
27957.3516
27956.9570
27956.8789
27956.9004
27956.5195
27956.5195
27956.4277
27956.3340
27956.8848
27955.9473
27956.7852
27956.4043
27957.0469
27956.5977
27956.8770
27956.2168
27955.9395
27955.6602
27955.3750
27955.5527
27955.1738
27955.1660
27955.2734
27955.0742
27955.0879
27955.2012
27955.0156
27954.8438
27954.5859
27954.4004
27954.3145
27954.3223
27954.1211
27953.9355
27953.9277
27953.8281
27953.8496
27953.7637
27953.7422
27953.6289
27953.6289
27953.6289
27953.5352
27953.2715
27953.3555
27953.1699
27952.8848
27952.9766
27952.8691
27952.9629
27952.8633
27952.7773
27952.6777
27952.5117
27952.5117
27952.4980
27952.3984
27952.2832
27952.3828
27952.5625
27952.6621
27952.6914
27952.6973
27952.5332
27952.5684
27952.5137
27952.5566
27952.4922
27952.5078
27952.4219
27952.5996
27952.6855
27952.6992
27952.8867
27952.9629
27953.0488
27953.1484
27953.0625
27953.1621
27953.0703
27952.9785
27952.9785
27952.8867
27952.7930
27952.6914
27952.6914
27952.6777
27952.5918
27952.5918
27952.5918
27952.5918
27952.6855
27952.5859
27952.3926
27952.4863
27952.4863
27952.4785
27952.4785
27952.3848
27952.4785
27952.7500
27952.9336
27953.1035
27953.3828
27953.2910
27953.2832
27953.1914
27953.1035
27952.8262
27952.7344
27952.7344
27952.9258
27952.9258
27952.9258
27952.8262
27952.9121
27953.0117
27953.2832
27953.4668
27953.4590
27953.5586
27953.4590
27953.6465
27953.7461
27954.0293
27954.1230
27954.1152
27954.2148
27954.3066
27954.2227
27954.3066
27954.5000
27954.5000
27954.5000
27954.5996
27954.9844
27955.0703
27954.9844
27954.9844
27954.9902
27954.9844
27954.7148
27954.6152
27954.4219
27954.4277
27954.3281
27954.3281
27954.0586
27954.1445
27954.0566
27954.0508
27953.8730
27953.9570
27953.9727
27954.0566
27954.1738
27954.3359
27954.2734
27954.5273
27954.5352
27954.5488
27954.5410
27954.6367
27954.7207
27954.7969
27954.9043
27954.7051
27954.7051
27954.7891
27954.6133
27954.6973
27954.7207
27954.6348
27954.6504
27954.5332
27954.4785
27954.6348
27954.7578
27954.8184
27954.9336
27955.0176
27954.9102
27954.8789
27954.8105
27954.7715
27954.7559
27954.6504
27954.6875
27954.5625
27954.4102
27954.3477
27954.4160
27954.3477
27954.4316
27954.4238
27954.6074
27954.4395
27954.4238
27954.4395
27954.5000
27954.4395
27954.5938
27954.7168
27954.6309
27954.7168
27954.5312
27954.5234
27954.5312
27954.5234
27954.6152
27954.7246
27954.7324
27954.7168
27954.8164
27954.9004
27955.0000
27955.3613
27955.3613
27955.4316
27955.7324
27955.5391
27955.6250
27955.9004
27955.9082
27956.0000
27956.0000
27955.9766
27956.0938
27956.0625
27956.3613
27956.5234
27956.8066
27956.8906
27956.8066
27956.7305
27956.8145
27956.7148
27956.8301
27956.8223
27956.6387
27956.5625
27956.4746
27956.4824
27956.7539
27956.9590
27957.2227
27957.2520
27957.4199
27957.5059
27957.7832
27957.7891
27957.7891
27957.6973
27957.6973
27957.6055
27957.7969
27957.7207
27957.6289
27957.7285
27958.0059
27957.9980
27958.0059
27958.0742
27958.0664
27957.9902
27957.9746
27957.9746
27958.1641
27958.3262
27958.4102
27958.3320
27958.2480
27958.2559
27958.1484
27957.9648
27957.9414
27957.9414
27957.9414
27958.0254
27958.1172
27958.3867
27958.5859
27958.7539
27958.5684
27958.5605
27958.7441
27958.8379
27958.9141
27959.0137
27959.0059
27958.9219
27959.0977
27959.1211
27959.0117
27959.0039
27959.0039
27959.0273
27959.0195
27958.9199
27959.0039
27958.9883
27959.1875
27959.1797
27959.3711
27959.3867
27959.4023
27959.5859
27959.6328
27959.4648
27959.4805
27959.6406
27959.5410
27959.6250
27959.5410
27959.7012
27959.7012
27959.6992
27959.6328
27959.8398
27959.8320
27959.7539
27959.7461
27959.6309
27959.7070
27959.5469
27959.8164
27959.8984
27960.1738
27960.1230
27960.2129
27960.2051
27960.1816
27960.2832
27960.3906
27960.4824
27960.2578
27960.3809
27960.2812
27960.4883
27960.6875
27960.4805
27960.5039
27960.5039
27960.3359
27960.5117
27960.4043
27960.6035
27960.7188
27960.4355
27960.6504
27960.5430
27960.3516
27960.4590
27960.5254
27960.5430
27960.2969
27960.3750
27960.0977
27960.0469
27959.9297
27959.9395
27960.1465
27960.3125
27960.5137
27960.3125
27960.6055
27960.6797
27960.6953
27960.4219
27960.6719
27960.5957
27960.4219
27960.6875
27961.1035
27960.9961
27961.1113
27960.9883
27961.1953
27961.1621
27961.4473
27961.2383
27961.3379
27961.5547
27961.9297
27961.6543
27961.5293
27961.5938
27961.3008
27961.6602
27961.9297
27962.1523
27962.1367
27962.2520
27962.3613
27962.2832
27962.4355
27962.5527
27962.6270
27962.4355
27962.7266
27962.5352
27962.8184
27962.7578
27963.1094
27963.0254
27963.1582
27963.3438
27963.3418
27963.1738
27963.3750
27963.1895
27963.4004
27963.2734
27963.3301
27963.5391
27963.4473
27963.3555
27963.0645
27963.3457
27963.2871
27963.3711
27963.2051
27963.1719
27963.1367
27963.4277
27963.9199
27963.4844
27963.6270
27963.9258
27963.8359
27964.0352
27964.0098
27964.1270
27964.1934
27963.7930
27963.8516
27963.5254
27964.0781
27964.0176
27963.9004
27963.5664
27963.9336
27964.2012
27964.1094
27964.1934
27964.5605
27964.2852
27964.7422
27964.7266
27964.4590
27964.5527
27964.8418
27965.0273
27965.0352
27965.1172
27965.0938
27965.4844
27965.3828
27965.1250
27965.0430
27965.4336
27965.4160
27965.1328
27965.5508
27965.6074
27965.6172
27964.9922
27965.5000
27965.1992
27965.6816
27965.3906
27965.5742
27964.8398
27965.1484
27965.7227
27965.6152
27965.4746
27965.2812
27965.4570
27965.5312
27966.0059
27966.1719
27966.3555
27966.4141
27966.1465
27966.3555
27966.2715
27966.3789
27966.2871
27966.3301
27966.2109
27966.3125
27966.4043
27966.1113
27966.1855
27965.8457
27965.8281
27965.5781
27965.5371
27965.5703
27965.5449
27965.1953
27964.9961
27964.9531
27964.6191
27964.4863
27964.3789
27964.2773
27964.2598
27964.1172
27963.8691
27964.0996
27963.6348
27963.9922
27964.0664
27964.0664
27963.8828
27964.0391
27963.6992
27963.8906
27963.7832
27963.8086
27963.5723
27963.4590
27963.1582
27963.5156
27963.5410
27963.4238
27963.3809
27962.9805
27963.1875
27962.5059
27962.6621
27962.5137
27962.6113
27962.4023
27962.8379
27962.5020
27962.6270
27962.6348
27962.6680
27962.6094
27962.4922
27962.4922
27962.7266
27962.4102
27962.0566
27962.2578
27962.4824
27962.3184
27962.4746
27962.1914
27962.1074
27962.0977
27962.4609
27962.1309
27962.6953
27962.6953
27962.4688
27962.6602
27962.6523
27962.4336
27962.4512
27962.5000
27962.5820
27962.4062
27962.5898
27962.2070
27962.7715
27962.7539
27962.6621
27962.4980
27962.6719
27962.8691
27963.1094
27962.5273
27962.6172
27962.6172
27962.3418
27962.2852
27962.0684
27961.4199
27960.7168
27960.7070
27960.6074
27960.5723
27960.5371
27960.3711
27960.7188
27960.5918
27960.6270
27960.2266
27960.7090
27960.1621
27960.0781
27960.3438
27960.1602
27960.5254
27960.2676
27960.2676
27960.1426
27960.0605
27959.8926
27960.4238
27960.1680
27960.2500
27960.0410
27959.6016
27959.6934
27959.7754
27959.6738
27959.7734
27959.8301
27959.9375
27959.9375
27959.8555
27960.4590
27960.2676
27960.5977
27960.9062
27960.7148
27960.7051
27960.8047
27960.6309
27960.5391
27960.4395
27960.4492
27960.3477
27960.3633
27960.1816
27960.0742
27960.1719
27960.3281
27960.2188
27960.1113
27960.3848
27960.2559
27960.2188
27960.5645
27960.5918
27960.7168
27960.7168
27960.5605
27960.9434
27961.1699
27961.1699
27961.5156
27961.5684
27962.0078
27961.8711
27962.1797
27962.0703
27962.5059
27962.4238
27962.4414
27962.4414
27962.8203
27962.7480
27962.8301
27963.1035
27963.2031
27963.3770
27963.4297
27963.4121
27963.6191
27963.6816
27963.9375
27964.1914
27964.1270
27964.2988
27964.2266
27964.4727
27964.3613
27964.4062
27964.8594
27964.7676
27964.7852
27965.1973
27965.2051
27965.2949
27965.2891
27965.2148
27965.1152
27965.4160
27965.6582
27965.8750
27965.9941
27966.0234
27966.1504
27965.7949
27965.9395
27965.9570
27966.5391
27966.4570
27966.7832
27966.6562
27966.8105
27966.7090
27966.5645
27966.5645
27966.6270
27966.9199
27966.3535
27966.4004
27966.3359
27966.2266
27966.2070
27965.9531
27965.8691
27965.7969
27965.6875
27966.0078
27965.9609
27965.8789
27966.1523
27966.3516
27966.1777
27965.8047
27965.6680
27965.6777
27965.5762
27966.2129
27966.7480
27967.4043
27967.5488
27967.6562
27967.6484
27967.9121
27968.0938
27968.0742
27968.2930
27967.8750
27967.9551
27967.7930
27967.5996
27968.0000
27967.6719
27967.8633
27967.8008
27967.7910
27968.0801
27967.9902
27968.3535
27967.9531
27967.9785
27967.8789
27968.1230
27968.2422
27968.3047
27968.1582
27968.1582
27968.2500
27968.1777
27968.1484
27968.3301
27968.0488
27968.0918
27967.7578
27968.2832
27967.6367
27967.6562
27967.5820
27967.5098
27967.4922
27967.3730
27967.0996
27967.4531
27967.5176
27967.9434
27968.2969
27967.9238
27968.0703
27968.0605
27968.2500
27968.3047
27968.2051
27967.9395
27968.2129
27968.2129
27968.2402
27968.5938
27968.5840
27968.4648
27968.4551
27968.8086
27968.8438
27968.9355
27968.9531
27969.0254
27969.0254
27968.8145
27968.9414
27968.6250
27968.7500
27968.7852
27968.7305
27968.5957
27968.9297
27968.6387
27968.7441
27968.5996
27969.1602
27969.0254
27968.7891
27968.5527
27968.6680
27968.7773
27968.8027
27968.8301
27968.7734
27968.9102
27968.6562
27968.6367
27968.6816
27968.4648
27968.7832
27968.7539
27968.9434
27968.8633
27969.1602
27968.9434
27968.9512
27968.7715
27968.8418
27969.1309
27969.2793
27969.3301
27969.4492
27969.5488
27969.2949
27968.9668
27969.2578
27969.4082
27969.3281
27969.1543
27969.2363
27969.2285
27969.4062
27969.4043
27969.4062
27969.5762
27969.1953
27969.1133
27969.1211
27968.9121
27968.7324
27968.4316
27968.6289
27968.5820
27968.5430
27968.3730
27968.4805
27968.4531
27968.7520
27968.5410
27968.5508
27968.2891
27967.9961
27967.6152
27967.6973
27967.4043
27967.4941
27967.3945
27967.3848
27967.4941
27967.4121
27967.3027
27967.7734
27967.2402
27967.3398
27967.4766
27967.2676
27967.3672
27967.3750
27967.4453
27967.4551
27967.0020
27967.1211
27966.8398
27966.9199
27966.5000
27966.9707
27967.3242
27966.9512
27967.1309
27966.7695
27966.8789
27966.5449
27966.6152
27966.8965
27966.5625
27966.9062
27966.6426
27966.9336
27966.5176
27966.5898
27966.6074
27966.7676
27966.8594
27967.1387
27967.0195
27967.0488
27966.9492
27966.8770
27966.6230
27966.6328
27966.6133
27966.7227
27966.5312
27966.7012
27966.7305
27966.9023
27966.9922
27966.9121
27966.9102
27967.0195
27967.0996
27966.7754
27967.0371
27966.6855
27966.7832
27967.0547
27966.6836
27966.6934
27966.7305
27966.9199
27966.9102
27966.8301
27966.7383
27966.7383
27966.8809
27966.8789
27967.0605
27966.8691
27967.2598
27966.9785
27966.5781
27967.0781
27966.4453
27966.7969
27966.3242
27966.6152
27966.3145
27966.4043
27965.8145
27966.2324
27965.9219
27966.2129
27966.2227
27966.1328
27965.8691
27966.0215
27965.9297
27965.9395
27965.7773
27965.5254
27965.4062
27965.3359
27965.6777
27965.7773
27965.7754
27965.7949
27965.6855
27965.4238
27965.4238
27964.8906
27965.1621
27964.8711
27964.8516
27964.4902
27964.3887
27964.0176
27964.0176
27964.0176
27964.2090
27963.7480
27963.7363
27963.7266
27963.5664
27963.4062
27963.5059
27963.0039
27963.5137
27963.4043
27963.3750
27963.4648
27963.3652
27963.3555
27963.1836
27963.2441
27963.3438
27963.2441
27963.1543
27963.6035
27963.6738
27963.6641
27963.9434
27963.6641
27963.7930
27963.7715
27964.0918
27964.2812
27964.6016
27964.3008
27963.9395
27964.3887
27963.7383
27964.1289
27963.9473
27963.7480
27963.9883
27964.0684
27964.3281
27964.3184
27963.9668
27964.1270
27964.0664
27963.9746
27964.1465
27963.6953
27963.8848
27963.4941
27963.7949
27963.6543
27963.6738
27963.9121
27964.1426
27964.0234
27964.3320
27964.7129
27964.6934
27964.7812
27964.9023
27964.6523
27964.9121
27964.9414
27964.8789
27965.0098
27965.1094
27964.9102
27964.9297
27964.9199
27964.7480
27964.7363
27964.4883
27964.5664
27964.2656
27964.2051
27964.3555
27964.2656
27964.5957
27964.1348
27964.4844
27964.4941
27964.3945
27964.1621
27964.3125
27964.5918
27964.6016
27964.5820
27964.6816
27964.5605
27964.6602
27964.9277
