27460.1660
27459.7480
27459.7871
27460.1426
27460.2031
27460.1406
27460.1602
27460.4980
27460.4395
27460.5000
27460.7383
27460.6973
27460.6582
27460.6367
27460.5566
27460.6523
27460.6934
27460.9512
27460.7109
27460.9492
27461.0664
27460.8301
27460.9082
27460.5898
27460.6289
27460.3281
27460.4082
27460.3066
27460.1113
27460.3887
27460.1309
27460.0117
27459.9941
27459.6523
27459.8320
27459.6094
27459.3691
27459.3516
27459.3301
27459.5469
27459.6074
27459.4258
27459.3242
27459.3848
27459.6211
27459.3008
27459.7578
27459.2207
27459.5176
27459.3379
27459.2988
27459.0996
27459.1777
27458.7793
27459.1562
27458.6172
27459.1133
27458.8945
27458.5547
27458.8730
27458.4336
27458.2734
27458.6504
27458.6875
27458.5488
27458.6680
27458.7266
27458.7852
27458.7832
27458.6445
27458.9629
27458.5234
27458.5410
27458.3398
27458.5586
27458.4766
27459.2129
27458.4160
27458.8125
27459.2891
27459.2305
27459.4863
27459.6855
27460.1445
27460.3809
27460.4180
27460.2988
27460.4160
27460.4180
27460.7148
27460.2734
27460.2129
27460.3125
27460.0918
27459.7715
27459.8906
27459.2305
27459.1914
27459.2500
27459.2285
27459.0078
27459.1855
27459.1641
27459.4219
27459.4414
27458.7812
27459.8574
27459.4980
27459.4355
27459.8340
27460.0742
27459.7148
27459.8516
27460.1914
27460.2891
27459.7480
27460.0664
27459.6660
27459.5254
27459.7246
27459.1230
27459.3223
27459.2617
27459.2207
27459.3203
27459.4395
27459.6973
27459.4766
27459.8945
27459.6738
27459.7324
27460.1719
27460.1914
27460.4512
27461.0488
27461.3477
27461.6855
27462.1055
27462.0645
27462.6055
27462.7227
27462.6816
27463.4199
27463.2812
27463.5195
27463.5781
27464.0977
27463.9570
27464.3164
27464.0742
27463.9746
27463.4531
27463.4121
27463.1309
27462.8301
27462.6309
27462.5684
27462.2070
27462.0859
27462.0859
27462.2832
27461.8848
27461.7617
27461.5605
27461.8008
27461.7578
27461.5586
27461.3770
27461.2578
27461.2559
27460.9746
27461.0547
27460.6328
27460.9727
27460.9531
27462.0137
27461.4336
27461.6113
27461.8711
27461.8281
27462.3867
27461.9883
27462.3477
27462.3281
27462.3262
27462.1035
27462.3652
27461.7422
27462.0430
27462.0820
27461.9609
27462.2012
27462.1621
27461.9395
27462.2402
27461.9590
27462.1191
27462.0195
27461.5781
27462.0762
27461.7754
27462.2949
27461.9961
27462.2344
27461.6934
27461.9941
27461.8711
27461.9297
27461.9707
27461.9707
27461.9902
27462.1699
27462.2480
27461.6465
27461.9277
27462.0664
27462.0645
27462.1836
27461.5195
27461.6602
27461.4766
27462.0742
27461.4551
27462.1172
27461.7734
27462.3945
27462.4336
27462.1738
27462.1133
27462.1328
27462.0898
27462.1328
27462.4727
27462.4727
27462.7520
27462.6523
27462.8516
27462.9238
27463.2617
27462.7441
27462.6992
27462.5742
27462.3516
27462.7520
27462.7871
27462.9473
27462.7461
27462.6816
27462.6191
27462.6133
27462.1738
27461.6875
27461.8281
27461.5488
27461.6055
27461.1426
27461.2246
27461.1445
27460.7188
27460.8418
27460.5391
27460.5195
27460.2812
27460.6035
27460.8652
27461.0469
27461.3066
27461.6875
27461.2090
27461.3652
27461.4492
27460.7832
27460.3613
27460.7812
27460.3379
27460.5820
27460.9805
27460.8594
27460.5605
27460.2383
27460.3594
27460.3633
27460.3652
27460.6602
27460.5410
27460.6172
27460.7344
27460.3730
27459.9883
27459.9844
27460.1680
27460.2676
27460.4648
27460.5859
27460.9805
27460.6953
27460.4121
27460.4258
27460.2422
27460.3984
27460.2559
27460.8203
27460.8574
27460.9355
27460.8125
27461.0137
27460.8945
27461.0742
27461.2539
27461.0918
27460.7910
27460.5664
27460.5703
27460.8301
27460.9941
27461.1309
27461.1719
27461.7559
27461.4102
27462.4805
27462.7402
27463.7656
27463.2852
27463.5840
27463.3457
27463.7871
27463.8672
27464.1074
27464.3301
27464.4434
27464.4043
27464.5645
27464.4043
27464.9297
27464.9727
27465.1934
27465.3750
27465.0527
27464.6250
27464.6094
27464.5625
27464.4844
27464.5430
27464.4199
27464.3594
27464.2012
27464.0957
27463.7754
27463.7129
27463.4082
27463.5078
27463.2656
27463.0586
27462.9766
27462.7324
27462.7129
27462.5703
27462.3887
27462.3672
27462.2871
27462.2422
27462.0234
27461.9414
27461.6797
27461.3535
27461.3535
27461.4512
27461.5137
27461.6328
27461.7539
27461.4102
27461.4512
27461.4766
27461.4551
27461.4160
27461.5195
27461.7441
27462.0078
27462.2500
27462.2500
27461.8438
27460.9531
27460.0625
27459.7363
27460.0605
27460.2637
27460.2188
27459.7324
27459.4277
27459.5488
27459.7871
27459.6914
27459.6484
27459.4688
27459.4258
27459.2676
27459.0684
27458.8477
27458.6035
27458.9453
27458.9824
27459.1016
27459.4180
27459.6113
27459.8125
27460.1855
27460.1230
27460.2168
27460.3535
27460.4902
27460.5273
27460.6074
27460.7246
27460.6621
27460.7793
27460.8594
27460.6777
27460.7344
27460.5508
27460.4492
27460.5098
27460.7910
27460.7910
27460.6465
27460.6465
27460.7695
27460.7910
27460.8340
27460.8145
27460.8125
27460.8574
27460.9375
27461.1211
27461.0449
27460.7832
27460.3379
27459.9570
27460.1172
27460.3047
27460.6289
27460.5469
27460.3008
27460.3008
27460.4180
27460.3164
27460.0352
27459.9707
27459.8887
27460.0508
27459.8066
27459.7441
27459.5605
27459.5586
27459.4766
27459.3945
27459.4941
27459.6113
27459.6230
27459.2832
27459.3027
27459.2012
27459.0996
27458.9805
27458.9180
27458.7344
27458.5898
27458.4258
27458.2812
27458.2168
27458.2734
27458.1641
27458.1641
27458.1797
27458.0801
27457.9980
27458.0957
27458.0137
27457.9141
27457.8926
27457.7734
27457.8535
27457.8340
27457.8145
27457.8320
27457.7695
27457.8301
27457.7480
27457.7461
27457.7266
27457.7070
27457.7070
27457.6230
27457.6211
27457.6758
27457.5137
27457.4941
27457.4922
27457.4902
27457.5078
27457.5625
27457.5625
27457.6797
27457.5977
27457.5957
27457.6934
27457.8008
27457.8379
27457.7988
27458.0234
27458.0215
27458.1484
27458.2090
27458.2520
27458.2773
27458.1133
27458.0938
27458.1113
27458.1113
27458.0918
27457.8887
27457.8066
27457.8066
27457.8418
27458.0684
27458.0859
27458.1016
27458.1641
27458.2988
27458.3613
27458.3613
27458.2344
27458.0957
27458.2324
27458.1133
27458.1289
27457.9277
27457.9453
27457.9258
27457.9238
27457.9414
27458.0859
27458.0859
27458.1660
27458.2285
27458.2715
27458.2988
27458.3594
27458.4043
27458.3672
27458.2734
27458.0371
27457.9805
27457.9609
27457.9414
27457.9414
27458.2207
27458.3008
27458.4199
27458.4824
27458.5449
27458.5430
27458.5605
27458.5156
27458.5137
27458.4863
27458.4023
27458.4199
27458.4199
27458.4375
27458.4727
27458.5078
27458.4434
27458.5605
27458.5781
27458.6777
27458.7578
27458.8574
27458.8926
27458.7734
27458.8086
27458.7441
27458.7617
27458.8613
27458.6953
27458.6953
27458.6758
27458.7207
27458.5996
27458.6094
27458.4902
27458.5352
27458.4336
27458.5957
27458.5957
27458.7480
27458.8027
27459.0000
27458.8555
27458.9082
27459.0332
27459.0703
27458.8965
27459.0605
27458.7578
27458.7852
27458.9844
27459.0117
27458.9277
27458.8438
27458.9902
27458.9531
27459.0527
27459.0332
27458.8691
27459.1406
27458.7949
27459.0391
27458.6543
27458.5723
27458.7363
27458.4082
27458.5801
27458.5781
27458.2969
27458.5410
27458.3594
27458.7676
27458.3301
27458.9023
27458.8457
27458.9727
27459.3359
27459.3809
27459.3711
27459.6523
27459.8516
27459.6504
27459.8145
27459.8125
27459.7031
27460.0488
27459.8008
27459.7539
27459.5352
27459.4688
27459.6230
27459.2578
27459.3105
27459.3203
27459.2559
27459.2910
27459.2539
27459.3613
27459.2695
27459.5684
27459.5977
27459.7852
27459.9766
27460.0059
27460.3848
27460.5488
27460.7402
27460.6035
27460.8398
27460.5391
27461.0488
27460.7363
27461.0469
27460.8184
27460.7461
27460.9902
27460.9727
27460.8262
27461.1367
27460.7637
27461.0801
27460.9609
27460.8965
27460.9062
27461.1777
27461.3574
27461.4395
27461.1855
27461.4863
27461.4434
27461.4062
27461.2168
27461.5020
27461.3008
27461.7930
27461.2285
27461.7207
27461.5527
27461.5820
27461.6523
27461.4746
27461.7031
27461.3730
27461.3789
27461.0957
27460.8965
27460.9590
27460.8184
27461.1172
27461.0449
27461.2402
27460.8027
27461.2910
27461.3086
27461.4316
27461.3184
27461.2715
27461.0527
27461.1270
27461.3262
27461.3086
27461.1777
27461.3945
27461.2832
27461.6055
27461.7227
27462.1270
27462.2324
27462.5039
27462.6074
27462.8184
27462.5410
27463.0645
27462.6328
27462.7910
27462.3906
27462.6660
27462.4023
27462.4062
27462.7363
27462.5215
27462.7344
27462.3691
27462.5195
27462.5156
27462.4531
27462.7656
27462.6875
27463.0215
27462.4922
27462.9141
27462.6855
27462.4492
27462.7305
27462.3652
27462.8418
27462.5273
27462.5957
27462.4727
27462.7090
27462.3301
27462.7598
27462.7070
27462.6758
27462.7695
27462.9160
27462.5723
27462.7324
27462.4648
27462.0879
27462.6133
27462.2695
27462.3809
27462.4492
27462.4316
27462.0176
27462.5293
27461.8223
27462.6289
27462.1973
27461.7676
27462.3301
27462.0293
27462.1465
27462.2285
27462.3398
27462.3691
27462.4043
27462.3457
27462.3984
27462.4941
27462.0625
27462.1133
27461.5645
27461.6992
27461.6152
27461.9102
27461.8145
27461.6484
27461.3516
27461.0488
27461.2324
27460.8652
27460.9785
27460.8477
27460.9941
27461.1250
27460.6777
27460.8438
27460.7266
27460.7734
27460.6719
27460.1562
27460.0078
27459.7422
27459.8262
27459.6094
27459.6953
27460.3906
27460.1113
27460.3047
27459.8164
27459.5625
27459.5781
27459.4961
27459.8438
27459.7461
27459.2812
27459.0781
27459.0938
27458.8125
27458.9141
27459.0918
27458.8945
27458.9766
27459.1445
27459.0742
27459.1250
27458.9082
27459.3887
27458.9238
27459.0723
27458.9570
27459.1191
27458.6719
27458.8672
27458.5039
27458.8164
27458.9824
27458.9160
27458.8965
27458.4336
27458.5645
27458.6973
27458.7441
27458.6133
27458.8418
27458.7266
27458.8262
27458.8105
27458.7246
27459.0742
27459.0547
27458.8730
27459.1367
27459.2871
27459.1875
27459.5352
27459.2207
27459.3848
27459.2520
27459.8320
27459.5020
27459.9297
27459.9004
27459.9824
27459.7480
27459.4473
27459.7617
27459.6621
27459.2793
27459.5449
27458.9785
27459.0293
27458.9766
27458.7949
27459.0078
27458.8105
27458.7754
27458.7402
27459.1055
27459.0879
27458.8379
27458.8711
27459.0664
27458.7188
27459.0977
27459.3984
27458.8809
27459.3457
27458.8145
27458.8633
27458.9941
27458.7617
27459.1758
27459.0918
27458.9902
27459.2227
27459.2695
27459.2539
27459.2344
27459.2676
27459.1172
27459.5820
27459.2988
27459.4785
27459.5117
27459.6289
27459.5078
27459.6250
27459.7070
27460.0215
27459.8223
27459.7891
27459.8379
27459.9199
27459.9355
27459.8184
27459.9844
27460.1328
27459.8477
27460.0137
27460.3438
27460.3262
27460.4746
27460.3242
27460.7559
27460.8711
27460.9023
27461.1348
27460.9004
27461.3320
27461.4629
27461.5117
27461.4766
27461.8926
27461.7930
27461.7910
27461.8066
27462.0723
27462.0703
27462.3516
27462.3496
27462.0996
27462.6797
27462.3945
27462.5625
27462.5781
27462.6250
27462.6895
27462.9043
27463.0703
27463.0527
27463.2188
27463.8320
27463.9316
27464.2148
27464.4805
27464.5273
27464.8594
27465.1582
27465.4902
27465.5391
27466.0703
27466.3711
27466.4023
27466.4336
27466.5820
27466.7793
27466.9629
27466.7598
27466.7754
27466.9082
27466.9551
27467.0391
27467.0879
27467.0859
27466.8672
27467.4316
27467.3145
27467.8301
27467.5957
27467.9785
27467.9766
27468.3926
27468.4902
27468.3906
27469.0215
27469.1035
27469.1016
27469.2832
27469.4004
27469.6816
27469.8965
27469.4453
27469.9277
27469.8926
27469.3887
27469.5391
27469.4355
27469.5195
27469.5996
27469.7324
27469.8145
27469.9473
27470.0117
27469.4941
27469.6582
27469.5039
27469.4863
27469.2363
27469.5000
27469.6660
27469.6992
27469.9473
27470.1621
27470.4805
27471.4805
27471.4297
27471.4941
27471.4434
27471.4766
27471.4414
27471.8574
27471.9238
27471.7441
27472.3223
27471.9707
27472.3027
27472.4336
27472.5156
27472.5332
27472.5488
27472.1797
27472.4102
27472.6113
27472.1406
27472.7090
27472.9434
27472.6738
27473.1074
27473.1074
27473.4219
27473.2559
27473.6211
27473.3359
27473.5039
27473.5176
27473.6660
27473.2812
27473.6113
27473.4297
27473.7637
27473.6953
27473.6289
27473.5430
27473.6113
27473.2422
27473.6582
27473.2598
27472.9922
27472.9961
27472.6934
27472.9160
27472.7324
27472.5645
27472.5801
27472.4766
27472.8418
27472.5879
27472.0684
27472.2168
27471.7285
27471.6758
27471.2910
27471.1074
27471.3594
27470.9395
27470.6543
27470.5703
27470.3027
27470.1484
27470.1309
27469.9980
27470.3633
27470.3613
27471.0312
27470.8633
27470.6094
27470.7441
27470.5273
27470.4434
27470.3105
27470.2754
27469.9902
27470.5918
27471.0586
27471.2266
27470.9570
27470.8242
27470.4160
27470.0977
27469.5938
27469.5762
27469.3066
27469.2793
27469.1113
27469.3945
27469.5781
27469.7285
27469.2441
27468.9238
27468.9062
27468.4238
27467.9199
27467.6543
27467.6738
27467.5762
27467.5762
27467.7617
27467.4766
27467.2715
27467.3926
27467.2695
27467.5215
27467.3633
27466.8945
27466.8926
27466.5195
27466.8379
27466.6016
27466.1152
27466.6836
27466.3672
27466.3965
27466.1172
27466.2676
27466.0449
27466.2539
27466.2676
27466.2520
27465.9824
27465.1934
27465.4590
27465.0215
27464.6855
27464.7676
27464.5137
27464.5137
27464.2969
27464.2441
27463.9043
27464.5078
27464.3438
27464.7109
27464.3574
27464.0234
27463.9551
27463.7695
27463.9219
27463.4004
27464.0664
27463.7656
27463.9648
27463.7793
27463.9453
27463.5762
27463.5898
27463.9316
27463.9688
27463.3457
27463.1602
27463.3320
27463.1113
27463.1621
27463.7148
27463.3281
27463.5957
27463.3574
27463.3574
27463.1191
27463.2031
27463.3223
27462.6328
27462.4609
27462.6973
27462.1602
27462.2422
27461.8262
27461.7715
27461.4707
27461.2852
27461.5859
27461.8359
27461.1875
27461.2246
27461.1973
27461.1016
27460.9434
27460.5840
27461.0977
27461.0059
27460.9355
27460.6836
27460.3809
27460.3633
27459.8379
27459.7676
27460.0293
27460.0273
27459.8574
27459.8203
27459.0273
27459.1484
27459.7539
27459.6836
27459.7051
27459.8340
27459.8926
27459.8691
27459.8945
27460.0742
27459.8887
27459.7344
27459.8242
27460.1230
27460.1074
27459.8516
27460.0430
27459.8027
27459.9258
27459.7227
27459.6367
27459.3535
27459.4746
27459.4570
27459.7637
27459.8223
27459.7207
27460.2266
27460.1484
27459.8340
27460.2305
27460.4375
27460.3145
27460.1504
27460.1504
27460.1484
27459.9258
27459.8027
27460.1387
27460.1016
27459.7988
27459.6074
27459.1602
27459.1973
27458.7441
27459.1504
27458.9551
27458.9922
27459.4766
27459.8516
27460.1895
27460.7266
27460.4277
27460.9492
27460.9707
27461.0625
27460.9688
27461.5215
27461.0137
27461.2285
27461.8262
27461.7188
27462.2871
27461.9336
27461.9316
27461.8301
27461.9688
27461.5293
27461.4746
27461.3828
27461.6270
27461.6035
27461.9414
27461.5859
27462.0391
27462.0684
27462.3926
27462.5293
27462.3066
27462.6289
27462.6445
27462.4727
27462.3262
27462.1875
27462.1211
27462.4688
27462.0137
27462.4531
27462.1836
27461.9824
27462.1113
27462.1406
27462.1250
27462.1543
27462.0918
27462.4629
27462.1777
27462.3691
27461.7910
27462.1836
27462.2520
27461.8516
27461.6973
27461.9297
27461.5645
27461.1250
27461.4082
27462.0195
27461.9551
27462.0488
27462.3867
27462.5625
27462.9492
27463.0625
27463.2324
27463.0625
27462.9004
27462.6367
27462.3516
27462.4355
27461.9707
27462.1543
27461.7051
27461.3887
27461.4902
27461.3789
27461.3574
27461.1465
27460.7910
27460.7207
27460.8496
27460.8340
27460.9570
27460.9082
27461.0879
27461.1016
27461.3301
27461.6953
27461.9336
27462.3281
27462.8125
27462.9902
27463.5898
27463.3203
27464.1895
27463.9121
27464.0176
27464.2676
27464.0410
27463.8652
27463.2598
27463.1895
27462.8496
27462.7617
27462.6777
27462.9160
27462.4863
27462.5547
27462.1289
27462.0996
27462.4531
27462.2832
27461.9414
27462.3066
27461.8711
27461.5293
27461.5430
27460.9023
27461.0312
27461.0312
27460.9883
27460.8145
27460.8574
27460.6289
27460.7266
27460.4707
27460.1016
27459.8594
27459.9121
27459.8574
27460.1230
27459.5703
27460.0957
27459.6543
27459.3574
27459.8672
27460.0059
27459.5547
27459.6211
27460.2090
27459.8887
27459.6660
27460.1035
27459.6055
27459.2051
27458.9336
27459.4277
27459.4277
27459.6387
27459.2129
27459.3672
27459.0664
27459.1504
27459.3496
27459.3594
27459.2344
27459.6699
27459.6426
27459.6133
27460.4199
27460.0527
27459.9121
27460.5078
27460.8066
27460.6934
27460.6641
27461.0332
27461.1465
27461.4629
27461.5059
27460.9941
27461.2207
27461.3047
