28050.4258
28050.8750
28051.0742
28051.3730
28051.6973
28051.7461
28052.1211
28052.1953
28052.6465
28052.7695
28052.5938
28052.5195
28052.5684
28052.6172
28052.6914
28052.7188
28052.5664
28052.6934
28052.7676
28052.7656
28052.8652
28053.0918
28053.3145
28053.1660
28053.0391
28053.0137
28053.2383
28053.2871
28052.8379
28053.4609
28053.6094
28053.4102
28053.6367
28053.3594
28053.2852
28053.1348
28053.1074
28053.0312
28053.3047
28053.2051
28052.9531
28053.0527
28053.1035
28052.8770
28053.0020
28052.8262
28053.0488
28053.0488
28053.2500
28053.2227
28053.5723
28053.7461
28053.8203
28053.9961
28054.1445
28054.2461
28054.1680
28054.2441
28054.3691
28054.3164
28054.1914
28054.1660
28054.3164
28054.6133
28054.2129
28054.1367
28054.1367
28053.9883
28054.0859
28053.5332
28053.2090
28052.9824
28053.0312
28052.5801
28052.6309
28052.7539
28052.6055
28052.4531
28052.4277
28052.4512
28052.1738
28051.9980
28052.0723
28051.9473
28051.7969
28052.0703
28052.0684
28052.0664
28052.2637
28052.0625
28052.1836
28052.0586
28052.3066
28052.1582
28052.3594
28052.2832
28052.7051
28052.5762
28052.9512
28053.0996
28053.0469
28053.0723
28052.8496
28052.8262
28052.8281
28052.7754
28052.6484
28052.4980
28052.4453
28052.7207
28052.6680
28052.7168
28052.7402
28052.6152
28052.6387
28052.5879
28052.4609
28052.2363
28052.2832
28052.3594
28052.4570
28052.2324
28052.4062
28052.4805
28052.7324
28052.5078
28052.6855
28052.4844
28052.5371
28052.5117
28052.5625
28052.3828
28052.5059
28052.5020
28052.4512
28052.3281
28052.4277
28052.2266
28052.4512
28052.4258
28052.4492
28052.5488
28052.6445
28052.9453
28053.1152
28053.1641
28053.2383
28053.5898
28053.3633
28053.4609
28053.3594
28053.5605
28053.6836
28053.8301
28053.8027
28053.8320
28053.9844
28053.9375
28053.9121
28053.9883
28053.9902
28054.2383
28054.0664
28054.0898
28054.2871
28054.4121
28054.3848
28054.3809
28054.4297
28054.4023
28054.6523
28054.5234
28054.4023
28054.4531
28054.2793
28054.1074
28054.1602
28054.1602
28054.2070
28054.2324
28054.2285
28054.2793
28054.2266
28054.1270
28053.9492
28053.7500
28053.7480
28053.7715
28053.8223
28053.9453
28053.8691
28053.7930
28053.8418
28053.8164
28053.9648
28053.8887
28053.7871
28053.7363
28053.5098
28053.7383
28053.5605
28053.8887
28053.8652
28053.8398
28053.8438
28053.8906
28054.0176
28054.0684
28053.9922
28054.0195
28053.6660
28053.8672
28053.8867
28053.8145
28053.7090
28053.5879
28053.6113
28053.4629
28053.3867
28053.2559
28053.2324
28053.0840
28053.2148
28053.0859
28053.2617
28053.1855
28053.5156
28053.4629
28053.6855
28053.6348
28053.5332
28053.7090
28053.4531
28053.5508
28053.5488
28053.4434
28053.4141
28053.3594
28053.2832
28053.3027
28053.2480
28053.4238
28053.1992
28053.1465
28053.1484
28053.2773
28053.3242
28053.5723
28053.8750
28054.4062
28054.5215
28054.7168
28054.5918
28054.6152
28054.4883
28054.8184
28054.6660
28054.7930
28054.6934
28054.6914
28054.6426
28054.4902
28054.4648
28054.6172
28054.4629
28054.2598
28054.1543
28053.9414
28054.0137
28054.3906
28054.7461
28054.3652
28054.2695
28054.5898
28054.7402
28054.7109
28054.5820
28054.9375
28054.8945
28055.1211
28055.1719
28055.0996
28055.0234
28054.8945
28054.8652
28054.8105
28054.9062
28054.8730
28054.9727
28054.9199
28054.7676
28054.5137
28054.6172
28054.4922
28054.3672
28054.2441
28053.9902
28053.7891
28053.5879
28053.4629
28053.2637
28052.9863
28052.5039
28052.1992
28051.9160
28051.7363
28051.6523
28051.6758
28051.5234
28051.4473
28051.3691
28051.0918
28050.8613
28050.6855
28050.3555
28050.0801
28049.9766
28049.8008
28049.7754
28049.7266
28049.6270
28049.6074
28049.3301
28049.1055
28048.9336
28049.0898
28049.0410
28048.9688
28048.9434
28048.8945
28048.7754
28048.9805
28049.1094
28049.3652
28049.5703
28049.8926
28049.8203
28050.0020
28050.0820
28050.0586
28050.2168
28050.1074
28049.9824
28050.0586
28050.1875
28050.1582
28050.2695
28050.2871
28050.3867
28050.5391
28050.8145
28050.6797
28050.6738
28050.8203
28051.0195
28051.2188
28051.3418
28051.4414
28051.5391
28051.5859
28051.8379
28052.0371
28052.0605
28052.1816
28052.1289
28052.1289
28052.0762
28052.0742
28051.9453
28051.9453
28051.7656
28051.7891
28051.6406
28051.4883
28051.4941
28051.3926
28051.3457
28051.1133
28051.1895
28051.2598
28051.4121
28051.4121
28051.2578
28051.0801
28050.8555
28050.7559
28050.6074
28050.5840
28050.5352
28050.4590
28050.3047
28050.2266
28050.2266
28050.0430
28049.9121
28049.8594
28049.9512
28050.1914
28050.4082
28050.4473
28050.6406
28050.8633
28051.0098
28051.0312
28051.0781
28051.2070
28051.2832
28051.2812
28051.3047
28051.4512
28051.5195
28051.5605
28051.6582
28051.7812
28051.7031
28051.6504
28051.6016
28051.5781
28051.4277
28051.3809
28051.3086
28051.3164
28051.2930
28051.1973
28051.1270
28051.1562
28051.5449
28051.5508
28052.0625
28052.0625
28052.2910
28052.3359
28052.5371
28052.5586
28052.6289
28052.7207
28052.7441
28052.7109
28052.7871
28053.3770
28053.6602
28053.8672
28054.0254
28054.2324
28054.2852
28054.1836
28054.3125
28054.3125
28054.3418
28054.2637
28054.2402
28054.2402
28054.1855
28054.3066
28054.3301
28054.3770
28054.4512
28054.3750
28054.3809
28054.3340
28054.1094
28054.1934
28054.1465
28054.1543
28054.0840
28054.3652
28054.0898
28054.3496
28054.4023
28054.2461
28054.4004
28054.2227
28054.1992
28053.9766
28053.8281
28053.7598
28053.5117
28053.5098
28053.3867
28053.5801
28053.3262
28053.2480
28053.1777
28053.0762
28052.8145
28052.7676
28052.8438
28052.9453
28052.9434
28052.8652
28052.8652
28052.9648
28052.9414
28053.1172
28053.0410
28053.1406
28053.4082
28053.6621
28053.8926
28054.2773
28054.5059
28054.6211
28055.0820
28054.9297
28055.2578
28055.3047
28055.6660
28055.6641
28055.6875
28055.7656
28055.9414
28055.7637
28055.5625
28055.4863
28055.5156
28055.2852
28055.2852
28055.3066
28055.2285
28055.0977
28055.1738
28055.0664
28055.2891
28055.3105
28055.3867
28055.6426
28055.5410
28055.7031
28055.7578
28055.7871
28055.8105
28055.8105
28055.6074
28055.4004
28055.2910
28055.1289
28055.1660
28055.0879
28054.8711
28054.7793
28054.6543
28054.5020
28054.5156
28054.4375
28054.3516
28054.3281
28054.2051
28054.2344
28054.0586
28054.0352
28054.1328
28054.1328
28054.1562
28054.1543
28054.2539
28054.2539
28054.1758
28054.2305
28054.1758
28054.1738
28054.0742
28054.1738
28054.3262
28054.4824
28054.7109
28054.7891
28054.7344
28054.8809
28054.9570
28054.9238
28054.8457
28054.7910
28054.8223
28054.7129
28054.7344
28054.7031
28054.7031
28054.7480
28054.8555
28054.8555
28055.0000
28054.9629
28054.9180
28054.9629
28054.9941
28054.8027
28054.8926
28054.8691
28054.9551
28055.0859
28054.8848
28054.8613
28054.9395
28054.9375
28054.9609
28055.0605
28055.1602
28055.1035
28055.1484
28055.2266
28055.2500
28055.3477
28055.5020
28055.5684
28055.4141
28055.4590
28055.4043
28055.3262
28055.1484
28055.0703
28055.1250
28055.1777
28055.1777
28055.2539
28055.3320
28055.3320
28055.3320
28055.3535
28055.4297
28055.5078
28055.5059
28055.6055
28055.6367
28055.6367
28055.6035
28055.7598
28055.6797
28055.5801
28055.6895
28055.5117
28055.3008
28055.3105
28055.3320
28055.2773
28055.2773
28055.2988
28055.3750
28055.4082
28055.4980
28055.5742
28055.6504
28055.7969
28055.7402
28055.6621
28055.6074
28055.7832
28055.7598
28055.8262
28055.8379
28056.0371
28055.8691
28055.9688
28056.0664
28056.0117
28056.1113
28056.0977
28056.2656
28056.2422
28056.1973
28056.1738
28055.9727
28055.9395
28056.0391
28056.2949
28056.3750
28056.6172
28056.6816
28056.5605
28056.3691
28056.3926
28056.3145
28056.1797
28056.1562
28056.1230
28056.0898
28056.1230
28056.0449
28056.0664
28056.0762
28056.2207
28056.4766
28056.6973
28056.8301
28056.7949
28056.8066
28056.7520
28056.6504
28056.6387
28056.6699
28056.5703
28056.5039
28056.5371
28056.4922
28056.4922
28056.5469
28056.4453
28056.4219
28056.4004
28056.4883
28056.5664
28056.5195
28056.7207
28056.7969
28056.7207
28056.8184
28056.8516
28056.9180
28056.8496
28056.8281
28057.0039
28057.0254
28057.0254
28057.1270
28057.1484
28057.2578
28057.1797
28057.2461
28057.2559
28057.4004
28057.4219
28057.5000
28057.6992
28057.8203
28057.7207
28057.9082
28057.9082
28057.8750
28057.8965
28057.7383
28057.8848
28057.6387
28057.3711
28057.2480
28057.1152
28057.1582
28057.3340
28057.7227
28057.8008
28058.1348
28058.2461
28058.4004
28058.8672
28058.9336
28059.0215
28059.2207
28059.2871
28059.1406
28059.0742
28059.2188
28059.1973
28059.2188
28059.1953
28059.1074
28059.0488
28059.0840
28059.0840
28059.0039
28058.9141
28058.8691
28058.9238
28058.8574
28058.8672
28058.6777
28058.6426
28058.7988
28058.7773
28058.4531
28058.8066
28058.7617
28058.8633
28058.8262
28058.9609
28058.7949
28058.9160
28058.7949
28058.7930
28059.1914
28059.1465
28059.1465
28059.4141
28059.4707
28059.4688
28059.5918
28059.7148
28059.8281
28059.7246
28059.8711
28060.0254
28060.2246
28060.0254
28060.1582
28060.3828
28060.4258
28060.8262
28060.8145
28060.9141
28061.2148
28061.1699
28061.3906
28061.3906
28061.1465
28061.4824
28061.5801
28061.7363
28062.0918
28062.0820
28062.0039
28062.1035
28062.2480
28062.3496
28062.5371
28062.5508
28062.8711
28062.9043
28063.1055
28063.2051
28063.3477
28063.4473
28063.5039
28063.8027
28063.7148
28063.9160
28063.8711
28064.1484
28064.2051
28064.3496
28064.4395
28064.7617
28064.9395
28065.0391
28065.1152
28065.4062
28065.3496
28065.6074
28065.7285
28065.8633
28066.0762
28066.3184
28065.7715
28065.7715
28065.4570
28065.4004
28065.1309
28065.8691
28065.6777
28066.2617
28066.0684
28066.6953
28066.3691
28066.9727
28066.7812
28067.1855
28067.5547
28067.8340
28067.9668
28068.7949
28069.1992
28069.4219
28070.1035
28070.4961
28069.9473
28069.9473
28069.4199
28069.2773
28068.7285
28069.3418
28069.0293
28069.5977
28069.9688
28070.8066
28070.4160
28071.1074
28070.7285
28070.4297
28070.5508
28071.2793
28071.6699
28072.4980
28072.9121
28073.1465
28073.1816
28073.3945
28073.5879
28073.6797
28073.8223
28074.0586
28074.1367
28074.3516
28074.6719
28074.8301
28074.9648
28075.2285
28075.1426
28075.4434
28075.6211
28075.5664
28075.4668
28075.8887
28075.7246
28075.8496
28076.1387
28076.1230
28076.2383
28076.2812
28076.4375
28076.3047
28076.6406
28076.6406
28076.6621
28076.8828
28076.9395
28076.9961
28077.1406
28077.3105
28077.2969
28077.6133
28077.7129
28077.9336
28077.9121
28078.1914
28078.1133
28078.3555
28078.4980
28078.2930
28078.3145
28078.5156
28078.6934
28078.7930
28078.8496
28078.8652
28078.8867
28078.9512
28078.8730
28078.9102
28079.0098
28079.0664
28079.0820
28079.0684
28079.3613
28079.3047
28079.4395
28079.3828
28079.4629
28079.5547
28079.6777
28079.6777
28079.7930
28079.6992
28079.7148
28079.8145
28079.8926
28079.9297
28080.1523
28080.3223
28080.4453
28080.6602
28080.5391
28080.5762
28080.8770
28081.1133
28081.2930
28081.1562
28081.3711
28081.5078
28081.4648
28081.6660
28081.7812
28081.9023
28081.8672
28082.1621
28082.0273
28082.3828
28082.4785
28082.8359
28082.8418
28083.4102
28083.5312
28083.3320
28083.3223
28083.3809
28083.5391
28083.6387
28084.0273
28083.9336
28084.1348
28084.1348
28084.1738
28084.2734
28084.2305
28084.3887
28084.2949
28084.0801
28083.9023
28083.9180
28083.9180
28083.8984
28083.7617
28084.1191
28084.1719
28084.2871
28084.2520
28084.4688
28084.4902
28084.7422
28084.7051
28084.6855
28084.8438
28085.0234
28084.8613
28085.1602
28084.8477
28084.9629
28084.8633
28085.0996
28085.2578
28085.3906
28085.4590
28085.0918
28085.4551
28085.3145
28085.5312
28085.1523
28085.2793
28085.4160
28085.5742
28085.6016
28085.5820
28085.9805
28085.8242
28086.1055
28086.1426
28086.0156
28086.0586
28086.3555
28086.1172
28086.1348
28085.8398
28086.1777
28085.8047
28085.7266
28085.8105
28086.1113
28085.9688
28085.8750
28085.6387
28085.8613
28086.1016
28085.7871
28085.7246
28085.4473
28085.8301
28085.9316
28085.5488
28085.8066
28085.8320
28085.7539
28086.0137
28085.9551
28085.8125
28085.9727
28085.4941
28085.6367
28085.4160
28085.3359
28085.1016
28084.9805
28085.0234
28084.9062
28084.8438
28084.5898
28084.4902
28084.5918
28084.4922
28084.4805
28084.5391
28084.5762
28084.5977
28084.6367
28084.3027
28084.4414
28084.4688
28084.4062
28084.3848
28084.4277
28084.5645
28084.6230
28084.5293
28084.5078
28084.5664
28084.6465
28084.3672
28084.4258
28084.5215
28084.8027
28084.7246
28084.8203
28084.7246
28084.9004
28084.9219
28084.9219
28084.5254
28084.5059
28084.2695
28084.5488
28084.5078
28084.5449
28084.3672
28084.3301
28084.2891
28084.6289
28084.5684
28084.3320
28084.4531
28084.1523
28084.0156
28084.3555
28084.1172
28084.1387
28083.9395
28084.1348
28084.1152
28084.0781
28083.9199
28083.8633
28083.9043
28083.9043
28083.9043
28084.0059
28084.2051
28084.2852
28084.1855
28084.5078
28084.4277
28084.6074
28084.7285
28084.7500
28084.6504
28084.7129
28084.8301
28084.9121
28084.7930
28084.5977
28084.5176
28084.2617
28084.5410
28084.5840
28084.5625
28084.4844
28084.4258
28084.1660
28084.2090
28084.1875
28083.9707
28083.9121
28083.6953
28083.3574
28083.0391
28082.8613
28083.0977
28082.7402
28083.0410
28083.2207
28083.2012
28083.1406
28083.0801
28082.9238
28082.5859
28082.6660
28082.4277
28082.6074
28082.5488
28082.5273
28082.2090
28082.0508
28081.7129
28081.7129
28081.7324
28081.1562
28080.8965
28081.0957
28081.0957
28080.9375
28080.7969
28081.1543
28080.9941
28081.0957
28080.7754
28080.7168
28080.8184
28080.9160
28080.8574
28080.7168
28080.6797
28080.4785
28080.6582
28080.4766
28080.3203
28080.1973
28080.0977
28080.2012
28080.0781
28079.8398
28079.5801
28079.2812
28079.5410
28079.2227
28079.1621
28079.2227
28079.0449
28078.8438
28078.7852
28078.6035
28078.6035
28078.5645
28078.5430
28078.4434
28078.1836
28077.9258
28077.7852
28077.6074
28077.4473
28077.3867
28077.2266
28077.2656
28077.1660
28077.4238
28077.1445
28077.1250
28077.1875
28076.9453
28077.0859
28076.8047
28076.5059
28076.1465
28076.1660
28076.2852
28076.1445
28076.0859
28075.8242
28075.8047
28075.7246
28075.7461
28075.4668
28075.5059
28075.5254
28075.4258
28075.3867
28075.5449
28075.0469
28075.0273
28075.0078
28075.0078
28074.7070
28074.3281
28074.5684
28074.1895
28074.1699
28073.9922
28073.8496
28073.5117
28073.5918
28073.4512
28073.2109
28073.2910
28072.9531
28073.3516
28073.2910
28073.1133
28073.0918
28073.0938
28072.8730
28072.9336
28072.9355
28072.6953
28072.5547
28072.5156
28072.3945
28071.8359
28071.7363
28071.6562
28071.4375
28071.1758
28071.1758
28070.8984
28070.7168
28070.5176
28070.2969
28069.8379
28069.8789
28069.9180
28069.7598
28069.4980
28069.4199
28069.2207
28069.2402
28069.1406
28068.7598
28068.8398
28068.5996
28068.8613
28068.3203
28068.2422
28068.1602
28068.1602
28068.2402
28068.3613
28068.1211
28068.0605
28068.0215
28067.9414
28067.4824
28067.5605
28067.5410
28067.4609
28067.3613
28067.0215
28066.9824
28067.1621
28067.1016
28066.8223
28066.8027
28066.5625
28066.3008
28066.3203
28065.8398
28065.6191
28065.2207
28065.3008
28065.1992
28065.2617
28065.0000
28064.9395
28065.0391
28064.9805
28064.6582
28064.4766
28064.4961
28064.6973
28064.4375
28064.3359
28064.1348
28064.3359
28064.0156
28064.0137
28063.9121
28063.9551
28063.8711
28063.9141
28063.6328
28063.7324
28063.8105
28063.4902
28063.4512
28063.2715
28063.3691
28063.3691
28062.9688
28063.2305
28063.0078
28063.0879
28062.9277
28062.7246
28062.7051
28062.7441
28062.6426
28062.7422
28062.7031
28062.5410
28062.5391
28062.5977
28062.6387
28062.5977
28062.6777
28062.4766
28062.3965
28062.5957
28062.4746
28062.4531
28062.4316
28062.5312
28062.3691
28062.1699
28062.0664
28062.0469
28062.1641
28061.9844
28061.9824
28061.7598
28061.5605
28061.5605
28061.4824
28061.3809
28061.4609
28061.3613
28061.4805
28061.1270
28061.0996
28061.1973
28061.0977
28061.1758
28060.9512
28061.0117
28060.9297
28061.0078
28060.7695
28060.7891
28060.5078
28060.6094
28060.5664
28060.5469
28060.6641
28060.3223
28060.3613
28060.2383
28060.2578
28060.1562
28060.0156
28060.0547
28059.8125
28059.8906
28059.7695
28059.7676
28059.3867
28059.4219
28059.4434
28059.2969
28059.2363
28059.2754
28059.1543
28059.2676
28059.1895
28059.1504
28059.2090
28059.0254
28058.7656
28058.8828
28058.7988
28058.5254
28058.3809
28058.4395
