27485.1406
27485.8613
27486.2695
27486.3730
27486.4727
27486.6758
27487.1895
27487.9043
27488.1016
27488.4160
27488.7246
27489.1289
27489.0254
27489.2344
27489.2344
27489.3398
27489.1426
27488.7344
27488.3301
27488.1328
27487.7246
27487.9316
27487.7285
27487.7285
27487.3223
27487.2168
27487.3223
27487.1230
27486.9180
27486.9199
27487.1230
27487.0215
27487.1270
27487.4336
27487.6309
27487.9453
27487.9414
27488.2402
27488.2441
27488.3457
27488.3398
27488.6484
27488.9512
27488.9531
27488.9531
27489.3594
27489.4609
27489.3574
27489.7598
27489.6641
27489.6602
27490.0723
27489.5566
27490.0684
27490.1660
27490.3770
27490.4707
27490.3730
27490.3750
27490.6738
27490.7871
27490.6875
27490.8984
27491.1035
27491.4180
27491.5117
27491.7188
27492.0156
27492.5273
27492.4219
27492.3184
27492.5215
27492.6250
27493.0332
27493.0352
27493.0332
27493.0410
27493.1348
27493.1426
27493.4453
27493.2461
27493.3398
27493.1426
27493.3457
27493.3438
27493.6484
27493.4473
27493.3379
27493.3516
27493.4434
27493.4434
27493.3457
27493.3457
27493.2441
27493.1445
27493.0469
27492.8418
27493.2520
27492.8477
27492.7461
27492.6523
27492.8477
27492.7441
27492.8457
27493.0547
27492.9492
27493.0508
27493.3574
27493.2598
27493.6660
27493.3672
27493.6777
27493.8828
27493.7871
27493.8945
27494.0996
27494.0059
27494.0039
27494.0059
27493.6992
27493.9004
27494.2070
27494.3086
27494.5059
27494.3008
27494.4023
27494.5020
27494.4980
27495.0078
27495.2129
27495.3125
27495.6230
27495.8223
27495.9336
27495.9297
27496.2363
27496.1426
27496.2441
27496.1504
27496.0430
27496.2520
27496.1504
27496.1523
27496.1543
27496.1562
27495.9512
27496.3555
27496.3574
27496.6602
27496.7598
27496.6602
27496.8613
27496.9609
27497.1680
27497.2637
27497.5703
27497.4668
27497.6680
27497.6738
27497.7695
27497.9785
27497.9727
27498.2695
27498.4707
27498.7715
27498.9746
27498.9785
27499.2910
27499.1953
27499.3008
27499.6133
27499.6113
27499.7090
27499.7090
27499.6016
27499.8047
27499.9062
27499.9023
27500.1074
27499.8984
27500.1035
27500.1055
27500.0020
27499.9062
27499.9062
27500.0039
27500.2109
27500.1113
27500.2129
27500.1074
27500.0117
27499.9102
27499.6074
27499.6074
27499.9102
27499.6113
27499.7129
27499.8164
27499.6152
27499.6133
27499.9160
27500.0195
27500.0234
27500.2285
27500.1309
27500.3320
27500.1309
27500.2344
27499.9297
27499.8281
27500.1348
27499.9316
27500.1348
27500.2383
27500.4395
27500.3438
27500.4434
27500.6465
27500.1445
27500.2441
27500.1484
27500.2480
27500.1504
27500.1504
27500.2539
27500.2578
27500.3574
27500.5664
27500.6602
27500.6660
27500.6699
27500.5566
27500.6641
27500.6582
27500.6582
27500.5586
27500.9629
27501.0645
27501.5723
27501.5742
27501.8828
27501.6797
27501.8828
27501.8828
27501.8848
27502.0840
27501.8828
27502.0918
27501.7871
27501.8867
27501.8789
27501.5703
27501.5820
27501.5723
27501.6855
27501.5820
27501.4844
27501.2871
27501.4824
27501.2891
27501.1660
27501.2812
27500.9688
27501.1777
27501.0742
27501.0762
27501.0723
27501.2793
27501.2832
27501.5781
27501.5781
27501.5762
27501.5742
27501.5742
27501.4805
27501.5781
27501.5840
27501.5840
27501.5898
27501.6914
27501.6855
27501.7891
27501.7891
27501.8828
27501.7852
27501.7773
27501.8828
27501.8848
27501.8887
27501.5918
27501.4961
27501.1973
27500.9941
27501.3027
27501.2012
27501.3027
27501.3027
27501.5059
27501.5098
27501.2129
27501.2188
27501.0156
27501.2168
27501.2168
27501.1074
27501.3105
27501.2129
27501.3184
27501.3223
27501.6230
27501.5195
27501.7188
27501.9180
27501.6113
27501.7148
27501.7148
27501.6172
27501.6172
27501.9199
27501.8164
27501.9141
27502.0176
27502.0156
27501.8184
27501.8145
27501.6113
27501.9121
27501.6074
27501.6074
27501.6094
27501.7188
27501.6191
27501.8262
27501.6270
27501.6211
27501.5215
27501.6270
27501.6270
27501.7227
27501.6289
27501.6133
27501.5176
27501.3242
27501.3203
27501.4199
27501.3164
27501.2168
27501.1113
27501.0137
27501.1113
27501.2168
27501.2129
27501.2168
27501.2148
27501.2148
27501.1094
27501.1113
27501.0098
27501.0098
27501.1074
27501.0039
27501.1016
27501.0957
27501.1992
27501.1016
27501.3086
27501.3105
27501.4141
27501.5156
27501.6172
27501.6172
27501.7188
27501.9180
27501.9199
27501.9219
27501.9258
27502.0273
27501.9258
27501.9258
27501.8262
27501.8281
27501.7285
27501.7285
27501.6289
27501.6289
27501.4297
27501.3301
27501.3301
27501.3320
27501.3320
27501.3340
27501.2344
27501.0332
27501.0332
27501.0332
27501.0312
27501.2227
27501.0234
27501.0098
27500.9121
27501.0078
27500.9102
27501.0098
27501.0996
27501.1074
27501.2012
27501.3008
27501.2988
27501.1973
27501.0957
27501.1953
27501.1914
27501.2969
27501.2910
27501.2910
27501.3926
27501.5938
27501.8965
27501.9980
27501.8984
27501.9004
27502.0039
27502.1016
27502.3086
27502.5078
27502.3105
27502.3086
27502.3125
27502.2109
27502.3105
27501.9102
27502.1113
27502.0117
27502.1113
27502.2168
27502.3184
27502.3184
27502.2207
27501.9199
27501.7188
27501.9219
27502.2246
27502.2266
27501.9258
27501.8281
27501.7285
27501.7305
27501.9336
27502.2363
27502.3379
27502.6387
27502.9414
27503.1445
27503.1445
27503.0449
27502.8457
27502.7461
27502.7461
27502.6445
27502.5449
27502.3457
27502.3457
27502.1445
27502.0430
27501.8438
27501.8418
27501.6387
27501.8418
27501.9414
27501.9414
27501.8418
27501.8418
27502.0430
27502.0430
27502.0410
27502.2441
27502.3438
27502.3457
27502.3457
27502.4453
27502.6445
27502.8477
27502.9473
27503.2480
27503.2480
27503.2500
27503.6504
27503.9531
27503.9531
27504.2559
27504.4551
27504.4551
27504.4551
27504.3535
27504.2520
27504.2539
27504.5547
27504.5547
27504.6543
27504.6543
27504.7559
27504.8555
27504.7539
27504.8555
27504.8555
27504.8535
27504.9531
27505.0527
27505.3555
27505.7598
27505.6543
27505.7578
27505.7578
27505.5566
27505.2539
27505.0527
27504.8555
27504.7559
27504.8555
27504.7559
27504.5527
27504.5547
27504.5547
27504.4551
27504.7578
27505.1582
27505.2598
27505.4609
27505.5605
27505.5605
27505.5605
27505.5605
27505.5605
27505.5605
27505.7637
27505.8633
27505.7637
27505.8652
27505.8652
27505.7656
27505.8672
27505.8672
27505.8672
27505.8672
27505.9668
27505.9668
27505.8672
27505.8672
27505.7676
27505.7676
27505.8672
27505.8672
27505.6641
27505.5645
27505.4648
27505.3652
27505.5645
27505.8652
27505.9668
27506.1660
27506.1660
27506.2676
27506.1660
27506.1660
27506.5684
27506.7715
27506.8711
27506.7715
27506.8711
27506.9707
27507.1719
27507.0742
27506.8750
27506.8750
27506.8730
27506.7715
27506.7734
27506.6699
27506.6680
27506.5684
27506.5684
27506.3691
27506.4688
27506.1641
27505.9648
27505.8633
27505.8652
27505.8672
27505.9668
27506.2695
27506.2695
27506.5723
27506.5723
27506.6719
27506.5723
27506.8730
27506.7734
27506.8730
27506.8730
27506.8730
27506.6719
27506.7754
27506.8750
27506.9746
27506.9746
27506.8770
27506.7773
27506.3750
27506.4766
27506.1758
27506.1738
27506.2773
27506.1758
27506.1758
27505.7754
27506.1758
27506.2773
27506.0762
27506.2793
27506.4785
27506.5781
27506.2793
27506.7812
27506.6777
27506.8809
27507.0801
27507.1797
27507.4824
27507.4805
27507.6797
27507.7832
27507.5801
27507.6816
27507.2812
27507.1777
27506.9785
27506.9785
27507.1777
27507.0762
27507.3789
27507.1777
27507.4805
27507.4805
27507.7832
27508.1816
27508.6836
27508.9844
27508.7852
27508.7871
27509.2852
27509.2852
27509.3867
27509.3848
27509.5859
27509.1855
27509.1855
27508.9844
27509.2852
27509.3867
27509.3867
27509.3867
27509.3887
27509.1855
27508.8887
27508.7891
27508.7891
27508.5879
27508.5879
27508.4883
27508.4883
27508.5879
27508.3887
27508.4883
27508.7910
27508.7910
27508.6895
27508.7910
27508.7910
27508.7910
27508.7910
27508.7930
27508.7930
27508.3906
27508.4922
27508.4922
27508.5918
27508.3926
27507.8926
27508.1914
27508.1934
27508.0918
27508.0938
27507.7930
27507.6934
27507.3945
27507.6934
27507.5938
27507.4941
27507.1953
27506.9941
27507.3965
27507.1953
27507.1953
27507.1953
27507.2969
27507.0957
27507.2988
27506.9980
27507.0977
27506.6973
27506.6973
27506.8984
27506.8984
27506.6973
27506.8984
27506.6973
27506.9004
27506.8008
27506.5996
27506.9004
27506.5000
27507.0996
27506.5996
27507.1016
27507.3027
27507.7012
27507.7012
27507.5020
27507.6016
27507.8027
27508.1016
27508.1035
27508.0039
27508.3047
27508.3047
27508.3047
27508.4043
27508.7031
27508.8047
27508.8066
27508.8066
27508.7051
27508.7051
27508.8066
27508.9062
27508.6074
27508.5059
27508.8086
27508.9082
27509.0078
27509.0078
27509.0078
27508.9082
27509.2070
27509.1094
27508.8105
27509.4102
27509.3105
27509.6094
27510.0098
27509.5098
27509.8105
27509.9102
27510.1094
27510.1113
27510.6113
27510.6113
27510.4121
27510.7109
27510.7109
27510.9121
27510.6113
27511.0117
27510.7129
27510.7129
27510.6133
27511.1133
27510.8164
27511.2129
27511.0156
27510.9160
27511.0176
27510.7168
27511.1172
27510.9180
27510.7188
27511.1191
27511.1191
27511.5195
27511.3203
27511.4219
27511.2207
27511.4219
27511.3223
27511.1230
27511.3242
27511.4238
27511.3242
27511.0273
27511.1250
27511.1270
27511.2266
27511.2266
27511.2285
27510.9297
27511.0293
27510.9316
27510.7305
27510.7305
27511.2305
27511.3340
27511.3027
27511.1328
27510.3379
27510.4375
27510.7363
27511.0371
27510.7363
27510.5391
27510.8398
27510.7402
27510.6406
27510.7402
27510.7402
27510.9434
27510.4434
27510.2441
27510.7441
27510.4453
27510.4473
27510.6465
27510.3496
27510.4492
27510.3496
27510.1504
27510.0527
27509.8535
27509.4551
27509.4551
27509.5566
27509.3574
27509.2559
27509.4590
27509.4590
27509.4609
27509.1602
27509.0625
27509.1621
27508.9648
27508.8652
27508.6660
27508.8672
27508.4707
27508.9688
27508.6719
27508.8711
27508.9727
27508.6719
27508.9727
27508.7715
27508.7734
27508.7734
27508.8770
27508.4766
27508.6777
27508.5781
27508.7773
27508.4824
27508.4805
27508.4805
27508.7812
27508.7832
27508.5859
27508.8867
27508.5879
27508.9863
27508.7871
27509.0898
27508.6914
27508.8926
27509.0938
27509.0938
27508.8965
27509.0957
27508.8984
27509.1973
27508.8984
27509.4980
27509.1992
27509.4980
27509.2988
27509.7988
27509.5996
27509.9004
27509.6016
27509.8984
27509.7988
27509.9004
27509.9004
27510.1016
27510.2012
27510.5020
27510.5000
27510.5000
27510.3027
27510.5020
27510.5039
27510.6035
27510.5039
27510.5039
27510.3047
27510.2070
27510.2070
27510.2070
27510.0098
27509.9102
27510.2090
27509.9102
27509.7109
27509.7109
27509.9102
27509.3105
27509.3125
27509.4141
27509.0156
27509.1133
27508.9141
27508.7129
27508.6152
27508.7129
27508.6152
27508.7148
27508.7129
27508.3164
27508.4199
27508.3184
27507.8242
27508.0234
27508.2246
27508.3223
27508.3242
27508.3223
27508.2266
27508.3223
27508.6230
27508.4258
27508.4277
27508.7246
27508.5293
27509.1250
27508.7266
27508.8242
27508.9258
27508.9258
27508.6270
27508.9258
27509.1250
27509.2246
27509.2246
27509.5273
27509.2285
27509.2285
27509.5293
27509.4297
27509.5293
27509.2324
27509.4316
27509.2324
27509.2324
27509.5312
27509.6309
27509.9297
27509.6328
27509.5352
27509.6328
27509.6328
27509.8320
27509.8320
27509.2383
27509.7344
27509.9375
27509.8340
27509.6387
27509.6406
27509.7383
27509.8359
27509.5410
27509.5430
27509.7402
27509.5430
27509.5449
27509.5449
27509.7461
27509.5469
27509.6484
27509.5508
27509.3496
27509.3516
27509.4531
27509.3555
27509.4551
27509.2559
27509.5566
27509.3574
27509.9570
27509.8555
27509.5605
27509.9590
27509.9590
27509.9590
27509.8574
27509.9609
27509.9590
27510.0586
27510.3555
27510.8535
27510.5586
27510.9551
27510.9570
27511.0547
27511.2559
27511.3555
27511.6562
27511.8535
27512.3535
27512.2559
27512.4531
27512.6562
27512.7520
27512.8516
27513.0527
27513.3477
27513.3496
27513.4512
27513.5508
27513.7480
27514.0488
27513.9492
27514.0488
27514.1484
27514.1523
27514.0547
27513.9551
27513.9629
27513.9629
27513.8652
27513.3691
27513.7637
27513.7617
27513.5645
27513.8594
27513.8574
27513.7598
27513.7637
27513.5684
27513.7656
27513.6699
27513.6719
27513.7695
27513.8652
27513.9668
27514.0684
27513.7656
27514.2656
27514.2637
27514.2656
27514.4668
27514.3633
27514.3672
27514.8633
27514.5664
27514.4707
27514.5684
27514.9668
27515.0645
27514.9688
27514.7715
27514.8672
27514.9707
27514.8672
27515.1641
27515.5625
27515.7598
27515.5605
27515.7578
27515.9590
27515.7578
27515.7578
27516.0625
27516.0586
27516.2578
27516.1582
27516.2559
27516.3555
27515.7617
27515.7598
27516.0547
27515.7520
27515.4492
27515.5508
27515.3555
27515.4590
27515.6582
27515.6582
27515.6543
27515.7539
27515.5605
27515.3613
27515.8516
27516.0508
27515.9531
27515.9551
27515.8574
27515.9629
27515.6562
27515.7461
27515.7363
27516.0293
27515.9336
27516.0293
27515.8359
27516.0410
27516.1484
27516.0566
27516.1523
27516.4473
27516.5410
27516.5352
27516.6289
27516.9219
27516.6230
27516.7188
27517.1191
27516.5273
27516.8262
27516.5332
27516.5293
27516.3301
27516.3262
27516.3223
27516.3223
27516.1230
27516.2188
27516.0215
27516.1172
27516.0215
27515.9199
27516.1191
27515.9238
27516.0195
27515.7227
27516.0195
27516.0273
27515.8242
27516.1328
27516.1328
27516.0391
27515.8438
27515.9434
27516.0430
27515.8398
27515.7363
27515.6387
27515.7363
27515.6367
27515.9316
27515.4375
27515.4414
27515.1406
27514.9473
27514.4531
27514.3535
27514.0605
27514.1543
27513.7637
27514.0605
27513.4668
27513.5625
27513.5605
27513.4629
27513.4668
27513.1719
27513.1738
27512.8730
27513.0703
27512.5742
27512.5742
27512.1777
27512.3750
27512.3750
27512.3711
27511.7773
27511.8711
27511.5723
27511.6680
27511.6621
27511.5645
27512.0566
27511.8555
27512.0547
27512.1523
27511.9551
27511.7598
27512.1562
27511.7637
27511.8633
27511.9648
27511.5684
27511.7676
27511.4727
27511.5723
27511.5703
27511.3711
27511.1738
27511.2695
27510.8750
27511.2656
27510.9727
27511.1699
27511.1680
27511.3652
27511.3672
27511.2676
27511.0723
27511.0723
27510.8770
27510.8789
27510.6777
27510.5801
27510.2832
27510.3809
27510.3789
27509.9863
27510.2812
27510.1836
27510.7754
27510.1875
27510.4824
27510.0879
27509.1973
27509.5918
27509.7266
27509.5879
27509.5879
27510.5742
27509.0938
27509.0918
27508.5996
27508.8965
27508.3047
27508.3027
27508.5996
27507.7090
27508.1055
27508.0039
27508.1016
27508.3008
27507.7109
27508.0098
27507.6172
27507.5176
27507.5176
27507.7148
27508.0137
27508.1133
27507.9141
27508.0137
27508.1211
27508.2168
27508.0234
27508.0254
27508.0254
27508.0254
27508.0234
27508.0273
27508.1250
27508.1289
27508.0273
27508.0254
27507.9199
27508.0137
27507.9180
27508.0176
27507.9121
27508.1055
27507.7012
27507.9961
27507.6992
27508.0918
27507.9941
27507.6992
27507.8047
27508.0098
27507.8105
27507.6133
27507.6152
27507.5176
27506.9297
27507.0371
27507.0391
27506.4492
27506.8438
27506.5508
27506.8438
27506.1504
27506.6484
27506.1582
27506.4531
27506.0625
27506.0605
27505.8535
27505.5664
27505.7539
27505.3633
27505.8555
27505.5586
27505.5586
27506.1543
27505.8555
27505.9551
27506.2500
27506.1562
27506.4453
27506.2539
27506.2500
27506.2539
27506.0508
27506.2422
27505.9531
27506.0488
27506.1504
27506.0547
27505.9570
27506.3574
27506.2559
27506.1621
27506.2656
27506.1777
27506.1855
27505.9961
27506.1914
27505.5977
27505.8867
27505.8789
27506.0723
27505.8750
27506.0742
27506.1738
27505.8750
27505.6816
27506.0781
27506.5703
27505.8867
27506.1836
27506.4727
27506.5664
27506.8672
27507.0625
27507.5508
27507.6484
27507.5488
27508.0352
27507.9414
27507.7383
27507.7383
27508.2285
27507.7402
27508.0371
27508.0410
27508.3359
27508.0352
27508.0391
27508.2402
27508.1367
27508.0449
27508.0449
27507.9453
27508.1426
27508.1523
27508.5391
27508.7383
27508.3496
27508.8418
27508.2500
27508.6523
27508.7441
27509.0410
27509.0430
27509.0430
27508.8477
27509.0508
27508.7539
27508.9512
27508.3594
27508.1621
27508.0605
27508.1562
27507.7656
27508.1660
27507.9688
27508.0762
27508.0762
27508.4727
27508.2715
27508.1797
27508.0684
27508.0762
27508.4688
27507.8887
27508.4844
27508.4004
27508.4004
27508.2090
27508.3027
27508.1992
27508.2988
27508.1934
27508.4941
27508.3926
27508.5000
27508.2246
27508.6191
27508.6191
27508.4902
27508.9609
27508.6465
27509.0352
27508.7363
27509.0566
27509.1016
27509.1289
27509.6602
27509.5000
27510.0234
27509.7520
27510.0547
27510.2480
27510.0391
27510.2285
27510.2188
