    9.3288
    9.2768
    9.2244
    9.1720
    9.1191
    9.0612
    9.0062
    8.9510
    8.8939
    8.8436
    8.7896
    8.7438
    8.6960
    8.6563
    8.6113
    8.5711
    8.5307
    8.4883
    8.4405
    8.3890
    8.3355
    8.2801
    8.2229
    8.1637
    8.1011
    8.0348
    7.9667
    7.8998
    7.8261
    7.7606
    7.6948
    7.6288
    7.5781
    7.5388
    7.5012
    7.4632
    7.4167
    7.3648
    7.3081
    7.2546
    7.1963
    7.1333
    7.0689
    6.9993
    6.9350
    6.8624
    6.7914
    6.7222
    6.6560
    6.5912
    6.5265
    6.4633
    6.4070
    6.3454
    6.2954
    6.2469
    6.2004
    6.1518
    6.1035
    6.0637
    6.0321
    5.9906
    5.9572
    5.9171
    5.8734
    5.8331
    5.7926
    5.7523
    5.7071
    5.6670
    5.6152
    5.5733
    5.5181
    5.4661
    5.3957
    5.3370
    5.2751
    5.2083
    5.1384
    5.0805
    5.0225
    4.9614
    4.9141
    4.8566
    4.8039
    4.7496
    4.6922
    4.6145
    4.5220
    4.4246
    4.3021
    4.1727
    4.0335
    3.8910
    3.7520
    3.6197
    3.4909
    3.3772
    3.2721
    3.1717
    3.0748
    2.9795
    2.8810
    2.7857
    2.6970
    2.6047
    2.5208
    2.4371
    2.3550
    2.2648
    2.1829
    2.0993
    2.0191
    1.9336
    1.8547
    1.7676
    1.6873
    1.6034
    1.5214
    1.4378
    1.3559
    1.2721
    1.2019
    1.1249
    1.0581
    0.9882
    0.9217
    0.8589
    0.7926
    0.7348
    0.6719
    0.6137
    0.5509
    0.4964
    0.4420
    0.3944
    0.3418
    0.2891
    0.2364
    0.1951
    0.1488
    0.1024
    0.0611
    0.0094
   -0.0289
   -0.0736
   -0.1118
   -0.1433
   -0.1495
   -0.1457
   -0.1301
   -0.0947
   -0.0557
   -0.0035
    0.0504
    0.0974
    0.1329
    0.1649
    0.1903
    0.2106
    0.2310
    0.2463
    0.2599
    0.2802
    0.3003
    0.3139
    0.3358
    0.3544
    0.3695
    0.3811
    0.3978
    0.4045
    0.4163
    0.4213
    0.4297
    0.4400
    0.4468
    0.4537
    0.4506
    0.4524
    0.4558
    0.4524
    0.4473
    0.4405
    0.4356
    0.4240
    0.4206
    0.4090
    0.3973
    0.3788
    0.3670
    0.3552
    0.3467
    0.3295
    0.3125
    0.2955
    0.2767
    0.2581
    0.2324
    0.1937
    0.0532
   -0.0940
   -0.2327
   -0.3681
   -0.5085
   -0.6456
   -0.7844
   -0.9216
   -1.0589
   -1.2046
   -1.3469
   -1.4925
   -1.6414
   -1.7870
   -1.9359
   -2.0848
   -2.2354
   -2.3827
   -2.5298
   -2.6803
   -2.8273
   -2.9774
   -3.1242
   -3.2758
   -3.4241
   -3.5770
   -3.7232
   -3.8790
   -4.0331
   -4.1836
   -4.3289
   -4.4809
   -4.6277
   -4.7725
   -4.9171
   -5.0565
   -5.1985
   -5.3357
   -5.4762
   -5.6081
   -5.7431
   -5.8813
   -6.0192
   -6.1553
   -6.2929
   -6.4302
   -6.5641
   -6.7043
   -6.8394
   -6.9742
   -7.0972
   -7.2250
   -7.3578
   -7.4889
   -7.6166
   -7.7440
   -7.8764
   -7.9987
   -8.1292
   -8.2545
   -8.3564
   -8.3663
   -8.3663
   -8.3760
   -8.3840
   -8.3886
   -8.3962
   -8.4003
   -8.4043
   -8.4099
   -8.4087
   -8.4124
   -8.4060
   -8.4030
   -8.4014
   -8.3997
   -8.3995
   -8.3975
   -8.4002
   -8.3945
   -8.3903
   -8.3894
   -8.3919
   -8.3992
   -8.4066
   -8.4123
   -8.4148
   -8.4205
   -8.4199
   -8.4191
   -8.4200
   -8.4159
   -8.4067
   -8.3908
   -8.3801
   -8.3694
   -8.3621
   -8.3555
   -8.3517
   -8.3527
   -8.3573
   -8.3618
   -8.3664
   -8.3660
   -8.3622
   -8.3585
   -8.3532
   -8.3463
   -8.3297
   -8.3164
   -8.2966
   -8.2801
   -8.2705
   -8.2540
   -8.2409
   -8.2259
   -8.2161
   -8.2013
   -8.1913
   -8.1797
   -8.1695
   -8.1627
   -8.1541
   -8.1486
   -8.1382
   -8.1310
   -8.1222
   -8.1151
   -8.1029
   -8.0940
   -8.0851
   -8.0777
   -8.0669
   -8.0625
   -8.0564
   -8.0487
   -8.0375
   -8.0263
   -8.0150
   -8.0021
   -7.9957
   -7.9860
   -7.9728
   -7.9564
   -7.9381
   -7.9199
   -7.9048
   -7.8863
   -7.8662
   -7.8494
   -7.8360
   -7.8193
   -7.8059
   -7.7960
   -7.7959
   -7.7943
   -7.7910
   -7.7877
   -7.7843
   -7.7775
   -7.7657
   -7.7506
   -7.7373
   -7.7222
   -7.7105
   -7.7021
   -7.6938
   -7.6871
   -7.6820
   -7.6818
   -7.6800
   -7.6864
   -7.6913
   -7.6960
   -7.7007
   -7.7054
   -7.7133
   -7.7244
   -7.7354
   -7.7512
   -7.7623
   -7.7767
   -7.7846
   -7.7978
   -7.8145
   -7.8313
   -7.8504
   -7.8724
   -7.8963
   -7.9253
   -7.9591
   -7.9882
   -8.0172
   -8.0413
   -8.0656
   -8.0865
   -8.1024
   -8.1152
   -8.1279
   -8.1424
   -8.1554
   -8.1684
   -8.1832
   -8.1979
   -8.2093
   -8.2174
   -8.2222
   -8.2285
   -8.2367
   -8.2448
   -8.2546
   -8.2611
   -8.2710
   -8.2774
   -8.2789
   -8.2839
   -8.2837
   -8.2870
   -8.2836
   -8.2786
   -8.2637
   -8.2555
   -8.2471
   -8.2320
   -8.2219
   -8.2051
   -8.1900
   -8.1748
   -8.1562
   -8.1377
   -8.1126
   -8.0956
   -8.0656
   -8.0387
   -8.0037
   -7.9718
   -7.9365
   -7.8946
   -7.8445
   -7.7928
   -7.7344
   -7.6725
   -7.6122
   -7.5585
   -7.4979
   -7.4355
   -7.3763
   -7.3230
   -7.2703
   -7.2121
   -7.1557
   -7.0945
   -7.0379
   -6.9832
   -6.9300
   -6.8752
   -6.8222
   -6.7724
   -6.7260
   -6.6779
   -6.6347
   -6.5815
   -6.5300
   -6.4786
   -6.4272
   -6.3790
   -6.3309
   -6.2845
   -6.2365
   -6.1902
   -6.1454
   -6.1006
   -6.0575
   -6.0144
   -5.9796
   -5.9481
   -5.9083
   -5.8750
   -5.8383
   -5.8101
   -5.7817
   -5.7618
   -5.7335
   -5.7053
   -5.6854
   -5.6606
   -5.6408
   -5.6162
   -5.5932
   -5.5720
   -5.5507
   -5.5377
   -5.5197
   -5.5050
   -5.4902
   -5.4821
   -5.4690
   -5.4609
   -5.4543
   -5.4511
   -5.4545
   -5.4595
   -5.4696
   -5.4730
   -5.4764
   -5.4831
   -5.4899
   -5.4900
   -5.4837
   -5.4754
   -5.4659
   -5.4527
   -5.4362
   -5.4197
   -5.4031
   -5.3867
   -5.3719
   -5.3537
   -5.3389
   -5.3256
   -5.3112
   -5.2914
   -5.2831
   -5.2764
   -5.2747
   -5.2715
   -5.2600
   -5.2601
   -5.2552
   -5.2521
   -5.2505
   -5.2440
   -5.2376
   -5.2345
   -5.2263
   -5.2180
   -5.2031
   -5.1914
   -5.1798
   -5.1665
   -5.1565
   -5.1448
   -5.1346
   -5.1211
   -5.1125
   -5.1056
   -5.0905
   -5.0736
   -5.0567
   -5.0393
   -5.0222
   -5.0151
   -5.0047
   -4.9927
   -4.9889
   -4.9853
   -4.9832
   -4.9812
   -4.9793
   -4.9756
   -4.9737
   -4.9686
   -4.9618
   -4.9549
   -4.9498
   -4.9446
   -4.9362
   -4.9277
   -4.9174
   -4.9056
   -4.8888
   -4.8768
   -4.8747
   -4.8678
   -4.8625
   -4.8473
   -4.8386
   -4.8266
   -4.8229
   -4.8191
   -4.8105
   -4.8046
   -4.7992
   -4.7938
   -4.7835
   -4.7731
   -4.7611
   -4.7555
   -4.7418
   -4.7297
   -4.7175
   -4.7043
   -4.6938
   -4.6783
   -4.6596
   -4.6475
   -4.6322
   -4.6219
   -4.6099
   -4.5979
   -4.5924
   -4.5788
   -4.5701
   -4.5614
   -4.5544
   -4.5440
   -4.5271
   -4.5233
   -4.5211
   -4.5239
   -4.5174
   -4.5186
   -4.5066
   -4.4979
   -4.4892
   -4.4755
   -4.4618
   -4.4498
   -4.4345
   -4.4257
   -4.4088
   -4.3935
   -4.3814
   -4.3677
   -4.3588
   -4.3434
   -4.3280
   -4.3157
   -4.3036
   -4.2931
   -4.2842
   -4.2791
   -4.2719
   -4.2597
   -4.2558
   -4.2436
   -4.2478
   -4.2471
   -4.2465
   -4.2474
   -4.2515
   -4.2574
   -4.2615
   -4.2690
   -4.2717
   -4.2808
   -4.2817
   -4.2925
   -4.3065
   -4.3173
   -4.3297
   -4.3420
   -4.3505
   -4.3580
   -4.3703
   -4.3794
   -4.3835
   -4.3876
   -4.3917
   -4.3959
   -4.3951
   -4.3976
   -4.3935
   -4.3943
   -4.3886
   -4.3828
   -4.3821
   -4.3829
   -4.3838
   -4.3862
   -4.3805
   -4.3878
   -4.3803
   -4.3713
   -4.3589
   -4.3465
   -4.3440
   -4.3331
   -4.3240
   -4.3230
   -4.3154
   -4.3177
   -4.3215
   -4.3140
   -4.3147
   -4.3071
   -4.3028
   -4.3002
   -4.2942
   -4.2932
   -4.2971
   -4.2929
   -4.2978
   -4.3001
   -4.2941
   -4.2832
   -4.2854
   -4.2745
   -4.2586
   -4.2493
   -4.2335
   -4.2111
   -4.1887
   -4.1712
   -4.1471
   -4.1328
   -4.1087
   -4.0878
   -4.0571
   -4.0247
   -3.9940
   -3.9583
   -3.9276
   -3.8969
   -3.8678
   -3.8337
   -3.8046
   -3.7755
   -3.7464
   -3.7172
   -3.6929
   -3.6719
   -3.6395
   -3.6234
   -3.6025
   -3.5848
   -3.5736
   -3.5575
   -3.5447
   -3.5269
   -3.5075
   -3.4963
   -3.4785
   -3.4689
   -3.4675
   -3.4595
   -3.4532
   -3.4435
   -3.4454
   -3.4373
   -3.4260
   -3.4163
   -3.4066
   -3.3904
   -3.3823
   -3.3743
   -3.3580
   -3.3450
   -3.3271
   -3.3125
   -3.2913
   -3.2652
   -3.2439
   -3.2178
   -3.1949
   -3.1721
   -3.1590
   -3.1148
   -2.9872
   -2.8401
   -2.6553
   -2.4737
   -2.2971
   -2.1303
   -1.9618
   -1.8048
   -1.6429
   -1.4924
   -1.3486
   -1.2046
   -1.0672
   -0.9331
   -0.8137
   -0.6910
   -0.5666
   -0.4406
   -0.3229
   -0.1985
   -0.0808
    0.0338
    0.1499
    0.2660
    0.3855
    0.4967
    0.6162
    0.7389
    0.8583
    0.9810
    1.1103
    1.2512
    1.3968
    1.5473
    1.7077
    1.8663
    2.0348
    2.1951
    2.3506
    2.5011
    2.6500
    2.8038
    2.9495
    3.1017
    3.2507
    3.3980
    3.5340
    3.6715
    3.8025
    3.9203
    4.0448
    4.1611
    4.2873
    4.4085
    4.5396
    4.6706
    4.8065
    4.9375
    5.0718
    5.2143
    5.3387
    5.3732
    5.3882
    5.3802
    5.3722
    5.3578
    5.3434
    5.3338
    5.3406
    5.3328
    5.3217
    5.3123
    5.2996
    5.2935
    5.2940
    5.3010
    5.3080
    5.3167
    5.3205
    5.3342
    5.3398
    5.3632
    5.3834
    5.4037
    5.4273
    5.4557
    5.4939
    5.5322
    5.5640
    5.6055
    5.6552
    5.6983
    5.7332
    5.7683
    5.8083
    5.8417
    5.8817
    5.9119
    5.9567
    5.9820
    6.0123
    6.0393
    6.0647
    6.0901
    6.1041
    6.1376
    6.1712
    6.2178
    6.2644
    6.3324
    6.4019
    6.4682
    6.5443
    6.6137
    6.6979
    6.7772
    6.8661
    6.9534
    7.0376
    7.1119
    7.1830
    7.2525
    7.3252
    7.3947
    7.4528
    7.5206
    7.6048
    7.7004
    7.7961
    7.8933
    8.0004
    8.1222
    8.2456
    8.3706
    8.5021
    8.6319
    8.7667
    8.9113
    9.0573
    9.2099
    9.3690
    9.5377
    9.6984
    9.8688
   10.0375
   10.2127
   10.3830
   10.5436
   10.6878
   10.8287
   10.9518
   11.0748
   11.1963
   11.3308
   11.4717
   11.6353
   11.8152
   11.9984
   12.1962
   12.3890
   12.5998
   12.8203
   13.0603
   13.3117
   13.5745
   13.8436
   14.1015
   14.3642
   14.6285
   14.8879
   15.1229
   15.3612
   15.5880
   15.8083
   16.0092
   16.1336
   16.2094
   16.2674
   16.2960
   16.3344
   16.3664
   16.3837
   16.3961
   16.4054
   16.4226
   16.4547
   16.4900
   16.5253
   16.5510
   16.5767
   16.5844
   16.6085
   16.6244
   16.6405
   16.6582
   16.6759
   16.6873
   16.6919
   16.6884
   16.6718
   16.6585
   16.6304
   16.5943
   16.5549
   16.5058
   16.4567
   16.4060
   16.3488
   16.2835
   16.2441
   16.2016
   16.1736
   16.1455
   16.1238
   16.0940
   16.0592
   15.9887
   15.9003
   15.8085
   15.7071
   15.6090
   15.5125
   15.3995
   15.2867
   15.1610
   15.0288
   14.9013
   14.7723
   14.6401
   14.4997
   14.3561
   14.2270
   14.1093
   13.9982
   13.8951
   13.8145
   13.7811
   13.7783
   13.7756
   13.7958
   13.8094
   13.8260
   13.8541
   13.8837
   13.9069
   13.9171
   13.9013
   13.8692
   13.8370
   13.8097
   13.7710
   13.7389
   13.6952
   13.6583
   13.6244
   13.5970
   13.5598
   13.5355
   13.5129
   13.4968
   13.4889
   13.4730
   13.4636
   13.4510
   13.4382
   13.4305
   13.4228
   13.4101
   13.4088
   13.4270
   13.4388
   13.4619
   13.4672
   13.4548
   13.4231
   13.3784
   13.3225
   13.2618
   13.1994
   13.1341
   13.0733
   13.0240
   12.9746
   12.9367
   12.9004
   12.8672
   12.8371
   12.8041
   12.7708
   12.7393
   12.7079
   12.6779
   12.6579
   12.6200
   12.5950
   12.5652
   12.5323
   12.5256
   12.5236
   12.5426
   12.5761
   12.6098
   12.6404
   12.6678
   12.6966
   12.7467
   12.8032
   12.8757
   12.9645
   13.0452
   13.1290
   13.2242
   13.3128
   13.3983
   13.4805
   13.5675
   13.6480
   13.7383
   13.8221
   13.9012
   13.9578
   13.9950
   14.0190
   14.0366
   14.0574
   14.0684
   14.0746
   14.0775
   14.0870
   14.0866
   14.0813
   14.0760
   14.0625
   14.0493
   14.0406
   14.0482
   14.0607
   14.0733
   14.0842
   14.1016
   14.1189
   14.1298
   14.1325
   14.1368
   14.1508
   14.1468
   14.1446
   14.1457
   14.1370
   14.1187
   14.0950
   14.0749
   14.0598
   14.0412
   14.0438
   14.0397
   14.0403
   14.0457
   14.0430
   14.0484
   14.0345
   14.0109
   13.9986
   14.0039
   14.0157
   14.0227
   14.0053
   13.9781
   13.9413
   13.8981
   13.8612
   13.8163
   13.7617
   13.7152
   13.6685
   13.6329
   13.5974
   13.5553
   13.5099
   13.4643
   13.4317
   13.4166
   13.4241
   13.4448
   13.4800
   13.5152
   13.5601
   13.6081
   13.6626
   13.7185
   13.7825
   13.8482
   13.9153
   13.9938
   14.0851
   14.1831
   14.2907
   14.3965
   14.5121
   14.6308
   14.7592
   14.8891
   15.0189
   15.1490
   15.2679
   15.3674
   15.4606
   15.5538
   15.6422
   15.7258
   15.8222
   15.9334
   16.0494
   16.1637
   16.2667
   16.3536
   16.4066
   16.4372
   16.4485
   16.4517
   16.4514
   16.4465
   16.4462
   16.4428
   16.4297
   16.4262
   16.4388
   16.4660
   16.5141
   16.5591
   16.5991
   16.6231
   16.6389
   16.6613
   16.6917
   16.7399
   16.7673
   16.7929
   16.8172
   16.8513
   16.8919
   16.9372
   16.9907
   17.0346
   17.0703
   17.0819
   17.0774
   17.0474
   17.0063
   16.9587
   16.9064
   16.8397
   16.7568
   16.6771
   16.6037
   16.5465
   16.4973
   16.4383
   16.3553
   16.2576
   16.1649
   16.0544
   15.9326
   15.7993
   15.6547
   15.5052
   15.3605
   15.2237
   15.0787
   14.9288
   14.7934
   14.6467
   14.4873
   14.3230
   14.1700
   14.0204
   13.8707
   13.7469
   13.6265
   13.5252
   13.4176
   13.3057
   13.2031
   13.0926
   12.9838
   12.8702
   12.7374
   12.6014
   12.4605
   12.3069
   12.1662
   12.0239
   11.8978
   11.7879
   11.6926
   11.5938
   11.4824
   11.3725
   11.2515
   11.1287
   10.9993
   10.8683
   10.7181
   10.5564
   10.4011
   10.2557
   10.1215
   10.0129
    9.9206
    9.8491
    9.7633
    9.6709
    9.5883
    9.5221
    9.4508
    9.3685
    9.2620
    9.1460
    9.0315
    8.9477
    8.8703
    8.7991
    8.7315
    8.6686
    8.6186
    8.5911
    8.5813
    8.5699
    8.5489
    8.5247
    8.4958
    8.4636
    8.4347
    8.4074
    8.3768
    8.3463
    8.3206
    8.2869
    8.2534
    8.2167
    8.1802
    8.1566
    8.1442
    8.1240
    8.1056
    8.0726
    8.0525
    8.0501
    8.0301
    8.0118
    7.9932
    7.9730
    7.9515
    7.9188
    7.8779
    7.8176
    7.7526
    7.6874
    7.6319
    7.5811
    7.5304
    7.4684
    7.3887
    7.3092
    7.2346
    7.1537
    7.0741
    6.9946
    6.9039
    6.8161
    6.7298
    6.6387
    6.5445
    6.4486
    6.3512
    6.2522
    6.1501
    6.0577
    5.9700
    5.8713
    5.7708
    5.6783
    5.5748
    5.4758
    5.3690
    5.2511
    5.1042
    4.9415
    4.7839
    4.6359
    4.4960
    4.3562
    4.2150
    4.0705
    3.9262
    3.7896
    3.6404
    3.4910
    3.3418
    3.1972
    3.0609
    2.9211
    2.7732
    2.6028
    2.4389
    2.2701
    2.1113
    1.9459
    1.7677
    1.5991
    1.4288
    1.2603
    1.0854
    0.9228
    0.7654
    0.6049
    0.4572
    0.3003
    0.1431
   -0.0171
   -0.1723
   -0.3208
   -0.4629
   -0.5938
   -0.7151
   -0.8426
   -0.9834
   -1.1173
   -1.2576
   -1.4026
   -1.5524
   -1.7134
   -1.8550
   -1.9822
   -2.1125
   -2.2430
   -2.3750
   -2.5006
   -2.6181
   -2.7245
   -2.8196
   -2.9210
   -3.0302
   -3.1411
   -3.2600
   -3.3692
   -3.4733
   -3.5741
   -3.6606
   -3.7472
   -3.8305
   -3.9139
   -3.7465
   -3.5904
   -3.4346
   -3.2793
   -3.1290
   -2.9726
   -2.8198
   -2.6577
   -2.4991
   -2.3263
   -2.1550
   -1.9740
   -1.7775
   -1.5845
   -1.3807
   -1.1787
   -0.9817
   -0.7755
   -0.5762
   -0.3769
   -0.1795
    0.0145
    0.2000
    0.3803
    0.5620
    0.7405
    0.9279
    1.1170
    1.3010
    1.4749
