27473.7285
27474.1465
27474.2656
27474.0840
27474.1445
27474.0254
27474.2656
27474.0664
27474.2871
27474.2266
27474.3066
27473.9453
27474.1836
27474.0645
27474.0645
27474.1055
27474.2461
27474.0449
27474.2051
27474.2852
27474.3438
27474.3867
27474.4082
27474.4277
27474.4863
27474.2441
27474.1250
27474.2852
27474.2832
27474.3848
27474.3223
27474.3223
27474.4414
27474.5605
27474.5020
27474.3613
27473.9805
27474.0586
27474.2402
27473.9570
27473.8184
27474.0801
27473.9961
27473.8965
27474.0801
27474.2988
27474.2617
27474.1777
27473.9180
27474.1387
27474.5605
27474.6992
27475.0391
27475.0996
27475.2402
27475.4785
27475.5391
27476.0215
27476.1211
27475.8809
27476.1816
27476.1016
27475.9629
27475.9023
27475.7012
27475.5000
27475.3594
27475.2188
27474.9590
27475.1191
27474.8379
27474.8984
27475.0977
27475.0586
27475.4199
27475.2812
27475.0977
27475.2305
27475.4375
27475.1777
27475.2598
27474.9375
27475.2402
27475.5195
27475.7617
27475.8027
27475.6230
27475.7227
27476.1250
27475.8418
27476.0410
27476.0625
27475.7617
27475.8027
27475.8613
27475.8848
27475.6836
27475.9238
27475.7246
27475.4238
27475.8672
27475.7871
27475.9277
27476.0684
27475.7656
27475.9688
27475.7266
27475.5469
27475.2656
27474.8418
27474.7832
27474.8418
27474.4609
27474.7637
27474.5645
27474.8066
27474.7656
27474.8262
27474.8887
27474.6484
27474.8496
27474.9512
27474.7715
27474.7129
27474.5547
27474.7969
27474.7383
27474.3594
27474.3789
27474.3203
27474.3223
27474.5059
27474.4062
27474.4473
27474.7832
27474.7500
27474.7090
27474.4473
27474.3066
27474.3867
27474.3477
27474.3242
27474.1641
27474.2051
27474.5059
27474.1855
27474.1055
27474.2461
27474.1270
27474.0273
27473.8887
27473.7891
27473.5859
27473.4902
27473.5898
27473.4922
27473.4121
27473.3340
27473.4531
27473.4531
27473.6953
27473.8379
27473.8184
27473.6387
27473.7598
27473.7402
27473.7422
27473.8438
27473.6855
27473.5449
27473.4863
27473.3652
27473.3262
27472.9844
27472.8848
27472.3613
27472.6621
27472.6445
27472.6641
27472.8887
27473.0488
27473.0898
27473.3125
27473.1738
27473.2559
27473.3555
27473.2754
27473.4160
27473.1562
27473.3145
27473.2559
27473.5176
27473.4551
27473.5820
27473.7207
27473.7227
27473.7422
27473.8066
27473.7871
27473.6855
27473.1836
27473.3223
27473.3262
27473.0234
27473.4062
27473.0039
27473.0469
27473.2695
27472.6660
27472.8281
27472.5879
27472.4062
27472.6895
27472.5488
27472.4902
27472.7090
27472.6504
27472.8906
27472.8145
27472.7715
27472.6719
27472.5723
27472.6719
27472.5723
27472.7773
27472.7578
27472.6973
27472.8379
27472.3574
27472.5566
27472.5762
27472.4766
27472.4004
27472.3594
27472.3203
27472.4199
27472.5195
27472.3848
27472.5254
27472.5703
27472.4473
27472.5508
27472.4746
27472.6543
27472.2773
27472.2754
27472.1016
27472.3203
27472.2051
27472.3633
27472.1250
27471.9922
27472.0898
27472.0508
27472.1641
27472.1094
27472.1836
27472.5586
27472.5820
27472.4824
27472.5820
27472.5430
27472.6211
27472.6445
27472.8418
27472.9023
27472.7617
27472.9238
27472.9434
27473.0234
27472.8848
27472.9219
27472.8027
27472.5859
27472.6641
27472.5469
27472.5293
27472.5645
27472.6875
27472.6074
27472.7852
27472.9023
27473.0410
27473.2793
27473.4023
27473.5215
27473.4824
27473.4609
27473.1875
27473.3027
27473.3027
27473.2070
27473.1934
27473.1309
27472.8730
27472.9355
27472.8730
27472.7969
27472.7402
27472.6973
27472.4785
27472.2559
27472.2988
27472.0371
27472.0801
27472.0430
27471.7832
27471.8262
27471.7070
27471.6699
27471.8906
27471.7695
27471.6699
27471.7949
27471.5547
27471.7363
27471.6797
27471.5840
27471.4219
27471.5273
27471.5918
27471.4355
27471.3965
27471.3008
27471.1621
27471.1250
27471.1895
27471.3672
27471.0488
27471.0488
27470.9492
27471.0078
27471.1465
27471.1797
27471.2441
27471.2207
27471.4180
27471.3945
27471.5957
27471.5723
27471.5156
27471.5352
27471.4785
27471.6582
27471.6387
27471.5625
27471.6016
27471.6816
27471.6055
27471.7070
27471.7109
27471.7129
27471.6309
27471.6113
27471.6309
27471.6309
27471.6328
27471.6523
27471.6895
27471.8496
27471.9082
27471.8262
27471.8828
27471.7422
27471.6191
27471.6211
27471.7168
27471.7559
27471.6738
27471.7500
27471.7500
27471.8086
27471.9043
27471.8867
27471.9238
27471.8477
27471.8477
27471.8535
27471.8965
27471.8789
27471.7598
27471.7988
27471.7793
27471.6777
27471.5781
27471.5801
27471.4805
27471.5996
27471.5605
27471.6387
27471.5762
27471.7148
27471.6152
27471.7109
27471.7324
27471.7695
27471.8477
27471.7676
27471.8047
27471.6426
27471.7637
27471.8594
27471.8984
27472.0137
27472.0078
27472.1289
27472.2285
27472.2852
27472.2637
27472.4004
27472.4434
27472.4004
27472.5020
27472.5820
27472.5820
27472.6816
27472.7266
27472.7832
27472.8027
27472.9844
27473.0273
27473.1641
27473.1465
27473.2480
27473.1660
27473.1230
27473.1230
27473.1055
27473.0254
27473.0625
27473.1250
27473.1699
27473.1602
27473.0801
27472.9668
27472.7012
27472.8848
27472.7832
27472.8848
27472.7832
27472.7598
27472.8984
27473.0000
27473.0996
27473.1797
27473.1621
27473.2617
27473.1426
27473.1621
27473.1816
27473.1816
27473.2441
27473.3633
27473.3828
27473.2441
27473.1836
27473.1465
27473.1133
27473.2129
27473.6465
27473.7598
27473.8184
27473.7949
27473.6699
27473.5469
27473.8340
27473.5938
27473.5000
27473.4004
27473.1016
27472.8828
27472.8242
27472.6836
27472.5254
27472.6074
27472.5078
27472.5879
27472.6895
27472.7695
27473.0742
27473.2559
27473.3574
27473.5371
27473.6191
27473.5391
27473.4766
27473.5352
27473.5352
27473.4551
27473.4727
27473.3906
27473.4102
27473.3066
27473.2070
27473.2207
27473.2773
27473.3965
27473.5156
27473.5352
27473.5352
27473.5918
27473.5547
27473.7109
27473.6504
27473.5684
27473.5508
27473.7441
27473.8066
27473.8652
27473.9453
27474.0664
27474.2656
27474.3457
27474.6270
27474.5527
27474.6328
27474.5527
27474.6289
27474.6484
27474.5039
27474.5410
27474.5566
27474.6699
27474.7266
27474.6895
27474.7832
27474.7832
27474.7598
27474.5977
27474.5410
27474.4219
27474.4219
27474.3027
27474.2227
27474.2656
27474.2480
27474.2910
27474.2715
27474.2539
27474.1543
27474.0352
27474.0352
27473.9355
27473.9785
27474.1348
27474.1543
27474.2734
27474.5117
27474.5508
27474.6113
27474.7695
27474.8496
27474.7871
27474.7500
27474.7871
27474.8262
27474.7637
27474.8203
27474.5645
27474.5391
27474.4590
27474.6719
27474.7070
27474.8848
27474.9434
27475.0801
27475.3555
27475.6133
27475.8457
27476.0957
27476.2461
27476.1270
27476.1152
27475.6816
27475.6445
27475.5820
27475.7578
27475.8398
27475.8652
27476.0645
27476.0215
27476.0273
27475.9082
27475.8711
27475.8516
27475.8145
27475.8945
27475.9766
27476.0586
27476.2207
27476.2402
27476.4648
27476.4453
27476.3027
27476.4023
27476.4395
27476.3770
27476.1152
27476.1543
27476.1348
27476.0293
27476.1914
27476.1914
27476.0098
27476.0098
27475.9902
27476.0098
27476.0098
27475.8105
27475.7305
27475.7227
27475.6543
27475.5801
27475.7363
27475.7500
27475.7051
27475.8301
27475.5605
27475.4746
27475.4551
27475.8379
27475.8750
27475.7305
27475.9121
27475.5625
27475.8047
27475.7871
27475.6621
27475.6445
27475.9062
27475.8242
27475.6816
27475.7188
27475.5312
27475.7930
27476.0312
27475.6875
27476.0684
27476.0938
27475.8496
27475.7695
27476.1191
27475.9121
27476.0195
27476.0449
27475.9824
27476.0684
27476.2305
27476.1875
27475.9453
27476.0625
27475.9824
27476.0195
27476.1191
27476.0762
27475.9375
27475.8574
27475.9004
27475.8184
27475.8633
27476.0195
27475.9824
27476.1074
27476.1875
27476.2500
27476.3945
27476.3516
27476.4082
27476.5762
27476.5137
27476.4141
27476.5762
27476.3711
27476.5137
27476.3516
27476.3906
27476.4082
27476.4531
27476.2637
27476.4824
27476.3945
27476.3320
27476.2695
27476.2266
27476.2266
27476.2070
27476.3438
27476.4688
27476.3066
27476.2695
27476.3145
27476.2754
27476.0957
27476.2148
27476.0137
27475.9141
27475.9316
27475.8770
27475.8379
27475.7383
27475.8008
27475.8633
27475.7207
27475.7637
27476.2891
27476.2891
27476.1836
27476.3906
27476.2012
27476.3203
27476.3203
27476.2578
27475.8516
27475.7695
27475.7520
27475.4688
27475.6152
27475.6152
27475.6953
27475.9570
27475.9570
27476.2461
27476.4844
27476.1465
27476.3457
27476.2910
27476.3281
27476.2090
27476.0918
27475.9668
27475.9727
27475.7910
27476.0352
27476.0977
27476.1348
27476.1348
27476.1719
27475.9922
27475.8457
27475.7910
27475.8359
27475.7539
27475.5352
27475.6172
27475.6621
27475.8867
27476.1699
27476.3320
27476.4141
27476.7012
27476.6758
27476.6328
27476.5957
27476.5957
27476.5781
27476.5137
27476.4141
27476.2695
27476.4512
27476.5312
27476.4512
27476.5684
27476.4062
27476.2812
27476.5254
27476.4883
27476.3887
27476.5078
27476.5078
27476.3262
27476.5254
27476.9629
27476.8340
27476.8711
27477.2402
27477.1855
27477.1406
27477.0859
27477.2227
27477.3145
27477.1973
27477.4082
27477.5078
27477.6621
27477.5996
27477.7930
27477.8105
27477.9316
27477.7109
27477.6855
27477.8047
27477.5703
27477.6523
27477.5703
27477.7363
27477.7637
27477.4551
27477.3926
27477.5371
27477.4375
27477.0117
27477.2480
27477.6406
27477.6523
27477.6523
27477.8320
27478.0176
27478.1367
27478.1387
27478.2207
27478.2930
27478.2930
27477.9922
27478.1934
27478.1504
27478.0039
27477.9961
27478.0703
27478.0508
27478.0625
27478.1621
27478.0352
27478.2168
27477.9082
27477.9277
27478.0273
27478.0078
27477.9082
27477.9453
27478.0195
27478.1465
27477.9629
27478.2715
27477.9512
27477.9980
27477.9980
27477.9980
27478.1152
27478.1895
27478.1699
27478.2070
27478.4883
27478.3066
27478.5703
27478.5898
27478.8320
27478.6699
27478.7871
27478.9414
27479.1582
27479.2656
27479.5137
27479.4961
27479.3047
27479.3496
27479.2168
27479.3340
27479.5957
27479.9160
27479.9707
27480.1699
27480.3340
27480.4219
27480.4668
27480.4668
27480.8496
27480.9297
27481.1133
27481.2129
27481.0684
27481.2031
27481.3398
27481.4219
27481.5215
27481.5020
27481.5566
27481.2578
27481.6035
27481.6855
27481.5566
27481.5391
27482.0742
27482.9082
27483.0352
27482.9082
27482.9629
27482.8457
27483.3086
27483.7793
27483.7715
27483.6699
27483.7539
27483.4902
27483.7715
27483.7715
27483.8535
27483.8906
27484.0781
27484.1699
27484.4688
27484.5156
27484.2773
27484.3320
27484.4043
27484.4590
27484.4785
27484.2148
27484.0879
27484.1426
27484.0664
27484.0234
27483.9590
27483.9219
27483.6602
27483.7227
27483.8223
27483.8672
27483.9121
27484.0859
27484.1309
27484.4766
27484.4414
27484.6289
27484.5293
27484.7754
27484.9648
27485.1660
27485.1113
27485.3379
27485.3184
27485.4648
27485.4375
27485.5820
27485.4375
27485.4473
27485.7285
27485.5098
27485.6367
27485.6465
27485.7090
27485.6465
27485.7383
27485.7461
27485.7363
27485.8359
27485.9727
27486.0566
27486.0098
27486.2559
27486.2832
27486.2207
27486.5742
27486.6465
27486.9648
27486.9395
27486.8105
27487.3555
27487.2461
27487.1465
27487.2012
27487.4648
27487.5117
27487.4277
27487.8359
27487.8730
27487.7109
27487.7910
27487.9316
27487.9648
27488.0645
27488.2090
27488.1914
27488.3555
27488.2812
27488.4902
27488.5273
27488.7734
27488.9727
27489.1367
27489.0176
27489.1543
27489.3008
27489.6172
27489.8359
27489.9355
27490.1543
27490.4375
27490.4824
27490.7461
27491.0352
27490.8555
27490.9727
27491.2812
27491.4453
27491.6719
27491.5918
27491.7910
27492.0000
27492.3262
27492.4629
27492.4355
27492.8457
27493.0801
27493.0527
27493.2988
27493.3809
27493.2188
27493.4531
27493.5078
27493.4453
27493.4707
27493.4980
27493.5977
27493.8262
27493.9258
27493.8164
27494.0977
27494.3516
27494.4160
27494.5527
27494.6973
27494.8516
27494.9883
27495.2520
27495.2246
27495.5254
27495.4238
27495.2422
27495.7871
27495.6074
27495.4785
27496.0254
27496.5059
27496.1973
27496.5684
27496.7695
27496.5039
27496.7051
27496.8223
27497.2402
27497.5215
27497.5215
27497.8594
27498.0137
27498.2051
27498.3496
27498.9219
27498.9766
27498.9766
27499.4219
27499.2598
27499.5586
27499.7129
27499.5684
27499.6855
27499.6953
27499.8398
27499.6953
27499.9941
27499.7402
27500.0508
27500.1504
27500.3789
27500.4238
27500.4590
27500.1680
27500.3867
27500.4863
27500.1230
27500.3867
27500.5410
27500.1582
27500.2578
27500.1855
27500.1484
27500.1035
27500.0762
27500.0586
27500.0391
27500.1934
27500.2930
27500.3281
27500.4648
27500.3750
27500.3281
27500.4102
27500.4199
27500.2754
27499.8926
27499.8828
27499.9668
27499.7109
27499.6035
27499.6934
27499.9492
27499.9121
27499.8652
27499.7109
27499.7656
27499.4004
27499.3906
27499.3184
27499.1191
27499.0371
27498.8828
27498.6191
27498.5371
27498.3906
27498.2910
27497.8633
27497.7539
27497.2441
27497.1094
27497.2012
27497.1641
27497.0820
27496.5371
27496.7285
27496.8750
27496.7383
27497.0137
27497.1133
27497.3594
27497.6602
27497.9043
27497.9863
27497.9980
27497.8438
27497.7617
27497.5078
27497.1445
27497.1348
27497.2168
27497.2930
27497.2383
27497.3379
27497.2676
27496.9668
27497.1484
27496.8672
27496.6035
27496.6680
27496.5195
27496.3848
27496.5137
27496.5234
27496.6523
27496.4707
27496.7344
27496.7637
27496.8906
27496.4727
27496.8203
27496.7090
27496.6660
27496.7031
27496.7832
27496.7949
27496.5957
27496.4238
27496.3223
27496.2871
27496.2871
27496.1230
27495.9160
27495.6445
27495.4277
27495.0449
27494.8848
27494.5020
27494.3477
27494.1309
27494.0879
27493.8984
27493.7930
27493.4102
27493.4102
27493.2285
27493.2559
27493.1387
27492.7207
27492.3750
27492.6406
27492.5742
27492.5215
27492.5566
27492.4492
27492.5156
27492.8066
27492.6719
27492.5195
27492.4375
27492.5195
27492.3848
27492.5488
27492.4316
27492.6074
27492.3145
27492.4062
27492.4707
27492.4180
27492.3184
27492.2012
27491.9121
27492.0586
27491.8066
27491.6055
27491.4414
27491.5059
27491.3359
27491.2285
27491.1582
27491.1230
27491.0410
27491.0156
27490.9395
27491.0234
27490.6699
27490.6523
27490.4629
27490.4922
27490.3926
27490.3691
27490.2578
27490.2871
27490.1230
27490.3164
27490.2344
27490.4160
27490.3887
27490.2988
27490.3457
27490.3926
27490.0000
27490.1934
27489.7773
27489.6953
27489.6777
27489.5898
27489.5078
27489.6895
27489.7715
27489.7305
27489.8125
27489.7949
27489.5410
27489.4531
27489.2715
27489.1836
27488.9844
27488.9316
27488.9316
27488.9316
27488.8848
27488.8672
27488.7031
27488.8145
27488.4980
27488.3027
27488.4004
27488.6172
27488.6348
27488.5527
27488.4355
27488.6289
27488.4648
27488.3184
27487.9844
27488.0312
27487.7305
27487.7441
27487.5781
27487.7852
27487.7852
27488.0156
27487.9805
27488.0449
27487.6797
27487.5273
27487.9395
27488.1680
27487.9980
27488.5586
27488.7344
27488.5352
27488.2051
27487.6426
27486.9004
27486.4727
27485.4863
27485.0684
27485.4453
27485.4922
27485.1270
27484.7520
27484.6348
27484.4707
27484.2422
27483.7129
27483.4766
27483.2773
27483.3496
27483.1543
27483.0020
27482.9844
27482.4746
27482.5039
27482.4922
27482.2090
27481.9648
27481.5645
27481.5117
27481.5410
27481.0586
27480.5117
27480.2598
27480.0078
27479.3672
27479.1836
27478.3496
27478.3965
27478.6270
27478.5723
27478.2383
27477.5859
27477.9629
27477.8105
27477.6934
27477.8223
27478.0352
27478.1660
27478.0352
27478.1543
27478.1582
27477.9961
27478.0137
27478.0488
27477.5664
27477.4492
27477.7266
27477.4922
27477.1270
27476.8379
27476.6211
27476.5176
27476.3340
27476.1523
27476.2539
27475.9531
27475.9707
27475.8359
27476.1777
27476.1895
27476.6230
27476.5996
27476.5762
27476.7109
27476.8340
27476.7988
27476.6523
27476.2715
27475.8125
27475.7363
27475.5332
27475.1504
27474.8809
27474.8359
27474.3652
27474.3945
27474.1602
27473.7090
27473.5801
27473.3203
27473.2617
27473.4453
27473.0801
27473.2988
27473.4629
27473.3926
27473.8223
27473.7539
27474.1367
27474.1836
27474.0547
27473.6953
27473.9609
27473.8145
27473.7676
27473.5195
27473.9316
27473.6855
27473.6328
27473.9297
27474.2402
27473.5000
27474.1113
27474.1172
27474.0781
27473.6953
27473.5488
27473.8574
27473.4102
27473.2754
27473.3457
27473.2539
27473.1543
27473.2012
27473.1660
27472.3066
27471.9473
27472.6602
27472.0352
27471.8516
27472.3613
27472.1133
27471.9492
27472.0273
27471.7148
27471.7988
27471.6797
27471.3164
27471.4824
27471.2480
27471.1270
27471.0176
27471.0176
27471.0703
27470.9941
27471.3242
27471.1934
27471.0645
27470.6523
27470.3984
27470.2227
27470.0215
27469.5742
27469.7090
27469.8945
27469.3125
27469.1641
