    0.6055
    0.5630
    0.5142
    0.4674
    0.4282
    0.3893
    0.3487
    0.3128
    0.2798
    0.2483
    0.2244
    0.2038
    0.1828
    0.1666
    0.1488
    0.1360
    0.1214
    0.1070
    0.0926
    0.0705
    0.0486
    0.0283
    0.0019
   -0.0215
   -0.0512
   -0.0823
   -0.1181
   -0.1491
   -0.1834
   -0.2205
   -0.2528
   -0.2712
   -0.2927
   -0.3156
   -0.3369
   -0.3565
   -0.3793
   -0.4010
   -0.4196
   -0.4402
   -0.4593
   -0.4869
   -0.5161
   -0.5407
   -0.5669
   -0.5822
   -0.6020
   -0.6137
   -0.6271
   -0.6484
   -0.6598
   -0.6763
   -0.6957
   -0.7137
   -0.7362
   -0.7620
   -0.7799
   -0.7996
   -0.8209
   -0.8408
   -0.8622
   -0.8806
   -0.9053
   -0.9173
   -0.9326
   -0.9558
   -0.9804
   -0.9968
   -1.0193
   -1.0400
   -1.0539
   -1.0721
   -1.0838
   -1.0887
   -1.0937
   -1.0938
   -1.0937
   -1.0901
   -1.0848
   -1.0750
   -1.0655
   -1.0544
   -1.0463
   -1.0305
   -1.0244
   -1.0168
   -1.0031
   -0.9945
   -0.9858
   -0.9850
   -0.9782
   -0.9697
   -0.9660
   -0.9531
   -0.9496
   -0.9433
   -0.9387
   -0.9374
   -0.9395
   -0.9481
   -0.9504
   -0.9625
   -0.9667
   -0.9723
   -0.9828
   -0.9867
   -1.0033
   -1.0168
   -1.0398
   -1.0660
   -1.0858
   -1.1139
   -1.1400
   -1.1661
   -1.1872
   -1.1990
   -1.2137
   -1.2332
   -1.2428
   -1.2702
   -1.3070
   -1.3471
   -1.3823
   -1.4065
   -1.4292
   -1.4485
   -1.4631
   -1.4762
   -1.4991
   -1.5173
   -1.5435
   -1.5714
   -1.5978
   -1.6227
   -1.6523
   -1.6786
   -1.7049
   -1.7362
   -1.7677
   -1.7913
   -1.8245
   -1.8447
   -1.8713
   -1.9029
   -1.9456
   -1.9786
   -2.0162
   -2.0650
   -2.1055
   -2.1526
   -2.1946
   -2.2462
   -2.2993
   -2.3505
   -2.4078
   -2.4602
   -2.5138
   -2.5690
   -2.6192
   -2.6691
   -2.7125
   -2.7622
   -2.8054
   -2.8518
   -2.8971
   -2.9388
   -2.9854
   -3.0255
   -3.0658
   -3.0997
   -3.1319
   -3.1578
   -3.1885
   -3.2174
   -3.2417
   -3.2739
   -3.3175
   -3.3589
   -3.3960
   -3.4444
   -3.4816
   -3.5108
   -3.5320
   -3.5597
   -3.5905
   -3.6197
   -3.6443
   -3.6574
   -3.6642
   -3.6595
   -3.6470
   -3.6278
   -3.6069
   -3.5894
   -3.5768
   -3.5675
   -3.5632
   -3.5654
   -3.5676
   -3.5781
   -3.6031
   -3.6248
   -3.6546
   -3.6814
   -3.7080
   -3.7266
   -3.7517
   -3.7703
   -3.7793
   -3.7885
   -3.7897
   -3.7893
   -3.7857
   -3.7806
   -3.7789
   -3.7822
   -3.7822
   -3.7825
   -3.7842
   -3.7861
   -3.7847
   -3.7833
   -3.7771
   -3.7789
   -3.7759
   -3.7755
   -3.7757
   -3.7774
   -3.7793
   -3.7794
   -3.7892
   -3.7991
   -3.8153
   -3.8266
   -3.8446
   -3.8689
   -3.8948
   -3.9206
   -3.9519
   -3.9874
   -4.0229
   -4.0519
   -4.0826
   -4.1179
   -4.1580
   -4.1980
   -4.2444
   -4.2938
   -4.3482
   -4.4090
   -4.4765
   -4.5522
   -4.6294
   -4.7115
   -4.7888
   -4.8692
   -4.9446
   -5.0184
   -5.0857
   -5.1497
   -5.2102
   -5.2594
   -5.3021
   -5.3431
   -5.3777
   -5.4026
   -5.4244
   -5.4364
   -5.4534
   -5.4655
   -5.4759
   -5.4926
   -5.5077
   -5.5197
   -5.5349
   -5.5437
   -5.5525
   -5.5645
   -5.5767
   -5.5857
   -5.5899
   -5.5991
   -5.6130
   -5.6221
   -5.6313
   -5.6437
   -5.6529
   -5.6605
   -5.6713
   -5.6805
   -5.6882
   -5.6910
   -5.6955
   -5.6953
   -5.6902
   -5.6803
   -5.6640
   -5.6381
   -5.6072
   -5.5699
   -5.5292
   -5.4838
   -5.4384
   -5.3947
   -5.3478
   -5.2961
   -5.2526
   -5.2124
   -5.1768
   -5.1479
   -5.1172
   -5.0913
   -5.0670
   -5.0428
   -5.0185
   -5.0024
   -4.9880
   -4.9768
   -4.9672
   -4.9642
   -4.9596
   -4.9585
   -4.9591
   -4.9630
   -4.9687
   -4.9806
   -4.9959
   -5.0143
   -5.0376
   -5.0576
   -5.0808
   -5.1055
   -5.1254
   -5.1437
   -5.1635
   -5.1784
   -5.1966
   -5.2052
   -5.2152
   -5.2269
   -5.2369
   -5.2484
   -5.2633
   -5.2764
   -5.3025
   -5.3219
   -5.3428
   -5.3669
   -5.3941
   -5.4181
   -5.4421
   -5.4693
   -5.4980
   -5.5267
   -5.5635
   -5.6050
   -5.6451
   -5.6900
   -5.7382
   -5.7898
   -5.8431
   -5.9030
   -5.9630
   -6.0213
   -6.0765
   -6.1300
   -6.1883
   -6.2402
   -6.2856
   -6.3279
   -6.3635
   -6.3993
   -6.4318
   -6.4610
   -6.4886
   -6.5146
   -6.5356
   -6.5518
   -6.5696
   -6.5842
   -6.5923
   -6.6020
   -6.6066
   -6.6128
   -6.6173
   -6.6218
   -6.6198
   -6.6210
   -6.6207
   -6.6221
   -6.6250
   -6.6311
   -6.6389
   -6.6532
   -6.6723
   -6.6931
   -6.7188
   -6.7443
   -6.7779
   -6.8097
   -6.8430
   -6.8731
   -6.9049
   -6.9349
   -6.9650
   -6.9870
   -7.0107
   -7.0329
   -7.0536
   -7.0727
   -7.0916
   -7.1092
   -7.1232
   -7.1308
   -7.1351
   -7.1312
   -7.1258
   -7.1185
   -7.1048
   -7.0959
   -7.0820
   -7.0647
   -7.0410
   -7.0220
   -7.0012
   -6.9787
   -6.9561
   -6.9287
   -6.9029
   -6.8788
   -6.8563
   -6.8339
   -6.8082
   -6.7825
   -6.7600
   -6.7375
   -6.7167
   -6.6909
   -6.6637
   -6.6332
   -6.6042
   -6.5770
   -6.5483
   -6.5212
   -6.4924
   -6.4621
   -6.4284
   -6.3981
   -6.3628
   -6.3275
   -6.2906
   -6.2553
   -6.2168
   -6.1800
   -6.1433
   -6.1082
   -6.0717
   -6.0350
   -6.0018
   -5.9654
   -5.9259
   -5.8833
   -5.8439
   -5.8062
   -5.7651
   -5.7209
   -5.6799
   -5.6389
   -5.5962
   -5.5517
   -5.5073
   -5.4629
   -5.4167
   -5.3723
   -5.3280
   -5.2820
   -5.2345
   -5.1868
   -5.1392
   -5.0916
   -5.0406
   -4.9912
   -4.9467
   -4.9005
   -4.8528
   -4.8050
   -4.7590
   -4.7146
   -4.6719
   -4.6276
   -4.5831
   -4.5321
   -4.4877
   -4.4465
   -4.4004
   -4.3544
   -4.3116
   -4.2640
   -4.2228
   -4.1848
   -4.1500
   -4.1136
   -4.0755
   -4.0407
   -4.0074
   -3.9773
   -3.9488
   -3.9219
   -3.8967
   -3.8747
   -3.8544
   -3.8373
   -3.8218
   -3.8112
   -3.8006
   -3.7862
   -3.7657
   -3.7453
   -3.7216
   -3.6929
   -3.6658
   -3.6420
   -3.6181
   -3.5974
   -3.5735
   -3.5513
   -3.5306
   -3.5083
   -3.4844
   -3.4607
   -3.4371
   -3.4135
   -3.3916
   -3.3697
   -3.3479
   -3.3243
   -3.3023
   -3.2836
   -3.2651
   -3.2481
   -3.2343
   -3.2207
   -3.2120
   -3.1983
   -3.1863
   -3.1759
   -3.1638
   -3.1534
   -3.1429
   -3.1292
   -3.1187
   -3.1115
   -3.1141
   -3.1166
   -3.1174
   -3.1232
   -3.1306
   -3.1348
   -3.1454
   -3.1561
   -3.1699
   -3.1887
   -3.2123
   -3.2424
   -3.2725
   -3.3059
   -3.3443
   -3.3875
   -3.4373
   -3.4903
   -3.5466
   -3.5996
   -3.6526
   -3.6976
   -3.7408
   -3.7742
   -3.8114
   -3.8481
   -3.8832
   -3.9149
   -3.9401
   -3.9637
   -3.9823
   -3.9945
   -4.0049
   -4.0136
   -4.0224
   -4.0328
   -4.0465
   -4.0568
   -4.0671
   -4.0740
   -4.0808
   -4.0843
   -4.0845
   -4.0863
   -4.0914
   -4.0933
   -4.0935
   -4.0920
   -4.0922
   -4.0958
   -4.0961
   -4.0932
   -4.0887
   -4.0874
   -4.0764
   -4.0685
   -4.0623
   -4.0546
   -4.0434
   -4.0242
   -3.9984
   -3.9611
   -3.9190
   -3.8752
   -3.8231
   -3.7646
   -3.7094
   -3.6476
   -3.5760
   -3.5012
   -3.4214
   -3.3367
   -3.2455
   -3.1494
   -3.0516
   -2.9457
   -2.8348
   -2.7175
   -2.5952
   -2.4647
   -2.3391
   -2.2102
   -2.0862
   -1.9605
   -1.8431
   -1.7239
   -1.6081
   -1.4922
   -1.3926
   -1.3045
   -1.2098
   -1.1248
   -1.0383
   -0.9566
   -0.8766
   -0.7916
   -0.7067
   -0.6200
   -0.5416
   -0.4632
   -0.3881
   -0.3146
   -0.2462
   -0.1810
   -0.1157
   -0.0686
   -0.0149
    0.0372
    0.0861
    0.1316
    0.1805
    0.2148
    0.2474
    0.2735
    0.3012
    0.3175
    0.3321
    0.3419
    0.3534
    0.3418
    0.3287
    0.3106
    0.2812
    0.2500
    0.2139
    0.1779
    0.1370
    0.0994
    0.0487
   -0.0052
   -0.0674
   -0.1214
   -0.1802
   -0.2391
   -0.3094
   -0.3748
   -0.4435
   -0.5122
   -0.5793
   -0.6479
   -0.7166
   -0.7918
   -0.8670
   -0.9439
   -1.0208
   -1.0976
   -1.1729
   -1.2448
   -1.3183
   -1.3820
   -1.4425
   -1.5128
   -1.5749
   -1.6534
   -1.7189
   -1.7876
   -1.8612
   -1.9250
   -1.9953
   -2.0541
   -2.1211
   -2.1849
   -2.2519
   -2.3123
   -2.3662
   -2.4168
   -2.4493
   -2.4934
   -2.5375
   -2.5799
   -2.6173
   -2.6532
   -2.6809
   -2.6986
   -2.7132
   -2.7343
   -2.7472
   -2.7715
   -2.7812
   -2.7957
   -2.8004
   -2.8084
   -2.8181
   -2.8260
   -2.8374
   -2.8503
   -2.8764
   -2.9008
   -2.9302
   -2.9531
   -2.9891
   -3.0135
   -3.0495
   -3.0888
   -3.1329
   -3.1755
   -3.2214
   -3.2705
   -3.3163
   -3.3736
   -3.4227
   -3.4784
   -3.5210
   -3.5685
   -3.6144
   -3.6569
   -3.7011
   -3.7486
   -3.8027
   -3.8585
   -3.9142
   -3.9683
   -4.0273
   -4.0814
   -4.1323
   -4.1913
   -4.2471
   -4.3029
   -4.3718
   -4.4276
   -4.4900
   -4.5442
   -4.6016
   -4.6673
   -4.7363
   -4.8085
   -4.8824
   -4.9612
   -5.0401
   -5.1222
   -5.2011
   -5.2800
   -5.3654
   -5.4443
   -5.5297
   -5.6119
   -5.6891
   -5.7664
   -5.8305
   -5.8995
   -5.9636
   -6.0244
   -6.0853
   -6.1445
   -6.1954
   -6.2432
   -6.2892
   -6.3253
   -6.3598
   -6.3927
   -6.4223
   -6.4435
   -6.4649
   -6.4797
   -6.4929
   -6.4994
   -6.4978
   -6.4961
   -6.4813
   -6.4748
   -6.4584
   -6.4502
   -6.4355
   -6.4223
   -6.4076
   -6.3912
   -6.3765
   -6.3552
   -6.3289
   -6.2994
   -6.2683
   -6.2338
   -6.2026
   -6.1599
   -6.1205
   -6.0679
   -6.0219
   -5.9709
   -5.9200
   -5.8657
   -5.8148
   -5.7639
   -5.7162
   -5.6669
   -5.6029
   -5.5355
   -5.4714
   -5.4057
   -5.3333
   -5.2610
   -5.1837
   -5.1097
   -5.0325
   -4.9503
   -4.8665
   -4.7827
   -4.6956
   -4.6069
   -4.5133
   -4.4163
   -4.3177
   -4.2356
   -4.1486
   -4.0616
   -3.9745
   -3.8892
   -3.8021
   -3.7118
   -3.6231
   -3.5345
   -3.4408
   -3.3456
   -3.2487
   -3.1469
   -3.0467
   -2.9465
   -2.8447
   -2.7396
   -2.6362
   -2.5426
   -2.4457
   -2.3505
   -2.2586
   -2.1651
   -2.0765
   -1.9829
   -1.8893
   -1.7958
   -1.7088
   -1.6185
   -1.5298
   -1.4428
   -1.3559
   -1.2591
   -1.1639
   -1.0671
   -0.9720
   -0.8718
   -0.7701
   -0.6634
   -0.5584
   -0.4517
   -0.3483
   -0.2416
   -0.1365
   -0.0315
    0.0720
    0.1754
    0.2754
    0.3804
    0.4838
    0.5839
    0.6889
    0.7938
    0.9021
    1.0072
    1.1123
    1.2124
    1.3125
    1.4011
    1.4880
    1.5717
    1.6719
    1.7754
    1.8772
    1.9806
    2.0775
    2.1744
    2.2730
    2.3665
    2.4634
    2.5553
    2.6472
    2.7408
    2.8213
    2.9034
    2.9856
    3.0661
    3.1450
    3.2287
    3.3172
    3.4089
    3.5035
    3.6045
    3.7035
    3.8072
    3.9104
    4.0147
    4.1202
    4.2300
    4.3375
    4.4494
    4.5654
    4.6823
    4.7934
    4.9037
    5.0114
    5.1149
    5.2240
    5.3271
    5.4292
    5.5368
    5.6431
    5.7549
    5.8670
    5.9811
    6.0956
    6.2101
    6.3266
    6.4465
    6.5599
    6.6782
    6.7997
    6.9178
    7.0341
    7.1486
    7.2628
    7.3784
    7.4936
    7.6101
    7.7312
    7.8516
    7.9730
    8.0905
    8.2056
    8.3218
    8.4371
    8.5565
    8.6735
    8.7878
    8.9062
    9.0187
    9.1334
    9.2454
    9.3546
    9.4691
    9.5809
    9.6946
    9.8054
    9.9132
   10.0180
   10.1199
   10.2189
   10.3150
   10.4082
   10.4985
   10.5859
   10.6703
   10.7518
   10.8304
   10.9062
   10.9791
   11.0491
   11.1163
   11.1805
   11.2417
   11.3001
   11.3554
   11.4078
   11.4712
   11.5307
   11.5964
   11.6581
   11.7262
   11.7888
   11.8480
   11.9033
   11.9568
   12.0068
   12.0485
   12.0950
   12.1432
   12.1866
   12.2318
   12.2688
   12.2994
   12.3334
   12.3676
   12.3989
   12.4238
   12.4541
   12.4832
   12.5095
   12.5331
   12.5524
   12.5757
   12.5913
   12.6078
   12.6234
   12.6350
   12.6442
   12.6511
   12.6539
   12.6512
   12.6512
   12.6524
   12.6533
   12.6571
   12.6605
   12.6603
   12.6631
   12.6590
   12.6563
   12.6552
   12.6473
   12.6458
   12.6329
   12.6281
   12.6234
   12.6223
   12.6162
   12.6103
   12.6029
   12.5959
   12.5908
   12.5844
   12.5785
   12.5682
   12.5601
   12.5531
   12.5322
   12.5179
   12.4901
   12.4691
   12.4247
   12.3953
   12.3642
   12.3397
   12.3135
   12.2872
   12.2658
   12.2377
   12.2011
   12.1713
   12.1312
   12.1027
   12.0793
   12.0493
   12.0210
   11.9910
   11.9711
   11.9412
   11.9080
   11.8781
   11.8483
   11.8218
   11.7888
   11.7658
   11.7344
   11.7032
   11.6785
   11.6571
   11.6357
   11.6194
   11.6065
   11.5952
   11.5789
   11.5643
   11.5462
   11.5216
   11.5052
   11.4757
   11.4578
   11.4349
   11.4087
   11.3893
   11.3616
   11.3454
   11.3193
   11.2951
   11.2693
   11.2401
   11.2127
   11.1853
   11.1563
   11.1290
   11.1084
   11.0828
   11.0657
   11.0468
   11.0259
   11.0021
   10.9735
   10.9467
   10.9098
   10.8879
   10.8592
   10.8290
   10.7971
   10.7620
   10.7269
   10.6935
   10.6635
   10.6404
   10.6040
   10.5762
   10.5452
   10.5143
   10.4803
   10.4463
   10.4074
   10.3670
   10.3267
   10.2898
   10.2464
   10.2046
   10.1646
   10.1263
   10.0847
   10.0481
   10.0048
    9.9633
    9.9153
    9.8740
    9.8243
    9.7782
    9.7271
    9.6793
    9.6249
    9.5774
    9.5331
    9.4807
    9.4364
    9.3822
    9.3313
    9.2838
    9.2364
    9.1924
    9.1483
    9.1010
    9.0552
    9.0077
    8.9702
    8.9261
    8.8819
    8.8376
    8.7884
    8.7376
    8.6866
    8.6392
    8.5833
    8.5256
    8.4714
    8.4188
    8.3630
    8.3153
    8.2663
    8.2174
    8.1701
    8.1145
    8.0621
    8.0114
    7.9574
    7.8984
    7.8360
    7.7834
    7.7291
    7.6715
    7.6103
    7.5490
    7.4891
    7.4377
    7.3777
    7.3243
    7.2657
    7.2136
    7.1631
    7.1091
    7.0533
    6.9957
    6.9379
    6.8853
    6.8259
    6.7799
    6.7274
    6.6815
    6.6340
    6.5881
    6.5323
    6.4797
    6.4268
    6.3708
    6.3146
    6.2600
    6.2170
    6.1672
    6.1172
    6.0636
    6.0116
    5.9563
    5.9128
    5.8573
    5.8003
    5.7482
    5.6995
    5.6493
    5.6042
    5.5641
    5.5191
    5.4741
    5.4189
    5.3755
    5.3337
    5.2887
    5.2385
    5.1933
    5.1485
    5.1067
    5.0533
    5.0049
    4.9649
    4.9267
    4.8869
    4.8486
    4.8170
    4.7852
    4.7535
    4.7202
    4.6865
    4.6596
    4.6412
    4.6128
    4.5843
    4.5623
    4.5353
    4.5132
    4.4913
    4.4660
    4.4408
    4.4141
    4.3923
    4.3674
    4.3441
    4.3240
    4.2956
    4.2670
    4.2400
    4.2129
    4.1807
    4.1566
    4.1327
    4.1055
    4.0813
    4.0621
    4.0416
    4.0126
    3.9885
    3.9663
    3.9527
    3.9273
    3.9069
    3.8780
    3.8593
    3.8387
    3.8133
    3.7864
    3.7663
    3.7399
    3.7104
    3.6790
    3.6545
    3.6382
    3.6153
    3.5958
    3.5811
    3.5681
    3.5548
    3.5361
    3.5157
    3.5054
    3.4933
    3.4712
    3.4592
    3.4401
    3.4280
    3.4141
    3.4002
    3.3915
    3.3826
    3.3809
    3.3689
    3.3583
    3.3525
    3.3432
    3.3306
    3.3198
    3.3108
    3.2982
    3.2875
    3.2750
    3.2691
    3.2548
    3.2474
    3.2348
    3.2221
    3.2110
    3.1998
    3.1852
    3.1670
    3.1538
    3.1423
    3.1272
    3.1072
    3.0938
    3.0754
    3.0636
    3.0503
    3.0402
    3.0217
    3.0013
    2.9824
    2.9687
    2.9534
    2.9397
    2.9207
    2.9067
    2.8943
    2.8780
    2.8648
    2.8495
    2.8427
    2.8308
    2.8155
    2.8035
    2.7932
    2.7795
    2.7624
    2.7506
    2.7388
    2.7236
    2.7032
    2.6762
    2.6541
    2.6201
    2.5930
    2.5591
    2.5185
    2.4761
    2.4235
    2.3743
    2.3181
    2.2670
    2.2077
    2.1536
    2.0995
    2.0454
    1.9948
    1.9425
    1.8919
    1.8428
    1.7971
    1.7547
    1.7141
    1.6749
    1.6391
    1.6067
    1.5744
    1.5387
    1.5049
    1.4745
    1.4425
    1.4105
    1.3836
    1.3583
    1.3298
    1.3046
    1.2744
    1.2474
    1.2189
    1.1955
    1.1687
    1.1487
    1.1220
    1.0986
    1.0718
    1.0536
    1.0285
    1.0050
    0.9815
    0.9580
    0.9362
    0.9092
    0.8855
    0.8602
    0.8349
    0.8063
    0.7793
    0.7575
