    1.1206
    0.8044
    0.4916
    0.1731
   -0.1510
   -0.4818
   -0.8166
   -1.1591
   -1.5038
   -1.8543
   -2.2086
   -2.5649
   -2.9276
   -3.2940
   -3.6641
   -4.0392
   -4.4187
   -4.8064
   -5.2005
   -5.6003
   -6.0084
   -6.4277
   -6.8567
   -7.2916
   -7.7333
   -8.1759
   -8.6218
   -9.0645
   -9.5061
   -9.9476
  -10.3867
  -10.4259
  -10.4661
  -10.5076
  -10.5502
  -10.5943
  -10.6359
  -10.6741
  -10.7089
  -10.7449
  -10.7759
  -10.8030
  -10.8263
  -10.8493
  -10.8712
  -10.8940
  -10.9211
  -10.9512
  -10.9834
  -11.0150
  -11.0442
  -11.0685
  -11.0900
  -11.1070
  -11.1212
  -11.1294
  -11.1334
  -11.1369
  -11.1400
  -11.1394
  -11.1377
  -11.1341
  -11.1279
  -11.1184
  -11.1052
  -11.0908
  -11.0718
  -11.0495
  -11.0206
  -10.9882
  -10.9486
  -10.9053
  -10.8559
  -10.7998
  -10.7337
  -10.6586
  -10.5741
  -10.4826
  -10.3806
  -10.2731
  -10.1616
  -10.0461
   -9.9248
   -9.8025
   -9.6784
   -9.5529
   -9.4305
   -9.3056
   -9.1887
   -9.0805
   -8.9770
   -8.8801
   -8.7886
   -8.6972
   -8.6051
   -8.5120
   -8.4173
   -8.3181
   -8.2164
   -8.1206
   -8.0262
   -7.9341
   -7.8456
   -7.7633
   -7.6845
   -7.6085
   -7.5331
   -7.4597
   -7.3828
   -7.3042
   -7.2274
   -7.1533
   -7.0827
   -7.0121
   -6.9471
   -6.8851
   -6.8278
   -6.7757
   -6.7317
   -6.6898
   -6.6528
   -6.6217
   -6.5919
   -6.5654
   -6.5407
   -6.5212
   -6.4995
   -6.4790
   -6.4580
   -6.4374
   -6.4148
   -6.3919
   -6.3662
   -6.3424
   -6.3161
   -6.2913
   -6.2714
   -6.2538
   -6.2382
   -6.2309
   -6.2290
   -6.2347
   -6.2475
   -6.2671
   -6.2858
   -6.3053
   -6.3279
   -6.3449
   -6.3634
   -6.3820
   -6.3975
   -6.4109
   -6.4210
   -6.4275
   -6.4330
   -6.4365
   -6.4357
   -6.4322
   -6.4254
   -6.4192
   -6.4079
   -6.3922
   -6.3772
   -6.3645
   -6.3527
   -6.3431
   -6.3353
   -6.3301
   -6.3232
   -6.3167
   -6.3140
   -6.3103
   -6.3081
   -6.3042
   -6.3008
   -6.2934
   -6.2818
   -6.2683
   -6.2531
   -6.2341
   -6.2175
   -6.2020
   -6.1846
   -6.1701
   -6.1561
   -6.1483
   -6.1432
   -6.1461
   -6.1539
   -6.1695
   -6.1880
   -6.2119
   -6.2405
   -6.2735
   -6.3074
   -6.3462
   -6.3876
   -6.4308
   -6.4753
   -6.5197
   -6.5632
   -6.6034
   -6.6398
   -6.6729
   -6.7037
   -6.7381
   -6.7765
   -6.8067
   -6.8372
   -6.8671
   -6.8928
   -6.9101
   -6.9274
   -6.9357
   -6.9543
   -6.9737
   -6.9986
   -7.0283
   -7.0614
   -7.1038
   -7.1466
   -7.1873
   -7.2267
   -7.2626
   -7.2957
   -7.3258
   -7.3532
   -7.3781
   -7.3970
   -7.4106
   -7.4241
   -7.4316
   -7.4357
   -7.4346
   -7.4338
   -7.4281
   -7.4263
   -7.4258
   -7.4282
   -7.4330
   -7.4397
   -7.4435
   -7.4454
   -7.4463
   -7.4448
   -7.4404
   -7.4293
   -7.4150
   -7.3953
   -7.3729
   -7.3451
   -7.3141
   -7.2802
   -7.2434
   -7.2044
   -7.1617
   -7.1167
   -7.0691
   -7.0173
   -6.9626
   -6.9076
   -6.8510
   -6.7945
   -6.7398
   -6.6853
   -6.6306
   -6.5772
   -6.5182
   -6.4619
   -6.4080
   -6.3537
   -6.2969
   -6.2460
   -6.1955
   -6.1690
   -6.1223
   -6.1054
   -6.0613
   -6.0234
   -5.9886
   -5.9505
   -5.9112
   -5.8705
   -5.8302
   -5.7909
   -5.7497
   -5.7085
   -5.6671
   -5.6268
   -5.5891
   -5.5557
   -5.5230
   -5.4919
   -5.4668
   -5.4452
   -5.4255
   -5.4142
   -5.4070
   -5.4047
   -5.4017
   -5.4012
   -5.3977
   -5.3954
   -5.3955
   -5.3997
   -5.4032
   -5.4108
   -5.4225
   -5.4331
   -5.4431
   -5.4516
   -5.4579
   -5.4633
   -5.4658
   -5.4659
   -5.4659
   -5.4682
   -5.4720
   -5.4768
   -5.4818
   -5.4875
   -5.4921
   -5.4971
   -5.5019
   -5.5080
   -5.5159
   -5.5308
   -5.5444
   -5.5624
   -5.5823
   -5.6040
   -5.6227
   -5.6462
   -5.6733
   -5.7031
   -5.7341
   -5.7683
   -5.7799
   -5.8115
   -5.8401
   -5.8625
   -5.8806
   -5.8992
   -5.9201
   -5.9392
   -5.9590
   -5.9820
   -6.0080
   -6.0353
   -6.0624
   -6.0931
   -6.1231
   -6.1533
   -6.1836
   -6.2154
   -6.2454
   -6.2751
   -6.3050
   -6.3307
   -6.3546
   -6.3797
   -6.4016
   -6.4247
   -6.4450
   -6.4637
   -6.4777
   -6.4918
   -6.5050
   -6.5157
   -6.5278
   -6.5390
   -6.5487
   -6.5619
   -6.5778
   -6.5966
   -6.6186
   -6.6396
   -6.6613
   -6.6826
   -6.7055
   -6.7291
   -6.7553
   -6.7818
   -6.8075
   -6.8296
   -6.8480
   -6.8670
   -6.8775
   -6.8828
   -6.8841
   -6.8835
   -6.8760
   -6.8703
   -6.8672
   -6.8621
   -6.8565
   -6.8509
   -6.8459
   -6.8413
   -6.8377
   -6.8328
   -6.8306
   -6.8288
   -6.8269
   -6.8254
   -6.8255
   -6.8264
   -6.8270
   -6.8275
   -6.8278
   -6.8287
   -6.8286
   -6.8286
   -6.8258
   -6.8243
   -6.8185
   -6.8141
   -6.8095
   -6.8051
   -6.7995
   -6.7961
   -6.7910
   -6.7856
   -6.7808
   -6.7777
   -6.7736
   -6.7713
   -6.7716
   -6.7709
   -6.7722
   -6.7740
   -6.7797
   -6.7873
   -6.7927
   -6.7987
   -6.8055
   -6.8107
   -6.8178
   -6.8233
   -6.8275
   -6.8330
   -6.8395
   -6.8449
   -6.8548
   -6.8674
   -6.8851
   -6.9030
   -6.9189
   -6.9339
   -6.9506
   -6.9680
   -6.9888
   -7.0129
   -7.0379
   -7.0604
   -7.0849
   -7.1093
   -7.1347
   -7.1585
   -7.1822
   -7.2043
   -7.2272
   -7.2523
   -7.2828
   -7.3156
   -7.3496
   -7.3863
   -7.4227
   -7.4590
   -7.4962
   -7.5343
   -7.5733
   -7.6097
   -7.6442
   -7.6804
   -7.7172
   -7.7532
   -7.7866
   -7.8155
   -7.8344
   -7.8493
   -7.8583
   -7.8645
   -7.8668
   -7.8660
   -7.8650
   -7.8655
   -7.8643
   -7.8624
   -7.8622
   -7.8639
   -7.8660
   -7.8682
   -7.8738
   -7.8794
   -7.8847
   -7.8887
   -7.8928
   -7.8960
   -7.8951
   -7.8937
   -7.8873
   -7.8754
   -7.8616
   -7.8421
   -7.8215
   -7.7991
   -7.7773
   -7.7563
   -7.7367
   -7.7170
   -7.6959
   -7.6714
   -7.6487
   -7.6216
   -7.5942
   -7.5643
   -7.5309
   -7.4930
   -7.4541
   -7.4119
   -7.3686
   -7.3223
   -7.2739
   -7.2217
   -7.1665
   -7.1097
   -7.0530
   -6.9941
   -6.9335
   -6.8691
   -6.8031
   -6.7356
   -6.6674
   -6.5991
   -6.5305
   -6.4602
   -6.3877
   -6.3152
   -6.2432
   -6.1756
   -6.1098
   -6.0437
   -6.0173
   -5.9543
   -5.8931
   -5.8320
   -5.7686
   -5.7060
   -5.6420
   -5.5765
   -5.5099
   -5.4414
   -5.3698
   -5.2955
   -5.2192
   -5.1413
   -5.0624
   -4.9826
   -4.9029
   -4.8259
   -4.7498
   -4.6759
   -4.6040
   -4.5322
   -4.4607
   -4.3876
   -4.3112
   -4.2306
   -4.1476
   -4.0625
   -3.9782
   -3.8952
   -3.8123
   -3.7310
   -3.6499
   -3.5706
   -3.4870
   -3.4052
   -3.3225
   -3.2396
   -3.1558
   -3.0706
   -2.9838
   -2.8952
   -2.8068
   -2.7180
   -2.6280
   -2.5332
   -2.4387
   -2.3421
   -2.2464
   -2.1522
   -2.0572
   -1.9605
   -1.8639
   -1.7686
   -1.6734
   -1.5800
   -1.4880
   -1.3985
   -1.3104
   -1.2236
   -1.1409
   -1.1056
   -1.0334
   -0.9666
   -0.9037
   -0.8450
   -0.7890
   -0.7346
   -0.6810
   -0.6268
   -0.5721
   -0.5176
   -0.4626
   -0.4104
   -0.3586
   -0.3077
   -0.2626
   -0.2190
   -0.1782
   -0.1400
   -0.1035
   -0.0695
   -0.0395
   -0.0149
    0.0084
    0.0240
    0.0290
    0.0271
    0.0141
   -0.0042
   -0.0284
   -0.0577
   -0.0839
   -0.1167
   -0.1483
   -0.1854
   -0.2227
   -0.2634
   -0.3068
   -0.3547
   -0.4051
   -0.4609
   -0.5213
   -0.5833
   -0.6477
   -0.7149
   -0.7847
   -0.8551
   -0.9294
   -1.0042
   -1.0765
   -1.1477
   -1.2206
   -1.2950
   -1.3702
   -1.4441
   -1.5186
   -1.5945
   -1.6688
   -1.7412
   -1.8114
   -1.8772
   -1.9388
   -1.9960
   -2.0450
   -2.0911
   -2.1352
   -2.1766
   -2.2169
   -2.2594
   -2.3020
   -2.3455
   -2.3877
   -2.4284
   -2.4647
   -2.4929
   -2.5156
   -2.5245
   -2.5203
   -2.5057
   -2.4800
   -2.4478
   -2.4091
   -2.3721
   -2.3318
   -2.2946
   -2.2584
   -2.2228
   -2.1844
   -2.1422
   -2.0989
   -2.0548
   -2.0059
   -1.9588
   -1.9081
   -1.8545
   -1.7962
   -1.7357
   -1.6726
   -1.6045
   -1.5321
   -1.4565
   -1.3773
   -1.2953
   -1.2101
   -1.1201
   -1.0279
   -0.9345
   -0.8415
   -0.7498
   -0.6591
   -0.5722
   -0.4903
   -0.4118
   -0.3351
   -0.2582
   -0.1831
   -0.1066
   -0.0280
    0.0520
    0.1327
    0.2135
    0.2924
    0.3709
    0.4468
    0.5167
    0.5832
    0.6493
    0.7147
    0.7766
    0.8394
    0.9019
    0.9631
    1.0206
    1.0788
    1.1331
    1.1794
    1.2204
    1.2524
    1.2740
    1.2863
    1.2912
    1.2907
    1.2838
    1.2803
    1.2749
    1.2717
    1.2730
    1.2843
    1.2990
    1.3189
    1.3419
    1.3684
    1.3932
    1.4199
    1.4477
    1.4723
    1.4945
    1.5128
    1.5276
    1.5406
    1.5512
    1.5588
    1.5648
    1.5684
    1.5741
    1.5781
    1.5835
    1.5923
    1.6048
    1.6222
    1.6414
    1.6641
    1.6901
    1.7190
    1.7497
    1.7812
    1.8144
    1.8466
    1.8792
    1.9088
    1.9355
    1.9611
    1.9831
    2.0041
    2.0267
    2.0511
    2.0788
    2.1050
    2.1316
    2.1615
    2.1922
    2.2222
    2.2523
    2.2831
    2.3124
    2.3437
    2.3781
    2.4140
    2.4506
    2.4886
    2.5270
    2.5629
    2.5969
    2.6312
    2.6629
    2.6965
    2.7314
    2.7661
    2.7982
    2.8271
    2.8526
    2.8787
    2.9051
    2.9348
    2.9643
    2.9921
    3.0206
    3.0499
    3.0814
    3.1165
    3.1518
    3.1872
    3.2260
    3.2672
    3.3149
    3.3631
    3.4140
    3.4673
    3.5188
    3.5703
    3.6228
    3.6762
    3.7308
    3.7884
    3.8497
    3.9137
    3.9821
    4.0529
    4.1261
    4.2013
    4.2800
    4.3603
    4.4429
    4.5290
    4.6184
    4.7076
    4.8036
    4.9011
    5.0054
    5.1089
    5.2138
    5.3198
    5.4311
    5.5476
    5.6723
    5.8010
    5.9340
    6.0697
    6.2061
    6.3467
    6.4906
    6.6317
    6.7756
    6.9259
    7.0777
    7.2295
    7.3848
    7.5430
    7.7034
    7.8609
    8.0232
    8.1897
    8.3534
    8.5216
    8.6939
    8.8646
    9.0364
    9.2079
    9.3756
    9.5439
    9.7107
    9.8752
   10.0403
   10.1997
   10.3651
   10.5250
   10.6832
   10.8399
   10.9919
   11.1423
   11.2923
   11.4384
   11.5842
   11.7281
   11.8704
   12.0101
   12.1480
   12.2834
   12.4152
   12.5449
   12.6730
   12.8009
   12.9329
   13.0631
   13.1969
   13.3306
   13.4661
   13.5975
   13.7319
   13.8663
   14.0023
   14.1435
   14.2902
   14.4371
   14.5852
   14.7320
   14.8780
   15.0236
   15.1698
   15.3194
   15.4707
   15.6237
   15.7833
   15.9477
   16.1060
   16.2581
   16.4090
   16.5537
   16.6921
   16.8233
   16.9511
   17.0752
   17.1888
   17.3032
   17.4159
   17.5185
   17.6242
   17.7258
   17.8258
   17.9320
   18.0411
   18.1494
   18.2592
   18.3704
   18.4903
   18.6059
   18.7308
   18.8622
   18.9940
   19.1301
   19.2744
   19.4206
   19.5723
   19.7280
   19.8901
   20.0533
   20.2196
   20.3866
   20.5538
   20.7228
   20.8916
   21.0622
   21.2316
   21.3974
   21.5636
   21.7274
   21.8901
   22.0515
   22.2134
   22.3718
   22.5259
   22.6811
   22.8319
   22.9802
   23.1277
   23.2698
   23.4062
   23.5371
   23.6627
   23.7847
   23.9026
   24.0162
   24.1240
   24.2303
   24.3346
   24.4432
   24.5596
   24.6814
   24.8086
   24.9402
   25.0770
   25.2195
   25.3623
   25.5114
   25.6611
   25.8064
   25.9541
   26.1011
   26.2517
   26.4048
   26.5543
   26.6989
   26.8443
   26.9893
   27.1308
   27.2644
   27.3939
   27.5109
   27.6181
   27.7194
   27.8146
   27.8960
   27.9700
   28.0390
   28.1005
   28.1548
   28.2050
   28.2485
   28.2892
   28.3252
   28.3556
   28.3835
   28.4087
   28.4322
   28.4548
   28.4742
   28.4898
   28.5054
   28.5189
   28.5321
   28.5465
   28.5640
   28.5811
   28.5990
   28.6160
   28.6319
   28.6474
   28.6628
   28.6815
   28.6990
   28.7153
   28.7319
   28.7494
   28.7692
   28.7876
   28.8068
   28.8229
   28.8367
   28.8488
   28.8593
   28.8693
   28.8772
   28.8836
   28.8895
   28.8939
   28.8977
   28.9007
   28.9017
   28.9037
   28.9052
   28.9052
   28.9049
   28.9083
   28.9115
   28.9145
   28.9173
   28.9229
   28.9294
   28.9445
   28.9658
   28.9973
   29.0382
   29.0918
   29.1544
   29.2237
   29.2966
   29.3734
   29.4532
   29.5338
   29.6184
   29.7062
   29.7961
   29.8876
   29.9788
   30.0720
   30.1669
   30.2647
   30.3659
   30.4655
   30.5642
   30.6578
   30.7426
   30.8162
   30.8799
   30.9312
   30.9715
   31.0034
   31.0303
   31.0520
   31.0670
   31.0768
   31.0808
   31.0805
   31.0748
   31.0658
   31.0459
   31.0130
   30.9747
   30.9284
   30.8702
   30.8025
   30.7312
   30.6595
   30.5904
   30.5191
   30.4476
   30.3804
   30.3165
   30.2575
   30.1971
   30.1349
   30.0734
   30.0115
   29.9459
   29.8810
   29.8178
   29.7558
   29.6944
   29.6342
   29.5696
   29.5004
   29.4242
   29.3383
   29.2424
   29.1364
   29.0205
   28.9007
   28.7717
   28.6380
   28.5057
   28.3709
   28.2367
   28.1064
   27.9808
   27.8563
   27.7301
   27.6043
   27.4768
   27.3462
   27.2136
   27.0808
   26.9500
   26.8217
   26.6990
   26.5830
   26.4737
   26.3705
   26.2714
   26.1756
   26.0812
   25.9870
   25.8934
   25.8057
   25.7200
   25.6345
   25.5517
   25.4784
   25.4128
   25.3514
   25.2989
   25.2606
   25.2330
   25.2131
   25.1975
   25.1762
   25.1588
   25.1400
   25.1117
   25.0760
   25.0271
   24.9707
   24.9117
   24.8565
   24.8048
   24.7635
   24.7273
   24.7051
   24.7015
   24.7102
   24.7174
   24.7297
   24.7344
   24.7273
   24.7164
   24.7065
   24.6992
   24.6854
   24.6629
   24.6390
   24.6086
   24.5745
   24.5384
   24.4985
   24.4540
   24.4015
   24.3452
   24.2872
   24.2336
   24.1830
   24.1347
   24.0900
   24.0446
   23.9973
   23.9576
   23.9273
   23.9079
   23.9018
   23.9018
   23.9120
   23.9272
   23.9491
   23.9758
   24.0101
   24.0430
   24.0782
   24.1139
   24.1464
   24.1743
   24.2021
   24.2292
   24.2505
   24.2648
   24.2710
   24.2693
   24.2569
   24.2435
   24.2267
   24.2112
   24.1926
   24.1764
   24.1682
   24.1668
   24.1671
   24.1618
   24.1516
   24.1249
   24.0779
   24.0133
   23.9204
   23.8098
   23.6975
   23.5808
   23.4643
   23.3589
   23.2536
   23.1449
   23.0301
   22.9151
   22.8075
   22.6997
   22.5903
   22.4774
   22.3624
   22.2487
   22.1391
   22.0342
   21.9337
   21.8369
   21.7312
   21.6172
   21.5006
   21.3810
   21.2594
   21.1368
   21.0069
   20.8653
   20.7033
   20.5231
   20.3344
   20.1350
   19.9314
   19.7309
   19.5348
   19.3320
   19.1263
   18.9096
   18.6814
   18.4450
   18.2112
   17.9752
   17.7380
   17.5007
   17.2674
   17.0375
   16.8111
   16.5940
   16.3843
   16.1739
   15.9649
   15.7633
   15.5617
   15.3613
   15.1573
   14.9518
   14.7454
   14.5381
   14.3381
   14.1516
   13.9677
   13.7986
   13.6373
   13.4842
   13.3363
   13.1994
   13.0694
   12.9496
   12.8372
   12.7387
   12.6566
   12.5819
   12.5169
   12.4598
   12.4049
   12.3493
   12.2885
   12.2214
   12.1498
   12.0741
   11.9918
   11.9122
   11.8383
   11.7645
   11.6948
   11.6352
   11.5861
   11.5479
   11.5189
   11.5047
   11.4993
   11.4969
   11.4911
   11.4839
   11.4707
   11.4466
   11.4198
   11.3911
   11.3688
   11.3532
   11.3447
   11.3406
   11.3400
   11.3435
   11.3523
   11.3612
   11.3710
   11.3804
   11.3893
   11.3934
   11.4007
   11.4102
   11.4252
   11.4447
   11.4692
   11.5002
   11.5378
   11.5792
   11.6288
   11.6817
   11.7353
   11.7885
   11.8328
   11.8661
   11.8812
   11.8753
   11.8546
   11.8182
   11.7717
   11.7193
   11.6677
   11.6155
   11.5655
   11.5156
   11.4711
   11.4294
   11.3920
   11.3588
   11.3257
   11.2946
   11.2623
   11.2318
   11.1998
   11.1680
   11.1419
   11.1166
   11.0928
   11.0720
   11.0547
   11.0424
   11.0321
   11.0266
   11.0235
   11.0283
   11.0396
   11.0542
   11.0798
   11.1158
   10.7786
   10.4475
   10.1251
    9.8067
    9.4863
    9.1591
    8.8244
    8.4846
    8.1433
    7.7987
    7.4530
    7.1084
    6.7700
    6.4337
    6.0987
    5.7636
    5.4277
    5.0896
    4.7483
    4.4013
    4.0492
    3.6869
    3.3182
    2.9469
    2.5720
    2.2014
    1.8411
    1.4938
    1.1631
    0.8456
