   -1.0930
   -1.0226
   -0.9392
   -0.8494
   -0.7563
   -0.6746
   -0.6106
   -0.5671
   -0.5283
   -0.4881
   -0.4443
   -0.3911
   -0.3346
   -0.2686
   -0.2011
   -0.1319
   -0.0594
    0.0099
    0.0727
    0.1356
    0.1967
    0.2561
    0.3138
    0.3693
    0.4245
    0.4828
    0.5424
    0.6051
    0.6663
    0.7308
    0.7885
    0.7941
    0.8060
    0.8132
    0.8075
    0.8003
    0.7993
    0.7887
    0.7750
    0.7629
    0.7507
    0.7464
    0.7455
    0.7557
    0.7628
    0.7666
    0.7642
    0.7567
    0.7396
    0.7115
    0.6896
    0.6712
    0.6688
    0.6809
    0.7139
    0.7627
    0.8229
    0.8768
    0.9340
    0.9769
    1.0038
    1.0195
    1.0258
    1.0225
    1.0145
    0.9968
    0.9936
    1.0032
    1.0287
    1.0640
    1.0960
    1.1184
    1.1313
    1.1423
    1.1471
    1.1503
    1.1517
    1.1499
    1.1576
    1.1572
    1.1631
    1.1708
    1.1863
    1.2020
    1.2161
    1.2302
    1.2395
    1.2377
    1.2295
    1.2179
    1.2079
    1.1948
    1.1834
    1.1769
    1.1717
    1.1698
    1.1664
    1.1597
    1.1482
    1.1367
    1.1138
    1.0861
    1.0536
    1.0180
    0.9775
    0.9338
    0.8933
    0.8623
    0.8426
    0.8324
    0.8381
    0.8456
    0.8560
    0.8550
    0.8463
    0.8180
    0.7851
    0.7425
    0.7046
    0.6664
    0.6347
    0.6126
    0.5857
    0.5570
    0.5235
    0.4883
    0.4546
    0.4097
    0.3680
    0.3310
    0.2875
    0.2488
    0.2066
    0.1692
    0.1270
    0.0833
    0.0345
   -0.0174
   -0.0723
   -0.1274
   -0.1792
   -0.2356
   -0.2954
   -0.3630
   -0.4276
   -0.4937
   -0.5614
   -0.6323
   -0.6937
   -0.7535
   -0.8084
   -0.8649
   -0.9182
   -0.9797
   -1.0395
   -1.1040
   -1.1732
   -1.2473
   -1.3247
   -1.3909
   -1.4522
   -1.5118
   -1.5649
   -1.6115
   -1.6437
   -1.6630
   -1.6742
   -1.6775
   -1.6776
   -1.6696
   -1.6551
   -1.6486
   -1.6407
   -1.6472
   -1.6521
   -1.6651
   -1.6749
   -1.6961
   -1.7092
   -1.7209
   -1.7309
   -1.7394
   -1.7495
   -1.7614
   -1.7685
   -1.7769
   -1.7888
   -1.8022
   -1.8094
   -1.8198
   -1.8382
   -1.8518
   -1.8734
   -1.8885
   -1.9068
   -1.9267
   -1.9451
   -1.9602
   -1.9706
   -1.9779
   -1.9884
   -1.9908
   -1.9884
   -1.9828
   -1.9706
   -1.9667
   -1.9627
   -1.9571
   -1.9565
   -1.9542
   -1.9519
   -1.9560
   -1.9602
   -1.9642
   -1.9653
   -1.9759
   -1.9818
   -1.9783
   -1.9731
   -1.9566
   -1.9319
   -1.9396
   -1.9296
   -1.9213
   -1.9227
   -1.9306
   -1.9512
   -1.9799
   -2.0101
   -2.0452
   -2.0883
   -2.1379
   -2.1939
   -2.2449
   -2.2991
   -2.3518
   -2.3963
   -2.4473
   -2.4869
   -2.5298
   -2.5742
   -2.6073
   -2.6532
   -2.6927
   -2.7256
   -2.7602
   -2.7948
   -2.8214
   -2.8495
   -2.8775
   -2.9088
   -2.9352
   -2.9631
   -2.9798
   -2.9932
   -3.0034
   -3.0183
   -3.0332
   -3.0414
   -3.0479
   -3.0544
   -3.0592
   -3.0704
   -3.0784
   -3.0895
   -3.1105
   -3.1282
   -3.1523
   -3.1781
   -3.1941
   -3.2165
   -3.2343
   -3.2455
   -3.2470
   -3.2517
   -3.2530
   -3.2575
   -3.2700
   -3.2920
   -3.3108
   -3.3394
   -3.3744
   -3.3836
   -3.4073
   -3.4229
   -3.4353
   -3.4509
   -3.4618
   -3.4612
   -3.4511
   -3.4457
   -3.4419
   -3.4332
   -3.4165
   -3.4141
   -3.4071
   -3.3999
   -3.4025
   -3.4051
   -3.4205
   -3.4553
   -3.5031
   -3.5669
   -3.6164
   -3.6754
   -3.7328
   -3.7917
   -3.8491
   -3.9128
   -3.9814
   -4.0500
   -4.1138
   -4.1840
   -4.2510
   -4.3294
   -4.4125
   -4.5054
   -4.5935
   -4.6864
   -4.7908
   -4.8984
   -5.0141
   -5.1314
   -5.2504
   -5.3823
   -5.5111
   -5.6399
   -5.7767
   -5.9071
   -6.0374
   -6.1597
   -6.2657
   -6.3700
   -6.4712
   -6.5789
   -6.6817
   -6.7829
   -6.8745
   -6.9614
   -7.0434
   -7.1206
   -7.1945
   -7.2683
   -7.3323
   -7.3963
   -7.4682
   -7.5384
   -7.6152
   -7.6999
   -7.7911
   -7.8936
   -7.9897
   -8.0857
   -8.1801
   -8.2745
   -8.3609
   -8.4375
   -8.5077
   -8.5665
   -8.6155
   -8.6501
   -8.6667
   -8.6673
   -8.6549
   -8.6425
   -8.6252
   -8.6078
   -8.5938
   -8.5734
   -8.5530
   -8.5245
   -8.5009
   -8.4821
   -8.4553
   -8.4267
   -8.3901
   -8.3470
   -8.2941
   -8.2347
   -8.1689
   -8.0964
   -8.0207
   -7.9418
   -7.8612
   -7.7645
   -7.6549
   -7.5420
   -7.4241
   -7.2999
   -7.1886
   -7.0903
   -7.0083
   -6.9441
   -6.8799
   -6.8254
   -6.7725
   -6.7196
   -6.6683
   -6.6104
   -6.5557
   -6.5044
   -6.4563
   -6.4032
   -6.3584
   -6.3249
   -6.2914
   -6.2612
   -6.2278
   -6.1894
   -6.1528
   -6.1176
   -6.0874
   -6.0588
   -6.0269
   -6.0032
   -5.9729
   -5.9475
   -5.9205
   -5.9032
   -5.8908
   -5.8785
   -5.8694
   -5.8602
   -5.8512
   -5.8454
   -5.8363
   -5.8274
   -5.8185
   -5.8096
   -5.8007
   -5.7917
   -5.7779
   -5.7591
   -5.7338
   -5.7085
   -5.6849
   -5.6662
   -5.6507
   -5.6368
   -5.6280
   -5.6256
   -5.6249
   -5.6276
   -5.6269
   -5.6245
   -5.6287
   -5.6343
   -5.6448
   -5.6554
   -5.6611
   -5.6537
   -5.6302
   -5.5985
   -5.5635
   -5.5270
   -5.4839
   -5.4424
   -5.3993
   -5.3579
   -5.3247
   -5.2833
   -5.2354
   -5.1892
   -5.1478
   -5.1048
   -5.0635
   -5.0270
   -4.9939
   -4.9656
   -4.9374
   -4.9043
   -4.8713
   -4.8366
   -4.8037
   -4.7755
   -4.7377
   -4.7047
   -4.6668
   -4.6273
   -4.5829
   -4.5402
   -4.5007
   -4.4645
   -4.4234
   -4.3856
   -4.3477
   -4.3099
   -4.2720
   -4.2356
   -4.1993
   -4.1695
   -4.1349
   -4.1050
   -4.0736
   -4.0438
   -4.0174
   -3.9941
   -3.9676
   -3.9427
   -3.9210
   -3.8944
   -3.8646
   -3.8332
   -3.8002
   -3.7705
   -3.7424
   -3.7192
   -3.6959
   -3.6727
   -3.6446
   -3.6180
   -3.5931
   -3.5730
   -3.5511
   -3.5244
   -3.5041
   -3.4854
   -3.4666
   -3.4494
   -3.4323
   -3.4150
   -3.4027
   -3.3953
   -3.3861
   -3.3770
   -3.3663
   -3.3508
   -3.3304
   -3.3083
   -3.2895
   -3.2740
   -3.2567
   -3.2345
   -3.2107
   -3.1853
   -3.1582
   -3.1377
   -3.1171
   -3.0950
   -3.0760
   -3.0587
   -3.0414
   -3.0225
   -3.0003
   -2.9732
   -2.9396
   -2.9059
   -2.8739
   -2.8436
   -2.8132
   -2.7747
   -2.7329
   -2.6911
   -2.6444
   -2.5961
   -2.5461
   -2.4962
   -2.4430
   -2.3931
   -2.3448
   -2.2981
   -2.2531
   -2.2080
   -2.1613
   -2.1145
   -2.0645
   -2.0178
   -1.9677
   -1.9227
   -1.8760
   -1.8358
   -1.7973
   -1.7539
   -1.7073
   -1.6609
   -1.6126
   -1.5597
   -1.5100
   -1.4587
   -1.4091
   -1.3594
   -1.3130
   -1.2634
   -1.2121
   -1.1608
   -1.1079
   -1.0517
   -0.9954
   -0.9342
   -0.8698
   -0.8020
   -0.7311
   -0.6651
   -0.6040
   -0.5445
   -0.4850
   -0.4254
   -0.3659
   -0.3112
   -0.2565
   -0.2033
   -0.1502
   -0.0955
   -0.0423
    0.0091
    0.0508
    0.0876
    0.1243
    0.1612
    0.1996
    0.2381
    0.2668
    0.2956
    0.3210
    0.3431
    0.3637
    0.3841
    0.4080
    0.4318
    0.4589
    0.4877
    0.5197
    0.5501
    0.5822
    0.6125
    0.6380
    0.6635
    0.6906
    0.7193
    0.7481
    0.7768
    0.8073
    0.8377
    0.8665
    0.8936
    0.9192
    0.9398
    0.9556
    0.9746
    0.9920
    1.0093
    1.0316
    1.0538
    1.0794
    1.1064
    1.1319
    1.1590
    1.1828
    1.2082
    1.2270
    1.2426
    1.2549
    1.2624
    1.2763
    1.2903
    1.3026
    1.3166
    1.3305
    1.3461
    1.3650
    1.3855
    1.4124
    1.4378
    1.4682
    1.4969
    1.5256
    1.5527
    1.5830
    1.6134
    1.6421
    1.6692
    1.6979
    1.7381
    1.7815
    1.8381
    1.9095
    1.9922
    2.0833
    2.1775
    2.2734
    2.3694
    2.4620
    2.5595
    2.6587
    2.7497
    2.8375
    2.9236
    3.0032
    3.0762
    3.1444
    3.2060
    3.2626
    3.3110
    3.3529
    3.3898
    3.4251
    3.4554
    3.4841
    3.5129
    3.5367
    3.5572
    3.5794
    3.5966
    3.6154
    3.6326
    3.6483
    3.6655
    3.6828
    3.7017
    3.7189
    3.7444
    3.7780
    3.8151
    3.8537
    3.8972
    3.9408
    3.9859
    4.0311
    4.0764
    4.1232
    4.1717
    4.2152
    4.2538
    4.2909
    4.3230
    4.3534
    4.3823
    4.4143
    4.4447
    4.4752
    4.5073
    4.5394
    4.5715
    4.5953
    4.6127
    4.6185
    4.6064
    4.5828
    4.5476
    4.5125
    4.4807
    4.4473
    4.4122
    4.3689
    4.3239
    4.2871
    4.2537
    4.2300
    4.2113
    4.1991
    4.1869
    4.1812
    4.1805
    4.1847
    4.1971
    4.2144
    4.2317
    4.2637
    4.2974
    4.3360
    4.3796
    4.4264
    4.4733
    4.5218
    4.5638
    4.6024
    4.6443
    4.6797
    4.7167
    4.7455
    4.7744
    4.7949
    4.8073
    4.8278
    4.8550
    4.8822
    4.9144
    4.9498
    4.9786
    5.0091
    5.0462
    5.0816
    5.1103
    5.1391
    5.1728
    5.2032
    5.2369
    5.2755
    5.3175
    5.3579
    5.3982
    5.4434
    5.4903
    5.5356
    5.5776
    5.6245
    5.6665
    5.7216
    5.7751
    5.8302
    5.8804
    5.9224
    5.9611
    6.0080
    6.0582
    6.1134
    6.1670
    6.2271
    6.2873
    6.3541
    6.4225
    6.4974
    6.5724
    6.6473
    6.7337
    6.8185
    6.9066
    6.9930
    7.0696
    7.1412
    7.2127
    7.2810
    7.3558
    7.4324
    7.5056
    7.5853
    7.6782
    7.7695
    7.8608
    7.9487
    8.0432
    8.1377
    8.2371
    8.3432
    8.4393
    8.5322
    8.6185
    8.7016
    8.7780
    8.8644
    8.9475
    9.0240
    9.0940
    9.1756
    9.2488
    9.3205
    9.3971
    9.4755
    9.5505
    9.6240
    9.7007
    9.7741
    9.8409
    9.9094
    9.9714
   10.0398
   10.1001
   10.1637
   10.2191
   10.2679
   10.3199
   10.3737
   10.4308
   10.4912
   10.5548
   10.6185
   10.6739
   10.7327
   10.7815
   10.8255
   10.8545
   10.8853
   10.9013
   10.9124
   10.9186
   10.9231
   10.9227
   10.9256
   10.9302
   10.9266
   10.9263
   10.9310
   10.9325
   10.9274
   10.9322
   10.9502
   10.9798
   10.9979
   11.0143
   11.0407
   11.0688
   11.0969
   11.1234
   11.1433
   11.1582
   11.1749
   11.1850
   11.1967
   11.2084
   11.2285
   11.2402
   11.2472
   11.2474
   11.2543
   11.2597
   11.2734
   11.2870
   11.2957
   11.3010
   11.3063
   11.3085
   11.3055
   11.3058
   11.3011
   11.2963
   11.2949
   11.2934
   11.2984
   11.3017
   11.3001
   11.3150
   11.3183
   11.3282
   11.3381
   11.3463
   11.3528
   11.3577
   11.3725
   11.3790
   11.3904
   11.4051
   11.4248
   11.4444
   11.4724
   11.5136
   11.5579
   11.6023
   11.6533
   11.7043
   11.7569
   11.8179
   11.8788
   11.9315
   11.9907
   12.0500
   12.0961
   12.1322
   12.1617
   12.1929
   12.2224
   12.2486
   12.2716
   12.2946
   12.3258
   12.3538
   12.3801
   12.4030
   12.4276
   12.4489
   12.4718
   12.4931
   12.5160
   12.5552
   12.5797
   12.6123
   12.6416
   12.6675
   12.6933
   12.7224
   12.7548
   12.7838
   12.8112
   12.8403
   12.8711
   12.9037
   12.9248
   12.9558
   12.9786
   12.9949
   13.0094
   13.0258
   13.0255
   13.0401
   13.0449
   13.0530
   13.0627
   13.0675
   13.0707
   13.0723
   13.0773
   13.0758
   13.0644
   13.0565
   13.0437
   13.0308
   13.0114
   12.9972
   12.9796
   12.9652
   12.9492
   12.9365
   12.9302
   12.9207
   12.9079
   12.8821
   12.8547
   12.8275
   12.7988
   12.7668
   12.7299
   12.6963
   12.6593
   12.6222
   12.5850
   12.5362
   12.4990
   12.4665
   12.4358
   12.4051
   12.3711
   12.3304
   12.2831
   12.2425
   12.1871
   12.1514
   12.1108
   12.0685
   12.0379
   12.0040
   11.9653
   11.9232
   11.8844
   11.8472
   11.8083
   11.7645
   11.7206
   11.6801
   11.6312
   11.5823
   11.5400
   11.5027
   11.4604
   11.4230
   11.3807
   11.3383
   11.2894
   11.2439
   11.1983
   11.1560
   11.1039
   11.0516
   11.0058
   10.9683
   10.9288
   10.8926
   10.8595
   10.8198
   10.7766
   10.7301
   10.6804
   10.6209
   10.5615
   10.4886
   10.4241
   10.3593
   10.3044
   10.2510
   10.1958
   10.1404
   10.0851
   10.0314
    9.9743
    9.9172
    9.8616
    9.8041
    9.7516
    9.6907
    9.6199
    9.5475
    9.4816
    9.4141
    9.3565
    9.2940
    9.2217
    9.1611
    9.0890
    9.0136
    8.9383
    8.8462
    8.7526
    8.6588
    8.5650
    8.4711
    8.3791
    8.2870
    8.1949
    8.1046
    8.0173
    7.9286
    7.8398
    7.7544
    7.6624
    7.5736
    7.4865
    7.3944
    7.3039
    7.2168
    7.1197
    7.0126
    6.9055
    6.7965
    6.6893
    6.5754
    6.4598
    6.3458
    6.2269
    6.1047
    5.9841
    5.8586
    5.7381
    5.6160
    5.4955
    5.3718
    5.2548
    5.1362
    5.0110
    4.8908
    4.7655
    4.6434
    4.5214
    4.3993
    4.2772
    4.1502
    4.0249
    3.8930
    3.7680
    3.6382
    3.5131
    3.3998
    3.2849
    3.1665
    3.0513
    2.9346
    2.8243
    2.7155
    2.6001
    2.4962
    2.3907
    2.2838
    2.1869
    2.1002
    2.0221
    1.9426
    1.8615
    1.7789
    1.7011
    1.6253
    1.5493
    1.4784
    1.4107
    1.3512
    1.2819
    1.2207
    1.1595
    1.0968
    1.0372
    0.9728
    0.9099
    0.8568
    0.8136
    0.7704
    0.7357
    0.6992
    0.6728
    0.6433
    0.6122
    0.5878
    0.5585
    0.5393
    0.5252
    0.5092
    0.4931
    0.4787
    0.4709
    0.4630
    0.4552
    0.4542
    0.4480
    0.4470
    0.4495
    0.4539
    0.4533
    0.4526
    0.4602
    0.4712
    0.4806
    0.4883
    0.4990
    0.5030
    0.5020
    0.5058
    0.5062
    0.5100
    0.5089
    0.5111
    0.5151
    0.5174
    0.5147
    0.5101
    0.5088
    0.5025
    0.4910
    0.4777
    0.4709
    0.4675
    0.4686
    0.4632
    0.4524
    0.4385
    0.4229
    0.4041
    0.3803
    0.3684
    0.3514
    0.3378
    0.3224
    0.3038
    0.2898
    0.2693
    0.2489
    0.2302
    0.2131
    0.1926
    0.1721
    0.1430
    0.1105
    0.0886
    0.0630
    0.0399
    0.0122
   -0.0172
   -0.0465
   -0.0793
   -0.1138
   -0.1550
   -0.2094
   -0.2671
   -0.3267
   -0.3795
   -0.4377
   -0.4959
   -0.5543
   -0.6060
   -0.6612
   -0.7179
   -0.7780
   -0.8346
   -0.8911
   -0.9490
   -1.0101
   -1.0744
   -1.1387
   -1.2029
   -1.2719
   -1.3408
   -1.4114
   -1.4820
   -1.5526
   -1.6182
   -1.6770
   -1.7292
   -1.7815
   -1.8356
   -1.8964
   -1.9620
   -2.0293
   -2.0998
   -2.1686
   -2.2388
   -2.2977
   -2.3531
   -2.4119
   -2.4674
   -2.5313
   -2.5867
   -2.6471
   -2.7076
   -2.7595
   -2.8079
   -2.8495
   -2.8877
   -2.9293
   -2.9690
   -3.0040
   -3.0356
   -3.0686
   -3.0950
   -3.1354
   -3.1807
   -3.2235
   -3.2651
   -3.3086
   -3.3569
   -3.4035
   -3.4504
   -3.4990
   -3.5325
   -3.5645
   -3.5965
   -3.6318
   -3.6618
   -3.7002
   -3.7387
   -3.7854
   -3.8255
   -3.8672
   -3.9107
   -3.9541
   -3.9943
   -4.0361
   -4.0645
   -4.0929
   -4.1211
   -4.1411
   -4.1628
   -4.1846
   -4.2062
   -4.2297
   -4.2465
   -4.2598
   -4.2816
   -4.3153
   -4.3506
   -4.3843
   -4.4117
   -4.4377
   -4.4608
   -4.4855
   -4.5070
   -4.5153
   -4.5335
   -4.5533
   -4.5681
   -4.5796
   -4.5962
   -4.6229
   -4.6479
   -4.6660
   -4.6825
   -4.7074
   -4.7374
   -4.7658
   -4.7974
   -4.8342
   -4.8690
   -4.9103
   -4.9485
   -4.9816
   -5.0064
   -5.0242
   -5.0385
   -5.0543
   -5.0619
   -5.0676
   -5.0667
   -5.0624
   -5.0546
   -5.0520
   -5.0527
   -5.0447
   -5.0399
   -5.0335
   -5.0254
   -5.0122
   -4.9924
   -4.9709
   -4.9459
   -4.9177
   -4.8844
   -4.8559
   -4.8227
   -4.7942
   -4.7623
   -4.7256
   -4.6939
   -4.6541
   -4.6107
   -4.5706
   -4.5307
   -4.4921
   -4.4607
   -4.4257
   -4.3855
   -4.3421
   -4.2987
   -4.2549
   -4.2144
   -4.1718
   -4.1342
   -4.0949
   -4.0641
   -4.0283
   -3.9930
   -3.9564
   -3.9249
   -3.8851
   -3.8438
   -3.7975
   -3.7563
   -3.7171
   -3.6728
   -3.6268
   -3.5876
   -3.5433
   -3.4973
   -3.4547
   -3.4089
   -3.3613
   -3.3187
   -3.2794
   -3.2420
   -3.2063
   -3.1708
   -3.1417
   -3.1112
   -3.0839
   -3.0565
   -3.0290
   -2.9983
   -2.9642
   -2.9337
   -2.9016
   -2.8713
   -2.8377
   -2.8091
   -2.7821
   -2.7568
   -2.7334
   -2.7115
   -2.6913
