    0.3511
    0.4201
    0.4847
    0.5479
    0.6167
    0.6729
    0.7336
    0.7930
    0.8588
    0.9269
    1.0050
    1.0870
    1.1553
    1.2232
    1.2756
    1.3261
    1.3736
    1.4112
    1.4531
    1.4878
    1.5239
    1.5511
    1.5769
    1.5952
    1.6132
    1.6157
    1.6221
    1.6227
    1.6228
    1.6260
    1.6279
    1.5244
    1.4186
    1.3139
    1.2093
    1.0951
    0.9840
    0.8675
    0.7507
    0.6209
    0.4943
    0.3706
    0.2408
    0.1090
   -0.0271
   -0.1657
   -0.3137
   -0.4580
   -0.6094
   -0.7722
   -0.9404
   -1.1215
   -1.3036
   -1.4839
   -1.6638
   -1.8429
   -2.0291
   -2.2071
   -2.3858
   -2.5710
   -2.7587
   -2.9619
   -3.1641
   -3.3668
   -3.5779
   -3.7910
   -4.0050
   -4.2191
   -4.4312
   -4.6430
   -4.8485
   -5.0639
   -5.2881
   -5.5098
   -5.7374
   -5.9644
   -6.1860
   -6.4070
   -6.6253
   -6.8405
   -7.0530
   -7.2742
   -7.4830
   -7.6959
   -7.9094
   -8.1201
   -8.3148
   -8.5144
   -8.7051
   -8.8910
   -9.0867
   -9.2818
   -9.4783
   -9.6735
   -9.8733
  -10.0758
  -10.2741
  -10.4766
  -10.6782
  -10.8757
  -11.0665
  -11.2547
  -11.4402
  -11.6178
  -11.7856
  -11.9578
  -12.1205
  -12.2799
  -12.4502
  -12.6106
  -12.7667
  -12.9128
  -13.0479
  -13.1759
  -13.3025
  -13.4234
  -13.5413
  -13.6578
  -13.7729
  -13.8842
  -13.9917
  -14.0941
  -14.1815
  -14.2718
  -14.3613
  -14.4530
  -14.5442
  -14.6206
  -14.7027
  -14.7809
  -14.8547
  -14.9278
  -14.9825
  -15.0322
  -15.0705
  -15.1057
  -15.1445
  -15.1868
  -15.2215
  -15.2482
  -15.2720
  -15.2901
  -15.3016
  -15.3166
  -15.3188
  -15.3095
  -15.2894
  -15.2490
  -15.1980
  -15.1432
  -15.0867
  -15.0202
  -14.9540
  -14.8835
  -14.8124
  -14.7382
  -14.6177
  -14.4864
  -14.3499
  -14.2118
  -14.0699
  -13.9172
  -13.7617
  -13.5972
  -13.4292
  -13.2630
  -13.0814
  -12.8685
  -12.6795
  -12.4812
  -12.2890
  -12.0880
  -11.8845
  -11.6742
  -11.4634
  -11.2466
  -11.0325
  -10.8149
  -10.5832
  -10.3585
  -10.1364
   -9.9016
   -9.6687
   -9.4416
   -9.2029
   -8.9621
   -8.7150
   -8.4710
   -8.2388
   -8.0075
   -7.7764
   -7.5587
   -7.3386
   -7.1358
   -6.9440
   -6.7625
   -6.5860
   -6.4014
   -6.2217
   -6.0565
   -5.8999
   -5.7599
   -5.6294
   -5.5091
   -5.3919
   -5.2915
   -5.2004
   -5.1258
   -5.0851
   -5.0558
   -5.0382
   -5.0246
   -5.0219
   -5.0212
   -5.0171
   -5.0145
   -5.0120
   -5.0511
   -5.0895
   -5.1292
   -5.1577
   -5.1812
   -5.2130
   -5.2466
   -5.2863
   -5.3301
   -5.3787
   -5.4407
   -5.5345
   -5.6063
   -5.6769
   -5.7417
   -5.8180
   -5.8953
   -5.9831
   -6.0699
   -6.1556
   -6.2453
   -6.3391
   -6.4406
   -6.5345
   -6.6218
   -6.7099
   -6.7930
   -6.8656
   -6.9399
   -7.0113
   -7.0760
   -7.1349
   -7.1837
   -7.2221
   -7.2539
   -7.2733
   -7.2953
   -7.3145
   -7.3222
   -7.3317
   -7.3299
   -7.3323
   -7.3260
   -7.3123
   -7.2954
   -7.2656
   -7.2334
   -7.1904
   -7.1417
   -7.0826
   -7.0228
   -6.9566
   -6.8834
   -6.8105
   -6.7355
   -6.6625
   -6.5866
   -6.5014
   -6.4145
   -6.3219
   -6.2291
   -6.1359
   -6.0511
   -5.9666
   -5.8897
   -5.8184
   -5.7520
   -5.6819
   -5.6167
   -5.5512
   -5.4855
   -5.4160
   -5.3439
   -5.2706
   -5.2006
   -5.1323
   -5.0610
   -4.9930
   -4.9250
   -4.8622
   -4.8037
   -4.7437
   -4.6855
   -4.6286
   -4.5821
   -4.5356
   -4.4962
   -4.4585
   -4.4245
   -4.3953
   -4.3615
   -4.3347
   -4.3043
   -4.2774
   -4.2498
   -4.2296
   -4.2100
   -4.1900
   -4.1673
   -4.1445
   -4.1174
   -4.0939
   -4.0709
   -4.0520
   -4.0329
   -4.0114
   -3.9944
   -3.9804
   -3.9613
   -3.9406
   -3.9122
   -3.8804
   -3.8494
   -3.8145
   -3.7725
   -3.7273
   -3.6797
   -3.6286
   -3.5831
   -3.5398
   -3.4986
   -3.4598
   -3.4238
   -3.3887
   -3.3521
   -3.3190
   -3.2872
   -3.2526
   -3.2263
   -3.1998
   -3.1756
   -3.1498
   -3.1302
   -3.1097
   -3.0912
   -3.0672
   -3.0410
   -3.0128
   -2.9825
   -2.9512
   -2.9203
   -2.8897
   -2.8650
   -2.8405
   -2.8147
   -2.7859
   -2.7580
   -2.7314
   -2.7048
   -2.6805
   -2.6545
   -2.6334
   -2.6125
   -2.5951
   -2.5808
   -2.5679
   -2.5551
   -2.5433
   -2.5358
   -2.5275
   -2.5205
   -2.5148
   -2.5107
   -2.5070
   -2.5024
   -2.4994
   -2.4959
   -2.4895
   -2.4765
   -2.4695
   -2.4644
   -2.4657
   -2.4691
   -2.4699
   -2.4704
   -2.4730
   -2.4777
   -2.4881
   -2.5008
   -2.5145
   -2.5309
   -2.5495
   -2.5671
   -2.5831
   -2.6021
   -2.6235
   -2.6446
   -2.6668
   -2.6903
   -2.7071
   -2.7253
   -2.7440
   -2.7644
   -2.7780
   -2.7949
   -2.8099
   -2.8270
   -2.8431
   -2.8573
   -2.8705
   -2.8792
   -2.8853
   -2.8913
   -2.8944
   -2.8959
   -2.8957
   -2.8964
   -2.8994
   -2.9021
   -2.9070
   -2.9136
   -2.9231
   -2.9345
   -2.9446
   -2.9530
   -2.9582
   -2.9637
   -2.9663
   -2.9689
   -2.9710
   -2.9744
   -2.9763
   -2.9740
   -2.9667
   -2.9521
   -2.9343
   -2.9134
   -2.8893
   -2.8681
   -2.8484
   -2.8258
   -2.8055
   -2.7826
   -2.7572
   -2.7337
   -2.7136
   -2.6953
   -2.6787
   -2.6582
   -2.6401
   -2.6237
   -2.6026
   -2.5852
   -2.5648
   -2.5453
   -2.5230
   -2.4999
   -2.4762
   -2.4554
   -2.4351
   -2.4146
   -2.3972
   -2.3816
   -2.3644
   -2.3530
   -2.3450
   -2.3408
   -2.3430
   -2.3503
   -2.3617
   -2.3766
   -2.3989
   -2.4237
   -2.4442
   -2.4654
   -2.4926
   -2.5227
   -2.5520
   -2.5865
   -2.6195
   -2.6512
   -2.6812
   -2.7170
   -2.7532
   -2.7941
   -2.8347
   -2.8731
   -2.9172
   -2.9620
   -3.0080
   -3.0584
   -3.1077
   -3.1572
   -3.2112
   -3.2668
   -3.3273
   -3.3882
   -3.4523
   -3.5250
   -3.5935
   -3.6578
   -3.7225
   -3.7830
   -3.8506
   -3.9142
   -3.9785
   -4.0418
   -4.1045
   -4.1666
   -4.2317
   -4.2923
   -4.3480
   -4.4001
   -4.4502
   -4.5019
   -4.5570
   -4.6057
   -4.6525
   -4.6902
   -4.7196
   -4.7489
   -4.7739
   -4.7908
   -4.7972
   -4.8005
   -4.7989
   -4.7944
   -4.7889
   -4.7743
   -4.7613
   -4.7406
   -4.7183
   -4.6939
   -4.6696
   -4.6492
   -4.6258
   -4.5958
   -4.5616
   -4.5268
   -4.4881
   -4.4492
   -4.4080
   -4.3649
   -4.3117
   -4.2519
   -4.1878
   -4.1288
   -4.0671
   -3.9940
   -3.9219
   -3.8525
   -3.7763
   -3.7014
   -3.6256
   -3.5482
   -3.4722
   -3.3968
   -3.3172
   -3.2356
   -3.1498
   -3.0630
   -2.9746
   -2.8914
   -2.8080
   -2.7223
   -2.6379
   -2.5508
   -2.4633
   -2.3745
   -2.2805
   -2.1806
   -2.0823
   -1.9882
   -1.8989
   -1.8052
   -1.7140
   -1.6220
   -1.5362
   -1.4531
   -1.3739
   -1.3060
   -1.2312
   -1.1637
   -1.0994
   -1.0423
   -0.9912
   -0.9377
   -0.8881
   -0.8340
   -0.7893
   -0.7414
   -0.7049
   -0.6660
   -0.6271
   -0.5863
   -0.5470
   -0.5088
   -0.4761
   -0.4454
   -0.4113
   -0.3743
   -0.3403
   -0.3008
   -0.2655
   -0.2350
   -0.2098
   -0.1823
   -0.1446
   -0.1190
   -0.0954
   -0.0740
   -0.0503
   -0.0253
   -0.0050
    0.0145
    0.0352
    0.0576
    0.0814
    0.0969
    0.1153
    0.1338
    0.1533
    0.1688
    0.1869
    0.2074
    0.2271
    0.2482
    0.2660
    0.2907
    0.3172
    0.3389
    0.3566
    0.3790
    0.4069
    0.4278
    0.4511
    0.4721
    0.4966
    0.5248
    0.5556
    0.5861
    0.6173
    0.6438
    0.6697
    0.6908
    0.7131
    0.7396
    0.7567
    0.7786
    0.7977
    0.8194
    0.8453
    0.8807
    0.9182
    0.9506
    0.9851
    1.0211
    1.0637
    1.1064
    1.1500
    1.1924
    1.2335
    1.2717
    1.2980
    1.3283
    1.3592
    1.3879
    1.4146
    1.4354
    1.4618
    1.4855
    1.5034
    1.5242
    1.5386
    1.5575
    1.5731
    1.5868
    1.6047
    1.6211
    1.6430
    1.6541
    1.6701
    1.6832
    1.6901
    1.7010
    1.7042
    1.7023
    1.6955
    1.6919
    1.6804
    1.6723
    1.6579
    1.6508
    1.6367
    1.6112
    1.5904
    1.5704
    1.5521
    1.5384
    1.5179
    1.4999
    1.4741
    1.4640
    1.4538
    1.4490
    1.4533
    1.4603
    1.4568
    1.4578
    1.4631
    1.4602
    1.4648
    1.4685
    1.4695
    1.4649
    1.4631
    1.4644
    1.4665
    1.4669
    1.4630
    1.4578
    1.4441
    1.4418
    1.4390
    1.4423
    1.4367
    1.4286
    1.4309
    1.4254
    1.4198
    1.4110
    1.3992
    1.3897
    1.3861
    1.3822
    1.3812
    1.3815
    1.3821
    1.3727
    1.3602
    1.3445
    1.3334
    1.3124
    1.2980
    1.2862
    1.2709
    1.2578
    1.2464
    1.2448
    1.2376
    1.2301
    1.2223
    1.2237
    1.2198
    1.2208
    1.2219
    1.2298
    1.2236
    1.2234
    1.2208
    1.2196
    1.2155
    1.2162
    1.2055
    1.1981
    1.1821
    1.1603
    1.1308
    1.1079
    1.0874
    1.0643
    1.0568
    1.0412
    1.0223
    1.0028
    0.9871
    0.9715
    0.9484
    0.9207
    0.8805
    0.8531
    0.8226
    0.7962
    0.7574
    0.7354
    0.7165
    0.7037
    0.6912
    0.6726
    0.6573
    0.6443
    0.6310
    0.6278
    0.6289
    0.6225
    0.6207
    0.6146
    0.6055
    0.6004
    0.5939
    0.5890
    0.5766
    0.5737
    0.5770
    0.5671
    0.5644
    0.5610
    0.5644
    0.5720
    0.5723
    0.5797
    0.5879
    0.5931
    0.6037
    0.6095
    0.6231
    0.6413
    0.6535
    0.6739
    0.6898
    0.7062
    0.7242
    0.7426
    0.7591
    0.7733
    0.7842
    0.8000
    0.8191
    0.8422
    0.8681
    0.8916
    0.9131
    0.9278
    0.9416
    0.9572
    0.9731
    0.9839
    0.9942
    1.0083
    1.0292
    1.0554
    1.0785
    1.1048
    1.1392
    1.1795
    1.2100
    1.2404
    1.2699
    1.3039
    1.3370
    1.3744
    1.4074
    1.4444
    1.4719
    1.4986
    1.5271
    1.5611
    1.5977
    1.6370
    1.6775
    1.7224
    1.7711
    1.8278
    1.8820
    1.9307
    1.9934
    2.0568
    2.1332
    2.2136
    2.3013
    2.3874
    2.4708
    2.5514
    2.6325
    2.7041
    2.7824
    2.8456
    2.9159
    2.9861
    3.0580
    3.1313
    3.2014
    3.2757
    3.3510
    3.4269
    3.5071
    3.5887
    3.6704
    3.7544
    3.8374
    3.9207
    4.0148
    4.1100
    4.2110
    4.3228
    4.4346
    4.5482
    4.6656
    4.7780
    4.8896
    4.9954
    5.1116
    5.2300
    5.3542
    5.4760
    5.5997
    5.7212
    5.8344
    5.9464
    6.0580
    6.1653
    6.2752
    6.3857
    6.4941
    6.6042
    6.7106
    6.8153
    6.9115
    7.0113
    7.1134
    7.2060
    7.2959
    7.3852
    7.4727
    7.5593
    7.6462
    7.7263
    7.8014
    7.8569
    7.9066
    7.9427
    7.9735
    8.0097
    8.0438
    8.0710
    8.1039
    8.1296
    8.1656
    8.1953
    8.2346
    8.2704
    8.3121
    8.3557
    8.4024
    8.4451
    8.4972
    8.5435
    8.5966
    8.6536
    8.7023
    8.7574
    8.8167
    8.8701
    8.9310
    8.9872
    9.0393
    9.0957
    9.1577
    9.2184
    9.2915
    9.3599
    9.4296
    9.4931
    9.5522
    9.6017
    9.6438
    9.6720
    9.7018
    9.7335
    9.7656
    9.7958
    9.8276
    9.8591
    9.8890
    9.9242
    9.9559
    9.9979
   10.0458
   10.0982
   10.1466
   10.1969
   10.2611
   10.3263
   10.3944
   10.4684
   10.5457
   10.6283
   10.7190
   10.8150
   10.9206
   11.0241
   11.1383
   11.2524
   11.3641
   11.4790
   11.6020
   11.7179
   11.8370
   11.9416
   12.0565
   12.1622
   12.2619
   12.3503
   12.4434
   12.5335
   12.6218
   12.6904
   12.7694
   12.8429
   12.9180
   12.9984
   13.0702
   13.1391
   13.2017
   13.2563
   13.3089
   13.3601
   13.3994
   13.4291
   13.4551
   13.4851
   13.5124
   13.5387
   13.5620
   13.5834
   13.6050
   13.6268
   13.6520
   13.6688
   13.6792
   13.6960
   13.7163
   13.7316
   13.7448
   13.7615
   13.7764
   13.7985
   13.8153
   13.8356
   13.8448
   13.8521
   13.8529
   13.8554
   13.8607
   13.8692
   13.8724
   13.8684
   13.8620
   13.8386
   13.8076
   13.7741
   13.7375
   13.6945
   13.6528
   13.6071
   13.5672
   13.5345
   13.5088
   13.4864
   13.4720
   13.4547
   13.4376
   13.4211
   13.4157
   13.4052
   13.3951
   13.3916
   13.3950
   13.3997
   13.4020
   13.4072
   13.4171
   13.4278
   13.4349
   13.4394
   13.4496
   13.4594
   13.4649
   13.4730
   13.4846
   13.5015
   13.5093
   13.5210
   13.5392
   13.5548
   13.5706
   13.5934
   13.6226
   13.6601
   13.7065
   13.7589
   13.8019
   13.8386
   13.8789
   13.9132
   13.9458
   13.9796
   14.0028
   14.0213
   14.0314
   14.0487
   14.0642
   14.0857
   14.0910
   14.0958
   14.0876
   14.0796
   14.0727
   14.0690
   14.0711
   14.0734
   14.0644
   14.0596
   14.0555
   14.0703
   14.0903
   14.1114
   14.1197
   14.1346
   14.1435
   14.1453
   14.1358
   14.1218
   14.1162
   14.1025
   14.0915
   14.0767
   14.0490
   14.0243
   13.9903
   13.9504
   13.9091
   13.8627
   13.8152
   13.7679
   13.7186
   13.6682
   13.6197
   13.5686
   13.5228
   13.4820
   13.4397
   13.4043
   13.3651
   13.3279
   13.2928
   13.2636
   13.2251
   13.1839
   13.1258
   13.0654
   13.0089
   12.9492
   12.8878
   12.8248
   12.7649
   12.7034
   12.6387
   12.5816
   12.5310
   12.4695
   12.3940
   12.3235
   12.2542
   12.1843
   12.1241
   12.0796
   12.0457
   12.0070
   11.9709
   11.9250
   11.8619
   11.7943
   11.7279
   11.6709
   11.6063
   11.5338
   11.4591
   11.3916
   11.3095
   11.2423
   11.1786
   11.1100
   11.0403
   10.9634
   10.8719
   10.7717
   10.6725
   10.5960
   10.5142
   10.4493
   10.4065
   10.3534
   10.3016
   10.2580
   10.2268
   10.2231
   10.2143
   10.2033
   10.1962
   10.1911
   10.1781
   10.1604
   10.1489
   10.1403
   10.1230
   10.1050
   10.0849
   10.0743
   10.0565
   10.0495
   10.0425
   10.0369
   10.0350
   10.0450
   10.0630
   10.0884
   10.1153
   10.1447
   10.1699
   10.1851
   10.1919
   10.2018
   10.2126
   10.2489
   10.3433
   10.4579
   10.5849
   10.7049
   10.8163
   10.9107
   10.9979
   11.0937
   11.1950
   11.2730
   11.3338
   11.3687
   11.3980
   11.4272
   11.4475
   11.4755
   11.4934
   11.5187
   11.5468
   11.5812
   11.6132
   11.6578
   11.7084
   11.7506
   11.7796
   11.8114
   11.8209
   11.8132
   11.8075
   11.8015
   11.7867
   11.7544
   11.6988
   11.6375
   11.5758
   11.5139
   11.4498
   11.3742
   11.2987
   11.2132
   11.1209
   11.0309
   10.9341
   10.8335
   10.7274
   10.6253
   10.5345
   10.4543
   10.3828
   10.3240
   10.2482
   10.1672
   10.0744
    9.9769
    9.8769
    9.7712
    9.6668
    9.5760
    9.4924
    9.3994
    9.2757
    9.0942
    8.8865
    8.6520
    8.4196
    8.2024
    7.9867
    7.7766
    7.5732
    7.3789
    7.2043
    7.0351
    6.8809
    6.7354
    6.5837
    6.4299
    6.2725
    6.1174
    5.9542
    5.8036
    5.6509
    5.5042
    5.3630
    5.2208
    5.0822
    4.9487
    4.8159
    4.6864
    4.5451
    4.4047
    4.2613
    4.1165
    3.9774
    3.8400
    3.7062
    3.5763
    3.4413
    3.3047
    3.1764
    3.0528
    2.9278
    2.8108
    2.6916
    2.5851
    2.4842
    2.3872
    2.2966
    2.1969
    2.0877
    1.9720
    1.8549
    1.7425
    1.6304
    1.5199
    1.4096
    1.2971
    1.1914
    1.0990
    1.0059
    0.9157
    0.8310
    0.7459
    0.6666
    0.5853
    0.5054
    0.4202
    0.3332
    0.2530
    0.1808
    0.1178
    0.0553
   -0.0082
   -0.0684
   -0.1321
   -0.1966
   -0.2541
   -0.3066
   -0.3593
   -0.4171
   -0.4714
   -0.5348
   -0.5951
   -0.6551
   -0.7150
   -0.7729
   -0.8279
   -0.8900
   -0.9420
   -0.9896
   -1.0261
   -1.0570
   -1.0934
   -1.1194
   -1.1513
   -1.1871
   -1.2288
   -1.2805
   -1.3322
   -1.3843
   -1.4270
   -1.4692
   -1.4979
   -1.5271
   -1.5527
   -1.5775
   -1.6090
   -1.6393
   -1.6729
   -1.7086
   -1.7470
   -1.7862
   -1.8357
   -1.8769
   -1.9184
   -1.9528
   -1.9820
   -2.0063
   -2.0300
   -1.9483
   -1.8619
   -1.7715
   -1.6829
   -1.5882
   -1.4965
   -1.4077
   -1.3202
   -1.2271
   -1.1424
   -1.0600
   -0.9738
   -0.8960
   -0.8132
   -0.7381
   -0.6546
   -0.5657
   -0.4766
   -0.3840
   -0.2950
   -0.2007
   -0.1082
   -0.0187
    0.0766
    0.1692
    0.2622
    0.3507
    0.4338
    0.5163
    0.5965
