28059.6758
28059.8242
28059.6230
28059.3223
28059.2969
28059.2461
28059.3711
28059.1953
28059.1465
28058.9199
28058.9941
28058.9688
28058.9180
28058.6680
28058.6914
28058.5684
28058.5176
28058.2930
28058.3164
28058.3164
28058.4160
28058.6914
28058.7656
28058.9160
28058.7383
28058.8633
28058.9395
28059.2871
28058.9375
28059.4121
28059.6602
28059.4609
28059.3359
28059.1094
28058.8848
28058.8340
28058.9590
28059.1309
28059.5547
28059.6562
28059.9023
28059.8027
28059.5547
28059.4785
28059.6523
28059.7246
28060.0000
28060.1992
28060.1992
28060.3223
28060.7715
28060.8965
28061.1211
28061.2461
28061.2949
28061.1953
28061.1680
28061.1934
28061.3691
28061.6172
28061.4414
28061.3652
28061.4160
28061.9141
28061.7129
28061.6875
28061.4863
28061.2383
28061.3359
28061.2832
28060.9082
28060.6328
28060.7812
28060.4297
28060.3809
28060.5547
28060.3047
28060.0547
28060.1777
28060.2520
28060.2246
28060.0977
28060.1230
28059.9473
28059.8965
28060.3203
28060.5195
28060.7168
28061.1133
28061.1113
28061.4844
28061.3086
28061.6582
28061.4082
28061.4082
28061.3828
28061.8555
28062.2754
28062.6016
28062.8496
28063.0957
28062.9727
28062.2988
28062.0254
28061.8281
28061.8750
28061.8984
28061.8477
28061.8945
28062.1211
28062.1680
28062.3164
28062.3906
28062.4141
28062.2891
28062.3379
28062.1621
28062.0859
28062.2344
28062.2598
28062.3574
28062.0820
28062.2070
28062.4297
28062.3828
28061.9082
28061.8359
28061.6348
28061.3867
28061.3125
28061.2617
28061.5312
28061.7051
28062.1016
28061.9512
28061.5781
28061.6777
28061.4766
28061.7500
28061.6758
28061.7480
28061.8477
28062.1445
28062.4453
28062.9648
28063.1133
28063.1367
28063.1895
28063.1133
28063.2109
28063.3086
28063.3105
28063.6836
28063.9297
28064.0527
28063.5332
28063.5840
28063.2363
28063.1621
28062.9883
28062.7910
28063.1387
28062.8164
28062.8887
28063.0879
28063.2617
28063.3848
28063.5820
28063.7285
28063.8516
28064.0020
28064.0234
28063.6523
28063.6035
28063.2793
28062.7578
28062.5117
28062.5117
28062.6582
28062.7324
28062.9297
28062.8789
28062.9277
28062.8281
28062.6992
28062.5000
28062.4980
28062.5723
28062.5234
28062.6953
28062.6699
28062.6426
28062.7930
28062.7168
28062.9648
28062.9375
28062.8379
28062.8848
28062.6113
28062.6875
28062.5605
28062.5391
28062.4648
28062.3906
28062.1934
28062.3398
28062.3164
28062.2676
28062.2422
28062.1191
28061.8652
28062.0664
28062.3359
28062.1133
28062.2090
28061.8379
28061.9102
28061.6621
28061.6367
28061.6562
28061.5820
28061.3340
28061.1133
28061.1367
28061.2617
28061.2344
28061.2148
28061.2637
28061.5352
28061.5840
28061.4824
28061.6074
28061.6523
28061.7520
28061.9492
28062.0430
28062.1641
28062.4082
28062.3828
28062.6523
28062.6992
28062.8242
28062.5488
28062.5977
28062.3984
28062.3770
28062.5254
28062.8711
28062.9746
28064.4062
28063.7227
28064.1172
28063.9434
28064.0156
28064.0371
28064.0195
28063.9668
28063.9414
28063.8418
28063.8418
28063.6934
28063.6406
28063.5664
28063.6172
28063.5645
28063.5605
28063.6543
28064.0410
28064.2617
28064.3906
28064.4473
28064.3164
28064.0195
28064.5898
28064.6406
28064.7617
28064.7812
28064.8379
28064.4941
28064.5703
28064.5215
28064.2988
28064.2734
28064.2930
28064.4160
28064.4609
28064.7578
28065.0742
28065.1719
28065.2188
28065.1660
28065.0137
28064.9180
28064.7422
28064.5684
28064.3926
28064.2402
28064.0391
28063.8379
28063.6641
28063.4629
28063.2363
28063.0039
28062.8984
28062.8672
28062.9355
28063.1035
28063.1758
28063.1230
28063.0957
28063.0684
28062.8418
28062.7617
28062.6367
28062.4570
28062.2285
28062.1270
28062.0000
28061.9258
28061.7773
28061.6758
28061.4062
28061.1797
28060.9043
28060.5820
28060.4395
28060.2910
28060.0684
28059.9941
28059.8457
28059.4766
28059.4805
28059.4590
28059.4160
28059.4199
28059.7930
28059.5703
28059.5020
28059.3320
28059.2578
28059.1172
28058.3574
28058.1836
28058.2090
28058.1875
28058.3066
28058.8691
28059.1387
28059.2363
28059.2891
28059.5137
28059.7285
28059.9238
28060.1699
28060.3691
28060.5684
28060.7402
28060.8418
28060.9395
28061.0859
28061.2383
28061.4375
28061.5098
28061.6816
28061.7305
28061.7285
28061.7754
28061.7754
28061.7949
28061.7949
28061.6660
28061.7402
28061.4902
28061.4375
28061.2441
28061.1426
28060.9941
28060.9141
28060.9395
28061.1602
28061.2129
28061.2109
28061.1582
28061.0312
28060.7559
28060.6562
28060.4062
28060.3340
28060.1855
28060.1582
28060.1055
28060.0781
28060.0762
28060.1426
28060.1621
28060.2090
28060.5020
28061.0430
28061.5078
28061.8477
28062.2402
28062.5137
28062.7598
28062.8320
28062.9785
28062.9570
28062.9824
28062.9805
28063.0547
28063.3008
28063.5195
28063.8594
28063.9590
28064.1309
28064.1016
28064.1504
28064.0000
28063.9277
28063.6777
28063.5312
28063.3086
28063.1172
28063.0430
28062.7480
28062.5254
28062.4062
28062.3438
28062.1504
28062.2617
28062.2617
28062.3398
28062.4863
28062.6855
28062.7578
28062.9785
28063.2715
28063.3438
28063.4609
28063.4863
28063.6270
28063.6602
28063.6660
28063.5254
28063.5312
28063.4844
28063.3848
28063.3613
28063.3613
28063.2422
28063.2148
28063.1406
28063.1406
28063.1855
28063.3574
28063.4316
28063.5762
28063.6016
28063.5742
28063.3809
28063.2344
28062.9590
28062.7930
28062.6465
28062.4531
28062.2324
28062.2656
28062.0391
28061.9980
28061.9512
28061.8965
28061.9512
28061.8242
28061.7500
28061.4766
28061.2285
28061.0098
28060.6621
28060.6602
28060.4883
28060.8809
28060.7246
28060.6973
28060.4785
28060.3770
28059.7656
28059.6191
28059.6445
28059.7441
28059.7441
28059.7168
28059.7148
28059.8145
28059.7422
28059.8672
28059.8398
28059.9395
28060.3574
28060.5117
28060.5918
28060.7266
28060.8066
28060.5215
28060.6816
28060.6289
28060.8086
28060.9551
28061.0156
28061.0156
28061.0879
28061.1152
28061.2402
28061.1133
28060.9141
28060.8867
28060.7656
28060.6855
28060.6836
28060.7559
28060.7285
28060.7480
28060.7754
28060.8672
28061.1387
28061.2109
28061.2383
28061.3926
28061.2910
28061.1523
28061.1074
28060.9883
28061.0605
28061.0605
28060.8574
28060.8516
28060.9414
28061.0801
28061.4160
28061.3887
28061.5703
28061.2793
28061.1055
28061.0508
28061.3145
28061.2871
28061.4512
28061.3770
28061.2051
28061.0859
28060.9570
28060.8848
28060.9824
28060.9824
28061.0566
28061.0547
28061.1543
28061.1543
28061.1270
28061.0801
28061.1250
28061.1250
28061.0254
28061.1230
28061.1777
28061.2324
28061.3125
28061.3398
28061.3848
28061.6309
28061.6562
28061.7734
28061.7461
28061.7910
28061.6719
28061.7617
28061.8340
28061.9531
28061.9531
28062.0977
28062.0059
28062.0059
28062.2500
28061.9121
28061.7676
28061.9121
28061.7930
28061.4023
28061.6934
28061.6191
28061.4551
28061.4355
28061.2344
28061.1621
28061.1895
28061.1875
28061.2598
28061.3613
28061.4609
28061.5039
28061.6484
28061.6758
28061.7500
28061.8477
28061.9023
28062.1191
28062.0645
28062.2090
28062.2539
28062.2266
28062.0996
28062.0703
28062.0254
28061.9785
28061.9785
28062.0039
28062.0312
28062.0312
28062.0312
28062.1035
28062.1309
28062.1582
28062.1562
28062.2559
28062.1367
28062.1367
28062.2539
28062.3086
28062.2812
28062.1797
28062.0898
28061.9609
28061.9512
28061.7617
28061.8320
28061.8770
28061.8770
28061.9492
28061.9746
28061.8574
28062.1484
28062.1738
28062.2012
28062.4453
28062.4902
28062.4609
28062.5078
28062.6328
28062.5605
28062.7773
28062.5879
28062.7871
28062.4688
28062.5684
28062.6680
28062.7129
28062.8105
28062.5488
28062.8652
28062.7930
28062.6465
28062.5742
28062.3730
28062.4902
28062.5898
28063.1953
28063.2246
28063.5684
28063.5488
28063.1602
28062.7695
28062.8418
28062.8145
28062.8301
28062.7578
28062.8730
28062.9902
28062.8730
28062.8438
28062.9160
28062.7266
28062.9707
28063.1270
28063.3965
28063.3809
28063.0449
28063.3066
28063.3516
28063.2500
28063.4375
28063.3203
28063.2207
28063.0039
28063.3359
28063.1914
28063.1914
28063.1465
28063.0469
28062.9727
28062.9004
28063.1895
28063.2168
28063.0703
28063.2715
28063.2969
28063.2695
28063.3691
28063.2520
28063.4668
28063.2500
28063.1777
28063.3047
28063.3770
28063.3770
28063.4766
28063.5469
28063.4590
28063.4297
28063.6445
28063.4570
28063.6992
28063.7734
28063.8008
28064.0000
28064.1699
28064.0703
28064.4590
28064.4570
28064.5742
28064.6465
28064.5898
28064.8340
28064.4883
28064.5215
28064.3496
28064.3652
28064.5078
28064.6348
28064.7734
28064.8008
28064.9844
28064.8945
28064.9512
28065.5664
28065.3340
28065.6211
28065.8203
28066.0371
28065.7910
28066.0234
28065.8184
28065.7461
28065.8184
28065.7461
28065.4570
28065.5000
28065.3828
28065.3828
28065.3535
28065.5137
28065.3691
28065.3242
28065.5566
28065.3672
28065.4277
28065.5430
28065.5996
28065.5273
28065.6016
28065.8574
28065.7129
28065.8125
28065.9277
28065.9121
28065.5957
28065.7656
28065.5938
28065.5938
28065.9922
28065.8477
28065.8477
28065.8145
28065.7715
28065.7695
28065.9414
28065.6641
28065.5781
28065.4746
28065.7207
28065.7754
28065.9746
28065.7754
28065.7578
28065.5820
28065.7246
28066.1250
28065.8652
28065.9648
28066.2637
28066.1211
28066.3906
28066.3906
28066.0469
28066.2324
28066.3301
28066.3867
28066.6426
28066.3828
28066.3555
28066.4531
28066.6973
28066.3496
28066.7363
28066.5508
28066.9199
28066.8047
28067.0039
28067.1055
28067.3477
28067.4473
28067.4043
28067.7031
28067.4160
28067.6152
28067.4707
28067.6992
28067.6543
28067.8984
28067.7383
28068.1113
28068.2383
28068.3379
28068.3652
28068.4062
28068.4492
28068.6074
28068.7793
28068.7637
28068.7754
28069.1191
28068.9199
28068.9199
28068.8066
28068.8516
28068.8809
28069.0195
28069.0781
28069.1621
28069.2188
28069.4453
28069.5195
28069.6719
28069.7324
28069.6855
28069.7559
28069.9824
28069.9668
28070.3945
28070.3496
28070.6211
28070.8027
28070.9453
28070.7461
28070.7461
28070.6211
28070.3770
28070.1777
28070.5918
28070.4785
28070.7480
28070.8184
28071.0566
28070.9160
28071.3574
28071.0293
28070.7305
28070.9004
28071.2285
28071.3691
28071.7988
28072.0117
28072.0957
28071.9824
28071.9941
28071.9375
28071.7793
28072.0234
28072.1094
28072.1367
28072.1504
28072.5234
28072.5801
28072.5645
28072.9785
28072.6934
28072.9941
28073.1211
28073.1660
28073.0664
28073.5371
28073.2246
28073.3340
28073.4375
28073.6230
28073.5391
28073.6816
28073.7383
28073.7539
28073.9395
28073.9395
28074.0117
28074.2832
28074.2383
28074.1973
28074.4414
28074.3105
28074.4980
28074.6133
28074.7129
28074.9844
28074.9121
28075.1426
28075.1133
28075.4570
28075.6992
28075.2422
28075.3145
28075.5156
28075.6426
28075.7441
28075.7012
28075.5156
28075.5859
28075.8008
28075.7734
28075.6602
28075.7598
28075.7168
28075.5312
28075.7188
28075.7598
28075.8047
28075.7891
28075.8340
28075.8633
28075.7051
28075.8770
28075.8770
28075.7930
28075.9492
28075.7637
28075.8652
28075.8926
28075.7793
28076.0508
28076.1562
28076.0957
28076.1113
28075.9395
28075.8262
28076.1270
28076.2129
28076.3418
28076.3555
28076.3711
28076.3574
28076.2148
28076.4160
28076.3301
28076.5039
28076.6172
28076.6621
28076.6758
28076.9336
28076.7773
28077.0352
28077.2930
28077.3105
28077.4805
28077.2812
28077.7227
28077.6816
28077.7402
28077.8398
28077.7266
28077.8848
28078.0840
28078.0840
28077.9727
28078.0723
28077.9316
28077.9902
28078.1445
28078.1289
28078.0020
28077.8184
28077.8184
28077.7480
28077.7617
28078.0195
28077.7227
28077.6387
28077.7520
28077.7676
28077.8398
28077.7422
28077.8555
28077.7852
28077.8438
28077.9727
28077.6602
28077.9609
28077.8477
28077.7617
28077.6621
28077.7500
28077.8086
28077.5410
28078.0098
28077.2402
28077.7559
28077.5137
28077.5312
28077.2012
28077.6289
28077.6152
28077.6738
28078.0020
28077.9316
28078.3320
28078.2754
28078.5039
28078.3926
28077.9668
28078.1094
28078.1543
28078.0684
28077.8848
28077.8398
28078.0273
28077.9551
28077.9258
28078.2109
28078.5117
28078.2695
28078.4258
28078.3379
28078.6113
28078.9531
28078.8379
28078.6250
28078.3965
28078.9805
28079.0801
28078.4980
28078.6562
28078.9824
28078.9531
28079.1133
28079.1543
28078.9141
28078.9727
28078.5449
28078.7871
28078.5156
28078.4863
28078.4004
28078.2305
28078.3730
28078.4551
28078.2441
28078.3398
28078.2402
28078.3418
28078.2422
28078.6816
28078.6387
28078.5273
28078.5977
28078.4863
28078.5527
28078.5410
28078.5508
28078.6562
28078.5840
28078.7266
28078.7148
28078.6738
28078.8281
28078.7578
28078.7168
28078.7461
28078.5176
28078.4766
28078.3223
28078.5527
28078.5234
28078.3711
28078.5254
28078.4004
28078.4707
28078.4727
28078.3262
28078.2559
28078.1699
28078.3984
28078.2578
28078.1465
28078.0176
28078.1309
28077.9902
28078.1777
28078.2188
28078.1328
28078.3027
28078.0039
28078.0156
28078.2051
28078.1172
28078.1875
28077.9883
28077.9355
28077.8652
28077.9785
28077.9199
28077.9629
28078.1035
28078.1035
28078.1035
28078.2051
28078.4043
28078.4355
28078.3359
28078.7070
28078.6777
28078.8086
28078.9785
28079.0488
28078.9492
28079.1621
28079.0801
28079.3633
28079.1934
28079.2461
28079.2168
28079.3125
28079.5410
28079.6836
28079.6133
28079.5840
28079.6270
28079.4668
28079.6094
28079.5391
28079.5215
28079.5625
28079.5449
28079.3574
28079.2383
28079.1113
28079.1992
28078.9395
28079.2402
28079.3711
28079.3008
28079.3398
28079.1309
28079.3242
28079.1348
28079.1660
28079.0762
28079.2070
28079.2480
28079.1777
28079.0586
28079.0000
28078.8125
28078.8125
28078.6328
28078.6055
28078.1953
28078.3965
28078.3965
28078.3379
28078.0957
28078.1035
28078.0449
28078.1445
28077.7754
28077.8164
28078.1680
28078.0176
28078.0566
28077.8164
28077.9297
28077.7285
28077.8574
28077.4766
28077.6699
28077.2480
28077.1484
28077.5000
28077.0781
28076.9902
28076.8301
28076.5312
28076.9414
28076.5723
28076.6113
28076.5723
28076.6953
28076.2422
28076.2852
28076.1543
28076.1543
28076.0137
28075.9434
28075.8438
28075.6836
28075.5254
28075.2852
28075.4062
28075.0957
28074.8867
28074.8262
28074.7148
28074.6152
28074.5254
28074.2949
28074.2246
28074.4375
28074.0957
28074.0859
28073.6035
28073.5566
28073.2969
28073.1172
28073.0352
28072.7949
28072.8359
28072.4258
28072.3555
28072.3262
28072.3965
28072.1660
28072.0566
28071.8750
28071.7754
28071.6367
28071.6953
28071.4473
28071.3770
28071.3066
28071.3066
28070.7578
28070.9297
28071.0195
28070.6895
28070.8711
28070.7422
28070.2500
28070.3125
28070.3418
28070.1016
28069.7598
28069.7910
28069.6016
28070.0020
28069.7910
28069.6621
28069.5918
28069.5938
28069.3223
28069.5332
28069.5352
28069.4453
28069.4551
28069.3164
28069.3945
28068.9355
28069.0859
28069.0566
28068.7871
28068.6270
28068.6270
28068.3984
28068.2676
28068.0684
28068.0469
28067.9395
28067.8281
28067.9688
28067.6602
28067.7480
28067.7188
28067.5195
28067.5898
28067.4902
28067.4102
28067.4395
28067.0996
28067.7598
28066.6211
28066.8418
28066.8105
28066.8105
28067.0918
28066.7617
28066.9199
28066.7109
28066.8203
28066.5410
28066.4316
28066.7109
28066.3906
28066.6113
28066.2617
28065.8223
28065.9316
28066.0625
28065.6016
28065.6230
28065.5527
28065.4629
28065.3008
28065.6211
28065.4395
28065.4199
28065.0215
28065.3008
28065.1992
28065.1602
28065.0000
28065.0391
28065.1387
28065.1797
28065.0586
28065.1777
28065.2461
28065.4473
28065.2871
28065.4355
28065.4863
28065.4355
28065.3145
28065.5645
28065.7129
28065.6035
28066.0723
28065.4648
28065.2324
28065.8320
28065.8613
28065.4902
28065.3516
28065.4707
28065.5703
28065.5703
28065.1699
28065.3301
28065.3086
28065.5879
28065.5273
28065.5762
28065.7539
28065.8945
28065.7930
28066.1406
28066.0020
28065.9414
28066.1895
28066.3984
28066.2891
28066.3965
28066.4277
28066.4766
28066.4453
28066.6445
28066.4746
28066.6523
28066.8320
28066.9316
28066.8691
28066.9199
28067.0664
28066.9961
28067.1641
28067.2832
28067.2832
28067.2598
28067.0605
28067.0605
28066.7812
28066.6816
28066.7109
28066.6113
28066.5312
28066.2930
28066.2012
28066.5488
28066.4473
28066.7246
28066.9512
28066.9121
28066.8809
28067.1582
28066.8184
28066.8887
28066.6582
28066.5098
28066.6172
28066.5469
28066.9648
28066.7715
28066.9121
28066.9883
28067.0566
28066.9570
28066.9648
28067.1035
28067.0117
28067.0410
28067.1191
28067.3672
28066.7871
28067.4219
28067.2422
28067.4980
28067.5352
28067.6758
28067.5039
28068.1680
28067.8887
28067.7500
28067.9590
28067.8262
28067.6641
28067.8340
28068.0488
28067.8418
28067.3320
28067.5391
