27497.3945
27497.7715
27497.9902
27498.0547
27498.1562
27498.2832
27498.4941
27498.9414
27499.2148
27499.2266
27499.3438
27499.6738
27499.6465
27499.6660
27499.6660
27499.7305
27499.4590
27499.2402
27498.9512
27498.7148
27498.4961
27498.5898
27498.4258
27498.4258
27498.2090
27498.2168
27498.2461
27498.0469
27497.9570
27497.9570
27498.0859
27498.0215
27498.0137
27498.2070
27498.4785
27498.4902
27498.5996
27498.9004
27498.8262
27498.9648
27499.0742
27499.1934
27499.4570
27499.4219
27499.4590
27499.7148
27499.8145
27499.7891
27500.1152
27499.9805
27500.0547
27500.2012
27500.1016
27500.3477
27500.4844
27500.5039
27500.7500
27500.6133
27500.5781
27500.8789
27500.6875
27500.6250
27500.6074
27500.6992
27500.6719
27500.9180
27500.9727
27501.3477
27501.5938
27501.6758
27501.6113
27501.7773
27501.8047
27502.0586
27502.0234
27502.0605
27501.9160
27502.1621
27501.9805
27502.2441
27502.0078
27502.2539
27502.0195
27502.1465
27502.2188
27502.4473
27502.2852
27502.4023
27502.0762
27502.4316
27502.4336
27502.2598
27502.2598
27502.2344
27502.1348
27502.0000
27501.9453
27502.1270
27501.8359
27501.7734
27501.5664
27501.8379
27501.8477
27501.9121
27501.9688
27502.0137
27502.0781
27502.1953
27502.0605
27502.3516
27502.0156
27502.0977
27502.1152
27501.9434
27501.8613
27501.9883
27501.7441
27501.8184
27501.7812
27501.6270
27501.8281
27501.9453
27502.0469
27502.3203
27502.2656
27502.3301
27502.5039
27502.6133
27502.8594
27502.9141
27503.0137
27503.0957
27503.2949
27503.1035
27503.2500
27503.3691
27503.1602
27503.1875
27502.9414
27503.0605
27503.0410
27503.0156
27502.9434
27502.9434
27502.8711
27502.7793
27503.1074
27503.0723
27503.2988
27503.4355
27503.3730
27503.5000
27503.5996
27503.6543
27503.8652
27504.0566
27503.9922
27504.2285
27504.0469
27504.2930
27504.2363
27504.3848
27504.8320
27504.9590
27505.2949
27505.4219
27505.2773
27505.2852
27505.0742
27505.0293
27505.0371
27505.1113
27505.2461
27505.2832
27505.3672
27505.4941
27505.5586
27505.6680
27505.7969
27505.8145
27505.9062
27505.8711
27505.8418
27505.6328
27505.6328
27505.7715
27505.8242
27505.7617
27505.8262
27505.8730
27505.6250
27505.5996
27505.4473
27505.4473
27505.6016
27505.3379
27505.4023
27505.3926
27505.2305
27505.3398
27505.5293
27505.5195
27505.4102
27505.5020
27505.3652
27505.5273
27505.4023
27505.3926
27505.2012
27505.1387
27505.3301
27505.1660
27505.3301
27505.3203
27505.4473
27505.2383
27505.3750
27505.5020
27505.0762
27505.2129
27505.0020
27505.0664
27504.9668
27504.9297
27504.9199
27504.8477
27504.9102
27504.8535
27505.1738
27505.0273
27504.9180
27505.1855
27505.1387
27505.3223
27505.2871
27505.1484
27505.4395
27505.4668
27505.7441
27505.6719
27505.7891
27505.6641
27505.7891
27505.7520
27505.7520
27505.9160
27505.7910
27505.6953
27505.6172
27505.6797
27505.9375
27505.9316
27505.5273
27505.8965
27505.6289
27505.6035
27505.4297
27505.1934
27505.5410
27505.1191
27505.7949
27505.4160
27505.4824
27505.4629
27505.4355
27505.3633
27505.5098
27505.4902
27505.4180
27505.8633
27505.8633
27505.9004
27505.9766
27506.0117
27505.6914
27505.9023
27505.7188
27505.6816
27505.5352
27505.5996
27505.8203
27505.8457
27505.8477
27506.1309
27505.9941
27506.2910
27506.1699
27506.0957
27505.9473
27505.5371
27505.2891
27505.0273
27504.9023
27504.9434
27504.9180
27504.9805
27504.9805
27505.0332
27504.8867
27504.5488
27504.3281
27504.2012
27504.4023
27504.4395
27504.6348
27504.7246
27504.5508
27504.5039
27504.3555
27504.5449
27504.5918
27504.8672
27505.1035
27505.0254
27505.0527
27505.0527
27504.8418
27504.8789
27505.0684
27505.1543
27505.2910
27505.2793
27505.3535
27505.1172
27505.2656
27505.1387
27505.4766
27505.2871
27505.2891
27505.2520
27505.0938
27504.9180
27504.8984
27504.6230
27504.8457
27504.7695
27504.5859
27504.5859
27504.9473
27504.5879
27505.1797
27504.9316
27504.5469
27504.6953
27504.8320
27504.8828
27504.7812
27504.8672
27504.6934
27504.8672
27504.8574
27504.9688
27504.8574
27504.9316
27504.9688
27505.0176
27504.9805
27504.9551
27504.9922
27505.1660
27505.2148
27505.4629
27505.6855
27505.7129
27505.4629
27505.4043
27505.3320
27505.2832
27505.3086
27505.3340
27505.3711
27505.4727
27505.6367
27505.5996
27505.4883
27505.3770
27505.4023
27505.3398
27505.3398
27505.2402
27505.2051
27505.1035
27505.1035
27504.9668
27504.9297
27504.8047
27504.6680
27504.6680
27504.6309
27504.5938
27504.5566
27504.4590
27504.2949
27504.2949
27504.2949
27504.3320
27505.0527
27504.8164
27505.4102
27505.2363
27505.5977
27505.3477
27505.5234
27506.0703
27505.6973
27506.2090
27506.3828
27506.4570
27506.5078
27506.4062
27506.6191
27506.8047
27506.6816
27506.9062
27507.0176
27506.9688
27507.0938
27507.2832
27507.3457
27507.2832
27507.1738
27507.0508
27507.2988
27507.2402
27507.4395
27507.1641
27507.3145
27507.0547
27507.1035
27507.1660
27506.8047
27506.9668
27506.9043
27506.9297
27506.9199
27506.9453
27506.9082
27506.7715
27506.4707
27506.3086
27506.3965
27506.5117
27506.4375
27506.1738
27506.0371
27505.8633
27505.7891
27505.8398
27506.0293
27506.0547
27506.1680
27506.3555
27506.4434
27506.3691
27506.3066
27506.1445
27506.0078
27506.0078
27505.9453
27505.8457
27505.7207
27505.6836
27505.5195
27505.4961
27505.3711
27505.4824
27505.3945
27505.5586
27505.6211
27505.6211
27505.5215
27505.5586
27505.6836
27505.6836
27505.7969
27505.9238
27505.9863
27505.9863
27505.9863
27506.0859
27506.2109
27506.3750
27506.4746
27506.7383
27506.7754
27506.6641
27506.9141
27507.1016
27507.1035
27507.3281
27507.5645
27507.5645
27507.5664
27507.6152
27507.6289
27507.6289
27507.7793
27507.8164
27507.9160
27507.9160
27507.9805
27508.0801
27508.1289
27508.1914
27508.2305
27508.3418
27508.4043
27508.5430
27508.6562
27508.9062
27508.9941
27508.9824
27508.9824
27508.8945
27508.8203
27508.6934
27508.4199
27508.3203
27508.4199
27508.3594
27508.2324
27508.1953
27508.1953
27508.1328
27508.2852
27508.4961
27508.5605
27508.6484
27508.7852
27508.7852
27508.8223
27508.7852
27508.8613
27508.8613
27508.9863
27509.0488
27508.9492
27508.9375
27508.9746
27508.8379
27508.8633
27508.8262
27508.8262
27508.8633
27508.8887
27509.0020
27508.8262
27508.9023
27508.8770
27508.9141
27509.0527
27509.0527
27508.9277
27508.9023
27508.8027
27508.8535
27508.9785
27509.2422
27509.1914
27509.4668
27509.4297
27509.5293
27509.4297
27509.5410
27509.6797
27509.8438
27509.9434
27509.8438
27509.8691
27509.9688
27510.0176
27509.6934
27509.6816
27509.6816
27509.9453
27509.9199
27509.8828
27509.9336
27510.1582
27510.2090
27510.1719
27510.0098
27510.1855
27510.1855
27510.1738
27510.1504
27510.0762
27509.9629
27509.9121
27510.0625
27510.0254
27510.0605
27510.0625
27510.1621
27510.0996
27510.2871
27510.2637
27510.3633
27510.4004
27510.4004
27510.2754
27510.2637
27510.3145
27510.4258
27510.3887
27510.2520
27510.1152
27509.8652
27509.8145
27509.6270
27509.7402
27509.7656
27509.7402
27509.7793
27509.5684
27509.7422
27509.8809
27509.6055
27509.7305
27509.8555
27509.8789
27509.6543
27510.1172
27510.1309
27510.2559
27510.3809
27510.4805
27510.6680
27510.7812
27510.9805
27511.0820
27511.1074
27511.0566
27511.0352
27511.0098
27511.1504
27511.2637
27511.3887
27511.4766
27511.5137
27511.3125
27511.5000
27511.3496
27511.5000
27511.8613
27512.1348
27512.2461
27512.2363
27512.0488
27512.6230
27512.6992
27512.6855
27512.9512
27512.8105
27512.7500
27512.7891
27512.8164
27513.0410
27512.9531
27513.0664
27512.9531
27512.8398
27512.7520
27512.4531
27512.3926
27512.3164
27512.3418
27512.1914
27512.1680
27512.1680
27512.2676
27512.2188
27512.2812
27512.2051
27512.3555
27512.2559
27512.3555
27512.2051
27512.2441
27512.3574
27512.3184
27512.2441
27512.2598
27512.0195
27512.2461
27511.8926
27512.0723
27511.6094
27511.9102
27511.6074
27511.8477
27511.6973
27511.8145
27511.5254
27511.1875
27511.7148
27511.2363
27511.3262
27510.8359
27511.0527
27510.9609
27511.1016
27510.8379
27510.8750
27510.7500
27510.8145
27510.7871
27510.7148
27510.7383
27510.5664
27510.5293
27510.8047
27510.8047
27510.7559
27510.8047
27510.6816
27510.9570
27510.7441
27510.6191
27510.9590
27510.8242
27511.3496
27511.0000
27511.2344
27511.4355
27511.7227
27511.8730
27511.7500
27511.6992
27511.8613
27511.9336
27512.0469
27511.9863
27512.1738
27512.2480
27512.2480
27512.3105
27512.4590
27512.6367
27512.7129
27513.0156
27512.9922
27512.9160
27512.9414
27513.1172
27512.8164
27512.4902
27512.6758
27512.8906
27512.9531
27513.0664
27513.0664
27513.0059
27513.1914
27513.2812
27512.9824
27513.3164
27513.3301
27513.4395
27513.7656
27513.2656
27513.6797
27513.7422
27513.9023
27514.2832
27514.5566
27514.5566
27514.4336
27514.5039
27514.5801
27514.8203
27514.4434
27514.8066
27514.6191
27514.6582
27514.6348
27515.0215
27514.8730
27515.1211
27515.1133
27515.0898
27515.2637
27515.0020
27515.3262
27515.3555
27515.1934
27515.6699
27515.6328
27515.9961
27515.8730
27516.0098
27515.9629
27516.1641
27516.0254
27516.0918
27516.1406
27516.2793
27516.2559
27516.3359
27516.2461
27516.3613
27516.4609
27516.5000
27516.5762
27516.5059
27516.5293
27516.4688
27516.3828
27516.3457
27516.7695
27517.0234
27517.0039
27516.9004
27516.5195
27516.4668
27516.7676
27516.9922
27516.8438
27516.8359
27517.0996
27517.0371
27516.8984
27517.1133
27517.0371
27517.3535
27517.0059
27516.9590
27517.2676
27517.0469
27517.1992
27517.2832
27517.2148
27517.2773
27517.2539
27517.0918
27517.1836
27516.9082
27516.8145
27516.8516
27516.9902
27516.7539
27516.7305
27516.9688
27517.0078
27517.0469
27516.7852
27516.8379
27516.9375
27516.8164
27516.7930
27516.7832
27516.7930
27516.7773
27517.0098
27517.0527
27517.0254
27517.2402
27516.9785
27517.2031
27517.0410
27517.1191
27517.0430
27517.2969
27516.9355
27517.1738
27517.1133
27517.2363
27517.2832
27517.0527
27517.0156
27517.3535
27517.5840
27517.5000
27517.6484
27517.5391
27517.7480
27517.7402
27518.0410
27517.8320
27517.9961
27518.2715
27518.2734
27518.1895
27518.3125
27518.1914
27518.4902
27518.2305
27518.7148
27518.4531
27518.6406
27518.5918
27518.9785
27518.7793
27518.9277
27518.8203
27518.7754
27518.7520
27518.8145
27518.7383
27518.9766
27519.0391
27519.2637
27519.1875
27519.1484
27519.1797
27519.1504
27519.1895
27519.2520
27519.1895
27519.1914
27519.0293
27519.0059
27519.0078
27519.0078
27518.9238
27518.7090
27518.9707
27518.6719
27518.5488
27518.5488
27518.5586
27518.0352
27518.1895
27518.1367
27517.8906
27517.8379
27517.5996
27517.3613
27517.3398
27517.3242
27517.2637
27517.3262
27517.2109
27517.0410
27517.1426
27517.0820
27516.9277
27516.9746
27517.2148
27517.1211
27517.2383
27517.1621
27517.1777
27517.0859
27517.2715
27517.1484
27517.3027
27517.4492
27517.4805
27517.6973
27517.4902
27517.3984
27517.4609
27517.3457
27517.2383
27517.3457
27517.4688
27517.5703
27517.5703
27517.8711
27517.6484
27517.6484
27517.9883
27517.8516
27517.9121
27517.8047
27517.8516
27517.6914
27517.6914
27517.8379
27517.9004
27518.0469
27517.9004
27517.9180
27517.8633
27517.9023
27517.9863
27517.9863
27517.7344
27517.8887
27518.2441
27517.9902
27517.9453
27518.0215
27518.0078
27518.0312
27517.9238
27517.9258
27518.0469
27517.9648
27518.0039
27518.0039
27518.2422
27518.0039
27518.1836
27518.1602
27517.9609
27518.0000
27518.1387
27518.1934
27518.1797
27518.0176
27518.2812
27518.1582
27518.6035
27518.5039
27518.3594
27518.6445
27518.6836
27518.6074
27518.4297
27518.6074
27518.4922
27518.5547
27518.7383
27519.0840
27518.9785
27519.1484
27519.2246
27519.1719
27519.4883
27519.5879
27519.8105
27519.9336
27520.3184
27520.2969
27520.3438
27520.6582
27520.6055
27520.6660
27520.7910
27520.8965
27520.9746
27520.9980
27521.0996
27521.1445
27521.4453
27521.3457
27521.4082
27521.5078
27521.6230
27521.6406
27521.5410
27521.8516
27521.8516
27521.9062
27521.6016
27521.6523
27521.5762
27521.4160
27521.5215
27521.4062
27521.4238
27521.5000
27521.4961
27521.5781
27521.6738
27521.7129
27521.7363
27521.5645
27521.7051
27521.8047
27521.3887
27521.8887
27521.8125
27521.8516
27522.0137
27521.8359
27521.9922
27522.2598
27522.0762
27522.1328
27522.0781
27522.4004
27522.3848
27522.4023
27522.3945
27522.3418
27522.4805
27522.2637
27522.3711
27522.6562
27522.7383
27522.5410
27522.6230
27522.7852
27522.5859
27522.5859
27523.0039
27522.8496
27523.0098
27522.9102
27522.8945
27522.9551
27522.5879
27522.5117
27522.5020
27522.1250
27521.6699
27521.8477
27521.8418
27522.0215
27522.1816
27522.1426
27521.9883
27522.0898
27522.0840
27521.9609
27522.0332
27522.1582
27522.0977
27522.1758
27522.2695
27522.4863
27521.9531
27521.5879
27521.1992
27521.1875
27521.1660
27521.1504
27521.2617
27521.6172
27521.9902
27522.1621
27522.1465
27522.1367
27522.0410
27521.7305
27521.6367
27521.5859
27521.3652
27521.3086
27521.7090
27521.4219
27521.6816
27521.5781
27521.4219
27521.3008
27521.1055
27520.9492
27520.9512
27520.7109
27520.6953
27520.5352
27520.5176
27520.5352
27520.3184
27520.5566
27520.4355
27520.4199
27520.2363
27520.4199
27520.6543
27520.4160
27520.9492
27520.9883
27521.0840
27521.0391
27521.1016
27521.1641
27520.9238
27520.6680
27520.6074
27520.5918
27520.4922
27520.5977
27520.2539
27520.4102
27520.1094
27520.1055
27519.8008
27519.7793
27519.6348
27519.5410
27519.4922
27519.6367
27519.1934
27519.1367
27519.0605
27519.0762
27519.1953
27519.0508
27519.1289
27518.7910
27518.8340
27518.4922
27518.4531
27518.1699
27518.3320
27518.2930
27518.1758
27517.7715
27517.6367
27517.3379
27517.2422
27517.0469
27517.0273
27517.2148
27517.0527
27517.1758
27517.1582
27517.0371
27517.0332
27517.2773
27517.1504
27517.2129
27517.3125
27516.9902
27517.1914
27517.0098
27517.1094
27517.0703
27516.9102
27516.7500
27516.7324
27516.4883
27516.5762
27516.4336
27516.5547
27516.4785
27516.6387
27516.6387
27516.5391
27516.4961
27516.4590
27516.4141
27516.4922
27516.2148
27516.1934
27516.0117
27515.9941
27515.9160
27515.7129
27515.8965
27515.8359
27516.2012
27515.9531
27516.0586
27515.8164
27515.2285
27515.4336
27515.5156
27515.2773
27515.2383
27515.8477
27514.9355
27514.8574
27514.5547
27514.7754
27514.4102
27514.3711
27514.5547
27513.9297
27514.1738
27514.0352
27514.0703
27514.2168
27513.9316
27514.1543
27513.9902
27513.8516
27513.8516
27513.9727
27514.2344
27514.2949
27514.1348
27514.1973
27514.4922
27514.4746
27514.4336
27514.4727
27514.4746
27514.4336
27514.3965
27514.5137
27514.5352
27514.6152
27514.4766
27514.3984
27514.1797
27514.0449
27514.0625
27514.1250
27513.9062
27513.8711
27513.3145
27513.4570
27513.2363
27513.4414
27513.3418
27513.1992
27513.4941
27513.7754
27513.6133
27513.4531
27513.5332
27513.4727
27513.2266
27513.4844
27513.5645
27513.2773
27513.4805
27513.3398
27513.4434
27512.9414
27513.3613
27513.0977
27513.3203
27513.1172
27513.0391
27512.6816
27512.6582
27512.5449
27512.3809
27512.6836
27512.4238
27512.4258
27512.8672
27512.6074
27512.7070
27512.8496
27512.9082
27512.9336
27512.8906
27512.8125
27512.8926
27512.5742
27512.5781
27512.5527
27512.4980
27512.6367
27512.6152
27512.6348
27512.9941
27512.8555
27512.8750
27513.0938
27513.2695
27513.5059
27513.5820
27513.6270
27513.1445
27513.1699
27512.9727
27512.9766
27512.8555
27512.9766
27513.0781
27512.8164
27512.7363
27513.0176
27513.3223
27513.0547
27513.2773
27513.3008
27513.1660
27513.5039
27513.5488
27513.7715
27513.7930
27513.6934
27513.8398
27513.8965
27513.6191
27513.5801
27513.8438
27513.6191
27513.8027
27513.8809
27514.1016
27513.7246
27513.8027
27514.0430
27513.8652
27513.9629
27513.9238
27513.9023
27513.9844
27514.2227
27514.2676
27514.4277
27514.3438
27514.6465
27514.2051
27514.6445
27514.5469
27514.7305
27514.7695
27514.7695
27514.7285
27514.9688
27514.7480
27514.8691
27514.4668
27514.3066
27514.1680
27514.1484
27513.9473
27514.3477
27514.2266
27514.4863
27514.4863
27514.8066
27514.5684
27514.6270
27514.2500
27514.4492
27514.6895
27514.5254
27515.0078
27515.3047
27515.2656
27515.2637
27515.2051
27515.0273
27515.0879
27514.8691
27515.2090
27515.0312
27515.3281
27515.5449
27515.7871
27515.7871
27515.0527
27514.8398
27514.1465
27514.3086
27514.0078
27514.7852
27515.8145
27516.4492
27517.6641
27518.3750
27519.4316
27519.7656
27520.1055
27520.1484
27519.7500
27519.6348
27519.3965
