27983.7461
27983.6621
27983.6777
27983.5781
27983.8652
27983.9277
27983.6016
27983.3398
27983.3984
27983.3809
27983.4961
27983.4258
27983.6426
27983.5645
27983.5996
27984.1895
27984.2305
27984.0703
27983.7598
27983.7793
27984.1973
27984.1797
27984.1172
27983.6855
27984.0703
27984.4180
27984.4590
27984.3965
27984.2422
27984.5215
27984.4590
27984.6992
27985.0527
27985.0957
27985.1113
27985.2324
27985.1309
27985.2109
27985.5527
27985.6152
27985.9160
27985.5723
27985.9355
27986.0781
27986.1895
27986.2305
27986.4238
27986.5234
27986.2812
27986.8809
27986.8184
27986.8027
27986.7598
27986.9375
27987.1035
27987.1660
27987.4590
27987.4434
27987.4434
27987.3438
27987.3848
27987.7227
27987.7227
27987.9785
27987.6367
27987.7852
27987.4199
27987.6641
27987.7852
27987.7480
27987.5254
27987.7266
27987.5840
27988.1836
27987.6836
27988.1250
27988.0684
27988.1914
27988.2754
27988.2188
27988.6113
27988.2402
27988.4531
27988.4531
27988.2754
27988.7461
27989.0039
27989.4824
27989.2598
27989.6680
27989.6035
27989.9609
27990.0176
27990.6465
27990.8379
27991.2090
27990.9805
27990.8516
27990.6230
27990.4785
27990.2090
27989.9297
27989.8574
27989.7344
27989.5352
27989.4355
27989.1348
27989.1348
27989.3477
27989.3262
27989.2832
27989.5176
27989.5977
27989.8535
27989.8398
27989.9375
27990.0234
27990.5156
27990.6387
27990.6230
27990.7812
27990.9922
27990.9707
27990.8359
27990.8359
27991.0723
27991.3711
27991.2480
27991.2266
27991.4629
27991.3613
27991.3828
27991.7695
27991.5117
27991.5547
27991.4883
27991.4746
27991.4883
27991.3750
27991.7012
27991.4863
27991.4434
27991.1660
27991.4082
27991.3203
27991.4297
27991.4062
27991.7852
27991.7852
27991.9766
27991.9980
27992.0977
27992.2656
27992.2441
27992.3008
27992.6562
27992.4043
27993.1250
27992.7949
27992.9941
27992.9727
27993.0371
27993.0664
27993.0215
27993.1016
27993.2012
27993.2520
27993.1426
27993.1582
27993.0625
27992.8848
27993.1758
27993.0391
27993.1309
27992.8184
27993.0527
27992.7617
27993.1953
27992.8945
27993.0508
27992.8926
27992.9707
27992.9473
27993.2051
27993.1387
27993.0254
27993.3359
27993.3027
27993.4590
27993.4922
27993.6250
27993.8008
27993.9570
27993.6133
27994.1660
27993.6641
27993.8750
27993.7070
27993.7402
27994.2090
27993.8301
27994.0859
27993.6406
27993.8848
27993.5938
27993.5938
27993.4590
27993.5371
27993.3145
27993.3691
27993.3789
27993.1465
27993.4785
27993.1562
27993.1777
27993.3555
27993.3887
27993.5664
27993.2988
27993.5996
27993.5879
27993.6191
27993.5977
27993.6738
27993.8750
27993.8164
27994.1289
27993.8945
27994.2715
27994.0488
27994.3496
27994.2266
27994.2480
27994.2461
27994.1250
27993.8574
27993.4668
27993.7012
27993.3672
27993.4336
27993.6992
27993.6992
27993.6309
27994.0879
27994.0410
27994.5078
27994.5293
27994.4746
27994.5293
27994.3945
27994.3496
27994.1055
27994.0723
27994.0039
27994.0488
27994.1582
27993.8906
27994.0586
27994.3125
27994.3008
27994.5547
27994.4766
27994.8633
27994.5195
27994.5078
27994.2852
27993.9746
27993.9609
27993.6055
27993.5840
27993.6719
27993.3262
27993.4375
27993.3496
27993.5176
27993.3945
27993.4941
27993.4473
27993.2812
27993.4141
27993.5137
27993.2344
27993.2793
27993.4805
27993.6328
27993.4570
27993.6113
27993.5332
27993.6094
27993.4863
27993.4531
27993.3750
27993.5312
27993.3848
27993.5430
27993.4414
27993.4844
27993.5195
27993.2090
27992.9531
27993.1621
27993.1621
27993.1387
27993.1387
27993.0371
27992.9277
27993.1133
27992.7812
27992.9805
27993.0586
27992.9785
27993.0020
27992.6484
27992.5684
27992.6562
27992.8555
27992.7871
27992.9082
27992.7305
27992.4746
27992.3984
27992.2285
27992.3281
27992.2832
27992.3047
27992.2598
27992.2812
27992.3906
27992.5137
27992.4023
27992.1895
27992.1348
27992.2109
27992.1328
27991.9238
27991.7148
27991.5137
27991.3047
27991.2812
27991.1582
27990.9805
27990.8809
27990.7266
27991.1191
27990.7207
27991.2773
27991.2832
27991.2832
27991.5352
27991.6191
27991.7188
27992.0254
27992.0566
27992.0117
27992.0566
27992.1035
27992.1797
27992.3105
27992.2871
27992.3555
27992.1875
27992.1328
27992.1328
27991.9336
27991.8867
27991.6641
27991.7090
27991.5723
27991.5938
27991.4023
27991.3262
27991.3105
27991.4629
27990.9863
27991.0957
27991.0254
27990.5879
27990.4492
27990.4785
27990.4336
27990.2539
27990.0098
27990.0156
27989.8086
27989.6387
27989.8691
27990.0312
27989.0312
27989.0840
27989.3906
27988.7988
27988.4766
27988.4609
27988.4062
27987.3594
27987.7969
27987.2598
27986.6211
27987.1602
27986.9590
27986.3438
27986.5508
27986.5742
27986.1895
27986.4199
27986.4746
27986.5508
27986.5039
27986.5723
27986.4199
27986.5723
27986.6973
27986.4727
27986.5430
27986.6191
27986.5527
27986.7285
27986.7969
27986.7676
27986.8438
27986.8438
27986.8203
27987.2344
27987.4121
27987.1797
27987.9707
27987.6875
27987.9473
27987.9766
27987.7012
27988.3965
27988.3496
27987.7188
27988.4629
27988.5156
27988.0312
27988.5215
27988.1152
27988.2441
27988.2676
27987.9375
27988.2441
27987.9668
27987.5840
27987.6133
27987.7891
27987.8965
27987.3574
27987.9707
27988.0996
27987.3340
27987.8691
27987.5918
27987.4160
27987.6445
27986.9551
27987.3926
27987.1562
27987.3379
27986.9258
27987.3066
27986.8477
27987.0645
27987.2246
27987.1289
27987.1113
27987.4297
27987.2227
27987.6055
27987.6523
27987.3223
27987.7695
27987.4629
27987.9395
27988.2207
27988.0391
27988.4219
27988.3438
27988.5684
27988.3906
27988.5625
27988.3379
27988.0566
27987.9805
27987.6211
27987.4219
27987.3750
27987.2207
27987.0410
27986.8203
27986.8926
27986.7969
27986.9980
27987.1016
27987.2559
27987.4844
27987.5586
27987.4590
27987.5898
27987.4121
27987.1602
27987.1055
27986.9590
27986.8828
27986.7578
27986.6816
27986.5820
27986.4531
27986.4004
27986.4492
27986.4297
27986.3477
27986.5996
27986.2188
27986.5527
27986.1465
27986.5332
27986.2520
27986.4844
27986.3320
27986.7402
27986.7656
27986.8711
27987.0215
27987.3262
27987.3789
27987.6582
27987.6348
27987.6328
27987.7090
27987.7090
27987.8320
27987.8809
27987.9277
27988.0020
27987.8984
27987.7227
27988.1309
27987.7793
27987.9355
27988.0859
27988.1895
27988.1895
27988.1602
27988.4121
27988.3086
27988.3848
27988.3066
27988.2559
27988.3262
27988.3516
27988.4258
27988.3984
27988.9551
27988.3457
27989.1523
27989.0781
27989.1016
27989.2012
27989.3516
27989.3516
27989.4277
27989.2754
27989.2773
27989.4805
27989.2520
27989.3535
27989.3770
27989.3477
27989.3477
27989.4199
27989.4727
27989.5215
27989.9004
27989.6719
27989.7188
27989.8750
27990.0254
27990.0762
27989.8496
27989.7227
27989.5723
27989.2949
27989.3184
27989.2441
27989.0918
27988.8906
27988.9688
27989.1699
27989.2695
27989.2695
27989.2969
27989.3477
27989.3711
27989.3457
27989.1191
27989.2168
27989.2949
27989.2168
27989.2695
27989.2168
27989.0410
27989.1152
27989.1426
27989.0684
27989.0938
27988.8418
27989.1406
27989.1680
27989.3691
27989.2422
27989.2930
27989.3438
27989.4199
27989.6719
27989.9746
27989.9238
27989.9746
27989.7988
27990.0000
27989.7969
27989.6445
27989.4688
27989.4922
27989.5918
27989.5879
27989.6133
27989.5352
27989.4336
27989.5332
27989.4336
27989.4316
27989.3809
27989.3301
27989.4551
27989.4785
27989.5527
27989.5781
27989.8047
27989.7793
27989.8027
27989.8789
27989.9551
27990.0547
27990.0781
27990.2461
27990.4043
27990.6055
27990.5547
27990.2520
27990.4023
27990.6543
27990.7031
27990.6035
27990.5000
27990.3242
27990.3242
27990.3730
27990.0469
27989.6699
27989.6191
27989.6934
27989.3164
27989.8203
27989.4688
27989.4922
27989.4922
27989.7676
27989.5176
27989.5156
27989.6406
27989.5410
27989.7188
27989.8672
27990.2188
27990.4922
27990.6680
27990.4688
27990.5918
27990.7676
27990.5410
27990.4922
27990.2148
27990.2148
27990.1895
27989.7598
27989.9629
27989.8613
27989.7598
27990.0352
27990.2852
27990.2598
27990.3340
27990.1328
27990.2578
27990.4590
27990.3340
27990.3086
27990.3574
27990.4316
27990.2559
27990.5312
27990.3555
27990.2539
27989.9551
27990.0059
27989.8281
27989.7793
27989.6543
27989.7773
27989.4766
27989.7266
27989.3770
27989.3262
27989.1270
27989.2773
27989.0508
27989.0996
27988.6504
27988.5996
27989.3242
27988.0508
27988.0508
27987.8984
27987.8750
27987.9727
27987.9238
27987.5234
27987.4492
27987.5234
27987.3496
27987.4492
27987.2988
27987.5723
27987.4980
27987.6230
27987.6992
27987.5977
27987.6973
27987.5469
27987.5234
27987.7480
27987.7480
27987.7988
27987.9727
27987.9727
27987.9492
27988.0488
27988.0234
27988.2969
27988.2227
27988.2461
27988.3223
27988.1484
27988.2715
27988.0234
27988.3730
27988.0723
27988.2988
27988.0742
27988.2246
27987.8262
27988.1270
27987.8770
27987.7520
27987.7031
27987.6797
27987.5293
27987.7031
27987.7305
27987.5039
27987.5039
27987.8535
27987.8027
27987.8809
27987.9297
27987.8809
27987.8555
27987.5566
27987.4824
27987.4824
27987.3594
27987.1094
27987.2598
27987.3105
27987.1855
27987.3359
27986.9121
27987.1133
27987.0625
27986.6895
27987.1621
27987.2383
27986.9902
27987.2402
27987.3633
27987.6387
27987.7129
27987.6875
27987.6875
27987.7383
27987.5625
27987.7871
27988.2617
27988.2109
27987.8418
27988.7090
27988.8340
27988.8867
27988.9355
27989.3828
27989.4551
27989.7051
27989.7520
27989.9277
27990.0762
27990.3262
27990.1504
27990.3750
27990.6738
27990.8730
27991.0195
27991.1934
27991.3457
27991.2188
27991.4180
27991.5195
27991.6934
27991.3691
27991.5391
27991.4688
27991.4180
27991.5176
27991.6445
27991.5703
27991.3711
27991.6484
27991.1504
27991.7031
27991.2285
27991.3086
27990.9824
27991.1348
27991.3594
27991.6289
27991.4082
27991.2070
27991.2578
27991.6523
27991.4062
27991.0059
27991.1602
27991.2129
27991.5586
27991.4863
27991.6328
27991.3086
27991.2656
27991.6074
27991.5332
27991.2617
27991.3105
27991.4570
27991.7812
27991.3066
27991.8027
27991.7773
27991.9258
27991.7969
27992.1719
27992.0996
27992.2402
27992.3398
27992.4141
27992.4180
27992.6152
27993.0332
27992.8633
27993.3047
27993.3086
27993.2324
27993.5293
27993.4082
27993.6543
27994.0742
27993.9297
27994.3945
27994.2461
27994.6953
27994.7461
27994.7676
27994.9980
27995.0684
27995.1973
27995.3418
27995.6152
27995.4707
27995.7715
27995.7871
27996.4590
27996.3789
27996.2090
27996.3359
27996.5625
27996.4824
27996.5605
27997.1016
27997.5039
27997.7480
27997.7598
27997.8613
27997.9609
27996.9414
27998.0117
27997.8887
27998.3027
27998.2969
27998.2500
27999.0098
27998.8906
27998.7227
27999.4180
27999.6973
27999.6699
27999.6953
27999.7480
27999.6172
28000.2578
28000.2637
28000.2480
27999.6992
28000.4004
28000.9688
28001.2148
28000.5977
28000.2344
28000.4297
28000.1387
28000.1387
28000.2812
28000.4766
28001.0957
28001.3652
28001.4434
28001.2422
28001.4629
28001.5938
28001.3887
28001.6426
28001.5410
28002.1406
28001.8672
28001.9922
28001.5977
28001.5645
28001.4180
28001.5703
28001.6914
28001.3906
28001.5625
28001.2383
28001.4629
28001.3828
28001.2930
28001.4082
28001.5879
28001.7559
28001.6816
28001.8750
28002.0234
28001.8750
28001.9414
28001.8418
28001.6934
28001.4883
28001.5195
28001.1934
28001.2383
28001.0195
28001.5234
28001.2852
28001.5039
28001.5254
28001.6836
28001.5391
28001.9160
28001.9648
28001.9121
28002.4512
28002.1484
28002.5488
28002.5488
28002.6738
28002.8418
28002.5547
28002.8867
28002.6250
28002.7461
28002.9844
28002.5977
28002.6426
28002.7363
28002.8691
28003.2559
28003.3086
28003.3281
28003.0859
28003.3340
28003.2129
28003.1641
28003.3457
28003.1582
28003.0273
28002.8945
28003.1113
28002.9766
28003.1484
28003.2617
28003.0215
28003.0605
28002.7871
28002.8398
28003.0312
28003.1523
28002.8301
28002.9043
28002.8496
28002.8828
28002.8633
28002.8418
28002.9336
28002.7754
28002.6602
28002.7852
28002.3594
28002.4863
28002.3594
28002.3848
28002.0840
28002.3574
28002.2285
28002.2949
28002.4277
28002.2812
28001.9609
28002.2793
28002.4082
28002.3457
28002.3984
28002.0586
28002.0586
28001.9844
28002.2227
28001.8906
28002.1113
28001.9629
28002.5293
28002.1016
28001.9082
28001.8340
28002.0723
28001.7871
28002.0449
28001.8984
28001.9043
28001.5391
28001.9863
28001.7129
28001.8379
28001.8184
28001.6445
28001.4727
28001.6250
28001.6914
28001.4258
28001.7168
28001.7168
28001.6973
28001.3516
28001.7148
28001.5859
28001.9043
28001.8125
28001.9043
28001.3477
28001.4570
28001.3750
28001.2031
28001.4199
28001.3086
28001.3262
28001.0977
28001.1074
28000.9160
28000.6230
28000.6777
28000.7520
28000.8242
28000.5586
28000.5410
28000.1934
28000.3125
28000.4395
28000.0117
27999.7480
27999.8652
27999.7383
27999.6191
27999.6914
27999.3457
27999.8086
27999.9824
27999.9648
27999.8828
27999.8730
27999.9258
28000.1172
28000.1348
28000.0879
27999.9883
28000.3887
28000.0430
28000.1602
28000.1602
28000.0410
27999.8789
28000.0781
27999.8867
28000.0312
27999.4238
27999.2598
27999.5859
27999.6680
27999.9395
27999.8867
27999.4316
27999.3203
27998.9688
27999.1230
27999.1113
27998.8574
27999.0391
27998.7852
27998.9297
27999.0566
27998.8301
27998.4121
27998.5840
27998.6230
27999.0078
27999.3730
27999.4512
27999.5781
27999.3594
27999.2676
27998.5547
27997.9980
27997.2676
27996.9199
27996.7949
27997.0137
27997.1621
27997.1445
27997.1660
27997.2383
27997.2109
27996.7734
27996.7617
27996.9238
27996.4688
27996.4609
27996.6797
27996.8457
27996.7617
27996.4160
27996.7266
27996.2461
27995.9277
27996.1875
27996.2500
27995.9980
27996.0859
27996.0586
27995.9492
27996.1562
27995.8711
27995.5703
27995.6816
27996.1211
27995.2168
27995.1602
27995.5000
27995.1543
27995.0098
27994.7480
27994.9824
27994.6934
27994.6055
27994.4941
27994.2734
27994.3008
27993.9844
27994.4570
27994.2793
27994.1914
27994.9414
27994.0742
27994.0430
27994.1016
27994.0312
27993.4160
27993.1426
27992.9824
27992.8496
27992.8105
27992.5938
27992.4512
27992.4805
27992.7695
27992.8691
27992.5684
27992.3105
27992.7539
27991.9883
27992.0723
27992.0352
27991.7617
27991.7910
27991.5469
27991.2598
27991.2324
27991.2051
27990.9609
27990.6445
27990.7070
27990.5020
27990.3203
27990.4355
27990.2012
27990.3594
27989.9727
27989.8789
27990.1621
27989.9863
27989.7637
27989.6074
27989.8203
27989.8086
27989.7188
27989.6348
27989.5391
27989.1094
27989.4512
27989.1523
27989.8125
27989.3535
27989.2969
27989.0000
27988.8555
27989.0117
27989.0723
27989.0332
27988.6895
27989.2930
27988.9785
27989.2227
27989.8848
27989.7129
27989.6289
27989.7441
27989.3027
27989.3164
27989.2754
27989.0430
27989.3477
27989.2773
27989.5898
27989.1035
27988.9043
27989.2051
27988.9766
27988.8926
27988.2754
27988.2793
27988.2637
27988.3379
27988.2070
27988.0371
27987.7070
27988.0371
27987.9805
27987.8945
27987.7227
27987.6680
27987.6816
27987.5254
27987.7676
27987.4824
27987.4980
27987.3711
27987.1562
27987.5156
27987.0293
27987.2715
27987.2285
27987.6582
27987.5723
27987.2578
27987.3301
27987.0312
27987.1172
27986.7461
27986.8906
27986.8633
27986.8906
27986.5762
27986.6914
27986.6914
27987.1504
27986.9766
27987.3496
27987.0215
27987.1934
27987.0938
27987.2656
27987.1523
27987.2383
27987.3379
27987.0820
27987.7539
27987.4395
27987.4824
27987.7266
27987.7129
27988.1699
27987.9121
27988.2852
27988.4863
27988.3867
27988.7871
27989.0879
27989.1738
27989.2324
27989.1191
27988.8340
27989.4180
27989.3613
27989.7051
27989.6055
27989.4355
27989.6953
27989.9785
27990.0957
27990.0938
27990.1387
27990.0098
27990.2676
27990.2832
27990.4551
27990.7266
27990.4844
27990.8848
27990.7715
27990.8145
27990.9121
27990.8281
27991.2422
27991.0859
27990.9434
27991.4316
27991.6172
27991.5352
27991.6758
27991.6055
27992.1055
27991.8359
27992.0078
27992.1367
27992.2363
27992.2539
27992.4824
27992.8965
27992.4121
27992.8809
27992.7109
27993.0547
27993.0996
27993.1875
27993.1875
27993.6602
27993.7305
27993.8730
27993.6445
27993.5176
27993.7012
27993.6602
27994.1035
27994.0039
27994.0176
27994.0938
27994.2051
27994.0625
27994.5762
27994.5215
27994.7559
27994.7266
27994.8105
27994.5547
27994.6387
27994.6387
27994.4941
27994.4531
27994.4082
27994.5371
27994.2793
27994.5957
27994.9512
27994.7812
27994.8105
27994.9531
27994.7539
27994.8086
27994.6543
27994.5801
27994.4102
27994.6641
27994.6230
27994.7363
27994.7949
27994.9961
27994.9570
27995.0723
27995.6016
27995.4473
27995.5469
27995.5898
27995.3652
27995.3789
27995.3496
27995.1777
