27472.9316
27472.7480
27472.9062
27472.8496
27473.0859
27472.8477
27472.9258
27473.0879
27473.1445
27473.3828
27473.4434
27473.5801
27473.7188
27473.6367
27473.6152
27473.4180
27473.5762
27473.7148
27473.6523
27473.7148
27473.5957
27473.8301
27473.8496
27473.7656
27473.9238
27473.6230
27473.6445
27473.5410
27473.9355
27474.1543
27474.3086
27474.4238
27474.6406
27474.4766
27474.5977
27474.3164
27474.2520
27474.4688
27474.3887
27474.3711
27474.6074
27474.4863
27474.3828
27474.6211
27474.3867
27474.3008
27474.3457
27474.2793
27474.2812
27474.4570
27474.5938
27474.6875
27474.7070
27474.6016
27474.9219
27474.5586
27474.7617
27474.7773
27474.6133
27474.6973
27474.7285
27474.6855
27474.7090
27474.5703
27474.6074
27474.7852
27475.0215
27474.9609
27474.9590
27474.9980
27475.0801
27475.1113
27474.8926
27474.9883
27474.9707
27474.6523
27474.9199
27474.7090
27474.8125
27474.9375
27474.9941
27475.1328
27475.0371
27475.3789
27475.1465
27475.0059
27475.4180
27475.0039
27475.2988
27475.3027
27475.0391
27475.0957
27474.9004
27475.2090
27474.8301
27475.3027
27474.7617
27475.1914
27475.1328
27475.3457
27475.0684
27475.1875
27475.1074
27474.9531
27474.7344
27474.4863
27474.9180
27474.6738
27474.7305
27474.8340
27474.8965
27474.9492
27474.9121
27475.0742
27474.8770
27474.5137
27474.5977
27474.1953
27474.2305
27474.4297
27474.1230
27474.3223
27474.3809
27474.5156
27474.0254
27474.2031
27474.0488
27474.0645
27474.2480
27474.2617
27474.4980
27474.7598
27475.1328
27475.2734
27475.5781
27475.8770
27476.3340
27476.5176
27476.6543
27476.7227
27476.6055
27476.4473
27476.4199
27476.1621
27476.2246
27476.1660
27476.4512
27477.0742
27477.3164
27477.2500
27477.1504
27476.5703
27476.1172
27475.8965
27475.3008
27475.3945
27475.1562
27474.9141
27475.3203
27475.6152
27475.8125
27475.4141
27475.2324
27474.7383
27475.0957
27475.2305
27475.0293
27475.1992
27474.4336
27474.4316
27474.2109
27474.5254
27474.0449
27473.9141
27473.5410
27473.8945
27473.3730
27473.7871
27473.9297
27474.3574
27474.8008
27474.4004
27474.3477
27474.2676
27474.2676
27474.2812
27474.4238
27474.0371
27474.0430
27473.9043
27473.7266
27473.7891
27473.3379
27473.6465
27473.6523
27473.4297
27473.4707
27473.0781
27472.8125
27473.3125
27473.0098
27473.2969
27472.9941
27473.0586
27472.6934
27472.9922
27472.8145
27473.0469
27472.9121
27472.9121
27472.6953
27472.8164
27472.8359
27472.8223
27472.4590
27472.7129
27473.0059
27473.1836
27472.9316
27472.8965
27473.3574
27474.2500
27473.2793
27473.5273
27473.6562
27474.0410
27473.9043
27473.4688
27473.5234
27473.6035
27473.7363
27473.3086
27473.4727
27473.4707
27473.4004
27473.2988
27473.4980
27474.3945
27475.1445
27474.2734
27474.6992
27475.1035
27475.1172
27475.5156
27475.9648
27476.0078
27476.0977
27476.1523
27476.5000
27477.0840
27476.5273
27476.6875
27476.6504
27476.1367
27476.3711
27476.3184
27476.0469
27475.7324
27475.8379
27475.4316
27475.4219
27475.0508
27474.6934
27474.4863
27474.6289
27474.4590
27474.6016
27474.9219
27473.9160
27474.5410
27473.9785
27474.0176
27473.5391
27474.0156
27473.7500
27473.5234
27473.9199
27473.7422
27473.4414
27473.0625
27472.9473
27472.6562
27472.3652
27472.9551
27472.7754
27473.0879
27473.2656
27473.0195
27472.9902
27473.2793
27473.1094
27473.2090
27473.4062
27473.5859
27474.2734
27474.3438
27474.4102
27474.7793
27474.9473
27475.2812
27475.3145
27475.4668
27475.6211
27475.6426
27475.7539
27475.6621
27475.4824
27475.6035
27475.7246
27475.6797
27475.3789
27475.3906
27475.0996
27475.2422
27474.9941
27475.2480
27475.1133
27475.3438
27475.4668
27475.5391
27475.6816
27476.1797
27475.7559
27476.0547
27475.6992
27475.9629
27475.9844
27476.0488
27476.0352
27476.5039
27476.3477
27476.3887
27476.3457
27476.3398
27476.2070
27476.1934
27476.3145
27475.9355
27476.0371
27475.6680
27476.0918
27475.7793
27476.0137
27475.8320
27475.8887
27475.5547
27475.7422
27475.3633
27475.4199
27475.4082
27475.5078
27475.4414
27475.5293
27475.5059
27475.4395
27475.3613
27475.3926
27475.2695
27475.1914
27475.1699
27475.3008
27475.0234
27475.0000
27474.8555
27474.7656
27474.7656
27474.8652
27474.8086
27474.9844
27474.8730
27474.7031
27474.5703
27474.3574
27474.2793
27474.1230
27473.9316
27473.9199
27473.7734
27473.8379
27473.8379
27473.7266
27473.4824
27473.2383
27473.1484
27473.2363
27473.1465
27473.2773
27473.1445
27473.1328
27473.0195
27473.3750
27472.9844
27473.1172
27472.7051
27472.8379
27472.5039
27472.3027
27472.0234
27471.9570
27472.1211
27472.2773
27472.4531
27472.8301
27473.3184
27473.5176
27474.1270
27474.1816
27474.5703
27474.8242
27475.0781
27475.2344
27475.2559
27475.4316
27475.4863
27475.6621
27475.6836
27475.5605
27475.7930
27475.6699
27475.5684
27475.5098
27475.7324
27475.7324
27475.7637
27475.7637
27475.6523
27475.4395
27475.3047
27475.2266
27475.2246
27475.0918
27475.1133
27474.9453
27474.6348
27474.4883
27474.2207
27473.8965
27473.9414
27473.7754
27473.8633
27473.8398
27473.7715
27473.7715
27473.9473
27473.8457
27473.6230
27473.6777
27473.6543
27473.6973
27473.6309
27473.6836
27473.5605
27473.5605
27473.5371
27473.5137
27473.6113
27473.7871
27473.8379
27473.6953
27473.7734
27473.6719
27473.5703
27473.3926
27473.4473
27473.3242
27473.3555
27473.3086
27473.3398
27473.3926
27473.6250
27473.8125
27473.8105
27473.8867
27473.7871
27473.7637
27473.8613
27473.8379
27473.7363
27473.6582
27473.4805
27473.5000
27473.4219
27473.3438
27473.4199
27473.4746
27473.4180
27473.3945
27473.3945
27473.3164
27473.2363
27473.2344
27473.2109
27473.2090
27473.4414
27473.3945
27473.3164
27473.3164
27473.3145
27473.3906
27473.6230
27473.6211
27473.7969
27473.7734
27473.7715
27473.8711
27473.6836
27473.8359
27473.6816
27473.6699
27473.6680
27473.5586
27473.5039
27473.3691
27473.1602
27473.1133
27473.0352
27473.1113
27473.1113
27473.0332
27472.8301
27472.8066
27472.8066
27472.9609
27472.9492
27473.0273
27473.1016
27473.0469
27473.2988
27473.2441
27473.2441
27473.3516
27473.0957
27473.3496
27473.1719
27473.2461
27473.0469
27473.1230
27473.0449
27473.0430
27473.1191
27473.0859
27473.0859
27473.1074
27473.0527
27472.9180
27472.7109
27472.6543
27472.5215
27472.3672
27471.9805
27471.6250
27471.3926
27471.3145
27471.2363
27471.2344
27471.4570
27471.4785
27471.6562
27471.5996
27471.5449
27471.5430
27471.6191
27471.7500
27471.7500
27471.9570
27471.9316
27472.0098
27472.0078
27472.0840
27472.2363
27472.3906
27472.4434
27472.6191
27472.6953
27472.7949
27472.8184
27472.9160
27473.0684
27472.8906
27473.0449
27473.0977
27473.1738
27473.2734
27473.2246
27473.2246
27473.1465
27473.0137
27472.8359
27472.5508
27472.3730
27472.2402
27472.1387
27472.1855
27472.1836
27472.5137
27472.7422
27472.9434
27472.9727
27473.2031
27473.0938
27473.2461
27472.8379
27472.8828
27472.5820
27472.3730
27472.5723
27472.3633
27472.3398
27472.3145
27472.2832
27472.1289
27472.2285
27472.1504
27472.1035
27471.9648
27471.7949
27471.8633
27471.5371
27471.5137
27471.5586
27471.4668
27471.2266
27471.2266
27471.0020
27471.0703
27470.9473
27471.0625
27471.1523
27471.3125
27471.7285
27471.6191
27471.8652
27471.7324
27471.3711
27471.5938
27471.7930
27471.5938
27471.6387
27471.6367
27471.8203
27471.9883
27471.9180
27472.0488
27471.7695
27471.8223
27472.1523
27471.9062
27472.1348
27471.8516
27471.9023
27472.0547
27471.9004
27472.3613
27471.9766
27472.2754
27472.0664
27472.5488
27472.3887
27472.1816
27472.5039
27472.5508
27472.3887
27472.1328
27472.4863
27472.1855
27472.4023
27472.3848
27472.4004
27472.4062
27472.0977
27472.1680
27472.0898
27472.1191
27472.1348
27471.5293
27471.9023
27471.7266
27471.7793
27471.4941
27472.0020
27472.1230
27472.1465
27471.7148
27472.0137
27471.5020
27471.3477
27470.8633
27470.4434
27470.2441
27470.3828
27469.9355
27470.0742
27470.6699
27470.4629
27470.7695
27471.0039
27470.9961
27470.9023
27471.2617
27471.0371
27470.8379
27470.7832
27471.1719
27471.4707
27471.1621
27472.0059
27471.4492
27472.2324
27472.3086
27471.8418
27472.0254
27472.1523
27471.8750
27471.5391
27471.7383
27471.6621
27471.7676
27472.0430
27472.2246
27472.9590
27473.1348
27473.8926
27474.3496
27474.8555
27475.3145
27475.2285
27475.3633
27475.2988
27475.1035
27474.7910
27474.3906
27474.2559
27474.1074
27473.4668
27473.5605
27473.6406
27473.5586
27473.3086
27473.6387
27473.2793
27473.6895
27473.7070
27474.0410
27474.4922
27474.1973
27474.0332
27474.0371
27473.6836
27473.9082
27473.6582
27473.7227
27473.7031
27474.0078
27473.4746
27473.8262
27473.8594
27474.0527
27473.8242
27474.0273
27473.7695
27473.7402
27473.9258
27473.6152
27473.4668
27473.5000
27473.4375
27473.6211
27473.4395
27473.7441
27473.6660
27473.5469
27473.7656
27473.7031
27473.8633
27473.6680
27473.4727
27473.9180
27473.6191
27473.7930
27473.8164
27473.6348
27473.4297
27473.5801
27472.9941
27473.2207
27472.9629
27472.7676
27472.9961
27472.6230
27472.8750
27472.8516
27472.7910
27473.0488
27473.0000
27473.0566
27472.7559
27472.8789
27472.6309
27472.4492
27472.5527
27472.5234
27472.4180
27472.5020
27472.5508
27472.3730
27472.2441
27472.1426
27471.9219
27471.9512
27471.8008
27472.1797
27471.9043
27472.2832
27472.6250
27472.7578
27472.5996
27473.1680
27472.7383
27472.8145
27472.7891
27472.9609
27473.2168
27473.2246
27472.6660
27472.7422
27472.8730
27472.9707
27472.7402
27472.8945
27472.9160
27473.3203
27473.0137
27473.2422
27473.3203
27473.3887
27473.3965
27473.3652
27473.5449
27473.2363
27473.3203
27473.1621
27473.2695
27473.2871
27473.3340
27473.3867
27473.3086
27473.3164
27473.2109
27473.4629
27473.3340
27473.4355
27473.4316
27473.6094
27473.7090
27473.9863
27473.6055
27474.1328
27474.0547
27473.9316
27474.0781
27474.4043
27474.3047
27474.8301
27474.8086
27474.8555
27474.9590
27475.1270
27475.3848
27475.2246
27475.7832
27475.8047
27475.8066
27475.5059
27475.8809
27475.7793
27475.8086
27475.9551
27475.8633
27476.0879
27475.8594
27476.0879
27476.0078
27476.1641
27476.0098
27476.2109
27476.4590
27476.3809
27476.3086
27476.4570
27476.3027
27476.4844
27476.4512
27476.7500
27476.5293
27476.8750
27476.9316
27477.1562
27477.0527
27477.0547
27477.5293
27477.1484
27477.4023
27477.3984
27477.2695
27477.5469
27477.4707
27477.6191
27477.6465
27477.9941
27478.1230
27477.8906
27478.0410
27478.2168
27478.0371
27478.5664
27478.2363
27478.6113
27478.7637
27478.9648
27479.1895
27479.2129
27479.6426
27479.8184
27479.8652
27480.1914
27479.9648
27480.3672
27480.4629
27480.7383
27480.7109
27480.7363
27480.9336
27481.1074
27480.9023
27481.2520
27481.2520
27481.4512
27481.6992
27481.9258
27481.7715
27481.8926
27482.1445
27482.1426
27482.2168
27482.3652
27482.3652
27482.2344
27482.2324
27482.5117
27482.6797
27482.4551
27482.5039
27482.9297
27482.8008
27482.7480
27483.0234
27483.0703
27483.3477
27483.3945
27483.7148
27483.8145
27484.3906
27484.1855
27484.4102
27484.8594
27484.8047
27485.2559
27485.4805
27485.7773
27486.0762
27485.8730
27486.3750
27486.3457
27486.5449
27486.6699
27486.8184
27486.8945
27487.1426
27487.3691
27487.3926
27487.6152
27487.6152
27487.6914
27487.7852
27487.9609
27488.1816
27488.1836
27488.1543
27488.1523
27488.2734
27488.3730
27488.2715
27488.6699
27488.6914
27489.0430
27489.1660
27488.9883
27489.2109
27489.4844
27489.5625
27489.6328
27489.8320
27489.6836
27489.6562
27489.9062
27489.9297
27489.9531
27489.8516
27489.8750
27490.1230
27490.0703
27489.8457
27490.2461
27490.2695
27490.5449
27490.1191
27490.2656
27490.6660
27490.4629
27490.5352
27490.8105
27490.8320
27491.1289
27490.9004
27491.2012
27490.9727
27490.7715
27490.9707
27491.0918
27491.0410
27490.9395
27491.0879
27490.9121
27491.3613
27491.2578
27491.6328
27491.3574
27491.4297
27491.1777
27491.5273
27491.3770
27491.3750
27491.4727
27491.4727
27491.3203
27491.5195
27491.1660
27491.5391
27491.1387
27491.3867
27491.5117
27491.2090
27491.2832
27491.6074
27491.2812
27491.7305
27491.2539
27491.3535
27491.4004
27491.0996
27491.0723
27491.0215
27490.7695
27490.8945
27490.1426
27489.9902
27489.2891
27488.9883
27488.2109
27488.0859
27488.0352
27488.1074
27488.0078
27488.6074
27488.5312
27488.3047
27488.6289
27488.5508
27488.6758
27488.3496
27488.2246
27487.9473
27487.8223
27487.5957
27487.5703
27487.0664
27487.4414
27487.3652
27487.1152
27487.3633
27487.3613
27487.5605
27487.5098
27487.4336
27487.3320
27487.0566
27487.0293
27486.7793
27486.6289
27486.4023
27486.6523
27487.0020
27487.0508
27486.8984
27486.6484
27486.9453
27486.5684
27486.4180
27486.3418
27486.1895
27485.6895
27485.2891
27485.5137
27485.6367
27485.6113
27485.1855
27485.1582
27485.0820
27484.3066
27484.1543
27483.6543
27483.3789
27482.9297
27482.9277
27482.7031
27482.4766
27482.6250
27482.4512
27482.6230
27482.6973
27483.0703
27482.7168
27482.7168
27482.8145
27482.8379
27482.8379
27482.4102
27482.8613
27482.4844
27482.6328
27482.0586
27482.0332
27482.1055
27481.6055
27481.6816
27481.6035
27481.4531
27481.0762
27481.2246
27481.0215
27480.9199
27480.9453
27480.8672
27480.8652
27480.5898
27480.7129
27480.6113
27480.8613
27480.4609
27480.7109
27480.5332
27480.0840
27480.1309
27480.0059
27479.9805
27479.7520
27480.3027
27480.0000
27480.1992
27480.0723
27480.1230
27479.8711
27479.8047
27479.6973
27479.4980
27479.1699
27479.0430
27478.7461
27478.8164
27478.6934
27479.0664
27478.7402
27478.8906
27478.8867
27478.8867
27478.8828
27478.9082
27478.7344
27478.4551
27478.4043
27478.4043
27478.1016
27478.1250
27477.6504
27477.7715
27477.4707
27477.3457
27477.6426
27477.7188
27476.8926
27476.6953
27476.1973
27475.7500
27476.1191
27476.2891
27476.8613
27477.1816
27477.2305
27477.1523
27476.8516
27476.7754
27475.7773
27475.8281
27476.3242
27476.3223
27476.2695
27476.4668
27476.0859
27475.9121
27476.1660
27476.2129
27475.9395
27476.1875
27475.7168
27475.9883
27475.8555
27475.8379
27475.7109
27475.7344
27475.4121
27475.7109
27475.6367
27475.5586
27475.3359
27475.3320
27475.1602
27474.9590
27474.9316
27474.7051
27474.5332
27474.4570
27474.4102
27473.9395
27473.8398
27473.9922
27473.6191
27473.2441
27473.6426
27473.4961
27473.6680
27473.2695
27473.2676
27473.2676
27473.3379
27473.5078
27473.6094
27473.8066
27473.5059
27473.7246
27473.8672
27473.6680
27473.3906
27473.4434
27473.6621
27473.4648
27473.8887
27473.7949
27473.8965
27474.1973
27473.8984
27474.1250
27473.8535
27474.2969
27473.8516
27474.2285
27474.0723
27473.5801
27474.1797
27473.6602
27474.1113
27473.9316
27473.9316
27473.8301
27473.7344
27473.5293
27473.6504
27473.2051
27473.6270
27473.1328
27473.2344
27473.0566
27473.3340
27473.4805
27473.5098
27473.4121
27473.4824
27473.5117
27473.5840
27473.5312
27473.2090
27473.3047
27473.3770
27473.5293
27473.2500
27473.4531
27473.3008
27473.0996
27473.3477
27473.4941
27473.4199
27473.5664
27473.2695
27473.5215
27473.2949
27473.0762
27472.9668
27472.9473
27472.8984
27472.4980
27472.5195
27472.1055
27472.2695
27472.0664
27472.2910
27471.7832
27472.2500
27471.9316
27472.0352
27472.5039
27472.0664
27472.2402
27472.2930
27472.2383
27471.8418
27472.1074
27471.8809
27471.9062
27471.9707
27472.0957
27472.2344
27471.8594
27471.9590
27472.2031
27471.7109
27471.8535
27471.6738
27471.7207
27471.9688
27471.8945
27471.7227
27472.2617
27471.9707
27472.0430
27472.3906
27472.2246
27472.2285
27472.2090
27472.6348
27472.3438
27472.9434
27472.7910
27473.5410
27472.9727
27473.4883
27473.1484
27473.2188
27472.7480
27472.9062
27472.9551
27472.8496
27472.8223
27472.7949
27472.7988
27472.2500
27472.2031
27472.0703
27471.9238
27472.1016
27472.0469
27471.9414
27471.7773
27471.9883
27471.8828
27471.9551
27471.5508
27471.7969
27471.7949
27471.9902
27471.5215
27471.7402
27471.3926
27471.4922
27471.4121
27471.1582
27471.1523
27471.0312
27471.1504
27470.8867
27470.9238
27471.1543
27470.9492
27471.0645
27471.2207
27471.1250
27471.2598
27470.7969
27471.7383
27470.9492
27471.4297
27471.2207
27471.1348
27470.7344
27470.5820
27470.6641
27470.6621
27470.5215
27470.3887
27470.3672
27470.0664
27470.0918
27470.2910
27469.9473
27470.1152
27469.9062
27470.1738
27470.0234
27470.0684
27470.2305
27470.3223
27470.5078
27470.8066
27471.0469
27470.8984
27471.1504
27471.3242
27471.6973
27471.9160
27471.7578
27472.1035
27472.1289
