    2.3215
    2.2940
    2.2682
    2.2430
    2.2162
    2.1885
    2.1608
    2.1362
    2.1092
    2.0854
    2.0673
    2.0507
    2.0366
    2.0232
    2.0139
    2.0071
    2.0026
    2.0005
    1.9959
    1.9879
    1.9759
    1.9604
    1.9417
    1.9261
    1.9162
    1.9103
    1.9093
    1.9124
    1.9186
    1.9249
    1.9327
    1.9553
    1.9795
    2.0053
    2.0344
    2.0660
    2.1016
    2.1389
    2.1778
    2.2191
    2.2580
    2.2961
    2.3325
    2.3648
    2.3914
    2.4139
    2.4347
    2.4547
    2.4756
    2.4972
    2.5221
    2.5512
    2.5827
    2.6167
    2.6548
    2.6954
    2.7359
    2.7773
    2.8179
    2.8568
    2.8957
    2.9363
    2.9785
    3.0199
    3.0605
    3.1027
    3.1441
    3.1855
    3.2253
    3.2674
    3.3088
    3.3494
    3.3899
    3.4313
    3.4710
    3.5091
    3.5481
    3.5879
    3.6244
    3.6641
    3.7063
    3.7502
    3.7932
    3.8387
    3.8801
    3.9175
    3.9516
    3.9815
    4.0049
    4.0243
    4.0403
    4.0522
    4.0633
    4.0695
    4.0740
    4.0762
    4.0799
    4.0829
    4.0850
    4.0872
    4.0894
    4.0916
    4.0922
    4.0928
    4.0943
    4.0981
    4.1045
    4.1133
    4.1254
    4.1375
    4.1488
    4.1592
    4.1681
    4.1761
    4.1841
    4.1896
    4.1943
    4.1999
    4.2046
    4.2101
    4.2148
    4.2154
    4.2168
    4.2166
    4.2164
    4.2177
    4.2183
    4.2205
    4.2219
    4.2250
    4.2297
    4.2360
    4.2423
    4.2502
    4.2573
    4.2644
    4.2706
    4.2735
    4.2731
    4.2694
    4.2608
    4.2489
    4.2353
    4.2209
    4.2057
    4.1921
    4.1810
    4.1698
    4.1604
    4.1550
    4.1505
    4.1476
    4.1463
    4.1459
    4.1479
    4.1507
    4.1551
    4.1595
    4.1647
    4.1691
    4.1735
    4.1780
    4.1841
    4.1934
    4.2069
    4.2229
    4.2430
    4.2622
    4.2815
    4.2967
    4.3102
    4.3205
    4.3274
    4.3285
    4.3256
    4.3193
    4.3098
    4.2962
    4.2834
    4.2698
    4.2571
    4.2460
    4.2365
    4.2238
    4.2118
    4.1991
    4.1839
    4.1695
    4.1535
    4.1359
    4.1157
    4.0940
    4.0698
    4.0440
    4.0173
    3.9909
    3.9658
    3.9416
    3.9207
    3.9031
    3.8904
    3.8826
    3.8781
    3.8760
    3.8756
    3.8751
    3.8731
    3.8685
    3.8647
    3.8584
    3.8496
    3.8383
    3.8270
    3.8141
    3.8003
    3.7874
    3.7754
    3.7649
    3.7537
    3.7434
    3.7338
    3.7226
    3.7106
    3.6978
    3.6824
    3.6638
    3.6443
    3.6223
    3.5995
    3.5767
    3.5563
    3.5343
    3.5139
    3.4943
    3.4781
    3.4635
    3.4506
    3.4409
    3.4344
    3.4263
    3.4206
    3.4148
    3.4091
    3.4041
    3.4024
    3.4007
    3.4006
    3.4021
    3.4036
    3.4051
    3.4099
    3.4163
    3.4227
    3.4308
    3.4405
    3.4501
    3.4604
    3.4700
    3.4781
    3.4845
    3.4894
    3.4909
    3.4916
    3.4890
    3.4849
    3.4799
    3.4742
    3.4692
    3.4643
    3.4593
    3.4544
    3.4511
    3.4503
    3.4487
    3.4496
    3.4504
    3.4521
    3.4529
    3.4545
    3.4561
    3.4577
    3.4592
    3.4640
    3.4687
    3.4750
    3.4838
    3.4934
    3.5039
    3.5134
    3.5222
    3.5292
    3.5355
    3.5418
    3.5481
    3.5543
    3.5589
    3.5643
    3.5688
    3.5708
    3.5737
    3.5791
    3.5853
    3.5957
    3.6103
    3.6257
    3.6402
    3.6531
    3.6619
    3.6674
    3.6720
    3.6774
    3.6829
    3.6893
    3.6972
    3.7053
    3.7109
    3.7156
    3.7145
    3.7101
    3.7039
    3.6944
    3.6833
    3.6730
    3.6618
    3.6539
    3.6469
    3.6414
    3.6368
    3.6330
    3.6293
    3.6255
    3.6217
    3.6172
    3.6117
    3.6072
    3.6018
    3.5972
    3.5911
    3.5849
    3.5763
    3.5692
    3.5614
    3.5527
    3.5408
    3.5289
    3.5153
    3.5001
    3.4858
    3.4723
    3.4597
    3.4479
    3.4386
    3.4309
    3.4266
    3.4255
    3.4303
    3.4393
    3.4475
    3.4540
    3.4613
    3.4652
    3.4684
    3.4715
    3.4730
    3.4761
    3.4809
    3.4891
    3.5039
    3.5246
    3.5485
    3.5726
    3.5966
    3.6205
    3.6437
    3.6626
    3.6741
    3.6813
    3.6811
    3.6776
    3.6732
    3.6698
    3.6713
    3.6771
    3.6837
    3.6927
    3.7026
    3.7159
    3.7325
    3.7525
    3.7741
    3.7958
    3.8166
    3.8374
    3.8581
    3.8804
    3.9019
    3.9241
    3.9463
    3.9685
    3.9899
    4.0114
    4.0312
    4.0501
    4.0683
    4.0873
    4.1088
    4.1294
    4.1516
    4.1746
    4.1985
    4.2231
    4.2528
    4.2833
    4.3146
    4.3459
    4.3780
    4.4068
    4.4355
    4.4652
    4.4981
    4.5327
    4.5681
    4.6020
    4.6332
    4.6595
    4.6767
    4.6881
    4.6937
    4.6935
    4.6892
    4.6840
    4.6765
    4.6665
    4.6532
    4.6383
    4.6242
    4.6159
    4.6135
    4.6178
    4.6287
    4.6422
    4.6574
    4.6733
    4.6876
    4.7036
    4.7187
    4.7298
    4.7366
    4.7408
    4.7409
    4.7393
    4.7393
    4.7416
    4.7449
    4.7482
    4.7491
    4.7482
    4.7449
    4.7400
    4.7359
    4.7350
    4.7366
    4.7398
    4.7455
    4.7529
    4.7585
    4.7617
    4.7641
    4.7640
    4.7623
    4.7581
    4.7538
    4.7463
    4.7387
    4.7327
    4.7275
    4.7214
    4.7178
    4.7149
    4.7136
    4.7131
    4.7126
    4.7105
    4.7059
    4.6998
    4.6970
    4.6968
    4.7000
    4.7049
    4.7115
    4.7198
    4.7263
    4.7345
    4.7427
    4.7516
    4.7606
    4.7688
    4.7744
    4.7792
    4.7858
    4.7930
    4.8027
    4.8139
    4.8252
    4.8373
    4.8493
    4.8623
    4.8793
    4.8963
    4.9143
    4.9339
    4.9544
    4.9750
    4.9982
    5.0239
    5.0522
    5.0829
    5.1146
    5.1453
    5.1776
    5.2074
    5.2338
    5.2578
    5.2792
    5.2981
    5.3161
    5.3350
    5.3531
    5.3736
    5.3949
    5.4154
    5.4350
    5.4520
    5.4665
    5.4786
    5.4866
    5.4913
    5.4926
    5.4908
    5.4866
    5.4800
    5.4726
    5.4661
    5.4645
    5.4670
    5.4703
    5.4743
    5.4808
    5.4864
    5.4938
    5.5018
    5.5098
    5.5204
    5.5335
    5.5491
    5.5664
    5.5871
    5.6136
    5.6444
    5.6784
    5.7150
    5.7541
    5.7939
    5.8329
    5.8710
    5.9082
    5.9446
    5.9794
    6.0125
    6.0473
    6.0829
    6.1211
    6.1618
    6.2026
    6.2426
    6.2809
    6.3175
    6.3543
    6.3935
    6.4353
    6.4789
    6.5267
    6.5779
    6.6333
    6.6912
    6.7518
    6.8166
    6.8855
    6.9570
    7.0319
    7.1110
    7.1937
    7.2798
    7.3677
    7.4582
    7.5496
    7.6401
    7.7316
    7.8232
    7.9139
    8.0040
    8.0958
    8.1875
    8.2784
    8.3678
    8.4571
    8.5472
    8.6356
    8.7208
    8.8050
    8.8858
    8.9633
    9.0392
    9.1141
    9.1866
    9.2590
    9.3306
    9.3996
    9.4645
    9.5269
    9.5876
    9.6458
    9.7025
    9.7576
    9.8126
    9.8644
    9.9136
    9.9578
    9.9994
   10.0384
   10.0764
   10.1118
   10.1472
   10.1800
   10.2143
   10.2470
   10.2805
   10.3115
   10.3423
   10.3724
   10.4015
   10.4282
   10.4525
   10.4752
   10.4947
   10.5109
   10.5263
   10.5391
   10.5503
   10.5606
   10.5691
   10.5725
   10.5749
   10.5756
   10.5753
   10.5725
   10.5696
   10.5667
   10.5620
   10.5582
   10.5543
   10.5502
   10.5436
   10.5354
   10.5272
   10.5181
   10.5082
   10.4991
   10.4916
   10.4867
   10.4851
   10.4870
   10.4906
   10.4942
   10.4986
   10.5013
   10.5023
   10.5025
   10.5027
   10.5029
   10.5040
   10.5051
   10.5061
   10.5055
   10.5040
   10.5001
   10.4987
   10.4991
   10.5054
   10.5127
   10.5217
   10.5319
   10.5429
   10.5539
   10.5656
   10.5766
   10.5867
   10.5967
   10.6083
   10.6209
   10.6334
   10.6484
   10.6675
   10.6898
   10.7145
   10.7431
   10.7757
   10.8092
   10.8426
   10.8770
   10.9131
   10.9501
   10.9904
   11.0325
   11.0764
   11.1219
   11.1717
   11.2240
   11.2787
   11.3359
   11.3922
   11.4460
   11.4998
   11.5527
   11.6047
   11.6566
   11.7086
   11.7624
   11.8180
   11.8728
   11.9278
   11.9811
   12.0325
   12.0847
   12.1370
   12.1892
   12.2455
   12.3052
   12.3665
   12.4303
   12.4958
   12.5612
   12.6266
   12.6937
   12.7616
   12.8312
   12.9049
   12.9777
   13.0531
   13.1275
   13.2045
   13.2822
   13.3589
   13.4331
   13.5040
   13.5732
   13.6399
   13.7067
   13.7752
   13.8405
   13.9032
   13.9651
   14.0260
   14.0836
   14.1361
   14.1835
   14.2258
   14.2606
   14.2895
   14.3173
   14.3425
   14.3668
   14.3942
   14.4241
   14.4556
   14.4878
   14.5217
   14.5522
   14.5751
   14.5929
   14.6072
   14.6190
   14.6342
   14.6504
   14.6707
   14.6962
   14.7250
   14.7547
   14.7868
   14.8187
   14.8487
   14.8778
   14.9059
   14.9340
   14.9627
   14.9946
   15.0289
   15.0633
   15.0993
   15.1397
   15.1861
   15.2401
   15.2974
   15.3571
   15.4158
   15.4763
   15.5367
   15.5997
   15.6712
   15.7504
   15.8347
   15.9231
   16.0124
   16.0990
   16.1823
   16.2655
   16.3479
   16.4302
   16.5141
   16.5983
   16.6866
   16.7783
   16.8676
   16.9519
   17.0302
   17.1103
   17.1912
   17.2738
   17.3632
   17.4585
   17.5540
   17.6489
   17.7471
   17.8447
   17.9400
   18.0327
   18.1254
   18.2191
   18.3145
   18.4140
   18.5168
   18.6222
   18.7298
   18.8380
   18.9493
   19.0595
   19.1653
   19.2665
   19.3643
   19.4544
   19.5386
   19.6194
   19.6941
   19.7613
   19.8199
   19.8685
   19.9086
   19.9387
   19.9628
   19.9793
   19.9906
   19.9902
   19.9795
   19.9629
   19.9438
   19.9214
   19.8980
   19.8737
   19.8461
   19.8114
   19.7631
   19.7070
   19.6423
   19.5715
   19.4989
   19.4286
   19.3541
   19.2797
   19.2069
   19.1342
   19.0622
   18.9960
   18.9306
   18.8702
   18.8132
   18.7586
   18.7047
   18.6490
   18.5933
   18.5366
   18.4840
   18.4321
   18.3834
   18.3323
   18.2786
   18.2232
   18.1653
   18.1048
   18.0400
   17.9701
   17.9002
   17.8276
   17.7526
   17.6794
   17.6089
   17.5310
   17.4489
   17.3685
   17.2933
   17.2189
   17.1522
   17.0965
   17.0459
   16.9971
   16.9585
   16.9309
   16.9112
   16.9034
   16.9060
   16.9171
   16.9350
   16.9588
   16.9919
   17.0309
   17.0767
   17.1284
   17.1886
   17.2547
   17.3258
   17.3986
   17.4757
   17.5602
   17.6429
   17.7221
   17.8022
   17.8780
   17.9511
   18.0284
   18.1116
   18.1990
   18.2881
   18.3755
   18.4578
   18.5394
   18.6175
   18.6939
   18.7719
   18.8502
   18.9303
   19.0098
   19.0885
   19.1643
   19.2443
   19.3271
   19.4185
   19.5160
   19.6204
   19.7317
   19.8474
   19.9683
   20.0994
   20.2333
   20.3708
   20.5134
   20.6553
   20.7828
   20.8974
   20.9949
   21.0744
   21.1353
   21.1921
   21.2455
   21.2938
   21.3428
   21.3960
   21.4491
   21.5032
   21.5631
   21.6223
   21.6822
   21.7437
   21.8059
   21.8699
   21.9347
   22.0013
   22.0712
   22.1419
   22.2111
   22.2768
   22.3427
   22.4094
   22.4744
   22.5403
   22.6138
   22.6967
   22.7862
   22.8866
   22.9945
   23.1031
   23.2092
   23.3122
   23.4151
   23.5189
   23.6256
   23.7320
   23.8417
   23.9555
   24.0732
   24.1906
   24.3108
   24.4338
   24.5579
   24.6810
   24.7999
   24.9161
   25.0243
   25.1253
   25.2215
   25.3138
   25.4037
   25.4920
   25.5778
   25.6646
   25.7538
   25.8428
   25.9343
   26.0383
   26.1611
   26.3043
   26.4668
   26.6437
   26.8277
   27.0127
   27.1979
   27.3810
   27.5642
   27.7459
   27.9256
   28.1017
   28.2747
   28.4456
   28.6119
   28.7751
   28.9303
   29.0781
   29.2193
   29.3515
   29.4754
   29.5934
   29.7057
   29.8103
   29.9125
   30.0096
   30.1052
   30.1984
   30.2885
   30.3762
   30.4626
   30.5468
   30.6297
   30.7133
   30.7970
   30.8758
   30.9483
   31.0128
   31.0753
   31.1339
   31.1896
   31.2444
   31.2995
   31.3504
   31.3961
   31.4398
   31.4817
   31.5194
   31.5539
   31.5835
   31.6102
   31.6331
   31.6515
   31.6639
   31.6745
   31.6836
   31.6892
   31.6934
   31.6971
   31.6985
   31.6967
   31.6975
   31.7025
   31.7060
   31.7079
   31.7059
   31.6959
   31.6755
   31.6516
   31.6245
   31.5984
   31.5719
   31.5441
   31.5159
   31.4848
   31.4466
   31.4040
   31.3567
   31.3067
   31.2531
   31.1959
   31.1354
   31.0750
   31.0114
   30.9446
   30.8687
   30.7885
   30.6966
   30.5955
   30.4893
   30.3773
   30.2611
   30.1406
   30.0208
   29.8960
   29.7650
   29.6321
   29.5007
   29.3656
   29.2221
   29.0768
   28.9279
   28.7745
   28.6195
   28.4678
   28.3172
   28.1650
   28.0112
   27.8583
   27.7045
   27.5517
   27.4013
   27.2526
   27.1064
   26.9652
   26.8222
   26.6767
   26.5330
   26.3867
   26.2386
   26.0923
   25.9503
   25.8059
   25.6575
   25.5111
   25.3707
   25.2375
   25.1140
   25.0060
   24.9040
   24.8036
   24.6979
   24.5878
   24.4718
   24.3514
   24.2280
   24.1079
   23.9872
   23.8666
   23.7437
   23.6210
   23.5000
   23.3800
   23.2585
   23.1386
   23.0231
   22.9118
   22.8007
   22.6948
   22.5940
   22.4952
   22.3999
   22.3064
   22.2180
   22.1307
   22.0459
   21.9638
   21.8860
   21.8108
   21.7398
   21.6753
   21.6126
   21.5522
   21.4894
   21.4223
   21.3500
   21.2776
   21.2078
   21.1389
   21.0750
   21.0148
   20.9540
   20.8911
   20.8243
   20.7535
   20.6785
   20.6036
   20.5268
   20.4473
   20.3675
   20.2870
   20.2017
   20.1108
   20.0176
   19.9222
   19.8228
   19.7169
   19.6042
   19.4846
   19.3541
   19.2216
   19.0849
   18.9478
   18.8092
   18.6709
   18.5318
   18.3938
   18.2566
   18.1203
   17.9874
   17.8613
   17.7386
   17.6219
   17.5101
   17.4057
   17.3064
   17.2112
   17.1210
   17.0373
   16.9613
   16.8895
   16.8226
   16.7583
   16.6955
   16.6312
   16.5634
   16.4916
   16.4198
   16.3448
   16.2693
   16.1957
   16.1260
   16.0574
   15.9942
   15.9379
   15.8884
   15.8423
   15.7978
   15.7517
   15.7037
   15.6513
   15.5952
   15.5397
   15.4820
   15.4238
   15.3691
   15.3152
   15.2551
   15.1925
   15.1260
   15.0536
   14.9776
   14.9009
   14.8258
   14.7506
   14.6751
   14.5960
   14.5152
   14.4319
   14.3452
   14.2533
   14.1548
   14.0570
   13.9575
   13.8568
   13.7561
   13.6531
   13.5474
   13.4408
   13.3343
   13.2262
   13.1147
   13.0024
   12.8868
   12.7687
   12.6447
   12.5187
   12.3900
   12.2588
   12.1277
   11.9938
   11.8601
   11.7237
   11.5855
   11.4466
   11.3068
   11.1671
   11.0289
   10.8896
   10.7540
   10.6202
   10.4891
   10.3589
   10.2313
   10.0992
    9.9625
    9.8181
    9.6704
    9.5145
    9.3515
    9.1815
    9.0053
    8.8246
    8.6395
    8.4542
    8.2718
    8.0919
    7.9157
    7.7531
    7.6015
    7.4611
    7.3347
    7.2172
    7.1067
    6.9996
    6.8924
    6.7856
    6.6799
    6.5754
    6.4711
    6.3698
    6.2761
    6.1877
    6.1027
    6.0244
    5.9503
    5.8827
    5.8192
    5.7591
    5.7014
    5.6452
    5.5930
    5.5446
    5.4993
    5.4556
    5.4135
    5.3730
    5.3352
    5.2977
    5.2618
    5.2243
    5.1851
    5.1425
    5.1020
    5.0614
    5.0191
    4.9751
    4.9309
    4.8866
    4.8417
    4.7945
    4.7444
    4.6893
    4.6281
    4.5654
    4.5019
    4.4413
    4.3866
    4.3362
    4.2921
    4.2544
    4.2237
    4.1990
    4.1806
    4.1677
    4.1578
    4.1492
    4.1397
    4.1291
    4.1103
    4.0857
    4.0539
    4.0116
    3.9622
    3.9083
    3.8527
    3.7963
    3.7398
    3.6846
    3.6334
    3.5871
    3.5475
    3.5114
    3.4795
    3.4499
    3.4186
    3.3872
    3.3532
    3.3199
    3.2897
    3.2603
    3.2352
    3.2110
    3.1755
    3.1389
    3.1007
    3.0581
    3.0120
    2.9599
    2.9067
    2.8516
    2.7956
    2.7421
    2.6910
    2.6395
    2.5905
    2.5457
    2.5065
    2.4690
    2.4323
    2.3987
    2.3657
    2.3319
    2.2990
    2.2685
    2.2365
    2.2045
    2.1725
    2.1395
    2.1062
    2.0739
    2.0456
    2.0224
