28031.4336
28031.6328
28031.6699
28031.6582
28032.0859
28031.9766
28031.8301
28031.7109
28031.3320
28030.9102
28031.0645
28031.3105
28031.3027
28031.1016
28030.8652
28030.6914
28030.6816
28030.8184
28030.8262
28030.6797
28030.8516
28031.0332
28031.1504
28031.2148
28031.3320
28031.3027
28031.4102
28031.6016
28031.7559
28031.9258
28031.8086
28031.7344
28031.5352
28031.4980
28031.6250
28031.4961
28031.6328
28031.6309
28031.8145
28031.5488
28031.2852
28031.4395
28031.3477
28031.3652
28031.5293
28031.3652
28031.1367
28031.1094
28031.0996
28031.0996
28031.3535
28031.1621
28030.9609
28030.9238
28030.6055
28030.4121
28030.5586
28030.0117
28030.7500
28030.3574
28030.3652
28030.2383
28030.5195
28030.5820
28030.6816
28030.5547
28030.7539
28030.5527
28030.7520
28030.7871
28030.6602
28030.6602
28030.6328
28030.7598
28030.5039
28030.3223
28030.4219
28030.3672
28030.4023
28030.2832
28030.1191
28030.0293
28030.0547
28030.1016
28030.0996
28029.8457
28029.6270
28029.9082
28029.9434
28029.9883
28030.1328
28029.7246
28029.6152
28029.6328
28029.4961
28029.7500
28029.6680
28029.6758
28029.7207
28029.6934
28029.7109
28029.6816
28029.6367
28029.8262
28029.6270
28029.8262
28029.6621
28029.8789
28029.8516
28029.5508
28029.6777
28029.5859
28029.6758
28029.3770
28029.4492
28029.5488
28029.1660
28029.3555
28029.1660
28029.0273
28028.9824
28029.2070
28028.9082
28028.8164
28028.7891
28028.6699
28028.6797
28029.0234
28028.9492
28029.2031
28028.3320
28028.8945
28028.9102
28028.9004
28028.7363
28028.7363
28028.6602
28028.3281
28028.6172
28028.4180
28028.7070
28028.3887
28028.6504
28028.4316
28028.3945
28028.6211
28028.8105
28028.7188
28028.7559
28028.6445
28028.7441
28028.4980
28028.4707
28028.3711
28028.5488
28028.5586
28028.5586
28028.7227
28029.2129
28029.2109
28028.8672
28027.4531
28028.8301
28028.9746
28029.8711
28029.0547
28029.1562
28028.7012
28028.8984
28028.5156
28029.6328
28029.4648
28029.7656
28029.7109
28029.8379
28029.8574
28030.0820
28030.1445
28030.2988
28029.8926
28029.8340
28029.7734
28030.0195
28030.6582
28029.7715
28029.5859
28029.9746
28029.9004
28029.6895
28029.6094
28029.5996
28029.0684
28029.1953
28029.2695
28029.3398
28028.7461
28028.9492
28029.3125
28029.3848
28029.6582
28029.4219
28029.7852
28029.7559
28029.9824
28030.1367
28030.2617
28030.2363
28029.9180
28029.9336
28029.8340
28029.7344
28029.6602
28029.3848
28029.6211
28029.5859
28029.5957
28029.9473
28030.0840
28030.1367
28030.0000
28030.3164
28030.3691
28030.4961
28030.7852
28031.0371
28031.0312
28031.2559
28031.0391
28031.1035
28030.9746
28030.8379
28030.8262
28031.0273
28031.1895
28030.9902
28030.9531
28031.0156
28031.7383
28031.4102
28032.0332
28032.8555
28032.6035
28033.2988
28032.9922
28033.7246
28033.4180
28033.9766
28034.0391
28034.0371
28034.2266
28034.2539
28034.6055
28034.6426
28034.6055
28034.4414
28034.3770
28034.2227
28034.1855
28033.8320
28033.6328
28033.2148
28033.0234
28032.7246
28032.9766
28032.4336
28032.3320
28032.3574
28032.6465
28032.3203
28032.3457
28032.2461
28032.1094
28032.1816
28032.1172
28031.9902
28031.9375
28031.8633
28031.9258
28031.6973
28031.8340
28031.8770
28031.8652
28031.9180
28032.1602
28032.0898
28031.5273
28031.8438
28032.1309
28032.0527
28031.8340
28031.9082
28031.7637
28031.6738
28031.6113
28031.4824
28031.1836
28030.8828
28030.8184
28030.5547
28030.5273
28030.2539
28029.9258
28029.6152
28029.5684
28029.6055
28029.7305
28029.8184
28029.8984
28030.0234
28030.1758
28029.9766
28030.1387
28030.2363
28030.2461
28030.2461
28030.2402
28030.1875
28029.9434
28030.0176
28029.9160
28029.9160
28029.6367
28029.5352
28029.4082
28029.4453
28029.4824
28029.2285
28028.9902
28028.6523
28028.2988
28028.2266
28027.9160
28027.9785
28027.9414
28028.0566
28028.2031
28028.2910
28028.2656
28028.1855
28027.9219
28028.0586
28027.9141
28027.9258
28027.9727
28027.9180
28028.0566
28028.0547
28027.8809
28027.8789
28027.8965
28027.6309
28027.5430
28027.3516
28027.3262
28027.0977
28027.0195
28026.8555
28026.5020
28026.7656
28026.6387
28026.6484
28026.5488
28026.4473
28026.4727
28026.4629
28026.3242
28026.2871
28026.3867
28026.3770
28026.5137
28026.3770
28026.6113
28026.6484
28026.4473
28026.4570
28026.5059
28026.6035
28026.4941
28027.0469
28026.6035
28027.0449
28026.7617
28027.0859
28027.2852
28027.1973
28027.5430
28027.6074
28027.7422
28028.0781
28028.0938
28028.0781
28028.0039
28028.2773
28028.4023
28028.3887
28028.6836
28028.5762
28028.8184
28028.6074
28028.8184
28028.9297
28028.7168
28028.9395
28028.9375
28028.8105
28028.6992
28028.6367
28028.5996
28028.5625
28028.4883
28028.5762
28028.7012
28028.6270
28028.7539
28028.8535
28029.2578
28029.4102
28029.7617
28029.7227
28029.7852
28029.8477
28030.1016
28030.2871
28030.4141
28030.5137
28030.5762
28030.8906
28031.4434
28031.7949
28032.5898
28033.0410
28033.7598
28033.9219
28034.2363
28034.4004
28034.8027
28034.7910
28035.1152
28034.8418
28034.8418
28034.8145
28034.6406
28034.4766
28034.2227
28033.8496
28033.4609
28033.2070
28033.0176
28032.8926
28032.4766
28032.4609
28032.3340
28031.9336
28031.8965
28031.7441
28031.7578
28031.6426
28031.8301
28032.0039
28032.0293
28032.4297
28032.4648
28032.6016
28032.6660
28032.6367
28032.6367
28032.7734
28032.9746
28032.9473
28032.9590
28033.1836
28033.1445
28033.1445
28033.1699
28033.2441
28033.5176
28033.5176
28033.6543
28033.6172
28033.5039
28033.5410
28033.3770
28033.2773
28033.0762
28032.9492
28032.8496
28032.8477
28032.8848
28032.8105
28032.7734
28032.4980
28032.3984
28032.2090
28032.0703
28032.0449
28031.8809
28031.9180
28031.8652
28031.8516
28031.9258
28031.9238
28031.8223
28031.8965
28031.9336
28031.9824
28032.0059
28031.9062
28032.0332
28032.0430
28032.2793
28032.3672
28032.2930
28032.2188
28032.3164
28032.4062
28032.4688
28032.4414
28032.5410
28032.4785
28032.5898
28032.7500
28032.7754
28032.6504
28032.6113
28032.6484
28032.6113
28032.7109
28032.6719
28032.6094
28032.7090
28032.6602
28032.7598
28032.9844
28033.1094
28033.1602
28033.1602
28033.3477
28033.4590
28033.7324
28033.8184
28033.9180
28033.9297
28034.1641
28034.2129
28034.3125
28034.3379
28034.0137
28033.9746
28033.8730
28033.8633
28034.0605
28034.1230
28034.4102
28034.6621
28034.8496
28035.0371
28035.0000
28035.1504
28035.2129
28035.2383
28035.3750
28035.5742
28035.6992
28035.7734
28035.9082
28035.9336
28035.9082
28035.8828
28036.0078
28036.1953
28036.0059
28036.1309
28036.0684
28036.1680
28035.9160
28036.6309
28035.7520
28036.0273
28035.7891
28035.8652
28035.9375
28036.0742
28036.3242
28037.1406
28036.3867
28036.5625
28036.6230
28036.6113
28036.3848
28036.5234
28036.3477
28036.9004
28036.8965
28036.7207
28037.0078
28037.0430
28037.2051
28036.9922
28037.0156
28037.0547
28037.3027
28037.3672
28036.7754
28036.7188
28037.3008
28037.0137
28037.0742
28037.8145
28038.1387
28038.2891
28038.3262
28038.5508
28038.8008
28038.6387
28038.9766
28039.1641
28039.3750
28039.6523
28039.8145
28039.9629
28040.0527
28040.1387
28040.0879
28040.5020
28040.5391
28040.6641
28041.0898
28041.5391
28041.4004
28041.7500
28041.6504
28041.9375
28042.1621
28042.2598
28042.3848
28042.3848
28042.3594
28042.4316
28042.4434
28042.5430
28042.6309
28042.5801
28042.9043
28042.8906
28043.2012
28043.1250
28043.1504
28042.9746
28043.0605
28042.7988
28042.8867
28042.9219
28042.8086
28042.9453
28042.8066
28042.9062
28042.9688
28043.1309
28042.9160
28043.0781
28042.6270
28042.7891
28042.8516
28042.7617
28042.8359
28042.9609
28042.7852
28042.4961
28042.4824
28042.4453
28042.4707
28042.4336
28042.4062
28042.5195
28042.2539
28042.3672
28042.4160
28042.1895
28042.0273
28042.0898
28041.8633
28041.6387
28041.6133
28041.5488
28041.1855
28041.2480
28041.0723
28040.8594
28040.9688
28040.7070
28040.6562
28040.8184
28040.6797
28040.7168
28040.7168
28040.8281
28040.8164
28040.6641
28040.7148
28040.9746
28040.9121
28040.8457
28040.6973
28040.8613
28040.7227
28040.8594
28040.8711
28040.9570
28041.0312
28040.7812
28041.0938
28040.8066
28040.9180
28040.8789
28040.7031
28040.7773
28040.7520
28040.7402
28041.0254
28041.2617
28041.2500
28041.4746
28041.2227
28041.2734
28041.2598
28041.3340
28041.3945
28041.3828
28041.1816
28041.1191
28041.2168
28040.9297
28040.9922
28041.1406
28040.9395
28041.0898
28040.9902
28040.6387
28040.6641
28040.5000
28040.4375
28040.4121
28040.5996
28040.5605
28040.7227
28040.5977
28040.4336
28040.4316
28040.0820
28040.1797
28040.1309
28040.7305
28040.3672
28040.3926
28040.2910
28040.3906
28040.3770
28040.6270
28040.8770
28040.2754
28040.3262
28040.3496
28040.2871
28040.4121
28040.4297
28040.1113
28040.7852
28040.3730
28040.4707
28040.4336
28040.5449
28040.3320
28040.6445
28040.2422
28040.4668
28040.5527
28040.6289
28040.8281
28040.9023
28040.8652
28040.9883
28040.8008
28040.4355
28040.6992
28040.3242
28040.6484
28040.7344
28040.6348
28040.1719
28040.2051
28040.5078
28040.2695
28040.7305
28040.3672
28040.2539
28040.7910
28040.4902
28040.9902
28040.7129
28040.7500
28040.6484
28040.8359
28040.7109
28040.8340
28040.6973
28040.9082
28040.7832
28040.8457
28040.9590
28040.9961
28041.1680
28041.3848
28041.2676
28040.8281
28040.7656
28041.4277
28041.2891
28041.5391
28041.2383
28041.3496
28041.4102
28041.4238
28041.4473
28041.4590
28041.5215
28041.7070
28041.8945
28041.5684
28042.5781
28042.7480
28042.1523
28042.6875
28042.2500
28042.6738
28042.3613
28042.7969
28042.6113
28042.7969
28042.8711
28043.0957
28043.5469
28043.7578
28044.1816
28044.2578
28044.2539
28044.3027
28044.1523
28044.0625
28044.0762
28044.1758
28044.2754
28043.7988
28043.5762
28044.2969
28044.1719
28044.3574
28044.4336
28044.1699
28044.3809
28044.1934
28044.6035
28044.5156
28044.6895
28044.5527
28044.8906
28044.8047
28044.7266
28044.4512
28044.7129
28044.3496
28044.6113
28044.7480
28044.5215
28044.7090
28044.5215
28044.7832
28044.7207
28044.8926
28045.0293
28044.9805
28044.5312
28045.1758
28045.6289
28045.1504
28044.8867
28045.1387
28044.8516
28044.8750
28044.6992
28045.0234
28044.9102
28045.1465
28044.9961
28044.8457
28044.8457
28044.8828
28044.9199
28044.9062
28044.8438
28045.0664
28044.9785
28044.9277
28044.9785
28044.6895
28045.1504
28044.8984
28045.0488
28044.6484
28044.7949
28044.5332
28044.4570
28044.9863
28044.2305
28044.0918
28044.2402
28043.9668
28043.9922
28044.5879
28043.8887
28043.6875
28043.5977
28043.5625
28043.5000
28043.3359
28043.1504
28043.5332
28043.0840
28043.0586
28043.1445
28043.1934
28043.1543
28042.8672
28043.1152
28042.8887
28042.9746
28043.1758
28042.9082
28042.8457
28042.9082
28042.3320
28042.4668
28042.3535
28042.8496
28042.5508
28042.7988
28042.4512
28042.7461
28042.3965
28042.3730
28042.3945
28042.4199
28042.4688
28042.9180
28042.8301
28042.5781
28042.8164
28042.7148
28042.7129
28042.8125
28042.8262
28042.7109
28042.9238
28042.8125
28042.6445
28042.8730
28043.0039
28042.9219
28042.7305
28042.8438
28042.8535
28042.7051
28042.7910
28043.0801
28043.1172
28043.0645
28043.2773
28043.2246
28043.3379
28043.5234
28043.3711
28043.3828
28043.5820
28043.2539
28043.4961
28043.9531
28044.1211
28044.0371
28043.7402
28043.4746
28042.5039
28043.0645
28042.9512
28043.2637
28043.0879
28043.0859
28043.2129
28043.2852
28043.3086
28043.3457
28043.1172
28043.3574
28043.5430
28043.4941
28043.3789
28043.5391
28043.6152
28043.6895
28043.6133
28043.8418
28044.1172
28044.0898
28043.8242
28043.8906
28044.0508
28043.8496
28044.7324
28044.3398
28044.5000
28044.8613
28044.8984
28044.5938
28044.5703
28044.3672
28044.4785
28044.5156
28044.5391
28044.4512
28044.5273
28044.5254
28044.1348
28044.4238
28044.5859
28044.9219
28044.7461
28044.6680
28044.5059
28044.4062
28044.8809
28044.6191
28044.9160
28044.8926
28045.2402
28045.2539
28045.2617
28045.4180
28045.3320
28045.3691
28045.4688
28045.1914
28045.4629
28045.4414
28045.6758
28045.8223
28045.8594
28045.9453
28046.1309
28046.5527
28046.6367
28046.3418
28046.7637
28046.8633
28047.0527
28047.2617
28047.0605
28047.4707
28047.5449
28047.4434
28047.4199
28047.5527
28047.5176
28047.5879
28047.4648
28047.4512
28047.8008
28047.8750
28047.9355
28048.0605
28047.8203
28047.9961
28047.9824
28048.1191
28048.2031
28048.2559
28048.2871
28047.7910
28048.1094
28048.0605
28047.9609
28047.8457
28047.9668
28047.6914
28047.8008
28047.4746
28047.7070
28047.0449
28047.0996
28047.1211
28047.1211
28046.8301
28046.6680
28046.7910
28046.7754
28046.6973
28046.3828
28046.3145
28046.3379
28046.2266
28046.2344
28045.9570
28045.6289
28045.8027
28045.7266
28045.8477
28045.6191
28045.7695
28045.8086
28045.7070
28045.6582
28045.5195
28045.2949
28045.3418
28045.2168
28045.1387
28045.0762
28045.0293
28044.7891
28044.7422
28044.6641
28044.7637
28044.5957
28044.5859
28044.4316
28044.3926
28044.4297
28044.0566
28044.1055
28043.4707
28043.5918
28043.1367
28043.0645
28042.9258
28042.6250
28042.5703
28042.3848
28042.0215
28041.7598
28041.7441
28041.6445
28041.5664
28041.5879
28041.2637
28041.2695
28040.8301
28040.9531
28040.8672
28040.5430
28040.2891
28040.0625
28040.1465
28040.1465
28040.1152
28039.8359
28039.7969
28039.5586
28039.3711
28039.2715
28039.0098
28038.6895
28038.8750
28038.5117
28038.1504
28038.0020
28037.6074
28037.4453
28037.0742
28037.0488
28036.7168
28036.7930
28036.4531
28036.6582
28036.5820
28036.3965
28036.3574
28036.0566
28036.1309
28035.9707
28035.6543
28035.5293
28035.4062
28035.4121
28035.1270
28035.1738
28035.0723
28035.1719
28035.1230
28034.8379
28034.4375
28034.8516
28034.6035
28034.3652
28034.5566
28034.2246
28034.4004
28034.1152
28034.0371
28033.9746
28033.6055
28033.5508
28033.6504
28033.1797
28033.3242
28033.3398
28033.2227
28033.1367
28032.7520
28032.9121
28032.9277
28033.1113
28033.1250
28032.8789
28032.8789
28033.1152
28033.0312
28032.9922
28032.6816
28033.0430
28033.1035
28033.1797
28032.9941
28033.0078
28033.2012
28033.3770
28033.3379
28033.4141
28033.4121
28033.6973
28033.6582
28033.5879
28033.5859
28033.5254
28033.6699
28033.4531
28033.8691
28033.6602
28033.7578
28033.9805
28033.9355
28034.1562
28034.3320
28034.2930
28034.1543
28034.0469
28033.9453
28033.7598
28034.0586
28033.9121
28033.9121
28034.1270
28034.0645
28034.3008
28034.6465
28034.5078
28034.5918
28034.5605
28034.4512
28034.6211
28034.1738
28034.5117
28034.6953
28034.7012
28034.6328
28034.5234
28034.6855
28034.8848
28034.9766
28035.0977
28034.9668
28035.1895
28035.1426
28035.3496
28035.1875
28035.5645
28035.5391
28035.6543
28035.7168
28035.7695
28035.7832
28035.7988
28035.5996
28035.5742
28035.6738
28035.9121
28035.8125
28035.8262
28035.7188
28035.7344
28035.5488
28035.7090
28035.8164
28035.7168
28035.9785
28035.9531
28036.0762
28035.9141
28035.7520
28035.8125
28035.7344
28035.2500
28035.1797
28035.1562
28035.4629
28035.4551
28035.4395
28035.4395
28035.5527
28035.6074
28035.6992
28035.7227
28035.9375
28035.9980
28035.8965
28036.2109
28036.0977
28036.0957
28035.8730
28035.8555
28035.6172
28035.7168
28035.5312
28035.8770
28035.6934
28035.8301
28035.9062
28036.0664
28035.7441
28035.8203
28035.8359
28036.1348
28035.9883
28036.0430
28036.1641
28036.0020
28035.9414
28036.1406
28035.8633
28036.0840
28035.9004
28036.0840
28036.1211
28036.0996
28035.8984
28036.0195
28036.2656
28035.9648
28036.1582
28036.1348
28036.2578
28036.2578
28035.9883
28036.0879
28036.1094
28036.0098
28036.1543
28036.5137
28036.5137
28036.4980
28036.3750
28036.6191
28036.4727
28036.5195
28036.7344
28036.7402
28036.6562
28036.9785
28037.0391
28037.0762
28037.1309
28037.1758
28037.2461
28037.3066
28037.5059
28037.3828
28037.7051
28037.6875
28037.6191
28037.5645
28037.8691
28037.8867
28037.8926
28037.8457
28037.8457
28037.8672
28037.8906
28037.7676
28037.9961
28037.9883
28038.0566
28037.9336
28038.0312
28038.2773
28038.1992
28038.1973
28038.0586
28038.0371
28038.1523
28038.2734
28038.2734
28038.1270
28038.2109
28038.3496
28038.1719
28038.5078
28038.4082
28038.2090
28038.7305
28038.4297
28038.4453
28038.2617
28038.6504
28038.7949
28038.6719
28038.6719
28038.7695
28038.6465
28038.6133
28039.0176
28038.9531
28038.8906
28039.2910
28038.9375
28039.0820
28039.1523
28038.8301
28038.7832
28038.8613
28038.4766
28038.8535
28039.0312
28039.1074
28039.1855
