   -4.7104
   -4.6091
   -4.5126
   -4.4125
   -4.3151
   -4.2133
   -4.1055
   -4.0011
   -3.8954
   -3.7836
   -3.6693
   -3.5622
   -3.4584
   -3.3560
   -3.2538
   -3.1538
   -3.0546
   -2.9527
   -2.8491
   -2.7476
   -2.6547
   -2.5613
   -2.4668
   -2.3734
   -2.2761
   -2.1900
   -2.1016
   -2.0217
   -1.9356
   -1.8413
   -1.7529
   -1.6989
   -1.6486
   -1.5949
   -1.5355
   -1.4656
   -1.3941
   -1.3143
   -1.2320
   -1.1481
   -1.0624
   -0.9812
   -0.8941
   -0.8123
   -0.7377
   -0.6682
   -0.6088
   -0.5507
   -0.5029
   -0.4625
   -0.4265
   -0.3994
   -0.3825
   -0.3718
   -0.3730
   -0.3722
   -0.3776
   -0.3705
   -0.3678
   -0.3695
   -0.3779
   -0.3852
   -0.3924
   -0.4043
   -0.4189
   -0.4348
   -0.4543
   -0.4710
   -0.4894
   -0.5094
   -0.5327
   -0.5503
   -0.5598
   -0.5717
   -0.5817
   -0.5951
   -0.6082
   -0.6162
   -0.6299
   -0.6388
   -0.6533
   -0.6696
   -0.6820
   -0.7007
   -0.7205
   -0.7449
   -0.7652
   -0.7812
   -0.7984
   -0.8209
   -0.8511
   -0.8801
   -0.9127
   -0.9484
   -0.9931
   -1.0426
   -1.1037
   -1.1716
   -1.2520
   -1.3374
   -1.4290
   -1.5275
   -1.6176
   -1.7134
   -1.8035
   -1.8933
   -1.9777
   -2.0593
   -2.1407
   -2.2171
   -2.2837
   -2.3408
   -2.3850
   -2.4143
   -2.4392
   -2.4649
   -2.4867
   -2.4985
   -2.5036
   -2.5007
   -2.4926
   -2.4843
   -2.4714
   -2.4633
   -2.4646
   -2.4706
   -2.4761
   -2.4808
   -2.4911
   -2.5039
   -2.5291
   -2.5531
   -2.5865
   -2.6316
   -2.6866
   -2.7461
   -2.8021
   -2.8653
   -2.9328
   -2.9949
   -3.0666
   -3.1319
   -3.1920
   -3.2624
   -3.3258
   -3.3925
   -3.4542
   -3.5140
   -3.5796
   -3.6413
   -3.7028
   -3.7609
   -3.8246
   -3.8841
   -3.9470
   -4.0080
   -4.0677
   -4.1177
   -4.1658
   -4.2058
   -4.2419
   -4.2774
   -4.3058
   -4.3356
   -4.3620
   -4.3883
   -4.4148
   -4.4452
   -4.4743
   -4.5027
   -4.5337
   -4.5689
   -4.6150
   -4.6653
   -4.7247
   -4.7860
   -4.8476
   -4.9097
   -4.9802
   -5.0561
   -5.1323
   -5.2203
   -5.3081
   -5.3996
   -5.4829
   -5.5559
   -5.6222
   -5.6856
   -5.7490
   -5.8092
   -5.8631
   -5.9061
   -5.9515
   -5.9914
   -6.0306
   -6.0547
   -6.0813
   -6.1038
   -6.1228
   -6.1448
   -6.1717
   -6.1929
   -6.2153
   -6.2426
   -6.2684
   -6.2973
   -6.3247
   -6.3565
   -6.3906
   -6.4215
   -6.4545
   -6.4868
   -6.5167
   -6.5368
   -6.5651
   -6.5871
   -6.6083
   -6.6280
   -6.6473
   -6.6686
   -6.6903
   -6.7182
   -6.7383
   -6.7612
   -6.7884
   -6.8241
   -6.8552
   -6.8832
   -6.9142
   -6.9450
   -6.9792
   -7.0167
   -7.0559
   -7.0937
   -7.1336
   -7.1701
   -7.2055
   -7.2408
   -7.2741
   -7.3034
   -7.3355
   -7.3728
   -7.4110
   -7.4470
   -7.4784
   -7.5141
   -7.5470
   -7.5789
   -7.6147
   -7.6542
   -7.6917
   -7.7291
   -7.7687
   -7.8085
   -7.8438
   -7.8771
   -7.9003
   -7.9209
   -7.9378
   -7.9548
   -7.9673
   -7.9790
   -7.9978
   -8.0154
   -8.0344
   -8.0462
   -8.0586
   -8.0724
   -8.0782
   -8.0865
   -8.0893
   -8.0795
   -8.0678
   -8.0583
   -8.0508
   -8.0329
   -8.0145
   -7.9951
   -7.9823
   -7.9702
   -7.9570
   -7.9501
   -7.9366
   -7.9250
   -7.9097
   -7.8969
   -7.8784
   -7.8646
   -7.8544
   -7.8414
   -7.8273
   -7.8106
   -7.7949
   -7.7777
   -7.7652
   -7.7491
   -7.7398
   -7.7310
   -7.7223
   -7.7195
   -7.7174
   -7.7178
   -7.7135
   -7.7071
   -7.6981
   -7.6963
   -7.6840
   -7.6762
   -7.6683
   -7.6658
   -7.6548
   -7.6395
   -7.6189
   -7.6061
   -7.5898
   -7.5708
   -7.5491
   -7.5361
   -7.5205
   -7.5104
   -7.4969
   -7.4829
   -7.4624
   -7.4309
   -7.4013
   -7.3613
   -7.3237
   -7.2880
   -7.2462
   -7.2083
   -7.1715
   -7.1354
   -7.1109
   -7.0841
   -7.0593
   -7.0291
   -7.0112
   -6.9954
   -6.9801
   -6.9590
   -6.9379
   -6.9193
   -6.8961
   -6.8750
   -6.8546
   -6.8351
   -6.8153
   -6.7911
   -6.7692
   -6.7470
   -6.7251
   -6.6994
   -6.6738
   -6.6432
   -6.6122
   -6.5751
   -6.5408
   -6.5018
   -6.4625
   -6.4164
   -6.3703
   -6.3233
   -6.2748
   -6.2245
   -6.1699
   -6.1213
   -6.0606
   -6.0068
   -5.9511
   -5.8881
   -5.8182
   -5.7519
   -5.6918
   -5.6403
   -5.5773
   -5.5171
   -5.4630
   -5.4050
   -5.3486
   -5.2894
   -5.2271
   -5.1648
   -5.0967
   -5.0385
   -4.9756
   -4.9135
   -4.8508
   -4.7847
   -4.7170
   -4.6542
   -4.5919
   -4.5238
   -4.4602
   -4.3904
   -4.3253
   -4.2571
   -4.1927
   -4.1263
   -4.0574
   -3.9872
   -3.9229
   -3.8598
   -3.7956
   -3.7343
   -3.6720
   -3.6121
   -3.5552
   -3.4957
   -3.4426
   -3.3870
   -3.3351
   -3.2821
   -3.2357
   -3.1900
   -3.1458
   -3.1011
   -3.0593
   -3.0145
   -2.9717
   -2.9284
   -2.8893
   -2.8455
   -2.8036
   -2.7619
   -2.7239
   -2.6862
   -2.6517
   -2.6227
   -2.5962
   -2.5643
   -2.5400
   -2.5150
   -2.4893
   -2.4654
   -2.4376
   -2.4126
   -2.3902
   -2.3725
   -2.3592
   -2.3495
   -2.3402
   -2.3340
   -2.3281
   -2.3264
   -2.3202
   -2.3233
   -2.3218
   -2.3246
   -2.3324
   -2.3418
   -2.3512
   -2.3600
   -2.3710
   -2.3822
   -2.3958
   -2.4105
   -2.4239
   -2.4376
   -2.4504
   -2.4642
   -2.4812
   -2.4935
   -2.5063
   -2.5203
   -2.5338
   -2.5485
   -2.5636
   -2.5750
   -2.5880
   -2.5996
   -2.6106
   -2.6182
   -2.6250
   -2.6312
   -2.6380
   -2.6456
   -2.6533
   -2.6615
   -2.6718
   -2.6840
   -2.6985
   -2.7181
   -2.7385
   -2.7589
   -2.7782
   -2.7983
   -2.8195
   -2.8354
   -2.8486
   -2.8589
   -2.8704
   -2.8810
   -2.8910
   -2.9022
   -2.9111
   -2.9202
   -2.9327
   -2.9432
   -2.9508
   -2.9581
   -2.9675
   -2.9812
   -2.9962
   -3.0131
   -3.0330
   -3.0539
   -3.0712
   -3.0886
   -3.1024
   -3.1106
   -3.1171
   -3.1215
   -3.1255
   -3.1289
   -3.1321
   -3.1400
   -3.1489
   -3.1619
   -3.1797
   -3.1949
   -3.2124
   -3.2276
   -3.2388
   -3.2505
   -3.2593
   -3.2641
   -3.2675
   -3.2700
   -3.2753
   -3.2766
   -3.2791
   -3.2816
   -3.2838
   -3.2823
   -3.2789
   -3.2739
   -3.2661
   -3.2599
   -3.2514
   -3.2374
   -3.2190
   -3.2007
   -3.1799
   -3.1587
   -3.1368
   -3.1154
   -3.0923
   -3.0702
   -3.0506
   -3.0319
   -3.0160
   -3.0027
   -2.9930
   -2.9827
   -2.9710
   -2.9600
   -2.9490
   -2.9371
   -2.9236
   -2.9097
   -2.8952
   -2.8754
   -2.8553
   -2.8360
   -2.8147
   -2.7977
   -2.7790
   -2.7668
   -2.7547
   -2.7491
   -2.7449
   -2.7403
   -2.7400
   -2.7382
   -2.7340
   -2.7284
   -2.7146
   -2.6999
   -2.6828
   -2.6645
   -2.6373
   -2.6177
   -2.5855
   -2.5600
   -2.5316
   -2.5050
   -2.4811
   -2.4565
   -2.4302
   -2.4004
   -2.3718
   -2.3439
   -2.3137
   -2.2816
   -2.2539
   -2.2271
   -2.1991
   -2.1703
   -2.1364
   -2.1046
   -2.0741
   -2.0421
   -2.0155
   -1.9803
   -1.9503
   -1.9190
   -1.8853
   -1.8579
   -1.8271
   -1.7950
   -1.7661
   -1.7346
   -1.7031
   -1.6714
   -1.6364
   -1.6051
   -1.5714
   -1.5382
   -1.5001
   -1.4642
   -1.4257
   -1.3890
   -1.3543
   -1.3124
   -1.2651
   -1.2242
   -1.1778
   -1.1353
   -1.0885
   -1.0439
   -0.9944
   -0.9445
   -0.8943
   -0.8422
   -0.7939
   -0.7501
   -0.7086
   -0.6733
   -0.6341
   -0.5971
   -0.5558
   -0.5261
   -0.4864
   -0.4545
   -0.4199
   -0.3812
   -0.3442
   -0.3057
   -0.2677
   -0.2345
   -0.2081
   -0.1807
   -0.1488
   -0.1239
   -0.0983
   -0.0749
   -0.0481
   -0.0221
   -0.0051
    0.0153
    0.0297
    0.0488
    0.0629
    0.0861
    0.1013
    0.1235
    0.1491
    0.1709
    0.2009
    0.2310
    0.2667
    0.3042
    0.3436
    0.3837
    0.4258
    0.4633
    0.5016
    0.5424
    0.5822
    0.6249
    0.6694
    0.7109
    0.7551
    0.8001
    0.8377
    0.8673
    0.9013
    0.9348
    0.9704
    1.0098
    1.0484
    1.0871
    1.1234
    1.1640
    1.2127
    1.2649
    1.3291
    1.3941
    1.4587
    1.5196
    1.5710
    1.6181
    1.6643
    1.7152
    1.7716
    1.8248
    1.8753
    1.9311
    1.9905
    2.0541
    2.1300
    2.2143
    2.2968
    2.3775
    2.4607
    2.5398
    2.6183
    2.6923
    2.7644
    2.8403
    2.9093
    2.9819
    3.0502
    3.1199
    3.1898
    3.2629
    3.3379
    3.4122
    3.4896
    3.5706
    3.6461
    3.7191
    3.7973
    3.8709
    3.9496
    4.0292
    4.1161
    4.2087
    4.3031
    4.3973
    4.4878
    4.5829
    4.6789
    4.7780
    4.8773
    4.9851
    5.0971
    5.2153
    5.3328
    5.4588
    5.5803
    5.7109
    5.8380
    5.9699
    6.0894
    6.2020
    6.3153
    6.4172
    6.5201
    6.6315
    6.7390
    6.8612
    6.9837
    7.1107
    7.2317
    7.3479
    7.4675
    7.5877
    7.7043
    7.8220
    7.9335
    8.0415
    8.1514
    8.2609
    8.3743
    8.4880
    8.6016
    8.7227
    8.8472
    8.9723
    9.1007
    9.2337
    9.3727
    9.5081
    9.6407
    9.7707
    9.9004
   10.0261
   10.1474
   10.2713
   10.3911
   10.5196
   10.6412
   10.7588
   10.8733
   10.9917
   11.1116
   11.2272
   11.3474
   11.4639
   11.5940
   11.7188
   11.8375
   11.9530
   12.0684
   12.1835
   12.2930
   12.4029
   12.5086
   12.6138
   12.7151
   12.8173
   12.9068
   12.9968
   13.0821
   13.1722
   13.2643
   13.3544
   13.4430
   13.5307
   13.6102
   13.6930
   13.7712
   13.8507
   13.9243
   14.0029
   14.0734
   14.1449
   14.2075
   14.2736
   14.3289
   14.3832
   14.4315
   14.4672
   14.4981
   14.5153
   14.5382
   14.5598
   14.5811
   14.5973
   14.6179
   14.6333
   14.6432
   14.6480
   14.6456
   14.6483
   14.6424
   14.6381
   14.6341
   14.6311
   14.6255
   14.6185
   14.6047
   14.5924
   14.5781
   14.5627
   14.5342
   14.5036
   14.4636
   14.4168
   14.3703
   14.3070
   14.2480
   14.1860
   14.1204
   14.0464
   13.9678
   13.8794
   13.7857
   13.6925
   13.5941
   13.4906
   13.3895
   13.2921
   13.1912
   13.0914
   12.9915
   12.8910
   12.7967
   12.6980
   12.6033
   12.5104
   12.4185
   12.3248
   12.2351
   12.1467
   12.0556
   11.9680
   11.8805
   11.8004
   11.7193
   11.6419
   11.5667
   11.4961
   11.4313
   11.3719
   11.3259
   11.2785
   11.2325
   11.1804
   11.1297
   11.0694
   11.0141
   10.9562
   10.9014
   10.8589
   10.8088
   10.7713
   10.7320
   10.6949
   10.6478
   10.5986
   10.5491
   10.5029
   10.4629
   10.4228
   10.3889
   10.3639
   10.3418
   10.3257
   10.3177
   10.3061
   10.2977
   10.2927
   10.2935
   10.3014
   10.3153
   10.3363
   10.3594
   10.3862
   10.4092
   10.4356
   10.4633
   10.4805
   10.5010
   10.5221
   10.5402
   10.5564
   10.5720
   10.5767
   10.5878
   10.5966
   10.6065
   10.6115
   10.6167
   10.6132
   10.6106
   10.6144
   10.6139
   10.6184
   10.6195
   10.6196
   10.6179
   10.6174
   10.6190
   10.6120
   10.6005
   10.5832
   10.5623
   10.5413
   10.5224
   10.5049
   10.4896
   10.4744
   10.4662
   10.4560
   10.4439
   10.4323
   10.4267
   10.4171
   10.4099
   10.4090
   10.4094
   10.4110
   10.4067
   10.3986
   10.3896
   10.3742
   10.3549
   10.3294
   10.3085
   10.2793
   10.2494
   10.2200
   10.1884
   10.1553
   10.1262
   10.0940
   10.0554
   10.0262
    9.9967
    9.9618
    9.9158
    9.8563
    9.8091
    9.7553
    9.7057
    9.6470
    9.5902
    9.5261
    9.4600
    9.3932
    9.3227
    9.2567
    9.2003
    9.1491
    9.1032
    9.0589
    9.0027
    8.9522
    8.8910
    8.8276
    8.7651
    8.7056
    8.6441
    8.5726
    8.5054
    8.4399
    8.3800
    8.3228
    8.2720
    8.2189
    8.1651
    8.1199
    8.0785
    8.0376
    8.0046
    7.9619
    7.9211
    7.8658
    7.8133
    7.7496
    7.6806
    7.6102
    7.5419
    7.4790
    7.4318
    7.3937
    7.3617
    7.3250
    7.2766
    7.2174
    7.1438
    7.0688
    6.9888
    6.9081
    6.8263
    6.7434
    6.6611
    6.5828
    6.5039
    6.4230
    6.3467
    6.2846
    6.2470
    6.2110
    6.1772
    6.1401
    6.1072
    6.0754
    6.0430
    6.0154
    5.9926
    5.9773
    5.9571
    5.9339
    5.9105
    5.8873
    5.8654
    5.8532
    5.8368
    5.8220
    5.8041
    5.7857
    5.7680
    5.7533
    5.7470
    5.7438
    5.7383
    5.7333
    5.7125
    5.6874
    5.6571
    5.6320
    5.5977
    5.5571
    5.5114
    5.4564
    5.4100
    5.3540
    5.2972
    5.2389
    5.1807
    5.1276
    5.0772
    5.0197
    4.9620
    4.8861
    4.7945
    4.7062
    4.6248
    4.5637
    4.5110
    4.4661
    4.4200
    4.3732
    4.3278
    4.2788
    4.2204
    4.1571
    4.0917
    4.0250
    3.9518
    3.8812
    3.8086
    3.7247
    3.6277
    3.5301
    3.4358
    3.3429
    3.2529
    3.1638
    3.0766
    2.9883
    2.8905
    2.7992
    2.7063
    2.6087
    2.5002
    2.3889
    2.2635
    2.1412
    2.0177
    1.8962
    1.7801
    1.6619
    1.5456
    1.4228
    1.3040
    1.1919
    1.0756
    0.9768
    0.8792
    0.7826
    0.6803
    0.5748
    0.4696
    0.3587
    0.2473
    0.1309
    0.0223
   -0.0822
   -0.1850
   -0.2833
   -0.3787
   -0.4752
   -0.5665
   -0.6696
   -0.7706
   -0.8737
   -0.9768
   -1.0943
   -1.2232
   -1.3556
   -1.4840
   -1.6157
   -1.7397
   -1.8598
   -1.9767
   -2.0916
   -2.1991
   -2.3097
   -2.4255
   -2.5326
   -2.6403
   -2.7530
   -2.8669
   -2.9738
   -3.0843
   -3.1984
   -3.3037
   -3.4119
   -3.5082
   -3.5991
   -3.6952
   -3.7864
   -3.8821
   -3.9753
   -4.0682
   -4.1490
   -4.2334
   -4.3105
   -4.3861
   -4.4546
   -4.5166
   -4.5876
   -4.6511
   -4.7141
   -4.7808
   -4.8450
   -4.9116
   -4.9822
   -5.0602
   -5.1486
   -5.2338
   -5.3145
   -5.3820
   -5.4432
   -5.5064
   -5.5746
   -5.6433
   -5.7006
   -5.7387
   -5.7905
   -5.8482
   -5.9001
   -5.9468
   -5.9994
   -6.0488
   -6.1025
   -6.1559
   -6.2138
   -6.2658
   -6.3136
   -6.3686
   -6.4225
   -6.4694
   -6.5112
   -6.5625
   -6.6174
   -6.6722
   -6.7363
   -6.7982
   -6.8538
   -6.9019
   -6.9557
   -7.0007
   -7.0501
   -7.1003
   -7.1485
   -7.1899
   -7.2392
   -7.2816
   -7.3325
   -7.3863
   -7.4356
   -7.4908
   -7.5458
   -7.6039
   -7.6622
   -7.7254
   -7.7764
   -7.8340
   -7.8918
   -7.9535
   -8.0125
   -8.0582
   -8.1066
   -8.1606
   -8.2088
   -8.2539
   -8.2995
   -8.3418
   -8.3796
   -8.4078
   -8.4295
   -8.4535
   -8.4765
   -8.5030
   -8.5105
   -8.5047
   -8.4949
   -8.4917
   -8.5102
   -8.5129
   -8.5080
   -8.5094
   -8.5133
   -8.5103
   -8.5020
   -8.4885
   -8.4687
   -8.4570
   -8.4393
   -8.4241
   -8.4009
   -8.3822
   -8.3666
   -8.3593
   -8.3486
   -8.3306
   -8.3084
   -8.2762
   -8.2489
   -8.2197
   -8.2014
   -8.1744
   -8.1576
   -8.1275
   -8.0996
   -8.0730
   -8.0502
   -8.0293
   -8.0076
   -7.9854
   -7.9676
   -7.9531
   -7.9313
   -7.9122
   -7.8906
   -7.8686
   -7.8486
   -7.8348
   -7.8190
   -7.8020
   -7.7893
   -7.7814
   -7.7873
   -7.7986
   -7.8070
   -7.8154
   -7.8337
   -7.8525
   -7.8653
   -7.8753
   -7.8839
   -7.8991
   -7.9128
   -7.9298
   -7.9471
   -7.9763
   -8.0080
   -8.0381
   -8.0668
   -8.0916
   -8.1193
   -8.1441
   -8.1709
   -8.1931
   -8.2243
   -8.2531
   -8.2858
   -8.3132
   -8.3387
   -8.3626
   -8.3874
   -8.4179
   -8.4439
   -8.4711
   -8.4964
   -8.5208
   -8.5428
   -8.5673
   -8.5912
   -8.6066
   -8.6234
   -8.6373
   -8.6532
   -8.6632
   -8.6832
   -8.7011
   -8.7103
   -8.7186
   -8.7190
   -8.7293
   -8.7357
   -8.7388
   -8.7407
   -8.7396
   -8.7365
   -8.7303
   -8.7222
   -8.7098
   -8.7002
   -8.6867
   -8.6754
   -8.6595
   -8.6347
   -8.6109
   -8.5821
   -8.5517
   -8.5151
   -8.4763
   -8.4341
   -8.3976
   -8.3704
   -8.3432
   -8.3095
   -8.2803
   -8.2572
   -8.2296
   -8.1971
   -8.1651
   -8.1359
   -8.1051
   -8.0734
   -8.0413
   -8.0140
   -7.9834
   -7.9530
   -7.9182
   -7.8812
   -7.8379
   -7.8014
   -7.7519
   -7.7088
   -7.6588
   -7.6052
   -7.5557
   -7.4983
   -7.4135
   -7.3257
   -7.2411
   -7.1564
   -7.0826
   -7.0065
   -6.9322
   -6.8600
   -6.7877
   -6.7174
   -6.6426
   -6.5705
   -6.5027
   -6.4296
   -6.3557
   -6.2728
   -6.1911
   -6.1030
   -6.0125
   -5.9236
   -5.8354
   -5.7453
   -5.6522
   -5.5462
   -5.4430
   -5.3353
   -5.2402
   -5.1451
   -5.0503
   -4.9426
