27421.7812
27421.6797
27421.5820
27421.4824
27421.3008
27421.4512
27421.3770
27421.5215
27421.4727
27421.4199
27421.7148
27421.6641
27421.5156
27421.7461
27422.0664
27422.1973
27422.1973
27422.5723
27422.5996
27422.7520
27422.6289
27422.7598
27422.7637
27423.0977
27422.8457
27422.9707
27422.7109
27422.7090
27422.8652
27423.0488
27422.7969
27422.9648
27422.8691
27423.0430
27422.9219
27423.0938
27423.0938
27422.9473
27423.3672
27423.5195
27423.2969
27423.2441
27423.1699
27423.2168
27423.2656
27423.3184
27423.4395
27423.3203
27423.4434
27423.5645
27423.5859
27423.5117
27423.6641
27423.9102
27423.9590
27423.6094
27423.6328
27423.4531
27423.6055
27423.8320
27423.5820
27423.6875
27423.7617
27423.8652
27423.8965
27423.8262
27424.0781
27424.0664
27424.1406
27424.1934
27424.1191
27423.8711
27423.8281
27423.6230
27423.5020
27423.2051
27422.9785
27423.0742
27422.7793
27422.5742
27422.5000
27422.3633
27422.1387
27421.9375
27421.9375
27421.8594
27421.7793
27421.9258
27421.7012
27422.0703
27422.2891
27422.1836
27422.2305
27422.1523
27422.0781
27422.0527
27421.8320
27421.9570
27421.8301
27422.0293
27421.9824
27422.4512
27422.4609
27422.4551
27422.4805
27422.3281
27422.5742
27422.5605
27422.6270
27422.7324
27422.5996
27422.6426
27422.7227
27422.7891
27422.8887
27422.8301
27422.6367
27422.8828
27422.6777
27422.4570
27422.2559
27422.3496
27422.1816
27422.2480
27422.0234
27422.0703
27421.8594
27421.8320
27421.8477
27421.6211
27421.4668
27421.2344
27421.3672
27421.1914
27421.1191
27421.1914
27421.2695
27421.1699
27421.1426
27421.1484
27421.1074
27421.4375
27421.4707
27421.7070
27421.7344
27421.7793
27421.9746
27421.9375
27422.0488
27422.3223
27422.4336
27422.5332
27422.5332
27422.5957
27422.4238
27422.2461
27422.2910
27422.3398
27422.2109
27421.7168
27421.5059
27421.3652
27420.9902
27420.8574
27420.2520
27420.0508
27419.9766
27419.8711
27419.9434
27419.9492
27419.6504
27419.7227
27419.8223
27419.5430
27419.7695
27419.6680
27419.7891
27419.8867
27419.6875
27419.6348
27419.2930
27419.1738
27418.6992
27418.8789
27418.4297
27418.4980
27418.4512
27418.5234
27418.4766
27418.5547
27418.6016
27418.4023
27418.2070
27418.4336
27418.4609
27418.2656
27418.4590
27418.3848
27418.1914
27418.1191
27417.8770
27417.8047
27417.5098
27417.5098
27417.1016
27417.1484
27417.0000
27416.8066
27416.7051
27416.8809
27416.6465
27416.6113
27416.5918
27416.3184
27416.4434
27416.1973
27416.2969
27416.4707
27416.0840
27416.2773
27416.3027
27416.4023
27416.3301
27416.2090
27416.0293
27416.0820
27415.9492
27416.3418
27416.3145
27415.6348
27415.6543
27415.6074
27415.6543
27415.4531
27414.6465
27414.8672
27414.6738
27414.1328
27414.1797
27414.3008
27413.9531
27413.9980
27414.2461
27414.3730
27414.0527
27414.2461
27414.1465
27414.3184
27414.1523
27414.2461
27414.1309
27413.9707
27414.1992
27414.1914
27414.5039
27414.2715
27414.4961
27414.6973
27414.6172
27414.6172
27414.4629
27414.3359
27414.2832
27414.2090
27414.0352
27414.1426
27414.2148
27414.0684
27414.0488
27414.2227
27414.1484
27414.1680
27413.9863
27414.1406
27413.9746
27414.0664
27414.0664
27413.8809
27413.9004
27413.5547
27413.6074
27413.6348
27413.5605
27413.6074
27413.7129
27413.8262
27414.2402
27414.0410
27414.3926
27414.3672
27414.6602
27414.5137
27414.4258
27414.4980
27414.3906
27414.3711
27414.2051
27414.1055
27414.1855
27413.9863
27414.0449
27414.4258
27414.4531
27414.5254
27414.4805
27414.7148
27414.6680
27414.7129
27414.4863
27414.3672
27414.4863
27414.2871
27414.2383
27414.3398
27414.2930
27414.3594
27414.2578
27414.3789
27414.3066
27414.3516
27414.3789
27414.4707
27414.1973
27414.3633
27413.8711
27414.0898
27413.9160
27413.9160
27413.8887
27413.7344
27413.9551
27413.9473
27414.0723
27414.0645
27414.4648
27414.2578
27414.5918
27414.3652
27414.4922
27414.1367
27414.4824
27415.1953
27415.2832
27415.2129
27415.3398
27415.8867
27415.9316
27416.0859
27416.1309
27416.2305
27416.2832
27416.3379
27416.5918
27417.1309
27416.9121
27417.7871
27418.0254
27418.3086
27418.8457
27418.7734
27418.8574
27419.2754
27419.0742
27419.1562
27418.9375
27418.9531
27418.6523
27418.4336
27418.4062
27418.3145
27418.1934
27417.9492
27417.9746
27417.9219
27417.9004
27417.7090
27417.5352
27417.7812
27417.7266
27417.5352
27417.3887
27417.6895
27417.4707
27417.4961
27417.4238
27417.2598
27417.0410
27416.8574
27416.7363
27416.6816
27416.5273
27416.5820
27416.3633
27416.5879
27416.8066
27416.8809
27417.6367
27417.5000
27417.8730
27418.6660
27418.4727
27418.8555
27418.9297
27418.7559
27419.0742
27419.0742
27419.2930
27419.4922
27419.5469
27419.7188
27420.1367
27420.1914
27420.6914
27420.4629
27420.9902
27420.9355
27421.1445
27421.1523
27421.2246
27421.1523
27421.0078
27420.9160
27421.1074
27421.2344
27421.2070
27421.3047
27421.3594
27421.3516
27421.3770
27421.3770
27421.1504
27421.0059
27420.9043
27420.8047
27420.5859
27420.5117
27420.3125
27420.3848
27420.1133
27420.1133
27419.8398
27419.8398
27419.7402
27419.5645
27419.4922
27419.3750
27419.2012
27419.3027
27419.2559
27419.2109
27419.1191
27419.0742
27419.1465
27419.0469
27419.3086
27419.3359
27419.2090
27419.2812
27419.5176
27419.6445
27419.8906
27419.9629
27419.9902
27419.7715
27419.7539
27419.6348
27419.3887
27419.1895
27418.8535
27418.8262
27418.9258
27418.7168
27418.6992
27418.7344
27418.7344
27418.7344
27418.7891
27418.7715
27418.4805
27418.4531
27418.3809
27418.3086
27418.3535
27418.3535
27418.4258
27418.3711
27418.3809
27418.3633
27418.1895
27418.0723
27417.8711
27417.7539
27417.8438
27417.7168
27417.6895
27417.4453
27417.6074
27417.6797
27417.6523
27417.5977
27417.6699
27417.7871
27417.7422
27417.5957
27417.4688
27417.1348
27417.1348
27416.8887
27416.8164
27416.7871
27416.6875
27416.4160
27416.4160
27416.4883
27416.5332
27416.5332
27416.5332
27416.7793
27417.0957
27417.3418
27417.4414
27417.6426
27417.6699
27417.6699
27417.6484
27417.6074
27417.4062
27417.3340
27417.2598
27417.1152
27416.9160
27416.6699
27416.5527
27416.5527
27416.8887
27416.7422
27417.1328
27417.1875
27417.5605
27417.8320
27417.9043
27418.0039
27418.0039
27418.0039
27418.0039
27417.9668
27417.7676
27417.7402
27417.6133
27417.6855
27417.5117
27417.3672
27417.7129
27417.4219
27417.4219
27417.5488
27417.5215
27417.5215
27417.4668
27417.5938
27417.5098
27417.5840
27417.5840
27417.8105
27417.9551
27417.9277
27418.0293
27417.9277
27418.0449
27418.3438
27418.5449
27418.4453
27418.2266
27418.2988
27418.3281
27418.2988
27418.3984
27418.2539
27418.2539
27418.4258
27418.2383
27418.0918
27418.2090
27418.3086
27418.5273
27418.7148
27418.8145
27418.7598
27419.0938
27419.0938
27419.0215
27419.1953
27419.1387
27419.0664
27419.0488
27419.0371
27418.9941
27418.9824
27419.0371
27419.0098
27419.0645
27419.2109
27419.0820
27419.1816
27419.2383
27419.4531
27419.6094
27419.5547
27419.5820
27419.4805
27419.7031
27419.5977
27419.9922
27419.9355
27420.0820
27419.9805
27419.9805
27419.9082
27420.0078
27420.0352
27420.1367
27420.0977
27420.2246
27420.2070
27420.2070
27420.2109
27420.2129
27420.2637
27420.3535
27420.3184
27420.3809
27420.4961
27420.3438
27420.5078
27420.4277
27420.4785
27420.5195
27420.4102
27420.4961
27420.5312
27420.5078
27420.5859
27420.5820
27420.5781
27420.7285
27420.6621
27420.7070
27420.8125
27420.8496
27420.8711
27420.9277
27420.8945
27420.9355
27421.0625
27421.2090
27421.1328
27421.1719
27421.1641
27421.1934
27421.2168
27421.3418
27421.4180
27421.5039
27421.4902
27421.4668
27421.4629
27421.4629
27421.4336
27421.5059
27421.5195
27421.6191
27421.5996
27421.6328
27421.7480
27421.8027
27421.9648
27421.9375
27421.9941
27422.0059
27421.9688
27421.8828
27421.9844
27422.0332
27421.9941
27422.2383
27422.0645
27422.2656
27422.3086
27421.9082
27422.1914
27421.9961
27422.1914
27422.3086
27422.1758
27422.3359
27422.3926
27422.5312
27422.5898
27422.6738
27422.9199
27422.8984
27423.1582
27423.3848
27423.3145
27423.4863
27423.3691
27423.4590
27423.4531
27423.6426
27423.7090
27423.6641
27423.5918
27423.6641
27423.8086
27423.5645
27423.5527
27423.8555
27423.8398
27423.8125
27423.9961
27424.0410
27424.0078
27423.8926
27424.1465
27424.3164
27424.5312
27424.8281
27424.6387
27424.6992
27424.5273
27424.2754
27424.1758
27423.8574
27424.1582
27424.6875
27424.3711
27424.7305
27424.9023
27424.8984
27425.0996
27425.2500
27425.3789
27425.5234
27425.4238
27425.3242
27425.7129
27425.5859
27425.5586
27425.6172
27425.6777
27425.4883
27425.3770
27425.5332
27425.5605
27425.6152
27425.4863
27425.5254
27425.7109
27425.7812
27426.2539
27426.1250
27426.3535
27426.6094
27426.6094
27427.0254
27426.8496
27427.0918
27427.1309
27427.4160
27427.4160
27427.5156
27427.8867
27427.9590
27428.0430
27428.3750
27428.5156
27428.5430
27428.8730
27428.9004
27429.2559
27429.5156
27429.9004
27430.0879
27430.5742
27429.9863
27430.1738
27430.3457
27430.2461
27430.3887
27430.8340
27430.6914
27431.1523
27431.1230
27431.3379
27431.3105
27431.4219
27431.7969
27431.9258
27432.0117
27432.3418
27432.0254
27432.5840
27432.6973
27432.7676
27432.8242
27432.9121
27432.8125
27432.9238
27433.2832
27433.1113
27433.3691
27433.5977
27433.6250
27433.6992
27433.5977
27433.7129
27433.6973
27433.8848
27434.0293
27433.8535
27434.1699
27434.3105
27434.0664
27434.1660
27434.1523
27434.7246
27434.7656
27434.9668
27435.4238
27435.4355
27435.8184
27435.7344
27435.7773
27435.6484
27436.0352
27436.1777
27436.3652
27436.4648
27436.4512
27436.7070
27436.6074
27436.7070
27436.6641
27436.9219
27436.9941
27437.0078
27437.1816
27437.3672
27437.1680
27437.3535
27437.2969
27437.3555
27437.3965
27437.5840
27437.6562
27437.6270
27437.7285
27437.9434
27437.6152
27437.7852
27437.6719
27437.5156
27437.4434
27437.3164
27437.2734
27437.0605
27437.1035
27436.7871
27437.0156
27436.8867
27436.9434
27436.5273
27436.6855
27436.2285
27435.9414
27436.0273
27435.5703
27435.6562
27435.7266
27435.7109
27435.5957
27435.6953
27435.5527
27435.7109
27435.3379
27435.2969
27435.0664
27435.4238
27435.0957
27435.2676
27435.1660
27434.9648
27434.9219
27434.6504
27434.4355
27434.4355
27434.1660
27433.9375
27433.6641
27433.7207
27433.4922
27433.2070
27433.0625
27433.1055
27432.9766
27433.0762
27432.9043
27432.8184
27433.0332
27432.6035
27432.6465
27432.6895
27432.5898
27432.5312
27432.6875
27432.4883
27432.5176
27432.2168
27432.1289
27432.1582
27432.1855
27432.3438
27431.8711
27431.9141
27431.7422
27431.5859
27431.5703
27431.8848
27431.7852
27431.6855
27431.7715
27431.1133
27431.0000
27431.3984
27431.2559
27431.3281
27431.1699
27431.2559
27431.2402
27431.4824
27431.1699
27431.1836
27431.0957
27431.4531
27431.6406
27431.5684
27431.5527
27431.7832
27431.7832
27431.7832
27431.7832
27431.8984
27431.8984
27432.2402
27432.2246
27432.1836
27432.5117
27432.7109
27432.6523
27432.6523
27432.4375
27432.4082
27432.3379
27432.1230
27432.3672
27432.0098
27431.7949
27431.8223
27431.7793
27431.5508
27431.3359
27431.3242
27431.2090
27430.9941
27430.6367
27430.2227
27429.9805
27430.4102
27430.3672
27430.7656
27430.4102
27430.5938
27430.4648
27430.5078
27430.7227
27430.4629
27430.0781
27429.6230
27429.8496
27429.5645
27429.6348
27429.6348
27429.1504
27429.0371
27429.1230
27428.9941
27429.3789
27428.9941
27429.7070
27429.5371
27429.8359
27429.7363
27429.7773
27429.7227
27430.1191
27430.3320
27430.6016
27430.3730
27430.6309
27430.6016
27431.0137
27431.2969
27431.1562
27431.2266
27431.2129
27431.2832
27431.3984
27431.2285
27431.2129
27431.1992
27431.3125
27431.2090
27430.8496
27430.5742
27430.7188
27430.3770
27430.5469
27429.9902
27430.0020
27429.6016
27429.3867
27429.2148
27428.9297
27429.0449
27429.2441
27429.3750
27429.3320
27429.6719
27429.3301
27429.5410
27429.3828
27429.1562
27429.2969
27429.1836
27429.2383
27428.9688
27428.7500
27428.6504
27428.7500
27428.9219
27428.8516
27429.0508
27429.0918
27429.1777
27429.3359
27429.4941
27429.6797
27429.4648
27429.5488
27429.2480
27429.2051
27428.9883
27428.7031
27428.5312
27428.4629
27428.4473
27428.5566
27428.5039
27428.6035
27428.2617
27427.8301
27427.5000
27427.2520
27427.1934
27426.9648
27427.1777
27427.2207
27427.4902
27427.5742
27427.7168
27427.9297
27428.0547
27428.1797
27428.1680
27428.7246
27428.7852
27428.7969
27428.7676
27428.5527
27428.5938
27428.2363
27428.3184
27428.2637
27428.5215
27428.3379
27428.2246
27428.1699
27428.3105
27428.1992
27428.2734
27428.1426
27427.9004
27427.8379
27427.7266
27427.5703
27427.4590
27427.8711
27427.6699
27427.6953
27427.8652
27427.2910
27427.3633
27427.3711
27427.4160
27427.3418
27426.9863
27426.9570
27426.7988
27426.6719
27425.8594
27425.4180
27425.4590
27424.9473
27425.1406
27424.9180
27424.8594
27424.9590
27424.9277
27424.7949
27425.0957
27425.2246
27425.5801
27425.4570
27425.3398
27425.2520
27425.0645
27425.0098
27424.9629
27424.7051
27424.4883
27424.4590
27424.4570
27424.3652
27424.2539
27424.2520
27424.2930
27424.0352
27423.7930
27423.9629
27423.6641
27423.8340
27423.6152
27423.6855
27423.6035
27423.3320
27423.8438
27423.8145
27423.6445
27423.5215
27423.7578
27423.5527
27423.7363
27423.6484
27423.5723
27423.8301
27424.1660
27423.8594
27424.0527
27423.8281
27423.9570
27423.7852
27424.0566
27423.9727
27424.0078
27423.6133
27423.5195
27423.5332
27423.2422
27423.0137
27422.8848
27422.6836
27422.5820
27422.7227
27422.4414
27422.2852
27422.2148
27422.1602
27421.6738
27421.8145
27421.6895
27421.8066
27421.1074
27420.7656
27420.7344
27420.7754
27420.4863
27420.5449
27421.1270
27421.0977
27420.8262
27420.6719
27420.6250
27420.4375
27420.4355
27420.5488
27420.2480
27420.2578
27420.4707
27420.1406
27420.2227
27420.1973
27420.0566
27420.4277
27420.3906
27420.3008
27420.1465
27420.4297
27420.1641
27420.3574
27420.5273
27420.1992
27420.2285
27420.2676
27420.3555
27420.4961
27420.2949
27420.5117
27420.4590
27420.3828
27420.3984
27420.2871
27420.1387
27419.8691
27419.7734
27419.6426
27419.6602
27419.7070
27419.7539
27419.4766
27419.4238
27419.2227
27419.3574
27419.7285
27419.4746
27419.2266
27419.3320
27419.4492
27419.4316
27419.1426
27419.2344
27418.9980
27418.8867
27418.8086
27418.9922
27418.6016
27418.6719
27418.6699
27418.7363
27418.6055
27418.4883
27418.3984
27417.8984
27417.7266
27417.8672
27418.1133
27417.7832
27417.7598
27417.5410
27417.7930
27417.4531
27417.6387
27417.6621
27417.9902
27417.7891
27417.7852
27417.7656
27417.6465
27417.4531
27417.3535
27417.1816
27417.0508
27417.3809
27417.1328
27417.3418
27417.6348
27417.3594
27417.8477
27417.9375
27417.8066
27417.5137
27418.0234
27417.8418
27417.8926
27417.8516
27417.9922
27418.0801
27418.2188
27418.5898
27418.7305
27419.2188
27419.4883
27419.4473
27419.8398
27419.6797
27419.9902
27419.9902
27419.8770
27420.1172
27420.2070
27420.1055
27420.3867
27420.0039
27419.7559
27419.6445
27419.5840
27419.3320
27418.9902
27418.4980
27418.5371
27418.1348
27418.1934
27417.9707
27418.0684
27417.7793
27417.7285
27417.7070
27417.9492
27417.2559
27417.5449
27417.2637
27416.8926
27417.1035
27416.6621
27416.9492
27416.8203
27416.6094
27416.7305
27416.7891
27416.8281
27416.7871
27416.6875
27416.5684
27416.3867
27416.1270
27416.3652
27416.3164
27416.1055
27416.0176
27415.9160
27416.0957
27415.8047
27415.8965
27415.6426
27415.8418
27415.9316
27415.9902
27415.6797
27415.7402
27415.9082
27415.6855
27415.5859
27415.6152
27415.6758
27415.9844
27415.8027
27415.8027
27415.4609
27415.5410
27415.3574
27415.1680
27415.1270
27414.9551
27415.1270
27414.6855
27414.6738
27414.4746
27414.3242
27414.3945
27413.8730
27413.9023
27414.0020
27413.9395
27413.6602
27413.5391
27413.6367
27413.5566
27413.4863
27413.2656
27413.1953
27412.8848
27412.7734
27412.5020
27412.3809
27412.5508
27412.2402
27412.2695
27412.2598
27412.4102
27412.4883
27412.3379
27412.4980
27412.2070
27412.1367
27412.0059
27411.7266
27411.6152
27411.7949
27411.8652
27411.6328
27411.6543
27411.9336
27412.1543
27411.9434
27412.0742
27412.0137
27411.5723
27411.6328
27411.7227
27411.5508
27411.3926
27411.4023
27411.4199
27411.3809
27411.3105
27411.5410
27411.5000
27411.5703
27411.2910
27411.5703
27411.8613
27411.7207
27411.8516
27411.7207
27411.5996
27411.7812
27411.7305
27411.8203
27411.7598
27411.4902
27411.4004
