28026.6992
28026.7012
28026.7012
28026.7012
28026.6016
28026.6504
28026.6523
28026.9023
28026.7520
28026.8027
28026.9043
28027.0039
28027.0547
28027.2539
28027.1035
28027.4043
28027.3047
28027.3574
28027.2559
28027.3066
28027.2070
28027.1074
28027.1094
28027.2090
28027.1094
28027.3594
28027.3594
28027.2090
28027.2617
28027.2617
28027.5117
28027.7617
28028.1113
28028.2617
28028.6602
28028.9570
28028.8574
28029.0098
28028.9609
28029.0117
28028.9121
28028.9141
28028.8145
28028.9160
28028.7168
28029.1172
28029.0664
28029.2695
28029.0684
28029.2676
28029.1191
28029.4199
28029.6191
28029.6211
28029.7695
28030.1699
28030.3203
28030.2168
28030.2695
28030.1680
28030.3652
28030.4199
28030.4551
28030.4668
28030.4219
28030.1719
28030.0723
28030.3730
28030.2227
28030.3730
28030.5723
28030.5742
28030.4766
28030.6777
28030.7285
28030.6270
28030.7285
28030.7773
28030.7285
28030.8281
28031.0293
28031.2832
28031.2344
28031.0352
28031.0859
28031.1406
28031.4883
28031.1934
28031.2910
28031.2441
28031.0957
28031.2441
28031.1445
28031.2949
28031.1445
28031.0469
28030.9922
28030.9434
28031.2930
28031.3457
28031.2930
28031.1953
28031.4473
28031.2461
28031.3965
28031.0996
28030.8945
28031.0020
28031.0996
28031.2480
28031.1465
28031.1504
28031.0996
28031.1523
28031.0488
28031.0000
28030.9512
28031.1504
28031.2969
28031.1445
28031.4004
28031.5469
28031.2949
28031.4941
28031.5957
28031.8457
28031.6523
28032.0488
28031.9004
28032.0430
28031.8457
28032.0938
28031.9922
28031.8945
28031.9980
28031.7441
28031.7988
28031.7031
28031.7520
28031.7969
28031.7988
28032.0977
28031.9473
28031.8457
28031.7500
28031.7461
28031.6484
28031.5957
28031.5938
28031.4922
28031.4414
28031.4961
28031.4922
28031.4961
28031.4941
28031.5449
28031.6445
28031.6406
28031.6445
28031.5039
28031.7500
28031.7578
28031.8105
28031.7617
28031.7617
28031.5117
28031.6055
28031.7090
28031.9043
28032.0508
28031.9980
28032.0527
28031.8965
28032.0078
28031.8535
28031.6602
28031.8145
28031.8184
28031.9199
28031.6660
28031.7168
28031.7559
28031.7598
28031.9082
28031.7559
28031.8516
28031.6582
28031.8105
28032.0059
28031.9121
28031.9121
28032.1055
28032.0625
28032.0117
28031.9141
28032.0117
28032.0117
28032.1074
28032.1602
28032.0039
28032.2559
28032.1504
28032.1562
28032.2051
28032.5996
28032.3535
28032.6094
28032.5977
28032.6445
28032.4375
28032.3379
28032.4316
28032.3770
28032.4766
28032.4688
28032.4785
28032.5762
28032.2266
28032.4316
28032.3809
28032.6855
28032.5801
28032.6367
28032.7852
28032.6797
28032.7832
28032.6855
28032.4824
28032.7891
28032.6953
28032.6914
28032.5430
28032.5957
28032.8867
28032.9844
28032.3867
28032.8359
28032.2871
28032.6875
28032.6406
28032.2344
28032.7422
28032.6465
28032.4434
28032.8633
28032.6680
28032.0020
28032.6270
28032.4766
28032.0625
28032.4219
28032.2734
28032.5117
28032.3066
28032.9141
28032.4004
28032.3984
28032.6973
28032.9355
28032.6875
28032.7871
28032.8359
28033.0430
28033.0469
28033.0020
28032.8086
28032.9023
28032.6621
28032.4570
28032.3105
28032.4492
28032.4492
28032.3477
28032.3418
28032.5410
28032.1465
28032.2344
28032.2910
28032.4941
28032.3887
28032.6914
28032.8887
28032.6992
28032.6387
28032.6348
28032.9355
28032.7285
28032.8906
28033.1328
28032.9805
28032.9336
28033.0820
28032.9297
28033.2695
28032.9863
28033.1113
28033.1191
28033.2715
28033.2637
28033.1152
28033.2109
28032.9629
28033.3672
28033.2090
28033.0664
28033.1230
28033.0664
28033.1699
28033.0156
28032.9160
28033.1758
28032.9766
28032.7715
28032.9238
28032.9277
28032.8359
28032.9277
28032.5273
28032.7324
28032.4766
28032.3848
28032.6289
28032.3770
28032.5820
28032.2285
28032.5820
28032.3770
28032.1855
28032.2344
28032.4336
28032.2891
28032.3906
28032.2461
28032.3555
28032.1562
28032.2949
28032.2559
28032.2559
28032.2559
28032.3027
28032.5000
28032.5000
28032.4551
28032.5098
28032.1602
28032.1660
28032.1172
28032.1230
28031.8613
28032.1133
28032.3223
28032.4238
28032.3184
28032.4023
28031.9980
28032.3105
28032.4102
28032.0449
28032.5117
28032.1543
28032.1562
28032.1113
28031.9590
28032.0117
28031.9648
28032.0117
28031.9180
28031.9707
28031.9707
28032.2324
28032.3320
28032.2363
28032.2930
28032.3301
28032.4512
28032.3574
28032.4102
28032.5566
28032.5566
28032.5488
28032.4961
28032.2598
28032.2402
28032.0879
28031.9395
28032.0352
28032.2559
28032.0938
28032.0508
28032.1934
28031.9609
28031.8086
28031.9082
28031.8047
28031.8574
28031.9141
28031.9727
28031.8789
28031.6777
28031.8262
28031.8359
28031.9414
28031.8945
28031.8438
28031.7441
28031.5371
28031.3809
28031.4863
28031.3242
28031.3242
28031.2715
28031.0820
28031.0352
28031.1523
28030.9414
28030.8945
28030.8047
28030.8477
28030.8477
28030.9434
28031.0020
28031.1016
28031.1074
28031.3066
28031.1445
28031.2559
28031.5098
28031.4043
28031.5625
28031.3574
28031.3574
28031.4160
28031.4688
28031.3105
28031.3242
28031.4863
28031.5410
28031.7461
28032.0820
28032.0293
28032.0352
28032.1367
28032.1855
28032.4727
28032.3281
28032.3340
28032.3281
28032.3164
28032.3750
28032.3828
28032.2891
28032.3457
28032.3047
28032.1953
28031.9941
28031.6484
28031.5898
28031.3730
28031.0684
28030.9570
28030.9629
28030.9043
28030.8574
28030.8066
28030.8535
28030.8594
28031.0586
28031.2480
28031.4902
28031.3125
28031.6621
28032.0957
28032.0371
28032.1367
28032.2188
28032.3125
28032.4082
28032.2129
28032.4473
28032.5430
28032.3887
28032.3477
28032.4941
28032.4023
28032.6016
28032.5078
28032.6074
28032.4629
28032.5547
28032.6016
28032.6016
28032.5566
28032.7031
28032.6680
28032.7148
28032.5273
28032.6289
28032.6680
28032.6816
28032.7363
28032.8281
28032.5762
28032.6016
28032.6016
28032.4082
28032.4023
28032.2559
28032.2031
28032.2090
28031.9160
28031.8164
28031.7754
28031.7285
28031.9766
28031.8164
28031.8633
28031.9570
28031.8652
28031.7715
28031.7715
28031.6719
28031.6660
28031.6660
28031.5645
28031.6191
28031.5664
28031.5273
28031.4258
28031.4258
28031.3398
28031.2812
28031.0996
28031.2480
28031.2949
28031.2422
28031.3418
28031.3418
28031.3027
28031.2578
28031.2109
28031.1172
28031.1641
28031.0195
28030.9648
28030.7793
28030.7266
28030.5801
28030.5801
28030.5742
28030.5273
28030.5684
28030.4277
28030.3809
28030.3359
28030.1426
28030.0430
28030.1426
28030.0898
28029.9043
28029.9043
28029.9062
28029.8047
28029.8125
28029.8125
28029.8203
28029.9746
28030.0293
28030.1816
28030.2852
28030.2383
28030.5312
28030.5840
28030.5781
28030.5098
28030.6719
28030.5566
28030.6191
28030.8184
28030.9121
28030.8184
28031.0117
28031.0059
28031.3379
28030.9980
28031.0000
28031.3457
28031.3164
28031.4629
28031.3184
28031.5039
28031.5566
28031.5566
28031.6797
28031.5957
28031.4512
28031.5195
28031.6055
28031.5059
28031.3125
28031.6738
28031.4688
28031.2461
28031.4609
28031.6289
28031.5684
28031.5605
28031.5527
28031.8613
28032.0547
28032.0625
28032.0625
28032.1699
28032.2617
28032.3691
28032.4082
28032.2090
28032.1543
28032.2930
28032.2090
28032.4473
28032.4082
28032.2480
28032.1855
28032.0859
28032.1387
28032.1465
28032.0547
28032.1465
28032.1465
28031.9941
28032.0020
28031.9551
28032.0098
28032.1934
28032.0938
28032.1113
28032.2402
28032.0488
28032.0859
28032.1016
28032.0410
28032.0098
28032.1582
28032.0566
28032.1113
28032.1348
28032.2344
28032.2344
28032.4434
28032.4434
28032.3984
28032.3906
28032.0703
28032.4375
28032.3535
28032.2988
28032.3164
28032.0703
28032.1699
28032.2793
28031.9707
28032.0625
28032.0625
28031.9551
28032.0000
28032.1387
28032.2559
28032.2754
28032.2930
28032.1016
28032.0020
28032.2832
28032.1484
28032.1387
28032.0312
28032.0762
28032.2598
28031.8145
28031.9141
28032.1230
28032.0234
28032.2070
28032.0605
28032.2246
28031.9785
28032.1699
28032.1855
28032.2793
28032.1875
28032.4336
28032.3320
28032.3242
28032.3418
28032.1504
28032.3418
28032.3418
28032.2520
28032.1602
28032.2871
28032.2695
28032.3242
28032.3066
28032.3320
28031.9609
28031.8613
28032.3320
28032.0703
28032.4805
28032.5078
28032.3984
28032.5078
28032.4629
28032.3086
28032.4707
28032.4531
28032.5547
28032.5078
28032.6719
28032.7363
28032.3926
28032.6719
28032.5547
28032.5371
28032.9180
28032.5918
28032.9922
28032.7461
28032.7734
28032.9922
28032.8555
28032.9023
28033.0469
28032.7383
28032.8027
28032.7559
28032.8379
28033.0020
28032.8105
28032.9570
28032.8105
28032.7930
28032.7461
28032.7109
28032.7109
28032.7930
28032.5195
28032.7930
28032.8730
28032.5098
28032.6289
28032.6191
28032.9355
28032.5996
28032.5996
28032.5898
28032.3906
28032.6172
28032.5820
28032.5977
28032.4512
28032.6504
28032.2969
28032.6426
28032.4668
28032.4961
28032.4668
28032.6230
28032.2676
28032.3574
28032.0391
28032.2383
28031.6934
28031.9082
28031.9824
28031.5781
28032.0176
28032.0234
28032.0234
28032.1680
28031.8301
28031.9375
28031.8887
28031.9727
28031.8613
28031.7422
28031.4512
28031.3105
28031.2656
28031.4004
28031.5312
28031.0703
28030.7988
28031.1348
28030.7031
28031.0449
28030.8027
28030.4375
28030.6816
28030.9023
28030.7363
28030.8613
28030.7852
28030.3301
28030.7031
28030.4727
28030.3320
28030.6719
28030.3555
28030.0996
28030.3887
28030.3535
28030.0684
28030.1211
28030.4004
28030.1328
28030.2344
28030.5977
28030.1211
28030.2441
28030.5332
28030.4648
28030.5117
28030.6211
28030.6758
28030.9102
28030.8633
28031.2070
28031.0957
28031.4629
28031.5293
28031.6523
28032.0508
28032.0293
28031.8848
28032.1074
28032.1504
28032.3613
28032.0957
28032.4941
28032.4043
28032.4590
28032.7266
28032.3594
28032.6270
28032.9355
28032.6465
28032.7812
28032.9805
28032.8574
28032.8340
28033.0000
28033.2871
28033.6309
28033.4199
28033.5840
28033.7051
28033.4824
28033.7930
28033.8457
28034.1895
28034.0215
28034.0762
28034.2090
28034.2969
28034.3613
28034.5156
28034.6035
28034.7363
28034.9004
28034.8125
28035.1328
28034.7754
28035.1289
28035.3633
28035.4062
28035.5273
28035.5137
28035.4473
28035.4785
28036.0332
28036.0430
28035.8535
28036.2520
28036.4414
28036.2500
28036.3496
28036.6367
28036.4238
28036.7012
28037.0117
28037.3105
28037.6309
28037.7852
28037.7285
28037.8047
28038.0488
28038.2266
28038.6367
28038.9238
28039.1250
28039.3262
28039.8906
28040.3477
28040.7910
28040.7129
28040.6133
28040.7793
28040.8652
28041.1660
28041.1973
28041.5293
28041.0918
28041.3906
28041.3672
28041.4648
28041.9004
28042.1992
28042.4980
28042.5645
28042.4512
28042.7070
28042.9180
28043.0293
28043.1504
28043.0176
28043.3613
28043.5391
28043.7598
28044.3711
28044.6406
28045.0156
28044.9473
28044.9902
28045.0977
28045.2891
28045.7441
28045.6797
28046.0332
28045.7773
28045.9434
28046.1191
28046.1309
28046.1309
28046.3965
28046.7637
28047.1992
28047.3066
28047.5938
28047.6816
28048.0156
28048.3789
28048.6797
28048.4590
28048.7090
28049.0254
28049.2363
28049.5918
28050.0391
28050.6992
28050.9863
28051.0996
28051.0957
28051.6465
28051.9727
28051.9551
28052.2070
28052.5801
28052.8301
28052.9160
28052.9219
28052.6016
28053.1055
28053.1035
28052.9961
28053.3242
28053.2969
28053.7422
28053.8926
28053.4336
28053.9414
28054.0664
28054.1465
28054.5332
28054.0293
28054.2266
28054.5469
28054.3008
28054.0820
28054.5195
28054.6719
28054.5273
28054.5469
28054.5645
28054.7480
28054.6465
28054.5391
28054.2090
28054.0391
28054.0820
28053.9492
28053.9277
28053.8164
28054.0703
28053.8711
28053.2598
28053.3340
28052.9414
28053.2793
28052.9062
28052.8555
28052.4434
28052.3711
28052.2441
28052.0605
28051.9238
28052.2305
28051.9180
28052.1562
28052.1152
28052.1250
28051.9023
28051.8457
28051.5273
28051.4648
28051.4375
28051.4062
28051.4043
28051.5723
28051.6738
28051.7246
28051.9805
28052.0918
28052.3906
28052.4648
28052.4766
28052.7363
28052.7910
28052.8184
28053.1133
28052.9297
28053.1250
28053.3105
28053.3652
28053.4648
28053.3926
28053.4062
28053.7363
28053.8672
28053.8652
28053.9473
28054.0254
28054.1797
28054.1191
28054.3613
28054.3613
28054.6328
28054.6348
28054.7305
28054.2480
28054.3867
28054.1562
28054.2852
28053.6973
28053.7969
28053.6387
28053.5684
28053.6680
28053.7695
28054.1953
28054.6113
28054.6953
28055.1230
28055.4238
28055.9648
28056.3633
28056.6777
28056.5625
28056.6465
28056.7754
28057.0723
28057.5566
28057.8691
28057.8945
28057.9648
28058.1211
28058.2637
28058.3750
28058.3320
28058.4316
28058.5039
28058.2461
28058.0039
28057.8320
28057.6309
28057.4883
28057.6602
28057.5723
28057.5859
28057.4297
28057.5156
28057.2285
28056.7422
28056.3984
28056.5996
28056.4258
28056.1953
28056.1387
28056.0645
28056.2910
28056.3770
28056.3184
28056.3613
28056.0996
28056.1855
28056.2129
28056.5273
28056.7559
28056.2539
28056.4395
28056.3105
28056.4238
28056.3516
28056.3945
28056.3086
28056.1914
28056.0195
28055.9902
28055.8320
28055.6445
28055.6152
28055.7852
28055.8281
28055.8262
28056.0410
28055.9688
28055.9238
28055.7812
28055.6797
28055.4941
28055.9082
28055.7773
28055.9492
28055.9766
28056.1348
28055.9902
28056.0625
28055.7598
28055.6621
28055.2324
28055.2461
28054.7461
28054.8730
28054.4863
28054.4277
28054.3555
28054.2559
28053.9707
28053.9980
28053.7266
28053.5977
28053.6523
28053.7500
28053.6348
28053.4766
28053.3770
28053.1895
28053.1758
28053.2168
28053.4180
28053.7051
28053.8477
28053.7617
28053.7324
28053.4004
28052.8008
28052.2676
28051.7812
28051.5352
28051.4609
28051.4473
28051.4453
28051.5879
28051.6895
28051.9336
28051.7910
28052.1172
28051.9590
28052.2305
28052.3711
28052.5000
28052.4297
28052.2754
28052.2012
28052.2852
28052.1035
28052.3164
28052.4902
28052.7305
28052.8730
28052.9023
28052.9180
28052.9590
28052.6309
28052.2129
28052.3145
28052.2578
28052.1289
28052.0293
28051.9121
28052.0508
28052.3047
28052.6191
28052.6445
28052.3848
28052.6289
28052.9434
28053.3047
28053.3496
28053.5117
28053.3711
28053.2754
28053.0059
28052.9219
28052.4023
28051.8848
28051.2461
28050.8457
28050.5176
28050.5176
28050.4746
28050.6152
28050.5527
28050.0410
28049.6484
28049.3887
28049.1426
28049.1035
28048.8027
28048.4434
28048.0020
28047.9316
28047.7109
28047.4824
28047.2812
28047.1289
28047.3965
28047.3438
28047.9434
28048.1270
28048.5742
28048.5215
28048.9941
28049.0566
28048.2188
28047.7305
28047.4766
28047.8926
28047.8887
28047.9785
28047.6191
28047.3613
28046.8770
28046.8711
28046.6113
28046.8281
28046.6699
28046.5801
28046.6797
28046.6484
28046.8887
28047.0840
28047.6914
28047.9238
28047.6582
28047.6016
28047.4941
28047.4004
28047.2988
28047.3262
28047.0059
28047.5059
28046.9648
28046.6738
28047.2637
28047.0625
28046.7891
28046.8145
28046.4648
28046.2656
28046.0234
28046.2480
28045.8555
28045.9121
28045.4453
28045.5703
28045.2676
28045.3262
28045.3184
28045.0586
28044.9434
28045.1680
28045.1367
28045.2363
28045.0684
28045.2676
28045.2676
28044.9688
28045.1426
28044.6270
28044.4336
28044.5000
28044.6172
28044.2676
28044.0918
28044.1152
28044.8242
28045.0996
28045.5664
28045.3496
28044.9844
28044.6836
28044.5098
28044.2930
28043.9590
28043.8848
28043.1348
28043.3340
28043.0332
28043.3418
28043.0332
28043.0508
28042.9004
28043.0508
28042.8340
28042.9180
28043.3867
28043.1348
28042.9102
28042.8457
28042.7266
28042.9453
28042.9043
28042.6191
28042.4785
28042.4375
28042.7461
28043.2500
28043.4844
28043.5430
28043.4668
28042.7578
28042.2246
28042.1426
28041.9492
28042.0840
28042.0840
28042.1602
28042.0195
28041.9375
28042.2051
28042.2227
28042.1641
28041.7305
28041.7363
28041.8145
28042.1895
28041.5996
28041.0938
28040.6641
28040.3496
28039.8867
28039.7930
28038.9102
28038.9180
28038.7188
28038.9766
28038.9609
28038.8945
28039.2207
28039.3730
28039.5898
28039.3965
28039.0039
28039.0000
28039.3164
28039.2754
28039.3945
28039.4824
28039.3945
28039.2598
28038.8438
28038.9375
28038.6211
28038.6035
28038.6270
28038.3164
28038.6406
28038.5488
28038.5176
28038.4023
28038.4199
28038.0781
28038.0391
28037.9336
28037.8516
28038.0449
28037.9844
28038.3066
28038.3379
28038.4141
28039.0762
28039.1484
28039.2070
28039.2207
28039.0859
28038.5332
28037.7285
28037.4570
28037.3574
28037.8301
28038.2246
28038.3633
28038.5586
28038.8164
28039.0137
28039.1367
28039.2148
28039.2754
28039.2363
28039.1758
28039.2969
28038.8750
28039.3105
28039.3496
28039.2305
28039.2285
28039.2656
28039.5078
28039.3867
28039.6816
