27418.1953
27418.3203
27418.3340
27418.2344
27417.8555
27418.0645
27418.0176
27417.9922
27418.0000
27417.8926
27418.0762
27417.9668
27417.8750
27418.2461
27418.4824
27418.7520
27418.7520
27419.2129
27419.2676
27419.4766
27419.4375
27419.7070
27419.8242
27420.4102
27420.1016
27420.2559
27419.7148
27419.7148
27420.0371
27420.4160
27420.1074
27420.1367
27420.1523
27420.2988
27420.2617
27420.4062
27420.4062
27420.3145
27420.6504
27420.8594
27420.7207
27420.6133
27420.5664
27420.5566
27420.5508
27420.6582
27420.6953
27420.7734
27420.8105
27420.8477
27420.7852
27420.7383
27420.9473
27421.1387
27421.1309
27420.8379
27420.7754
27420.5117
27420.7207
27420.9746
27420.7832
27420.9980
27421.0449
27421.2617
27421.4316
27421.5020
27421.8105
27422.1074
27422.1523
27422.2598
27422.2148
27422.0234
27422.1484
27421.8320
27421.7930
27421.6094
27421.3555
27421.3379
27421.1562
27420.8379
27420.7930
27420.4023
27420.1504
27419.9492
27419.9492
27419.7871
27419.6230
27419.7148
27419.4609
27419.6895
27419.8262
27419.6094
27419.5996
27419.4355
27419.3906
27419.3359
27419.1992
27419.3535
27419.1992
27419.3984
27419.4062
27419.7344
27419.9688
27419.8516
27419.9043
27419.6973
27419.8867
27420.0684
27419.9941
27420.2129
27419.9395
27419.8145
27419.9785
27419.9043
27420.0059
27419.7793
27419.6953
27419.8867
27419.5684
27419.4316
27419.2324
27419.2148
27419.1855
27419.1133
27418.8574
27418.8496
27418.4141
27418.3594
27418.1797
27417.9238
27417.7148
27417.3438
27417.6152
27417.4688
27417.4219
27417.4668
27417.6289
27417.5293
27417.4746
27417.5938
27417.7188
27418.1914
27418.3633
27418.8516
27418.9062
27418.8965
27418.9785
27419.2227
27419.5566
27419.8008
27420.1367
27420.2363
27420.2363
27420.0469
27419.4844
27419.2207
27419.2109
27419.2031
27419.0488
27418.6641
27418.2305
27418.2559
27417.9102
27417.6387
27416.9199
27416.7188
27416.6738
27416.4551
27416.5000
27416.6172
27416.3184
27416.3633
27416.4629
27416.0996
27416.3535
27416.2520
27416.2891
27416.3867
27416.1875
27416.0781
27415.9062
27415.8691
27415.4219
27415.6855
27415.2949
27415.2207
27415.2305
27415.2754
27415.2832
27415.4473
27415.4375
27415.2383
27415.1543
27415.4102
27415.4648
27415.3809
27415.4629
27415.4180
27415.3359
27415.2891
27415.2168
27415.1719
27414.9902
27414.9902
27414.8887
27414.8789
27414.7871
27414.7070
27414.6055
27414.7520
27414.7988
27414.6250
27414.6875
27414.4414
27414.5957
27414.4062
27414.5059
27414.6504
27414.4883
27414.5684
27414.6230
27414.7227
27414.6777
27414.6406
27414.3770
27414.4863
27414.2129
27414.4941
27414.4395
27414.0938
27414.0312
27414.0391
27414.0312
27413.8301
27413.3320
27413.4668
27413.3867
27413.0137
27413.0039
27413.0391
27412.7500
27412.7383
27412.9316
27413.0840
27412.8477
27412.9297
27412.8301
27412.9746
27412.9492
27412.9297
27413.0117
27412.6836
27412.9395
27412.8184
27412.9375
27412.5625
27412.8164
27413.0176
27412.8535
27412.8535
27412.6426
27412.4883
27412.3789
27412.3340
27412.1875
27412.4062
27412.4512
27412.3594
27412.4258
27412.5703
27412.5234
27412.4590
27412.1953
27412.4043
27412.3789
27412.3594
27412.3594
27412.3965
27412.3340
27412.0410
27412.1523
27412.2070
27412.1602
27412.1523
27412.3691
27412.2871
27412.9258
27412.7246
27413.1328
27413.0781
27413.2598
27413.1699
27412.8848
27412.9297
27412.7109
27412.7754
27412.7500
27412.6484
27412.8125
27412.6133
27412.8418
27413.3066
27413.3613
27413.4062
27413.4160
27413.7910
27413.7988
27413.7891
27413.5352
27413.4980
27413.5352
27413.3340
27413.3047
27413.4434
27413.4531
27413.3809
27413.2793
27413.3145
27413.2695
27413.2598
27413.3145
27413.2949
27413.0488
27413.0742
27412.6953
27412.8301
27412.6836
27412.6836
27412.6289
27412.4199
27412.5547
27412.4336
27412.5879
27412.4688
27412.8691
27412.5488
27413.0234
27412.7676
27412.9238
27412.5137
27412.8027
27413.3184
27413.6035
27413.2520
27413.4082
27413.8984
27413.8867
27414.0977
27414.0879
27414.1875
27414.2969
27414.4062
27414.7168
27415.0859
27414.9512
27415.4922
27415.5605
27415.6211
27415.9902
27415.9453
27415.8047
27416.1387
27415.9395
27416.1035
27415.9688
27416.2090
27415.9082
27415.7734
27415.7188
27415.7383
27415.7012
27415.5117
27415.5664
27415.4570
27415.5215
27415.4414
27415.2949
27415.4863
27415.3750
27415.2949
27415.2051
27415.5059
27415.3711
27415.4258
27415.3809
27415.3555
27415.2207
27415.2598
27415.2266
27415.4219
27415.2109
27415.3223
27415.1875
27415.4414
27415.5762
27415.6191
27416.1230
27416.1562
27416.1934
27416.8730
27416.7930
27416.9512
27416.9980
27416.8516
27417.0859
27417.0859
27417.2207
27417.4199
27417.5312
27417.6738
27418.0078
27418.1191
27418.6191
27418.3633
27418.9180
27418.8086
27419.1289
27419.2480
27419.2930
27419.2480
27419.1582
27419.1797
27419.2598
27419.4141
27419.3574
27419.4570
27419.5684
27419.4473
27419.5020
27419.5020
27419.2461
27419.1562
27419.0566
27418.9570
27418.8223
27418.7773
27418.5781
27418.6211
27418.3770
27418.3770
27418.1309
27418.1309
27418.0312
27417.8848
27417.8398
27417.8066
27417.6602
27417.7617
27417.7715
27417.7812
27417.8027
27417.8145
27417.8594
27417.7578
27417.8809
27417.9355
27417.7812
27417.8262
27417.8945
27418.0488
27418.2383
27418.2832
27418.3379
27418.2031
27418.2695
27418.2344
27418.0449
27417.8457
27417.6777
27417.6211
27417.7227
27417.7090
27417.7754
27417.9512
27417.9512
27417.9512
27418.0625
27418.1270
27417.9492
27417.8926
27417.8496
27417.8047
27417.7930
27417.7930
27417.8379
27417.7266
27417.8477
27417.9141
27417.7695
27417.7363
27417.5352
27417.5020
27417.4805
27417.3242
27417.2695
27417.0801
27417.1035
27417.1484
27417.0918
27416.9805
27417.0254
27417.0605
27417.0703
27416.9805
27416.8262
27416.6582
27416.6582
27416.4688
27416.4238
27416.3672
27416.2676
27416.0254
27416.0254
27416.0684
27416.0586
27416.0586
27416.0586
27416.2480
27416.4805
27416.6699
27416.7695
27416.9707
27417.0254
27417.0254
27417.0508
27417.1035
27416.9023
27416.8574
27416.8125
27416.7227
27416.5234
27416.3340
27416.3008
27416.3008
27416.4688
27416.3789
27416.6562
27416.7676
27417.1113
27417.3574
27417.4004
27417.5000
27417.5000
27417.5000
27417.5000
27417.3242
27417.1230
27417.0684
27416.9121
27416.9570
27416.8105
27416.7227
27417.0117
27416.8340
27416.8340
27416.9883
27416.9336
27416.9336
27416.8223
27416.9766
27416.8105
27416.8555
27416.8555
27417.1113
27417.1992
27417.1445
27417.2441
27417.1445
27417.1777
27417.4766
27417.6777
27417.5762
27417.4434
27417.4863
27417.5430
27417.4863
27417.5879
27417.5000
27417.4980
27417.6426
27417.5664
27417.4766
27417.5098
27417.6094
27417.7422
27417.8203
27417.9199
27417.8086
27417.9746
27417.9746
27417.9297
27418.0742
27417.9629
27417.9180
27417.9863
27417.8613
27417.8730
27417.7520
27417.8613
27417.8066
27417.9160
27418.0059
27417.8516
27417.9512
27418.0605
27418.1934
27418.4062
27418.2949
27418.3496
27418.2500
27418.6953
27418.2812
27418.8711
27418.7598
27418.8496
27418.7480
27418.7480
27418.7051
27418.8047
27418.8594
27418.9590
27418.7812
27418.9375
27419.0039
27419.0039
27419.0059
27419.0059
27419.1152
27419.2852
27419.1875
27419.3418
27419.5664
27419.2402
27419.5742
27419.3711
27419.4785
27419.5430
27419.3203
27419.4512
27419.5117
27419.4590
27419.5840
27419.5430
27419.5391
27419.7871
27419.6680
27419.7734
27419.8770
27419.9766
27419.9512
27420.0645
27419.9648
27419.9902
27420.2227
27420.4688
27420.2656
27420.3672
27420.2461
27420.3047
27420.3184
27420.5098
27420.6348
27420.7266
27420.6797
27420.5859
27420.5078
27420.4688
27420.3711
27420.4570
27420.4258
27420.5625
27420.4727
27420.4941
27420.6816
27420.7148
27420.9688
27420.8359
27420.9082
27420.8789
27420.7383
27420.4922
27420.6309
27420.6621
27420.4805
27420.6699
27420.5254
27420.7266
27420.7129
27420.3125
27420.6797
27420.2891
27420.6797
27420.7129
27420.7480
27420.7676
27420.8789
27421.1602
27421.0781
27421.2461
27421.4355
27421.6953
27421.8145
27422.0703
27422.0254
27422.1699
27422.1367
27422.1133
27422.3047
27422.3809
27422.6172
27422.6289
27422.5840
27422.6289
27422.7168
27422.5293
27422.4043
27422.5117
27422.5801
27422.5234
27422.7910
27422.7812
27422.9160
27422.8848
27423.1953
27423.5312
27423.6641
27424.1562
27424.0781
27424.0000
27423.8555
27423.3516
27423.2520
27423.0176
27423.3184
27423.8750
27423.6426
27423.8633
27424.0059
27424.1992
27424.3984
27424.8027
27424.9590
27425.0469
27424.9473
27424.8477
27424.9297
27424.7734
27424.7188
27424.6367
27424.5566
27424.4805
27424.2559
27424.4688
27424.5254
27424.6367
27424.6738
27424.8535
27425.1211
27425.1660
27425.6094
27425.4531
27425.7090
27426.0215
27426.0215
27426.3535
27426.4023
27426.7832
27426.9629
27427.3320
27427.3320
27427.4316
27427.7754
27427.8184
27427.9883
27428.1504
27428.4316
27428.4883
27428.8438
27428.9004
27429.3125
27429.4316
27429.9004
27429.9746
27430.3516
27429.8750
27429.9512
27430.0938
27429.9941
27430.0820
27430.4688
27430.1875
27430.5078
27430.4512
27430.5820
27430.5273
27430.7500
27430.9004
27431.0566
27431.0332
27431.3887
27431.1582
27431.5762
27431.8008
27431.8438
27431.9570
27431.9316
27431.8320
27432.0566
27432.2754
27432.1309
27432.2500
27432.5059
27432.5625
27432.6055
27432.5059
27432.5371
27432.6055
27432.6797
27432.7676
27432.8184
27433.0488
27433.3301
27433.1426
27433.2422
27433.1172
27433.6621
27433.8418
27434.0430
27434.5547
27434.6797
27435.3438
27435.1738
27435.1602
27435.0059
27435.2793
27435.3672
27435.4414
27435.5410
27435.6113
27435.7285
27435.8223
27435.9219
27435.7402
27435.8594
27435.9023
27435.8320
27435.9766
27436.0508
27435.8516
27435.9258
27435.8125
27435.7305
27435.7168
27435.7930
27435.6406
27435.7793
27435.6836
27435.8145
27435.4590
27435.6016
27435.3770
27435.1621
27435.1191
27434.7676
27434.5859
27434.0645
27434.2461
27434.0156
27434.2715
27434.1152
27434.2266
27433.8965
27433.9141
27433.5957
27433.2266
27433.3945
27432.8828
27433.0508
27433.0938
27433.1641
27433.1328
27433.2324
27433.1445
27433.1621
27433.0137
27432.8320
27432.5742
27432.7910
27432.4355
27432.5781
27432.6738
27432.4727
27432.4863
27432.2422
27431.9160
27431.7207
27431.4766
27431.0254
27430.7812
27430.8926
27430.6367
27430.4629
27430.5703
27430.5566
27430.4004
27430.5000
27430.3574
27430.3828
27430.7090
27430.2520
27430.4336
27430.4219
27430.3203
27430.2070
27430.4199
27430.2207
27430.2773
27430.1719
27430.1973
27430.2539
27430.3105
27430.3281
27430.0801
27430.2617
27430.1191
27430.1016
27430.1719
27430.4004
27430.3008
27430.2012
27430.1738
27429.6582
27429.6270
27429.6348
27429.5469
27429.7871
27429.5742
27429.7441
27429.8125
27430.0000
27429.5723
27429.5039
27429.5293
27429.7461
27430.0156
27429.9727
27430.0410
27430.2988
27430.4941
27430.4941
27430.8867
27430.9180
27430.9180
27431.2031
27431.2734
27431.2871
27431.4473
27431.6465
27431.3379
27431.3379
27431.2070
27431.1484
27431.1055
27430.7793
27430.9668
27430.7500
27430.6191
27430.4785
27430.4922
27430.2344
27430.1055
27430.1758
27430.1465
27429.8184
27429.6016
27429.2715
27429.0840
27429.5410
27429.3594
27429.7578
27429.5410
27429.6133
27429.4570
27429.4453
27429.7715
27429.2598
27428.9863
27428.6699
27428.7305
27428.5566
27428.5996
27428.5996
27428.2266
27428.1973
27428.3672
27428.2109
27428.4844
27428.2109
27428.8398
27428.6973
27428.9961
27428.8965
27428.8828
27428.9668
27428.9707
27429.0996
27429.1465
27428.8887
27429.0059
27428.9492
27429.2773
27429.4492
27429.3633
27429.4062
27429.4785
27429.5195
27429.7461
27429.6035
27429.4766
27429.5469
27429.5762
27429.2773
27428.6660
27428.0273
27428.3105
27428.0254
27428.1680
27427.5547
27427.4824
27427.0820
27426.7539
27426.6113
27426.4375
27426.6660
27426.8652
27427.0234
27427.0352
27427.1230
27426.8379
27426.9668
27426.7520
27426.4961
27426.5801
27426.5508
27426.4668
27426.2227
27425.8945
27425.7949
27425.8945
27426.0371
27426.1914
27426.1953
27426.1797
27426.3496
27426.5645
27426.7773
27427.0488
27426.7207
27426.6934
27426.3906
27426.4043
27426.0762
27425.7070
27425.5625
27425.7188
27425.7871
27426.4844
27426.7676
27426.8672
27426.5820
27425.9258
27425.5684
27424.9844
27424.8711
27424.6133
27424.7422
27424.7285
27424.9707
27424.9434
27425.0273
27425.1582
27425.1133
27425.0723
27425.1426
27425.7559
27426.0703
27425.9980
27425.9395
27425.6113
27425.5977
27425.1836
27425.1562
27425.2402
27425.5527
27425.4824
27425.4512
27425.5371
27425.6230
27425.5938
27425.8359
27425.6797
27425.4941
27425.1777
27425.1504
27425.1348
27425.1055
27425.4336
27425.2344
27425.0918
27425.2344
27424.4902
27424.5332
27424.2617
27424.4473
27424.2051
27423.9902
27423.9336
27423.7188
27423.7617
27423.0312
27422.6465
27422.6309
27422.2031
27422.2012
27422.1445
27422.0293
27422.1309
27422.0723
27421.7148
27422.0156
27422.1719
27422.5859
27422.6289
27422.4004
27422.2266
27421.9551
27422.0410
27421.8555
27421.5391
27421.2109
27421.1543
27421.1543
27420.7812
27420.7539
27420.7520
27420.7383
27420.4238
27420.2383
27420.3789
27420.0781
27420.2207
27419.8926
27419.9336
27419.9629
27419.7188
27420.1484
27420.0898
27419.9473
27419.5176
27419.5020
27419.1016
27419.1719
27419.0000
27418.7559
27419.0703
27419.1543
27419.1270
27419.1250
27419.0684
27419.2246
27419.0820
27419.3242
27419.3535
27419.1367
27418.9375
27418.5625
27418.4922
27418.1191
27417.8613
27417.7051
27417.5020
27417.4023
27417.4863
27417.3164
27417.3008
27417.2578
27417.3438
27416.7734
27416.8574
27416.4258
27416.6562
27415.9551
27415.6680
27415.6113
27415.5957
27415.2227
27415.3379
27415.8066
27415.7500
27415.5078
27415.4922
27415.3047
27415.0332
27415.0332
27415.0605
27414.7598
27414.6855
27414.8145
27414.4570
27414.4258
27414.5703
27414.4844
27414.8262
27415.0430
27414.8691
27414.8555
27415.0254
27414.9844
27414.9824
27415.1230
27414.7656
27414.7324
27414.8066
27414.9805
27415.0645
27414.8633
27415.1914
27415.2793
27415.0332
27415.1621
27415.1348
27414.8477
27414.6035
27414.2305
27414.0703
27414.2012
27414.3887
27414.5723
27414.1289
27413.7383
27413.5391
27413.8965
27414.7148
27414.1250
27413.7383
27414.0391
27414.2695
27414.1387
27413.7656
27413.6621
27413.2031
27413.1738
27412.9297
27413.0000
27412.5254
27412.5684
27412.5664
27412.8848
27412.7266
27412.4961
27412.3223
27411.8223
27411.6777
27411.7637
27412.1504
27411.7910
27411.9355
27411.6055
27411.7168
27411.4316
27411.7031
27411.5586
27411.9141
27411.7129
27411.8301
27411.8574
27411.6270
27411.6309
27411.5293
27411.3867
27411.2285
27411.5859
27411.1953
27411.3223
27411.4199
27411.4512
27412.0234
27412.1973
27412.0391
27411.9414
27412.3672
27412.2969
27412.2090
27412.2227
27412.3066
27412.4805
27412.5645
27412.9062
27412.9902
27413.5625
27413.8047
27413.8203
27414.0156
27413.7988
27414.0254
27414.0254
27413.9980
27414.1816
27414.3535
27414.2539
27414.4219
27414.1523
27413.7637
27413.7363
27413.6191
27413.5078
27413.2227
27412.9258
27412.9102
27412.7852
27412.9004
27412.8457
27412.9453
27412.5723
27412.6602
27412.5273
27412.7129
27412.2148
27412.5879
27412.4180
27412.0762
27412.2031
27411.8184
27412.1895
27412.0332
27411.9043
27411.8574
27411.9727
27411.9570
27411.9707
27411.8711
27411.6406
27411.5703
27411.2559
27411.4375
27411.2480
27411.1211
27410.9492
27410.8477
27410.9160
27410.8203
27410.7148
27410.6035
27410.8027
27410.9746
27411.0898
27410.8633
27410.9805
27411.1211
27411.0664
27410.9668
27411.0234
27411.1387
27411.3652
27411.2949
27411.2949
27411.2891
27411.2578
27411.4648
27411.1914
27411.2070
27411.0645
27411.2070
27410.8223
27410.8945
27410.6934
27410.4043
27410.4453
27410.0938
27410.1504
27410.2500
27410.4121
27410.2441
27410.2910
27410.3887
27410.4199
27410.3789
27410.3262
27410.2832
27410.0566
27410.0293
27410.0664
27410.1133
27410.2559
27410.0273
27410.0859
27410.1582
27410.1699
27410.4160
27410.4062
27410.6211
27410.5254
27410.4844
27410.3262
27410.1582
27410.1309
27410.1992
27410.5215
27410.2617
27410.3945
27410.5625
27410.8926
27410.7676
27410.9258
27410.8086
27410.4238
27410.5410
27410.7148
27410.5723
27410.3574
27410.5625
27410.6934
27410.7090
27410.6660
27410.9238
27410.9395
27410.9824
27410.8145
27410.9824
27411.3555
27411.2715
27411.4316
27411.5527
27411.3203
27411.6680
27411.4785
27411.6523
27411.5352
27411.2930
27411.4004
