27448.6211
27449.5215
27450.0215
27450.1211
27449.7930
27449.7422
27449.8398
27450.2637
27450.3633
27450.2871
27450.5605
27450.6094
27450.7832
27450.9668
27451.0156
27450.9531
27451.0273
27450.9512
27451.0742
27451.2285
27451.2578
27450.9980
27450.6191
27450.2930
27450.3926
27450.5156
27450.3242
27450.5645
27450.3379
27450.3359
27450.3594
27450.5078
27450.7070
27450.6582
27450.9668
27451.2148
27451.1152
27451.0742
27451.2227
27450.8984
27450.8711
27451.1699
27451.6973
27451.4707
27451.5449
27451.1934
27450.7402
27450.5625
27449.9355
27449.5332
27450.1094
27451.2617
27451.5859
27451.8633
27451.3613
27450.7578
27450.5059
27450.3027
27450.0527
27449.9238
27449.9492
27449.9473
27450.0488
27450.2617
27450.2676
27450.2871
27450.1934
27449.9414
27450.2930
27450.1387
27450.5156
27450.2402
27450.0391
27449.7910
27449.7363
27449.5098
27449.5078
27449.4824
27449.3574
27449.1562
27449.1855
27449.3066
27449.6211
27450.0547
27450.7129
27451.1543
27451.7812
27452.5820
27452.7832
27453.1328
27452.9102
27452.9824
27452.9082
27452.8066
27453.0352
27453.9863
27454.1855
27453.8320
27454.0820
27453.9590
27454.6094
27454.7070
27454.8672
27455.1152
27455.5293
27456.0801
27456.3301
27456.2539
27456.3770
27456.8770
27456.6289
27456.5996
27456.7520
27457.1055
27457.2344
27457.3613
27457.1621
27457.1621
27457.1895
27457.3633
27457.5645
27457.5645
27457.2109
27457.2871
27457.1836
27457.2852
27457.1367
27456.9844
27456.7285
27456.8047
27456.4258
27456.8555
27456.3027
27456.4258
27456.3984
27456.0234
27455.6426
27455.7422
27455.6660
27455.5625
27455.4512
27455.4492
27455.5566
27455.5547
27455.7266
27455.5996
27455.3711
27455.1094
27455.0586
27454.8984
27454.8789
27454.8008
27454.7871
27454.6074
27454.6055
27454.7988
27454.5020
27454.4277
27454.1738
27454.0781
27453.8770
27453.7617
27453.5723
27453.4473
27453.2910
27453.3242
27453.2324
27453.0469
27453.0449
27452.8809
27452.8672
27452.8652
27452.8926
27452.8105
27452.8086
27452.6387
27452.5625
27452.5059
27452.5801
27452.6797
27452.6758
27452.5820
27452.5234
27452.2715
27452.2090
27452.3125
27452.6523
27453.1289
27453.5371
27453.6836
27453.9121
27454.3652
27454.5254
27454.5352
27454.6113
27454.6016
27454.6504
27454.7598
27454.2539
27454.4570
27454.1914
27453.9668
27453.9707
27453.5605
27454.3438
27453.7715
27453.6738
27453.2188
27453.3652
27453.2129
27452.8789
27452.6211
27452.2637
27452.2012
27452.1211
27451.6816
27451.4258
27450.6797
27450.0254
27449.7441
27449.6426
27449.8887
27449.8008
27449.5723
27449.1309
27449.1621
27449.2266
27449.4004
27449.5137
27449.5078
27449.4648
27449.1309
27449.0566
27448.8809
27448.8262
27448.7520
27448.9570
27449.1309
27448.8301
27449.0801
27449.1328
27449.4043
27449.5117
27449.8379
27449.9941
27450.2207
27450.4590
27450.8125
27451.1914
27451.4688
27451.5918
27451.5977
27451.6738
27451.7559
27451.8848
27451.9883
27452.1113
27452.1914
27452.3926
27452.5898
27452.7402
27452.9238
27453.0020
27453.1191
27452.9902
27452.8008
27452.7793
27452.8086
27452.9316
27453.3164
27453.5918
27453.5684
27453.5664
27453.6602
27453.5488
27453.4570
27453.4824
27453.5547
27453.5762
27453.3164
27453.2441
27453.4961
27453.1191
27452.9941
27452.7695
27452.5938
27452.1348
27451.6445
27451.1328
27450.9062
27450.6582
27450.6191
27450.5469
27450.6602
27450.4316
27450.3008
27450.0000
27449.8398
27449.9609
27449.9902
27450.0352
27449.8008
27449.8223
27449.6211
27449.5430
27449.6895
27449.8652
27450.1328
27450.5684
27450.4141
27450.7109
27450.6289
27450.3906
27450.3672
27450.4355
27450.4648
27450.5938
27450.2676
27450.2070
27449.9102
27449.6055
27449.2734
27449.1973
27448.8711
27448.8164
27448.8691
27448.7988
27448.9727
27449.1250
27448.8633
27448.8633
27448.9551
27448.7461
27448.5625
27448.3125
27448.1133
27447.8887
27447.9414
27447.7754
27447.3984
27446.9688
27447.2285
27446.8730
27446.6367
27446.8105
27446.7559
27446.4473
27445.9336
27446.0312
27445.8984
27445.8984
27445.9980
27445.9961
27446.0254
27445.9004
27445.9199
27445.8984
27446.2480
27446.4141
27446.4844
27446.4160
27446.4902
27446.3887
27446.2168
27445.9629
27446.0371
27446.0371
27445.9355
27445.7324
27445.5488
27445.6230
27445.7461
27445.8125
27445.8320
27445.8262
27445.7715
27445.6699
27445.2285
27445.2891
27445.1328
27444.9570
27444.9707
27444.8691
27444.7363
27444.5820
27444.3418
27444.4688
27444.7227
27444.8516
27444.8496
27444.9570
27445.2773
27445.5371
27445.6055
27445.6738
27445.7480
27445.7012
27445.4160
27445.4902
27445.3887
27445.3652
27445.3867
27445.3672
27445.4688
27445.8594
27446.0117
27446.0957
27446.2480
27446.4629
27446.5156
27446.6914
27446.9199
27447.1504
27447.3496
27447.4102
27447.6016
27447.7539
27447.7754
27448.1133
27448.0898
27448.1660
27448.1953
27448.3027
27448.4648
27448.6621
27448.8008
27449.0312
27449.0859
27449.2070
27449.4355
27449.7441
27449.8418
27450.1641
27450.4316
27450.7109
27450.8242
27450.9102
27450.8242
27450.7676
27450.7988
27450.8301
27450.8965
27450.8672
27451.0117
27450.7793
27450.8770
27450.8691
27450.7441
27450.8809
27450.7969
27450.8320
27450.9531
27450.7734
27450.8184
27450.7539
27450.9238
27450.9883
27451.1309
27451.2656
27451.2988
27451.2754
27451.2402
27451.3711
27451.5332
27451.5781
27451.5547
27451.6309
27451.7617
27452.0059
27452.1230
27452.3711
27452.4531
27452.5977
27452.6270
27452.6172
27452.7246
27452.8340
27453.0645
27452.9766
27453.0527
27453.0391
27453.1172
27452.9824
27453.1367
27453.1816
27453.2031
27453.3555
27453.5098
27453.5410
27453.6953
27453.6621
27453.8926
27453.9141
27454.3457
27454.9102
27454.8301
27455.5039
27455.3027
27455.7988
27455.8320
27456.0078
27456.2715
27456.1602
27456.4160
27456.3594
27456.4355
27456.4355
27456.3984
27456.7637
27456.8164
27457.0273
27456.7480
27456.8594
27456.6562
27456.7578
27456.5996
27456.5352
27456.2676
27456.0234
27455.9043
27455.7148
27455.2148
27454.9043
27454.6250
27454.3027
27454.1543
27454.0879
27454.3301
27454.3379
27454.9160
27454.6602
27454.6582
27454.5918
27454.9238
27454.5996
27454.6992
27454.6973
27454.7188
27454.5312
27454.6191
27454.8516
27455.0391
27455.0723
27455.1719
27454.9824
27455.0137
27455.2812
27455.6895
27456.2207
27456.1758
27455.9434
27456.0742
27456.3613
27456.3945
27456.2930
27456.6035
27456.5371
27456.6680
27456.7578
27457.1230
27457.1543
27457.1211
27457.1973
27457.5176
27457.7949
27458.2285
27458.4121
27458.5820
27458.7363
27458.8926
27459.1016
27459.0469
27458.8906
27459.0664
27459.1875
27459.3652
27459.0430
27459.1855
27459.1855
27459.1504
27459.1719
27458.9707
27459.2480
27458.9121
27458.9805
27458.8008
27458.3770
27458.1660
27458.1074
27457.6836
27457.5156
27457.5156
27457.4785
27457.2012
27457.1230
27457.1426
27457.1289
27457.2285
27457.1836
27457.1504
27457.0508
27456.8926
27456.7148
27457.0117
27457.0762
27457.0547
27457.0723
27457.0176
27457.0723
27457.0156
27457.0586
27456.9590
27457.1230
27457.0566
27457.0781
27457.0059
27456.8418
27456.6621
27456.5391
27456.4824
27456.5586
27456.4922
27456.5352
27456.4902
27456.4336
27456.4102
27456.4199
27456.5176
27456.2812
27456.1035
27456.1680
27455.9883
27455.9297
27455.9727
27455.7383
27455.6797
27455.8926
27455.9355
27455.9902
27456.3789
27456.4785
27456.8438
27456.7852
27457.0410
27457.3750
27457.4941
27457.4707
27457.4277
27457.5840
27457.6602
27457.8809
27458.0234
27458.1660
27458.3770
27458.6328
27458.7656
27459.0215
27459.2422
27459.3984
27459.3418
27459.3398
27459.1465
27459.1797
27459.1797
27459.0879
27458.9727
27458.8711
27458.9355
27459.0352
27459.2344
27459.4102
27459.8008
27459.8574
27460.1133
27460.1680
27460.3691
27460.7012
27460.8652
27460.8281
27460.4355
27460.4004
27460.2578
27460.2559
27459.9434
27459.8906
27459.7109
27459.5527
27459.7441
27459.5000
27459.7559
27459.8535
27459.6172
27459.9512
27460.0059
27459.9355
27459.5117
27459.5684
27459.3477
27459.2266
27459.0840
27458.9453
27458.7383
27459.0156
27459.1289
27459.0410
27459.1836
27459.3105
27459.4961
27459.6445
27459.7988
27459.7910
27459.6758
27459.3887
27459.9434
27459.7578
27459.9336
27459.8320
27459.7754
27459.6445
27459.9648
27459.8906
27460.0898
27460.2031
27460.0879
27460.1641
27459.8691
27459.7461
27459.8809
27459.7578
27459.8359
27459.7344
27459.8906
27460.1035
27460.0371
27460.2305
27460.1719
27460.1211
27460.3613
27460.5820
27460.6602
27460.7383
27460.5938
27460.9375
27460.7070
27460.6836
27460.6562
27460.6914
27460.3477
27460.2754
27460.1113
27460.2617
27460.2754
27459.9316
27459.9512
27460.3906
27460.5449
27460.2188
27460.3477
27460.3184
27460.6484
27460.7207
27460.8359
27460.9121
27460.5840
27460.6055
27460.7715
27460.2070
27459.8125
27460.2207
27460.2266
27459.9355
27460.2871
27459.8105
27460.0879
27460.3770
27460.5391
27460.5664
27460.8555
27461.0840
27460.7988
27460.8184
27460.5723
27460.3633
27460.2871
27459.9141
27460.2715
27460.2812
27460.1641
27460.2539
27460.6953
27460.5781
27460.4766
27460.6074
27460.7344
27460.5703
27460.5273
27460.8047
27461.0977
27461.1133
27461.0332
27460.7070
27460.8066
27460.7520
27460.8945
27460.9707
27461.0547
27461.2852
27461.1504
27461.3125
27461.8535
27461.6016
27462.1035
27462.2871
27462.0645
27462.3281
27462.5098
27462.6504
27462.8125
27462.6797
27462.9980
27462.8770
27462.8750
27462.8906
27462.7578
27463.1934
27462.4492
27462.3730
27462.2520
27461.7012
27461.7168
27461.6367
27461.5391
27462.1016
27461.8828
27461.2480
27461.5625
27461.1074
27460.5742
27460.4688
27460.3906
27459.9668
27459.5098
27459.2656
27459.2891
27458.7871
27458.8242
27458.4844
27458.6953
27458.3496
27458.4551
27458.5762
27458.8691
27458.4141
27458.6914
27458.6348
27459.0586
27459.6641
27460.0039
27459.8027
27459.9863
27460.1484
27459.8027
27459.7930
27459.5508
27459.4883
27459.3457
27459.0020
27458.9844
27458.4238
27458.4199
27458.3398
27458.6543
27458.5312
27458.8652
27459.3379
27459.0977
27459.6914
27460.3418
27460.4199
27460.5742
27460.9902
27461.2285
27461.4863
27461.8008
27462.2344
27462.3320
27461.8770
27462.6113
27462.7852
27463.1270
27463.3223
27463.8359
27463.7363
27464.2734
27464.3105
27464.5488
27464.4883
27464.4863
27464.7402
27464.3613
27464.3613
27464.2012
27464.4824
27465.0371
27465.5527
27465.5723
27465.8926
27465.8320
27466.1094
27466.6074
27466.4883
27466.7266
27466.9043
27467.0645
27467.1250
27466.9668
27467.2051
27467.7598
27467.5645
27467.6816
27467.5410
27467.0430
27467.2227
27466.9863
27466.8242
27466.7090
27466.5859
27466.3867
27466.3281
27466.5273
27466.4277
27466.4473
27466.6875
27466.8066
27466.7676
27466.6465
27467.0254
27466.9844
27467.2246
27467.0254
27467.1641
27467.6816
27467.7031
27467.8809
27468.3398
27468.3789
27468.5977
27468.8770
27468.6172
27468.9570
27468.9551
27469.1738
27469.5332
27469.3906
27469.5508
27470.0293
27470.0098
27470.0684
27469.9688
27470.3867
27470.5059
27470.5254
27470.6641
27471.1621
27471.1016
27471.3809
27471.3789
27471.3574
27471.5371
27471.5566
27471.5156
27471.7949
27471.8535
27471.8125
27471.9297
27472.1289
27471.8496
27472.1484
27472.4883
27472.5078
27472.7871
27472.5664
27472.5449
27472.7832
27473.2832
27473.3418
27473.3008
27473.7793
27473.5195
27473.7578
27473.9570
27473.9355
27473.9355
27474.0938
27473.9336
27474.3105
27474.4707
27474.4902
27474.3887
27474.5078
27474.6875
27474.7051
27474.5645
27474.6836
27474.5430
27474.9023
27474.8809
27475.0996
27475.0977
27474.9785
27474.9570
27474.8555
27475.0352
27475.0332
27475.0918
27475.1289
27475.0117
27475.2109
27475.2695
27475.4297
27475.4297
27475.2266
27475.2188
27475.4473
27475.1836
27475.3848
27475.7051
27475.7031
27475.7227
27475.6816
27476.0605
27476.0781
27476.4395
27476.4180
27476.6562
27476.8965
27477.1152
27477.2344
27477.2031
27477.2930
27477.2910
27477.4902
27477.2285
27477.5684
27477.6270
27477.9277
27478.1289
27478.1270
27478.4590
27478.5664
27478.5625
27478.7422
27478.7988
27479.1973
27479.3340
27479.2930
27479.4707
27479.4512
27479.4082
27479.2266
27479.5078
27479.5078
27479.1484
27479.1289
27479.0684
27478.8496
27478.7656
27478.7109
27478.6133
27478.4922
27478.4746
27478.7949
27478.6953
27478.6758
27478.3789
27478.5176
27478.7988
27478.6758
27478.7754
27478.9160
27478.8945
27479.0527
27478.8711
27479.0293
27479.2871
27479.5078
27479.6484
27479.9121
27479.9297
27479.8535
27479.9727
27479.7500
27479.2090
27479.4902
27478.5059
27478.5898
27478.2891
27478.3691
27478.5723
27478.6113
27478.9121
27478.7734
27478.9746
27478.5332
27478.3691
27478.0469
27478.2070
27478.4297
27478.3047
27478.8047
27478.4805
27478.6211
27478.5938
27478.3594
27478.7832
27478.1992
27477.8594
27477.4980
27476.9160
27476.3535
27475.9941
27475.4688
27475.7520
27475.8125
27475.6738
27475.2344
27475.6953
27475.4570
27475.1973
27475.4004
27474.9785
27474.4766
27473.9570
27473.6152
27473.7188
27473.4355
27473.6230
27473.5449
27474.2520
27473.8086
27473.5918
27473.7383
27473.7715
27473.9023
27473.6406
27473.6582
27473.9434
27473.4238
27472.9434
27472.9434
27472.8223
27473.3672
27472.8223
27472.8027
27472.6016
27472.3789
27472.7676
27472.2207
27472.4473
27472.2695
27472.1504
27471.8887
27471.6680
27471.5508
27471.5762
27471.6719
27471.5488
27471.9102
27471.6289
27472.0762
27472.1133
27472.7832
27472.8223
27473.0645
27473.1875
27473.1270
27472.5820
27472.1406
27471.2129
27471.3320
27470.5898
27470.6699
27470.8496
27470.0605
27469.6738
27469.8906
27469.6270
27469.4023
27468.8945
27469.1953
27468.8887
27468.8887
27468.8086
27468.7402
27468.3965
27468.3340
27467.5449
27467.0957
27466.8145
27466.5098
27466.0469
27465.9023
27465.3359
27464.9160
27464.4922
27464.6328
27464.2344
27464.1895
27464.3984
27464.5039
27464.0234
27463.9219
27464.2871
27464.7559
27464.7480
27464.5488
27465.2578
27465.2969
27465.6582
27465.6816
27465.4141
27465.0312
27464.9082
27464.6016
27464.9395
27465.2383
27465.3926
27465.2734
27465.3301
27465.0059
27464.8809
27464.6875
27464.1797
27464.0039
27464.1621
27464.0469
27463.4980
27463.4141
27463.2266
27462.4961
27461.8945
27461.7891
27462.1074
27462.0371
27461.5605
27461.4473
27461.2461
27461.2949
27461.4258
27462.0000
27461.8574
27461.3320
27461.3066
27461.8535
27461.7109
27460.5957
27461.0586
27461.1699
27461.0879
27461.2188
27461.2559
27460.9004
27460.6738
27460.9355
27460.4648
27460.2402
27460.3340
27459.8516
27459.9512
27459.8652
27459.7988
27459.7188
27459.5801
27459.4590
27459.5488
27459.6504
27459.4141
27459.7578
27459.7012
27459.3750
27459.1680
27458.9668
27458.9551
27459.2480
27459.2109
27459.0586
27459.1641
27458.6367
27458.4941
27458.1816
27458.1172
27457.8789
27457.4355
27457.6797
27457.5020
27457.8359
27457.5918
27457.7480
27457.5195
27457.7383
27457.0645
27456.8379
27456.7715
27456.9941
27456.6113
27456.4316
27456.4219
27456.6582
27456.7129
27456.6133
27456.7930
27456.5703
27456.6250
27457.2227
27457.2402
27457.2832
27457.1484
27457.0781
27457.1582
27457.5469
27457.9434
27457.8945
27457.7891
27457.6895
27457.4375
27457.3652
27457.2617
27457.3828
27457.3184
27456.6836
27456.1934
27455.6621
27455.2539
27454.9844
27455.2910
27454.8633
27454.7363
27454.7617
27455.0449
27455.0234
27454.6895
27454.8164
27455.0234
27454.9512
27455.0508
27455.3672
27455.8652
27456.2910
27456.8828
27456.7617
27456.7793
27457.1328
27457.2246
27457.0859
27457.2246
27457.5352
27458.1191
27458.0898
27458.1895
27458.2070
27458.1602
27458.0234
27457.7656
27457.7148
27457.6973
27457.1582
27457.3047
27457.5879
27457.7500
27457.8008
27457.7480
27458.0645
27458.3340
27458.4609
27458.6094
27458.7871
27458.8418
27458.8809
27458.8340
27458.8887
27458.7793
27458.9043
27458.9043
27458.6934
27458.6211
27458.5254
27458.5430
27458.5801
27458.6660
27458.7031
27458.8105
27458.9746
27459.2383
27459.5469
27459.2637
27459.6992
27459.8359
27459.5098
27459.9922
27460.1289
27460.4375
27460.5098
27460.5469
27460.7109
27461.1836
27461.7852
27461.7031
27461.2383
27461.5215
27461.3652
27461.7480
27461.6113
27461.8555
27461.6914
27461.9844
27461.9375
27461.9004
27461.8906
27461.7363
27461.5605
27461.7891
27461.8262
27461.7715
27461.7324
27461.8418
27461.7793
27462.1074
27462.3711
27462.3066
27462.5527
27462.3516
27462.5703
27462.4863
27462.7148
27462.5801
27462.9082
27463.1172
27462.8828
27462.3301
27461.4238
