 -14.7180
 -14.9013
 -15.0834
 -15.2679
 -15.4574
 -15.6462
 -15.8302
 -16.0095
 -16.1820
 -16.3397
 -16.4919
 -16.6367
 -16.7714
 -16.8883
 -16.9924
 -17.0859
 -17.1754
 -17.2624
 -17.3518
 -17.4427
 -17.5338
 -17.6221
 -17.7122
 -17.7996
 -17.8861
 -17.9677
 -18.0512
 -18.1349
 -18.2200
 -18.3065
 -18.3909
 -18.4089
 -18.4272
 -18.4485
 -18.4688
 -18.4877
 -18.5102
 -18.5428
 -18.5779
 -18.6117
 -18.6376
 -18.6558
 -18.6720
 -18.6862
 -18.6975
 -18.7066
 -18.7139
 -18.7183
 -18.7235
 -18.7329
 -18.7406
 -18.7452
 -18.7431
 -18.7318
 -18.7102
 -18.6853
 -18.6560
 -18.6226
 -18.5841
 -18.5385
 -18.4914
 -18.4376
 -18.3765
 -18.3044
 -18.2219
 -18.1288
 -18.0278
 -17.9195
 -17.8087
 -17.6979
 -17.5839
 -17.4634
 -17.3367
 -17.2032
 -17.0669
 -16.9214
 -16.7762
 -16.6373
 -16.5016
 -16.3582
 -16.1960
 -16.0176
 -15.8230
 -15.6117
 -15.4011
 -15.1921
 -14.9909
 -14.7930
 -14.5929
 -14.3909
 -14.1874
 -13.9804
 -13.7703
 -13.5565
 -13.3443
 -13.1299
 -12.9143
 -12.6868
 -12.4665
 -12.2437
 -12.0163
 -11.7874
 -11.5579
 -11.3318
 -11.1112
 -10.8922
 -10.6749
 -10.4623
 -10.3354
 -10.2011
 -10.0191
  -9.8432
  -9.6709
  -9.5008
  -9.3329
  -9.1739
  -9.0163
  -8.8414
  -8.6648
  -8.4928
  -8.3244
  -8.1580
  -8.0018
  -7.8537
  -7.7147
  -7.5837
  -7.4571
  -7.3424
  -7.2359
  -7.1241
  -7.0112
  -6.9070
  -6.8132
  -6.7291
  -6.6486
  -6.5731
  -6.5052
  -6.4364
  -6.3634
  -6.2887
  -6.2144
  -6.1461
  -6.0824
  -6.0276
  -5.9767
  -5.9086
  -5.8233
  -5.7257
  -5.6193
  -5.5055
  -5.3808
  -5.2436
  -5.0988
  -4.9528
  -4.8080
  -4.6531
  -4.4988
  -4.3543
  -4.2276
  -4.0939
  -3.9693
  -3.8502
  -3.7304
  -3.6134
  -3.4971
  -3.3784
  -3.2604
  -3.1451
  -3.0260
  -2.9455
  -2.8626
  -2.7007
  -2.5327
  -2.3662
  -2.2075
  -2.0528
  -1.9022
  -1.7588
  -1.6352
  -1.5189
  -1.4051
  -1.2939
  -1.1878
  -1.0818
  -0.9739
  -0.8942
  -0.8107
  -0.7334
  -0.6516
  -0.5747
  -0.5163
  -0.4660
  -0.4159
  -0.3668
  -0.3107
  -0.2641
  -0.2227
  -0.1867
  -0.1533
  -0.1162
  -0.0808
  -0.0578
  -0.0456
  -0.0449
  -0.0601
  -0.0929
  -0.1451
  -0.2080
  -0.2763
  -0.3531
  -0.4407
  -0.5451
  -0.6650
  -0.8013
  -0.9462
  -1.0963
  -1.2594
  -1.4286
  -1.5981
  -1.7707
  -1.9497
  -2.1313
  -2.3168
  -2.5071
  -2.6984
  -2.8883
  -3.0846
  -3.2848
  -3.4849
  -3.6855
  -3.8893
  -4.0997
  -4.3118
  -4.5235
  -4.7336
  -4.9388
  -5.1434
  -5.3437
  -5.5392
  -5.7332
  -5.9219
  -6.1042
  -6.2829
  -6.4531
  -6.6160
  -6.7747
  -6.8016
  -6.8267
  -6.9465
  -7.0654
  -7.1807
  -7.2876
  -7.3914
  -7.4960
  -7.5975
  -7.7015
  -7.7974
  -7.8840
  -7.9637
  -8.0393
  -8.1191
  -8.1978
  -8.2698
  -8.3354
  -8.3958
  -8.4518
  -8.5059
  -8.5585
  -8.6163
  -8.6741
  -8.7268
  -8.7788
  -8.8249
  -8.8679
  -8.9028
  -8.9318
  -8.9566
  -8.9752
  -8.9859
  -8.9922
  -8.9955
  -8.9929
  -8.9848
  -8.9708
  -8.9519
  -8.9300
  -8.9075
  -8.8830
  -8.8586
  -8.8396
  -8.8252
  -8.8119
  -8.7984
  -8.7891
  -8.7876
  -8.7930
  -8.8055
  -8.8222
  -8.8410
  -8.8628
  -8.8847
  -8.9029
  -8.9227
  -8.9417
  -8.9633
  -8.9894
  -9.0205
  -9.0554
  -9.0912
  -9.1239
  -9.1542
  -9.1823
  -9.2118
  -9.2428
  -9.2718
  -9.2945
  -9.3178
  -9.3436
  -9.3717
  -9.4029
  -9.4405
  -9.4761
  -9.5079
  -9.5411
  -9.5825
  -9.6274
  -9.6700
  -9.7131
  -9.7585
  -9.8047
  -9.8546
  -9.9050
  -9.9518
 -10.0014
 -10.0568
 -10.1103
 -10.1647
 -10.2217
 -10.2862
 -10.3563
 -10.4275
 -10.4971
 -10.5668
 -10.6356
 -10.7061
 -10.7820
 -10.8631
 -10.9425
 -11.0148
 -11.0817
 -11.1451
 -11.2089
 -11.2713
 -11.3323
 -11.3900
 -11.4462
 -11.5045
 -11.5586
 -11.6090
 -11.6536
 -11.6956
 -11.7360
 -11.7784
 -11.8212
 -11.8632
 -11.9013
 -11.9358
 -11.9627
 -11.9803
 -11.9900
 -11.9919
 -11.9881
 -11.9813
 -11.9681
 -11.9479
 -11.9205
 -11.8879
 -11.8516
 -11.8064
 -11.7589
 -11.7067
 -11.6496
 -11.5918
 -11.5342
 -11.4795
 -11.4267
 -11.3728
 -11.3261
 -11.2826
 -11.2420
 -11.2035
 -11.1637
 -11.1249
 -11.0872
 -11.0452
 -10.9964
 -10.9515
 -10.9036
 -10.8483
 -10.7865
 -10.7154
 -10.6401
 -10.5627
 -10.4823
 -10.4010
 -10.3081
 -10.2088
 -10.0962
  -9.9764
  -9.8534
  -9.7255
  -9.5863
  -9.4331
  -9.2662
  -9.0906
  -8.9064
  -8.7151
  -8.5134
  -8.3076
  -8.0984
  -7.8872
  -7.6728
  -7.4579
  -7.2423
  -7.0269
  -6.8139
  -6.6061
  -6.4007
  -6.2007
  -6.0085
  -5.8256
  -5.6528
  -5.4874
  -5.3255
  -5.1706
  -5.0221
  -4.8819
  -4.7497
  -4.6220
  -4.5051
  -4.3909
  -4.2796
  -4.1743
  -4.0724
  -3.9719
  -3.8679
  -3.7577
  -3.6440
  -3.5152
  -3.3739
  -3.2176
  -3.0533
  -2.8830
  -2.7068
  -2.5306
  -2.3608
  -2.1939
  -2.0277
  -1.8662
  -1.7106
  -1.5606
  -1.4242
  -1.2957
  -1.1777
  -1.0673
  -0.9649
  -0.8744
  -0.7882
  -0.7104
  -0.6406
  -0.5799
  -0.5294
  -0.4895
  -0.4555
  -0.4294
  -0.4074
  -0.3934
  -0.3821
  -0.3759
  -0.3708
  -0.3612
  -0.3506
  -0.3420
  -0.3335
  -0.3268
  -0.3226
  -0.3207
  -0.3204
  -0.3195
  -0.3173
  -0.3125
  -0.3037
  -0.2897
  -0.2716
  -0.2497
  -0.2238
  -0.1954
  -0.1680
  -0.1398
  -0.1069
  -0.0667
  -0.0248
   0.0206
   0.0720
   0.1275
   0.1824
   0.2391
   0.2959
   0.3489
   0.3925
   0.4277
   0.4560
   0.4853
   0.5143
   0.5392
   0.5605
   0.5850
   0.6113
   0.6375
   0.6659
   0.6940
   0.7257
   0.7642
   0.8099
   0.8640
   0.9201
   0.9799
   1.0405
   1.1027
   1.1646
   1.2286
   1.2937
   1.3606
   1.4325
   1.5023
   1.5692
   1.6302
   1.6846
   1.7358
   1.7896
   1.8427
   1.8876
   1.9230
   1.9517
   1.9755
   1.9974
   2.0176
   2.0361
   2.0567
   2.0766
   2.0956
   2.1160
   2.1391
   2.1621
   2.1825
   2.1987
   2.2066
   2.2077
   2.2047
   2.2042
   2.2163
   2.2453
   2.2799
   2.3112
   2.3357
   2.3561
   2.3761
   2.3947
   2.4120
   2.4302
   2.4516
   2.4796
   2.5108
   2.5447
   2.5792
   2.6153
   2.6545
   2.6947
   2.7366
   2.7821
   2.8276
   2.8725
   2.9127
   2.9469
   2.9746
   2.9998
   3.0322
   3.0724
   3.1193
   3.1678
   3.2162
   3.2649
   3.3069
   3.3479
   3.3828
   3.4160
   3.4478
   3.4790
   3.5160
   3.5570
   3.6000
   3.6414
   3.6812
   3.7219
   3.7639
   3.8037
   3.8395
   3.8729
   3.9116
   3.9499
   3.9878
   4.0226
   4.0550
   4.0829
   4.1077
   4.1327
   4.1621
   4.2008
   4.2503
   4.3117
   4.3703
   4.4098
   4.4258
   4.4298
   4.4333
   4.4420
   4.4533
   4.4643
   4.4769
   4.4939
   4.5155
   4.5380
   4.5579
   4.5755
   4.5896
   4.6028
   4.6139
   4.6236
   4.6250
   4.6178
   4.6017
   4.5822
   4.5649
   4.5476
   4.5310
   4.5174
   4.4975
   4.4623
   4.4173
   4.3607
   4.3052
   4.2557
   4.2100
   4.1766
   4.1480
   4.1140
   4.0742
   4.0345
   3.9984
   3.9664
   3.9320
   3.8924
   3.8515
   3.8126
   3.7778
   3.7489
   3.7246
   3.7068
   3.6967
   3.6890
   3.6895
   3.6913
   3.6906
   3.6851
   3.6774
   3.6700
   3.6619
   3.6501
   3.6376
   3.6225
   3.6047
   3.5910
   3.5850
   3.5867
   3.5911
   3.5956
   3.6037
   3.6200
   3.6485
   3.6865
   3.7290
   3.7700
   3.8054
   3.8360
   3.8663
   3.8959
   3.9238
   3.9532
   3.9827
   4.0168
   4.0552
   4.0968
   4.1357
   4.1707
   4.2108
   4.2541
   4.2941
   4.3335
   4.3767
   4.4231
   4.4767
   4.5275
   4.5728
   4.6122
   4.6341
   4.6527
   4.6819
   4.7182
   4.7535
   4.7801
   4.7965
   4.8099
   4.8244
   4.8412
   4.8522
   4.8466
   4.8352
   4.8257
   4.8162
   4.7972
   4.7702
   4.7317
   4.6958
   4.6700
   4.6522
   4.6331
   4.6117
   4.5910
   4.5713
   4.5476
   4.5218
   4.4909
   4.4516
   4.4092
   4.3632
   4.3226
   4.2860
   4.2508
   4.2085
   4.1519
   4.0777
   3.9909
   3.8967
   3.8037
   3.7128
   3.6195
   3.5289
   3.4422
   3.3586
   3.2775
   3.2034
   3.1346
   3.0701
   3.0143
   2.9669
   2.9202
   2.8736
   2.8317
   2.8029
   2.7814
   2.7573
   2.7333
   2.7064
   2.6798
   2.6549
   2.6416
   2.6279
   2.6125
   2.5992
   2.5895
   2.5859
   2.5884
   2.5952
   2.6004
   2.6045
   2.6115
   2.6341
   2.6575
   2.6775
   2.6925
   2.7098
   2.7281
   2.7481
   2.7617
   2.7700
   2.7734
   2.7770
   2.7788
   2.7775
   2.7753
   2.7745
   2.7721
   2.7728
   2.7768
   2.7763
   2.7688
   2.7549
   2.7385
   2.7148
   2.6912
   2.6726
   2.6625
   2.6538
   2.6482
   2.6430
   2.6398
   2.6352
   2.6239
   2.6144
   2.6059
   2.6001
   2.5906
   2.5805
   2.5704
   2.5573
   2.5393
   2.5169
   2.4991
   2.4816
   2.4580
   2.4314
   2.4003
   2.3659
   2.3381
   2.3154
   2.2916
   2.2726
   2.2557
   2.2376
   2.2155
   2.1953
   2.1797
   2.1680
   2.1610
   2.1583
   2.1570
   2.1585
   2.1624
   2.1710
   2.1845
   2.1987
   2.2169
   2.2405
   2.2715
   2.3104
   2.3538
   2.4000
   2.4449
   2.4962
   2.5595
   2.6280
   2.6985
   2.7692
   2.8439
   2.9240
   3.0109
   3.1042
   3.1980
   3.2907
   3.3941
   3.5061
   3.6208
   3.7301
   3.8386
   3.9547
   4.0808
   4.2103
   4.3425
   4.4767
   4.6096
   4.7376
   4.8690
   5.0045
   5.1445
   5.2872
   5.4352
   5.5862
   5.7441
   5.9045
   6.0679
   6.2369
   6.4122
   6.5982
   6.7904
   6.9875
   7.1843
   7.3835
   7.5820
   7.7759
   7.9743
   8.1737
   8.3713
   8.5673
   8.7603
   8.9515
   9.1469
   9.3490
   9.5574
   9.7655
   9.9691
  10.1737
  10.3806
  10.5861
  10.7972
  11.0146
  11.2345
  11.4479
  11.6629
  11.8863
  12.1082
  12.3251
  12.5433
  12.7657
  12.9955
  13.2271
  13.4596
  13.6919
  13.9256
  14.1610
  14.4001
  14.6355
  14.8675
  15.0990
  15.3367
  15.5797
  15.8181
  16.0525
  16.2905
  16.5332
  16.7775
  17.0185
  17.2637
  17.5032
  17.7427
  17.9790
  18.2116
  18.4426
  18.6760
  18.9076
  19.1378
  19.3664
  19.5932
  19.8191
  20.0429
  20.2641
  20.4784
  20.6886
  20.9013
  21.1187
  21.3463
  21.5740
  21.8065
  22.0395
  22.2755
  22.5150
  22.7547
  22.9899
  23.2230
  23.4537
  23.6850
  23.9216
  24.1553
  24.3945
  24.6339
  24.8673
  25.0889
  25.3064
  25.5272
  25.7444
  25.9567
  26.1681
  26.3746
  26.5757
  26.7735
  26.9691
  27.1630
  27.3553
  27.5448
  27.7359
  27.9313
  28.1294
  28.3248
  28.5201
  28.7179
  28.9143
  29.1110
  29.3069
  29.5012
  29.6917
  29.8813
  30.0709
  30.2598
  30.4480
  30.6360
  30.8240
  31.0139
  31.2084
  31.4023
  31.5938
  31.7822
  31.9679
  32.1518
  32.3362
  32.5174
  32.6974
  32.8813
  33.0683
  33.2524
  33.4321
  33.6039
  33.7706
  33.9352
  34.0943
  34.2474
  34.3978
  34.5455
  34.6900
  34.8306
  34.9668
  35.1002
  35.2329
  35.3639
  35.4956
  35.6238
  35.7526
  35.8827
  36.0146
  36.1448
  36.2762
  36.4070
  36.5416
  36.6759
  36.8112
  36.9455
  37.0765
  37.2045
  37.3289
  37.4485
  37.5640
  37.6766
  37.7839
  37.8853
  37.9870
  38.0838
  38.1750
  38.2627
  38.3436
  38.4208
  38.4931
  38.5575
  38.6148
  38.6659
  38.7025
  38.7300
  38.7451
  38.7449
  38.7451
  38.7379
  38.7203
  38.6966
  38.6664
  38.6363
  38.6088
  38.5863
  38.5713
  38.5616
  38.5430
  38.5194
  38.4984
  38.4828
  38.4709
  38.4626
  38.4590
  38.4575
  38.4566
  38.4538
  38.4441
  38.4291
  38.4084
  38.3847
  38.3587
  38.3309
  38.3032
  38.2758
  38.2463
  38.2189
  38.1865
  38.1544
  38.1199
  38.0847
  38.0502
  38.0114
  37.9716
  37.9339
  37.8891
  37.8389
  37.7888
  37.7372
  37.6841
  37.6278
  37.5657
  37.4990
  37.4325
  37.3657
  37.2962
  37.2397
  37.1910
  37.1513
  37.1155
  37.0788
  37.0464
  37.0236
  37.0098
  37.0154
  37.0293
  37.0516
  37.0876
  37.1218
  37.1623
  37.2180
  37.2773
  37.3453
  37.4171
  37.4887
  37.5537
  37.6126
  37.6651
  37.7208
  37.7770
  37.8266
  37.8659
  37.8939
  37.9122
  37.9212
  37.9268
  37.9354
  37.9405
  37.9448
  37.9443
  37.9523
  37.9622
  37.9685
  37.9721
  37.9700
  37.9627
  37.9558
  37.9445
  37.9293
  37.9082
  37.8875
  37.8634
  37.8361
  37.8116
  37.7847
  37.7446
  37.7028
  37.6614
  37.6177
  37.5685
  37.5160
  37.4656
  37.4166
  37.3660
  37.3108
  37.2522
  37.1923
  37.1183
  37.0381
  37.0332
  36.9365
  36.9311
  36.8748
  36.8072
  36.7321
  36.6587
  36.5843
  36.5006
  36.4091
  36.3142
  36.2115
  36.0930
  35.9725
  35.8502
  35.7205
  35.5859
  35.4445
  35.3035
  35.1621
  35.0215
  34.8794
  34.7316
  34.5846
  34.4457
  34.3092
  34.1741
  34.0423
  33.9058
  33.7644
  33.6212
  33.4835
  33.3429
  33.1942
  33.0397
  32.8771
  32.7033
  32.5227
  32.3347
  32.1457
  31.9546
  31.7577
  31.5523
  31.3383
  31.1227
  30.8971
  30.6665
  30.4411
  30.2190
  30.0110
  29.7972
  29.5906
  29.3976
  29.2094
  29.0376
  28.8781
  28.7143
  28.5489
  28.3842
  28.2181
  28.0472
  27.9407
  27.7690
  27.6604
  27.4484
  27.2383
  27.0255
  26.7991
  26.5703
  26.3494
  26.1282
  25.9100
  25.6963
  25.4973
  25.2973
  25.1010
  24.9084
  24.7185
  24.5300
  24.3351
  24.1377
  23.9347
  23.7288
  23.5280
  23.3255
  23.1208
  22.9175
  22.7129
  22.4995
  22.2818
  22.0668
  21.8528
  21.6376
  21.4237
  21.2152
  21.0130
  20.8194
  20.6352
  20.4570
  20.2859
  20.1103
  19.9370
  19.7691
  19.6045
  19.4513
  19.3035
  19.1639
  19.0262
  18.8898
  18.7503
  18.5959
  18.4444
  18.2906
  18.1259
  17.9547
  17.7649
  17.5643
  17.3643
  17.1580
  16.9529
  16.7441
  16.5365
  16.3311
  16.1231
  15.9123
  15.6942
  15.4684
  15.2450
  15.0238
  14.7976
  14.5694
  14.3415
  14.1011
  13.8550
  13.5999
  13.3475
  13.0913
  12.8333
  12.5625
  12.2899
  12.0143
  11.7303
  11.4463
  11.1636
  10.8822
  10.6065
  10.3260
  10.0394
   9.7563
   9.4822
   9.2130
   8.9435
   8.6714
   8.3956
   8.1092
   7.8138
   7.5163
   7.2145
   6.9144
   6.6111
   6.3055
   6.0009
   5.6946
   5.3790
   5.0663
   4.7610
   4.4659
   4.1715
   3.8759
   3.5791
   3.2865
   2.9941
   2.6995
   2.4073
   2.1223
   1.8393
   1.5604
   1.2786
   1.0044
   0.7395
   0.4796
   0.2254
  -0.0297
  -0.2805
  -0.5249
  -0.7621
  -0.9869
  -1.2079
  -1.4168
  -1.6243
  -1.8301
  -2.0336
  -2.2370
  -2.4346
  -2.6295
  -2.8217
  -3.0095
  -3.1885
  -3.3662
  -3.5347
  -3.7027
  -3.8596
  -4.0040
  -4.1474
  -4.2885
  -4.4254
  -4.5663
  -4.7068
  -4.8436
  -4.9847
  -5.1373
  -5.2918
  -5.4482
  -5.6059
  -5.7708
  -5.9397
  -6.1054
  -6.2697
  -6.4307
  -6.5880
  -6.7416
  -6.8966
  -7.0465
  -7.1888
  -7.3218
  -7.4550
  -7.6011
  -7.7594
  -7.9193
  -8.0711
  -8.2173
  -8.3626
  -8.5536
  -8.7400
  -8.9220
  -9.1099
  -9.2932
  -9.4669
  -9.6201
  -9.7657
  -9.9156
 -10.0783
 -10.2492
 -10.4173
 -10.5815
 -10.7434
 -10.9060
 -11.0725
 -11.2340
 -11.4071
 -11.5730
 -11.7333
 -11.8876
 -12.0370
 -12.1858
 -12.3355
 -12.4843
 -12.6385
 -12.8042
 -12.9713
 -13.1381
 -13.2981
