27420.5977
27420.4980
27420.4453
27420.4453
27420.6426
27420.5918
27420.3906
27420.2383
27420.1387
27420.1875
27420.1348
27420.2344
27420.2324
27420.4824
27420.6309
27420.5781
27420.5781
27420.6777
27420.7246
27420.8242
27421.0723
27421.2227
27421.2207
27421.5195
27421.5195
27421.6172
27421.5156
27421.6133
27421.6621
27421.8613
27421.9609
27421.9102
27421.9590
27421.8066
27421.6562
27421.7051
27421.7539
27422.0527
27422.4004
27422.5977
27422.8477
27422.8457
27422.8457
27422.7441
27422.5918
27422.5898
27422.7910
27422.8887
27422.8887
27422.9355
27422.7871
27422.8359
27422.6836
27422.5312
27422.5312
27422.3301
27422.2793
27422.3281
27422.4785
27422.6250
27422.7754
27422.8242
27422.8730
27423.0215
27423.2207
27423.0684
27423.0176
27423.0664
27423.1152
27423.2129
27423.1621
27423.2598
27423.3105
27423.2598
27422.9570
27423.0586
27422.9570
27423.2031
27423.0527
27423.3027
27423.2988
27423.0977
27422.9980
27422.7461
27422.4980
27422.3965
27422.1953
27421.9961
27421.9473
27421.7441
27421.5938
27421.5918
27421.5410
27421.4414
27421.6895
27421.8359
27421.6875
27421.4355
27421.5840
27421.5332
27421.7324
27421.6309
27421.4805
27421.1309
27421.0801
27421.0293
27421.1250
27420.9746
27421.0742
27421.0723
27421.0703
27420.8184
27420.8672
27420.7168
27420.6680
27420.4648
27420.4648
27420.6133
27420.4609
27420.3145
27420.4121
27420.3613
27420.3594
27420.2598
27420.3086
27420.3574
27420.5059
27420.5547
27420.7051
27420.6562
27420.8027
27420.9512
27421.0527
27421.0020
27421.0996
27421.0977
27421.2461
27421.0469
27420.9473
27420.8965
27420.8457
27420.7441
27420.4473
27420.6934
27420.5938
27420.6426
27420.6406
27420.3926
27420.5391
27420.5859
27420.6855
27420.8320
27420.8789
27420.8281
27420.9277
27420.8262
27420.7773
27420.7754
27420.6250
27420.6250
27420.5742
27420.6738
27420.9727
27420.9707
27421.0703
27420.9668
27421.0137
27420.9609
27420.8086
27420.8047
27420.9551
27420.8984
27420.8477
27420.6953
27420.7910
27420.8906
27421.0391
27421.1367
27421.1387
27421.3848
27421.5371
27421.7852
27421.9336
27422.3906
27421.9355
27422.1855
27422.2363
27422.1348
27422.0820
27422.3809
27422.5293
27422.1797
27422.6816
27422.5312
27422.7812
27422.9297
27423.3281
27423.2832
27423.6328
27423.8789
27424.0293
27424.4785
27424.4316
27424.6270
27424.7773
27425.0273
27425.0742
27425.3242
27425.3242
27425.3770
27425.4746
27425.5254
27425.6758
27425.7207
27425.5742
27425.5215
27425.5723
27425.5703
27425.5195
27425.3184
27425.2168
27425.4141
27425.3125
27425.2109
27425.1113
27425.0117
27424.9609
27424.8633
27424.8594
27424.8086
27424.7559
27424.6543
27424.8008
27424.9512
27424.8496
27424.7480
27425.0449
27424.8965
27425.0449
27424.9941
27424.9902
27424.9414
27425.2910
27425.0352
27424.9863
27425.0859
27425.0371
27425.0332
27425.0332
27425.0820
27425.0820
27425.2305
27425.2285
27425.3242
27425.3770
27425.4258
27425.5742
27425.8203
27425.8711
27425.7715
27425.8691
27426.0176
27425.9707
27426.0684
27426.0664
27426.1191
27426.1152
27426.0684
27425.9141
27425.8125
27425.7637
27425.7129
27425.7637
27425.5625
27425.7109
27425.6074
27425.6562
27425.5547
27425.6035
27425.7500
27425.8984
27425.8496
27425.8984
27426.0977
27426.2461
27426.3965
27426.3926
27426.3906
27426.3867
27426.3379
27426.3867
27426.3359
27426.1328
27425.9277
27425.7793
27425.8281
27425.7754
27425.6719
27425.6699
27425.5156
27425.4648
27425.2598
27425.1602
27425.0117
27424.7617
27424.6621
27424.6621
27424.5625
27424.5664
27424.6621
27424.7598
27424.7090
27424.7070
27424.6543
27424.7539
27424.7520
27424.7520
27424.7988
27424.7910
27424.8398
27424.9395
27424.8809
27424.8789
27424.8281
27424.8262
27424.7227
27424.5703
27424.3203
27424.2734
27424.4707
27424.5742
27424.7734
27424.8691
27424.9668
27425.2109
27425.2598
27425.2578
27425.1016
27425.1016
27425.3008
27425.3965
27425.4961
27425.3457
27425.2441
27424.9980
27424.7988
27424.4492
27424.3984
27424.2500
27424.2480
27424.3457
27424.3926
27424.3418
27424.3398
27424.3398
27424.3906
27424.3418
27424.2422
27424.3398
27424.2402
27424.2891
27424.3379
27424.2852
27424.3809
27424.4785
27424.5762
27424.4766
27424.5723
27424.6211
27424.6719
27424.7207
27424.7227
27424.7227
27424.7207
27424.7168
27424.6133
27424.6094
27424.6094
27424.5547
27424.6523
27424.6484
27424.7480
27424.8457
27424.9473
27424.9980
27425.0977
27425.1484
27425.0449
27424.9492
27424.9004
27424.8496
27424.6074
27424.6074
27424.6074
27424.5605
27424.6113
27424.8555
27425.0527
27425.2441
27425.3379
27425.3809
27425.4316
27425.3789
27425.3301
27425.2793
27425.3301
27425.1797
27425.1328
27425.0859
27425.1875
27425.2363
27425.3398
27425.2891
27425.3906
27425.3867
27425.3867
27425.5371
27425.4844
27425.4316
27425.5273
27425.5234
27425.6172
27425.5156
27425.5156
27425.5137
27425.4121
27425.4668
27425.4668
27425.5156
27425.5156
27425.5156
27425.5684
27425.3652
27425.2637
27425.3125
27425.3105
27425.3027
27425.3047
27425.2461
27425.3945
27425.3867
27425.2852
27425.2363
27425.1895
27425.0391
27424.9863
27424.9863
27424.9844
27424.9805
27425.0273
27425.0254
27425.0254
27425.0781
27425.2266
27425.2246
27425.3262
27425.2285
27425.2266
27425.2285
27425.2285
27425.2266
27425.3262
27425.3223
27425.3164
27425.3105
27425.2578
27425.2559
27425.3555
27425.4023
27425.4531
27425.4043
27425.2988
27425.2969
27425.3496
27425.3477
27425.2949
27425.2891
27425.4082
27425.3379
27425.4922
27425.4434
27425.3398
27425.3867
27425.3379
27425.2832
27425.3887
27425.6426
27425.6426
27425.7949
27425.7422
27425.7969
27425.9941
27426.1973
27426.2969
27426.5996
27426.8086
27426.9609
27427.1699
27427.3789
27427.5879
27427.7891
27427.9414
27428.1406
27428.2383
27428.1328
27428.0293
27427.8730
27427.7715
27427.6758
27427.8809
27427.8828
27427.9844
27427.9355
27427.9824
27428.0312
27428.0312
27428.0781
27428.1289
27428.2227
27428.2227
27428.2207
27428.2715
27428.0156
27427.6523
27427.4453
27427.3926
27427.6465
27427.8477
27427.9473
27428.2012
27428.2559
27428.0137
27427.9160
27427.6602
27427.5059
27427.2949
27427.1387
27427.0859
27427.1816
27427.3809
27427.4824
27427.5859
27427.7402
27427.8457
27428.0527
27428.3594
27428.5684
27428.7148
27428.8730
27428.7656
27428.7715
27428.6641
27428.5547
27428.4980
27428.3887
27428.2930
27428.3438
27428.2988
27428.3047
27428.3555
27428.5059
27428.5098
27428.5078
27428.5078
27428.5059
27428.5059
27428.5039
27428.4082
27428.4023
27428.4062
27428.5039
27428.6074
27428.6016
27428.8027
27428.8047
27428.6465
27429.1582
27429.1016
27429.1484
27429.1953
27429.0879
27428.9336
27428.8809
27428.7793
27428.6309
27428.6270
27428.5254
27428.4199
27428.4199
27428.4707
27428.5742
27428.7812
27428.9824
27429.3379
27429.5957
27429.8516
27429.9590
27430.0078
27430.0098
27430.0117
27430.0078
27429.9023
27429.8008
27429.6973
27429.6445
27429.5000
27429.4492
27429.3535
27429.3945
27429.4473
27429.4961
27429.5840
27429.6719
27429.7793
27429.8262
27429.9766
27429.9336
27429.8867
27429.8945
27429.8477
27429.7949
27429.9355
27430.1270
27430.1211
27430.4180
27430.4121
27430.5469
27430.5059
27430.6973
27430.7480
27430.5508
27430.4492
27430.4961
27430.1992
27430.1992
27430.2461
27430.0059
27429.9102
27430.0527
27430.1543
27430.1016
27430.0098
27430.0957
27430.1523
27429.7988
27429.7656
27429.7090
27429.7598
27429.8652
27429.7637
27429.8711
27429.9219
27430.0645
27429.9688
27429.8633
27429.9629
27429.9180
27429.9648
27430.1074
27430.0586
27430.2227
27430.1270
27430.2695
27430.2715
27430.3770
27430.3242
27430.6230
27430.7168
27430.6641
27430.8613
27430.7051
27430.6133
27430.6211
27430.5195
27430.8203
27430.9238
27430.7715
27430.9727
27430.9688
27430.9102
27430.8203
27430.7148
27430.8184
27430.9648
27430.9238
27430.8848
27430.9844
27430.8398
27430.9355
27430.8828
27431.0391
27430.8848
27430.9844
27430.8750
27430.8203
27430.7148
27430.9629
27430.9473
27430.9414
27431.1367
27431.1445
27431.3535
27431.3008
27431.3652
27431.2129
27431.1016
27431.0664
27431.2578
27431.1621
27431.3613
27431.2539
27431.4629
27431.4570
27431.5664
27431.5664
27431.5176
27431.5703
27431.5684
27431.5723
27431.6660
27431.7188
27431.7168
27432.0176
27432.1680
27432.2734
27432.3320
27432.1855
27432.1895
27432.0312
27431.9883
27431.8340
27431.9434
27432.1855
27432.1230
27432.3750
27432.1309
27432.0664
27432.0723
27432.1230
27432.1270
27432.2695
27432.2207
27432.1250
27432.4824
27432.2715
27432.4707
27432.6172
27432.8164
27432.7578
27432.9043
27432.9609
27433.0137
27432.9082
27432.7969
27432.8008
27432.9414
27433.0098
27433.0508
27432.9395
27432.7383
27432.8496
27433.1484
27433.3047
27433.3145
27433.4141
27433.4551
27433.5117
27433.8105
27434.0723
27434.0293
27434.1816
27434.1445
27434.3477
27434.9160
27434.9824
27434.9824
27435.5059
27435.4473
27435.5430
27435.8105
27435.8633
27435.7500
27436.2070
27436.3125
27436.4961
27436.6523
27436.7324
27436.5312
27436.6367
27436.6406
27436.5449
27436.5020
27436.3652
27436.3750
27436.1699
27436.3633
27436.2207
27436.1191
27435.9766
27436.3184
27436.0762
27436.1816
27436.1914
27436.0273
27436.0840
27436.0879
27436.1836
27435.8945
27435.7617
27435.8613
27435.9180
27436.1758
27436.1270
27436.1914
27436.0957
27435.9434
27436.1426
27436.3418
27436.4414
27436.5938
27436.7051
27436.8457
27436.8398
27436.9395
27436.7891
27436.8438
27436.8320
27436.9961
27436.9473
27436.9980
27437.1035
27437.0039
27437.0098
27437.0605
27437.1250
27437.3242
27437.1699
27437.1816
27437.3457
27436.9863
27437.1074
27436.9551
27436.6602
27436.6172
27436.5176
27436.4688
27436.8164
27437.0508
27437.0215
27437.1562
27437.1738
27437.3203
27437.3262
27437.5957
27437.6055
27437.5469
27437.6582
27437.5996
27437.8633
27437.8203
27438.1621
27438.1445
27438.3418
27438.1953
27438.2539
27438.2949
27438.3652
27438.5000
27438.6758
27438.7285
27438.4863
27438.4863
27438.8105
27438.7227
27438.8809
27438.9434
27439.2500
27439.3672
27439.7676
27440.3086
27440.1602
27440.1719
27440.2539
27440.2188
27440.4180
27440.3711
27440.6289
27440.8711
27440.9766
27440.9238
27441.0703
27441.3691
27441.2695
27441.5762
27441.4219
27441.4414
27441.1113
27441.1816
27441.1816
27441.2812
27441.3867
27441.7461
27441.8516
27441.9219
27442.1738
27442.3613
27442.4023
27442.5020
27442.6621
27442.6621
27442.8613
27442.8145
27443.0742
27443.1270
27443.3262
27443.5391
27443.6797
27443.8262
27444.2188
27444.0723
27444.1250
27444.1719
27444.2246
27444.2773
27444.2246
27444.2891
27444.1836
27444.2773
27444.1836
27444.3301
27444.3711
27444.3711
27444.3770
27444.1367
27444.2422
27444.1348
27444.4824
27444.4746
27444.6562
27444.7520
27444.6504
27444.7031
27444.7695
27445.0273
27444.9414
27444.8750
27445.0742
27445.4219
27445.0215
27444.9629
27445.1797
27445.3750
27445.3281
27445.3555
27445.7070
27445.7129
27445.6797
27445.8320
27445.9316
27445.7852
27446.2695
27445.8848
27446.1172
27446.1758
27446.3770
27446.1895
27446.1348
27446.2559
27445.9551
27446.2949
27446.1953
27446.1484
27445.9883
27445.9219
27446.1426
27445.9297
27446.0234
27445.9746
27445.7559
27445.9160
27445.9023
27445.7969
27446.1621
27446.0371
27446.4492
27446.3359
27446.2695
27446.2754
27446.4902
27446.6543
27446.8027
27446.7422
27446.9824
27446.9160
27447.0762
27447.2148
27447.4824
27447.5020
27447.4141
27447.3555
27447.3340
27447.2871
27447.1875
27447.2285
27447.1660
27447.7207
27447.6602
27447.5664
27447.9199
27447.7188
27447.8262
27447.9668
27448.2266
27448.3262
27448.3789
27448.4121
27448.3516
27448.4922
27448.4922
27448.5898
27448.6309
27449.1367
27449.3633
27449.4082
27449.5645
27449.6094
27449.6016
27449.5762
27449.8027
27449.9023
27450.2559
27450.3027
27450.4023
27450.5273
27450.4590
27450.4922
27450.4395
27450.4004
27450.3926
27450.2773
27450.4785
27450.5449
27450.6992
27450.6309
27450.6777
27450.3223
27450.0703
27450.3379
27450.1699
27449.8828
27449.9688
27449.9297
27449.7422
27450.1758
27449.8730
27449.8203
27450.1133
27450.0527
27450.0449
27450.0977
27450.1309
27450.0312
27449.9238
27450.0547
27450.1484
27450.0547
27450.1016
27449.9863
27449.9062
27449.7520
27449.5664
27449.4141
27449.2734
27449.3672
27449.4648
27449.5586
27449.6367
27449.6113
27449.9492
27449.6953
27449.8574
27449.7637
27449.7383
27449.8301
27449.7305
27449.6777
27449.6699
27449.7754
27449.5762
27449.2754
27449.7148
27449.2910
27449.2812
27449.1211
27449.1836
27449.1367
27449.2734
27449.2188
27448.8184
27448.8047
27448.4961
27448.2754
27447.7344
27447.6523
27447.3145
27447.1074
27446.9316
27446.7070
27446.4531
27446.4141
27446.5586
27446.5195
27446.5723
27447.0156
27447.2227
27447.2988
27447.2383
27447.2363
27446.9453
27446.6523
27447.0664
27447.3047
27446.7734
27446.2520
27446.2070
27446.1895
27446.2344
27446.4414
27446.8574
27446.7871
27446.9336
27446.5254
27446.1406
27445.9336
27446.0254
27446.2324
27446.5723
27446.4023
27446.2871
27446.1094
27445.9551
27445.8398
27445.5234
27445.5156
27445.2695
27445.3301
27444.9746
27445.1602
27444.9668
27445.0449
27444.5977
27444.6445
27444.4883
27444.6895
27444.3867
27444.4961
27444.4258
27444.3711
27444.5176
27444.4551
27444.4004
27444.3770
27444.4531
27444.4082
27444.3691
27444.4062
27444.1895
27443.9355
27443.8887
27443.9902
27443.8496
27444.0879
27443.8867
27443.6953
27443.5938
27443.3633
27442.9863
27442.9023
27442.7012
27442.7090
27442.5078
27442.5996
27442.7461
27442.7207
27442.8594
27442.3652
27442.1816
27441.7266
27441.4883
27441.2578
27440.8828
27440.8281
27440.9199
27440.7949
27440.8086
27440.6914
27440.5996
27440.3008
27440.1914
27439.9746
27439.7969
27439.3496
27438.9258
27439.0781
27438.9629
27438.7910
27438.3457
27438.2207
27438.1035
27437.9492
27437.6660
27437.6406
27437.5488
27437.8086
27438.0781
27437.9863
27438.0273
27437.9629
27437.6621
27437.2832
27436.8750
27436.4590
27436.5117
27436.2734
27436.2578
27435.9277
27435.8418
27435.5137
27435.3574
27435.1660
27435.1406
27435.1309
27435.0234
27435.1309
27434.8223
27434.6602
27434.6367
27434.7832
27434.8828
27434.7266
27434.3262
27434.3730
27434.1172
27433.8164
27433.6465
27433.5820
27433.6367
27433.4434
27433.4434
27433.2441
27433.5586
27433.4219
27433.2949
27433.4570
27433.3105
27432.9023
27432.7734
27432.4805
27432.2344
27431.5781
27431.4316
27430.9766
27430.9160
27430.4355
27430.2715
27430.2793
27430.2246
27430.4863
27430.8125
27431.0371
27431.2617
27431.0527
27430.9062
27430.4336
27430.4512
27430.0586
27429.5879
27429.4023
27429.2773
27429.0215
27429.1309
27428.7305
27428.6465
27428.2188
27428.0254
27428.2871
27427.7246
27427.3164
27427.2988
27427.2305
27427.3105
27427.1074
27427.6855
27427.6309
27427.6602
27427.4512
27427.2793
27426.7891
27427.1250
27427.2695
27427.3789
27427.3965
27427.1621
27427.0996
27426.7695
27426.3320
27426.0215
27425.9297
27425.7559
27425.6367
27425.6191
27425.4551
27425.4180
27425.2637
27425.1621
27424.7617
27424.8262
27424.5234
27424.4043
27424.2676
27423.9863
27424.1953
27424.2227
27424.2676
27424.0293
27423.9668
27423.8027
27423.5566
27423.3398
27423.2207
27423.0117
27422.7305
27422.6191
27422.2734
27422.3730
27422.3809
27422.4355
27422.2812
27422.2812
27422.2793
27422.0879
27422.0684
27422.0215
27422.3477
27422.2578
27422.2207
27421.9199
27421.6641
27421.8203
27421.8457
27422.1172
27422.0176
27421.9980
27421.9160
27421.8340
27421.5957
27421.5332
27421.9414
27421.8223
27421.5684
27421.6035
27422.0137
27421.8125
27421.8223
27421.8301
27421.6387
27421.4492
27421.7383
27421.8477
27421.8926
27422.0098
27421.7812
27421.4375
27421.4102
27421.4727
27421.4453
27421.1074
27421.1348
27420.9902
27420.8262
27420.8633
27421.1172
27420.7891
27420.4258
27420.4902
27420.2812
27420.1895
27419.9902
27419.7441
27419.5898
27419.4902
27419.3613
27418.9980
27419.1621
27419.1699
27419.3066
27419.4805
27419.5605
27419.8262
27419.8711
27420.0059
27420.1328
27419.8516
27419.7969
27419.3613
27419.3516
27419.2402
27419.1152
27418.9688
27418.6602
27418.7324
27418.6309
27419.0234
27419.0859
27419.4043
27419.4590
27419.5781
27419.9043
27420.0039
27419.8945
27419.8496
27419.8945
27419.7324
27419.6328
27419.9336
27419.8867
27420.2227
27420.3965
27420.4414
27420.2598
27420.3438
27420.3887
27420.5625
27420.5723
27420.6523
27420.4082
27420.2812
27420.5156
27420.1270
27420.2715
