    0.1206
   -0.0703
   -0.2532
   -0.4415
   -0.6301
   -0.8215
   -1.0115
   -1.2005
   -1.3858
   -1.5690
   -1.7566
   -1.9417
   -2.1274
   -2.3097
   -2.4927
   -2.6777
   -2.8581
   -3.0375
   -3.2151
   -3.3907
   -3.5644
   -3.7333
   -3.8997
   -4.0649
   -4.2251
   -4.3801
   -4.5385
   -4.6954
   -4.8461
   -4.9933
   -5.1443
   -5.0850
   -5.0301
   -4.9725
   -4.9250
   -4.8834
   -4.8427
   -4.8103
   -4.7770
   -4.7584
   -4.7467
   -4.7363
   -4.7238
   -4.7191
   -4.7140
   -4.7079
   -4.7047
   -4.7018
   -4.7004
   -4.6997
   -4.7031
   -4.7109
   -4.7214
   -4.7374
   -4.7538
   -4.7632
   -4.7722
   -4.7843
   -4.7942
   -4.7998
   -4.8128
   -4.8306
   -4.8409
   -4.8570
   -4.8656
   -4.8739
   -4.8729
   -4.8729
   -4.8660
   -4.8612
   -4.8555
   -4.8464
   -4.8432
   -4.8410
   -4.8357
   -4.8332
   -4.8301
   -4.8330
   -4.8370
   -4.8394
   -4.8424
   -4.8502
   -4.8604
   -4.8738
   -4.8899
   -4.9090
   -4.9314
   -4.9562
   -4.9811
   -5.0070
   -5.0310
   -5.0567
   -5.0790
   -5.1022
   -5.1270
   -5.1497
   -5.1689
   -5.1910
   -5.2101
   -5.2314
   -5.2439
   -5.2530
   -5.2562
   -5.2598
   -5.2572
   -5.2577
   -5.2587
   -5.2604
   -5.2556
   -5.2512
   -5.2468
   -5.2366
   -5.2218
   -5.2031
   -5.1788
   -5.1513
   -5.1275
   -5.0987
   -5.0737
   -5.0507
   -5.0261
   -5.0010
   -4.9713
   -4.9433
   -4.9128
   -4.8857
   -4.8552
   -4.8331
   -4.8103
   -4.7928
   -4.7782
   -4.7591
   -4.7432
   -4.7223
   -4.6974
   -4.6700
   -4.6421
   -4.6121
   -4.5788
   -4.5451
   -4.5118
   -4.4797
   -4.4511
   -4.4222
   -4.3947
   -4.3707
   -4.3457
   -4.3186
   -4.2871
   -4.2560
   -4.2257
   -4.1963
   -4.1639
   -4.1358
   -4.1120
   -4.0951
   -4.0740
   -4.0549
   -4.0318
   -4.0069
   -3.9826
   -3.9602
   -3.9346
   -3.9116
   -3.8867
   -3.8619
   -3.8363
   -3.8129
   -3.7900
   -3.7673
   -3.7470
   -3.7224
   -3.6999
   -3.6798
   -3.6650
   -3.6526
   -3.6394
   -3.6266
   -3.6202
   -3.6101
   -3.6073
   -3.5998
   -3.5944
   -3.5930
   -3.5955
   -3.6002
   -3.6040
   -3.6126
   -3.6211
   -3.6309
   -3.6419
   -3.6552
   -3.6713
   -3.6861
   -3.6986
   -3.7154
   -3.7296
   -3.7442
   -3.7554
   -3.7682
   -3.7825
   -3.7979
   -3.8151
   -3.8282
   -3.8416
   -3.8533
   -3.8617
   -3.8708
   -3.8810
   -3.8915
   -3.9031
   -3.9123
   -3.9258
   -3.9394
   -3.9517
   -3.9593
   -3.9627
   -3.9618
   -3.9568
   -3.9421
   -3.9291
   -3.9114
   -3.8946
   -3.8783
   -3.8633
   -3.8462
   -3.8302
   -3.8108
   -3.7924
   -3.7702
   -3.7524
   -3.7341
   -3.7210
   -3.7052
   -3.6912
   -3.6799
   -3.6709
   -3.6661
   -3.6605
   -3.6480
   -3.6304
   -3.6130
   -3.6008
   -3.5837
   -3.5628
   -3.5408
   -3.5181
   -3.4908
   -3.4620
   -3.4285
   -3.3927
   -3.3577
   -3.3214
   -3.2883
   -3.2536
   -3.2224
   -3.1881
   -3.1585
   -3.1266
   -3.0992
   -3.0733
   -3.0499
   -3.0278
   -3.0043
   -2.9845
   -2.9672
   -2.9524
   -2.9408
   -2.9320
   -2.9243
   -2.9206
   -2.9207
   -2.9310
   -2.9421
   -2.9568
   -2.9736
   -2.9931
   -3.0133
   -3.0399
   -3.0723
   -3.1162
   -3.1649
   -3.2208
   -3.2774
   -3.3395
   -3.4043
   -3.4755
   -3.5471
   -3.6211
   -3.6944
   -3.7694
   -3.8442
   -3.9211
   -4.0013
   -4.0868
   -4.1680
   -4.2473
   -4.3266
   -4.4040
   -4.4837
   -4.5717
   -4.6620
   -4.7447
   -4.8218
   -4.9016
   -4.9782
   -5.0561
   -5.1297
   -5.2077
   -5.2850
   -5.3636
   -5.4458
   -5.5288
   -5.6094
   -5.6863
   -5.7632
   -5.8368
   -5.9116
   -5.9848
   -6.0573
   -6.1247
   -6.1914
   -6.2538
   -6.3150
   -6.3708
   -6.4211
   -6.4673
   -6.5078
   -6.5435
   -6.5749
   -6.6002
   -6.6189
   -6.6328
   -6.6371
   -6.6374
   -6.6336
   -6.6280
   -6.6215
   -6.6173
   -6.6108
   -6.6059
   -6.5994
   -6.5911
   -6.5816
   -6.5696
   -6.5540
   -6.5350
   -6.5179
   -6.4968
   -6.4738
   -6.4475
   -6.4195
   -6.3931
   -6.3651
   -6.3371
   -6.3076
   -6.2827
   -6.2573
   -6.2314
   -6.2063
   -6.1825
   -6.1575
   -6.1354
   -6.1178
   -6.1056
   -6.0972
   -6.0922
   -6.0814
   -6.0690
   -6.0562
   -6.0395
   -6.0211
   -5.9971
   -5.9705
   -5.9441
   -5.9178
   -5.8901
   -5.8651
   -5.8403
   -5.8146
   -5.7898
   -5.7682
   -5.7434
   -5.7168
   -5.6940
   -5.6751
   -5.6605
   -5.6484
   -5.6406
   -5.6354
   -5.6326
   -5.6340
   -5.6392
   -5.6467
   -5.6577
   -5.6679
   -5.6725
   -5.6767
   -5.6732
   -5.6678
   -5.6590
   -5.6464
   -5.6310
   -5.6125
   -5.5903
   -5.5659
   -5.5394
   -5.5123
   -5.4804
   -5.4408
   -5.3985
   -5.3554
   -5.3104
   -5.2599
   -5.2060
   -5.1498
   -5.0903
   -5.0282
   -4.9653
   -4.9027
   -4.8393
   -4.7737
   -4.7075
   -4.6393
   -4.5680
   -4.4939
   -4.4180
   -4.3452
   -4.2771
   -4.2139
   -4.1557
   -4.1002
   -4.0493
   -4.0013
   -3.9552
   -3.9057
   -3.8626
   -3.8169
   -3.7705
   -3.7269
   -3.6836
   -3.6445
   -3.6071
   -3.5751
   -3.5478
   -3.5207
   -3.4971
   -3.4725
   -3.4496
   -3.4206
   -3.3946
   -3.3683
   -3.3431
   -3.3191
   -3.2982
   -3.2768
   -3.2544
   -3.2359
   -3.2172
   -3.2073
   -3.1974
   -3.1894
   -3.1827
   -3.1766
   -3.1721
   -3.1674
   -3.1598
   -3.1488
   -3.1340
   -3.1145
   -3.1005
   -3.0894
   -3.0743
   -3.0636
   -3.0507
   -3.0377
   -3.0176
   -2.9993
   -2.9806
   -2.9610
   -2.9373
   -2.9160
   -2.8980
   -2.8804
   -2.8647
   -2.8530
   -2.8422
   -2.8321
   -2.8220
   -2.8135
   -2.8029
   -2.7900
   -2.7743
   -2.7571
   -2.7385
   -2.7145
   -2.6964
   -2.6717
   -2.6500
   -2.6288
   -2.6047
   -2.5830
   -2.5617
   -2.5430
   -2.5220
   -2.5005
   -2.4764
   -2.4494
   -2.4251
   -2.4005
   -2.3816
   -2.3611
   -2.3387
   -2.3161
   -2.2928
   -2.2650
   -2.2384
   -2.2126
   -2.1914
   -2.1706
   -2.1471
   -2.1235
   -2.1011
   -2.0782
   -2.0566
   -2.0337
   -2.0136
   -1.9975
   -1.9861
   -1.9782
   -1.9778
   -1.9792
   -1.9796
   -1.9845
   -1.9836
   -1.9867
   -1.9914
   -1.9990
   -2.0053
   -2.0124
   -2.0219
   -2.0348
   -2.0448
   -2.0528
   -2.0593
   -2.0661
   -2.0695
   -2.0720
   -2.0736
   -2.0739
   -2.0698
   -2.0680
   -2.0658
   -2.0663
   -2.0670
   -2.0725
   -2.0800
   -2.0864
   -2.0940
   -2.1003
   -2.1102
   -2.1211
   -2.1307
   -2.1371
   -2.1400
   -2.1398
   -2.1358
   -2.1338
   -2.1296
   -2.1215
   -2.1110
   -2.0967
   -2.0778
   -2.0582
   -2.0398
   -2.0195
   -1.9994
   -1.9784
   -1.9604
   -1.9408
   -1.9200
   -1.9002
   -1.8804
   -1.8598
   -1.8381
   -1.8180
   -1.7979
   -1.7762
   -1.7539
   -1.7299
   -1.7058
   -1.6785
   -1.6525
   -1.6289
   -1.6079
   -1.5880
   -1.5705
   -1.5539
   -1.5384
   -1.5270
   -1.5184
   -1.5088
   -1.4980
   -1.4882
   -1.4770
   -1.4657
   -1.4531
   -1.4402
   -1.4263
   -1.4127
   -1.3980
   -1.3833
   -1.3681
   -1.3532
   -1.3399
   -1.3241
   -1.3052
   -1.2868
   -1.2682
   -1.2472
   -1.2311
   -1.2101
   -1.1870
   -1.1658
   -1.1429
   -1.1212
   -1.0981
   -1.0771
   -1.0563
   -1.0369
   -1.0220
   -1.0078
   -0.9936
   -0.9768
   -0.9603
   -0.9372
   -0.9142
   -0.8929
   -0.8738
   -0.8516
   -0.8294
   -0.8097
   -0.7913
   -0.7731
   -0.7563
   -0.7404
   -0.7258
   -0.7107
   -0.6962
   -0.6804
   -0.6617
   -0.6393
   -0.6166
   -0.5953
   -0.5733
   -0.5518
   -0.5344
   -0.5155
   -0.4948
   -0.4771
   -0.4580
   -0.4346
   -0.4121
   -0.3899
   -0.3663
   -0.3444
   -0.3234
   -0.3040
   -0.2830
   -0.2627
   -0.2444
   -0.2241
   -0.2051
   -0.1866
   -0.1653
   -0.1430
   -0.1222
   -0.1022
   -0.0841
   -0.0630
   -0.0448
   -0.0235
   -0.0022
    0.0179
    0.0403
    0.0597
    0.0813
    0.0996
    0.1209
    0.1436
    0.1679
    0.1988
    0.2320
    0.2620
    0.2906
    0.3179
    0.3409
    0.3634
    0.3859
    0.4145
    0.4385
    0.4597
    0.4809
    0.5005
    0.5214
    0.5453
    0.5748
    0.6068
    0.6434
    0.6818
    0.7199
    0.7620
    0.8009
    0.8397
    0.8829
    0.9267
    0.9688
    1.0120
    1.0567
    1.1007
    1.1468
    1.1938
    1.2379
    1.2821
    1.3267
    1.3705
    1.4148
    1.4585
    1.5017
    1.5439
    1.5843
    1.6254
    1.6607
    1.6944
    1.7317
    1.7669
    1.7973
    1.8319
    1.8670
    1.9042
    1.9384
    1.9740
    2.0066
    2.0396
    2.0701
    2.0991
    2.1359
    2.1704
    2.2050
    2.2410
    2.2772
    2.3123
    2.3462
    2.3793
    2.4155
    2.4466
    2.4802
    2.5166
    2.5557
    2.5939
    2.6315
    2.6763
    2.7258
    2.7839
    2.8433
    2.9035
    2.9657
    3.0212
    3.0792
    3.1320
    3.1792
    3.2291
    3.2729
    3.3184
    3.3678
    3.4133
    3.4562
    3.5034
    3.5536
    3.6030
    3.6562
    3.7089
    3.7673
    3.8279
    3.8925
    3.9584
    4.0269
    4.0982
    4.1713
    4.2502
    4.3266
    4.4068
    4.4864
    4.5730
    4.6606
    4.7485
    4.8377
    4.9371
    5.0335
    5.1325
    5.2310
    5.3342
    5.4346
    5.5422
    5.6497
    5.7612
    5.8759
    5.9882
    6.0931
    6.1980
    6.2942
    6.3890
    6.4799
    6.5798
    6.6757
    6.7787
    6.8807
    6.9897
    7.0917
    7.1995
    7.3079
    7.4202
    7.5351
    7.6535
    7.7673
    7.8946
    8.0260
    8.1563
    8.2977
    8.4414
    8.5768
    8.7163
    8.8428
    8.9650
    9.0765
    9.1921
    9.3035
    9.4249
    9.5502
    9.6856
    9.8142
    9.9503
   10.0803
   10.2002
   10.3218
   10.4514
   10.5853
   10.7295
   10.8785
   11.0303
   11.1775
   11.3296
   11.4811
   11.6346
   11.7863
   11.9407
   12.0937
   12.2490
   12.4041
   12.5589
   12.7140
   12.8725
   13.0249
   13.1830
   13.3399
   13.4939
   13.6445
   13.7988
   13.9461
   14.1037
   14.2658
   14.4327
   14.6019
   14.7758
   14.9411
   15.1072
   15.2699
   15.4353
   15.5915
   15.7562
   15.9124
   16.0721
   16.2286
   16.3818
   16.5307
   16.6824
   16.8229
   16.9614
   17.0957
   17.2242
   17.3455
   17.4794
   17.6157
   17.7562
   17.8996
   18.0546
   18.2028
   18.3574
   18.5040
   18.6450
   18.7737
   18.9096
   19.0335
   19.1639
   19.3008
   19.4364
   19.5606
   19.6791
   19.7890
   19.8918
   19.9929
   20.0930
   20.1912
   20.2877
   20.3852
   20.4802
   20.5732
   20.6640
   20.7514
   20.8352
   20.9177
   20.9986
   21.0787
   21.1632
   21.2444
   21.3260
   21.4062
   21.4884
   21.5685
   21.6552
   21.7427
   21.8238
   21.9080
   21.9926
   22.0755
   22.1593
   22.2465
   22.3306
   22.4143
   22.5020
   22.5840
   22.6710
   22.7583
   22.8488
   22.9375
   23.0343
   23.1285
   23.2178
   23.3040
   23.3915
   23.4768
   23.5650
   23.6545
   23.7403
   23.8333
   23.9259
   24.0155
   24.1039
   24.1898
   24.2774
   24.3640
   24.4470
   24.5259
   24.6058
   24.6854
   24.7629
   24.8378
   24.9184
   24.9991
   25.0770
   25.1554
   25.2350
   25.3157
   25.3988
   25.4805
   25.5596
   25.6412
   25.7241
   25.8051
   25.8911
   25.9708
   26.0507
   26.1287
   26.2066
   26.2842
   26.3616
   26.4377
   26.5091
   26.5864
   26.6563
   26.7257
   26.7862
   26.8513
   26.9152
   26.9796
   27.0458
   27.1083
   27.1758
   27.2388
   27.3067
   27.3706
   27.4338
   27.4921
   27.5538
   27.6062
   27.6579
   27.6969
   27.7392
   27.7791
   27.8172
   27.8562
   27.8978
   27.9352
   27.9661
   27.9944
   28.0232
   28.0561
   28.0839
   28.1087
   28.1300
   28.1555
   28.1836
   28.2084
   28.2400
   28.2727
   28.3042
   28.3402
   28.3773
   28.4063
   28.4375
   28.4594
   28.4841
   28.5020
   28.5182
   28.5272
   28.5346
   28.5432
   28.5479
   28.5484
   28.5484
   28.5418
   28.5417
   28.5384
   28.5373
   28.5334
   28.5274
   28.5205
   28.5120
   28.5055
   28.4948
   28.4871
   28.4754
   28.4694
   28.4616
   28.4539
   28.4444
   28.4330
   28.4215
   28.4042
   28.3906
   28.3679
   28.3457
   28.3272
   28.3124
   28.2920
   28.2762
   28.2595
   28.2495
   28.2346
   28.2254
   28.2112
   28.1950
   28.1701
   28.1523
   28.1347
   28.1211
   28.1009
   28.0762
   28.0555
   28.0413
   28.0308
   28.0100
   27.9897
   27.9711
   27.9465
   27.9262
   27.9035
   27.8771
   27.8482
   27.8246
   27.7981
   27.7791
   27.7551
   27.7341
   27.7151
   27.6998
   27.6865
   27.6740
   27.6663
   27.6611
   27.6578
   27.6615
   27.6624
   27.6677
   27.6744
   27.6809
   27.6853
   27.6906
   27.6972
   27.7102
   27.7191
   27.7248
   27.7301
   27.7322
   27.7380
   27.7427
   27.7461
   27.7495
   27.7525
   27.7506
   27.7484
   27.7503
   27.7481
   27.7441
   27.7324
   27.7166
   27.6947
   27.6712
   27.6490
   27.6207
   27.5973
   27.5828
   27.5683
   27.5566
   27.5391
   27.5206
   27.4965
   27.4763
   27.4530
   27.4333
   27.4075
   27.3821
   27.3555
   27.3244
   27.2929
   27.2633
   27.2285
   27.1889
   27.1442
   27.1061
   27.0653
   27.0224
   26.9774
   26.9400
   26.9010
   26.8628
   26.8191
   26.7747
   26.7308
   26.6847
   26.6367
   26.5878
   26.5332
   26.4765
   26.4198
   26.3577
   26.2932
   26.2278
   26.1594
   26.0917
   26.0197
   25.9461
   25.8711
   25.7925
   25.7220
   25.6416
   25.5596
   25.4788
   25.3969
   25.3120
   25.2303
   25.1450
   25.0601
   24.9775
   24.8954
   24.8148
   24.7355
   24.6570
   24.5788
   24.4946
   24.4132
   24.3257
   24.2329
   24.1408
   24.0480
   23.9601
   23.8695
   23.7839
   23.6983
   23.6123
   23.5254
   23.4344
   23.3394
   23.2436
   23.1501
   23.0635
   22.9745
   22.8847
   22.7988
   22.7171
   22.6309
   22.5451
   22.4574
   22.3725
   22.2823
   22.1930
   22.1012
   22.0172
   21.9263
   21.8328
   21.7378
   21.6435
   21.5464
   21.4445
   21.3496
   21.2456
   21.1451
   21.0438
   20.9420
   20.8370
   20.7311
   20.6253
   20.5191
   20.4182
   20.3170
   20.2177
   20.1226
   20.0253
   19.9269
   19.8309
   19.7350
   19.6411
   19.5501
   19.4554
   19.3596
   19.2633
   19.1671
   19.0660
   18.9677
   18.8707
   18.7725
   18.6730
   18.5748
   18.4746
   18.3711
   18.2659
   18.1539
   18.0396
   17.9260
   17.8121
   17.6993
   17.5809
   17.4662
   17.3527
   17.2454
   17.1364
   17.0202
   16.9077
   16.7919
   16.6856
   16.5698
   16.4545
   16.3375
   16.2249
   16.1137
   16.0036
   15.8920
   15.7800
   15.6652
   15.5563
   15.4411
   15.3279
   15.2139
   15.1045
   14.9982
   14.8825
   14.7725
   14.6653
   14.5592
   14.4521
   14.3494
   14.2418
   14.1326
   14.0284
   13.9156
   13.8048
   13.6809
   13.5600
   13.4403
   13.3218
   13.1992
   13.0795
   12.9602
   12.8401
   12.7188
   12.5970
   12.4765
   12.3609
   12.2501
   12.1394
   12.0270
   11.9212
   11.8145
   11.7083
   11.6053
   11.5056
   11.4089
   11.3149
   11.2233
   11.1338
   11.0447
   10.9532
   10.8644
   10.7745
   10.6894
   10.6040
   10.5136
   10.4329
   10.3478
   10.2685
   10.1817
   10.1020
   10.0230
    9.9462
    9.8677
    9.7896
    9.7095
    9.6301
    9.5525
    9.4764
    9.4025
    9.3350
    9.2671
    9.1972
    9.1268
    9.0618
    9.0005
    8.9396
    8.8758
    8.8154
    8.7566
    8.6953
    8.6364
    8.5813
    8.5272
    8.4782
    8.4323
    8.3898
    8.3423
    8.2964
    8.2481
    8.2021
    8.1583
    8.1111
    8.0664
    8.0209
    7.9773
    7.9354
    7.8885
    7.8473
    7.8045
    7.7653
    7.7221
    7.6855
    7.6443
    7.6046
    7.5601
    7.5172
    7.4743
    7.4355
    7.3967
    7.3513
    7.3121
    7.2720
    7.2348
    7.1943
    7.1517
    7.1165
    7.0736
    7.0351
    6.9933
    6.9544
    6.9118
    6.8708
    6.8289
    6.7871
    6.7424
    6.6993
    6.6566
    6.6163
    6.5732
    6.5288
    6.4860
    6.4391
    6.3910
    6.3462
    6.2972
    6.2460
    6.1916
    6.1385
    5.8827
    5.6368
    5.3968
    5.1631
    4.9350
    4.7057
    4.4849
    4.2652
    4.0563
    3.8526
    3.6460
    3.4398
    3.2360
    3.0318
    2.8304
    2.6278
    2.4283
    2.2313
    2.0335
    1.8373
    1.6410
    1.4513
    1.2644
    1.0763
    0.8843
    0.6961
    0.5111
    0.3314
    0.1430
   -0.0347
