   -6.1485
   -6.1740
   -6.1958
   -6.2223
   -6.2530
   -6.2893
   -6.3273
   -6.3650
   -6.4016
   -6.4405
   -6.4721
   -6.5034
   -6.5342
   -6.5660
   -6.6010
   -6.6401
   -6.6727
   -6.7079
   -6.7470
   -6.7871
   -6.8268
   -6.8693
   -6.9151
   -6.9667
   -7.0183
   -7.0721
   -7.1225
   -7.1715
   -7.2194
   -7.2597
   -7.2999
   -7.2423
   -7.1810
   -7.1154
   -7.0475
   -6.9849
   -6.9242
   -6.8608
   -6.7960
   -6.7289
   -6.6635
   -6.5969
   -6.5298
   -6.4631
   -6.4096
   -6.3555
   -6.3036
   -6.2519
   -6.2048
   -6.1525
   -6.1065
   -6.0674
   -6.0329
   -6.0012
   -5.9751
   -5.9497
   -5.9293
   -5.9067
   -5.8852
   -5.8664
   -5.8538
   -5.8418
   -5.8318
   -5.8247
   -5.8148
   -5.8028
   -5.7922
   -5.7847
   -5.7792
   -5.7802
   -5.7765
   -5.7781
   -5.7807
   -5.7886
   -5.7980
   -5.8029
   -5.8091
   -5.8243
   -5.8396
   -5.8558
   -5.8732
   -5.8933
   -5.9133
   -5.9324
   -5.9499
   -5.9716
   -5.9910
   -6.0080
   -6.0284
   -6.0517
   -6.0763
   -6.1024
   -6.1316
   -6.1610
   -6.1919
   -6.2268
   -6.2540
   -6.2794
   -6.3023
   -6.3240
   -6.3454
   -6.3634
   -6.3796
   -6.4013
   -6.4227
   -6.4384
   -6.4566
   -6.4755
   -6.4948
   -6.5135
   -6.5352
   -6.5558
   -6.5751
   -6.5910
   -6.6040
   -6.6159
   -6.6291
   -6.6406
   -6.6507
   -6.6610
   -6.6683
   -6.6727
   -6.6786
   -6.6827
   -6.6844
   -6.6923
   -6.6987
   -6.7051
   -6.7098
   -6.7165
   -6.7213
   -6.7287
   -6.7296
   -6.7294
   -6.7242
   -6.7195
   -6.7158
   -6.7143
   -6.7136
   -6.7156
   -6.7156
   -6.7169
   -6.7169
   -6.7211
   -6.7236
   -6.7242
   -6.7194
   -6.7149
   -6.7105
   -6.7005
   -6.6875
   -6.6707
   -6.6524
   -6.6196
   -6.5969
   -6.5709
   -6.5420
   -6.5187
   -6.4979
   -6.4752
   -6.4511
   -6.4324
   -6.4065
   -6.3852
   -6.3580
   -6.3286
   -6.2935
   -6.2551
   -6.2100
   -6.1626
   -6.1099
   -6.0501
   -5.9879
   -5.9224
   -5.8566
   -5.7855
   -5.7154
   -5.6388
   -5.5605
   -5.4791
   -5.3963
   -5.3130
   -5.2268
   -5.1416
   -5.0561
   -4.9736
   -4.8861
   -4.8022
   -4.7177
   -4.6355
   -4.5548
   -4.4716
   -4.3926
   -4.3211
   -4.2502
   -4.1808
   -4.1091
   -4.0365
   -3.9626
   -3.8853
   -3.8092
   -3.7367
   -3.6600
   -3.5781
   -3.4950
   -3.4141
   -3.3310
   -3.2518
   -3.1694
   -3.0902
   -3.0156
   -2.9454
   -2.8724
   -2.8089
   -2.7574
   -2.6936
   -2.6347
   -2.5790
   -2.5216
   -2.4617
   -2.4067
   -2.3517
   -2.2925
   -2.2436
   -2.1905
   -2.1406
   -2.0918
   -2.0459
   -2.0031
   -1.9663
   -1.9305
   -1.8967
   -1.8691
   -1.8415
   -1.8152
   -1.7906
   -1.7715
   -1.7512
   -1.7394
   -1.7301
   -1.7235
   -1.7198
   -1.7152
   -1.7177
   -1.7167
   -1.7182
   -1.7181
   -1.7219
   -1.7235
   -1.7237
   -1.7177
   -1.7105
   -1.7042
   -1.6920
   -1.6762
   -1.6570
   -1.6380
   -1.6195
   -1.6015
   -1.5817
   -1.5613
   -1.5390
   -1.5193
   -1.5059
   -1.4965
   -1.4851
   -1.4723
   -1.4671
   -1.4609
   -1.4616
   -1.4613
   -1.4653
   -1.4705
   -1.4839
   -1.4936
   -1.5045
   -1.5170
   -1.5308
   -1.5408
   -1.5511
   -1.5611
   -1.5724
   -1.5857
   -1.6003
   -1.6129
   -1.6279
   -1.6442
   -1.6630
   -1.6865
   -1.7110
   -1.7331
   -1.7611
   -1.7910
   -1.8240
   -1.8576
   -1.8937
   -1.9352
   -1.9793
   -2.0233
   -2.0612
   -2.0929
   -2.1219
   -2.1490
   -2.1777
   -2.1996
   -2.2241
   -2.2469
   -2.2739
   -2.2994
   -2.3220
   -2.3458
   -2.3699
   -2.3957
   -2.4245
   -2.4581
   -2.4961
   -2.5422
   -2.5887
   -2.6352
   -2.6808
   -2.7263
   -2.7719
   -2.8173
   -2.8596
   -2.8957
   -2.9294
   -2.9628
   -2.9966
   -3.0261
   -3.0562
   -3.0812
   -3.1055
   -3.1258
   -3.1439
   -3.1603
   -3.1715
   -3.1836
   -3.1960
   -3.2055
   -3.2165
   -3.2261
   -3.2362
   -3.2450
   -3.2538
   -3.2623
   -3.2750
   -3.2887
   -3.3024
   -3.3178
   -3.3296
   -3.3427
   -3.3558
   -3.3630
   -3.3677
   -3.3697
   -3.3700
   -3.3664
   -3.3616
   -3.3528
   -3.3449
   -3.3407
   -3.3407
   -3.3440
   -3.3470
   -3.3500
   -3.3542
   -3.3562
   -3.3550
   -3.3495
   -3.3443
   -3.3431
   -3.3412
   -3.3423
   -3.3416
   -3.3397
   -3.3349
   -3.3297
   -3.3186
   -3.3056
   -3.2890
   -3.2710
   -3.2511
   -3.2319
   -3.2097
   -3.1876
   -3.1664
   -3.1436
   -3.1227
   -3.1015
   -3.0813
   -3.0605
   -3.0413
   -3.0240
   -3.0055
   -2.9877
   -2.9722
   -2.9560
   -2.9372
   -2.9187
   -2.9006
   -2.8837
   -2.8659
   -2.8533
   -2.8424
   -2.8312
   -2.8190
   -2.8061
   -2.7913
   -2.7797
   -2.7639
   -2.7518
   -2.7403
   -2.7307
   -2.7222
   -2.7183
   -2.7170
   -2.7174
   -2.7190
   -2.7200
   -2.7210
   -2.7217
   -2.7221
   -2.7194
   -2.7148
   -2.7113
   -2.7058
   -2.7022
   -2.7012
   -2.7016
   -2.7023
   -2.7027
   -2.7008
   -2.7013
   -2.7014
   -2.7032
   -2.7059
   -2.7100
   -2.7105
   -2.7112
   -2.7114
   -2.7145
   -2.7215
   -2.7312
   -2.7392
   -2.7499
   -2.7609
   -2.7728
   -2.7850
   -2.7974
   -2.8045
   -2.8126
   -2.8223
   -2.8314
   -2.8392
   -2.8483
   -2.8538
   -2.8521
   -2.8527
   -2.8503
   -2.8496
   -2.8476
   -2.8423
   -2.8351
   -2.8219
   -2.8012
   -2.7745
   -2.7440
   -2.7052
   -2.6612
   -2.6077
   -2.5518
   -2.4911
   -2.4254
   -2.3577
   -2.2934
   -2.2296
   -2.1686
   -2.1092
   -2.0505
   -1.9854
   -1.9198
   -1.8515
   -1.7835
   -1.7175
   -1.6532
   -1.5889
   -1.5268
   -1.4629
   -1.3982
   -1.3346
   -1.2710
   -1.2061
   -1.1483
   -1.0988
   -1.0535
   -1.0077
   -0.9550
   -0.8980
   -0.8410
   -0.7788
   -0.7155
   -0.6535
   -0.5896
   -0.5312
   -0.4772
   -0.4294
   -0.3842
   -0.3394
   -0.2967
   -0.2492
   -0.2031
   -0.1540
   -0.0984
   -0.0394
    0.0251
    0.0979
    0.1733
    0.2450
    0.3218
    0.3909
    0.4633
    0.5298
    0.5894
    0.6424
    0.6901
    0.7313
    0.7674
    0.8004
    0.8291
    0.8528
    0.8733
    0.8905
    0.9047
    0.9156
    0.9249
    0.9368
    0.9513
    0.9692
    0.9877
    1.0078
    1.0243
    1.0424
    1.0568
    1.0749
    1.0937
    1.1081
    1.1337
    1.1567
    1.1787
    1.2004
    1.2185
    1.2335
    1.2459
    1.2623
    1.2858
    1.3137
    1.3412
    1.3605
    1.3755
    1.3902
    1.4020
    1.4167
    1.4373
    1.4657
    1.5064
    1.5556
    1.6147
    1.6781
    1.7438
    1.8098
    1.8716
    1.9280
    1.9802
    2.0258
    2.0665
    2.1009
    2.1281
    2.1484
    2.1660
    2.1800
    2.1979
    2.2135
    2.2313
    2.2564
    2.2841
    2.3184
    2.3540
    2.3890
    2.4253
    2.4593
    2.4907
    2.5200
    2.5497
    2.5783
    2.6108
    2.6423
    2.6727
    2.7048
    2.7388
    2.7752
    2.8083
    2.8380
    2.8654
    2.8900
    2.9112
    2.9317
    2.9547
    2.9658
    2.9801
    2.9967
    3.0116
    3.0307
    3.0512
    3.0755
    3.0951
    3.1204
    3.1443
    3.1712
    3.2034
    3.2340
    3.2668
    3.2984
    3.3256
    3.3479
    3.3603
    3.3677
    3.3703
    3.3695
    3.3693
    3.3678
    3.3712
    3.3750
    3.3824
    3.3925
    3.4078
    3.4231
    3.4442
    3.4663
    3.4878
    3.5131
    3.5332
    3.5534
    3.5759
    3.5982
    3.6216
    3.6475
    3.6674
    3.6909
    3.7128
    3.7303
    3.7484
    3.7652
    3.7837
    3.8029
    3.8248
    3.8444
    3.8667
    3.8892
    3.9106
    3.9293
    3.9507
    3.9714
    3.9954
    4.0154
    4.0380
    4.0579
    4.0811
    4.1028
    4.1242
    4.1469
    4.1689
    4.1976
    4.2245
    4.2572
    4.2846
    4.3145
    4.3435
    4.3761
    4.4066
    4.4378
    4.4680
    4.4998
    4.5293
    4.5615
    4.5944
    4.6295
    4.6644
    4.6986
    4.7334
    4.7679
    4.8040
    4.8342
    4.8699
    4.9076
    4.9470
    4.9871
    5.0265
    5.0620
    5.0929
    5.1259
    5.1525
    5.1868
    5.2233
    5.2545
    5.2918
    5.3217
    5.3455
    5.3733
    5.3982
    5.4251
    5.4552
    5.4846
    5.5160
    5.5521
    5.5809
    5.6113
    5.6419
    5.6741
    5.7049
    5.7370
    5.7728
    5.8060
    5.8394
    5.8675
    5.9003
    5.9354
    5.9775
    6.0152
    6.0523
    6.0872
    6.1234
    6.1626
    6.2004
    6.2416
    6.2800
    6.3208
    6.3675
    6.4164
    6.4707
    6.5264
    6.5816
    6.6413
    6.7000
    6.7722
    6.8452
    6.9182
    7.0048
    7.0876
    7.1711
    7.2613
    7.3522
    7.4381
    7.5329
    7.6253
    7.7151
    7.8061
    7.8914
    7.9754
    8.0610
    8.1515
    8.2408
    8.3337
    8.4231
    8.5119
    8.5997
    8.6852
    8.7723
    8.8612
    8.9481
    9.0379
    9.1241
    9.2121
    9.3024
    9.3883
    9.4693
    9.5566
    9.6413
    9.7211
    9.7987
    9.8804
    9.9625
   10.0478
   10.1315
   10.2212
   10.3140
   10.4028
   10.4939
   10.5839
   10.6764
   10.7754
   10.8815
   10.9847
   11.0820
   11.1770
   11.2679
   11.3586
   11.4479
   11.5398
   11.6266
   11.7080
   11.7914
   11.8702
   11.9482
   12.0233
   12.0892
   12.1540
   12.2158
   12.2664
   12.3243
   12.3743
   12.4224
   12.4662
   12.5097
   12.5451
   12.5762
   12.6068
   12.6385
   12.6743
   12.7161
   12.7551
   12.7962
   12.8399
   12.8838
   12.9354
   12.9870
   13.0405
   13.0955
   13.1490
   13.2108
   13.2743
   13.3377
   13.4086
   13.4801
   13.5475
   13.6224
   13.6942
   13.7694
   13.8438
   13.9282
   14.0129
   14.0932
   14.1713
   14.2448
   14.3190
   14.3939
   14.4728
   14.5606
   14.6498
   14.7424
   14.8407
   14.9341
   15.0259
   15.1153
   15.2075
   15.3013
   15.3968
   15.4966
   15.6010
   15.7030
   15.8040
   15.9056
   16.0094
   16.1133
   16.2221
   16.3265
   16.4308
   16.5295
   16.6357
   16.7398
   16.8406
   16.9512
   17.0635
   17.1813
   17.2996
   17.4217
   17.5467
   17.6712
   17.7922
   17.9156
   18.0362
   18.1602
   18.2808
   18.4052
   18.5298
   18.6500
   18.7735
   18.9003
   19.0253
   19.1582
   19.2825
   19.4074
   19.5284
   19.6459
   19.7614
   19.8775
   19.9947
   20.1099
   20.2213
   20.3322
   20.4379
   20.5416
   20.6478
   20.7551
   20.8587
   20.9645
   21.0636
   21.1646
   21.2585
   21.3479
   21.4314
   21.5057
   21.5833
   21.6622
   21.7483
   21.8330
   21.9110
   21.9926
   22.0738
   22.1458
   22.2128
   22.2876
   22.3626
   22.4324
   22.5010
   22.5699
   22.6428
   22.7143
   22.7910
   22.8649
   22.9368
   23.0201
   23.0894
   23.1598
   23.2299
   23.3068
   23.3780
   23.4465
   23.5206
   23.5880
   23.6557
   23.7217
   23.7841
   23.8428
   23.8924
   23.9470
   23.9931
   24.0343
   24.0744
   24.1061
   24.1363
   24.1663
   24.1923
   24.2264
   24.2532
   24.2874
   24.3192
   24.3442
   24.3728
   24.4062
   24.4453
   24.4843
   24.5217
   24.5617
   24.5971
   24.6391
   24.6794
   24.7290
   24.7695
   24.8115
   24.8509
   24.8865
   24.9235
   24.9576
   24.9874
   25.0092
   25.0401
   25.0720
   25.1000
   25.1290
   25.1614
   25.1988
   25.2306
   25.2659
   25.3032
   25.3445
   25.3779
   25.4078
   25.4367
   25.4627
   25.4886
   25.5158
   25.5391
   25.5743
   25.6013
   25.6289
   25.6535
   25.6781
   25.7070
   25.7386
   25.7767
   25.8169
   25.8590
   25.9031
   25.9500
   25.9968
   26.0354
   26.0780
   26.1208
   26.1628
   26.2074
   26.2514
   26.3008
   26.3559
   26.3992
   26.4486
   26.4830
   26.5166
   26.5603
   26.5979
   26.6273
   26.6511
   26.6738
   26.6977
   26.7237
   26.7482
   26.7674
   26.7895
   26.8026
   26.8184
   26.8352
   26.8525
   26.8713
   26.8877
   26.9055
   26.9247
   26.9456
   26.9573
   26.9677
   26.9801
   26.9833
   26.9885
   26.9881
   26.9859
   26.9786
   26.9713
   26.9632
   26.9554
   26.9529
   26.9536
   26.9497
   26.9482
   26.9468
   26.9391
   26.9315
   26.9219
   26.9080
   26.8927
   26.8812
   26.8636
   26.8336
   26.8077
   26.7718
   26.7346
   26.6917
   26.6463
   26.6042
   26.5707
   26.5372
   26.4963
   26.4544
   26.4102
   26.3564
   26.2916
   26.2182
   26.1382
   26.0534
   25.9688
   25.8883
   25.7965
   25.7105
   25.6293
   25.5493
   25.4699
   25.4045
   25.3388
   25.2825
   25.2251
   25.1638
   25.1010
   25.0355
   24.9772
   24.9234
   24.8586
   24.7852
   24.7116
   24.6414
   24.5721
   24.5068
   24.4539
   24.3960
   24.3431
   24.2837
   24.2168
   24.1464
   24.0760
   24.0083
   23.9441
   23.8763
   23.8019
   23.7232
   23.6461
   23.5613
   23.4699
   23.3746
   23.2752
   23.1798
   23.0794
   22.9813
   22.8783
   22.7770
   22.6737
   22.5650
   22.4569
   22.3532
   22.2485
   22.1502
   22.0486
   21.9388
   21.8323
   21.7299
   21.6283
   21.5355
   21.4476
   21.3669
   21.2925
   21.2275
   21.1614
   21.0969
   21.0324
   20.9743
   20.9145
   20.8552
   20.7919
   20.7250
   20.6435
   20.5563
   20.4611
   20.3689
   20.2733
   20.1828
   20.0927
   19.9945
   19.8958
   19.8063
   19.7289
   19.6448
   19.5555
   19.4581
   19.3538
   19.2394
   19.1251
   19.0074
   18.8980
   18.7942
   18.6908
   18.5829
   18.4703
   18.3485
   18.2291
   18.1081
   17.9810
   17.8500
   17.7129
   17.5859
   17.4562
   17.3249
   17.1843
   17.0453
   16.9012
   16.7563
   16.6102
   16.4677
   16.3243
   16.1896
   16.0584
   15.9316
   15.8074
   15.6842
   15.5575
   15.4193
   15.2759
   15.1251
   14.9728
   14.8196
   14.6644
   14.5055
   14.3478
   14.1925
   14.0388
   13.8833
   13.7231
   13.5626
   13.3971
   13.2377
   13.0747
   12.9092
   12.7483
   12.5927
   12.4383
   12.2843
   12.1228
   11.9650
   11.8020
   11.6322
   11.4607
   11.2860
   11.1198
   10.9527
   10.7935
   10.6337
   10.4825
   10.3338
   10.1818
   10.0333
    9.8879
    9.7389
    9.5940
    9.4459
    9.2992
    9.1442
    8.9927
    8.8397
    8.6911
    8.5413
    8.3845
    8.2327
    8.0848
    7.9494
    7.8272
    7.7153
    7.6131
    7.5093
    7.4070
    7.2952
    7.1800
    7.0526
    6.9158
    6.7727
    6.6272
    6.4821
    6.3493
    6.2177
    6.0954
    5.9671
    5.8393
    5.7193
    5.5920
    5.4565
    5.3221
    5.1934
    5.0716
    4.9547
    4.8517
    4.7501
    4.6439
    4.5393
    4.4336
    4.3179
    4.2044
    4.0912
    3.9837
    3.8798
    3.7680
    3.6584
    3.5507
    3.4424
    3.3356
    3.2269
    3.1153
    3.0050
    2.8958
    2.7754
    2.6568
    2.5399
    2.4174
    2.2902
    2.1732
    2.0509
    1.9339
    1.8195
    1.7085
    1.6038
    1.5051
    1.4091
    1.3217
    1.2360
    1.1451
    1.0521
    0.9479
    0.8317
    0.7048
    0.5685
    0.4339
    0.2960
    0.1699
    0.0427
   -0.0777
   -0.1910
   -0.3032
   -0.4105
   -0.5153
   -0.6200
   -0.7183
   -0.8090
   -0.8957
   -0.9792
   -1.0734
   -1.1616
   -1.2391
   -1.3113
   -1.3793
   -1.4536
   -1.5267
   -1.6120
   -1.6955
   -1.7795
   -1.8617
   -1.9310
   -1.9970
   -2.0717
   -2.1493
   -2.2218
   -2.2947
   -2.3589
   -2.4196
   -2.4794
   -2.5357
   -2.5873
   -2.6355
   -2.6784
   -2.7187
   -2.7583
   -2.7938
   -2.8282
   -2.8571
   -2.8825
   -2.9055
   -2.9276
   -2.9468
   -2.9661
   -2.9854
   -2.9922
   -3.0064
   -3.0261
   -3.0436
   -3.0629
   -3.0805
   -3.0971
   -3.1138
   -3.1281
   -3.1401
   -3.1527
   -3.1700
   -3.1804
   -3.1845
   -3.1842
   -3.1799
   -3.1774
   -3.1662
   -3.1547
   -3.1424
   -3.1282
   -3.1196
   -3.1121
   -3.1184
   -3.1253
   -3.1358
   -3.1411
   -3.1437
   -3.1552
   -3.1716
   -3.1964
   -3.2142
   -3.2325
   -3.2442
   -3.2550
   -3.2595
   -3.2587
   -3.2638
   -3.2678
   -3.2674
   -3.2659
   -3.2711
   -3.2745
   -3.2742
   -3.2751
   -3.2698
   -3.2571
   -3.2479
   -3.2426
   -3.2329
   -3.2268
   -3.2140
   -3.2001
   -3.1887
   -3.1833
   -3.1794
   -3.1690
   -3.1673
   -3.1618
   -3.2776
   -3.3962
   -3.5209
   -3.6414
   -3.7534
   -3.8660
   -3.9763
   -4.0879
   -4.1980
   -4.3030
   -4.4054
   -4.5023
   -4.5932
   -4.6687
   -4.7453
   -4.8211
   -4.9018
   -4.9849
   -5.0694
   -5.1557
   -5.2388
   -5.3175
   -5.3970
   -5.4689
   -5.5382
   -5.6002
   -5.6649
   -5.7252
   -5.7856
   -5.8407
