28014.1777
28014.1914
28014.3301
28014.2305
28014.3945
28014.1211
28014.0098
28013.7109
28013.9609
28013.5625
28013.2012
28013.1660
28013.0781
28013.3672
28012.8789
28013.3301
28013.2559
28013.3066
28013.7090
28013.4727
28013.6113
28013.4219
28013.0742
28013.0996
28012.8125
28012.7383
28012.5273
28012.4648
28012.2676
28012.0293
28012.0547
28011.8691
28011.6562
28011.7832
28011.6211
28011.0957
28011.1211
28010.7832
28010.7227
28010.5098
28010.8223
28011.1113
28010.7227
28010.7852
28010.6113
28010.3965
28010.4375
28010.0859
28010.0859
28009.7891
28009.9883
28009.1113
28008.9492
28008.5117
28008.0996
28007.3672
28007.4551
28006.9414
28006.9902
28007.3047
28007.1641
28006.6777
28006.4531
28006.6289
28006.3438
28005.8926
28005.9766
28005.6133
28005.3594
28004.9922
28004.8086
28004.7461
28004.3398
28004.0098
28004.1211
28003.3438
28003.2168
28003.2930
28002.6172
28002.2051
28001.4512
28000.7520
28000.3281
28000.0566
28000.0449
27999.7832
27999.2441
27999.5449
27999.2910
27998.6035
27998.1758
27997.3672
27997.2969
27997.0176
27996.8008
27996.7207
27996.2852
27996.0332
27995.7695
27995.6445
27995.8672
27995.4805
27995.0156
27994.6895
27994.3945
27994.1582
27994.2207
27994.1250
27993.8379
27994.1250
27993.9375
27993.5840
27993.7070
27993.4902
27993.0879
27992.9121
27993.2168
27992.8281
27993.1035
27993.4453
27993.1035
27993.0723
27992.4082
27992.4551
27992.2305
27991.9199
27991.6699
27991.4180
27991.1289
27991.0039
27990.9746
27990.9551
27990.8848
27990.9727
27991.2363
27991.0078
27991.0410
27991.2285
27990.6875
27991.0078
27990.9258
27990.9727
27991.1367
27991.2715
27991.0371
27991.4668
27991.5195
27991.0527
27991.5059
27991.4707
27991.2578
27991.1797
27991.2988
27990.8867
27990.5742
27990.0742
27989.8848
27990.2383
27989.7383
27989.5781
27989.8789
27989.9629
27990.9238
27990.8906
27991.5195
27991.3320
27990.8730
27990.8418
27991.3379
27991.5801
27992.0098
27992.2422
27992.2871
27992.2754
27992.7070
27993.1484
27993.7793
27995.4043
27995.7715
27996.2676
27996.6113
27997.0117
27996.9336
27996.6562
27996.7676
27996.9688
27999.9492
28000.3809
28000.6367
28000.2598
28000.3906
28001.0781
28001.2539
28001.8535
28002.1641
28002.3516
28003.0391
28005.1211
28003.6387
28003.7266
28003.3281
28003.6387
28003.7598
28004.3594
28004.5703
28005.0020
28005.1699
28005.5020
28006.1152
28006.0723
28006.0977
28006.7090
28006.6113
28006.3125
28007.0020
28006.8262
28006.8711
28006.4160
28005.9844
28005.3184
28005.4102
28004.6426
28004.9219
28004.8105
28004.0684
28003.8906
28003.5586
28003.6484
28003.0723
28002.6172
28002.2402
28001.5059
28001.1074
28000.4629
28000.1074
27999.4648
27999.3203
27998.8652
27998.2559
27997.8770
27997.7344
27997.8457
27997.4668
27997.1445
27996.9902
27996.8906
27996.8809
27997.0234
27997.6348
27997.6348
27998.2715
27998.7930
27998.8496
27998.8711
27999.0371
27999.0391
27998.9062
27998.8281
27998.8281
27998.8730
27999.0762
27999.1309
27998.8086
27998.9199
27998.8438
27999.1543
27999.5234
27999.4004
27999.5801
27999.5684
28000.0820
28000.3184
28000.8086
28001.0176
28001.5391
28002.1055
28002.0957
28002.4551
28002.4219
28002.7461
28002.9219
28003.3789
28003.4590
28003.6172
28003.4629
28003.4961
28003.2734
28003.6855
28003.5176
28003.6719
28003.7695
28003.6348
28003.9688
28003.7676
28003.7246
28003.8047
28003.8691
28003.7031
28003.7695
28003.6367
28003.4355
28003.3359
28003.3359
28003.2031
28003.6133
28003.7129
28004.1367
28004.1074
28004.1758
28004.2656
28004.3301
28004.3613
28004.5312
28004.2637
28004.4102
28004.3535
28004.3105
28004.2891
28004.2480
28004.4375
28004.4180
28004.3965
28004.3652
28004.2969
28004.2402
28004.1836
28004.2051
28004.3145
28004.4258
28004.4570
28004.4004
28004.3340
28004.6250
28004.7246
28004.7676
28004.9551
28004.9668
28005.2363
28005.1895
28005.4004
28005.4316
28005.5215
28005.4434
28005.5527
28005.7539
28005.9336
28005.9336
28005.9023
28005.9805
28005.8828
28005.7246
28005.8242
28005.9453
28005.9453
28005.9570
28006.0566
28005.9688
28005.9785
28006.1465
28006.0371
28006.0371
28006.1172
28006.2188
28006.2969
28006.3770
28006.3672
28006.2773
28006.4355
28006.3359
28006.2383
28006.2266
28006.3281
28006.1699
28006.2910
28006.2598
28005.9805
28005.8594
28005.8906
28005.9121
28005.7441
28006.0547
28006.0547
28006.4141
28006.5723
28006.6426
28006.7441
28006.7637
28006.8164
28006.9473
28006.7070
28006.6074
28006.6094
28006.5781
28006.7480
28006.7188
28006.7090
28006.7988
28007.0781
28007.1992
28007.1992
28007.1992
28007.0879
28007.1797
28007.1914
28007.2402
28007.1309
28007.2598
28007.1406
28007.0547
28007.0918
28007.0410
28007.0020
28007.0117
28007.0625
28007.1133
28007.1152
28007.0645
28007.0449
28007.1855
28007.1152
28007.2070
28007.3066
28007.3164
28007.2383
28007.0176
28007.0371
28007.0586
28006.8496
28006.9004
28006.9004
28006.9297
28006.7285
28006.5605
28006.2891
28006.2402
28006.0918
28006.1504
28005.9824
28005.8809
28005.7617
28005.9434
28005.9531
28005.9238
28006.0820
28006.2734
28006.4336
28006.6035
28006.9648
28007.1543
28007.2656
28007.1758
28007.1953
28007.1953
28007.0762
28007.0664
28007.0273
28006.8984
28006.8789
28006.9199
28006.7910
28006.9023
28007.0117
28007.0547
28007.1543
28007.3242
28007.4961
28007.5879
28007.7578
28007.8379
28008.0098
28008.2617
28008.5625
28008.5938
28008.6465
28008.8691
28008.6602
28008.4707
28008.5410
28008.4414
28008.6660
28008.8262
28008.7988
28008.7188
28008.5488
28008.3398
28008.3398
28008.0996
28007.8613
28007.9512
28007.7734
28007.8633
28007.6367
28007.5762
28007.4941
28007.3242
28007.1836
28007.1211
28007.3809
28007.0195
28006.9453
28007.0449
28006.8926
28006.7324
28006.5625
28006.4395
28006.3066
28006.1543
28005.9844
28005.6035
28005.5039
28005.8555
28005.7656
28005.5039
28005.3945
28005.4961
28005.2227
28005.4062
28005.4062
28005.5059
28005.1445
28004.9922
28004.7773
28004.9238
28005.2070
28004.8828
28004.9922
28004.9102
28004.6055
28004.7441
28004.6895
28004.5195
28004.6289
28004.6367
28004.7188
28004.6465
28004.3477
28004.5273
28004.6992
28004.8730
28004.9258
28004.7539
28005.0879
28004.9688
28004.9492
28004.8223
28004.6660
28004.5684
28004.6289
28004.6738
28005.0273
28004.8730
28004.7637
28004.5742
28004.6836
28004.6758
28005.0391
28005.1562
28004.9570
28005.2285
28005.3203
28005.7930
28005.9648
28006.0371
28006.0098
28005.8926
28006.2383
28005.9473
28006.4004
28006.4922
28006.5020
28006.5293
28006.6660
28006.8223
28006.9414
28007.1504
28007.2324
28007.2051
28007.2695
28007.3613
28007.5332
28007.8164
28008.1055
28008.0977
28007.9258
28008.3809
28008.8359
28008.9160
28008.8262
28008.9355
28009.0078
28009.0645
28009.0391
28009.1113
28009.0938
28009.4590
28009.5488
28009.6504
28009.9336
28010.1328
28010.0430
28010.2344
28010.2070
28010.3555
28010.4277
28010.3027
28010.2578
28010.3945
28010.5488
28010.4590
28010.2969
28010.2344
28010.4160
28010.3359
28010.1797
28010.0898
28010.0000
28010.1719
28009.8105
28010.1836
28010.1016
28009.9941
28010.0840
28009.9043
28009.9785
28009.7227
28009.9160
28009.7324
28009.7246
28009.3438
28009.5254
28009.4629
28009.5625
28009.4727
28009.4824
28009.3926
28009.4824
28009.8574
28009.9570
28009.8672
28010.3242
28010.2402
28010.1855
28010.1875
28010.2773
28010.7441
28010.3809
28010.6621
28010.5723
28010.5898
28010.8477
28010.6738
28010.6562
28010.7402
28011.0234
28011.1074
28011.0254
28011.3008
28011.3926
28011.7500
28011.8594
28011.9590
28012.2344
28012.1777
28012.5430
28012.4531
28012.8926
28013.1113
28013.0195
28012.9785
28013.1875
28013.4707
28012.9316
28013.3809
28013.1152
28013.1426
28013.3750
28013.4746
28013.6602
28013.2695
28013.3945
28013.3223
28012.9570
28013.0645
28013.1562
28012.8281
28012.8105
28012.7012
28012.5781
28012.7715
28013.1113
28013.4863
28013.1465
28013.3301
28013.5215
28013.9629
28013.7070
28013.7090
28013.7930
28013.7930
28013.6348
28013.3281
28013.4199
28013.4453
28013.2734
28013.2754
28013.3652
28013.2910
28013.4238
28012.8672
28013.1426
28012.7773
28012.8789
28012.6602
28012.5879
28013.0547
28012.9629
28013.1797
28012.8086
28013.0996
28013.1914
28012.9434
28013.0918
28012.9199
28012.5020
28012.6953
28012.7793
28012.7031
28013.0801
28012.6719
28013.1406
28012.8418
28012.3398
28012.1738
28012.6172
28012.4590
28012.8086
28012.5527
28012.8516
28012.5039
28013.2129
28013.1797
28013.3496
28013.4238
28013.6992
28013.0586
28012.9590
28013.3691
28012.7832
28013.2598
28013.4629
28013.6211
28013.4316
28013.2461
28013.5742
28013.7441
28013.9590
28013.4941
28013.5098
28013.0684
28013.8789
28013.5293
28013.5449
28013.2461
28013.1348
28013.6309
28013.2871
28013.1895
28012.9980
28012.9102
28012.4961
28012.9492
28012.5566
28012.7812
28012.6582
28012.7656
28012.6836
28012.4844
28012.4082
28012.2402
28011.9727
28012.6504
28012.4414
28012.5605
28012.5605
28012.1914
28012.8047
28012.6621
28012.6465
28012.9141
28013.0156
28013.0840
28013.2520
28012.7012
28012.9395
28012.5117
28012.7871
28012.9805
28012.9102
28013.0820
28013.0215
28012.8965
28013.2754
28012.9844
28012.6992
28012.4531
28012.3008
28012.5547
28012.4785
28012.8164
28012.8789
28012.9648
28012.7500
28013.0195
28012.8340
28012.9297
28012.7520
28012.2598
28012.7461
28012.6543
28012.5859
28012.3164
28012.7109
28012.7715
28012.7949
28012.7051
28012.8652
28012.8594
28012.9453
28012.6914
28013.0996
28013.1992
28013.1152
28013.0938
28013.1855
28012.7324
28012.9961
28012.6348
28012.5273
28011.8809
28012.3672
28012.4531
28012.0684
28012.3691
28012.2773
28012.7559
28012.6406
28012.8398
28013.0195
28012.9199
28013.0059
28013.5137
28013.2363
28013.9082
28013.6543
28013.4551
28013.4941
28013.3926
28013.5859
28013.5254
28013.6484
28013.4629
28013.2090
28013.2168
28013.2402
28013.2266
28013.2559
28013.2793
28013.2109
28013.2188
28013.2109
28013.0469
28013.1699
28013.2949
28013.1016
28012.8398
28013.0391
28013.3027
28013.1406
28013.2461
28013.2695
28013.7559
28014.1484
28014.3789
28014.6562
28014.5801
28014.8008
28014.8379
28014.8242
28014.8047
28014.8711
28014.7988
28014.5703
28014.7695
28015.0566
28015.2559
28015.0781
28015.2930
28015.3848
28015.3555
28015.3145
28015.4883
28015.1230
28015.6875
28016.0098
28016.8223
28017.4648
28017.9434
28017.9375
28017.8262
28017.6172
28017.7305
28017.4473
28017.5332
28017.1055
28017.3105
28017.1270
28017.1973
28017.2344
28017.2051
28017.3984
28017.6699
28017.6133
28017.6914
28017.7773
28017.5938
28017.7930
28017.6504
28017.6445
28018.2070
28018.1719
28018.4883
28019.0742
28019.1582
28019.2754
28019.3887
28018.7031
28018.8730
28018.7812
28019.2461
28019.5332
28019.9766
28020.2129
28020.7480
28020.6641
28020.2852
28020.1133
28020.1934
28019.9141
28020.0215
28019.9375
28019.7227
28019.7227
28019.3438
28019.3301
28019.1445
28019.4961
28019.4961
28019.1445
28018.9883
28019.0957
28018.7090
28019.0820
28018.8086
28018.8887
28018.8301
28018.3574
28018.6445
28018.1582
28017.9062
28018.1738
28017.8008
28017.5273
28017.7070
28017.4551
28017.8359
28017.5547
28018.1289
28018.0488
28018.5352
28018.6230
28019.0020
28019.0215
28019.4941
28019.1309
28019.7031
28020.0488
28019.6484
28020.0293
28020.2285
28020.4883
28021.1406
28021.2012
28021.5879
28022.0410
28022.5938
28022.5684
28022.8691
28022.6621
28022.5488
28022.7500
28022.6562
28022.4512
28022.2520
28021.8789
28021.9785
28021.9785
28021.8066
28021.8945
28021.6855
28021.8750
28021.6934
28021.8750
28021.7637
28022.1562
28022.6230
28022.8105
28022.9121
28023.0176
28023.5723
28023.3789
28023.7012
28023.9746
28024.5215
28024.6426
28025.4629
28025.7656
28025.9453
28026.2402
28026.3145
28026.2148
28026.4160
28026.2969
28026.4863
28026.3047
28026.2051
28025.5469
28026.1016
28026.0410
28025.4668
28025.1875
28025.5293
28025.8359
28025.5312
28024.6895
28024.9707
28025.3516
28025.6074
28025.6152
28025.4082
28025.4785
28025.2852
28025.2715
28025.2852
28025.4434
28025.0938
28024.9961
28024.8203
28025.3145
28024.8477
28024.7676
28024.7559
28024.6016
28024.3203
28024.0137
28023.9336
28023.4922
28022.8379
28023.2266
28023.4258
28022.8770
28022.8906
28022.9902
28023.0840
28023.3789
28023.2793
28023.9414
28023.1602
28023.2812
28023.0000
28023.8320
28023.8574
28024.2266
28023.9648
28024.0586
28023.9629
28023.4902
28023.2676
28023.1973
28023.1777
28023.1035
28022.8926
28022.9121
28023.0059
28023.6621
28023.6699
28023.8594
28023.7285
28024.0977
28023.9922
28023.6348
28024.0059
28024.2129
28024.5000
28024.6660
28024.4141
28024.8711
28024.7852
28025.4551
28025.8125
28025.8125
28025.7266
28025.3457
28025.8145
28025.7051
28025.7109
28025.3535
28025.7480
28025.9297
28025.8320
28025.6934
28025.9805
28025.7246
28025.6465
28025.7305
28026.0254
28026.4258
28026.6484
28026.3809
28026.0859
28025.8066
28025.5352
28025.0547
28025.0371
28025.1191
28024.6660
28024.2676
28024.4336
28024.1621
28024.0684
28024.1797
28023.9297
28023.9004
28023.4824
28023.4473
28023.4121
28023.6543
28023.6953
28023.5957
28022.7305
28023.1191
28022.8848
28023.9512
28024.2695
28024.6621
28024.5703
28025.2109
28024.9238
28024.3477
28023.8555
28023.3789
28023.5430
28023.3438
28023.7090
28023.6094
28023.0508
28022.8516
28022.7559
28022.4043
28023.0762
28023.0645
28022.8945
28022.6875
28022.2285
28022.7051
28022.7949
28022.6074
28022.7734
28023.4395
28023.4121
28023.7168
28023.4297
28023.8965
28023.8320
28023.9805
28023.5195
28023.5977
28022.8496
28022.9395
28023.0273
28022.3574
28022.0859
28021.5625
28021.4863
28021.3711
28021.3438
28021.5371
28021.7148
28021.0371
28020.0117
28020.2891
28020.4844
28020.2773
28020.9238
28021.7637
28022.4082
28022.2109
28022.7832
28022.0371
28020.7949
28019.5703
28019.8613
28020.4453
28021.2168
28021.1074
28021.2012
28021.6738
28021.3867
28022.0547
28021.7734
28020.9277
28020.4492
28020.0820
28018.9492
28018.4863
28018.4863
28019.5215
28018.9551
28020.0801
28021.3105
28021.0000
28021.0996
28021.5469
28022.2773
28023.7031
28023.6875
28023.7520
28023.7637
28023.9902
28024.0391
28023.6387
28024.4707
28024.4395
28024.3711
28024.1680
28024.3418
28024.6484
28024.2480
28024.1816
28024.2402
28024.4219
28024.0430
28024.4961
28024.5859
28024.9258
28025.0156
28025.2969
28025.2812
28024.6914
28023.4414
28022.4727
28022.7578
28024.7461
28028.6230
28030.9062
28032.4141
28032.5840
28031.6270
28030.8652
28029.7441
28028.9609
28028.3027
28027.0625
28026.3926
28025.3457
28024.7578
28024.9492
28024.6504
28024.9102
28025.1719
28025.2773
28024.7852
28024.8066
28024.2227
28023.7656
28023.8613
28023.2871
28023.2988
28022.9902
28022.6055
28022.6211
28022.6133
28022.7148
28022.5117
28022.1309
28021.8398
28021.4395
28021.4453
28021.5273
28021.7246
28020.8457
28020.5566
28020.5312
28019.9434
28020.0449
28019.4453
28019.2734
28019.1719
28019.0645
28019.7461
28020.6016
28021.2656
28021.9160
28021.2637
28021.0781
28020.7051
28020.2305
28020.2461
28019.6719
28019.3125
28019.1738
28018.8145
28018.3867
28018.1309
28017.7520
28018.0332
28017.6484
28018.0215
28018.2129
28017.4395
28016.6484
28016.2832
28015.9414
28015.9180
28015.6387
28015.4844
28015.5078
28015.2090
28014.7344
28014.6309
28014.7266
28014.2520
28014.4531
28014.0820
28014.1074
28014.2930
28014.3887
28014.1250
28014.5059
28014.1270
28013.6309
28012.7832
28012.7617
28012.5820
28012.1816
28012.1152
28012.0840
28011.8887
28012.0684
28011.6719
28011.5605
28011.3691
28011.3652
28011.3848
28011.1953
28011.1836
28011.4414
28011.6562
28011.8477
28012.1230
28012.2090
28012.3965
28012.6797
28013.2305
28013.0410
28012.8398
28012.5020
28012.3027
28012.1953
28012.1367
28012.6113
28012.3418
28012.2207
28012.2871
28012.0938
28012.1836
28012.5000
28012.2090
28012.2188
28012.4043
28012.2168
28011.9102
28012.2246
28012.3203
28012.3125
28012.3223
28011.9219
28011.9355
28012.1309
28012.0332
28011.9512
28011.8164
28011.6484
28011.2715
28011.2812
28010.9844
28011.1973
28011.1719
28011.1816
28010.9844
28011.3711
28011.3711
28011.2734
28011.5527
28010.9727
28011.3809
28010.9023
28010.4219
28009.8477
28009.2832
28008.9277
28008.9238
28009.1094
28009.1973
28010.1465
28010.0684
28010.2520
28010.5332
28010.3496
28010.6270
28010.6309
28010.6328
28010.5391
28010.8340
28010.6445
28010.9180
28010.7500
28010.9297
28011.0195
28011.2070
28011.1133
