    4.5900
    4.6090
    4.6299
    4.6524
    4.6749
    4.6975
    4.7219
    4.7462
    4.7673
    4.7884
    4.8095
    4.8289
    4.8501
    4.8714
    4.8943
    4.9156
    4.9352
    4.9582
    4.9796
    5.0012
    5.0228
    5.0462
    5.0681
    5.0915
    5.1183
    5.1451
    5.1734
    5.2034
    5.2350
    5.2683
    5.3032
    5.3381
    5.3747
    5.4129
    5.4543
    5.4974
    5.5454
    5.5951
    5.6464
    5.7026
    5.7573
    5.8120
    5.8651
    5.9165
    5.9614
    6.0030
    6.0464
    6.0864
    6.1247
    6.1613
    6.1977
    6.2341
    6.2686
    6.3031
    6.3391
    6.3768
    6.4128
    6.4454
    6.4780
    6.5090
    6.5399
    6.5743
    6.6102
    6.6461
    6.6805
    6.7181
    6.7558
    6.7935
    6.8328
    6.8755
    6.9166
    6.9593
    7.0021
    7.0431
    7.0826
    7.1203
    7.1598
    7.2027
    7.2422
    7.2833
    7.3261
    7.3670
    7.4030
    7.4406
    7.4749
    7.5043
    7.5321
    7.5584
    7.5798
    7.5997
    7.6163
    7.6313
    7.6463
    7.6530
    7.6564
    7.6549
    7.6515
    7.6415
    7.6297
    7.6130
    7.5945
    7.5727
    7.5475
    7.5207
    7.4922
    7.4635
    7.4365
    7.4077
    7.3822
    7.3567
    7.3313
    7.3075
    7.2838
    7.2618
    7.2399
    7.2180
    7.1978
    7.1794
    7.1626
    7.1458
    7.1273
    7.1073
    7.0889
    7.0690
    7.0489
    7.0322
    7.0122
    6.9955
    6.9788
    6.9621
    6.9487
    6.9420
    6.9353
    6.9319
    6.9303
    6.9303
    6.9320
    6.9338
    6.9323
    6.9310
    6.9280
    6.9234
    6.9206
    6.9195
    6.9201
    6.9223
    6.9279
    6.9335
    6.9407
    6.9511
    6.9599
    6.9719
    6.9839
    6.9977
    7.0181
    7.0418
    7.0689
    7.0959
    7.1263
    7.1533
    7.1804
    7.2058
    7.2328
    7.2614
    7.2933
    7.3251
    7.3602
    7.3937
    7.4271
    7.4573
    7.4876
    7.5146
    7.5399
    7.5620
    7.5826
    7.6015
    7.6172
    7.6279
    7.6386
    7.6460
    7.6533
    7.6623
    7.6713
    7.6769
    7.6826
    7.6882
    7.6889
    7.6912
    7.6902
    7.6842
    7.6748
    7.6638
    7.6478
    7.6302
    7.6109
    7.5915
    7.5720
    7.5526
    7.5330
    7.5167
    7.5019
    7.4904
    7.4804
    7.4737
    7.4687
    7.4618
    7.4535
    7.4451
    7.4400
    7.4316
    7.4249
    7.4199
    7.4150
    7.4083
    7.4000
    7.3899
    7.3765
    7.3630
    7.3446
    7.3243
    7.3058
    7.2873
    7.2671
    7.2487
    7.2302
    7.2101
    7.1917
    7.1733
    7.1533
    7.1333
    7.1148
    7.0947
    7.0745
    7.0526
    7.0323
    7.0120
    6.9933
    6.9778
    6.9689
    6.9584
    6.9545
    6.9540
    6.9551
    6.9579
    6.9622
    6.9682
    6.9758
    6.9867
    6.9977
    7.0085
    7.0227
    7.0402
    7.0561
    7.0735
    7.0909
    7.1100
    7.1291
    7.1481
    7.1623
    7.1764
    7.1872
    7.1947
    7.2006
    7.2015
    7.1975
    7.1934
    7.1877
    7.1820
    7.1745
    7.1671
    7.1597
    7.1523
    7.1465
    7.1390
    7.1349
    7.1290
    7.1265
    7.1240
    7.1232
    7.1274
    7.1350
    7.1442
    7.1583
    7.1758
    7.1949
    7.2174
    7.2415
    7.2689
    7.2946
    7.3204
    7.3462
    7.3721
    7.3962
    7.4221
    7.4496
    7.4771
    7.5063
    7.5354
    7.5630
    7.5889
    7.6164
    7.6405
    7.6646
    7.6902
    7.7158
    7.7415
    7.7655
    7.7862
    7.8036
    7.8227
    7.8418
    7.8609
    7.8783
    7.8957
    7.9098
    7.9239
    7.9380
    7.9505
    7.9631
    7.9791
    7.9951
    8.0112
    8.0289
    8.0466
    8.0676
    8.0903
    8.1129
    8.1372
    8.1632
    8.1892
    8.2134
    8.2377
    8.2604
    8.2814
    8.3023
    8.3199
    8.3391
    8.3550
    8.3727
    8.3886
    8.4063
    8.4223
    8.4383
    8.4510
    8.4638
    8.4748
    8.4809
    8.4870
    8.4897
    8.4924
    8.4967
    8.5011
    8.5053
    8.5112
    8.5171
    8.5228
    8.5301
    8.5357
    8.5415
    8.5488
    8.5545
    8.5619
    8.5711
    8.5785
    8.5860
    8.5918
    8.5958
    8.6030
    8.6118
    8.6223
    8.6295
    8.6383
    8.6471
    8.6558
    8.6647
    8.6753
    8.6860
    8.6935
    8.6994
    8.7036
    8.7061
    8.7069
    8.7076
    8.7066
    8.7055
    8.7045
    8.7034
    8.7023
    8.6994
    8.6965
    8.6936
    8.6908
    8.6913
    8.6951
    8.7022
    8.7110
    8.7231
    8.7369
    8.7491
    8.7596
    8.7684
    8.7755
    8.7827
    8.7882
    8.7937
    8.8025
    8.8113
    8.8234
    8.8372
    8.8526
    8.8697
    8.8884
    8.9071
    8.9257
    8.9444
    8.9664
    8.9885
    9.0105
    9.0309
    9.0528
    9.0748
    9.0967
    9.1171
    9.1374
    9.1562
    9.1700
    9.1823
    9.1947
    9.2022
    9.2064
    9.2089
    9.2066
    9.2009
    9.1936
    9.1864
    9.1791
    9.1718
    9.1644
    9.1568
    9.1492
    9.1398
    9.1322
    9.1245
    9.1168
    9.1108
    9.1047
    9.0955
    9.0863
    9.0805
    9.0763
    9.0739
    9.0731
    9.0756
    9.0763
    9.0754
    9.0730
    9.0688
    9.0630
    9.0556
    9.0515
    9.0507
    9.0516
    9.0540
    9.0581
    9.0638
    9.0695
    9.0736
    9.0760
    9.0768
    9.0760
    9.0736
    9.0728
    9.0704
    9.0697
    9.0722
    9.0781
    9.0823
    9.0915
    9.1039
    9.1214
    9.1405
    9.1612
    9.1786
    9.1911
    9.1985
    9.2060
    9.2118
    9.2176
    9.2200
    9.2225
    9.2249
    9.2273
    9.2330
    9.2403
    9.2493
    9.2584
    9.2657
    9.2714
    9.2771
    9.2845
    9.2952
    9.3092
    9.3248
    9.3437
    9.3644
    9.3850
    9.4056
    9.4294
    9.4533
    9.4722
    9.4910
    9.5082
    9.5238
    9.5361
    9.5483
    9.5604
    9.5709
    9.5814
    9.5935
    9.6089
    9.6243
    9.6381
    9.6536
    9.6675
    9.6814
    9.6969
    9.7125
    9.7263
    9.7435
    9.7607
    9.7795
    9.8000
    9.8188
    9.8393
    9.8582
    9.8722
    9.8811
    9.8885
    9.8893
    9.8868
    9.8794
    9.8687
    9.8563
    9.8488
    9.8463
    9.8454
    9.8478
    9.8535
    9.8592
    9.8683
    9.8806
    9.8930
    9.9053
    9.9194
    9.9333
    9.9439
    9.9545
    9.9684
    9.9840
    9.9994
   10.0149
   10.0320
   10.0523
   10.0727
   10.0931
   10.1151
   10.1372
   10.1576
   10.1781
   10.1969
   10.2173
   10.2378
   10.2565
   10.2736
   10.2907
   10.3079
   10.3217
   10.3356
   10.3495
   10.3617
   10.3706
   10.3795
   10.3883
   10.3954
   10.4026
   10.4080
   10.4135
   10.4189
   10.4244
   10.4298
   10.4335
   10.4340
   10.4311
   10.4250
   10.4154
   10.4043
   10.3931
   10.3804
   10.3644
   10.3467
   10.3240
   10.3030
   10.2821
   10.2611
   10.2369
   10.2143
   10.1934
   10.1708
   10.1483
   10.1274
   10.1065
   10.0824
   10.0599
   10.0391
   10.0166
    9.9942
    9.9751
    9.9560
    9.9336
    9.9095
    9.8855
    9.8615
    9.8325
    9.8003
    9.7698
    9.7359
    9.7004
    9.6650
    9.6329
    9.6025
    9.5769
    9.5530
    9.5325
    9.5136
    9.4980
    9.4824
    9.4668
    9.4529
    9.4422
    9.4316
    9.4209
    9.4087
    9.3933
    9.3745
    9.3524
    9.3254
    9.2985
    9.2699
    9.2430
    9.2177
    9.1940
    9.1720
    9.1550
    9.1396
    9.1275
    9.1171
    9.1083
    9.0995
    9.0924
    9.0869
    9.0847
    9.0875
    9.0869
    9.0864
    9.0859
    9.0870
    9.0865
    9.0877
    9.0905
    9.0932
    9.0959
    9.0970
    9.0998
    9.1009
    9.1020
    9.1031
    9.1042
    9.1053
    9.1064
    9.1074
    9.1086
    9.1097
    9.1108
    9.1136
    9.1147
    9.1109
    9.1087
    9.1049
    9.1011
    9.0922
    9.0801
    9.0632
    9.0446
    9.0260
    9.0090
    8.9921
    8.9768
    8.9630
    8.9510
    8.9373
    8.9236
    8.9132
    8.9077
    8.9038
    8.9082
    8.9208
    8.9399
    8.9606
    8.9815
    9.0007
    9.0198
    9.0374
    9.0549
    9.0708
    9.0850
    9.0992
    9.1151
    9.1310
    9.1502
    9.1727
    9.1951
    9.2159
    9.2384
    9.2625
    9.2866
    9.3123
    9.3364
    9.3588
    9.3796
    9.3956
    9.4099
    9.4242
    9.4418
    9.4593
    9.4785
    9.4978
    9.5219
    9.5460
    9.5717
    9.6008
    9.6316
    9.6606
    9.6913
    9.7221
    9.7545
    9.7885
    9.8257
    9.8613
    9.9003
    9.9392
    9.9814
   10.0253
   10.0724
   10.1195
   10.1650
   10.2089
   10.2510
   10.2916
   10.3321
   10.3678
   10.4034
   10.4408
   10.4781
   10.5137
   10.5509
   10.5865
   10.6221
   10.6544
   10.6851
   10.7206
   10.7593
   10.7981
   10.8451
   10.8954
   10.9473
   11.0025
   11.0594
   11.1162
   11.1713
   11.2248
   11.2799
   11.3350
   11.3901
   11.4419
   11.4954
   11.5489
   11.6024
   11.6575
   11.7176
   11.7810
   11.8475
   11.9173
   11.9904
   12.0653
   12.1449
   12.2294
   12.3189
   12.4051
   12.4929
   12.5792
   12.6637
   12.7500
   12.8397
   12.9325
   13.0286
   13.1247
   13.2208
   13.3169
   13.4130
   13.5092
   13.6072
   13.7050
   13.8062
   13.9073
   14.0068
   14.1079
   14.2106
   14.3133
   14.4176
   14.5188
   14.6216
   14.7227
   14.8222
   14.9184
   15.0146
   15.1108
   15.2053
   15.2982
   15.3944
   15.4907
   15.5820
   15.6685
   15.7566
   15.8365
   15.9131
   15.9881
   16.0631
   16.1364
   16.2099
   16.2865
   16.3647
   16.4431
   16.5296
   16.6226
   16.7237
   16.8297
   16.9407
   17.0564
   17.1738
   17.2910
   17.4067
   17.5223
   17.6378
   17.7516
   17.8637
   17.9726
   18.0780
   18.1785
   18.2773
   18.3744
   18.4731
   18.5685
   18.6639
   18.7575
   18.8496
   18.9384
   19.0287
   19.1207
   19.2126
   19.3094
   19.4045
   19.5011
   19.6009
   19.7023
   19.8052
   19.9130
   20.0176
   20.1221
   20.2267
   20.3312
   20.4373
   20.5484
   20.6611
   20.7771
   20.8963
   21.0172
   21.1430
   21.2703
   21.4009
   21.5330
   21.6717
   21.8136
   21.9604
   22.1055
   22.2523
   22.3991
   22.5458
   22.6925
   22.8425
   22.9908
   23.1422
   23.2937
   23.4434
   23.5899
   23.7348
   23.8747
   24.0129
   24.1495
   24.2861
   24.4243
   24.5642
   24.7058
   24.8490
   24.9923
   25.1372
   25.2838
   25.4272
   25.5724
   25.7177
   25.8646
   26.0133
   26.1636
   26.3188
   26.4741
   26.6343
   26.7961
   26.9614
   27.1282
   27.2984
   27.4701
   27.6436
   27.8236
   28.0052
   28.1883
   28.3730
   28.5577
   28.7440
   28.9351
   29.1263
   29.3224
   29.5185
   29.7162
   29.9123
   30.1083
   30.3044
   30.5004
   30.6963
   30.8874
   31.0753
   31.2582
   31.4378
   31.6094
   31.7794
   31.9462
   32.1131
   32.2767
   32.4405
   32.6044
   32.7668
   32.9258
   33.0866
   33.2442
   33.3987
   33.5515
   33.7026
   33.8488
   33.9964
   34.1405
   34.2828
   34.4199
   34.5538
   34.6844
   34.8149
   34.9487
   35.0857
   35.2228
   35.3582
   35.4968
   35.6323
   35.7710
   35.9147
   36.0583
   36.2035
   36.3489
   36.4942
   36.6412
   36.7882
   36.9335
   37.0772
   37.2193
   37.3598
   37.4953
   37.6260
   37.7537
   37.8749
   37.9897
   38.0997
   38.2034
   38.2974
   38.3898
   38.4772
   38.5663
   38.6554
   38.7494
   38.8434
   38.9342
   39.0217
   39.1077
   39.1889
   39.2701
   39.3514
   39.4311
   39.5124
   39.5904
   39.6700
   39.7511
   39.8338
   39.9196
   40.0070
   40.0976
   40.1914
   40.2884
   40.3871
   40.4906
   40.5974
   40.7058
   40.8176
   40.9281
   41.0372
   41.1481
   41.2560
   41.3656
   41.4768
   41.5896
   41.6960
   41.7991
   41.9006
   42.0037
   42.1084
   42.2178
   42.3288
   42.4382
   42.5491
   42.6551
   42.7577
   42.8586
   42.9530
   43.0423
   43.1283
   43.2078
   43.2808
   43.3537
   43.4266
   43.5011
   43.5770
   43.6563
   43.7387
   43.8243
   43.9131
   44.0068
   44.1020
   44.1957
   44.2828
   44.3634
   44.4326
   44.4985
   44.5611
   44.6205
   44.6750
   44.7311
   44.7840
   44.8336
   44.8863
   44.9390
   44.9917
   45.0427
   45.0903
   45.1347
   45.1742
   45.2087
   45.2367
   45.2599
   45.2766
   45.2884
   45.2937
   45.2926
   45.2882
   45.2822
   45.2794
   45.2832
   45.2901
   45.3018
   45.3167
   45.3314
   45.3412
   45.3492
   45.3523
   45.3523
   45.3457
   45.3343
   45.3182
   45.2986
   45.2726
   45.2416
   45.2089
   45.1762
   45.1417
   45.1073
   45.0695
   45.0318
   44.9908
   44.9481
   44.8988
   44.8477
   44.7900
   44.7257
   44.6597
   44.5887
   44.5161
   44.4417
   44.3706
   44.2977
   44.2264
   44.1583
   44.0950
   44.0348
   43.9712
   43.9093
   43.8489
   43.7916
   43.7327
   43.6754
   43.6166
   43.5528
   43.4875
   43.4221
   43.3552
   43.2882
   43.2229
   43.1593
   43.0973
   43.0385
   42.9798
   42.9210
   42.8623
   42.8019
   42.7430
   42.6843
   42.6255
   42.5620
   42.4935
   42.4202
   42.3470
   42.2708
   42.1899
   42.1109
   42.0337
   41.9581
   41.8839
   41.8113
   41.7370
   41.6626
   41.5817
   41.5008
   41.4167
   41.3311
   41.2405
   41.1468
   41.0514
   40.9544
   40.8542
   40.7557
   40.6572
   40.5604
   40.4605
   40.3607
   40.2609
   40.1580
   40.0551
   39.9507
   39.8464
   39.7405
   39.6346
   39.5271
   39.4198
   39.3141
   39.2085
   39.1110
   39.0153
   38.9227
   38.8269
   38.7310
   38.6334
   38.5374
   38.4430
   38.3487
   38.2560
   38.1619
   38.0614
   37.9543
   37.8393
   37.7193
   37.5960
   37.4728
   37.3510
   37.2308
   37.1155
   36.9986
   36.8751
   36.7435
   36.6071
   36.4642
   36.3148
   36.1588
   35.9995
   35.8401
   35.6756
   35.5142
   35.3496
   35.1801
   35.0043
   34.8252
   34.6429
   34.4591
   34.2752
   34.0930
   33.9109
   33.7305
   33.5518
   33.3765
   33.2045
   33.0407
   32.8785
   32.7213
   32.5675
   32.4202
   32.2762
   32.1356
   31.9983
   31.8626
   31.7303
   31.5963
   31.4589
   31.3183
   31.1777
   31.0322
   30.8820
   30.7286
   30.5688
   30.4043
   30.2384
   30.0726
   29.9102
   29.7495
   29.5904
   29.4313
   29.2738
   29.1162
   28.9616
   28.8135
   28.6734
   28.5396
   28.4075
   28.2755
   28.1321
   27.9727
   27.7940
   27.5976
   27.3900
   27.1792
   26.9715
   26.7655
   26.5644
   26.3647
   26.1650
   25.9637
   25.7622
   25.5590
   25.3509
   25.1443
   24.9377
   24.7359
   24.5341
   24.3291
   24.1256
   23.9221
   23.7170
   23.5103
   23.3018
   23.0918
   22.8801
   22.6684
   22.4517
   22.2398
   22.0294
   21.8174
   21.6037
   21.3916
   21.1795
   20.9674
   20.7552
   20.5413
   20.3274
   20.1136
   19.9031
   19.6956
   19.4994
   19.3145
   19.1425
   18.9847
   18.8399
   18.6965
   18.5577
   18.4156
   18.2717
   18.1181
   17.9547
   17.7784
   17.5891
   17.3886
   17.1768
   16.9538
   16.7261
   16.5001
   16.2725
   16.0630
   15.8746
   15.7151
   15.5815
   15.4705
   15.3740
   15.2809
   15.1878
   15.0898
   14.9872
   14.8813
   14.7707
   14.6554
   14.5435
   14.4318
   14.3202
   14.2151
   14.1117
   14.0148
   13.9229
   13.8327
   13.7457
   13.6620
   13.5847
   13.5155
   13.4528
   13.3933
   13.3355
   13.2793
   13.2216
   13.1607
   13.1013
   13.0404
   12.9779
   12.9136
   12.8463
   12.7789
   12.7116
   12.6441
   12.5782
   12.5139
   12.4464
   12.3725
   12.2921
   12.2051
   12.1069
   12.0038
   11.8991
   11.7913
   11.6869
   11.5842
   11.4912
   11.4080
   11.3376
   11.2802
   11.2341
   11.1978
   11.1695
   11.1476
   11.1273
   11.1102
   11.0849
   11.0546
   11.0129
   10.9599
   10.8954
   10.8213
   10.7440
   10.6666
   10.5909
   10.5215
   10.4586
   10.4007
   10.3478
   10.2949
   10.2454
   10.2007
   10.1544
   10.1097
   10.0649
   10.0233
    9.9865
    9.9514
    9.9179
    9.8829
    9.7740
    9.6651
    9.5545
    9.4422
    9.3298
    9.2156
    9.1031
    8.9920
    8.8795
    8.7686
    8.6609
    8.5564
    8.4535
    8.3541
    8.2595
    8.1650
    8.0706
    7.9810
    7.8947
    7.8067
    7.7171
    7.6293
    7.5382
    7.4456
    7.3530
    7.2603
    7.1709
    7.0799
    6.9922
    6.9063
