27952.9902
27952.7500
27952.7793
27952.8301
27952.6875
27953.0684
27952.9082
27953.4688
27953.5078
27953.7969
27954.0391
27954.1465
27954.3184
27954.1074
27954.1465
27954.0977
27954.0059
27953.7363
27953.9277
27953.6055
27953.7051
27953.6758
27953.6953
27953.5547
27953.3945
27953.5430
27953.3438
27953.1523
27953.2617
27952.8516
27952.9805
27952.8418
27953.0410
27953.1914
27953.2305
27953.2500
27953.4922
27953.7109
27953.5898
27953.4609
27953.3398
27953.5078
27953.4590
27953.2578
27952.7871
27952.9668
27952.8262
27953.1055
27953.2871
27952.8047
27953.2969
27953.1367
27952.8555
27953.1465
27953.3359
27953.0137
27953.2344
27952.9238
27952.7422
27952.7949
27952.8340
27953.1543
27953.2344
27952.9238
27953.0430
27953.0137
27952.9844
27952.7617
27952.3320
27952.2715
27952.0430
27952.0508
27951.8809
27951.5293
27951.4688
27951.2793
27951.2383
27951.3496
27951.4180
27951.3887
27951.4395
27951.5098
27951.2383
27951.1387
27951.3477
27951.1582
27951.4102
27951.4805
27951.2910
27951.4609
27951.5605
27951.4609
27951.1797
27951.1895
27950.7500
27950.7598
27950.8789
27950.6074
27950.9707
27950.8281
27950.6484
27950.9395
27950.8398
27950.9688
27951.1094
27951.1289
27951.3281
27951.2383
27951.0586
27951.3496
27951.0078
27951.2383
27951.2266
27951.2363
27951.0566
27951.4180
27951.7402
27951.6992
27951.9102
27951.8496
27951.6406
27951.2578
27951.2754
27951.3574
27951.1855
27951.0156
27950.7988
27950.9570
27950.6152
27950.5234
27950.3633
27950.5625
27950.4746
27950.2227
27950.5449
27950.2734
27950.4043
27950.4434
27950.5254
27950.6660
27950.4238
27950.6367
27950.4941
27950.3008
27949.8887
27949.5273
27949.7480
27949.8086
27949.7676
27949.8379
27950.1191
27949.9668
27950.1074
27950.3867
27950.1992
27950.2402
27950.1699
27949.9590
27949.8066
27950.1094
27949.6465
27949.4160
27949.8867
27949.6465
27949.4746
27949.7148
27949.5684
27949.6660
27949.5156
27949.8906
27950.1426
27949.2949
27949.8789
27950.1602
27949.3535
27949.8477
27950.2305
27950.0293
27949.7891
27949.9883
27950.2520
27949.7695
27950.0117
27950.0215
27950.4043
27949.9922
27950.5156
27950.2148
27950.3750
27950.3730
27950.3320
27950.4316
27950.5430
27950.6719
27950.7734
27950.6719
27951.0312
27950.7480
27951.1719
27951.0898
27951.0195
27950.9062
27951.0078
27950.6660
27950.6660
27950.3945
27950.1836
27950.2949
27950.3418
27950.4941
27950.3945
27950.6055
27950.5352
27950.6758
27950.4766
27950.3047
27950.4043
27950.1055
27949.7930
27949.5391
27949.7812
27949.3984
27949.7109
27949.7910
27949.3691
27949.5508
27950.2441
27950.0156
27950.7988
27950.8086
27951.2617
27951.1504
27951.1504
27951.1914
27951.3438
27951.1738
27951.0742
27950.8613
27951.1855
27950.9316
27951.0039
27950.8789
27950.9902
27950.9375
27950.6836
27950.4434
27950.3008
27950.4707
27950.2715
27950.1875
27950.3398
27950.1406
27950.2812
27949.7988
27950.0820
27949.9941
27950.0820
27950.2812
27950.4219
27950.2520
27950.2227
27950.1797
27950.2207
27950.2930
27950.4043
27950.3574
27950.0918
27950.0332
27950.2754
27950.4570
27950.1465
27949.9570
27950.4121
27950.2109
27950.2363
27950.8711
27950.6602
27951.2832
27951.4961
27951.0020
27950.8418
27950.7422
27950.8848
27950.6543
27950.5723
27950.6133
27950.3301
27950.3887
27950.1719
27950.2305
27950.0742
27949.7207
27949.6094
27949.8516
27949.9512
27949.8926
27949.8340
27949.9746
27949.9160
27949.8164
27949.8867
27950.0586
27949.9863
27949.8340
27949.9746
27949.7910
27950.0332
27949.9453
27950.0742
27950.0703
27950.2988
27950.0156
27949.8867
27950.0703
27950.2520
27950.0703
27949.9707
27950.1699
27950.0996
27949.9277
27949.6406
27949.6289
27950.0410
27949.6270
27949.9121
27949.7852
27949.7148
27949.6562
27949.8691
27949.7266
27949.8691
27949.9688
27949.9551
27949.9141
27949.4590
27949.6582
27949.4883
27949.4590
27949.5293
27949.5410
27949.7559
27949.9688
27950.2383
27950.1523
27950.1230
27950.0938
27950.2656
27950.3066
27950.4492
27950.3184
27950.0645
27950.0352
27949.7227
27950.0293
27950.2734
27950.5195
27950.9258
27950.8633
27951.3984
27951.2656
27951.5254
27951.5137
27951.6133
27951.8301
27951.8301
27952.2148
27952.4453
27952.3867
27952.5156
27952.5742
27952.5898
27952.5605
27952.5312
27952.5449
27952.4863
27952.3301
27952.3574
27952.0293
27952.1426
27952.3555
27952.1680
27952.1680
27952.1387
27952.1094
27952.2109
27951.8516
27952.1113
27951.9258
27952.0566
27952.0527
27952.1406
27951.8652
27951.7793
27951.6914
27951.5352
27951.5195
27951.3340
27951.2617
27951.4336
27951.2324
27951.3750
27951.6172
27951.5605
27951.6426
27951.7715
27951.7129
27951.7539
27951.8242
27951.6250
27951.5684
27951.4961
27951.3965
27951.6094
27951.6523
27951.4395
27951.1953
27951.1953
27951.1953
27951.1660
27951.2227
27951.1797
27951.1211
27950.9648
27950.9922
27950.8223
27950.8516
27950.7520
27950.7930
27950.6934
27950.8477
27950.8477
27950.7070
27950.6074
27950.3633
27950.4629
27950.4512
27950.5488
27950.8340
27950.9062
27951.0625
27951.4180
27951.7461
27952.1719
27952.4297
27952.5703
27952.6133
27952.5996
27952.5566
27952.6992
27952.7578
27952.6445
27952.6016
27952.7012
27952.7441
27952.8438
27952.8145
27952.7852
27952.7852
27952.7578
27952.7285
27952.6289
27952.6289
27952.4863
27952.5293
27952.5293
27952.5293
27952.5293
27952.5566
27952.4570
27952.3301
27952.3574
27952.3574
27952.2852
27952.2852
27952.2578
27952.2852
27952.3008
27952.3574
27952.2734
27952.3594
27952.3301
27952.2598
27952.2305
27952.2734
27952.1875
27952.1582
27952.1582
27952.2871
27952.2871
27952.2871
27952.1875
27952.1445
27952.2441
27952.2578
27952.3164
27952.2422
27952.3438
27952.2422
27952.3008
27952.4023
27952.5586
27952.5879
27952.5156
27952.6152
27952.6445
27952.6855
27952.6445
27952.7715
27952.7715
27952.7715
27952.8711
27953.1289
27953.0859
27953.1289
27953.1289
27953.1992
27953.1289
27953.1152
27953.0156
27952.8848
27952.9570
27952.8555
27952.8555
27952.8418
27952.7988
27952.8418
27952.7695
27952.7852
27952.7422
27952.8848
27952.8418
27953.0840
27952.9277
27953.1836
27953.0566
27953.1270
27953.2695
27953.1973
27953.2266
27953.1836
27953.0703
27953.2402
27953.0410
27953.0410
27952.9961
27953.0137
27952.9688
27953.1836
27953.2266
27953.3711
27953.1270
27953.4551
27953.2266
27953.5410
27953.2832
27953.5254
27953.4824
27953.3105
27953.8555
27953.2109
27953.6836
27953.5410
27953.3691
27953.7266
27953.4121
27953.6426
27953.8984
27953.7129
27953.8984
27953.8555
27953.7832
27953.8398
27953.9258
27953.7832
27953.9258
27953.6699
27953.9258
27953.6973
27954.0117
27954.0566
27954.0117
27953.9551
27953.8828
27953.9551
27953.8828
27953.9121
27954.0840
27954.1562
27954.0117
27954.1133
27954.0684
27954.1699
27954.2090
27954.2090
27954.0234
27954.3223
27954.1953
27954.1523
27954.2363
27954.3086
27954.3359
27954.3359
27954.1211
27954.3652
27954.0781
27954.3770
27954.2188
27954.3770
27954.3320
27954.3770
27954.4902
27954.4473
27954.3477
27954.5898
27954.5176
27954.4629
27954.5762
27954.6211
27954.6914
27954.7051
27954.9766
27954.9180
27955.2051
27955.1172
27955.0742
27955.1582
27955.2305
27955.2305
27955.2012
27955.2012
27955.1738
27955.3008
27955.4160
27955.3887
27955.4883
27955.5723
27955.5020
27955.5723
27955.3848
27955.3125
27955.4297
27955.2852
27955.2852
27955.4121
27955.2539
27955.2109
27955.3262
27955.3691
27955.4395
27955.2695
27955.2129
27954.9961
27954.9961
27954.9961
27954.9531
27954.9805
27954.9941
27955.1934
27955.1055
27955.0488
27954.9766
27955.0332
27955.0625
27954.9453
27955.0469
27954.9727
27955.0176
27955.0000
27955.2168
27955.0449
27954.9727
27954.9727
27955.1875
27955.1152
27955.0156
27954.9707
27954.8281
27955.0273
27954.9551
27955.0820
27955.2266
27955.3711
27955.4258
27955.8574
27955.9453
27956.0879
27955.9297
27955.8281
27955.7852
27955.8281
27955.6699
27955.6699
27955.6680
27955.8555
27956.1289
27956.0566
27956.1719
27956.0996
27955.8555
27955.7383
27955.9004
27955.9102
27955.8672
27955.9512
27956.2812
27956.3105
27956.2383
27956.0215
27956.1230
27956.2930
27956.3223
27955.9062
27956.2207
27956.1211
27956.3926
27956.5938
27956.3203
27956.5371
27956.5371
27956.6250
27956.6074
27956.4355
27956.6348
27956.8789
27956.7227
27957.0664
27956.8945
27956.7656
27956.9395
27956.7500
27956.8945
27957.0977
27956.9824
27956.8984
27957.2305
27956.9863
27957.0586
27957.3301
27957.2422
27957.4414
27957.2422
27957.4688
27957.3535
27957.4961
27957.4121
27957.2812
27957.3965
27957.4121
27957.4238
27957.9668
27957.7969
27958.0391
27957.7246
27957.9941
27957.7070
27957.8633
27957.5898
27957.6895
27958.0332
27958.2168
27958.1328
27957.8164
27958.3945
27958.1660
27958.2051
27958.2168
27958.6328
27958.4883
27958.7324
27958.9043
27959.0195
27958.7871
27959.0312
27958.9160
27958.7871
27959.0156
27958.8867
27959.0430
27959.3027
27959.2695
27959.3145
27959.7012
27959.7578
27959.7578
27959.8477
27960.0469
27959.9902
27960.2637
27959.9453
27960.4512
27960.7227
27960.6953
27960.6680
27960.4395
27960.5957
27960.8555
27960.8105
27960.9004
27960.6113
27961.0879
27961.3164
27961.7441
27961.8223
27962.2832
27962.5820
27962.5547
27962.7539
27962.5391
27962.7832
27962.5938
27962.1934
27961.9316
27962.1816
27962.3496
27962.6094
27962.3652
27962.5430
27962.6543
27962.6660
27962.6387
27962.5938
27962.7051
27962.6211
27962.7598
27962.6133
27962.6035
27962.6328
27962.8594
27962.9141
27962.9863
27962.9414
27962.7246
27963.0527
27962.9512
27963.0137
27963.0586
27963.3848
27963.2402
27963.0859
27962.8613
27962.6016
27962.6719
27961.8555
27962.4277
27962.1270
27962.4824
27962.2559
27962.3105
27962.0879
27962.4609
27962.8438
27962.6719
27962.9785
27962.8496
27962.8320
27962.7148
27962.9980
27962.9082
27962.9629
27962.7012
27962.6895
27962.1953
27962.2383
27962.4102
27962.3828
27962.7441
27962.5000
27962.5996
27962.6270
27962.4004
27962.2812
27962.3906
27962.2441
27962.3789
27962.0156
27962.3066
27962.0879
27962.1230
27961.9219
27961.5605
27961.7402
27961.3496
27961.1777
27961.0762
27960.9316
27960.4707
27960.6035
27960.3242
27960.1133
27960.1523
27960.0352
27960.0352
27959.9785
27959.8164
27959.9238
27960.0508
27959.8770
27960.0957
27959.6055
27960.1289
27959.8301
27959.8672
27960.0840
27959.8398
27959.4766
27959.0762
27959.3477
27958.7930
27958.6309
27958.8672
27958.1953
27957.9219
27958.6133
27958.0215
27958.3398
27958.4121
27957.9316
27958.1953
27957.9492
27957.9492
27958.4395
27957.9922
27957.2578
27957.4570
27957.8750
27957.9648
27957.8027
27957.6465
27957.6914
27957.6191
27956.9570
27957.1387
27957.4473
27957.4473
27957.0293
27957.1562
27957.0840
27956.7383
27956.8828
27956.5469
27956.5020
27956.5195
27956.5742
27956.3184
27956.6270
27956.4824
27956.4551
27956.5449
27956.5273
27956.7266
27956.5176
27956.0645
27956.0898
27956.0898
27956.0078
27956.2695
27955.9258
27955.6602
27955.6602
27955.5879
27955.4863
27955.1953
27954.9043
27954.9941
27954.9590
27954.6406
27954.9316
27954.5312
27954.8848
27954.7207
27954.7656
27954.7754
27954.7207
27954.8301
27954.8926
27954.8926
27954.5742
27954.6191
27954.7090
27954.7285
27954.7910
27954.7461
27954.4727
27954.4824
27954.5098
27954.4629
27954.3613
27954.4609
27954.1992
27954.3711
27954.3711
27954.4160
27954.3145
27954.1875
27954.0039
27954.3770
27954.2500
27954.1777
27954.2773
27954.2949
27954.2676
27954.1680
27954.2402
27954.1387
27954.2832
27954.2305
27954.0566
27954.1562
27953.9922
27953.8184
27953.6465
27953.7285
27953.4082
27953.8184
27953.7812
27953.9980
27954.3164
27954.3164
27954.4824
27954.7344
27955.1523
27955.1523
27955.1172
27955.5527
27955.5430
27955.1523
27955.5234
27955.3496
27956.0410
27956.0879
27956.2324
27956.2324
27956.4863
27956.6035
27956.5586
27956.6387
27956.7383
27956.7207
27957.1582
27957.0117
27957.2832
27957.7949
27957.7285
27957.6641
27957.8555
27957.8359
27957.9551
27958.5195
27958.3457
27958.7109
27959.5488
27959.5215
27959.6660
27959.4355
27959.5098
27959.5352
27959.2520
27958.8789
27958.7793
27959.0781
27959.6426
27959.9883
27960.2344
27959.7500
27959.3672
27959.3301
27959.7949
27959.9414
27960.3965
27960.4414
27960.2559
27960.6406
27960.4746
27961.0762
27960.6113
27960.6113
27960.4199
27960.6465
27960.3379
27960.0000
27960.1914
27960.0195
27959.8711
27959.9375
27959.9824
27960.1016
27959.9277
27959.6719
27959.3047
27959.3516
27959.4316
27959.6328
27959.6504
27959.4688
27959.7812
27959.8535
27959.7539
27959.9414
27960.0293
27960.3652
27960.8281
27961.0000
27960.9277
27961.6406
27961.6934
27961.5469
27961.1875
27960.6426
27960.5957
27960.6875
27960.5605
27960.9609
27960.4414
27960.5664
27960.7598
27960.6855
27960.9121
27960.8848
27960.9922
27960.5918
27960.8125
27960.7109
27960.5723
27960.8184
27960.6250
27960.8633
27960.8633
27960.8906
27960.3047
27960.7891
27960.8418
27960.6875
27960.3496
27960.4609
27960.4746
27960.2129
27960.3594
27960.4785
27960.5977
27960.4512
27960.2051
27960.1230
27960.1582
27959.9648
27959.8789
27959.9141
27959.7324
27959.4941
27959.4199
27959.5449
27959.9844
27959.8848
27959.8770
27959.9570
27959.9570
27960.1758
27960.2090
27960.1348
27959.8887
27959.8145
27959.8477
27960.1406
27960.1680
27960.3125
27960.1934
27960.1934
27959.9180
27960.2383
27959.7910
27959.4062
27959.6992
27959.2578
27959.5703
27959.4570
27959.2305
27958.6973
27958.9375
27958.5371
27958.8496
27958.3555
27958.5684
27958.1074
27958.2812
27957.7930
27958.0137
27957.5742
27957.9668
27958.0312
27957.8848
27958.2520
27957.9043
27958.3496
27958.1289
27958.2559
27958.3027
27958.6016
27958.2559
27958.3281
27958.2734
27958.1523
27958.3789
27958.8457
27958.5781
27958.8242
27958.9238
27958.9902
27958.4707
27958.6973
27958.5293
27958.5742
27958.5938
27958.5469
27958.4961
27958.5176
27958.5117
27958.5254
27958.5059
27958.2520
27958.2988
27958.3711
27958.0957
27958.0430
27957.7441
27957.9414
27957.5742
27957.2793
27957.2988
27957.4727
27957.2520
27957.5527
27957.2773
27957.3496
27957.3457
27957.1172
27956.8633
27956.8164
27956.5898
27956.6152
27956.5156
27956.4414
27956.6133
27956.6602
27956.4863
27956.7656
27956.6797
27956.7793
27957.1719
27956.8984
27956.9980
27957.0723
27956.9492
27957.0234
27956.8887
27957.1367
27956.9844
27956.9355
27956.3887
27956.6680
27956.6992
27956.5195
27956.5703
27956.4648
27956.6387
27956.7520
27956.6309
27956.7852
27956.8984
27956.8574
27956.8516
27957.0762
27957.2383
27957.1172
27957.2637
27957.1680
27957.1953
27957.3477
27957.0996
27957.3203
27957.2188
27957.3398
27957.4082
27957.4805
27957.3340
27957.5059
27957.3789
27957.3574
27957.5801
27957.5566
27957.5840
27957.6309
27957.6309
27957.8027
27957.7559
27957.9453
27957.9492
27957.9180
27958.0176
27958.0957
27957.9160
27957.9883
27958.2832
27958.4082
27958.3359
27958.1699
27958.3555
27958.3555
27958.1133
27958.1113
27958.1641
27958.0371
27958.3633
27958.2109
27957.8105
27958.3086
27958.1250
27958.1562
27957.8770
27958.1035
27957.8027
27957.8281
27957.3027
27957.8496
27957.4746
27957.7012
27957.7754
27957.7480
27957.7422
27957.5723
27957.5469
27957.6191
27957.7148
27957.7812
27957.5352
27957.6562
27957.6133
27957.7129
27957.7129
27957.8594
27957.6855
27957.6797
27957.6797
27957.5957
27957.6738
27957.4473
27957.2988
27957.1934
27957.0938
27956.9141
27956.9141
27956.9141
27957.0391
27956.8340
27956.7617
27956.6875
27956.1426
27956.2383
27956.3379
27956.4766
27956.4102
27956.2383
27956.0156
27956.0410
27955.9414
27955.8672
27955.8887
27955.6914
27955.7910
27955.6914
27955.6641
27955.7949
27955.6738
27955.5996
27955.7520
27955.5996
27955.9199
27955.7715
27956.2207
27956.3457
27956.7930
27956.4922
27956.3887
27956.5176
27956.1855
27956.5137
27956.4609
27956.2598
27956.1152
27956.0684
27956.0723
27955.9980
27955.9668
27955.8711
27956.0664
27956.0410
27956.0176
27955.8867
27956.0137
27955.6855
27955.9863
27955.5898
27955.7383
27955.5938
27956.0137
27955.7676
27955.5020
27955.7520
27955.6055
27955.6309
27955.8770
27955.9473
27955.9512
27956.1719
27956.3672
27956.0508
27956.1504
27955.9492
27956.0977
27956.0234
27956.0430
27955.9707
27956.0391
27955.9902
27955.6895
27955.8867
27955.7148
27955.6895
27955.5723
27955.3672
27955.3965
27955.4707
27955.3691
27955.5859
27955.4180
27955.5684
27955.6426
27955.4941
27955.5938
27955.3438
27955.4434
27955.5215
