28091.1973
28091.2051
28091.1133
28090.8301
28090.4648
28090.0898
28089.9980
28089.8242
28089.8066
28089.9062
28089.9141
28089.9141
28090.0137
28090.0312
28090.1387
28090.0469
28089.8730
28089.7969
28089.7227
28089.5410
28089.4492
28089.3652
28089.2734
28089.1738
28089.2559
28089.1641
28089.0801
28089.0723
28089.1719
28089.3613
28089.3535
28089.2617
28089.3613
28089.3691
28089.2773
28089.3691
28089.3770
28089.5605
28089.4512
28089.6348
28089.8164
28089.8066
28089.8145
28089.9082
28090.0977
28090.1797
28090.2637
28090.4629
28090.2715
28090.1797
28089.9961
28089.8203
28089.7207
28089.9141
28090.2031
28090.4785
28090.8535
28091.3184
28091.6914
28091.8828
28092.1660
28092.2578
28092.3652
28092.3750
28092.2910
28092.1152
28091.9492
28091.9570
28091.8828
28091.8906
28091.7969
28091.7148
28091.6152
28091.3398
28091.0488
28090.8633
28090.5078
28090.4062
28090.5059
28090.6055
28090.7871
28091.1543
28091.4297
28091.6113
28091.8867
28092.1602
28092.1504
28092.3262
28092.2246
28092.2246
28092.4180
28092.4258
28092.4336
28092.4414
28092.4414
28092.3672
28092.3652
28092.3750
28092.2891
28092.2891
28092.4648
28092.4727
28092.4629
28092.6465
28092.6367
28092.7285
28092.8203
28092.8301
28092.8281
28092.9199
28093.0195
28093.1016
28093.0859
28093.1758
28093.0762
28093.1582
28093.1504
28093.1504
28093.1328
28093.1328
28093.1250
28093.0332
28093.0332
28093.0078
28092.9980
28092.8906
28092.9805
28093.0547
28093.0547
28093.2305
28093.3223
28093.3965
28093.2969
28093.2793
28093.1797
28093.1641
28093.1719
28093.1719
28093.2715
28093.3711
28093.3789
28093.3867
28093.5703
28093.6699
28093.8516
28093.8516
28093.9512
28093.9512
28093.9512
28093.9434
28093.9336
28093.7520
28093.7676
28093.6758
28093.6836
28093.7012
28093.6992
28093.7168
28093.6328
28093.7324
28093.7480
28093.7734
28093.7812
28093.7891
28093.7969
28093.7051
28093.6191
28093.3457
28093.1523
28092.7871
28092.4102
28092.2246
28092.0430
28091.8516
28091.7656
28091.7656
28091.9570
28091.9492
28092.0488
28092.3242
28092.4980
28092.5059
28092.5977
28092.6055
28092.5215
28092.4395
28092.3477
28092.4375
28092.4375
28092.5117
28092.6875
28092.8633
28093.0371
28093.2227
28093.4961
28093.6738
28093.9473
28093.9473
28093.9473
28093.7559
28093.6719
28093.4785
28093.2031
28092.9102
28092.6348
28092.5352
28092.3340
28092.2266
28092.3184
28092.3926
28092.4766
28092.5684
28092.5664
28092.3848
28092.3828
28092.3008
28092.2910
28092.2988
28092.2988
28092.2832
28092.2734
28092.1914
28092.1895
28092.0977
28092.0957
28092.1328
28092.1973
28092.2051
28092.2969
28092.3047
28092.4043
28092.4121
28092.5117
28092.4355
28092.3438
28092.3438
28092.2422
28092.1582
28092.0742
28092.0645
28091.9805
28091.7969
28091.8047
28091.7969
28091.7969
28091.8887
28092.0625
28092.1543
28092.4062
28092.5820
28092.6660
28092.6582
28092.8262
28092.8262
28092.7344
28092.7246
28092.7246
28092.7246
28092.7168
28092.7168
28092.7168
28092.5312
28092.5215
28092.4219
28092.4141
28092.3223
28092.3223
28092.3223
28092.2461
28092.2383
28092.2539
28092.1699
28092.1777
28092.1855
28092.2832
28092.1992
28092.2168
28092.2227
28092.2305
28092.2305
28092.4141
28092.4219
28092.4219
28092.5215
28092.6113
28092.5273
28092.6270
28092.6270
28092.7051
28092.6113
28092.6035
28092.5020
28092.5020
28092.4863
28092.4785
28092.2949
28092.2871
28092.2773
28092.2773
28092.1934
28092.1855
28092.2852
28092.2930
28092.2930
28092.3926
28092.4746
28092.4902
28092.5742
28092.6758
28092.6758
28092.6836
28092.6816
28092.7891
28092.7891
28092.8887
28092.9043
28092.9043
28092.8281
28092.8203
28092.7188
28092.5332
28092.4414
28092.3418
28092.2500
28092.0645
28091.8730
28091.7891
28091.6953
28091.5020
28091.6016
28091.7871
28092.0625
28092.4395
28092.8223
28092.9219
28092.9297
28092.7461
28092.4688
28092.2773
28092.1074
28092.1973
28092.3828
28092.5664
28092.7520
28093.0195
28092.8359
28092.6582
28092.1953
28091.8281
28091.5508
28091.0898
28090.8965
28090.8027
28090.7109
28090.8965
28090.8965
28090.8965
28090.8945
28090.8945
28090.8945
28090.8945
28090.8867
28090.9785
28090.9766
28091.0684
28091.2441
28091.3379
28091.3379
28091.3379
28091.2441
28091.3438
28091.3438
28091.2500
28091.1582
28091.1582
28091.1582
28091.2402
28091.3340
28091.5176
28091.6016
28091.5098
28091.6016
28091.6934
28091.8789
28092.1543
28092.6152
28092.8008
28092.7090
28092.4297
28092.2461
28092.0605
28092.0684
28092.2598
28092.5371
28093.1055
28093.4746
28093.9355
28094.3203
28094.6055
28094.6973
28094.6973
28094.7051
28094.8887
28094.9805
28094.7031
28094.0566
28093.4102
28092.5703
28091.8242
28091.4473
28091.3477
28091.5234
28091.7930
28091.8770
28092.0605
28092.3379
28092.7070
28093.0762
28093.5293
28093.7148
28093.7148
28093.6230
28093.4434
28093.3672
28093.3828
28093.2969
28093.3965
28093.4043
28093.4883
28093.4805
28093.4727
28093.4727
28093.3789
28093.2793
28093.2793
28093.3867
28093.2949
28093.3926
28093.4922
28093.6855
28093.7773
28094.1543
28094.3398
28094.5234
28094.7090
28094.9082
28095.0000
28095.1855
28095.2695
28095.2773
28095.2773
28095.1836
28095.0918
28095.0059
28094.8125
28094.6211
28094.4277
28094.2422
28094.2344
28094.2266
28094.3125
28094.2891
28094.1895
28094.0898
28093.9941
28093.8105
28093.8105
28093.8105
28093.7109
28093.7031
28093.6875
28093.6875
28093.9551
28094.0410
28094.2266
28094.3184
28094.3027
28094.2109
28094.1328
28094.0410
28093.9531
28094.0547
28094.0703
28094.0684
28094.0762
28093.8984
28093.7129
28093.6211
28093.5254
28093.5332
28093.7266
28093.9102
28094.0098
28094.1113
28094.1113
28093.9238
28093.8398
28093.7402
28093.6465
28093.6465
28093.6465
28093.6543
28093.7461
28093.8457
28094.0449
28094.1523
28094.3438
28094.4590
28094.5645
28094.5801
28094.5938
28094.5098
28094.4023
28094.2871
28094.2715
28094.4492
28094.6211
28094.7969
28094.9668
28095.1445
28095.3223
28095.2227
28095.2148
28095.0293
28094.9355
28094.8438
28094.6504
28094.4570
28094.3652
28094.3633
28094.2793
28094.3711
28094.4707
28094.5723
28094.6641
28094.8477
28095.0352
28095.3105
28095.2188
28095.4902
28095.5820
28095.6738
28095.8574
28096.3203
28096.5996
28096.8867
28097.0703
28096.9785
28096.7070
28096.6289
28096.3555
28096.2637
28096.0859
28095.9941
28095.8145
28095.6367
28095.5449
28095.4492
28095.4570
28095.4570
28095.2793
28095.1016
28094.9141
28094.6445
28094.5488
28094.5430
28094.5352
28094.4414
28094.5273
28094.5273
28094.5195
28094.6133
28094.7051
28094.8965
28094.9883
28094.9805
28095.0820
28095.3594
28095.4453
28095.6309
28095.7305
28095.9082
28096.0859
28096.2715
28096.3633
28096.6270
28096.9062
28097.1914
28097.3770
28097.6543
28097.9336
28098.0410
28098.0547
28098.0605
28098.0684
28097.9824
28098.0762
28098.1602
28098.2520
28098.4316
28098.7090
28099.0801
28099.5371
28099.8086
28100.1816
28100.2734
28100.5430
28100.7305
28100.9141
28101.0078
28101.2871
28101.4785
28101.7578
28102.1289
28102.3145
28102.5000
28102.7852
28103.1562
28103.3418
28103.7207
28104.2715
28104.6348
28105.0000
28105.1699
28105.3496
28105.4355
28105.3359
28105.5078
28105.5859
28105.6660
28105.8301
28105.9219
28106.0137
28106.0137
28106.1953
28106.2012
28106.2012
28106.2012
28106.1094
28106.0156
28105.8301
28105.7305
28105.6387
28105.6387
28105.6309
28105.7227
28105.7227
28105.7246
28105.7168
28105.7090
28105.8027
28105.8027
28105.9805
28105.9805
28105.9023
28105.7109
28105.4297
28104.9648
28104.6016
28104.3301
28104.1562
28104.0723
28104.2734
28104.3652
28104.6504
28104.8379
28105.0215
28104.9297
28104.9434
28105.0371
28105.0371
28105.1230
28105.2090
28105.4727
28105.6465
28105.7188
28105.8105
28105.9043
28106.0039
28106.0098
28106.1191
28106.0254
28106.0391
28106.1328
28106.0391
28105.8535
28105.8535
28105.7539
28105.6543
28105.7402
28105.6465
28105.5527
28105.5391
28105.4473
28105.4473
28105.4473
28105.4473
28105.4531
28105.5527
28105.7402
28106.0195
28106.2910
28106.2910
28106.2852
28106.3770
28106.1855
28106.0938
28105.9980
28105.9980
28105.9922
28106.0801
28106.1719
28106.1719
28106.0801
28106.0723
28105.9707
28105.9707
28105.9648
28106.1523
28106.1387
28106.2246
28106.4023
28106.4980
28106.6973
28106.7969
28106.9902
28106.9980
28107.0977
28107.1055
28107.2969
28107.3906
28107.4980
28107.7910
28108.1641
28108.2773
28108.4844
28108.6777
28108.7773
28108.8711
28109.1504
28109.3438
28109.6309
28109.9102
28110.1953
28110.5625
28110.6562
28110.8496
28111.1289
28111.1348
28111.1426
28111.1367
28110.8496
28110.6699
28110.4785
28110.2910
28110.2051
28110.2910
28110.5645
28110.8457
28111.1094
28111.3828
28111.4766
28111.3906
28111.4844
28111.3906
28111.4844
28111.4980
28111.7793
28111.7852
28111.8926
28111.9844
28112.1582
28112.1641
28112.3516
28112.2656
28112.3594
28112.5527
28112.5449
28112.6445
28112.7402
28112.8340
28112.9258
28112.8398
28112.6523
28112.5664
28112.5664
28112.5684
28112.6602
28112.9473
28112.8418
28112.7559
28112.6680
28112.6816
28112.6895
28112.4160
28112.0566
28111.7031
28111.2305
28110.7637
28110.5059
28110.3320
28110.4316
28110.6602
28111.0469
28111.4316
28111.7188
28111.9121
28111.7324
28111.2598
28110.7930
28110.3398
28110.0527
28110.1406
28110.2266
28110.4121
28110.7871
28111.0742
28111.1680
28111.4590
28111.5684
28111.4727
28111.4805
28111.3066
28111.1348
28111.0605
28111.0801
28111.1953
28111.3809
28111.7617
28112.3203
28113.1680
28114.0156
28114.3887
28114.5020
28114.4219
28114.5234
28114.6152
28115.0898
28116.0176
28116.9570
28117.5234
28118.0840
28118.0977
28117.7305
28117.2578
28117.0840
28116.9043
28116.9062
28117.0977
28117.5586
28117.8340
28118.2051
28117.9258
28117.5527
28116.9062
28116.8184
28116.6387
28116.5586
28116.6582
28116.8457
28116.8457
28116.8379
28117.2266
28117.7930
28118.0742
28118.2676
28118.5547
28118.9297
28118.9355
28118.7539
28118.5762
28118.4023
28117.9609
28117.7930
28117.8184
28117.6523
28117.2988
28116.8574
28116.4883
28115.9414
28115.4805
28115.0137
28114.3652
28113.4375
28112.4141
28111.3926
28110.6523
28109.9023
28109.5215
28109.1465
28109.0605
28108.7734
28108.5000
28108.3066
28108.2246
28107.9434
28107.8633
28107.7754
28107.8770
28107.7949
28107.3262
28106.9668
28106.4160
28105.6875
28105.0449
28104.5898
28104.1211
28103.9414
28104.1270
28104.3223
28104.7891
28105.4551
28105.8359
28105.9414
28105.7676
28105.3125
28105.0566
28104.6016
28104.3477
28104.2637
28104.5723
28104.4902
28104.5957
28104.7891
28104.9902
28105.0820
28104.9941
28105.0000
28104.7324
28104.2637
28103.9062
28103.4453
28103.0781
28102.9961
28103.1953
28102.6406
28102.0898
28102.0078
28102.1270
28101.7656
28101.9707
28102.6387
28102.6445
28102.1816
28102.2891
28102.3945
28102.3867
28102.8672
28103.2422
28103.7090
28103.9961
28104.4766
28104.9570
28105.3359
28105.6309
28106.1172
28106.5977
28107.0859
28107.3828
28107.5840
28107.8828
28107.9082
28107.2715
28106.2598
28105.5332
28104.4219
28103.5957
28103.3320
28103.8066
28104.2012
28104.5820
28104.7734
28104.9688
28105.2539
28104.9844
28104.6230
28104.3516
28104.3574
28104.2637
28104.1758
28104.1758
28104.5430
28105.0176
28105.5801
28106.7090
28107.7383
28108.5820
28109.2461
28109.8066
28110.2754
28110.8438
28110.9414
28111.0293
28111.3105
28111.2227
28110.0898
28108.0391
28105.7891
28103.8242
28102.1426
28101.4863
28101.4902
28101.5957
28101.5195
28101.3516
28101.4570
28101.7422
28102.2168
28102.7793
28103.0723
28103.4648
28103.8457
28104.4258
28105.0000
28105.5684
28106.1504
28106.7305
28107.1133
28107.3105
28107.6973
28108.0723
28108.4297
28108.7832
28109.1367
28109.4805
28109.7734
28110.0977
28110.4141
28110.6973
28110.9766
28111.2637
28111.5840
28111.8184
28112.1230
28112.3730
28112.6387
28112.8965
28113.1543
28113.3262
28113.5625
28113.7402
28113.8965
28114.1113
28114.3145
28114.4922
28114.6973
28114.8027
28114.9922
28115.1484
28115.2930
28115.4043
28115.5449
28115.6992
28115.8184
28115.9277
28116.0020
28116.0938
28116.1211
28116.1836
28116.2891
28116.3379
28116.3926
28116.4473
28116.4414
28116.4629
28116.4570
28116.4766
28116.4648
28116.4453
28116.4395
28116.4414
28116.4141
28116.3535
28116.3008
28116.2129
28116.1562
28116.0625
28115.9746
28115.8691
28115.7480
28115.6191
28115.7188
28115.5312
28115.6367
28115.6484
28115.4648
28115.3828
28115.3887
28115.2988
28115.2051
28115.4922
28115.8613
28115.9434
28115.8301
28115.8125
28115.9922
28115.9805
28116.0625
28116.4258
28116.6055
28116.5000
28116.3066
28116.1230
28116.1211
28115.8340
28115.7402
28115.5508
28115.5430
28115.5371
28115.4375
28115.2363
28115.4180
28115.6934
28115.6875
28115.9570
28116.3203
28116.3203
28116.1328
28116.3359
28116.5410
28116.2832
28115.9180
28115.3711
28114.5352
28113.6875
28113.3945
28113.2871
28113.5625
28113.8340
28113.9199
28114.1074
28113.9258
28113.4414
28113.1523
28112.6758
28112.2988
28111.9160
28111.4395
28111.1445
28111.0449
28110.7363
28110.3418
28109.7598
28109.1875
28108.3281
28107.6582
28106.9961
28106.5195
28106.1445
28105.6719
28105.4941
28105.3047
28104.9277
28104.6445
28104.4551
28103.8848
28103.3008
28103.0117
28102.6289
28102.3457
28102.4277
28102.6074
28102.5957
28102.4883
28102.3887
28102.1934
28102.0918
28101.9980
28102.1836
28102.2793
28102.3730
28102.5586
28102.5527
28102.5449
28102.7285
28102.8047
28102.8906
28103.0781
28103.3613
28103.5488
28103.5469
28103.7422
28104.0332
28104.4160
28104.8809
28105.6406
28105.9160
28105.9082
28105.5332
28105.2422
28104.7598
28104.4746
28104.2695
28104.1641
28103.9551
28103.5684
28103.1719
28102.9648
28102.7656
28102.6523
28102.5410
28102.3340
28102.4102
28102.2090
28101.8145
28101.5215
28101.4121
28101.1191
28101.0176
28100.9160
28101.0117
28101.0156
28101.1094
28101.1035
28101.2910
28101.2949
28101.1953
28100.9219
28100.7324
28100.4551
28100.0664
28099.6777
28099.3809
28099.2812
28099.3691
28099.3613
28099.6445
28100.0098
28100.1758
28100.4355
28100.5000
28100.3887
28100.2812
28100.2734
28099.9922
28099.8008
28099.6133
28099.6953
28099.6719
28099.7363
28099.9082
28099.9785
28100.0566
28099.9492
28099.7559
28099.4648
28099.2656
28099.1758
28098.8750
28098.6680
28098.5449
28098.2402
28098.0391
28098.0156
28098.0039
28097.8027
28097.7910
28098.0625
28098.1465
28098.4277
28098.7051
28098.9980
28099.2695
28099.5547
28099.7422
28099.7461
28100.1230
28100.3105
28100.4043
28100.5000
28100.4102
28100.4043
28100.2090
28100.0098
28100.0039
28100.0801
28100.2559
28100.5234
28100.9844
28101.1543
28101.5332
28101.9004
28102.0879
28102.0820
28102.0801
28101.9805
28101.6953
28101.5078
28101.3184
28101.2227
28100.8516
28100.5605
28100.7383
28100.7266
28100.5879
28100.8164
28101.1289
28101.1602
28101.3945
28101.4570
28101.5332
28101.6172
28101.4219
28101.0332
28100.7363
28100.3477
28099.6816
28099.0039
28098.4238
28098.1289
28097.7344
28097.2500
28096.9434
28096.6387
28096.2441
28096.1387
28096.0273
28095.9160
28095.8984
28095.9785
28095.9727
28095.9668
28095.8652
28095.6816
28095.5918
28095.5859
28095.6797
28095.6855
28095.8730
28095.6855
28095.5898
28095.4961
28095.3945
28095.1992
28095.0117
28094.7324
28094.6582
28094.4961
28094.4277
28094.2773
28094.1133
28093.9297
28093.5566
28093.0723
28092.7773
28092.3672
28091.9492
28091.5273
28091.2949
28091.1621
28091.1250
28091.2812
28091.5430
28091.9141
28092.3711
28092.8594
28093.2559
28093.3809
28093.6914
28093.8125
28093.9238
28094.2012
28094.2852
28094.3574
28094.3301
28094.3086
28094.1875
28094.0723
28094.0664
28094.0547
28094.1387
28094.1445
28094.0430
28094.1387
28094.0391
28093.9336
28093.9336
28093.8320
28093.8379
28093.8477
28093.9473
28093.9531
28094.0469
28094.0469
28094.2344
28094.3262
28094.4199
28094.4141
28094.3203
28094.2188
28094.3984
28094.3027
28094.0176
28093.7266
28093.4434
28093.1641
28092.9707
28092.9707
28092.7852
28092.5059
28092.2207
28092.1367
28091.9473
28092.0371
28092.0371
28092.1250
28091.9355
28091.7402
28091.4570
28091.2656
28091.2656
28091.3535
28091.4453
28091.5391
28091.7266
28091.9121
28091.9023
28091.9023
28091.8008
28091.5059
28091.4004
28091.4785
28091.7461
28091.7363
28091.7207
28091.5254
28091.6191
28091.8008
28092.1719
28092.5469
28092.8320
28092.9316
28092.8359
28092.6445
28092.4570
28092.2715
28092.2773
28092.2812
28092.5645
28092.7559
