27420.7559
27420.7207
27420.6543
27420.5547
27420.3164
27420.4844
27420.4180
27420.5137
27420.4805
27420.4121
27420.6758
27420.6074
27420.4766
27420.7461
27421.0430
27421.2129
27421.2129
27421.6133
27421.6484
27421.8164
27421.7168
27421.8867
27421.9238
27422.3301
27422.0605
27422.1953
27421.8535
27421.8535
27422.0586
27422.2969
27422.0273
27422.1562
27422.0938
27422.2578
27422.1621
27422.3262
27422.3262
27422.1934
27422.5918
27422.7598
27422.5605
27422.4922
27422.4277
27422.4570
27422.4902
27422.5586
27422.6543
27422.5938
27422.6914
27422.7891
27422.7852
27422.7188
27422.8867
27423.1191
27423.1504
27422.8184
27422.8164
27422.6113
27422.7812
27423.0156
27422.7832
27422.9180
27422.9863
27423.1211
27423.1914
27423.1621
27423.4297
27423.5078
27423.5723
27423.6406
27423.5742
27423.3418
27423.3477
27423.1113
27423.0137
27422.7500
27422.5156
27422.5781
27422.3164
27422.0781
27422.0117
27421.8027
27421.5703
27421.3691
27421.3691
27421.2676
27421.1641
27421.2949
27421.0605
27421.3887
27421.5859
27421.4492
27421.4785
27421.3770
27421.3105
27421.2754
27421.0801
27421.2129
27421.0781
27421.2773
27421.2461
27421.6738
27421.7500
27421.7109
27421.7461
27421.5762
27421.8066
27421.8477
27421.8750
27422.0117
27421.8398
27421.8340
27421.9375
27421.9648
27422.0645
27421.9590
27421.7969
27422.0273
27421.7891
27421.5918
27421.3926
27421.4551
27421.3262
27421.3535
27421.1191
27421.1484
27420.8750
27420.8398
27420.7988
27420.5645
27420.3945
27420.1230
27420.2949
27420.1289
27420.0625
27420.1270
27420.2305
27420.1289
27420.0957
27420.1328
27420.1387
27420.5098
27420.5820
27420.8906
27420.9258
27420.9551
27421.1191
27421.1621
27421.3379
27421.6016
27421.7773
27421.8770
27421.8770
27421.8672
27421.5840
27421.3809
27421.4121
27421.4434
27421.3086
27420.8457
27420.5703
27420.4766
27420.1113
27419.9375
27419.2988
27419.0996
27419.0332
27418.8945
27418.9590
27418.9980
27418.6973
27418.7637
27418.8633
27418.5586
27418.7930
27418.6914
27418.7891
27418.8867
27418.6875
27418.6191
27418.3262
27418.2285
27417.7637
27417.9668
27417.5352
27417.5605
27417.5293
27417.5957
27417.5645
27417.6680
27417.6973
27417.4980
27417.3359
27417.5703
27417.6035
27417.4414
27417.6035
27417.5371
27417.3750
27417.3105
27417.1172
27417.0527
27416.7891
27416.7891
27416.4688
27416.5000
27416.3672
27416.2070
27416.1055
27416.2715
27416.1172
27416.0449
27416.0488
27415.7812
27415.9160
27415.6855
27415.7852
27415.9492
27415.6270
27415.7891
27415.8242
27415.9238
27415.8574
27415.7598
27415.5566
27415.6270
27415.4531
27415.8145
27415.7793
27415.1953
27415.1895
27415.1602
27415.1895
27414.9902
27414.2715
27414.4668
27414.3066
27413.8125
27413.8438
27413.9395
27413.6094
27413.6387
27413.8711
27414.0039
27413.7090
27413.8711
27413.7695
27413.9355
27413.8086
27413.8691
27413.8105
27413.6035
27413.8379
27413.7988
27414.0566
27413.7832
27414.0176
27414.2188
27414.1133
27414.1133
27413.9414
27413.8086
27413.7383
27413.6738
27413.5078
27413.6465
27413.7109
27413.5801
27413.5840
27413.7500
27413.6836
27413.6797
27413.4746
27413.6445
27413.5195
27413.5781
27413.5781
27413.4570
27413.4531
27413.1211
27413.1914
27413.2266
27413.1602
27413.1914
27413.3301
27413.3867
27413.8652
27413.6641
27414.0332
27413.9980
27414.2598
27414.1289
27413.9863
27414.0508
27413.9102
27413.9160
27413.7891
27413.6895
27413.7930
27413.5938
27413.7012
27414.1055
27414.1406
27414.2051
27414.1758
27414.4492
27414.4199
27414.4492
27414.2148
27414.1191
27414.2148
27414.0137
27413.9707
27414.0840
27414.0527
27414.0801
27413.9785
27414.0742
27414.0098
27414.0391
27414.0742
27414.1348
27413.8691
27413.9941
27413.5352
27413.7305
27413.5645
27413.5625
27413.5293
27413.3594
27413.5547
27413.5137
27413.6484
27413.6094
27414.0098
27413.7695
27414.1426
27413.9082
27414.0430
27413.6719
27414.0020
27414.6582
27414.8027
27414.6523
27414.7871
27415.3184
27415.3477
27415.5176
27415.5469
27415.6465
27415.7168
27415.7871
27416.0566
27416.5469
27416.3516
27417.1309
27417.3203
27417.5410
27418.0293
27417.9648
27417.9844
27418.3789
27418.1797
27418.2832
27418.0879
27418.1680
27417.8691
27417.6738
27417.6387
27417.5781
27417.4824
27417.2520
27417.2871
27417.2168
27417.2207
27417.0625
27416.8945
27417.1270
27417.0547
27416.8945
27416.7656
27417.0664
27416.8711
27416.9043
27416.8398
27416.7148
27416.5215
27416.4004
27416.3047
27416.3223
27416.1504
27416.2227
27416.0273
27416.2598
27416.4551
27416.5195
27417.2031
27417.1152
27417.3926
27418.1523
27417.9922
27418.3125
27418.3770
27418.2109
27418.5059
27418.5059
27418.7012
27418.9004
27418.9707
27419.1348
27419.5293
27419.5996
27420.0996
27419.8633
27420.3984
27420.3281
27420.5684
27420.6094
27420.6738
27420.6074
27420.4785
27420.4199
27420.5781
27420.7129
27420.6777
27420.7773
27420.8477
27420.8066
27420.8418
27420.8418
27420.6055
27420.4766
27420.3750
27420.2754
27420.0820
27420.0156
27419.8164
27419.8809
27419.6172
27419.6172
27419.3516
27419.3516
27419.2520
27419.0859
27419.0215
27418.9277
27418.7617
27418.8633
27418.8320
27418.8027
27418.7422
27418.7148
27418.7793
27418.6777
27418.9004
27418.9355
27418.8008
27418.8652
27419.0547
27419.1895
27419.4180
27419.4824
27419.5176
27419.3242
27419.3301
27419.2344
27419.0059
27418.8047
27418.5176
27418.4824
27418.5820
27418.4277
27418.4355
27418.5117
27418.5117
27418.5098
27418.5820
27418.5879
27418.3281
27418.2930
27418.2285
27418.1641
27418.1934
27418.1934
27418.2578
27418.1875
27418.2285
27418.2344
27418.0684
27417.9766
27417.7754
27417.6816
27417.7402
27417.6035
27417.5684
27417.3398
27417.4629
27417.5273
27417.4922
27417.4219
27417.4863
27417.5801
27417.5508
27417.4199
27417.2852
27416.9980
27416.9980
27416.7695
27416.7031
27416.6680
27416.5684
27416.3047
27416.3047
27416.3691
27416.3984
27416.3984
27416.3984
27416.6270
27416.9199
27417.1484
27417.2480
27417.4492
27417.4844
27417.4844
27417.4766
27417.4629
27417.2617
27417.1973
27417.1328
27417.0039
27416.8047
27416.5742
27416.4805
27416.4805
27416.7676
27416.6387
27416.9961
27417.0664
27417.4316
27417.6973
27417.7617
27417.8613
27417.8613
27417.8613
27417.8613
27417.7832
27417.5840
27417.5469
27417.4121
27417.4766
27417.3105
27417.1816
27417.5117
27417.2539
27417.2539
27417.3887
27417.3535
27417.3535
27417.2832
27417.4180
27417.3105
27417.3750
27417.3750
27417.6113
27417.7383
27417.7031
27417.8047
27417.7031
27417.7969
27418.0957
27418.2969
27418.1973
27418.0039
27418.0664
27418.1035
27418.0664
27418.1680
27418.0391
27418.0391
27418.2031
27418.0449
27417.9160
27418.0098
27418.1094
27418.3027
27418.4590
27418.5586
27418.4883
27418.7734
27418.7734
27418.7090
27418.8750
27418.8027
27418.7383
27418.7461
27418.7012
27418.6738
27418.6309
27418.7012
27418.6660
27418.7363
27418.8652
27418.7305
27418.8301
27418.9023
27419.0938
27419.2656
27419.1953
27419.2305
27419.1289
27419.4141
27419.2227
27419.6719
27419.5996
27419.7285
27419.6289
27419.6289
27419.5645
27419.6641
27419.6992
27419.8008
27419.7207
27419.8574
27419.8633
27419.8633
27419.8652
27419.8691
27419.9355
27420.0488
27419.9961
27420.0840
27420.2305
27420.0273
27420.2422
27420.1250
27420.1934
27420.2402
27420.0977
27420.1973
27420.2402
27420.2070
27420.3008
27420.2852
27420.2812
27420.4590
27420.3789
27420.4395
27420.5449
27420.6016
27420.6094
27420.6816
27420.6289
27420.6641
27420.8223
27420.9980
27420.8848
27420.9414
27420.9023
27420.9395
27420.9590
27421.1035
27421.1934
27421.2812
27421.2578
27421.2148
27421.1895
27421.1797
27421.1289
27421.2070
27421.2070
27421.3164
27421.2773
27421.3086
27421.4434
27421.4902
27421.6797
27421.6230
27421.6836
27421.6836
27421.6172
27421.4863
27421.5977
27421.6406
27421.5605
27421.7891
27421.6250
27421.8262
27421.8535
27421.4531
27421.7598
27421.5078
27421.7598
27421.8516
27421.7676
27421.8887
27421.9590
27422.1387
27422.1582
27422.2676
27422.4941
27422.5547
27422.7734
27423.0098
27422.9453
27423.1094
27423.0176
27423.0742
27423.1250
27423.2812
27423.3984
27423.3691
27423.3047
27423.3691
27423.4961
27423.2676
27423.2246
27423.4727
27423.4805
27423.4434
27423.6523
27423.6797
27423.6953
27423.6035
27423.8750
27424.0918
27424.2832
27424.6348
27424.4785
27424.5000
27424.3359
27424.0098
27423.9102
27423.6172
27423.9180
27424.4551
27424.1621
27424.4824
27424.6465
27424.6992
27424.8984
27425.1230
27425.2598
27425.3867
27425.2871
27425.1875
27425.4902
27425.3535
27425.3184
27425.3359
27425.3574
27425.2012
27425.0566
27425.2285
27425.2637
27425.3359
27425.2539
27425.3340
27425.5430
27425.6055
27426.0703
27425.9336
27426.1699
27426.4414
27426.4414
27426.8320
27426.7227
27427.0039
27427.0840
27427.3906
27427.3906
27427.4922
27427.8555
27427.9180
27428.0273
27428.3105
27428.4922
27428.5273
27428.8652
27428.9004
27429.2715
27429.4922
27429.9004
27430.0547
27430.5117
27429.9551
27430.1113
27430.2734
27430.1738
27430.3008
27430.7285
27430.5488
27430.9688
27430.9316
27431.1230
27431.0859
27431.2305
27431.5410
27431.6777
27431.7324
27432.0684
27431.7773
27432.2949
27432.4414
27432.5039
27432.5762
27432.6328
27432.5332
27432.6758
27432.9961
27432.8301
27433.0508
27433.2852
27433.3223
27433.3867
27433.2852
27433.3770
27433.3867
27433.5410
27433.6680
27433.5586
27433.8496
27434.0312
27433.8027
27433.9023
27433.8574
27434.4219
27434.5020
27434.7031
27435.1758
27435.2188
27435.6836
27435.5742
27435.6016
27435.4648
27435.8203
27435.9473
27436.1016
27436.2012
27436.2109
27436.4277
27436.3828
27436.4824
27436.4004
27436.6191
27436.6816
27436.6719
27436.8379
27436.9902
27436.7910
27436.9453
27436.8730
27436.8906
27436.9180
27437.0723
27437.0801
27437.0996
27437.1445
27437.3340
27436.9980
27437.1621
27437.0156
27436.8438
27436.7793
27436.5879
27436.5059
27436.2051
27436.2871
27435.9941
27436.2324
27436.0938
27436.1660
27435.7754
27435.8945
27435.4766
27435.1660
27435.2754
27434.8027
27434.9121
27434.9746
27434.9844
27434.8926
27434.9922
27434.8652
27434.9824
27434.6738
27434.5918
27434.3535
27434.6719
27434.3359
27434.4980
27434.4531
27434.2539
27434.2266
27433.9629
27433.7168
27433.6602
27433.3965
27433.1055
27432.8418
27432.9141
27432.6758
27432.4219
27432.3496
27432.3770
27432.2402
27432.3398
27432.1777
27432.1230
27432.3691
27431.9316
27432.0137
27432.0410
27431.9414
27431.8672
27432.0410
27431.8398
27431.8770
27431.6328
27431.5781
27431.6152
27431.6504
27431.7676
27431.3594
27431.4414
27431.2793
27431.1621
27431.1719
27431.4609
27431.3613
27431.2598
27431.3145
27430.6973
27430.6074
27430.8945
27430.7676
27430.8867
27430.7148
27430.8242
27430.8320
27431.0586
27430.7129
27430.7031
27430.6484
27430.9648
27431.1758
27431.1113
27431.1211
27431.3594
27431.4141
27431.4141
27431.5273
27431.6172
27431.6172
27431.9434
27431.9531
27431.9277
27432.2070
27432.4082
27432.2773
27432.2773
27432.0859
27432.0488
27431.9863
27431.7383
27431.9668
27431.6504
27431.4590
27431.4395
27431.4121
27431.1758
27430.9844
27430.9961
27430.9062
27430.6582
27430.3418
27429.9512
27429.7246
27430.1621
27430.0781
27430.4785
27430.1621
27430.3145
27430.1777
27430.2051
27430.4512
27430.1191
27429.7676
27429.3496
27429.5293
27429.2773
27429.3398
27429.3398
27428.8867
27428.7969
27428.9082
27428.7715
27429.1230
27428.7715
27429.4590
27429.2969
27429.5957
27429.4961
27429.5215
27429.5078
27429.7910
27429.9805
27430.1855
27429.9492
27430.1660
27430.1289
27430.5176
27430.7695
27430.6445
27430.7070
27430.7168
27430.7793
27430.9277
27430.7637
27430.7168
27430.7266
27430.8164
27430.6582
27430.2266
27429.8457
27430.0312
27429.7051
27429.8672
27429.2930
27429.2832
27428.8809
27428.6348
27428.4707
27428.2188
27428.3652
27428.5645
27428.7031
27428.6758
27428.9434
27428.6172
27428.8066
27428.6309
27428.3945
27428.5215
27428.4316
27428.4453
27428.1836
27427.9355
27427.8359
27427.9336
27428.0977
27428.0918
27428.2344
27428.2598
27428.3691
27428.5430
27428.7188
27428.9277
27428.6797
27428.7324
27428.4316
27428.4043
27428.1562
27427.8457
27427.6816
27427.6777
27427.6875
27427.9648
27428.0078
27428.1074
27427.7812
27427.2871
27426.9492
27426.6035
27426.5312
27426.2930
27426.4824
27426.5078
27426.7695
27426.8223
27426.9473
27427.1367
27427.2148
27427.2930
27427.3027
27427.8770
27428.0098
27427.9980
27427.9609
27427.7129
27427.7383
27427.3633
27427.4160
27427.4004
27427.6738
27427.5215
27427.4316
27427.4180
27427.5430
27427.4551
27427.5762
27427.4395
27427.2129
27427.0781
27426.9902
27426.8750
27426.7871
27427.1738
27426.9746
27426.9512
27427.1133
27426.4902
27426.5547
27426.4824
27426.5684
27426.4453
27426.1309
27426.0938
27425.9180
27425.8398
27425.0527
27424.6270
27424.6523
27424.1621
27424.3008
27424.1250
27424.0508
27424.1504
27424.1133
27423.9141
27424.2148
27424.3516
27424.7246
27424.6484
27424.5000
27424.3867
27424.1758
27424.1602
27424.0742
27423.8008
27423.5508
27423.5137
27423.5137
27423.3418
27423.2539
27423.2520
27423.2773
27423.0039
27422.7773
27422.9395
27422.6387
27422.8008
27422.5527
27422.6152
27422.5645
27422.2988
27422.7871
27422.7500
27422.5879
27422.3770
27422.5410
27422.2812
27422.4316
27422.3203
27422.1953
27422.4707
27422.7344
27422.5059
27422.6445
27422.4688
27422.6055
27422.4414
27422.7031
27422.6523
27422.6152
27422.2773
27422.1035
27422.0918
27421.7793
27421.5410
27421.4043
27421.2031
27421.1035
27421.2266
27420.9766
27420.8613
27420.7988
27420.7852
27420.2734
27420.3984
27420.1855
27420.3359
27419.6348
27419.3086
27419.2715
27419.2949
27418.9824
27419.0586
27419.6074
27419.5684
27419.3066
27419.1934
27419.1055
27418.8926
27418.8926
27418.9805
27418.6797
27418.6660
27418.8535
27418.5156
27418.5664
27418.5898
27418.4648
27418.8262
27418.8613
27418.7500
27418.6348
27418.8848
27418.6836
27418.8223
27418.9844
27418.6465
27418.6582
27418.7070
27418.8203
27418.9434
27418.7441
27418.9922
27418.9785
27418.8535
27418.9023
27418.8145
27418.6270
27418.3633
27418.1895
27418.0508
27418.1016
27418.1875
27418.2734
27417.9492
27417.7988
27417.5977
27417.7969
27418.2949
27417.9453
27417.6582
27417.8203
27417.9688
27417.9180
27417.6055
27417.6426
27417.3418
27417.2539
27417.1289
27417.2793
27416.8652
27416.9277
27416.9277
27417.0645
27416.9258
27416.7754
27416.6621
27416.1621
27415.9980
27416.1230
27416.4102
27416.0703
27416.0957
27415.8457
27416.0566
27415.7324
27415.9434
27415.9180
27416.2539
27416.0527
27416.0820
27416.0781
27415.9277
27415.7891
27415.6895
27415.5254
27415.3867
27415.7246
27415.4355
27415.6230
27415.8594
27415.6719
27416.1836
27416.2969
27416.1582
27415.9219
27416.4082
27416.2578
27416.2695
27416.2441
27416.3672
27416.4805
27416.6035
27416.9668
27417.0918
27417.6016
27417.8633
27417.8398
27418.1758
27418.0000
27418.2871
27418.2852
27418.1973
27418.4219
27418.5352
27418.4336
27418.6816
27418.3320
27418.0430
27417.9570
27417.8809
27417.6680
27417.3418
27416.9062
27416.9297
27416.6055
27416.6816
27416.5059
27416.6055
27416.2930
27416.2793
27416.2285
27416.4531
27415.8164
27416.1289
27415.8789
27415.5156
27415.7031
27415.2773
27415.5898
27415.4531
27415.2637
27415.3379
27415.4121
27415.4375
27415.4121
27415.3125
27415.1602
27415.0098
27414.7344
27414.9590
27414.8691
27414.6816
27414.5684
27414.4688
27414.6152
27414.3809
27414.4160
27414.2031
27414.4023
27414.5156
27414.5898
27414.3047
27414.3789
27414.5410
27414.3672
27414.2656
27414.3027
27414.3789
27414.6660
27414.5156
27414.5156
27414.2676
27414.3164
27414.2461
27414.0312
27414.0078
27413.8438
27414.0078
27413.5820
27413.5938
27413.3945
27413.2051
27413.2656
27412.7930
27412.8301
27412.9297
27412.9316
27412.6836
27412.6094
27412.7090
27412.6602
27412.5977
27412.4258
27412.3633
27412.0762
27411.9883
27411.8047
27411.7324
27411.8945
27411.6074
27411.6465
27411.6582
27411.7695
27411.8965
27411.7852
27411.9609
27411.7266
27411.6641
27411.5273
27411.2773
27411.1914
27411.3398
27411.4805
27411.2422
27411.2930
27411.5430
27411.7930
27411.6074
27411.7461
27411.6699
27411.2441
27411.3203
27411.4336
27411.2715
27411.0957
27411.1621
27411.2129
27411.1895
27411.1270
27411.3652
27411.3398
27411.4023
27411.1543
27411.4023
27411.7168
27411.5918
27411.7305
27411.6719
27411.5215
27411.7480
27411.6582
27411.7715
27411.6953
27411.4336
27411.4004
