    0.9169
    0.8309
    0.7428
    0.6598
    0.5778
    0.5001
    0.4193
    0.3398
    0.2585
    0.1752
    0.0922
    0.0117
   -0.0746
   -0.1582
   -0.2419
   -0.3208
   -0.4028
   -0.4826
   -0.5617
   -0.6426
   -0.7191
   -0.7947
   -0.8709
   -0.9477
   -1.0274
   -1.1052
   -1.1836
   -1.2593
   -1.3299
   -1.4057
   -1.4787
   -1.4739
   -1.4694
   -1.4651
   -1.4585
   -1.4488
   -1.4409
   -1.4401
   -1.4396
   -1.4458
   -1.4518
   -1.4703
   -1.4905
   -1.5101
   -1.5320
   -1.5497
   -1.5666
   -1.5774
   -1.5891
   -1.6061
   -1.6119
   -1.6248
   -1.6358
   -1.6488
   -1.6603
   -1.6772
   -1.6880
   -1.7048
   -1.7218
   -1.7407
   -1.7592
   -1.7801
   -1.8032
   -1.8183
   -1.8381
   -1.8611
   -1.8821
   -1.8956
   -1.9064
   -1.9141
   -1.9109
   -1.9032
   -1.8897
   -1.8668
   -1.8446
   -1.8175
   -1.7868
   -1.7492
   -1.7100
   -1.6702
   -1.6362
   -1.6006
   -1.5660
   -1.5297
   -1.4997
   -1.4731
   -1.4470
   -1.4281
   -1.4077
   -1.4002
   -1.3850
   -1.3689
   -1.3556
   -1.3424
   -1.3334
   -1.3289
   -1.3247
   -1.3280
   -1.3346
   -1.3478
   -1.3579
   -1.3787
   -1.3955
   -1.4117
   -1.4301
   -1.4433
   -1.4617
   -1.4784
   -1.5013
   -1.5259
   -1.5448
   -1.5734
   -1.5960
   -1.6185
   -1.6347
   -1.6497
   -1.6622
   -1.6768
   -1.6822
   -1.7000
   -1.7197
   -1.7441
   -1.7644
   -1.7803
   -1.7974
   -1.8091
   -1.8181
   -1.8311
   -1.8504
   -1.8684
   -1.8924
   -1.9188
   -1.9464
   -1.9738
   -2.0032
   -2.0293
   -2.0555
   -2.0894
   -2.1248
   -2.1577
   -2.1961
   -2.2243
   -2.2554
   -2.2929
   -2.3362
   -2.3711
   -2.4051
   -2.4450
   -2.4759
   -2.5120
   -2.5418
   -2.5771
   -2.6091
   -2.6358
   -2.6613
   -2.6818
   -2.6968
   -2.7121
   -2.7196
   -2.7228
   -2.7188
   -2.7184
   -2.7108
   -2.7058
   -2.6995
   -2.6931
   -2.6916
   -2.6857
   -2.6820
   -2.6760
   -2.6662
   -2.6549
   -2.6456
   -2.6326
   -2.6196
   -2.6099
   -2.6081
   -2.6043
   -2.6009
   -2.6025
   -2.5971
   -2.5898
   -2.5771
   -2.5710
   -2.5632
   -2.5552
   -2.5486
   -2.5320
   -2.5109
   -2.4805
   -2.4469
   -2.4067
   -2.3642
   -2.3264
   -2.2927
   -2.2638
   -2.2398
   -2.2217
   -2.2035
   -2.1957
   -2.1970
   -2.1971
   -2.2018
   -2.2082
   -2.2112
   -2.2087
   -2.2121
   -2.2118
   -2.2059
   -2.2028
   -2.1952
   -2.1873
   -2.1775
   -2.1696
   -2.1672
   -2.1697
   -2.1710
   -2.1738
   -2.1782
   -2.1841
   -2.1880
   -2.1927
   -2.1945
   -2.2003
   -2.2019
   -2.2065
   -2.2099
   -2.2143
   -2.2208
   -2.2236
   -2.2326
   -2.2429
   -2.2550
   -2.2643
   -2.2802
   -2.2977
   -2.3167
   -2.3330
   -2.3559
   -2.3786
   -2.4026
   -2.4221
   -2.4413
   -2.4611
   -2.4815
   -2.5019
   -2.5226
   -2.5436
   -2.5696
   -2.6000
   -2.6391
   -2.6850
   -2.7297
   -2.7821
   -2.8290
   -2.8769
   -2.9193
   -2.9593
   -2.9928
   -3.0229
   -3.0463
   -3.0625
   -3.0714
   -3.0765
   -3.0807
   -3.0780
   -3.0754
   -3.0651
   -3.0591
   -3.0488
   -3.0362
   -3.0259
   -3.0154
   -3.0051
   -2.9960
   -2.9831
   -2.9717
   -2.9635
   -2.9560
   -2.9488
   -2.9402
   -2.9365
   -2.9363
   -2.9319
   -2.9296
   -2.9298
   -2.9282
   -2.9271
   -2.9264
   -2.9248
   -2.9251
   -2.9219
   -2.9212
   -2.9196
   -2.9159
   -2.9094
   -2.8992
   -2.8834
   -2.8633
   -2.8381
   -2.8103
   -2.7804
   -2.7513
   -2.7244
   -2.6978
   -2.6690
   -2.6465
   -2.6278
   -2.6106
   -2.5978
   -2.5834
   -2.5710
   -2.5589
   -2.5482
   -2.5354
   -2.5315
   -2.5300
   -2.5310
   -2.5329
   -2.5414
   -2.5510
   -2.5675
   -2.5890
   -2.6159
   -2.6466
   -2.6782
   -2.7131
   -2.7477
   -2.7845
   -2.8201
   -2.8575
   -2.8938
   -2.9266
   -2.9570
   -2.9870
   -3.0134
   -3.0438
   -3.0672
   -3.0908
   -3.1167
   -3.1403
   -3.1634
   -3.1891
   -3.2110
   -3.2405
   -3.2620
   -3.2809
   -3.3004
   -3.3189
   -3.3369
   -3.3521
   -3.3699
   -3.3859
   -3.4005
   -3.4198
   -3.4418
   -3.4651
   -3.4932
   -3.5267
   -3.5655
   -3.6081
   -3.6587
   -3.7099
   -3.7623
   -3.8121
   -3.8610
   -3.9120
   -3.9578
   -4.0007
   -4.0430
   -4.0808
   -4.1193
   -4.1553
   -4.1886
   -4.2210
   -4.2525
   -4.2790
   -4.3013
   -4.3260
   -4.3488
   -4.3664
   -4.3829
   -4.3944
   -4.4041
   -4.4100
   -4.4153
   -4.4174
   -4.4214
   -4.4266
   -4.4342
   -4.4419
   -4.4495
   -4.4615
   -4.4773
   -4.4959
   -4.5140
   -4.5392
   -4.5581
   -4.5816
   -4.5980
   -4.6119
   -4.6266
   -4.6409
   -4.6528
   -4.6662
   -4.6748
   -4.6865
   -4.6994
   -4.7147
   -4.7299
   -4.7416
   -4.7579
   -4.7660
   -4.7683
   -4.7687
   -4.7602
   -4.7515
   -4.7370
   -4.7159
   -4.6956
   -4.6711
   -4.6411
   -4.6053
   -4.5696
   -4.5280
   -4.4841
   -4.4360
   -4.3871
   -4.3399
   -4.2937
   -4.2505
   -4.2079
   -4.1628
   -4.1184
   -4.0737
   -4.0312
   -3.9889
   -3.9430
   -3.8991
   -3.8546
   -3.8116
   -3.7731
   -3.7344
   -3.6966
   -3.6592
   -3.6222
   -3.5834
   -3.5465
   -3.5053
   -3.4627
   -3.4185
   -3.3760
   -3.3350
   -3.2956
   -3.2583
   -3.2268
   -3.1979
   -3.1675
   -3.1439
   -3.1225
   -3.1062
   -3.0928
   -3.0779
   -3.0652
   -3.0507
   -3.0357
   -3.0232
   -3.0080
   -2.9905
   -2.9685
   -2.9465
   -2.9260
   -2.8996
   -2.8769
   -2.8585
   -2.8384
   -2.8207
   -2.7975
   -2.7771
   -2.7560
   -2.7296
   -2.7013
   -2.6752
   -2.6468
   -2.6195
   -2.5949
   -2.5733
   -2.5569
   -2.5386
   -2.5208
   -2.5029
   -2.4798
   -2.4612
   -2.4452
   -2.4264
   -2.4089
   -2.3912
   -2.3721
   -2.3588
   -2.3447
   -2.3310
   -2.3171
   -2.3001
   -2.2844
   -2.2675
   -2.2517
   -2.2356
   -2.2203
   -2.2060
   -2.1944
   -2.1843
   -2.1768
   -2.1696
   -2.1652
   -2.1601
   -2.1535
   -2.1399
   -2.1256
   -2.1087
   -2.0903
   -2.0687
   -2.0490
   -2.0272
   -2.0087
   -1.9869
   -1.9667
   -1.9467
   -1.9272
   -1.9115
   -1.8993
   -1.8912
   -1.8865
   -1.8855
   -1.8866
   -1.8890
   -1.8891
   -1.8900
   -1.8943
   -1.9014
   -1.9086
   -1.9185
   -1.9325
   -1.9507
   -1.9674
   -1.9856
   -2.0042
   -2.0205
   -2.0376
   -2.0527
   -2.0666
   -2.0817
   -2.0993
   -2.1221
   -2.1440
   -2.1650
   -2.1902
   -2.2178
   -2.2434
   -2.2722
   -2.2989
   -2.3281
   -2.3589
   -2.3924
   -2.4299
   -2.4679
   -2.5094
   -2.5530
   -2.6015
   -2.6551
   -2.7121
   -2.7716
   -2.8299
   -2.8869
   -2.9391
   -2.9910
   -3.0358
   -3.0828
   -3.1295
   -3.1752
   -3.2169
   -3.2541
   -3.2897
   -3.3210
   -3.3478
   -3.3716
   -3.3944
   -3.4172
   -3.4397
   -3.4627
   -3.4810
   -3.4958
   -3.5026
   -3.5046
   -3.5019
   -3.4905
   -3.4808
   -3.4702
   -3.4578
   -3.4423
   -3.4300
   -3.4220
   -3.4207
   -3.4215
   -3.4253
   -3.4267
   -3.4300
   -3.4263
   -3.4244
   -3.4248
   -3.4237
   -3.4246
   -3.4187
   -3.4076
   -3.3899
   -3.3698
   -3.3469
   -3.3163
   -3.2833
   -3.2536
   -3.2207
   -3.1848
   -3.1476
   -3.1096
   -3.0673
   -3.0213
   -2.9723
   -2.9223
   -2.8628
   -2.7984
   -2.7322
   -2.6638
   -2.5892
   -2.5181
   -2.4458
   -2.3778
   -2.3074
   -2.2445
   -2.1772
   -2.1126
   -2.0465
   -1.9887
   -1.9342
   -1.8752
   -1.8199
   -1.7623
   -1.7082
   -1.6537
   -1.5963
   -1.5390
   -1.4799
   -1.4278
   -1.3762
   -1.3327
   -1.2957
   -1.2642
   -1.2442
   -1.2254
   -1.2214
   -1.2155
   -1.2119
   -1.2062
   -1.2023
   -1.1905
   -1.1831
   -1.1707
   -1.1641
   -1.1552
   -1.1530
   -1.1522
   -1.1518
   -1.1538
   -1.1659
   -1.1830
   -1.2037
   -1.2324
   -1.2621
   -1.2961
   -1.3314
   -1.3695
   -1.4050
   -1.4496
   -1.4933
   -1.5385
   -1.5802
   -1.6269
   -1.6735
   -1.7275
   -1.7760
   -1.8325
   -1.8896
   -1.9424
   -1.9954
   -2.0505
   -2.1061
   -2.1637
   -2.2209
   -2.2781
   -2.3312
   -2.3875
   -2.4398
   -2.4937
   -2.5432
   -2.5935
   -2.6489
   -2.7021
   -2.7644
   -2.8223
   -2.8842
   -2.9483
   -3.0093
   -3.0748
   -3.1308
   -3.1951
   -3.2555
   -3.3136
   -3.3686
   -3.4150
   -3.4614
   -3.4966
   -3.5386
   -3.5786
   -3.6175
   -3.6523
   -3.6887
   -3.7197
   -3.7441
   -3.7647
   -3.7904
   -3.8114
   -3.8386
   -3.8556
   -3.8742
   -3.8842
   -3.8956
   -3.9065
   -3.9138
   -3.9176
   -3.9224
   -3.9322
   -3.9383
   -3.9460
   -3.9473
   -3.9555
   -3.9570
   -3.9645
   -3.9713
   -3.9790
   -3.9844
   -3.9965
   -4.0091
   -4.0226
   -4.0400
   -4.0526
   -4.0678
   -4.0739
   -4.0828
   -4.0913
   -4.0966
   -4.1057
   -4.1140
   -4.1262
   -4.1373
   -4.1505
   -4.1613
   -4.1744
   -4.1832
   -4.1922
   -4.2039
   -4.2117
   -4.2229
   -4.2384
   -4.2456
   -4.2573
   -4.2635
   -4.2703
   -4.2846
   -4.2969
   -4.3106
   -4.3196
   -4.3343
   -4.3449
   -4.3622
   -4.3743
   -4.3883
   -4.4042
   -4.4162
   -4.4341
   -4.4501
   -4.4639
   -4.4776
   -4.4837
   -4.4947
   -4.5013
   -4.5088
   -4.5143
   -4.5195
   -4.5245
   -4.5222
   -4.5257
   -4.5240
   -4.5220
   -4.5205
   -4.5150
   -4.5079
   -4.4996
   -4.4887
   -4.4769
   -4.4625
   -4.4426
   -4.4200
   -4.3863
   -4.3567
   -4.3214
   -4.2890
   -4.2526
   -4.2199
   -4.1835
   -4.1437
   -4.1054
   -4.0611
   -4.0160
   -3.9702
   -3.9242
   -3.8762
   -3.8315
   -3.7807
   -3.7325
   -3.6751
   -3.6197
   -3.5640
   -3.5036
   -3.4419
   -3.3829
   -3.3232
   -3.2634
   -3.2033
   -3.1318
   -3.0583
   -2.9886
   -2.9202
   -2.8478
   -2.7735
   -2.6942
   -2.6203
   -2.5396
   -2.4568
   -2.3716
   -2.2858
   -2.1981
   -2.1060
   -2.0116
   -1.9140
   -1.8134
   -1.7259
   -1.6328
   -1.5363
   -1.4432
   -1.3451
   -1.2566
   -1.1583
   -1.0622
   -0.9655
   -0.8637
   -0.7631
   -0.6588
   -0.5522
   -0.4439
   -0.3363
   -0.2251
   -0.1146
   -0.0044
    0.0973
    0.2050
    0.3103
    0.4116
    0.5173
    0.6174
    0.7197
    0.8214
    0.9244
    1.0228
    1.1246
    1.2254
    1.3258
    1.4289
    1.5392
    1.6472
    1.7582
    1.8675
    1.9778
    2.0936
    2.2125
    2.3296
    2.4491
    2.5640
    2.6821
    2.7993
    2.9165
    3.0313
    3.1449
    3.2591
    3.3803
    3.4951
    3.6107
    3.7298
    3.8503
    3.9730
    4.0915
    4.2080
    4.3223
    4.4345
    4.5419
    4.6444
    4.7423
    4.8526
    4.9654
    5.0753
    5.1895
    5.2965
    5.4048
    5.5121
    5.6185
    5.7288
    5.8322
    5.9382
    6.0406
    6.1353
    6.2295
    6.3231
    6.4130
    6.5027
    6.5919
    6.6845
    6.7790
    6.8747
    6.9741
    7.0703
    7.1679
    7.2639
    7.3613
    7.4566
    7.5579
    7.6545
    7.7523
    7.8539
    7.9560
    8.0541
    8.1529
    8.2456
    8.3352
    8.4280
    8.5134
    8.5967
    8.6780
    8.7585
    8.8390
    8.9229
    9.0020
    9.0794
    9.1588
    9.2380
    9.3152
    9.3892
    9.4669
    9.5484
    9.6272
    9.7030
    9.7761
    9.8500
    9.9287
   10.0058
   10.0811
   10.1603
   10.2444
   10.3334
   10.4222
   10.5097
   10.5983
   10.6880
   10.7830
   10.8778
   10.9736
   11.0707
   11.1625
   11.2596
   11.3529
   11.4495
   11.5474
   11.6456
   11.7454
   11.8432
   11.9399
   12.0369
   12.1306
   12.2202
   12.3069
   12.3917
   12.4720
   12.5528
   12.6320
   12.7061
   12.7775
   12.8416
   12.9047
   12.9653
   13.0187
   13.0704
   13.1210
   13.1691
   13.2182
   13.2648
   13.3193
   13.3722
   13.4287
   13.4870
   13.5450
   13.6044
   13.6551
   13.7122
   13.7662
   13.8175
   13.8618
   13.9111
   13.9567
   13.9980
   14.0358
   14.0674
   14.0958
   14.1290
   14.1610
   14.1905
   14.2169
   14.2498
   14.2807
   14.3054
   14.3282
   14.3449
   14.3647
   14.3781
   14.3896
   14.3999
   14.4031
   14.4044
   14.4040
   14.3997
   14.3914
   14.3844
   14.3744
   14.3621
   14.3502
   14.3396
   14.3239
   14.3112
   14.2938
   14.2781
   14.2644
   14.2465
   14.2358
   14.2166
   14.2052
   14.1945
   14.1859
   14.1773
   14.1725
   14.1675
   14.1647
   14.1666
   14.1658
   14.1666
   14.1660
   14.1655
   14.1689
   14.1641
   14.1645
   14.1597
   14.1588
   14.1467
   14.1421
   14.1392
   14.1376
   14.1396
   14.1422
   14.1511
   14.1573
   14.1624
   14.1709
   14.1793
   14.1947
   14.2116
   14.2233
   14.2354
   14.2464
   14.2608
   14.2693
   14.2738
   14.2815
   14.2854
   14.2932
   14.2945
   14.3004
   14.3013
   14.2990
   14.3039
   14.3107
   14.3169
   14.3247
   14.3339
   14.3441
   14.3520
   14.3602
   14.3691
   14.3707
   14.3818
   14.3792
   14.3841
   14.3861
   14.3848
   14.3868
   14.3812
   14.3858
   14.3819
   14.3771
   14.3700
   14.3577
   14.3457
   14.3343
   14.3200
   14.3061
   14.2968
   14.2825
   14.2700
   14.2584
   14.2409
   14.2225
   14.1985
   14.1729
   14.1426
   14.1199
   14.0972
   14.0722
   14.0456
   14.0144
   13.9812
   13.9503
   13.9195
   13.8869
   13.8456
   13.8028
   13.7561
   13.7069
   13.6525
   13.5967
   13.5348
   13.4712
   13.4038
   13.3371
   13.2632
   13.1915
   13.1190
   13.0455
   12.9714
   12.8982
   12.8243
   12.7469
   12.6643
   12.5836
   12.4987
   12.4119
   12.3209
   12.2331
   12.1414
   12.0499
   11.9596
   11.8618
   11.7748
   11.6799
   11.5857
   11.4935
   11.4006
   11.3085
   11.2164
   11.1230
   11.0318
   10.9403
   10.8568
   10.7686
   10.6813
   10.5956
   10.5064
   10.4156
   10.3253
   10.2359
   10.1427
   10.0505
    9.9589
    9.8697
    9.7759
    9.6903
    9.5999
    9.5056
    9.4136
    9.3166
    9.2235
    9.1315
    9.0368
    8.9385
    8.8401
    8.7523
    8.6634
    8.5752
    8.4868
    8.4024
    8.3222
    8.2476
    8.1705
    8.1007
    8.0292
    7.9687
    7.9086
    7.8491
    7.7917
    7.7353
    7.6821
    7.6299
    7.5758
    7.5283
    7.4756
    7.4261
    7.3771
    7.3296
    7.2736
    7.2222
    7.1753
    7.1251
    7.0768
    7.0308
    6.9950
    6.9564
    6.9218
    6.8883
    6.8570
    6.8258
    6.7983
    6.7683
    6.7347
    6.7067
    6.6782
    6.6465
    6.6180
    6.5913
    6.5609
    6.5299
    6.4954
    6.4660
    6.4395
    6.4098
    6.3771
    6.3499
    6.3163
    6.2892
    6.2545
    6.2221
    6.1947
    6.1671
    6.1365
    6.1095
    6.0871
    6.0693
    6.0476
    6.0255
    6.0085
    5.9949
    5.9844
    5.9679
    5.9520
    5.9420
    5.9309
    5.9241
    5.9123
    5.9002
    5.8863
    5.8695
    5.8550
    5.8372
    5.8211
    5.8076
    5.7904
    5.7758
    5.7641
    5.7543
    5.7408
    5.7375
    5.7316
    5.7237
    5.7223
    5.7238
    5.7199
    5.7116
    5.7082
    5.7020
    5.6983
    5.6882
    5.6798
    5.6709
    5.6641
    5.6602
    5.6488
    5.6351
    5.6229
    5.6011
    5.5753
    5.5498
    5.5277
    5.5113
    5.4895
    5.4677
    5.4502
    5.4344
    5.4210
    5.4090
    5.3960
    5.3877
    5.3790
    5.3624
    5.3517
    5.3396
    5.3282
    5.3158
    5.3008
    5.2876
    5.2755
    5.2598
    5.2407
    5.2244
    5.2135
    5.2019
    5.1863
    5.1698
    5.1517
    5.1328
    5.1118
    5.0897
    5.0715
    5.0477
    5.0253
    4.9999
    4.9757
    4.9531
    4.9292
    4.9051
    4.8790
    4.8571
    4.8356
    4.8138
    4.7859
    4.7626
    4.7337
    4.7113
    4.6841
    4.6582
    4.6279
    4.5977
    4.5685
    4.5411
    4.5107
    4.4820
    4.4520
    4.4251
    4.4004
    4.3793
    4.3647
    4.3528
    4.3434
    4.3316
    4.3177
    4.3064
    4.2962
    4.2839
    4.2697
    4.2552
    4.2408
    4.2250
    4.2067
    4.1851
    4.1665
    4.1421
    4.1205
    4.0955
    4.0651
    4.0350
    4.0008
    3.9692
    3.9367
    3.9054
    3.8665
    3.8293
    3.7916
    3.7531
    3.7155
    3.6775
    3.6398
    3.6048
    3.5720
    3.5425
    3.5128
    3.4866
    3.4624
    3.4396
    3.4168
    3.3908
    3.2965
    3.2065
    3.1147
    3.0203
    2.9253
    2.8332
    2.7439
    2.6581
    2.5726
    2.4949
    2.4215
    2.3522
    2.2814
    2.2156
    2.1402
    2.0656
    1.9880
    1.9139
    1.8372
    1.7596
    1.6810
    1.6012
    1.5207
    1.4395
    1.3623
    1.2791
    1.1972
    1.1132
    1.0315
    0.9516
