27971.5879
27972.5098
27973.4473
27974.3359
27975.1895
27976.0625
27976.9199
27977.7461
27978.5391
27979.3145
27980.0801
27980.8555
27981.6270
27982.4160
27983.1797
27983.9375
27984.6875
27985.4297
27986.1230
27986.7949
27987.4609
27988.1387
27988.8711
27989.5957
27990.2891
27990.9688
27991.6738
27992.3594
27993.0273
27993.6855
27994.3691
27994.3750
27994.3867
27994.4043
27994.4160
27994.4297
27994.4531
27994.4785
27994.4961
27994.5137
27994.5391
27994.5781
27994.6152
27994.6699
27994.7148
27994.7559
27994.8047
27994.8477
27994.9023
27994.9531
27995.0137
27995.0879
27995.1582
27995.2246
27995.2832
27995.3496
27995.4043
27995.4609
27995.5137
27995.5723
27995.6309
27995.6836
27995.7363
27995.8047
27995.8809
27995.9668
27996.0488
27996.1523
27996.2461
27996.3457
27996.4434
27996.5449
27996.6426
27996.7441
27996.8398
27996.9473
27997.0586
27997.1680
27997.2773
27997.3848
27997.4766
27997.5684
27997.6621
27997.7480
27997.8457
27997.9590
27998.0859
27998.1895
27998.3008
27998.4160
27998.5273
27998.6387
27998.7383
27998.8301
27998.9180
27999.0039
27999.0801
27999.1621
27999.2324
27999.3008
27999.3555
27999.4082
27999.4531
27999.4980
27999.5391
27999.5879
27999.6309
27999.6719
27999.7324
27999.7773
27999.8262
27999.8711
27999.9141
27999.9531
27999.9863
28000.0195
28000.0430
28000.0703
28000.0898
28000.1055
28000.1152
28000.1250
28000.1367
28000.1504
28000.1660
28000.1816
28000.1934
28000.2148
28000.2207
28000.2188
28000.1973
28000.1582
28000.1133
28000.0605
28000.0000
27999.9258
27999.8438
27999.7480
27999.6445
27999.5430
27999.4473
27999.3574
27999.2617
27999.1641
27999.0684
27998.9746
27998.8809
27998.7832
27998.6992
27998.6309
27998.5684
27998.5156
27998.4609
27998.4238
27998.3945
27998.3652
27998.3438
27998.3242
27998.3086
27998.3008
27998.3008
27998.3125
27998.3281
27998.3457
27998.3672
27998.3906
27998.4062
27998.4277
27998.4473
27998.4570
27998.4727
27998.4883
27998.5039
27998.5137
27998.5273
27998.5391
27998.5469
27998.5469
27998.5391
27998.5430
27998.5449
27998.5527
27998.5605
27998.5742
27998.5879
27998.5918
27998.5957
27998.6074
27998.6211
27998.6367
27998.6543
27998.6855
27998.7285
27998.7676
27998.8086
27998.8594
27998.9180
27998.9766
27999.0352
27999.1055
27999.1738
27999.2441
27999.3184
27999.3906
27999.4688
27999.5469
27999.6289
27999.7051
27999.7832
27999.8535
27999.9219
27999.9863
28000.0488
28000.1172
28000.1895
28000.2598
28000.3379
28000.4180
28000.5059
28000.5918
28000.6777
28000.7539
28000.8320
28000.9082
28000.9863
28001.0703
28001.1484
28001.2285
28001.3027
28001.3711
28001.4434
28001.5117
28001.5762
28001.6465
28001.7168
28001.7793
28001.8457
28001.9121
28001.9883
28002.0762
28002.1621
28002.2539
28002.3457
28002.4414
28002.5625
28002.7031
28002.8652
28003.0371
28003.2148
28003.3867
28003.5664
28003.7520
28003.9336
28004.0957
28004.2402
28004.3770
28004.4980
28004.6113
28004.7227
28004.8164
28004.8965
28004.9766
28005.0430
28005.0977
28005.1504
28005.1934
28005.2402
28005.2773
28005.3066
28005.3145
28005.3047
28005.2715
28005.2246
28005.1738
28005.1270
28005.0859
28005.0625
28005.0508
28005.0469
28005.0488
28005.0820
28005.1465
28005.2266
28005.2852
28005.3008
28005.2598
28005.1895
28005.1191
28005.0527
28005.0137
28005.0078
28005.0176
28005.0371
28005.0781
28005.1133
28005.1562
28005.2012
28005.2285
28005.2285
28005.2168
28005.2148
28005.2285
28005.2441
28005.2383
28005.2129
28005.1602
28005.1035
28005.0410
28004.9844
28004.9121
28004.8301
28004.7324
28004.6191
28004.4941
28004.3633
28004.2324
28004.1094
28003.9727
28003.8047
28003.6250
28003.4668
28003.3301
28003.2070
28003.1191
28003.0605
28003.0098
28002.9590
28002.9062
28002.8379
28002.7676
28002.7227
28002.7070
28002.7227
28002.7578
28002.8125
28002.8828
28002.9746
28003.0566
28003.1230
28003.1816
28003.2227
28003.2207
28003.1699
28003.1016
28003.0547
28003.0625
28003.1250
28003.2227
28003.3301
28003.4453
28003.5098
28003.5234
28003.4961
28003.4492
28003.3828
28003.3047
28003.2129
28003.1113
28003.0215
28002.9512
28002.8926
28002.8203
28002.7422
28002.6680
28002.6191
28002.5977
28002.5918
28002.5742
28002.5527
28002.5215
28002.4961
28002.4863
28002.4844
28002.4961
28002.5215
28002.5566
28002.5996
28002.6328
28002.6699
28002.7207
28002.7734
28002.8086
28002.8145
28002.8047
28002.7559
28002.6777
28002.5820
28002.4824
28002.3691
28002.2676
28002.1680
28002.0547
28001.9258
28001.7812
28001.6250
28001.4473
28001.2363
28001.0078
28000.7637
28000.5117
28000.2402
27999.9590
27999.6816
27999.4219
27999.1738
27998.9238
27998.6699
27998.4258
27998.1777
27997.9180
27997.6680
27997.4824
27997.3223
27997.1797
27997.0391
27996.8789
27996.7070
27996.5273
27996.3555
27996.2051
27996.0723
27995.9355
27995.7578
27995.5605
27995.3516
27995.1289
27994.8945
27994.6621
27994.4336
27994.2070
27993.9863
27993.7598
27993.5195
27993.2754
27993.0215
27992.7539
27992.4727
27992.1875
27991.9199
27991.7012
27991.5371
27991.3887
27991.2441
27991.1113
27990.9863
27990.8828
27990.8027
27990.7363
27990.6934
27990.6719
27990.6602
27990.6582
27990.6641
27990.6699
27990.6699
27990.6621
27990.6621
27990.6816
27990.6973
27990.7207
27990.7598
27990.8105
27990.8789
27990.9531
27991.0234
27991.0918
27991.1582
27991.2266
27991.2812
27991.3320
27991.3984
27991.4512
27991.4688
27991.4922
27991.5332
27991.5898
27991.6699
27991.7734
27991.9180
27992.0625
27992.1992
27992.3418
27992.4961
27992.6973
27992.9219
27993.1582
27993.4121
27993.6699
27993.9219
27994.1738
27994.4180
27994.6504
27994.8867
27995.1289
27995.3691
27995.6172
27995.8828
27996.1758
27996.4844
27996.7734
27997.0215
27997.2305
27997.4297
27997.6406
27997.8535
27998.0625
27998.2598
27998.4395
27998.6094
27998.7500
27998.8711
27998.9883
27999.1172
27999.2520
27999.3945
27999.5488
27999.7129
27999.8809
28000.0469
28000.2129
28000.3809
28000.5547
28000.7383
28000.9297
28001.1387
28001.3516
28001.5586
28001.7656
28001.9648
28002.1680
28002.3672
28002.5449
28002.7051
28002.8594
28003.0020
28003.1367
28003.2617
28003.3867
28003.5137
28003.6211
28003.7344
28003.8477
28003.9434
28004.0293
28004.0820
28004.1270
28004.1504
28004.1484
28004.1191
28004.0684
28004.0137
28003.9629
28003.9160
28003.8750
28003.8398
28003.8027
28003.7520
28003.6953
28003.6367
28003.5898
28003.5449
28003.5059
28003.4727
28003.4395
28003.4023
28003.3730
28003.3516
28003.3320
28003.3203
28003.3242
28003.3555
28003.4043
28003.4648
28003.5391
28003.6230
28003.7168
28003.8262
28003.9414
28004.0508
28004.1484
28004.2480
28004.3496
28004.4453
28004.5254
28004.5781
28004.6074
28004.6465
28004.6797
28004.7207
28004.7715
28004.8184
28004.8691
28004.9355
28005.0176
28005.1094
28005.2129
28005.3262
28005.4512
28005.5898
28005.7246
28005.8633
28006.0000
28006.1250
28006.2461
28006.3613
28006.4941
28006.6289
28006.7910
28006.9609
28007.1367
28007.3223
28007.5137
28007.7031
28007.8828
28008.0312
28008.1504
28008.2676
28008.3887
28008.5215
28008.6367
28008.7461
28008.8574
28008.9688
28009.0625
28009.1562
28009.2617
28009.3633
28009.4570
28009.5215
28009.5508
28009.5762
28009.5918
28009.6016
28009.6250
28009.6523
28009.6934
28009.7344
28009.7188
28009.6504
28009.5391
28009.4219
28009.3184
28009.2070
28009.1172
28009.0332
28008.9336
28008.8320
28008.7051
28008.5977
28008.4922
28008.3809
28008.2832
28008.2109
28008.1562
28008.1152
28008.0859
28008.0391
28007.9824
28007.9219
28007.8535
28007.7871
28007.7090
28007.6348
28007.5449
28007.4590
28007.3477
28007.2188
28007.0664
28006.8887
28006.7246
28006.5957
28006.4863
28006.3652
28006.2207
28006.0723
28005.9375
28005.8340
28005.7578
28005.6934
28005.6211
28005.5547
28005.4844
28005.4023
28005.3301
28005.2832
28005.2383
28005.2012
28005.1641
28005.1270
28005.1113
28005.1406
28005.1699
28005.2051
28005.2422
28005.2617
28005.2520
28005.2090
28005.1562
28005.1367
28005.1602
28005.2422
28005.3555
28005.4668
28005.5977
28005.7109
28005.8242
28005.9453
28006.0703
28006.2031
28006.3262
28006.4434
28006.5625
28006.6797
28006.7637
28006.8223
28006.8730
28006.9043
28006.9395
28006.9863
28007.0332
28007.0918
28007.1523
28007.2227
28007.2969
28007.3945
28007.5078
28007.6367
28007.7832
28007.9375
28008.1016
28008.2598
28008.3965
28008.5078
28008.6191
28008.7344
28008.8691
28009.0020
28009.1211
28009.2266
28009.3223
28009.4121
28009.4961
28009.5977
28009.7422
28009.8789
28009.9961
28010.0898
28010.1777
28010.2754
28010.3867
28010.5000
28010.5840
28010.6582
28010.7344
28010.8086
28010.8730
28010.9395
28010.9883
28011.0078
28011.0273
28011.0488
28011.0586
28011.0527
28011.0254
28010.9668
28010.9180
28010.8691
28010.8496
28010.8203
28010.7891
28010.7578
28010.7305
28010.7188
28010.6797
28010.6367
28010.6035
28010.5566
28010.5000
28010.4375
28010.3633
28010.2812
28010.1836
28010.0781
28009.9590
28009.8301
28009.6973
28009.5488
28009.3965
28009.2383
28009.0684
28008.8926
28008.7188
28008.5410
28008.3730
28008.1934
28008.0059
28007.8047
28007.6230
28007.4453
28007.2793
28007.1250
28006.9785
28006.8320
28006.6699
28006.4824
28006.3008
28006.1230
28005.9746
28005.8047
28005.6133
28005.3945
28005.1621
28004.9648
28004.8066
28004.6211
28004.4277
28004.2500
28004.0879
28003.9668
28003.8926
28003.8574
28003.8398
28003.8281
28003.8320
28003.8457
28003.8633
28003.8672
28003.8770
28003.8906
28003.9121
28003.9473
28003.9688
28003.9668
28003.9414
28003.9316
28003.9277
28003.9062
28003.8828
28003.8496
28003.8262
28003.8125
28003.8066
28003.7637
28003.6855
28003.5625
28003.4062
28003.2285
28003.0273
28002.8496
28002.7070
28002.6016
28002.4727
28002.3145
28002.1660
28001.9785
28001.8203
28001.6992
28001.6328
28001.5684
28001.5176
28001.4766
28001.4258
28001.3516
28001.2969
28001.2559
28001.2207
28001.1816
28001.1406
28001.0938
28001.0547
28001.0176
28000.9805
28000.9570
28000.9043
28000.8008
28000.7617
28000.7520
28000.7656
28000.7891
28000.8008
28000.7754
28000.7246
28000.6504
28000.5684
28000.4883
28000.3730
28000.2598
28000.1562
28000.0195
27999.8730
27999.7402
27999.5742
27999.4180
27999.2793
27999.1445
27998.9941
27998.8301
27998.6719
27998.5176
27998.3750
27998.2520
27998.0977
27997.9277
27997.8027
27997.7051
27997.6465
27997.6172
27997.6016
27997.6113
27997.5957
27997.5625
27997.5098
27997.5020
27997.5273
27997.5527
27997.6191
27997.6973
27997.7441
27997.7441
27997.7402
27997.7207
27997.6523
27997.5938
27997.5469
27997.4902
27997.4355
27997.3516
27997.2637
27997.2031
27997.1523
27997.0879
27996.9941
27996.8652
27996.7109
27996.5605
27996.3887
27996.1250
27995.7988
27995.4141
27994.9863
27994.5508
27994.1426
27993.7168
27993.3008
27992.8652
27992.4395
27992.0469
27991.6387
27991.1836
27990.7812
27990.3789
27989.9688
27989.5078
27989.0371
27988.5781
27988.0918
27987.6406
27987.2090
27986.8086
27986.4277
27986.0586
27985.6797
27985.2812
27984.8770
27984.4395
27983.9688
27983.5039
27983.0352
27982.5234
27982.0215
27981.5273
27980.9941
27980.4512
27979.8906
27979.2871
27978.6543
27978.0195
27977.3867
27976.7402
27976.1328
27975.5371
27975.0137
27974.5410
27974.0645
27973.5605
27973.0586
27972.5312
27972.0176
27971.5137
27970.9883
27970.4590
27969.9512
27969.4609
27969.0332
27968.6250
27968.2148
27967.8691
27967.5723
27967.3281
27967.1367
27966.9746
27966.8125
27966.6484
27966.5430
27966.4453
27966.3438
27966.1934
27966.0547
27965.9258
27965.8262
27965.7266
27965.6035
27965.4629
27965.4004
27965.3379
27965.2520
27965.1875
27965.0879
27964.9648
27964.7969
27964.6133
27964.4297
27964.2578
27964.1230
27964.0293
27964.0039
27964.0410
27964.0820
27964.1152
27964.2207
27964.3242
27964.4785
27964.6523
27964.8496
27965.0684
27965.2676
27965.5117
27965.7637
27966.0059
27966.2656
27966.4824
27966.6699
27966.7969
27966.8984
27966.9941
27967.1152
27967.2109
27967.3379
27967.4590
27967.6309
27967.8574
27968.0957
27968.3555
27968.6445
27968.9199
27969.2051
27969.4512
27969.6719
27969.8789
27970.0645
27970.1973
27970.3301
27970.4707
27970.6172
27970.7617
27970.9453
27971.1504
27971.4082
27971.6992
27972.0000
27972.3145
27972.6016
27972.9004
27973.2305
27973.5547
27973.8809
27974.2168
27974.5703
27974.9355
27975.3145
27975.7402
27976.1680
27976.6035
27977.0566
27977.5332
27977.9863
27978.4004
27978.7695
27979.1367
27979.5391
27979.8887
27980.2227
27980.5117
27980.8047
27981.0957
27981.3496
27981.6758
27981.9609
27982.2305
27982.4629
27982.7266
27982.9961
27983.2793
27983.5605
27983.8281
27984.0938
27984.3867
27984.7207
27985.0195
27985.3770
27985.6777
27985.9570
27986.2441
27986.5273
27986.8105
27987.0879
27987.3398
27987.6348
27987.9258
27988.2207
27988.5293
27988.8594
27989.1523
27989.4023
27989.6133
27989.7832
27989.9316
27990.0859
27990.2168
27990.3184
27990.4551
27990.6016
27990.7383
27990.8730
27990.9785
27991.0957
27991.2559
27991.4180
27991.5703
27991.7070
27991.8262
27991.9121
27992.0312
27992.1133
27992.1348
27992.1191
27992.0840
27992.0215
27991.9785
27991.9785
27991.9551
27991.9199
27991.8730
27991.7910
27991.7207
27991.6289
27991.5215
27991.4023
27991.3164
27991.2227
27991.1992
27991.1582
27991.1445
27991.1270
27991.1289
27991.1621
27991.2695
27991.4238
27991.5703
27991.6934
27991.7559
27991.8398
27991.9102
27991.9629
27991.9824
27992.0059
27992.0293
27992.0664
27992.1523
27992.2461
27992.4102
27992.6777
27992.9512
27993.1367
27993.2793
27993.4375
27993.6387
27993.8516
27994.0879
27994.3027
27994.4277
27994.4336
27994.3906
27994.3496
27994.3594
27994.3438
27994.3047
27994.2148
27994.1152
27993.9785
27993.8301
27993.6973
27993.5723
27993.4395
27993.3145
27993.1992
27993.1113
27993.0332
27993.0020
27992.9512
27992.8574
27992.7520
27992.6895
27992.6387
27992.6113
27992.5762
27992.5488
27992.5469
27992.5039
27992.4355
27992.4160
27992.3438
27992.2188
27992.0391
27991.8711
27991.6973
27991.4688
27991.1523
27990.7168
27990.2422
27989.8301
27989.4668
27988.9805
27988.3848
27987.7695
27987.1230
27986.4668
27985.7832
27985.1074
27984.3398
27983.5449
27982.6660
27981.6367
27980.6074
27979.6992
27978.8594
27978.0234
27977.1094
27976.1426
27975.1074
27974.0469
27973.0820
27972.1934
27971.3516
27970.5117
27969.6133
27968.7676
27967.9375
27967.1250
27966.3164
27965.5391
27964.8047
27964.0781
27963.3555
27962.6152
27961.8965
27961.1660
27960.4395
27959.7422
27959.0410
27958.3516
27957.6523
27956.9492
27956.2598
27955.5703
27954.8652
27954.1523
27953.5156
27952.8965
27952.2480
27951.6094
27950.9863
27950.4160
27949.8848
27949.3867
27948.8926
27948.3574
27947.8398
27947.3340
27946.9316
27946.5645
27946.1680
27945.6797
27945.2988
27945.1211
27944.9785
27944.8203
27944.6172
27944.4199
27944.2480
27944.1094
27943.9863
27943.9453
27943.9258
27943.8770
27943.7715
27943.6953
27943.6074
27943.5840
27943.6211
27943.7520
27943.8770
27943.9492
27944.0332
27944.0879
27944.1250
27944.1895
27944.2402
27944.3086
27944.4355
27944.6035
27944.7441
27944.8477
27944.9141
27944.9688
27945.0488
27945.1289
27945.2422
27945.3457
27945.4141
27945.4668
27945.5742
27945.7500
27945.9805
27946.2031
27946.4121
27946.6113
27946.8008
27946.9180
27947.0137
27947.1582
27947.2910
27947.4414
27947.5703
27947.6973
27947.8066
27947.8730
27947.9473
27948.0195
27948.1172
27948.2031
27948.2578
27948.3164
27948.4336
27948.5742
27948.5742
27948.5254
27948.5020
27948.4727
27948.4727
27948.4141
27948.3438
27948.3223
27948.2031
27948.0605
27947.9902
27947.9629
27947.9316
27947.9102
27947.8516
27947.7461
27947.5664
27947.4297
27947.3496
27947.2793
27947.2285
27947.2168
27947.1992
27947.1680
27947.0703
27946.8477
27946.5586
27946.3418
27946.1816
27946.0371
27945.9043
27945.7832
27945.6953
27945.6250
27945.5703
27945.5293
27945.4922
27945.4023
27945.2891
27945.1582
27945.0312
27944.9336
27944.9199
27944.9629
27945.0156
27945.0508
27945.0547
27945.0625
27945.0234
27944.9590
27944.8867
27944.8262
27944.8047
27944.8145
27944.8125
27945.5020
27946.1562
27946.8242
27947.5039
27948.1758
27948.8145
27949.4844
27950.1895
27950.9277
27951.7109
27952.4746
27953.2754
27954.0918
27954.8828
27955.7148
27956.5859
27957.4121
27958.2402
27959.0547
27959.8730
27960.6895
27961.5176
27962.3770
27963.2402
27964.0840
27964.9316
27965.7676
27966.5957
27967.4297
27968.2812
