28122.7832
28122.4297
28122.0801
28121.7324
28121.3789
28121.0234
28120.6641
28120.2969
28119.9258
28119.5469
28119.1621
28118.7715
28118.3711
28117.9648
28117.5508
28117.1309
28116.7070
28116.2754
28115.8379
28115.3984
28114.9551
28114.5020
28114.0410
28113.5762
28113.1035
28112.6270
28112.1426
28111.6602
28111.1758
28110.6875
28110.2012
28110.1465
28110.0879
28110.0293
28109.9688
28109.9062
28109.8457
28109.7891
28109.7344
28109.6797
28109.6289
28109.5840
28109.5410
28109.4980
28109.4551
28109.4141
28109.3672
28109.3184
28109.2695
28109.2227
28109.1777
28109.1406
28109.1055
28109.0742
28109.0449
28109.0215
28109.0039
28108.9844
28108.9688
28108.9551
28108.9434
28108.9336
28108.9258
28108.9219
28108.9219
28108.9238
28108.9297
28108.9375
28108.9531
28108.9707
28108.9980
28109.0312
28109.0703
28109.1211
28109.1816
28109.2559
28109.3418
28109.4355
28109.5410
28109.6504
28109.7656
28109.8867
28110.0137
28110.1406
28110.2676
28110.3965
28110.5254
28110.6582
28110.7832
28110.8984
28111.0137
28111.1191
28111.2168
28111.3145
28111.4102
28111.5039
28111.5996
28111.6992
28111.8008
28111.8984
28111.9961
28112.0938
28112.1855
28112.2734
28112.3555
28112.4355
28112.5117
28112.5859
28112.6660
28112.7441
28112.8203
28112.8926
28112.9629
28113.0312
28113.0938
28113.1543
28113.2070
28113.2559
28113.2949
28113.3320
28113.3613
28113.3887
28113.4121
28113.4316
28113.4492
28113.4609
28113.4727
28113.4844
28113.4941
28113.5059
28113.5176
28113.5312
28113.5469
28113.5625
28113.5801
28113.5938
28113.6016
28113.6074
28113.6074
28113.6035
28113.5918
28113.5742
28113.5488
28113.5176
28113.4844
28113.4512
28113.4180
28113.3867
28113.3535
28113.3184
28113.2852
28113.2559
28113.2324
28113.2129
28113.1973
28113.1836
28113.1738
28113.1680
28113.1660
28113.1621
28113.1660
28113.1719
28113.1777
28113.1816
28113.1855
28113.1855
28113.1836
28113.1816
28113.1777
28113.1738
28113.1641
28113.1562
28113.1484
28113.1426
28113.1387
28113.1367
28113.1387
28113.1426
28113.1465
28113.1543
28113.1602
28113.1641
28113.1680
28113.1699
28113.1699
28113.1641
28113.1562
28113.1406
28113.1191
28113.0898
28113.0566
28113.0195
28112.9766
28112.9277
28112.8770
28112.8223
28112.7637
28112.7051
28112.6465
28112.5879
28112.5293
28112.4746
28112.4219
28112.3711
28112.3262
28112.2773
28112.2266
28112.1836
28112.1406
28112.0996
28112.0625
28112.0293
28111.9980
28111.9805
28111.9473
28111.9121
28111.8730
28111.8301
28111.7852
28111.7305
28111.6758
28111.6230
28111.5703
28111.5215
28111.4727
28111.4277
28111.3828
28111.3438
28111.3105
28111.2832
28111.2559
28111.2363
28111.2188
28111.2070
28111.1953
28111.1875
28111.1777
28111.1680
28111.1562
28111.1426
28111.1289
28111.1172
28111.1055
28111.0957
28111.0879
28111.0840
28111.0879
28111.0957
28111.1094
28111.1250
28111.1484
28111.1777
28111.2090
28111.2441
28111.2812
28111.3223
28111.3633
28111.4082
28111.4551
28111.5078
28111.5586
28111.6133
28111.6680
28111.7246
28111.7793
28111.8359
28111.8965
28111.9590
28112.0195
28112.0781
28112.1367
28112.1953
28112.2500
28112.3008
28112.3301
28112.3750
28112.3887
28112.4316
28112.4707
28112.5059
28112.5449
28112.5840
28112.6250
28112.6660
28112.7051
28112.7480
28112.7910
28112.8359
28112.8809
28112.9238
28112.9629
28113.0000
28113.0371
28113.0664
28113.0918
28113.1152
28113.1328
28113.1445
28113.1523
28113.1602
28113.1660
28113.1738
28113.1797
28113.1836
28113.1855
28113.1875
28113.1875
28113.1855
28113.1836
28113.1836
28113.1855
28113.1895
28113.1934
28113.2012
28113.2129
28113.2246
28113.2344
28113.2441
28113.2539
28113.2617
28113.2676
28113.2734
28113.2773
28113.2812
28113.2812
28113.2793
28113.2715
28113.2617
28113.2461
28113.2285
28113.2070
28113.1855
28113.1602
28113.1309
28113.1016
28113.0703
28113.0371
28113.0254
28112.9980
28112.9727
28112.9531
28112.9375
28112.9199
28112.9023
28112.8848
28112.8672
28112.8457
28112.8242
28112.7988
28112.7734
28112.7422
28112.7129
28112.6816
28112.6504
28112.6191
28112.5879
28112.5586
28112.5273
28112.5020
28112.4766
28112.4512
28112.4297
28112.4062
28112.3848
28112.3672
28112.3516
28112.3359
28112.3203
28112.3066
28112.2891
28112.2734
28112.2578
28112.2383
28112.2168
28112.1914
28112.1621
28112.1328
28112.1035
28112.0742
28112.0430
28112.0117
28111.9805
28111.9473
28111.9180
28111.8926
28111.8711
28111.8496
28111.8359
28111.8281
28111.8262
28111.8281
28111.8340
28111.8398
28111.8438
28111.8496
28111.8555
28111.8594
28111.8613
28111.8633
28111.8633
28111.8633
28111.8613
28111.8594
28111.8574
28111.8555
28111.8516
28111.8496
28111.8477
28111.8477
28111.8457
28111.8438
28111.8457
28111.8438
28111.8477
28111.8496
28111.8555
28111.8613
28111.8672
28111.8711
28111.8730
28111.8750
28111.8750
28111.8750
28111.8750
28111.8730
28111.8711
28111.8672
28111.8633
28111.8613
28111.8574
28111.8555
28111.8477
28111.8379
28111.8281
28111.8203
28111.8086
28111.7988
28111.7871
28111.7754
28111.7656
28111.7559
28111.7441
28111.7324
28111.7168
28111.6992
28111.6738
28111.6484
28111.6230
28111.5977
28111.5684
28111.5391
28111.5059
28111.4727
28111.4375
28111.4062
28111.3750
28111.3438
28111.3105
28111.2793
28111.2500
28111.2188
28111.1875
28111.1543
28111.1172
28111.0762
28111.0332
28110.9883
28110.9414
28110.8945
28110.8438
28110.7930
28110.7422
28110.6914
28110.6426
28110.5938
28110.5430
28110.4961
28110.4492
28110.4082
28110.3770
28110.3496
28110.3301
28110.3145
28110.3047
28110.3008
28110.2969
28110.2930
28110.2910
28110.2871
28110.2812
28110.2734
28110.2656
28110.2559
28110.2461
28110.2344
28110.2266
28110.2188
28110.2148
28110.2109
28110.2129
28110.2148
28110.2227
28110.2363
28110.2520
28110.2715
28110.2930
28110.3184
28110.3438
28110.3691
28110.3945
28110.4219
28110.4512
28110.4844
28110.5137
28110.5488
28110.5840
28110.6191
28110.6562
28110.6992
28110.7422
28110.7891
28110.8379
28110.8887
28110.9434
28111.0000
28111.0625
28111.1250
28111.1875
28111.2520
28111.3184
28111.3887
28111.4590
28111.5352
28111.6094
28111.6875
28111.7656
28111.8457
28111.9277
28112.0098
28112.0918
28112.1699
28112.2441
28112.3223
28112.3516
28112.4238
28112.4941
28112.5645
28112.6348
28112.7051
28112.7793
28112.8516
28112.9277
28113.0059
28113.0859
28113.1719
28113.2578
28113.3477
28113.4375
28113.5273
28113.6152
28113.7031
28113.7891
28113.8730
28113.9570
28114.0430
28114.1270
28114.2109
28114.2988
28114.3906
28114.4824
28114.5762
28114.6680
28114.7578
28114.8477
28114.9355
28115.0234
28115.1113
28115.2031
28115.2969
28115.3926
28115.4883
28115.5879
28115.6875
28115.7910
28115.8965
28116.0020
28116.1074
28116.2148
28116.3281
28116.4434
28116.5586
28116.6758
28116.7910
28116.9062
28117.0234
28117.1387
28117.2520
28117.3672
28117.4766
28117.5859
28117.6895
28117.7930
28117.8926
28117.9863
28118.0273
28118.1094
28118.1875
28118.2598
28118.3301
28118.3965
28118.4629
28118.5293
28118.5957
28118.6621
28118.7285
28118.7969
28118.8594
28118.9238
28118.9863
28119.0449
28119.1035
28119.1582
28119.2109
28119.2617
28119.3086
28119.3496
28119.3848
28119.4160
28119.4395
28119.4492
28119.4512
28119.4414
28119.4258
28119.4004
28119.3691
28119.3418
28119.3047
28119.2695
28119.2285
28119.1855
28119.1387
28119.0898
28119.0371
28118.9785
28118.9121
28118.8418
28118.7676
28118.6895
28118.6074
28118.5215
28118.4355
28118.3457
28118.2539
28118.1641
28118.0762
28117.9863
28117.8945
28117.8008
28117.7109
28117.6191
28117.5254
28117.4355
28117.3477
28117.2617
28117.1797
28117.1016
28117.0293
28116.9629
28116.9023
28116.8418
28116.7832
28116.7266
28116.6680
28116.6094
28116.5488
28116.4922
28116.4375
28116.3867
28116.3477
28116.3145
28116.2949
28116.2871
28116.2910
28116.3086
28116.3301
28116.3594
28116.3887
28116.4238
28116.4551
28116.4883
28116.5176
28116.5508
28116.5879
28116.6270
28116.6680
28116.7148
28116.7578
28116.8086
28116.8613
28116.9180
28116.9766
28117.0371
28117.1035
28117.1738
28117.2500
28117.3301
28117.4141
28117.5039
28117.5996
28117.6973
28117.7969
28117.8965
28117.9941
28118.0898
28118.1836
28118.2715
28118.3555
28118.4375
28118.5195
28118.5996
28118.6816
28118.7656
28118.8535
28118.9414
28119.0312
28119.1191
28119.2070
28119.2949
28119.3750
28119.4512
28119.5293
28119.6055
28119.6758
28119.7461
28119.8164
28119.8828
28119.9453
28120.0059
28120.0625
28120.1074
28120.1484
28120.1777
28120.1953
28120.2031
28120.2012
28120.1953
28120.1797
28120.1680
28120.1543
28120.1426
28120.1367
28120.1387
28120.1465
28120.1621
28120.1797
28120.2031
28120.2246
28120.2500
28120.2754
28120.2988
28120.3184
28120.3320
28120.3438
28120.3516
28120.3555
28120.3555
28120.3535
28120.3496
28120.3477
28120.3418
28120.3379
28120.3379
28120.3398
28120.3477
28120.3574
28120.3711
28120.3887
28120.4102
28120.4336
28120.4570
28120.4824
28120.5039
28120.5254
28120.5430
28120.5566
28120.5703
28120.5781
28120.5840
28120.5938
28120.6035
28120.6172
28120.6309
28120.6465
28120.6660
28120.6875
28120.7090
28120.7305
28120.7559
28120.7773
28120.8027
28120.8281
28120.8555
28120.8848
28120.9141
28120.9453
28120.9746
28121.0039
28121.0352
28121.0645
28121.0957
28121.1289
28121.1621
28121.1934
28121.2227
28121.2461
28121.2715
28121.2949
28121.3223
28121.3496
28121.3730
28121.3965
28121.4219
28121.4492
28121.4805
28121.5156
28121.5488
28121.5879
28121.6289
28121.6758
28121.7246
28121.7754
28121.8281
28121.8809
28121.9316
28121.9844
28122.0352
28122.0859
28122.1387
28122.1953
28122.2520
28122.3145
28122.3809
28122.4512
28122.5234
28122.6016
28122.6836
28122.7676
28122.8555
28122.9492
28123.0391
28123.1367
28123.2344
28123.3359
28123.4375
28123.5410
28123.6445
28123.7539
28123.8672
28123.9902
28124.1133
28124.2402
28124.3691
28124.5020
28124.6348
28124.7734
28124.9082
28125.0469
28125.1875
28125.3262
28125.4629
28125.5977
28125.7344
28125.8730
28126.0078
28126.1465
28126.2891
28126.4277
28126.5723
28126.7227
28126.8711
28127.0195
28127.1699
28127.3164
28127.4648
28127.6094
28127.7539
28127.8984
28128.0352
28128.1797
28128.3164
28128.4531
28128.5879
28128.7168
28128.8438
28128.9707
28129.0977
28129.2246
28129.3496
28129.4766
28129.6035
28129.7285
28129.8535
28129.9746
28130.0957
28130.2129
28130.3301
28130.4512
28130.5684
28130.6895
28130.8086
28130.9316
28131.0508
28131.1738
28131.2969
28131.4219
28131.5508
28131.6816
28131.8125
28131.9434
28132.0742
28132.2031
28132.3340
28132.4648
28132.5977
28132.7305
28132.8672
28133.0059
28133.1523
28133.2910
28133.4277
28133.5645
28133.6992
28133.8301
28133.9512
28134.0703
28134.1855
28134.2891
28134.3945
28134.5000
28134.5918
28134.6875
28134.7754
28134.8633
28134.9570
28135.0527
28135.1465
28135.2402
28135.3340
28135.4375
28135.5332
28135.6387
28135.7520
28135.8633
28135.9785
28136.1016
28136.2246
28136.3516
28136.4805
28136.6133
28136.7461
28136.8809
28137.0156
28137.1465
28137.2773
28137.4082
28137.5391
28137.6660
28137.7891
28137.9121
28138.0293
28138.1484
28138.2637
28138.3789
28138.4902
28138.5957
28138.7051
28138.8066
28138.9102
28139.0117
28139.1094
28139.2012
28139.2891
28139.3711
28139.4531
28139.5293
28139.6035
28139.6719
28139.7402
28139.8086
28139.8789
28139.9590
28140.0430
28140.1328
28140.2266
28140.3262
28140.4355
28140.5430
28140.6602
28140.7793
28140.8926
28141.0098
28141.1270
28141.2500
28141.3789
28141.5039
28141.6230
28141.7461
28141.8691
28141.9902
28142.1055
28142.2168
28142.3164
28142.4062
28142.4902
28142.5684
28142.6328
28142.6855
28142.7344
28142.7754
28142.8047
28142.8301
28142.8496
28142.8633
28142.8750
28142.8809
28142.8828
28142.8848
28142.8828
28142.8809
28142.8789
28142.8730
28142.8672
28142.8613
28142.8574
28142.8535
28142.8516
28142.8496
28142.8516
28142.8516
28142.8516
28142.8516
28142.8516
28142.8555
28142.8555
28142.8555
28142.8535
28142.8516
28142.8496
28142.8438
28142.8379
28142.8262
28142.8125
28142.7949
28142.7773
28142.7598
28142.7402
28142.7188
28142.6973
28142.6777
28142.6562
28142.6387
28142.6191
28142.5996
28142.5801
28142.5566
28142.5312
28142.5098
28142.4863
28142.4609
28142.4355
28142.4121
28142.3887
28142.3730
28142.3613
28142.3594
28142.3633
28142.3809
28142.4102
28142.4453
28142.4902
28142.5410
28142.5996
28142.6641
28142.7363
28142.8125
28142.8965
28142.9824
28143.0703
28143.1621
28143.2559
28143.3535
28143.4531
28143.5508
28143.6484
28143.7422
28143.8301
28143.9121
28143.9863
28144.0527
28144.1113
28144.1641
28144.2129
28144.2578
28144.2988
28144.3379
28144.3711
28144.4023
28144.4297
28144.4551
28144.4727
28144.4746
28144.4746
28144.4648
28144.4434
28144.4082
28144.3691
28144.3281
28144.2871
28144.2422
28144.1934
28144.1445
28144.0957
28144.0488
28143.9980
28143.9453
28143.8926
28143.8418
28143.7891
28143.7363
28143.6855
28143.6367
28143.5898
28143.5449
28143.4961
28143.4473
28143.3926
28143.3340
28143.2676
28143.1914
28143.1094
28143.0234
28142.9258
28142.8262
28142.7246
28142.6152
28142.5059
28142.3945
28142.2852
28142.1738
28142.0605
28141.9473
28141.8320
28141.7148
28141.5977
28141.4766
28141.3594
28141.2422
28141.1289
28141.0195
28140.9141
28140.8145
28140.7168
28140.6211
28140.5273
28140.4336
28140.3418
28140.2559
28140.1699
28140.0859
28140.0039
28139.9336
28139.8750
28139.8223
28139.7793
28139.7539
28139.7402
28139.7363
28139.7383
28139.7363
28139.7422
28139.7520
28139.7578
28139.7617
28139.7559
28139.7500
28139.7402
28139.7344
28139.7344
28139.7422
28139.7559
28139.7793
28139.8145
28139.8574
28139.9004
28139.9453
28139.9863
28140.0195
28140.0508
28140.0801
28140.1094
28140.1348
28140.1523
28140.1719
28140.1895
28140.2031
28140.2148
28140.2266
28140.2363
28140.2402
28140.2441
28140.2441
28140.2461
28140.2480
28140.2520
28140.2559
28140.2598
28140.2598
28140.2676
28140.2812
28140.3027
28140.3359
28140.3711
28140.4141
28140.4570
28140.5059
28140.5586
28140.6152
28140.6699
28140.7305
28140.7891
28140.8457
28140.9004
28140.9551
28141.0059
28141.0547
28141.0957
28141.1328
28141.1641
28141.1855
28141.2070
28141.2246
28141.2422
28141.2539
28141.2617
28141.2754
28141.2891
28141.3008
28141.3066
28141.3047
28141.2891
28141.2539
28141.2070
28141.1367
28141.0547
28140.9688
28140.8770
28140.7832
28140.6953
28140.6074
28140.5195
28140.4277
28140.3398
28140.2559
28140.1719
28140.0859
28140.0000
28139.9121
28139.8223
28139.7363
28139.6523
28139.5684
28139.4902
28139.4043
28139.3125
28139.2188
28139.1211
28139.0215
28138.9219
28138.8145
28138.6973
28138.5645
28138.4199
28138.2734
28138.1230
28137.9727
28137.8262
28137.6836
28137.5391
28137.3965
28137.2441
28137.0879
28136.9277
28136.7695
28136.6074
28136.4453
28136.2832
28136.1211
28135.9609
28135.8008
28135.6484
28135.5000
28135.3516
28135.2031
28135.0586
28134.9141
28134.7734
28134.6289
28134.4863
28134.3418
28134.1973
28134.0586
28133.9277
28133.8008
28133.6836
28133.5723
28133.4688
28133.3730
28133.2852
28133.2051
28133.1367
28133.0762
28133.0273
28132.9922
28132.9629
28132.9414
28132.9277
28132.9160
28132.9062
28132.8926
28132.8789
28132.8633
28132.8477
28132.8301
28132.8184
28132.8145
28132.8105
28132.8125
28132.8242
28132.8418
28132.8672
28132.8984
28132.9355
28132.9766
28133.0137
28133.0430
28133.0703
28133.0918
28133.1016
28133.1055
28133.1074
28133.1094
28133.1152
28133.1270
28133.1406
28133.1582
28133.1758
28133.1992
28133.2227
28133.2461
28133.2695
28133.2930
28133.3105
28133.3340
28133.3574
28133.3887
28133.4238
28133.4648
28133.5117
28133.5645
28133.6230
28133.6875
28133.7578
28133.8281
28133.9004
28133.9648
28134.0234
28134.0684
28134.0977
28134.1172
28134.1230
28134.1152
28134.0996
28134.0781
28134.0527
28134.0254
28133.9941
28133.9648
28133.9355
28133.9082
28133.8809
28133.8516
28133.8242
28133.7930
28133.7637
28133.7266
28133.6895
28133.6562
28133.6211
28133.5859
28133.5527
28133.5234
28133.5000
28133.4805
28133.4688
28133.4648
28133.4707
28133.4863
28133.5098
28133.5449
28133.5898
28133.2305
28132.8750
28132.5254
28132.1797
28131.8301
28131.4746
28131.1113
28130.7441
28130.3750
28130.0039
28129.6309
28129.2598
28128.8965
28128.5352
28128.1758
28127.8184
28127.4570
28127.0938
28126.7266
28126.3535
28125.9746
28125.5879
28125.1953
28124.8008
28124.4043
28124.0137
28123.6309
28123.2578
28122.8965
28122.5449
