28035.8867
28036.0879
28036.1094
28036.1445
28036.6016
28036.5371
28036.4512
28036.2559
28035.8809
28035.4570
28035.6699
28036.0215
28036.0566
28035.8555
28035.6348
28035.4922
28035.5273
28035.6484
28035.6113
28035.5254
28035.6680
28035.7734
28035.9668
28036.0449
28036.0723
28036.0137
28036.0762
28036.1465
28036.1953
28036.3359
28036.1445
28036.0996
28035.8984
28035.8770
28036.0352
28035.8770
28035.9961
28035.9961
28036.2676
28035.9902
28035.7109
28035.9258
28035.7871
28035.8809
28036.0586
28035.8809
28035.6211
28035.5645
28035.5996
28035.5996
28035.9141
28035.6758
28035.4766
28035.4551
28035.0605
28034.8926
28035.0742
28034.4219
28035.3086
28034.8730
28034.8359
28034.6777
28035.0488
28035.1270
28035.2266
28035.0703
28035.2676
28035.0684
28035.2676
28035.2871
28035.1309
28035.1309
28035.0723
28035.2285
28034.9141
28034.6426
28034.7422
28034.6270
28034.6465
28034.4551
28034.2734
28034.1387
28034.1953
28034.1797
28034.1797
28033.8652
28033.5703
28033.9414
28033.9629
28033.9492
28034.0332
28033.6699
28033.6055
28033.5312
28033.4102
28033.7246
28033.7168
28033.6816
28033.8301
28033.7734
28033.8652
28033.8066
28033.8223
28034.0566
28033.8555
28034.0547
28033.8770
28034.1699
28034.1113
28033.8105
28033.9668
28033.8320
28033.9668
28033.6660
28033.7090
28033.8086
28033.3359
28033.5703
28033.3359
28033.2129
28033.2266
28033.4824
28033.1836
28033.0469
28032.9883
28032.7949
28032.7598
28033.2090
28033.1660
28033.4785
28032.4727
28033.2148
28033.3066
28033.3398
28033.1621
28033.1621
28033.0195
28032.6328
28032.9668
28032.7676
28033.1016
28032.8730
28033.1504
28033.0215
28032.9980
28033.2559
28033.4902
28033.3535
28033.3750
28033.3105
28033.4102
28033.2227
28033.1660
28033.0664
28033.2930
28033.2988
28033.2988
28033.4766
28034.0117
28034.0098
28033.5625
28031.7422
28033.5391
28033.6250
28034.6855
28033.6309
28033.7305
28033.2148
28033.5781
28033.1074
28034.4629
28033.6660
28033.9668
28033.8516
28034.0078
28033.9375
28034.1934
28034.2695
28034.4844
28033.9570
28034.0059
28033.7637
28033.9492
28034.4082
28033.7617
28033.6113
28033.7988
28033.7559
28033.5898
28033.4199
28033.4531
28033.0586
28033.2148
28033.0957
28033.3008
28032.8262
28033.0703
28033.2422
28033.2852
28033.5273
28033.3066
28033.6855
28033.6270
28033.8828
28034.0977
28034.2520
28034.1953
28033.8027
28033.8945
28033.7930
28033.6934
28033.6504
28033.4062
28033.6270
28033.6055
28033.5703
28033.9824
28034.1035
28034.2168
28034.0938
28034.4863
28034.5977
28034.7559
28035.0898
28035.4023
28035.2754
28035.5312
28035.2402
28035.3184
28035.1602
28035.0371
28035.0723
28035.2715
28035.4492
28035.2500
28035.2266
28035.3047
28036.2227
28035.8652
28036.6836
28037.7012
28037.3887
28038.2480
28037.8223
28038.7031
28038.2773
28039.0156
28039.0938
28039.0938
28039.3262
28039.3848
28039.7969
28039.8184
28039.7949
28039.6152
28039.5371
28039.3223
28039.3008
28038.8867
28038.6875
28038.1953
28037.9590
28037.6602
28037.9707
28037.3223
28037.2227
28037.2773
28037.6133
28037.2559
28037.3105
28037.2109
28037.0879
28037.1328
28037.0527
28036.8945
28036.7812
28036.7383
28036.8164
28036.5566
28036.6777
28036.8262
28036.8613
28036.9746
28037.3203
28037.2109
28036.5371
28036.9277
28037.2617
28037.0918
28036.7988
28036.8418
28036.5938
28036.4590
28036.3809
28036.2227
28035.9238
28035.6230
28035.5430
28035.2637
28035.2070
28034.9648
28034.6074
28034.3398
28034.3535
28034.3750
28034.5293
28034.6641
28034.8320
28034.9883
28035.2012
28035.0020
28035.1777
28035.2773
28035.2422
28035.2422
28035.1152
28035.0020
28034.6543
28034.6973
28034.5977
28034.5957
28034.2266
28034.1270
28033.9688
28033.9902
28034.0117
28033.6973
28033.4766
28033.1523
28032.7402
28032.6953
28032.4297
28032.5078
28032.4863
28032.6758
28032.7637
28032.8965
28032.8398
28032.6699
28032.3926
28032.5137
28032.2656
28032.2305
28032.2168
28032.1035
28032.2266
28032.2266
28032.0801
28032.0801
28032.1719
28031.8906
28031.7578
28031.5215
28031.4648
28031.2090
28031.0391
28030.8594
28030.4473
28030.7246
28030.5684
28030.5332
28030.4336
28030.3320
28030.3887
28030.4219
28030.3008
28030.2773
28030.3770
28030.4121
28030.5332
28030.4121
28030.6309
28030.6543
28030.4531
28030.4180
28030.4043
28030.5039
28030.4375
28030.7656
28030.5020
28030.7656
28030.5566
28030.9121
28031.1113
28030.9766
28031.2637
28031.3418
28031.4629
28031.7832
28031.8750
28031.7832
28031.7383
28031.9824
28032.1387
28032.0488
28032.2227
28032.2812
28032.3438
28032.1777
28032.3438
28032.4082
28032.2422
28032.3730
28032.3730
28032.2168
28032.1504
28032.0723
28032.0488
28032.0273
28031.9824
28032.1172
28032.2715
28032.2285
28032.3828
28032.4844
28033.0078
28033.2188
28033.6309
28033.6094
28033.6855
28033.7637
28034.0762
28034.3086
28034.4648
28034.5625
28034.6406
28035.0293
28035.6426
28036.0547
28037.1348
28037.6465
28038.5605
28038.7383
28039.1270
28039.3047
28039.8262
28039.8613
28040.2148
28039.9727
28039.9707
28039.9160
28039.7715
28039.5918
28039.2793
28038.9355
28038.5000
28038.1875
28037.9531
28037.7969
28037.3066
28037.2148
28037.0586
28036.6582
28036.6348
28036.4238
28036.5137
28036.3223
28036.5566
28036.6992
28036.7539
28037.1543
28037.1758
28037.2969
28037.3750
28037.3184
28037.3164
28037.4395
28037.6387
28037.5820
28037.5488
28037.8027
28037.7793
28037.7793
28037.8340
28037.8789
28038.1230
28038.1230
28038.2441
28038.2207
28038.1543
28038.1758
28037.9980
28037.8965
28037.6953
28037.5410
28037.4395
28037.4375
28037.4590
28037.4141
28037.3926
28037.1484
28037.0488
28036.8125
28036.6914
28036.6348
28036.4551
28036.4766
28036.3652
28036.2773
28036.3203
28036.3203
28036.2188
28036.2617
28036.2832
28036.2715
28036.3262
28036.2266
28036.3828
28036.3477
28036.5703
28036.7012
28036.6582
28036.6133
28036.7109
28036.8457
28036.9238
28036.8672
28036.9668
28036.8887
28036.9531
28037.1309
28037.1855
28037.0293
28037.0078
28037.0293
28037.0059
28037.1055
28037.0820
28037.0039
28037.1035
28037.1152
28037.2148
28037.4688
28037.6250
28037.7363
28037.7344
28037.9688
28038.0352
28038.2773
28038.2891
28038.3867
28038.3535
28038.5742
28038.5645
28038.6621
28038.7168
28038.3633
28038.3398
28038.2383
28038.2734
28038.4707
28038.5488
28038.8809
28039.1914
28039.4238
28039.6582
28039.6348
28039.8457
28039.9238
28039.9785
28040.0996
28040.2988
28040.4531
28040.4980
28040.6191
28040.6738
28040.6172
28040.5625
28040.7168
28040.9512
28040.7148
28040.8711
28040.7930
28040.8926
28040.5801
28041.4902
28040.4023
28040.7676
28040.5449
28040.6289
28040.6328
28040.7539
28041.0645
28042.0762
28041.1406
28041.2871
28041.3633
28041.3965
28041.1387
28041.3828
28041.2383
28041.9707
28041.8477
28041.5820
28041.7930
28041.8145
28041.9902
28041.7012
28041.7559
28041.7793
28042.0879
28042.1660
28041.4102
28041.3633
28042.0859
28041.7539
28041.8301
28042.7949
28043.1484
28043.3594
28043.3809
28043.6348
28043.9453
28043.7676
28044.2109
28044.4434
28044.7305
28045.0957
28045.2734
28045.4824
28045.6172
28045.7480
28045.7578
28046.2461
28046.3887
28046.5449
28047.0000
28047.5078
28047.3867
28047.7969
28047.6934
28048.0273
28048.2812
28048.3809
28048.5352
28048.5332
28048.4785
28048.5234
28048.4883
28048.5879
28048.7207
28048.6094
28048.9648
28048.8750
28049.1426
28048.9746
28049.0293
28048.8848
28049.0156
28048.7383
28048.8711
28048.8926
28048.7031
28048.8242
28048.7012
28048.8008
28048.8770
28049.0547
28048.7656
28048.9434
28048.4316
28048.6094
28048.6855
28048.5527
28048.5957
28048.7520
28048.4844
28048.1504
28048.1836
28048.1602
28048.2148
28048.1934
28048.1348
28048.3242
28048.0449
28048.1113
28048.2207
28047.9648
28047.7871
28047.8633
28047.6074
28047.3535
28047.2969
28047.2188
28046.8418
28046.9180
28046.7734
28046.4844
28046.6699
28046.3926
28046.2812
28046.4590
28046.3359
28046.3574
28046.3574
28046.4238
28046.4551
28046.2441
28046.3535
28046.6309
28046.5527
28046.4453
28046.2637
28046.4414
28046.3164
28046.4395
28046.5254
28046.5371
28046.7012
28046.3926
28046.7793
28046.4453
28046.5117
28046.4883
28046.3438
28046.3887
28046.4512
28046.3652
28046.6953
28046.9180
28046.9492
28047.2051
28046.8926
28046.8828
28046.9141
28046.9590
28046.9141
28046.9473
28046.7461
28046.6680
28046.7676
28046.4336
28046.5117
28046.7207
28046.4004
28046.4902
28046.3887
28046.0996
28046.0332
28045.9746
28045.7773
28045.8418
28046.0742
28046.0508
28046.2266
28046.0723
28045.7734
28045.8926
28045.4824
28045.5801
28045.4707
28046.0703
28045.6914
28045.7461
28045.6445
28045.6250
28045.6562
28045.8457
28046.1562
28045.4355
28045.5449
28045.5996
28045.5215
28045.5566
28045.4355
28045.0156
28045.7812
28045.4121
28045.5117
28045.4883
28045.6758
28045.3867
28045.8945
28045.3730
28045.6270
28045.7578
28045.8027
28046.0039
28046.0488
28046.0254
28046.1777
28046.0645
28045.6855
28045.9648
28045.5000
28045.7344
28045.9844
28045.8848
28045.4062
28045.4004
28045.7266
28045.5039
28045.9805
28045.6035
28045.5352
28046.0566
28045.7559
28046.2539
28046.1289
28046.1504
28046.0488
28046.2812
28046.1250
28046.2793
28046.1562
28046.3242
28046.1699
28046.1270
28046.1934
28046.2148
28046.4785
28046.6758
28046.5781
28046.1543
28046.0762
28046.8711
28046.6289
28046.9375
28046.6387
28046.8242
28046.9004
28046.8672
28046.9219
28046.8887
28046.9648
28047.1973
28047.4297
28047.0742
28048.2793
28048.5137
28047.8223
28048.4609
28048.0391
28048.3750
28048.1074
28048.5273
28048.2949
28048.5254
28048.5703
28048.8262
28049.2168
28049.3828
28049.8379
28049.8828
28049.9980
28050.1074
28050.0176
28049.8828
28049.8516
28049.9492
28050.0508
28049.6035
28049.2305
28050.1035
28049.9473
28050.1777
28050.2227
28049.9453
28050.2305
28049.9980
28050.4844
28050.3516
28050.6133
28050.3730
28050.6953
28050.5645
28050.5176
28050.2695
28050.5469
28050.1680
28050.4453
28050.5684
28050.3125
28050.5430
28050.3105
28050.5879
28050.5098
28050.7715
28050.8945
28050.7852
28050.2363
28051.1016
28051.5195
28051.0449
28050.7676
28050.9590
28050.6270
28050.6797
28050.5332
28050.7695
28050.7012
28050.9219
28050.8301
28050.6211
28050.6211
28050.6426
28050.6641
28050.6953
28050.6191
28050.8711
28050.7383
28050.7480
28050.7383
28050.5234
28051.0000
28050.8086
28050.8984
28050.4980
28050.7051
28050.4277
28050.3828
28050.7012
28050.1250
28050.0020
28050.2109
28049.8477
28049.9277
28050.6172
28049.7988
28049.5977
28049.5820
28049.4434
28049.3652
28049.1855
28048.9551
28049.5020
28048.9941
28048.9395
28049.0684
28049.1777
28049.1543
28048.8223
28049.1289
28048.8750
28049.0039
28049.0859
28049.0430
28048.9668
28049.0430
28048.4961
28048.6172
28048.5488
28049.1641
28048.7461
28049.0547
28048.6445
28049.0605
28048.6523
28048.5977
28048.6504
28048.7051
28048.6953
28049.2031
28049.0703
28048.8789
28049.0996
28049.0000
28048.9980
28049.0977
28049.0664
28048.9961
28049.1641
28049.1230
28049.0352
28049.1719
28049.4102
28049.1602
28049.0449
28049.1133
28049.1992
28048.9902
28049.1211
28049.3340
28049.3574
28049.3633
28049.5312
28049.5391
28049.6074
28049.8379
28049.7461
28049.7148
28049.9121
28049.6738
28049.7812
28050.3730
28050.6055
28050.5020
28050.0859
28049.9258
28049.1797
28049.7559
28049.6855
28049.9531
28049.8066
28049.8066
28049.8438
28050.0059
28050.0586
28050.0801
28049.9414
28050.0469
28050.2773
28050.1699
28050.0996
28050.2754
28050.3203
28050.3652
28050.3184
28050.4551
28050.7031
28050.6855
28050.4844
28050.4453
28050.6211
28050.4199
28051.4668
28050.8340
28051.0098
28051.3867
28051.4102
28051.2246
28051.1699
28050.9688
28051.1523
28051.1758
28051.2285
28051.0977
28051.1426
28051.1406
28050.8242
28051.0391
28051.2148
28051.5371
28051.3906
28051.3438
28051.1660
28051.0664
28051.5098
28051.2344
28051.5312
28051.4766
28051.8848
28051.8535
28051.9355
28052.2285
28052.0977
28052.1191
28052.2188
28051.9727
28052.3320
28052.1621
28052.5000
28052.7070
28052.7305
28052.8594
28053.0898
28053.5430
28053.6719
28053.2559
28053.7090
28053.8086
28053.9238
28054.2070
28054.0059
28054.4902
28054.5352
28054.4336
28054.3789
28054.6172
28054.4785
28054.6387
28054.4844
28054.4355
28054.8047
28054.8496
28054.9258
28055.0801
28054.8555
28055.0020
28055.0312
28055.1543
28055.2832
28055.2754
28055.4121
28054.7969
28055.2656
28055.1562
28055.0547
28054.9844
28055.1367
28054.8906
28055.0742
28054.7207
28055.0566
28054.3789
28054.5703
28054.6211
28054.6211
28054.4043
28054.2285
28054.3809
28054.4102
28054.3613
28054.0918
28054.1289
28054.1836
28053.9961
28054.0801
28053.8320
28053.5938
28053.7383
28053.6914
28053.8438
28053.7031
28053.7949
28053.8184
28053.7168
28053.6094
28053.4844
28053.2305
28053.3359
28053.1816
28053.1348
28053.0566
28052.9473
28052.7246
28052.6172
28052.5703
28052.6680
28052.6055
28052.5215
28052.4277
28052.4023
28052.4258
28051.9629
28052.0703
28051.3301
28051.4824
28050.8906
28050.7305
28050.6055
28050.3047
28050.3105
28050.0801
28049.7012
28049.4258
28049.4551
28049.3535
28049.3066
28049.3594
28049.0039
28048.8887
28048.4648
28048.6172
28048.4863
28048.1328
28047.9395
28047.6836
28047.8125
28047.8105
28047.6738
28047.4258
28047.4023
28047.1777
28046.9473
28046.8457
28046.5703
28046.0996
28046.3301
28045.9531
28045.5742
28045.3672
28044.8516
28044.6758
28044.2148
28044.1602
28043.7227
28043.7676
28043.4434
28043.5293
28043.4805
28043.2520
28043.2266
28042.9258
28042.9707
28042.7949
28042.5234
28042.3691
28042.2168
28042.2988
28041.9668
28042.0742
28041.9707
28042.0723
28041.9629
28041.6328
28041.2324
28041.6016
28041.2930
28041.0703
28041.1855
28040.9453
28041.0918
28040.7598
28040.7129
28040.6348
28040.1758
28040.1816
28040.2793
28039.7188
28039.9238
28039.8945
28039.8223
28039.6934
28039.2617
28039.4375
28039.4082
28039.6367
28039.6055
28039.2988
28039.2988
28039.5215
28039.3906
28039.3672
28038.9824
28039.3574
28039.4336
28039.4805
28039.2500
28039.2188
28039.5312
28039.6758
28039.6523
28039.6992
28039.6973
28040.0273
28040.0039
28039.8418
28039.8418
28039.7637
28039.9707
28039.6035
28039.9727
28039.6895
28039.7871
28040.0410
28039.9355
28040.1855
28040.3320
28040.3086
28040.1836
28040.0020
28039.9004
28039.6699
28039.9688
28039.7617
28039.7617
28039.9316
28039.8535
28040.0762
28040.4824
28040.3574
28040.4863
28040.3516
28040.3613
28040.4258
28039.9199
28040.2402
28040.4707
28040.5527
28040.3926
28040.2090
28040.3867
28040.5840
28040.6016
28040.7539
28040.5156
28040.7695
28040.6641
28040.7500
28040.5723
28040.9199
28040.8652
28040.9355
28041.0117
28041.0039
28040.9746
28040.9434
28040.7441
28040.6895
28040.7891
28041.0117
28040.9121
28040.8828
28040.6992
28040.6680
28040.4375
28040.6152
28040.6016
28040.5020
28040.7773
28040.7227
28040.8770
28040.6992
28040.5215
28040.5977
28040.5508
28040.0195
28040.0547
28040.0020
28040.3828
28040.3008
28040.3301
28040.3281
28040.3984
28040.3926
28040.4102
28040.4629
28040.6309
28040.7070
28040.6074
28040.8770
28040.8320
28040.8047
28040.5527
28040.5820
28040.3574
28040.4570
28040.2266
28040.6309
28040.4023
28040.5254
28040.5723
28040.7480
28040.3926
28040.4395
28040.4102
28040.7109
28040.5039
28040.4980
28040.6504
28040.4727
28040.4219
28040.5957
28040.3477
28040.5996
28040.3711
28040.5996
28040.6211
28040.5684
28040.3691
28040.5195
28040.8262
28040.5254
28040.6426
28040.5898
28040.7422
28040.7422
28040.3828
28040.4824
28040.5352
28040.4336
28040.6387
28041.0137
28041.0137
28041.0430
28040.8887
28041.1953
28040.9883
28041.0938
28041.2637
28041.3457
28041.2148
28041.5684
28041.6426
28041.6660
28041.6602
28041.7656
28041.7305
28041.8066
28042.0059
28041.8535
28042.2051
28042.2344
28042.0742
28042.0781
28042.4609
28042.4316
28042.5137
28042.4062
28042.4062
28042.4570
28042.5098
28042.3574
28042.6914
28042.6094
28042.7656
28042.6133
28042.7129
28043.0176
28042.9688
28042.9688
28042.8438
28042.7910
28042.8613
28043.0137
28043.0137
28042.8066
28042.9355
28043.0586
28042.9121
28043.2324
28043.1328
28042.9336
28043.4844
28043.1836
28043.1543
28042.9258
28043.4355
28043.6406
28043.4863
28043.4863
28043.5859
28043.4316
28043.4883
28043.6973
28043.8125
28043.7363
28044.1348
28043.6484
28043.8535
28043.8164
28043.4648
28043.3594
28043.4062
28042.9766
28043.3242
28043.4707
28043.5176
28043.5645
