27402.4082
27402.0527
27402.1367
27402.6660
27402.8301
27402.6543
27402.9648
27403.2305
27403.4961
27403.6973
27403.4980
27403.4316
27403.1035
27403.2500
27403.1855
27403.1855
27402.9551
27402.8730
27403.0723
27402.7090
27402.6250
27402.2109
27402.1289
27401.9004
27401.5215
27401.2734
27401.2090
27400.7969
27401.0430
27401.4375
27402.0176
27402.5781
27403.2578
27403.5879
27404.0352
27403.4570
27402.7832
27401.8555
27401.4434
27401.4609
27401.8086
27402.2402
27402.4570
27402.8672
27403.0195
27403.1367
27403.4844
27403.1875
27403.0879
27402.8398
27402.8223
27402.6914
27402.6758
27402.7402
27402.6719
27402.8359
27403.0195
27403.0840
27403.2188
27403.1836
27403.0859
27403.1016
27403.0684
27402.9199
27402.7715
27402.8359
27402.9727
27402.7715
27402.9062
27403.2539
27403.3691
27403.6172
27403.7344
27403.9648
27404.0000
27403.7168
27403.4570
27402.9414
27402.3105
27401.9824
27401.9316
27402.0820
27402.5645
27403.2109
27404.1074
27404.4707
27404.8711
27404.4902
27404.3281
27403.8496
27403.4688
27403.5039
27403.6191
27403.8027
27403.9375
27403.9062
27404.0547
27403.9902
27403.9395
27404.0410
27403.8906
27403.7598
27403.6953
27403.7598
27403.9082
27403.9258
27403.9082
27404.0742
27404.2402
27403.6914
27403.7559
27403.8398
27404.0723
27404.1055
27404.0879
27404.0547
27403.9727
27403.5918
27403.3750
27403.2422
27403.3066
27403.0918
27403.2285
27403.4414
27403.3242
27403.3418
27403.3574
27403.2930
27402.8613
27402.9375
27402.6934
27402.5605
27402.5605
27402.5273
27402.4941
27402.3281
27402.2266
27402.4102
27402.4941
27402.3594
27402.7578
27402.8574
27403.0723
27402.8887
27403.1895
27402.9883
27403.2227
27403.0566
27402.8906
27402.6406
27402.4746
27402.5742
27402.3613
27402.3613
27402.2090
27402.3105
27402.2598
27401.8613
27401.9453
27402.0762
27401.8086
27401.8945
27401.4922
27401.6758
27401.4590
27401.5586
27401.2754
27401.0918
27401.1426
27401.2910
27400.9434
27400.8105
27400.7266
27400.5273
27400.7441
27400.6602
27400.5430
27400.3105
27400.3750
27400.2266
27400.3594
27400.3594
27400.2598
27399.9590
27400.2754
27399.9766
27399.7949
27399.5117
27399.2949
27399.4102
27399.7773
27399.6426
27399.8926
27400.2598
27400.9238
27401.5723
27401.8223
27402.1035
27402.4531
27402.9355
27403.1699
27403.1855
27403.2500
27402.7520
27402.6680
27402.4844
27402.4512
27402.0352
27402.2344
27402.1348
27401.9844
27401.8672
27401.8516
27401.4844
27401.7344
27401.6016
27401.4004
27401.3008
27401.1523
27401.0684
27400.8008
27400.7676
27400.4336
27400.4668
27400.4180
27400.1172
27400.2676
27400.1836
27400.1504
27400.3496
27400.2988
27400.4180
27400.5176
27400.5840
27400.7988
27400.4668
27400.3848
27400.4004
27399.8320
27400.0000
27399.8164
27399.6836
27399.6504
27399.5664
27399.3652
27399.1504
27399.0840
27399.2988
27399.0996
27399.4492
27400.0332
27398.6836
27399.4160
27399.5664
27399.4160
27399.6836
27399.7500
27399.5332
27399.8184
27399.9004
27399.9512
27399.8516
27399.5176
27399.9004
27399.2500
27399.2344
27399.5000
27399.1660
27399.3340
27399.3848
27399.2344
27399.6348
27398.9336
27399.2344
27399.2188
27399.4180
27399.2520
27399.4668
27399.3184
27399.2188
27399.0000
27398.9668
27398.8848
27399.1504
27399.3008
27399.5000
27399.0000
27399.1836
27399.5000
27399.6660
27399.8516
27399.9180
27399.7168
27399.9668
27399.9160
27399.5488
27399.4668
27399.0156
27398.9160
27398.9316
27398.7305
27398.7656
27398.9668
27399.5000
27399.2324
27399.2988
27398.9980
27398.5605
27398.3281
27398.3105
27398.1094
27398.3770
27398.3613
27398.3438
27398.9121
27398.8965
27399.0488
27399.2656
27399.6836
27400.4023
27400.2695
27400.2852
27400.4355
27400.5527
27400.2188
27399.7832
27399.8340
27399.5488
27399.2305
27398.7773
27397.8262
27397.0371
27396.6367
27396.6348
27396.5000
27396.5684
27396.7012
27396.6504
27396.5645
27396.1621
27396.0781
27396.0781
27395.7266
27395.7949
27395.4434
27395.4082
27395.0566
27394.8223
27394.7383
27394.3867
27394.4180
27394.1523
27394.1504
27393.8164
27393.3965
27393.4629
27393.1602
27392.6250
27392.5586
27392.4590
27392.8770
27393.5605
27393.7129
27394.0137
27394.2148
27394.1816
27394.3145
27394.4316
27394.1973
27394.2129
27394.4805
27394.5117
27394.7793
27395.3301
27395.3633
27395.5957
27395.6953
27395.5430
27395.3926
27395.4746
27395.6270
27395.8262
27395.8105
27396.0625
27396.1445
27396.2441
27396.3594
27396.7285
27397.0625
27397.2461
27397.5312
27397.5469
27397.5625
27397.8340
27397.8594
27397.9785
27398.1094
27398.0098
27398.2441
27398.1602
27398.1270
27397.7910
27397.5234
27397.6074
27397.8066
27397.9062
27398.1738
27398.3418
27398.4590
27398.7734
27398.8203
27399.0059
27398.9355
27399.0195
27399.5000
27399.7109
27399.9629
27399.9121
27399.7520
27398.9863
27398.1992
27397.6992
27397.4473
27397.6191
27397.4609
27397.5605
27397.5762
27397.6094
27398.1133
27397.7090
27397.5410
27397.6387
27397.9238
27397.7715
27397.7188
27397.7500
27397.7656
27398.0176
27398.1328
27397.8809
27397.8984
27397.8281
27397.9121
27398.0957
27397.9434
27398.3789
27398.2266
27398.3945
27398.2090
27398.3242
27398.4941
27398.5938
27398.5762
27398.5762
27398.6445
27398.7969
27398.8809
27398.9473
27398.8633
27399.1309
27399.0625
27399.3145
27399.2637
27399.3613
27399.4453
27399.5293
27399.3613
27399.4121
27399.4805
27399.2969
27399.2285
27399.1426
27399.1582
27399.2441
27399.4590
27399.6250
27399.7949
27399.7793
27399.6934
27399.7773
27399.7090
27399.7930
27399.7773
27399.6934
27399.9434
27400.0820
27400.1133
27400.1973
27400.1270
27400.1953
27400.1953
27400.3477
27400.3789
27400.3945
27400.3262
27400.1582
27399.9199
27399.7207
27399.7031
27399.7715
27399.7559
27399.7402
27399.7246
27399.7070
27399.6230
27399.9746
27400.1445
27400.2285
27400.4492
27400.5332
27400.5020
27400.5000
27400.4316
27400.6836
27400.4844
27400.5996
27400.7676
27400.8535
27400.8516
27400.7344
27400.6660
27400.8516
27400.8516
27400.8672
27400.8672
27400.7812
27400.7285
27400.7285
27400.7578
27400.6113
27400.6953
27400.7324
27400.7168
27400.7715
27400.6543
27400.7539
27400.6836
27400.9160
27400.9004
27401.0996
27401.1309
27401.0098
27400.9336
27401.1738
27401.2168
27401.3203
27401.4043
27401.5449
27401.5430
27401.5215
27401.6523
27401.4453
27401.3125
27401.4746
27401.4590
27401.4121
27401.4980
27401.4668
27401.3789
27401.2266
27401.1426
27401.2891
27401.5566
27401.6094
27401.7090
27401.7246
27401.6934
27401.8613
27402.0000
27402.0527
27402.0371
27402.0352
27402.1035
27402.2031
27402.7109
27402.8633
27402.9941
27403.0781
27403.0469
27403.0312
27403.3535
27403.4531
27403.6387
27403.9062
27404.0078
27404.0918
27404.0059
27404.0449
27403.8574
27403.7578
27403.6055
27403.5898
27403.6738
27403.7422
27403.8574
27403.9434
27403.8555
27403.9258
27403.8105
27403.8945
27403.7090
27403.6250
27403.7246
27403.7246
27403.8086
27404.0469
27404.2148
27404.1621
27404.2617
27404.2070
27404.1543
27404.0840
27404.0312
27404.0449
27404.1758
27404.3203
27404.5820
27404.7891
27405.1035
27405.1426
27405.0195
27405.0430
27404.8262
27404.8574
27404.8730
27405.0020
27405.0781
27405.0625
27405.0234
27405.1934
27405.1777
27405.1777
27405.2461
27405.2012
27405.1855
27405.1855
27405.0996
27405.2148
27405.2832
27405.3984
27405.3984
27405.2754
27405.3750
27405.4199
27405.5332
27405.5332
27405.6328
27405.7188
27405.8184
27405.8184
27405.8320
27405.8477
27405.7480
27405.9004
27405.8398
27405.6406
27405.7246
27405.7090
27405.8633
27405.7461
27405.9219
27405.8672
27405.7832
27405.8438
27405.7598
27405.7891
27405.8652
27405.7930
27405.9102
27405.9395
27405.8672
27406.0527
27405.9844
27406.0371
27406.1074
27406.1367
27406.3203
27406.3047
27406.4902
27406.2852
27406.0605
27405.8008
27405.4805
27405.6191
27405.6484
27405.5801
27405.7793
27405.8398
27405.9375
27406.0684
27406.3223
27406.6621
27406.5625
27406.9180
27406.8613
27406.8613
27406.7617
27406.8594
27407.0215
27407.0215
27406.9902
27407.1055
27407.5293
27407.8125
27408.5078
27409.4180
27410.0879
27410.6133
27410.8809
27410.9766
27410.9629
27410.7910
27410.9707
27411.0312
27410.7910
27410.6504
27410.3809
27410.1270
27409.7695
27409.7012
27409.3203
27409.1484
27408.6836
27408.2734
27408.0332
27407.8477
27407.6367
27407.5215
27407.4961
27407.3867
27407.2910
27407.3496
27407.2949
27407.2949
27407.2793
27407.3086
27407.4082
27407.6074
27407.6777
27407.7617
27408.0430
27408.3379
27408.3281
27408.2656
27408.6758
27408.7500
27408.7637
27408.9648
27408.9648
27409.1641
27409.2598
27409.2754
27409.3438
27409.1582
27409.2734
27409.1328
27409.0020
27409.1758
27409.2051
27409.2891
27409.3613
27409.3457
27409.4297
27409.4141
27409.3301
27409.4297
27409.2539
27409.2988
27409.1973
27409.4824
27409.7793
27409.7676
27409.5996
27409.4160
27409.3125
27409.4258
27409.4844
27409.7227
27409.7520
27409.7676
27409.7109
27409.6406
27409.7559
27409.5449
27409.5488
27409.5137
27409.4453
27409.9121
27409.8672
27410.0391
27410.1230
27410.0488
27410.0781
27410.0625
27409.7363
27409.5645
27409.7637
27409.5098
27409.7637
27409.3633
27409.4785
27409.4355
27409.3652
27409.7910
27410.0762
27410.5020
27410.8008
27410.9434
27410.8594
27410.8867
27411.4121
27411.5703
27411.2441
27411.3711
27411.5020
27411.4297
27411.4434
27411.5859
27411.8691
27411.7109
27411.8555
27412.0938
27412.2227
27412.1484
27412.0371
27412.2070
27412.0352
27412.7207
27412.5625
27412.5918
27412.6055
27412.4766
27412.2324
27412.4199
27412.4043
27412.5293
27412.5703
27412.8984
27413.1836
27413.5410
27413.6543
27413.9238
27413.8828
27414.0391
27414.3809
27414.2969
27414.4512
27414.2969
27414.3262
27414.1855
27414.3711
27414.2852
27414.6406
27414.6680
27414.4668
27414.5254
27415.0820
27415.2246
27414.9688
27415.1406
27415.1680
27415.2246
27415.4102
27415.7090
27415.6230
27415.7383
27415.8086
27415.8789
27415.6934
27416.0352
27415.8906
27415.9453
27415.7773
27416.0176
27415.7461
27415.7324
27415.8457
27415.8438
27415.8438
27416.0000
27416.0566
27415.9980
27416.0273
27416.1699
27415.8281
27415.9688
27415.7422
27415.6973
27415.8398
27415.4102
27415.6113
27415.6816
27415.7383
27415.6387
27415.9668
27415.9668
27415.7227
27415.9375
27415.7207
27415.7207
27415.2930
27415.4512
27414.9629
27414.5781
27414.3770
27414.6348
27414.2773
27414.6191
27414.4043
27413.9902
27413.8906
27414.2461
27413.9766
27413.9746
27414.5176
27415.0449
27415.5879
27415.5293
27415.5000
27415.7441
27415.9707
27415.9277
27415.9141
27415.7578
27415.7148
27415.7148
27415.4844
27415.6152
27415.7129
27415.9004
27415.8125
27415.3574
27415.1699
27415.2559
27415.3418
27415.4141
27415.3711
27415.3555
27415.2559
27415.2695
27415.1855
27415.0410
27415.2539
27415.0117
27415.2539
27415.0684
27415.2969
27415.5098
27415.4238
27415.3379
27415.8086
27415.3809
27415.7949
27415.8945
27415.7656
27416.0078
27415.9648
27416.2656
27416.0781
27416.1934
27416.3633
27416.1934
27416.3359
27416.2070
27416.5645
27416.6504
27416.8906
27416.8770
27417.2207
27417.1777
27417.0781
27416.9785
27416.9355
27417.0781
27416.9922
27416.9492
27417.0059
27417.2344
27417.2051
27417.1348
27417.1914
27417.1641
27417.1074
27417.5645
27417.2344
27417.1621
27416.9922
27416.8047
27416.7910
27416.9902
27417.1758
27417.1758
27417.6777
27416.7461
27417.2754
27417.2754
27417.3008
27417.2871
27417.4297
27417.5156
27417.3711
27417.2852
27417.1855
27417.3281
27417.1426
27416.6855
27417.0000
27416.7422
27416.4688
27416.3535
27416.3262
27415.9375
27416.2246
27416.1250
27416.4102
27416.3242
27416.2969
27416.1113
27416.2676
27416.1699
27415.8965
27415.4980
27415.3438
27415.1875
27415.0742
27415.0312
27415.2480
27415.3340
27415.5762
27415.8613
27415.9766
27416.3203
27416.0469
27415.8066
27415.0508
27414.7969
27414.5996
27414.4023
27414.4746
27414.2031
27414.2480
27414.1895
27414.2168
27414.2734
27414.1270
27414.4004
27414.6543
27414.5273
27414.3691
27414.1406
27414.0117
27413.7969
27414.1270
27413.8984
27413.9688
27414.2266
27414.1543
27414.6582
27414.5000
27414.3145
27414.1992
27414.2129
27414.1992
27414.0410
27413.9277
27413.7539
27413.4551
27413.3828
27413.1250
27413.1816
27413.3242
27413.0098
27412.9062
27412.9395
27412.7949
27412.7090
27412.7812
27412.7539
27412.7539
27412.3828
27412.3965
27412.4688
27412.5547
27412.4824
27412.6230
27412.7637
27412.3906
27412.5059
27412.4180
27412.3906
27412.1055
27412.1641
27411.8594
27412.0469
27411.9414
27411.7324
27411.7324
27411.5742
27411.5000
27411.5605
27411.3867
27411.2871
27411.2832
27411.4512
27411.5430
27411.6973
27411.5117
27411.2324
27411.0449
27411.2324
27410.9453
27411.2910
27410.7773
27410.5234
27410.8535
27410.2129
27410.2715
27410.1992
27409.8535
27409.6211
27409.4336
27409.4023
27409.4023
27409.4609
27409.2480
27409.1621
27409.0742
27409.0137
27408.7734
27408.4863
27408.7734
27408.4863
27408.4141
27408.3555
27408.1680
27408.1680
27408.2129
27407.7539
27407.2227
27407.2480
27406.8438
27406.9023
27406.6680
27406.6406
27406.7090
27406.5625
27406.5039
27406.2441
27406.0430
27406.1621
27406.0488
27405.8340
27405.7324
27405.6934
27405.7520
27405.2461
27405.3789
27405.1328
27405.1719
27405.0859
27405.1719
27404.9590
27404.6250
27404.6113
27404.3770
27404.6777
27404.5176
27404.6719
27404.9160
27404.6855
27404.7109
27404.6367
27404.8828
27404.8359
27404.7363
27404.7227
27404.7559
27404.7012
27404.4453
27404.5801
27404.6914
27404.8574
27404.5781
27404.4766
27404.3418
27404.5234
27404.3633
27404.2871
27404.5156
27404.5156
27404.6602
27404.4551
27404.6270
27404.5547
27404.3809
27404.3672
27404.0801
27404.2793
27404.4062
27404.4199
27404.4453
27404.4180
27404.4590
27404.7051
27404.4395
27404.3242
27404.4863
27404.0996
27404.3594
27404.3652
27404.5195
27404.4316
27404.3711
27404.5781
27404.5918
27404.6504
27404.3848
27404.3652
27404.2852
27404.4043
27404.3379
27404.1660
27403.9238
27404.1055
27404.1855
27403.9043
27404.1055
27404.2500
27404.0684
27404.0957
27404.1484
27404.0410
27404.1543
27404.1016
27404.1738
27404.1602
27404.0332
27403.8457
27403.7852
27403.7734
27403.6465
27403.6191
27403.7266
27403.9277
27403.9883
27404.3281
27404.0801
27403.8047
27403.5059
27403.6445
27403.4199
27403.2656
27403.5605
27403.5781
27403.5996
27403.3926
27403.2031
27403.2559
27403.1094
27403.1953
27403.2949
27403.4199
27403.2207
27403.2734
27403.1797
27402.7617
27402.9766
27403.0879
27403.1953
27403.0117
27403.0117
27403.1387
27402.9023
27402.7422
27402.6270
27401.9062
27401.7676
27401.4922
27401.7852
27401.5977
27401.7168
27401.7559
27401.9434
27401.5820
27401.5684
27401.5430
27401.3555
27401.5156
27401.4160
27400.9941
27400.8066
27400.8184
27400.6582
27400.4590
27400.3672
27400.3672
27400.3398
27400.2129
27400.3145
27400.5605
27400.8965
27400.8223
27400.7617
27400.5215
27400.3945
27400.3691
27400.4805
27400.2676
27399.8555
27400.2949
27400.5410
27400.1680
27400.2148
27400.1152
27400.4883
27400.2754
27400.0391
27400.2246
27400.4102
27400.5469
27400.7676
27400.7188
27400.8691
27401.0449
27401.2188
27400.9316
27400.9453
27400.6953
27400.4473
27400.3594
27400.4590
27400.4102
27400.2246
27400.0488
27399.9785
27399.8047
27399.8379
27399.8652
27399.5762
27399.6895
27399.6621
27399.3516
27399.4023
27399.1387
27399.1133
27398.9883
27398.9512
27398.7129
27399.0996
27398.8750
27399.1602
27398.9863
27398.9355
27399.2598
27398.9336
27398.9336
27398.8691
27398.7949
27399.0684
27399.2539
27399.1445
27398.9316
27398.7324
27398.7441
27399.0469
27399.0840
27399.3848
27399.4238
27399.4238
27399.7598
27399.6230
27399.7832
27399.6582
27399.9199
27399.5586
27399.4082
27399.2949
27399.3438
27399.6680
27399.4199
27399.3164
27399.6406
27399.4062
27399.3047
27399.4668
27399.2402
27399.1777
27399.4531
27399.6270
27399.6621
27399.7012
27399.6875
27400.0605
27399.9219
27400.1367
27400.1855
27400.1855
27399.9590
27399.7852
27399.8965
27399.7715
27399.8320
27399.6328
27399.9062
27399.9941
27400.0566
27400.1055
27400.2305
27400.2793
27400.3301
27400.4668
27400.3926
27400.3906
27400.6406
27400.7148
27400.9160
27401.0156
27400.7910
27400.7539
27400.8516
27400.8145
27400.8145
27400.8145
27400.8281
27400.8516
27401.0137
27400.8398
27401.1250
27400.8398
27400.9258
27400.9023
27401.0137
27401.3262
27401.4004
27401.4258
27401.5762
27401.5254
27401.7012
27401.5000
27401.8379
