  -11.2333
  -11.4641
  -11.6908
  -11.9280
  -12.1567
  -12.3832
  -12.6028
  -12.8225
  -13.0465
  -13.2590
  -13.4792
  -13.6908
  -13.9071
  -14.1226
  -14.3367
  -14.5491
  -14.7652
  -14.9804
  -15.1943
  -15.4157
  -15.6337
  -15.8554
  -16.0720
  -16.2900
  -16.5093
  -16.7278
  -16.9427
  -17.1541
  -17.3588
  -17.5559
  -17.7558
  -17.6764
  -17.5960
  -17.5175
  -17.4381
  -17.3613
  -17.2839
  -17.2054
  -17.1301
  -17.0552
  -16.9773
  -16.8969
  -16.8099
  -16.7234
  -16.6373
  -16.5548
  -16.4711
  -16.3879
  -16.3058
  -16.2212
  -16.1402
  -16.0556
  -15.9658
  -15.8761
  -15.7847
  -15.6938
  -15.6031
  -15.5147
  -15.4158
  -15.3148
  -15.2129
  -15.1147
  -15.0118
  -14.9171
  -14.8203
  -14.7237
  -14.6341
  -14.5583
  -14.4879
  -14.4273
  -14.3813
  -14.3395
  -14.3099
  -14.2821
  -14.2616
  -14.2452
  -14.2303
  -14.2142
  -14.2031
  -14.1937
  -14.1800
  -14.1664
  -14.1504
  -14.1392
  -14.1297
  -14.1169
  -14.1027
  -14.0934
  -14.0855
  -14.0794
  -14.0724
  -14.0629
  -14.0603
  -14.0560
  -14.0509
  -14.0447
  -14.0377
  -14.0332
  -14.0224
  -14.0122
  -13.9988
  -13.9803
  -13.9596
  -13.9389
  -13.9229
  -13.9052
  -13.8883
  -13.8746
  -13.8641
  -13.8498
  -13.8355
  -13.8240
  -13.8179
  -13.8097
  -13.8025
  -13.8035
  -13.8061
  -13.8136
  -13.8185
  -13.8295
  -13.8457
  -13.8602
  -13.8736
  -13.8916
  -13.8996
  -13.9134
  -13.9246
  -13.9328
  -13.9311
  -13.9224
  -13.9036
  -13.8781
  -13.8440
  -13.8041
  -13.7658
  -13.7240
  -13.6768
  -13.6317
  -13.5818
  -13.5350
  -13.4824
  -13.4326
  -13.3836
  -13.3341
  -13.2823
  -13.2271
  -13.1737
  -13.1207
  -13.0691
  -13.0215
  -12.9746
  -12.9369
  -12.9004
  -12.8598
  -12.8247
  -12.7902
  -12.7552
  -12.7247
  -12.6882
  -12.6621
  -12.6352
  -12.6104
  -12.5922
  -12.5750
  -12.5623
  -12.5434
  -12.5250
  -12.5074
  -12.4903
  -12.4646
  -12.4482
  -12.4342
  -12.4169
  -12.3940
  -12.3791
  -12.3646
  -12.3526
  -12.3371
  -12.3225
  -12.3118
  -12.2977
  -12.2901
  -12.2825
  -12.2761
  -12.2693
  -12.2665
  -12.2564
  -12.2524
  -12.2510
  -12.2433
  -12.2430
  -12.2412
  -12.2374
  -12.2357
  -12.2311
  -12.2198
  -12.2129
  -12.2079
  -12.2022
  -12.1990
  -12.1921
  -12.1910
  -12.1867
  -12.1829
  -12.1814
  -12.1792
  -12.1823
  -12.1861
  -12.1921
  -12.1971
  -12.1981
  -12.1899
  -12.1923
  -12.1921
  -12.1931
  -12.1823
  -12.1737
  -12.1627
  -12.1496
  -12.1437
  -12.1293
  -12.1093
  -12.0887
  -12.0739
  -12.0517
  -12.0269
  -12.0102
  -11.9898
  -11.9629
  -11.9383
  -11.9172
  -11.8897
  -11.8593
  -11.8324
  -11.8078
  -11.7887
  -11.7720
  -11.7559
  -11.7429
  -11.7329
  -11.7245
  -11.7156
  -11.7016
  -11.6903
  -11.6800
  -11.6668
  -11.6519
  -11.6380
  -11.6182
  -11.5985
  -11.5858
  -11.5699
  -11.5554
  -11.5422
  -11.5274
  -11.5135
  -11.4984
  -11.4808
  -11.4663
  -11.4513
  -11.4393
  -11.4284
  -11.4174
  -11.4118
  -11.4069
  -11.4065
  -11.4057
  -11.4006
  -11.3948
  -11.3896
  -11.3807
  -11.3707
  -11.3730
  -11.3612
  -11.3525
  -11.3451
  -11.3483
  -11.3508
  -11.3555
  -11.3591
  -11.3596
  -11.3701
  -11.3845
  -11.3969
  -11.4019
  -11.4151
  -11.4333
  -11.4431
  -11.4584
  -11.4784
  -11.4961
  -11.5166
  -11.5375
  -11.5612
  -11.5802
  -11.6010
  -11.6167
  -11.6294
  -11.6398
  -11.6380
  -11.6354
  -11.6220
  -11.5970
  -11.5791
  -11.5502
  -11.5024
  -11.4689
  -11.4284
  -11.3844
  -11.3402
  -11.2987
  -11.2574
  -11.2064
  -11.1620
  -11.1174
  -11.0762
  -11.0338
  -10.9990
  -10.9633
  -10.9172
  -10.8695
  -10.8189
  -10.7554
  -10.6933
  -10.6220
  -10.5523
  -10.4808
  -10.4142
  -10.3513
  -10.2881
  -10.2531
  -10.2091
  -10.1616
  -10.1117
  -10.0692
  -10.0324
   -9.9959
   -9.9605
   -9.9239
   -9.8893
   -9.8565
   -9.8240
   -9.7896
   -9.7598
   -9.7303
   -9.7043
   -9.6737
   -9.6448
   -9.6224
   -9.6005
   -9.5792
   -9.5541
   -9.5209
   -9.4967
   -9.4698
   -9.4378
   -9.4055
   -9.3774
   -9.3503
   -9.3213
   -9.3060
   -9.2915
   -9.2834
   -9.2837
   -9.2803
   -9.2831
   -9.3007
   -9.3066
   -9.3153
   -9.3277
   -9.3431
   -9.3576
   -9.3680
   -9.3880
   -9.4030
   -9.4198
   -9.4349
   -9.4556
   -9.4688
   -9.4798
   -9.4956
   -9.5113
   -9.5269
   -9.5524
   -9.5719
   -9.5971
   -9.6192
   -9.6389
   -9.6564
   -9.6682
   -9.6782
   -9.6603
   -9.6528
   -9.6519
   -9.6504
   -9.6516
   -9.6451
   -9.6329
   -9.6177
   -9.6109
   -9.6045
   -9.6005
   -9.5987
   -9.5967
   -9.5918
   -9.5928
   -9.5869
   -9.5841
   -9.5743
   -9.5648
   -9.5494
   -9.5364
   -9.5208
   -9.5168
   -9.5021
   -9.4871
   -9.4717
   -9.4535
   -9.4167
   -9.3777
   -9.3458
   -9.3082
   -9.2696
   -9.2379
   -9.2103
   -9.1778
   -9.1502
   -9.1247
   -9.0963
   -9.0693
   -9.0409
   -9.0153
   -8.9838
   -8.9596
   -8.9373
   -8.9132
   -8.8875
   -8.8659
   -8.8439
   -8.8319
   -8.8229
   -8.8159
   -8.8083
   -8.8009
   -8.7923
   -8.7852
   -8.7753
   -8.7640
   -8.7468
   -8.7236
   -8.7269
   -8.7110
   -8.6943
   -8.6754
   -8.6587
   -8.6481
   -8.6274
   -8.6008
   -8.5769
   -8.5630
   -8.5406
   -8.5197
   -8.4915
   -8.4624
   -8.4324
   -8.4042
   -8.3669
   -8.3354
   -8.3006
   -8.2682
   -8.2330
   -8.2022
   -8.1674
   -8.1383
   -8.1063
   -8.0765
   -8.0491
   -8.0278
   -8.0077
   -8.0033
   -7.9975
   -7.9904
   -7.9876
   -7.9830
   -7.9738
   -7.9603
   -7.9487
   -7.9308
   -7.9132
   -7.8940
   -7.8790
   -7.8641
   -7.8389
   -7.8193
   -7.7941
   -7.7672
   -7.7406
   -7.7137
   -7.6872
   -7.6578
   -7.6256
   -7.5887
   -7.5549
   -7.5224
   -7.4901
   -7.4575
   -7.4253
   -7.3927
   -7.3603
   -7.3337
   -7.3042
   -7.2476
   -7.2110
   -7.1760
   -7.1438
   -7.1101
   -7.0707
   -7.0326
   -6.9998
   -6.9700
   -6.9346
   -6.8994
   -6.8628
   -6.8294
   -6.7957
   -6.7635
   -6.7328
   -6.7069
   -6.6808
   -6.6550
   -6.6291
   -6.6000
   -6.5697
   -6.5365
   -6.5049
   -6.4686
   -6.4299
   -6.3905
   -6.3502
   -6.3102
   -6.2704
   -6.2336
   -6.1925
   -6.1472
   -6.1036
   -6.0587
   -6.0161
   -5.9707
   -5.9266
   -5.8854
   -5.8456
   -5.8045
   -5.7653
   -5.7346
   -5.7014
   -5.6696
   -5.6409
   -5.6120
   -5.5831
   -5.5469
   -5.5105
   -5.4708
   -5.4327
   -5.3881
   -5.3400
   -5.2915
   -5.2398
   -5.1900
   -5.1433
   -5.0964
   -5.0524
   -5.0175
   -4.9853
   -4.9566
   -4.9271
   -4.8933
   -4.8578
   -4.8239
   -4.7898
   -4.7594
   -4.7290
   -4.6960
   -4.6610
   -4.6274
   -4.5951
   -4.5614
   -4.5278
   -4.4925
   -4.4570
   -4.4220
   -4.3863
   -4.3493
   -4.3136
   -4.2791
   -4.2449
   -4.2097
   -4.1792
   -4.1544
   -4.1348
   -4.1188
   -4.1031
   -4.0850
   -4.0669
   -4.0486
   -4.0347
   -4.0192
   -3.9993
   -3.9831
   -3.9685
   -3.9556
   -3.9370
   -3.9198
   -3.8997
   -3.8738
   -3.8436
   -3.8130
   -3.7820
   -3.7480
   -3.7171
   -3.6982
   -3.6939
   -3.7015
   -3.7147
   -3.7326
   -3.7541
   -3.7788
   -3.8014
   -3.8263
   -3.8478
   -3.8674
   -3.8869
   -3.9003
   -3.9126
   -3.9262
   -3.9379
   -3.9487
   -3.9626
   -3.9696
   -3.9712
   -3.9682
   -3.9626
   -3.9552
   -3.9431
   -3.9326
   -3.9174
   -3.8977
   -3.8748
   -3.8479
   -3.8169
   -3.7859
   -3.7517
   -3.7204
   -3.6921
   -3.6649
   -3.6409
   -3.6209
   -3.6025
   -3.5820
   -3.5601
   -3.5281
   -3.4892
   -3.4502
   -3.4100
   -3.3684
   -3.3277
   -3.2886
   -3.2517
   -3.2217
   -3.1931
   -3.1654
   -3.1364
   -3.1111
   -3.0859
   -3.0648
   -3.0483
   -3.0404
   -3.0366
   -3.0387
   -3.0424
   -3.0442
   -3.0336
   -3.0127
   -2.9817
   -2.9458
   -2.9133
   -2.8827
   -2.8555
   -2.8349
   -2.8125
   -2.7929
   -2.7739
   -2.7550
   -2.7378
   -2.7207
   -2.7049
   -2.6912
   -2.6759
   -2.6606
   -2.6501
   -2.6458
   -2.6478
   -2.6540
   -2.6599
   -2.6715
   -2.6885
   -2.7057
   -2.7238
   -2.7494
   -2.7775
   -2.8076
   -2.8359
   -2.8688
   -2.9000
   -2.9293
   -2.9580
   -2.9836
   -3.0081
   -3.0286
   -3.0570
   -3.0898
   -3.1290
   -3.1679
   -3.2068
   -3.2539
   -3.2973
   -3.3401
   -3.3802
   -3.4118
   -3.4411
   -3.4659
   -3.4927
   -3.5225
   -3.5559
   -3.5949
   -3.6343
   -3.6730
   -3.7095
   -3.7450
   -3.7714
   -3.7988
   -3.8300
   -3.8590
   -3.8832
   -3.9092
   -3.9356
   -3.9580
   -3.9774
   -3.9948
   -4.0035
   -4.0118
   -4.0219
   -4.0415
   -4.0646
   -4.0889
   -4.1141
   -4.1390
   -4.1634
   -4.1893
   -4.2240
   -4.2571
   -4.2933
   -4.3324
   -4.3655
   -4.4048
   -4.4446
   -4.4747
   -4.5141
   -4.5549
   -4.5915
   -4.6331
   -4.6768
   -4.7211
   -4.7645
   -4.7977
   -4.8470
   -4.9001
   -4.9446
   -4.9709
   -5.0212
   -5.0521
   -5.0820
   -5.1151
   -5.1481
   -5.1855
   -5.2189
   -5.2547
   -5.2917
   -5.3282
   -5.3681
   -5.4116
   -5.4562
   -5.5004
   -5.5429
   -5.5817
   -5.6146
   -5.6477
   -5.6818
   -5.7191
   -5.7574
   -5.7992
   -5.8469
   -5.8854
   -5.9321
   -5.9786
   -6.0239
   -6.0632
   -6.1025
   -6.1354
   -6.1629
   -6.2003
   -6.2409
   -6.2737
   -6.2932
   -6.3093
   -6.3248
   -6.3394
   -6.3500
   -6.3546
   -6.3612
   -6.3580
   -6.3579
   -6.3574
   -6.3520
   -6.3627
   -6.3690
   -6.3753
   -6.3865
   -6.3879
   -6.3860
   -6.3730
   -6.3536
   -6.3280
   -6.3056
   -6.2683
   -6.2598
   -6.2341
   -6.1911
   -6.1494
   -6.1361
   -6.1066
   -6.0752
   -6.0363
   -5.9924
   -5.9507
   -5.8982
   -5.8341
   -5.7718
   -5.7066
   -5.6386
   -5.5838
   -5.5226
   -5.4627
   -5.3985
   -5.3316
   -5.2633
   -5.1851
   -5.1183
   -5.0472
   -4.9753
   -4.8949
   -4.8182
   -4.7296
   -4.6469
   -4.5566
   -4.4706
   -4.3796
   -4.2897
   -4.1937
   -4.1060
   -4.0185
   -3.9145
   -3.7947
   -3.6778
   -3.5659
   -3.4542
   -3.3415
   -3.2264
   -3.1140
   -3.0063
   -2.8936
   -2.7845
   -2.6725
   -2.5551
   -2.4424
   -2.3169
   -2.1847
   -2.0521
   -1.9194
   -1.7885
   -1.6667
   -1.5517
   -1.4399
   -1.3266
   -1.2128
   -1.1081
   -0.9854
   -0.8616
   -0.7510
   -0.6438
   -0.5251
   -0.3947
   -0.2809
   -0.1729
   -0.0615
    0.0507
    0.1579
    0.2559
    0.3569
    0.4570
    0.5605
    0.6748
    0.7854
    0.8970
    1.0044
    1.1132
    1.2205
    1.3174
    1.4273
    1.5353
    1.6524
    1.7635
    1.8832
    1.9967
    2.1161
    2.2380
    2.3595
    2.4808
    2.6021
    2.7204
    2.8438
    2.9587
    3.0489
    3.1286
    3.2067
    3.2913
    3.3869
    3.4691
    3.5473
    3.6283
    3.7112
    3.7913
    3.8803
    3.9686
    4.0648
    4.1801
    4.2813
    4.3712
    4.4661
    4.5559
    4.6535
    4.7560
    4.8842
    5.0185
    5.1510
    5.2839
    5.3938
    5.4958
    5.5921
    5.6948
    5.8026
    5.9097
    6.0311
    6.1612
    6.2931
    6.4191
    6.5424
    6.6672
    6.7830
    6.8851
    6.9902
    7.0802
    7.1744
    7.2719
    7.3667
    7.4687
    7.5667
    7.6680
    7.7663
    7.8630
    7.9605
    8.0603
    8.1714
    8.2913
    8.4051
    8.5190
    8.6233
    8.7296
    8.8345
    8.9380
    9.0397
    9.1392
    9.2424
    9.3587
    9.4679
    9.5755
    9.6714
    9.7555
    9.8482
    9.9402
   10.0320
   10.1147
   10.2007
   10.2776
   10.3511
   10.4144
   10.4629
   10.5242
   10.5885
   10.6459
   10.7070
   10.7584
   10.8050
   10.8262
   10.8430
   10.8523
   10.8612
   10.8897
   10.9284
   10.9669
   11.0017
   11.0273
   11.0476
   11.0506
   11.0465
   11.0449
   11.0441
   11.0426
   11.0421
   11.0507
   11.0736
   11.0945
   11.1241
   11.1494
   11.1693
   11.1907
   11.2060
   11.2177
   11.2323
   11.2471
   11.2664
   11.2850
   11.2979
   11.3002
   11.2872
   11.2817
   11.2705
   11.2610
   11.2529
   11.2499
   11.2412
   11.2359
   11.2249
   11.2166
   11.2046
   11.1930
   11.1787
   11.1666
   11.1511
   11.1429
   11.1367
   11.1261
   11.1223
   11.1125
   11.1047
   11.0953
   11.0888
   11.0822
   11.0792
   11.0701
   11.0625
   11.0567
   11.0492
   11.0418
   11.0326
   11.0174
   11.0035
   10.9836
   10.9654
   10.9338
   10.9060
   10.8786
   10.8531
   10.8234
   10.7911
   10.7586
   10.7210
   10.6847
   10.6515
   10.6078
   10.5624
   10.5085
   10.4561
   10.4005
   10.3449
   10.2845
   10.2303
   10.1760
   10.1159
   10.0589
    9.9870
    9.9214
    9.8515
    9.7541
    9.6625
    9.6291
    9.6028
    9.5338
    9.4401
    9.3834
    9.3195
    9.2723
    9.2295
    9.1915
    9.1481
    9.0912
    9.0410
    8.9851
    8.9538
    8.9256
    8.8702
    8.8205
    8.7701
    8.7172
    8.6629
    8.6067
    8.5503
    8.4913
    8.4322
    8.3703
    8.3164
    8.2583
    8.2005
    8.1446
    8.0871
    8.0316
    7.9790
    7.9278
    7.8831
    7.8364
    7.8021
    7.7630
    7.7230
    7.6782
    7.6439
    7.6128
    7.5776
    7.5475
    7.5162
    7.4783
    7.4513
    7.4213
    7.3975
    7.3723
    7.3440
    7.3154
    7.2919
    7.2619
    7.2281
    7.2028
    7.1712
    7.1497
    7.1175
    7.0868
    7.0821
    7.0741
    7.0079
    6.9325
    6.9037
    6.8984
    6.8560
    6.8151
    6.7607
    6.6971
    6.6335
    6.5750
    6.5320
    6.4833
    6.4402
    6.3710
    6.3048
    6.2572
    6.2081
    6.1554
    6.1028
    6.0510
    6.0054
    5.9554
    5.9065
    5.8544
    5.7979
    5.7393
    5.6826
    5.6242
    5.5656
    5.5106
    5.4494
    5.3934
    5.3316
    5.2711
    5.2081
    5.1360
    5.0651
    4.9886
    4.9152
    4.8387
    4.7575
    4.6804
    4.5958
    4.5080
    4.4300
    4.3480
    4.2661
    4.1757
    4.0838
    4.0040
    3.9286
    3.8635
    3.7862
    3.7144
    3.6396
    3.5698
    3.5080
    3.4367
    3.3590
    3.2815
    3.1976
    3.1140
    3.0280
    2.9438
    2.8577
    2.7780
    2.6896
    2.6057
    2.5174
    2.4306
    2.3422
    2.2542
    2.1661
    2.0827
    2.0014
    1.9207
    1.8464
    1.7648
    1.6856
    1.6076
    1.5234
    1.4331
    1.3442
    1.2501
    1.1567
    1.0640
    0.9775
    0.8909
    0.8077
    0.7215
    0.6392
    0.5592
    0.4810
    0.4081
    0.3368
    0.2588
    0.1827
    0.1042
    0.0273
   -0.0545
   -0.1354
   -0.2154
   -0.2938
   -0.3658
   -0.4287
   -0.4980
   -0.5598
   -0.6222
   -0.6750
   -0.7295
   -0.7888
   -0.8548
   -0.9366
   -1.0088
   -1.0780
   -1.1480
   -1.2263
   -1.3050
   -1.3729
   -1.4334
   -1.4973
   -1.5560
   -1.6130
   -1.6675
   -1.7264
   -1.7819
   -1.8460
   -1.8998
   -1.9575
   -2.0107
   -2.0602
   -2.1086
   -2.1548
   -2.2023
   -2.2516
   -2.2999
   -2.3552
   -2.4123
   -2.4660
   -2.5162
   -2.5639
   -2.6067
   -2.6516
   -2.6921
   -2.7311
   -2.7678
   -2.8039
   -2.8446
   -2.8853
   -2.9314
   -2.9745
   -3.0217
   -3.0663
   -3.1199
   -3.1682
   -3.2187
   -3.2631
   -3.2975
   -3.3280
   -3.3566
   -3.3795
   -3.4030
   -3.4246
   -3.4559
   -3.4802
   -3.5150
   -3.5512
   -3.5937
   -3.6250
   -3.6624
   -3.6905
   -3.7268
   -3.7517
   -3.7736
   -3.7945
   -3.8157
   -3.8287
   -3.8448
   -3.8576
   -3.8659
   -3.8726
   -3.8701
   -3.8638
   -3.8596
   -3.8471
   -3.8368
   -3.8331
   -3.8230
   -3.8219
   -3.8207
   -3.8117
   -3.8118
   -3.8149
   -3.8226
   -3.8227
   -3.8198
   -3.8144
   -3.7999
   -3.7922
   -3.7826
   -3.7748
   -3.7666
   -3.7558
   -3.7447
   -3.7321
   -3.7207
   -3.7126
   -3.6959
   -3.6871
   -3.6710
   -3.6550
   -3.6361
   -3.6112
   -3.5927
   -3.5676
   -3.5439
   -3.5216
   -3.4884
   -3.4663
   -3.4392
   -3.4155
   -3.3883
   -3.3563
   -3.3292
   -3.2874
   -3.2594
   -3.2228
   -3.1815
   -3.1446
   -3.1159
   -3.0841
   -3.0599
   -3.0294
   -3.0028
   -2.9721
   -2.9375
   -2.9074
   -2.8788
   -2.8464
   -2.8144
   -2.7885
   -2.7666
   -2.7539
   -2.7461
   -2.7333
   -3.0348
   -3.3312
   -3.6166
   -3.9080
   -4.1885
   -4.4671
   -4.7490
   -5.0227
   -5.2949
   -5.5638
   -5.8451
   -6.1325
   -6.4197
   -6.7139
   -6.9987
   -7.2832
   -7.5658
   -7.8466
   -8.1271
   -8.4027
   -8.6810
   -8.9518
   -9.2188
   -9.4838
   -9.7411
   -9.9952
  -10.2443
  -10.5029
  -10.7610
  -11.0194
