27417.6836
27417.8398
27417.8711
27417.7715
27417.3633
27417.5801
27417.5371
27417.4883
27417.5059
27417.3887
27417.5547
27417.4395
27417.3555
27417.7461
27417.9707
27418.2598
27418.2598
27418.7324
27418.7910
27419.0078
27418.9805
27419.2715
27419.4023
27420.0254
27419.7090
27419.8672
27419.2871
27419.2852
27419.6348
27420.0391
27419.7227
27419.7324
27419.7656
27419.9062
27419.8809
27420.0215
27420.0215
27419.9375
27420.2637
27420.4785
27420.3535
27420.2363
27420.1953
27420.1777
27420.1621
27420.2793
27420.3027
27420.4102
27420.4355
27420.4609
27420.3848
27420.3438
27420.5586
27420.7422
27420.7266
27420.4434
27420.3672
27420.0918
27420.3086
27420.5684
27420.3828
27420.6152
27420.6562
27420.8906
27421.0801
27421.1699
27421.4863
27421.8281
27421.8691
27421.9844
27421.9434
27421.7578
27421.9082
27421.5762
27421.5488
27421.3809
27421.1230
27421.0898
27420.9238
27420.5898
27420.5488
27420.1230
27419.8652
27419.6660
27419.6660
27419.4902
27419.3164
27419.3984
27419.1406
27419.3496
27419.4746
27419.2402
27419.2246
27419.0488
27419.0059
27418.9473
27418.8223
27418.9805
27418.8223
27419.0215
27419.0371
27419.3477
27419.6133
27419.4785
27419.5371
27419.3203
27419.5039
27419.7109
27419.6191
27419.8516
27419.5605
27419.4102
27419.5859
27419.4922
27419.5938
27419.3438
27419.2754
27419.4590
27419.1250
27419.0000
27418.8008
27418.7656
27418.7578
27418.6660
27418.4062
27418.3887
27417.9238
27417.8633
27417.6543
27417.3965
27417.1797
27416.7871
27417.0781
27416.9355
27416.8945
27416.9355
27417.1094
27417.0098
27416.9512
27417.0859
27417.2344
27417.7266
27417.9180
27418.4434
27418.5020
27418.4844
27418.5508
27418.8340
27419.2012
27419.4414
27419.8105
27419.9082
27419.9082
27419.6836
27419.0645
27418.7891
27418.7715
27418.7559
27418.5957
27418.2285
27417.7617
27417.8125
27417.4707
27417.1777
27416.4434
27416.2441
27416.2012
27415.9668
27416.0078
27416.1406
27415.8418
27415.8828
27415.9824
27415.6074
27415.8652
27415.7637
27415.7891
27415.8867
27415.6875
27415.5703
27415.4219
27415.3965
27414.9551
27415.2305
27414.8457
27414.7539
27414.7695
27414.8105
27414.8281
27415.0039
27414.9863
27414.7852
27414.7188
27414.9785
27415.0371
27414.9688
27415.0352
27414.9922
27414.9277
27414.8867
27414.8379
27414.7949
27414.6289
27414.6289
27414.5723
27414.5547
27414.4727
27414.4082
27414.3066
27414.4492
27414.5332
27414.3398
27414.4160
27414.1738
27414.3320
27414.1504
27414.2500
27414.3906
27414.2598
27414.3262
27414.3828
27414.4824
27414.4414
27414.4160
27414.1406
27414.2578
27413.9648
27414.2305
27414.1719
27413.8750
27413.7988
27413.8164
27413.7988
27413.5977
27413.1426
27413.2656
27413.2031
27412.8535
27412.8359
27412.8594
27412.5781
27412.5586
27412.7422
27412.9004
27412.6758
27412.7422
27412.6406
27412.7832
27412.7773
27412.7422
27412.8516
27412.5000
27412.7578
27412.6230
27412.7129
27412.3184
27412.5762
27412.7773
27412.6016
27412.6016
27412.3828
27412.2246
27412.1074
27412.0645
27411.9238
27412.1582
27412.1992
27412.1152
27412.1934
27412.3340
27412.2930
27412.2148
27411.9395
27412.1562
27412.1504
27412.1152
27412.1152
27412.1855
27412.1094
27411.8262
27411.9434
27412.0020
27411.9609
27411.9434
27412.1777
27412.0664
27412.7363
27412.5371
27412.9531
27412.8945
27413.0605
27412.9766
27412.6660
27412.7070
27412.4707
27412.5469
27412.5410
27412.4414
27412.6172
27412.4180
27412.6699
27413.1465
27413.2051
27413.2461
27413.2637
27413.6582
27413.6758
27413.6582
27413.3984
27413.3750
27413.3984
27413.1992
27413.1719
27413.3164
27413.3340
27413.2402
27413.1387
27413.1621
27413.1211
27413.1035
27413.1621
27413.1270
27412.8848
27412.8906
27412.5273
27412.6504
27412.5078
27412.5078
27412.4492
27412.2305
27412.3555
27412.2188
27412.3770
27412.2402
27412.6406
27412.3066
27412.7988
27412.5410
27412.6992
27412.2812
27412.5625
27413.0508
27413.3633
27412.9727
27413.1328
27413.6133
27413.5957
27413.8145
27413.7949
27413.8945
27414.0117
27414.1309
27414.4473
27414.7949
27414.6719
27415.1641
27415.2090
27415.2363
27415.5820
27415.5410
27415.3691
27415.6914
27415.4902
27415.6680
27415.5449
27415.8164
27415.5156
27415.3926
27415.3340
27415.3691
27415.3457
27415.1641
27415.2227
27415.1055
27415.1816
27415.1172
27414.9746
27415.1582
27415.0391
27414.9746
27414.8926
27415.1934
27415.0703
27415.1289
27415.0879
27415.0840
27414.9609
27415.0332
27415.0098
27415.2422
27415.0234
27415.1426
27415.0195
27415.2773
27415.4004
27415.4395
27415.9082
27415.9629
27415.9531
27416.6172
27416.5527
27416.6797
27416.7207
27416.5801
27416.8027
27416.8027
27416.9258
27417.1230
27417.2422
27417.3828
27417.7051
27417.8242
27418.3242
27418.0645
27418.6230
27418.5039
27418.8398
27418.9766
27419.0176
27418.9766
27418.8945
27418.9316
27418.9941
27419.1543
27419.0938
27419.1934
27419.3105
27419.1758
27419.2344
27419.2344
27418.9746
27418.8926
27418.7930
27418.6914
27418.5703
27418.5293
27418.3301
27418.3691
27418.1289
27418.1289
27417.8867
27417.8867
27417.7871
27417.6445
27417.6035
27417.5840
27417.4414
27417.5430
27417.5605
27417.5781
27417.6152
27417.6348
27417.6738
27417.5742
27417.6777
27417.7363
27417.5762
27417.6172
27417.6621
27417.8203
27418.0020
27418.0430
27418.1016
27417.9805
27418.0566
27418.0352
27417.8535
27417.6523
27417.5098
27417.4492
27417.5508
27417.5645
27417.6426
27417.8379
27417.8379
27417.8379
27417.9570
27418.0352
27417.8730
27417.8125
27417.7734
27417.7324
27417.7129
27417.7129
27417.7539
27417.6348
27417.7715
27417.8496
27417.7090
27417.6875
27417.4883
27417.4648
27417.4277
27417.2676
27417.2090
27417.0293
27417.0312
27417.0723
27417.0117
27416.8926
27416.9336
27416.9551
27416.9746
27416.8926
27416.7344
27416.5898
27416.5898
27416.4102
27416.3691
27416.3086
27416.2090
27415.9688
27415.9688
27416.0098
27415.9902
27415.9902
27415.9902
27416.1719
27416.3926
27416.5723
27416.6719
27416.8730
27416.9336
27416.9336
27416.9648
27417.0312
27416.8301
27416.7891
27416.7480
27416.6680
27416.4688
27416.2871
27416.2656
27416.2656
27416.4082
27416.3262
27416.5879
27416.7070
27417.0488
27417.2891
27417.3281
27417.4277
27417.4277
27417.4277
27417.4277
27417.2305
27417.0312
27416.9707
27416.8125
27416.8535
27416.7109
27416.6309
27416.9121
27416.7500
27416.7500
27416.9082
27416.8496
27416.8496
27416.7305
27416.8887
27416.7109
27416.7520
27416.7520
27417.0117
27417.0918
27417.0312
27417.1328
27417.0312
27417.0527
27417.3516
27417.5527
27417.4531
27417.3301
27417.3711
27417.4316
27417.3711
27417.4707
27417.3906
27417.3906
27417.5312
27417.4688
27417.3887
27417.4102
27417.5098
27417.6309
27417.6914
27417.7910
27417.6719
27417.8145
27417.8145
27417.7734
27417.9141
27417.7949
27417.7539
27417.8340
27417.6934
27417.7129
27417.5742
27417.6934
27417.6348
27417.7539
27417.8340
27417.6758
27417.7734
27417.8926
27418.0137
27418.2344
27418.1152
27418.1738
27418.0742
27418.5508
27418.0938
27418.7109
27418.5918
27418.6738
27418.5723
27418.5723
27418.5332
27418.6328
27418.6914
27418.7910
27418.5918
27418.7520
27418.8320
27418.8320
27418.8320
27418.8340
27418.9512
27419.1328
27419.0254
27419.1934
27419.4336
27419.0840
27419.4414
27419.2188
27419.3359
27419.4043
27419.1641
27419.3027
27419.3652
27419.3086
27419.4414
27419.3926
27419.3906
27419.6523
27419.5273
27419.6406
27419.7422
27419.8535
27419.8203
27419.9395
27419.8320
27419.8555
27420.1035
27420.3633
27420.1426
27420.2539
27420.1152
27420.1777
27420.1895
27420.3906
27420.5234
27420.6152
27420.5645
27420.4609
27420.3711
27420.3262
27420.2207
27420.3066
27420.2695
27420.4121
27420.3125
27420.3320
27420.5293
27420.5586
27420.8262
27420.6777
27420.7539
27420.7168
27420.5625
27420.2930
27420.4375
27420.4648
27420.2656
27420.4453
27420.3047
27420.5059
27420.4844
27420.0859
27420.4648
27420.0449
27420.4648
27420.4844
27420.5430
27420.5449
27420.6641
27420.9629
27420.8633
27421.0430
27421.2227
27421.5234
27421.6211
27421.8828
27421.8418
27421.9824
27421.9609
27421.9219
27422.1406
27422.2012
27422.4609
27422.4805
27422.4414
27422.4805
27422.5605
27422.3809
27422.2402
27422.3203
27422.4004
27422.3398
27422.6191
27422.6016
27422.7598
27422.7402
27423.0586
27423.4199
27423.5410
27424.0586
27423.9980
27423.9004
27423.7598
27423.2188
27423.1191
27422.8984
27423.1992
27423.7578
27423.5391
27423.7383
27423.8789
27424.0977
27424.2988
27424.7383
27424.9004
27424.9785
27424.8789
27424.7793
27424.8184
27424.6582
27424.5977
27424.4961
27424.3965
27424.3379
27424.0957
27424.3164
27424.3770
27424.4961
27424.5586
27424.7578
27425.0371
27425.0781
27425.5176
27425.3574
27425.6172
27425.9375
27425.9375
27426.2578
27426.3379
27426.7383
27426.9395
27427.3184
27427.3184
27427.4199
27427.7598
27427.7988
27427.9805
27428.1191
27428.4199
27428.4805
27428.8398
27428.9004
27429.3203
27429.4199
27429.9004
27429.9590
27430.3184
27429.8594
27429.9180
27430.0586
27429.9590
27430.0371
27430.4180
27430.1172
27430.4160
27430.3555
27430.4746
27430.4141
27430.6543
27430.7734
27430.9336
27430.8926
27431.2539
27431.0332
27431.4316
27431.6719
27431.7129
27431.8320
27431.7930
27431.6914
27431.9316
27432.1309
27431.9902
27432.0898
27432.3496
27432.4102
27432.4512
27432.3496
27432.3691
27432.4492
27432.5078
27432.5879
27432.6699
27432.8887
27433.1914
27433.0098
27433.1113
27432.9688
27433.5098
27433.7109
27433.9102
27434.4297
27434.5723
27435.2754
27435.0938
27435.0723
27434.9121
27435.1719
27435.2500
27435.3105
27435.4082
27435.4902
27435.5879
27435.7109
27435.8105
27435.6094
27435.7070
27435.7461
27435.6641
27435.8047
27435.8633
27435.6641
27435.7207
27435.6016
27435.4980
27435.4766
27435.5371
27435.3535
27435.5156
27435.3926
27435.5098
27435.1504
27435.2891
27435.0488
27434.8262
27434.7871
27434.4043
27434.2012
27433.6367
27433.8379
27433.6191
27433.8789
27433.7188
27433.8398
27433.5195
27433.5176
27433.2207
27432.8379
27433.0195
27432.4980
27432.6797
27432.7188
27432.7988
27432.7812
27432.8809
27432.8008
27432.7988
27432.6816
27432.4805
27432.2188
27432.4160
27432.0566
27432.1953
27432.3184
27432.1172
27432.1387
27431.8984
27431.5566
27431.3320
27431.0938
27430.6094
27430.3691
27430.4902
27430.2285
27430.0703
27430.2148
27430.1934
27430.0332
27430.1328
27429.9922
27430.0352
27430.3770
27429.9160
27430.1191
27430.0977
27429.9980
27429.8750
27430.0957
27429.8965
27429.9570
27429.8809
27429.9219
27429.9824
27430.0430
27430.0391
27429.8242
27430.0254
27429.8867
27429.8906
27429.9707
27430.1895
27430.0898
27429.9883
27429.9453
27429.4492
27429.4316
27429.3828
27429.3047
27429.5684
27429.3457
27429.5273
27429.6094
27429.7871
27429.3457
27429.2637
27429.3047
27429.5020
27429.7832
27429.7441
27429.8262
27430.0859
27430.3105
27430.3105
27430.7598
27430.7773
27430.7773
27431.0566
27431.1387
27431.1582
27431.2949
27431.4961
27431.1484
27431.1484
27431.0312
27430.9688
27430.9297
27430.5879
27430.7676
27430.5703
27430.4512
27430.2871
27430.3086
27430.0469
27429.9277
27430.0117
27429.9941
27429.6504
27429.4531
27429.1367
27428.9570
27429.4180
27429.2148
27429.6133
27429.4180
27429.4746
27429.3145
27429.2930
27429.6348
27429.0879
27428.8320
27428.5332
27428.5703
27428.4121
27428.4512
27428.4512
27428.0957
27428.0781
27428.2598
27428.0996
27428.3555
27428.0996
27428.7168
27428.5762
27428.8750
27428.7754
27428.7539
27428.8594
27428.8066
27428.9238
27428.9395
27428.6777
27428.7734
27428.7129
27429.0293
27429.1855
27429.1074
27429.1465
27429.2305
27429.2676
27429.5098
27429.3711
27429.2285
27429.3105
27429.3281
27429.0020
27428.3555
27427.6621
27427.9668
27427.6895
27427.8281
27427.2051
27427.1230
27426.7227
27426.3789
27426.2402
27426.0820
27426.3262
27426.5254
27426.6875
27426.7070
27426.7598
27426.4805
27426.5977
27426.3750
27426.1152
27426.1934
27426.1758
27426.0703
27425.8320
27425.4863
27425.3867
27425.4863
27425.6250
27425.8125
27425.7871
27425.7637
27425.9453
27426.1680
27426.3887
27426.6719
27426.3281
27426.2852
27425.9824
27426.0059
27425.6602
27425.2773
27425.1387
27425.3262
27425.4082
27426.1895
27426.5195
27426.6191
27426.3418
27425.6543
27425.2930
27424.6602
27424.5391
27424.2773
27424.3945
27424.3730
27424.6094
27424.5664
27424.6445
27424.7617
27424.6934
27424.6289
27424.7109
27425.3320
27425.6816
27425.5977
27425.5371
27425.1914
27425.1699
27424.7480
27424.7031
27424.8086
27425.1289
27425.0742
27425.0566
27425.1621
27425.2383
27425.2227
27425.4883
27425.3262
27425.1484
27424.7988
27424.7812
27424.7871
27424.7695
27425.0859
27424.8867
27424.7188
27424.8574
27424.0898
27424.1289
27423.8184
27424.0234
27423.7578
27423.5625
27423.5020
27423.2793
27423.3457
27422.6270
27422.2500
27422.2285
27421.8105
27421.7812
27421.7500
27421.6250
27421.7266
27421.6641
27421.2754
27421.5762
27421.7363
27422.1582
27422.2246
27421.9805
27421.7949
27421.5117
27421.6172
27421.4102
27421.0879
27420.7441
27420.6816
27420.6816
27420.2695
27420.2539
27420.2520
27420.2305
27419.9082
27419.7285
27419.8672
27419.5664
27419.7051
27419.3594
27419.3984
27419.4434
27419.2031
27419.6191
27419.5586
27419.4199
27418.9453
27418.8945
27418.4648
27418.5195
27418.3359
27418.0684
27418.3906
27418.4375
27418.4512
27418.4199
27418.3887
27418.5488
27418.4102
27418.6484
27418.6934
27418.4395
27418.2695
27417.8555
27417.7715
27417.3867
27417.1250
27416.9648
27416.7637
27416.6621
27416.7383
27416.5840
27416.5898
27416.5508
27416.6562
27416.0742
27416.1504
27415.6738
27415.9199
27415.2188
27414.9414
27414.8789
27414.8555
27414.4707
27414.5938
27415.0469
27414.9844
27414.7461
27414.7520
27414.5449
27414.2617
27414.2617
27414.2754
27413.9766
27413.8906
27414.0059
27413.6445
27413.5977
27413.7656
27413.6875
27414.0273
27414.2773
27414.0938
27414.0996
27414.2539
27414.2441
27414.2148
27414.3516
27413.9902
27413.9473
27414.0273
27414.2109
27414.2871
27414.0879
27414.4316
27414.5391
27414.2695
27414.4141
27414.3984
27414.0918
27413.8516
27413.4375
27413.2754
27413.4199
27413.6270
27413.8340
27413.3652
27412.9258
27412.7266
27413.1172
27414.0000
27413.3613
27412.9551
27413.2832
27413.5293
27413.3828
27412.9980
27412.8672
27412.3750
27412.3594
27412.0898
27412.1426
27411.6582
27411.6953
27411.6953
27412.0469
27411.8867
27411.6387
27411.4531
27410.9531
27410.8145
27410.8906
27411.2969
27410.9355
27411.1035
27410.7578
27410.8496
27410.5723
27410.8555
27410.6855
27411.0469
27410.8457
27410.9785
27411.0137
27410.7676
27410.7988
27410.6973
27410.5586
27410.3965
27410.7578
27410.3477
27410.4629
27410.5312
27410.6074
27411.1914
27411.3770
27411.2148
27411.1445
27411.5605
27411.5059
27411.3965
27411.4199
27411.4961
27411.6797
27411.7559
27412.0938
27412.1719
27412.7539
27412.9922
27413.0156
27413.1836
27412.9590
27413.1738
27413.1738
27413.1562
27413.3340
27413.5176
27413.4180
27413.5703
27413.3164
27412.9062
27412.8926
27412.7676
27412.6758
27412.3984
27412.1289
27412.1055
27412.0215
27412.1445
27412.1133
27412.2129
27411.8281
27411.9355
27411.7871
27411.9648
27411.4961
27411.8809
27411.7266
27411.3887
27411.5039
27411.1250
27411.5098
27411.3477
27411.2324
27411.1621
27411.2852
27411.2598
27411.2832
27411.1836
27410.9355
27410.8828
27410.5586
27410.7344
27410.5254
27410.4102
27410.2246
27410.1230
27410.1758
27410.1074
27409.9766
27409.8828
27410.0820
27410.2676
27410.3906
27410.1758
27410.2988
27410.4375
27410.4062
27410.3066
27410.3672
27410.4902
27410.7051
27410.6523
27410.6504
27410.6914
27410.6445
27410.9082
27410.6230
27410.6484
27410.5078
27410.6465
27410.2695
27410.3535
27410.1543
27409.8438
27409.8828
27409.5527
27409.6152
27409.7129
27409.9082
27409.7559
27409.8262
27409.9258
27409.9727
27409.9336
27409.9062
27409.8672
27409.6523
27409.6367
27409.7168
27409.7891
27409.9277
27409.7109
27409.7734
27409.8594
27409.8496
27410.1211
27410.1289
27410.3535
27410.2871
27410.2480
27410.0859
27409.9336
27409.9199
27409.9727
27410.3281
27410.0664
27410.2129
27410.3652
27410.7129
27410.5996
27410.7617
27410.6367
27410.2598
27410.3848
27410.5703
27410.4316
27410.2090
27410.4414
27410.5879
27410.6133
27410.5742
27410.8359
27410.8613
27410.8984
27410.7461
27410.8984
27411.2852
27411.2070
27411.3711
27411.5293
27411.2812
27411.6523
27411.4414
27411.6289
27411.5039
27411.2656
27411.4004
