  -20.7262
  -20.6958
  -20.6637
  -20.6266
  -20.5863
  -20.5408
  -20.4955
  -20.4452
  -20.3948
  -20.3428
  -20.2909
  -20.2339
  -20.1720
  -20.1101
  -20.0482
  -19.9797
  -19.9095
  -19.8410
  -19.7659
  -19.6924
  -19.6190
  -19.5388
  -19.4671
  -19.3870
  -19.3053
  -19.2202
  -19.1336
  -19.0485
  -18.9635
  -18.8735
  -18.7817
  -18.6916
  -18.6097
  -18.5311
  -18.4491
  -18.3672
  -18.2852
  -18.2067
  -18.1316
  -18.0614
  -17.9981
  -17.9365
  -17.8799
  -17.8149
  -17.7532
  -17.6916
  -17.6316
  -17.5668
  -17.4952
  -17.4121
  -17.3289
  -17.2375
  -17.1527
  -17.0613
  -16.9699
  -16.8669
  -16.7654
  -16.6675
  -16.5660
  -16.4597
  -16.3534
  -16.2521
  -16.1491
  -16.0495
  -15.9565
  -15.8684
  -15.7888
  -15.7024
  -15.6275
  -15.5544
  -15.4845
  -15.4113
  -15.3448
  -15.2816
  -15.2151
  -15.1502
  -15.0904
  -15.0272
  -14.9639
  -14.9005
  -14.8405
  -14.7753
  -14.7135
  -14.6448
  -14.5828
  -14.5189
  -14.4601
  -14.4028
  -14.3440
  -14.2901
  -14.2379
  -14.1825
  -14.1238
  -14.0654
  -14.0137
  -13.9654
  -13.9170
  -13.8721
  -13.8237
  -13.7804
  -13.7336
  -13.6801
  -13.6267
  -13.5731
  -13.5263
  -13.4745
  -13.4242
  -13.3724
  -13.3236
  -13.2767
  -13.2313
  -13.1844
  -13.1390
  -13.0903
  -13.0449
  -13.0028
  -12.9590
  -12.9120
  -12.8581
  -12.8029
  -12.7509
  -12.6956
  -12.6370
  -12.5750
  -12.5097
  -12.4379
  -12.3660
  -12.2876
  -12.2157
  -12.1356
  -12.0506
  -11.9640
  -11.8758
  -11.7826
  -11.6862
  -11.5898
  -11.4916
  -11.3899
  -11.2948
  -11.1965
  -11.0997
  -10.9980
  -10.8998
  -10.8049
  -10.7103
  -10.6141
  -10.5195
  -10.4235
  -10.3242
  -10.2282
  -10.1239
  -10.0228
   -9.9285
   -9.8374
   -9.7495
   -9.6567
   -9.5621
   -9.4708
   -9.3778
   -9.2948
   -9.2168
   -9.1422
   -9.0775
   -9.0161
   -8.9516
   -8.8919
   -8.8356
   -8.7760
   -8.7214
   -8.6653
   -8.6025
   -8.5414
   -8.4785
   -8.4123
   -8.3478
   -8.2800
   -8.2122
   -8.1492
   -8.0914
   -8.0401
   -7.9855
   -7.9325
   -7.8795
   -7.8264
   -7.7734
   -7.7236
   -7.6772
   -7.6257
   -7.5858
   -7.5443
   -7.5060
   -7.4695
   -7.4344
   -7.4042
   -7.3757
   -7.3519
   -7.3299
   -7.3045
   -7.2827
   -7.2593
   -7.2375
   -7.2226
   -7.2060
   -7.1911
   -7.1762
   -7.1612
   -7.1428
   -7.1245
   -7.0978
   -7.0745
   -7.0426
   -7.0175
   -6.9890
   -6.9588
   -6.9271
   -6.8920
   -6.8619
   -6.8317
   -6.8050
   -6.7782
   -6.7499
   -6.7249
   -6.6982
   -6.6667
   -6.6333
   -6.6066
   -6.5766
   -6.5515
   -6.5248
   -6.4981
   -6.4733
   -6.4516
   -6.4367
   -6.4185
   -6.4054
   -6.3906
   -6.3792
   -6.3610
   -6.3445
   -6.3182
   -6.2902
   -6.2673
   -6.2411
   -6.2182
   -6.1985
   -6.1806
   -6.1609
   -6.1429
   -6.1282
   -6.1036
   -6.0807
   -6.0544
   -6.0299
   -6.0022
   -5.9761
   -5.9519
   -5.9260
   -5.9017
   -5.8807
   -5.8661
   -5.8532
   -5.8453
   -5.8389
   -5.8291
   -5.8209
   -5.8111
   -5.7996
   -5.7915
   -5.7849
   -5.7915
   -5.7980
   -5.8130
   -5.8213
   -5.8329
   -5.8464
   -5.8565
   -5.8716
   -5.8815
   -5.8949
   -5.8982
   -5.9049
   -5.9082
   -5.9032
   -5.9035
   -5.9018
   -5.9020
   -5.9022
   -5.9008
   -5.8911
   -5.8863
   -5.8768
   -5.8635
   -5.8522
   -5.8390
   -5.8293
   -5.8212
   -5.8082
   -5.8001
   -5.7955
   -5.7909
   -5.7893
   -5.7893
   -5.7860
   -5.7858
   -5.7858
   -5.7859
   -5.7858
   -5.7858
   -5.7842
   -5.7842
   -5.7862
   -5.7898
   -5.7981
   -5.8065
   -5.8148
   -5.8232
   -5.8331
   -5.8465
   -5.8615
   -5.8750
   -5.8819
   -5.8872
   -5.8877
   -5.8848
   -5.8869
   -5.8892
   -5.8931
   -5.8986
   -5.9074
   -5.9148
   -5.9189
   -5.9215
   -5.9209
   -5.9219
   -5.9245
   -5.9218
   -5.9225
   -5.9200
   -5.9174
   -5.9133
   -5.9142
   -5.9117
   -5.9092
   -5.9099
   -5.9055
   -5.9028
   -5.8983
   -5.8940
   -5.8896
   -5.8918
   -5.8924
   -5.8961
   -5.9016
   -5.9087
   -5.9125
   -5.9195
   -5.9248
   -5.9350
   -5.9403
   -5.9455
   -5.9508
   -5.9594
   -5.9697
   -5.9834
   -5.9938
   -6.0042
   -6.0098
   -6.0204
   -6.0312
   -6.0452
   -6.0561
   -6.0683
   -6.0774
   -6.0817
   -6.0859
   -6.0902
   -6.0911
   -6.0905
   -6.0898
   -6.0892
   -6.0886
   -6.0897
   -6.0890
   -6.0884
   -6.0879
   -6.0857
   -6.0784
   -6.0663
   -6.0507
   -6.0368
   -6.0245
   -6.0088
   -5.9931
   -5.9739
   -5.9532
   -5.9341
   -5.9185
   -5.9028
   -5.8905
   -5.8782
   -5.8740
   -5.8666
   -5.8625
   -5.8600
   -5.8559
   -5.8501
   -5.8444
   -5.8419
   -5.8428
   -5.8468
   -5.8461
   -5.8403
   -5.8328
   -5.8303
   -5.8278
   -5.8268
   -5.8226
   -5.8134
   -5.7993
   -5.7835
   -5.7628
   -5.7371
   -5.7065
   -5.6726
   -5.6403
   -5.6113
   -5.5839
   -5.5597
   -5.5338
   -5.5093
   -5.4866
   -5.4654
   -5.4458
   -5.4296
   -5.4181
   -5.4068
   -5.4003
   -5.3921
   -5.3823
   -5.3707
   -5.3592
   -5.3492
   -5.3359
   -5.3244
   -5.3129
   -5.2980
   -5.2830
   -5.2714
   -5.2648
   -5.2582
   -5.2467
   -5.2318
   -5.2171
   -5.1990
   -5.1843
   -5.1728
   -5.1515
   -5.1252
   -5.0990
   -5.0662
   -5.0317
   -4.9907
   -4.9530
   -4.9153
   -4.8808
   -4.8481
   -4.8122
   -4.7762
   -4.7370
   -4.6929
   -4.6438
   -4.5963
   -4.5555
   -4.5132
   -4.4658
   -4.4169
   -4.3648
   -4.3110
   -4.2556
   -4.1985
   -4.1448
   -4.0944
   -4.0490
   -4.0101
   -3.9762
   -3.9440
   -3.9117
   -3.8794
   -3.8456
   -3.8117
   -3.7795
   -3.7440
   -3.7085
   -3.6713
   -3.6275
   -3.5739
   -3.5185
   -3.4566
   -3.3964
   -3.3378
   -3.2791
   -3.2188
   -3.1586
   -3.1016
   -3.0413
   -2.9793
   -2.9222
   -2.8653
   -2.8082
   -2.7528
   -2.6975
   -2.6453
   -2.5965
   -2.5493
   -2.5054
   -2.4615
   -2.4193
   -2.3836
   -2.3545
   -2.3256
   -2.2999
   -2.2775
   -2.2583
   -2.2408
   -2.2233
   -2.2058
   -2.1850
   -2.1641
   -2.1416
   -2.1175
   -2.0934
   -2.0694
   -2.0486
   -2.0261
   -1.9987
   -1.9679
   -1.9355
   -1.9065
   -1.8774
   -1.8516
   -1.8291
   -1.8065
   -1.7888
   -1.7712
   -1.7503
   -1.7261
   -1.6986
   -1.6696
   -1.6390
   -1.6116
   -1.5826
   -1.5535
   -1.5228
   -1.4971
   -1.4730
   -1.4555
   -1.4446
   -1.4354
   -1.4278
   -1.4169
   -1.4059
   -1.3901
   -1.3742
   -1.3567
   -1.3408
   -1.3233
   -1.3090
   -1.2916
   -1.2758
   -1.2599
   -1.2458
   -1.2316
   -1.2157
   -1.1983
   -1.1808
   -1.1665
   -1.1540
   -1.1464
   -1.1371
   -1.1311
   -1.1251
   -1.1190
   -1.1146
   -1.1069
   -1.1041
   -1.0932
   -1.0789
   -1.0712
   -1.0651
   -1.0574
   -1.0513
   -1.0502
   -1.0424
   -1.0347
   -1.0237
   -1.0160
   -1.0100
   -1.0007
   -0.9897
   -0.9771
   -0.9645
   -0.9585
   -0.9493
   -0.9433
   -0.9390
   -0.9379
   -0.9353
   -0.9293
   -0.9233
   -0.9123
   -0.9030
   -0.8887
   -0.8711
   -0.8502
   -0.8178
   -0.7739
   -0.7235
   -0.6763
   -0.6292
   -0.5754
   -0.5266
   -0.4762
   -0.4307
   -0.3820
   -0.3414
   -0.2993
   -0.2654
   -0.2249
   -0.1844
   -0.1438
   -0.1033
   -0.0594
   -0.0206
    0.0117
    0.0408
    0.0699
    0.0972
    0.1263
    0.1603
    0.1926
    0.2314
    0.2670
    0.3026
    0.3449
    0.3871
    0.4341
    0.4763
    0.5168
    0.5606
    0.6011
    0.6383
    0.6740
    0.7080
    0.7353
    0.7644
    0.7918
    0.8126
    0.8236
    0.8346
    0.8456
    0.8517
    0.8561
    0.8590
    0.8585
    0.8597
    0.8675
    0.8769
    0.8847
    0.8843
    0.8823
    0.8819
    0.8815
    0.8761
    0.8707
    0.8621
    0.8436
    0.8202
    0.7870
    0.7587
    0.7238
    0.6806
    0.6408
    0.5994
    0.5546
    0.5099
    0.4684
    0.4303
    0.3938
    0.3491
    0.3077
    0.2597
    0.2216
    0.1752
    0.1403
    0.1136
    0.0951
    0.0766
    0.0581
    0.0412
    0.0293
    0.0223
    0.0137
    0.0067
    0.0030
   -0.0056
   -0.0142
   -0.0196
   -0.0216
   -0.0221
   -0.0225
   -0.0230
   -0.0250
   -0.0271
   -0.0210
   -0.0148
   -0.0136
   -0.0157
   -0.0095
    0.0064
    0.0191
    0.0318
    0.0461
    0.0589
    0.0814
    0.1039
    0.1264
    0.1539
    0.1813
    0.2153
    0.2607
    0.3013
    0.3402
    0.3841
    0.4313
    0.4784
    0.5321
    0.5890
    0.6394
    0.6996
    0.7583
    0.8267
    0.8902
    0.9570
    1.0189
    1.0841
    1.1443
    1.2160
    1.2795
    1.3512
    1.4230
    1.4882
    1.5616
    1.6202
    1.6936
    1.7555
    1.8109
    1.8662
    1.9216
    1.9868
    2.0471
    2.1058
    2.1562
    2.2100
    2.2638
    2.3093
    2.3582
    2.4086
    2.4558
    2.4932
    2.5307
    2.5681
    2.6070
    2.6477
    2.6884
    2.7226
    2.7567
    2.7942
    2.8300
    2.8608
    2.8983
    2.9358
    2.9727
    3.0069
    3.0296
    3.0491
    3.0751
    3.1110
    3.1321
    3.1516
    3.1712
    3.1825
    3.2004
    3.2150
    3.2280
    3.2409
    3.2458
    3.2391
    3.2406
    3.2405
    3.2355
    3.2338
    3.2239
    3.2206
    3.2091
    3.1992
    3.1877
    3.1746
    3.1468
    3.1238
    3.0960
    3.0681
    3.0403
    3.0141
    2.9928
    2.9650
    2.9355
    2.9077
    2.8750
    2.8390
    2.7948
    2.7507
    2.7082
    2.6625
    2.6216
    2.5775
    2.5399
    2.5007
    2.4550
    2.4158
    2.3782
    2.3390
    2.2998
    2.2606
    2.2149
    2.1724
    2.1332
    2.0956
    2.0549
    2.0173
    1.9798
    1.9390
    1.8966
    1.8514
    1.8139
    1.7846
    1.7601
    1.7275
    1.6949
    1.6607
    1.6331
    1.6038
    1.5762
    1.5470
    1.5193
    1.4885
    1.4592
    1.4332
    1.4203
    1.3944
    1.3782
    1.3588
    1.3442
    1.3313
    1.3216
    1.3087
    1.3040
    1.2992
    1.2993
    1.3060
    1.3159
    1.3258
    1.3439
    1.3636
    1.3800
    1.3933
    1.4097
    1.4311
    1.4557
    1.4771
    1.5017
    1.5246
    1.5492
    1.5705
    1.5984
    1.6148
    1.6344
    1.6557
    1.6705
    1.6868
    1.6983
    1.7163
    1.7245
    1.7327
    1.7408
    1.7490
    1.7555
    1.7603
    1.7586
    1.7602
    1.7633
    1.7649
    1.7632
    1.7614
    1.7564
    1.7481
    1.7430
    1.7234
    1.7102
    1.6955
    1.6888
    1.6789
    1.6656
    1.6507
    1.6407
    1.6323
    1.6239
    1.6106
    1.6071
    1.5907
    1.5888
    1.5755
    1.5671
    1.5522
    1.5405
    1.5190
    1.5073
    1.4940
    1.4839
    1.4723
    1.4655
    1.4506
    1.4340
    1.4174
    1.3992
    1.3827
    1.3645
    1.3463
    1.3248
    1.3018
    1.2852
    1.2702
    1.2635
    1.2534
    1.2418
    1.2317
    1.2249
    1.2230
    1.2162
    1.2045
    1.2043
    1.2074
    1.2055
    1.2103
    1.2149
    1.2196
    1.2324
    1.2388
    1.2485
    1.2647
    1.2793
    1.2924
    1.3071
    1.3233
    1.3363
    1.3575
    1.3753
    1.3916
    1.4160
    1.4388
    1.4567
    1.4747
    1.4893
    1.5089
    1.5268
    1.5530
    1.5726
    1.5906
    1.6150
    1.6347
    1.6574
    1.6688
    1.6884
    1.7064
    1.7243
    1.7471
    1.7830
    1.8091
    1.8385
    1.8663
    1.8956
    1.9233
    1.9576
    1.9968
    2.0344
    2.0817
    2.1257
    2.1779
    2.2301
    2.2872
    2.3460
    2.4031
    2.4634
    2.5189
    2.5809
    2.6461
    2.7129
    2.7847
    2.8515
    2.9201
    2.9999
    3.0717
    3.1386
    3.2056
    3.2758
    3.3461
    3.4132
    3.4705
    3.5391
    3.6077
    3.6698
    3.7399
    3.8100
    3.8784
    3.9436
    4.0089
    4.0758
    4.1427
    4.2130
    4.2848
    4.3566
    4.4316
    4.5066
    4.5799
    4.6565
    4.7363
    4.8063
    4.8813
    4.9594
    5.0311
    5.1109
    5.1858
    5.2608
    5.3357
    5.4172
    5.4986
    5.5736
    5.6372
    5.7073
    5.7725
    5.8360
    5.9028
    5.9728
    6.0443
    6.1077
    6.1711
    6.2296
    6.2865
    6.3401
    6.3953
    6.4489
    6.5041
    6.5544
    6.6014
    6.6501
    6.6873
    6.7229
    6.7602
    6.7875
    6.8115
    6.8355
    6.8547
    6.8756
    6.9012
    6.9285
    6.9557
    6.9844
    7.0116
    7.0436
    7.0773
    7.1142
    7.1528
    7.1865
    7.2188
    7.2542
    7.2847
    7.3198
    7.3515
    7.3896
    7.4261
    7.4625
    7.4943
    7.5277
    7.5612
    7.5982
    7.6285
    7.6637
    7.7005
    7.7337
    7.7703
    7.8115
    7.8398
    7.8745
    7.9173
    7.9489
    7.9787
    8.0022
    8.0272
    8.0521
    8.0755
    8.0971
    8.1203
    8.1354
    8.1455
    8.1492
    8.1577
    8.1614
    8.1602
    8.1655
    8.1676
    8.1663
    8.1602
    8.1557
    8.1529
    8.1453
    8.1410
    8.1466
    8.1506
    8.1465
    8.1491
    8.1583
    8.1624
    8.1681
    8.1704
    8.1711
    8.1702
    8.1742
    8.1684
    8.1658
    8.1616
    8.1462
    8.1194
    8.0926
    8.0609
    8.0323
    7.9957
    7.9689
    7.9310
    7.8948
    7.8537
    7.8127
    7.7701
    7.7258
    7.6781
    7.6239
    7.5743
    7.5151
    7.4509
    7.3788
    7.3100
    7.2397
    7.1646
    7.0846
    7.0046
    6.9131
    6.8328
    6.7476
    6.6656
    6.5917
    6.5178
    6.4472
    6.3782
    6.3060
    6.2339
    6.1668
    6.0964
    6.0261
    5.9591
    5.8872
    5.8152
    5.7417
    5.6682
    5.5996
    5.5228
    5.4426
    5.3674
    5.2806
    5.2002
    5.1165
    5.0394
    4.9605
    4.8833
    4.8093
    4.7354
    4.6600
    4.5830
    4.5044
    4.4209
    4.3424
    4.2621
    4.1820
    4.1065
    4.0391
    3.9669
    3.9044
    3.8388
    3.7892
    3.7252
    3.6757
    3.6182
    3.5461
    3.4821
    3.4201
    3.3608
    3.3014
    3.2632
    3.1974
    3.1398
    3.0740
    3.0197
    2.9523
    2.8850
    2.8226
    2.7553
    2.6930
    2.6339
    2.5748
    2.5191
    2.4554
    2.3885
    2.3184
    2.2435
    2.1669
    2.0968
    2.0349
    1.9680
    1.9043
    1.8406
    1.7770
    1.7216
    1.6596
    1.6025
    1.5438
    1.4851
    1.4297
    1.3775
    1.3254
    1.2798
    1.2261
    1.1773
    1.1234
    1.0711
    1.0140
    0.9585
    0.9030
    0.8538
    0.7979
    0.7501
    0.6975
    0.6545
    0.6115
    0.5685
    0.5257
    0.4863
    0.4500
    0.4057
    0.3630
    0.3091
    0.2551
    0.1980
    0.1475
    0.1019
    0.0562
    0.0036
   -0.0420
   -0.0989
   -0.1639
   -0.2125
   -0.2563
   -0.2985
   -0.3455
   -0.3862
   -0.4317
   -0.4789
   -0.5180
   -0.5554
   -0.5960
   -0.6383
   -0.6740
   -0.7050
   -0.7393
   -0.7623
   -0.7852
   -0.8033
   -0.8278
   -0.8574
   -0.8884
   -0.9195
   -0.9491
   -0.9852
   -1.0213
   -1.0525
   -1.0854
   -1.1199
   -1.1478
   -1.1774
   -1.2085
   -1.2395
   -1.2721
   -1.3028
   -1.3367
   -1.3656
   -1.4058
   -1.4396
   -1.4753
   -1.5060
   -1.5431
   -1.5703
   -1.6007
   -1.6312
   -1.6713
   -1.7032
   -1.7223
   -1.7543
   -1.7848
   -1.8072
   -1.8250
   -1.8378
   -1.8459
   -1.8362
   -1.8268
   -1.8190
   -1.7935
   -1.7761
   -1.7571
   -1.7430
   -1.7095
   -1.6922
   -1.6620
   -1.6366
   -1.5999
   -1.5681
   -1.5328
   -1.4896
   -1.4511
   -1.4076
   -1.3723
   -1.3337
   -1.2919
   -1.2597
   -1.2163
   -1.1712
   -1.1373
   -1.0939
   -1.0649
   -1.0261
   -0.9858
   -0.9407
   -0.8922
   -0.8469
   -0.8000
   -0.7514
   -0.7093
   -0.6623
   -0.6235
   -0.5945
   -0.5654
   -0.5333
   -0.5093
   -0.4773
   -0.4486
   -0.4151
   -0.3848
   -0.3383
   -0.2997
   -0.2626
   -0.2304
   -0.1949
   -0.1563
   -0.1287
   -0.0866
   -0.0425
   -0.0050
    0.0213
    0.0604
    0.0929
    0.1222
    0.1484
    0.1745
    0.1958
    0.2107
    0.2196
    0.2366
    0.2455
    0.2540
    0.2734
    0.2878
    0.3005
    0.3162
    0.3324
    0.3492
    0.3617
    0.3878
    0.4111
    0.4398
    0.4658
    0.4981
    0.5337
    0.5675
    0.6011
    0.6344
    0.2837
   -0.0590
   -0.3890
   -0.7253
   -1.0504
   -1.3788
   -1.7008
   -2.0162
   -2.3284
   -2.6359
   -2.9354
   -3.2317
   -3.5248
   -3.8179
   -4.1013
   -4.3799
   -4.6601
   -4.9482
   -5.2364
   -5.5345
   -5.8357
   -6.1355
   -6.4386
   -6.7481
   -7.0607
   -7.3734
   -7.6826
   -7.9952
   -8.3175
   -8.6302
