28099.4434
28099.5332
28099.5215
28099.3945
28099.3457
28099.2109
28099.1973
28099.2617
28099.0859
28099.1855
28099.2715
28099.2715
28099.3730
28099.5469
28099.7344
28099.7227
28099.7871
28099.9492
28100.1113
28100.0879
28100.0762
28100.1523
28100.1387
28100.0371
28099.9629
28099.9492
28100.0254
28099.9375
28100.0371
28100.1504
28100.0605
28100.0469
28100.1484
28100.2363
28100.2227
28100.2344
28100.3223
28100.3457
28100.1582
28100.1836
28100.2070
28100.1172
28100.2070
28100.2188
28100.3301
28100.2539
28100.1758
28100.3770
28100.2656
28100.2520
28100.2285
28100.2910
28100.1914
28100.3027
28100.5137
28100.5508
28100.6855
28100.8359
28100.9707
28101.0840
28101.2070
28101.2188
28101.4082
28101.4941
28101.5703
28101.6328
28101.7852
28101.8711
28102.0332
28102.1211
28102.1074
28102.1855
28102.0840
28102.0469
28101.8340
28101.8086
28101.8477
28101.7480
28101.8477
28101.9453
28101.9707
28102.0195
28102.0547
28102.0801
28102.1172
28102.1523
28102.0645
28102.0020
28101.9023
28101.9023
28102.0137
28102.0996
28102.1875
28102.2754
28102.2754
28102.4375
28102.4375
28102.5254
28102.5996
28102.5996
28102.5371
28102.6230
28102.5352
28102.5605
28102.4727
28102.4844
28102.4961
28102.5840
28102.5840
28102.5957
28102.6953
28102.6191
28102.4434
28102.4570
28102.3555
28102.2793
28102.1914
28102.1914
28102.0176
28102.0156
28101.9297
28101.9160
28101.9160
28101.6523
28101.5645
28101.3750
28101.3887
28101.2246
28101.2246
28101.1621
28101.1738
28101.0098
28100.9102
28100.7363
28100.6367
28100.4590
28100.5469
28100.5469
28100.6465
28100.7461
28100.8340
28100.9199
28100.9453
28101.0449
28101.0703
28101.0684
28101.1699
28101.1699
28101.1699
28101.0801
28100.9941
28100.9688
28101.1445
28101.1309
28101.2188
28101.3926
28101.3926
28101.5684
28101.6426
28101.7422
28101.9160
28102.1797
28102.2656
28102.3535
28102.4414
28102.4297
28102.5039
28102.4668
28102.3535
28102.3027
28102.1641
28102.1387
28102.1133
28102.0020
28102.0762
28102.0762
28102.1895
28102.0996
28102.2012
28102.2383
28102.1738
28102.2617
28102.2754
28102.3613
28102.4355
28102.5098
28102.4980
28102.5098
28102.5098
28102.3477
28102.2852
28102.2207
28102.1582
28102.1836
28102.2207
28102.1582
28102.1953
28102.1953
28102.1953
28102.0820
28102.1562
28102.0449
28102.0059
28101.7930
28101.7539
28101.6543
28101.4551
28101.2676
28101.2793
28101.1172
28101.0430
28101.0547
28101.0547
28101.0293
28101.0293
28101.1035
28101.0156
28101.1016
28101.1016
28100.9277
28100.8379
28100.9141
28100.9141
28100.9023
28100.9004
28100.9922
28101.0000
28101.0879
28101.0996
28101.1855
28101.2852
28101.3750
28101.4727
28101.6348
28101.6211
28101.6211
28101.5215
28101.5957
28101.6699
28101.5820
28101.6562
28101.6309
28101.7188
28101.6309
28101.6309
28101.6426
28101.5801
28101.5918
28101.3691
28101.3066
28101.2305
28101.1445
28100.9961
28100.9941
28100.9824
28100.8926
28100.8926
28100.8926
28100.8047
28100.8047
28100.8047
28100.7793
28100.6914
28100.5918
28100.5039
28100.4922
28100.4922
28100.4922
28100.6523
28100.5645
28100.7383
28100.8125
28100.9004
28100.9883
28101.0879
28101.1621
28101.3359
28101.4238
28101.5098
28101.5098
28101.5352
28101.6211
28101.6211
28101.7207
28101.7324
28101.8086
28101.9082
28101.9082
28101.7441
28101.7305
28101.6445
28101.5449
28101.5449
28101.3691
28101.2812
28101.2559
28101.1680
28101.0820
28101.0801
28101.1543
28101.0684
28101.1660
28101.2539
28101.2539
28101.3535
28101.2773
28101.4531
28101.3789
28101.4785
28101.4785
28101.5645
28101.5645
28101.7500
28101.7500
28101.8516
28102.0254
28102.0254
28102.1855
28102.0977
28101.9980
28101.9727
28101.9590
28101.8594
28101.8457
28101.8203
28101.7070
28101.7812
28101.7676
28101.6543
28101.7539
28101.7793
28101.8184
28101.9551
28102.1816
28102.2812
28102.3691
28102.3418
28102.3027
28102.1914
28102.3379
28102.3496
28102.3770
28102.4023
28102.4277
28102.3789
28102.3535
28102.4141
28102.3477
28102.2969
28102.2578
28102.1934
28102.0801
28102.0664
28102.0527
28102.0781
28102.0781
28102.0781
28102.0781
28102.0781
28102.0781
28102.0762
28101.9902
28102.0020
28102.0020
28102.0137
28101.9512
28101.9648
28101.9648
28101.9629
28101.9512
28102.0508
28102.0508
28102.0371
28102.0254
28102.0234
28102.0234
28101.9473
28101.9609
28101.9863
28101.9121
28101.8984
28101.9121
28101.9238
28101.9492
28101.9883
28102.0527
28102.0801
28102.0664
28102.0273
28102.0000
28101.9746
28102.0605
28102.1738
28102.2129
28102.4648
28102.5156
28102.5801
28102.8066
28102.9336
28102.9453
28102.9453
28103.0312
28103.0586
28103.0703
28103.0312
28102.9395
28102.8477
28102.6445
28102.4512
28102.3125
28102.2109
28102.1504
28102.1035
28102.0273
28102.0527
28102.0918
28102.1445
28102.1953
28102.1738
28102.2012
28102.2012
28102.1875
28102.2480
28102.4082
28102.5820
28102.6543
28102.7559
28102.8418
28102.7676
28102.6797
28102.5938
28102.5918
28102.5801
28102.4805
28102.4785
28102.6660
28102.6523
28102.7520
28102.8516
28102.9648
28102.9785
28103.1172
28103.1426
28103.1680
28103.1934
28103.3945
28103.4082
28103.4336
28103.3594
28103.4473
28103.4473
28103.4336
28103.4199
28103.4922
28103.3789
28103.2656
28103.1523
28103.1250
28103.0391
28102.9512
28102.8789
28102.6172
28102.5176
28102.4160
28102.4023
28102.3770
28102.3770
28102.3770
28102.2754
28102.1875
28102.0156
28102.0137
28101.9668
28101.8926
28101.9180
28101.9316
28101.7578
28101.7441
28101.9043
28101.8906
28101.9648
28102.0645
28102.2383
28102.2363
28102.3242
28102.3848
28102.3574
28102.3438
28102.3301
28102.4180
28102.5293
28102.5566
28102.6562
28102.7559
28102.7539
28102.7285
28102.8027
28102.7012
28102.6875
28102.6875
28102.6875
28102.7754
28102.7871
28102.8867
28103.0859
28103.2734
28103.3867
28103.6582
28103.8457
28104.0176
28104.1914
28104.2656
28104.0762
28103.8047
28103.6289
28103.5703
28103.4238
28103.3633
28103.2148
28103.1562
28103.0957
28102.9961
28102.9062
28102.8809
28102.8672
28102.8535
28102.7402
28102.6270
28102.6133
28102.6133
28102.6855
28102.6992
28102.7988
28102.8984
28102.9121
28102.9395
28102.9648
28103.0059
28102.9922
28102.9434
28102.9570
28102.9688
28102.9961
28103.0625
28103.1035
28103.2305
28103.2578
28103.2441
28103.2891
28103.4492
28103.4941
28103.4805
28103.5410
28103.5273
28103.5879
28103.6465
28103.6328
28103.6191
28103.7051
28103.7051
28103.7637
28103.8242
28103.7988
28103.8438
28103.8301
28103.7441
28103.6543
28103.6406
28103.5684
28103.5684
28103.4824
28103.4941
28103.5078
28103.6211
28103.6348
28103.5469
28103.6465
28103.6875
28103.6133
28103.6406
28103.7402
28103.6797
28103.6211
28103.6484
28103.6602
28103.5273
28103.5684
28103.6953
28103.7227
28103.7617
28103.8027
28103.9883
28104.1602
28104.2480
28104.3340
28104.4062
28104.4199
28104.3477
28104.3613
28104.3008
28104.3418
28104.3945
28104.3750
28104.3301
28104.3828
28104.3965
28104.3516
28104.3770
28104.4043
28104.4180
28104.4590
28104.5723
28104.6133
28104.6660
28104.6934
28104.7207
28104.8477
28104.9004
28104.9277
28105.0703
28105.0645
28105.0312
28105.0000
28104.8555
28104.7949
28104.7227
28104.6230
28104.4766
28104.3164
28104.1582
28103.9258
28103.9395
28103.9531
28103.9531
28103.8945
28103.9805
28103.9805
28103.9805
28103.9668
28103.9531
28103.9258
28103.8262
28103.8125
28103.8125
28103.7266
28103.7402
28103.7402
28103.7402
28103.6543
28103.5664
28103.5801
28103.5801
28103.5215
28103.5215
28103.6816
28103.5684
28103.5273
28103.4590
28103.4922
28103.5371
28103.6816
28103.7539
28103.9551
28103.9688
28104.0957
28104.1230
28104.1504
28104.1367
28104.3086
28104.3223
28104.3223
28104.2500
28104.1777
28104.0469
28103.9004
28103.6562
28103.6699
28103.6836
28103.7832
28103.8691
28104.0547
28104.0410
28104.2148
28104.2285
28104.2148
28104.1875
28104.1875
28104.0879
28103.9883
28103.9160
28103.9023
28103.8887
28103.7168
28103.7031
28103.7031
28103.7031
28103.7031
28103.7891
28103.8887
28103.9160
28103.9570
28103.9121
28103.9121
28103.8262
28103.8398
28103.7266
28103.7129
28103.6992
28103.6992
28103.6113
28103.5410
28103.5547
28103.5547
28103.5410
28103.4551
28103.3555
28103.3555
28103.2695
28103.2969
28103.1230
28103.0527
28102.9941
28103.0078
28103.2070
28103.3066
28103.4219
28103.5078
28103.6074
28103.6934
28103.8066
28103.8203
28104.0078
28104.2227
28104.2773
28104.5508
28104.8359
28104.9512
28105.0508
28105.0645
28105.1055
28105.2207
28105.3477
28105.3887
28105.5156
28105.4863
28105.5000
28105.6133
28105.6562
28105.7441
28105.8301
28105.7441
28105.6152
28105.6738
28105.5605
28105.5312
28105.6055
28105.5312
28105.4883
28105.5293
28105.4004
28105.3574
28105.3711
28105.4434
28105.4570
28105.4434
28105.4570
28105.6289
28105.6699
28105.7559
28105.9434
28105.9570
28105.8125
28105.9004
28105.9277
28106.0000
28106.0137
28106.1289
28106.0430
28106.1426
28106.1562
28106.1719
28106.1855
28106.2578
28106.2285
28106.3008
28106.3008
28106.3008
28106.3164
28106.4453
28106.2578
28106.3301
28106.4043
28106.5762
28106.6621
28106.7051
28106.8223
28107.0234
28106.8691
28106.7988
28107.0156
28107.1582
28107.2598
28107.8047
28108.0312
28108.2598
28108.3887
28108.5020
28108.5605
28108.4043
28108.3340
28108.4355
28108.3086
28108.2363
28108.1660
28108.1934
28108.2500
28108.3770
28108.3906
28108.6055
28108.7910
28108.7773
28108.8633
28109.0059
28109.1523
28109.3945
28109.6523
28109.9238
28109.9531
28110.0957
28110.1797
28110.3926
28110.6055
28110.6602
28110.9336
28111.0898
28111.1914
28111.2051
28111.3613
28111.4160
28111.6426
28111.8145
28111.8984
28112.0703
28112.0996
28111.9434
28112.0879
28112.1465
28112.1465
28112.2598
28112.2461
28112.2012
28112.2578
28112.2148
28112.1582
28112.1484
28112.2188
28112.2773
28112.4336
28112.5352
28112.5645
28112.5645
28112.4766
28112.7051
28112.8770
28112.9199
28113.0332
28113.1621
28113.2188
28113.3047
28113.3633
28113.4199
28113.5625
28113.8359
28114.0664
28114.4102
28114.6387
28114.8398
28115.1133
28115.1406
28115.2266
28115.2422
28115.1719
28115.1582
28115.1035
28115.0312
28114.9609
28114.9336
28114.8184
28114.6758
28114.6191
28114.6914
28114.5625
28114.6055
28114.4922
28114.6484
28114.6074
28114.7637
28114.8340
28114.9336
28115.0918
28115.0195
28115.1348
28115.2207
28115.3633
28115.4355
28115.5352
28115.4629
28115.5195
28115.5488
28115.6621
28115.7324
28116.0039
28116.1465
28116.3320
28116.4746
28116.5742
28116.8750
28116.9727
28117.2734
28117.4316
28117.8164
28117.9727
28118.1582
28118.2715
28118.4727
28118.4863
28118.5566
28118.6426
28118.7715
28118.6992
28118.8965
28118.9102
28118.9395
28119.0957
28119.2949
28119.2949
28119.3789
28119.5352
28119.8926
28120.0078
28120.2910
28120.5625
28120.6484
28120.6602
28120.8457
28121.0312
28120.9453
28121.1875
28121.2441
28121.3164
28121.4434
28121.6875
28121.9297
28122.0703
28122.2852
28122.6133
28122.8574
28123.1836
28123.4844
28123.6836
28123.9824
28124.3262
28124.4805
28124.5801
28124.8066
28124.8047
28124.9316
28125.1426
28125.2988
28125.6133
28125.7559
28125.8691
28125.9844
28126.1133
28126.2402
28126.3535
28126.4805
28126.5645
28126.5488
28126.6191
28126.6191
28126.5918
28126.7480
28126.8340
28127.0918
28127.2500
28127.3809
28127.5664
28127.6523
28127.7246
28127.8945
28127.9941
28127.9219
28127.9648
28128.0352
28127.7773
28127.6289
28127.2812
28127.0645
28126.8867
28126.7852
28126.8691
28127.0547
28127.2969
28127.5234
28127.7070
28127.8359
28127.9922
28128.0781
28128.2930
28128.6055
28128.7500
28129.0918
28129.3496
28129.5215
28129.8633
28130.2070
28130.3496
28130.5488
28130.7773
28130.9180
28130.9727
28131.1113
28131.2520
28131.2188
28131.2637
28131.2285
28131.1934
28130.9824
28131.0254
28131.0684
28131.2871
28131.4082
28131.7930
28131.9160
28131.9551
28131.9961
28132.1191
28131.9766
28132.0137
28132.1250
28132.0645
28132.0977
28132.0430
28132.1543
28132.3555
28132.4551
28132.6543
28132.8457
28133.0371
28133.2227
28133.4980
28133.6895
28133.8770
28134.0625
28134.2422
28134.3398
28134.4297
28134.3535
28134.5391
28134.4629
28134.5547
28134.7305
28134.9824
28134.9023
28134.9844
28135.0723
28135.2363
28135.4043
28135.6543
28135.9082
28136.0723
28136.2305
28136.2227
28136.2090
28136.1992
28136.0996
28136.0859
28135.9824
28135.7949
28135.6074
28135.7051
28135.6758
28135.8594
28136.0312
28136.0859
28136.2402
28136.3262
28136.3965
28136.3809
28136.5098
28136.4824
28136.3262
28136.0547
28135.7988
28135.7422
28135.5703
28135.4141
28135.3027
28135.2441
28135.0586
28134.9434
28134.9980
28134.9980
28134.8691
28134.8535
28134.8242
28134.7383
28134.6504
28134.5508
28134.3516
28134.2949
28134.2520
28134.1660
28134.0391
28133.9258
28133.9258
28133.8965
28134.1816
28134.4668
28134.7617
28134.8730
28135.0391
28135.0781
28134.9434
28134.7285
28134.5430
28134.5020
28134.3730
28134.3027
28134.3320
28134.3867
28134.1426
28134.0117
28133.8516
28133.7930
28133.6465
28133.4863
28133.2715
28133.1719
28132.7852
28132.4688
28132.1250
28131.9492
28131.6465
28131.3711
28131.2676
28131.1055
28131.0449
28130.9707
28131.1113
28131.0820
28131.0215
28130.9766
28130.9453
28130.7715
28130.4258
28130.2949
28130.1504
28130.1035
28129.9473
28129.8906
28129.7207
28129.5332
28129.4336
28129.3184
28129.2168
28129.2012
28129.2305
28129.2441
28129.2578
28129.2871
28129.2012
28129.1152
28129.0586
28128.8164
28128.7461
28128.7754
28128.8184
28128.8477
28128.8477
28128.9609
28129.1758
28129.3203
28129.3086
28129.5117
28129.4707
28129.3867
28129.3262
28129.1934
28128.9492
28128.9043
28128.6172
28128.4316
28128.1445
28127.9160
28127.5996
28127.3145
28127.1133
28126.8438
28126.5723
28126.2871
28126.0449
28125.8457
28125.5293
28125.3145
28125.1270
28124.9121
28124.8125
28124.7090
28124.7246
28124.8086
28124.8242
28124.7363
28124.7656
28124.8516
28124.7500
28124.8750
28124.8438
28124.8828
28124.6523
28124.4219
28124.2051
28124.1055
28124.0332
28123.9473
28123.9922
28123.8828
28123.5723
28123.2754
28122.8652
28122.5957
28122.4082
28122.3223
28122.2773
28122.2461
28122.2168
28122.0605
28121.7207
28121.3105
28121.0840
28120.7578
28120.5176
28120.3320
28120.2168
28120.0859
28119.8867
28119.9551
28119.6543
28119.3691
28118.9297
28118.5430
28118.3418
28118.0020
28117.8301
28117.6309
28117.4590
28117.3359
28117.1816
28117.2246
28117.1836
28117.3984
28117.2734
28117.3184
28117.3477
28117.4336
28117.4941
28117.5234
28117.5371
28117.5527
28117.6211
28117.5352
28117.4180
28117.2188
28117.1348
28116.8926
28116.7539
28116.5430
28116.4492
28116.2246
28116.2852
28116.1758
28116.2051
28116.1211
28116.1191
28116.0176
28115.9727
28115.9414
28115.9102
28115.8945
28115.9199
28115.7871
28115.6484
28115.4785
28114.7852
28113.9805
28113.0254
28112.1055
28111.3887
28110.8926
28110.6543
28110.4980
28110.3828
28110.1543
28109.9375
28109.7070
28109.5156
28109.1543
28108.8926
28108.6777
28108.3633
28108.1152
28107.7324
28107.3457
28107.0293
28106.8457
28106.5742
28106.3066
28106.0508
28105.8105
28105.7266
28105.6406
28105.5410
28105.5957
28105.6641
28105.5801
28105.5938
28105.6777
28105.7090
28105.6777
28105.6621
28105.6465
28105.5469
28105.4316
28105.4004
28105.4395
28105.7617
28106.1543
28106.5625
28107.1250
28107.5176
28107.5703
28107.5957
28107.3477
28107.1328
28106.5625
28105.9082
28105.1699
28104.4609
28103.8516
28103.2578
28102.7812
28102.4863
28102.4629
28102.2852
28102.6152
28102.9316
28103.4551
28103.9238
28104.3613
28104.6309
28104.5918
28104.4375
28104.1133
28103.6895
28103.3516
28102.9121
28102.5566
28102.4727
28102.3047
28102.1484
28102.2344
28102.1328
28102.1484
28102.0488
28101.8633
28101.8633
28101.7637
28101.8477
28102.0156
28102.1152
28102.2012
28102.2168
28102.2168
28102.2461
28102.1758
28102.1914
28102.1074
28102.0918
28101.9902
28101.8535
28101.8379
28101.7910
28101.6582
28101.6113
28101.6523
28101.5352
28101.5352
28101.5898
28101.6270
28101.5801
28101.7324
28101.7012
28101.6328
28101.6328
28101.5625
28101.5332
28101.4160
28101.3711
28101.3398
28101.3379
28101.2676
28101.1992
28101.2148
28101.2441
28101.1914
28101.0234
28101.0215
28100.9199
28100.7051
28100.5215
28100.2832
28100.0742
28099.9062
28099.6504
28099.5352
28099.5508
28099.4141
28099.3906
28099.3672
28099.4141
28099.5137
28099.4980
28099.4668
28099.4355
28099.4883
28099.5723
28099.6562
28099.7031
28099.7344
