27400.8516
27400.5723
27400.6152
27400.9844
27401.0703
27401.1738
27401.2852
27401.4707
27401.6562
27401.8574
27401.6562
27401.6719
27401.5020
27401.5293
27401.5449
27401.5449
27401.4746
27401.4316
27401.6309
27401.3477
27401.3047
27401.0918
27401.0488
27400.9805
27400.8809
27400.7539
27400.7695
27400.5566
27400.6836
27400.8379
27401.1367
27401.3789
27401.7773
27401.9473
27402.2754
27401.9766
27401.8223
27401.2969
27401.0840
27401.1406
27401.3691
27401.6406
27401.8965
27401.8672
27402.1387
27402.2969
27402.5234
27402.4668
27402.3672
27402.2402
27402.1836
27402.2109
27402.1543
27402.1406
27401.9102
27401.9961
27402.1387
27402.1250
27402.3398
27402.2246
27402.1250
27402.1816
27402.0684
27402.0391
27402.0117
27401.9961
27402.2129
27402.0117
27402.2266
27402.4551
27402.3691
27402.4980
27402.6543
27402.7266
27402.8398
27402.5977
27402.6562
27402.3398
27401.8711
27401.9434
27401.7715
27402.0430
27402.4863
27402.7715
27403.4277
27403.4707
27403.8711
27403.7715
27403.9277
27403.7285
27403.6289
27403.7441
27403.9004
27404.0430
27404.2578
27404.3867
27404.4160
27404.4297
27404.5000
27404.5996
27404.5723
27404.5996
27404.6152
27404.5996
27404.6289
27404.6855
27404.6289
27404.7148
27404.8008
27404.3711
27404.3574
27404.3984
27404.4707
27404.5859
27404.5273
27404.4141
27404.3711
27404.2715
27404.2559
27404.0430
27404.0273
27404.0117
27404.2285
27404.2402
27404.0840
27404.1406
27404.1973
27404.2129
27403.9395
27403.9648
27403.8535
27403.6406
27403.6406
27403.7676
27403.6543
27403.5684
27403.4688
27403.6113
27403.6543
27403.4395
27403.5977
27403.6973
27403.7129
27403.5684
27403.8691
27403.6680
27403.9844
27403.8965
27403.8105
27403.6816
27403.5957
27403.6953
27403.6797
27403.6797
27403.4082
27403.7500
27403.5801
27403.4199
27403.4648
27403.4355
27403.2500
27403.2930
27402.8926
27403.0352
27402.7773
27402.8789
27402.6348
27402.4922
27402.6641
27402.6914
27402.4629
27402.4902
27402.4473
27402.2461
27402.5039
27402.4609
27402.3027
27402.2305
27402.2148
27402.1875
27402.1582
27402.1582
27402.0586
27402.0000
27402.1152
27402.0566
27402.1543
27401.9102
27401.8945
27401.8105
27402.0957
27402.1230
27402.2539
27402.5391
27402.8848
27403.1738
27403.3027
27403.3047
27403.5332
27403.7363
27403.8086
27403.8652
27403.6113
27403.3516
27403.3086
27403.1660
27403.0508
27402.8340
27402.7949
27402.6953
27402.6641
27402.5078
27402.4512
27402.1641
27402.2949
27402.3223
27402.1211
27402.0215
27401.7520
27401.7090
27401.5215
27401.4082
27401.2344
27401.3477
27401.1777
27400.8770
27400.9062
27400.8633
27400.5098
27400.7090
27400.5410
27400.6973
27400.7969
27400.7832
27401.0410
27400.6270
27400.5840
27400.6406
27400.1523
27400.2402
27400.0957
27400.1230
27400.0098
27399.9668
27399.7656
27399.5098
27399.5234
27399.5391
27399.3398
27399.5703
27399.8730
27399.1230
27399.4570
27399.4863
27399.4570
27399.4043
27399.6309
27399.3730
27399.6172
27399.6602
27399.5898
27399.4902
27399.3164
27399.4219
27399.1309
27399.0742
27399.2598
27399.0859
27399.1738
27399.1055
27399.0742
27399.2344
27399.0137
27399.0742
27399.0176
27399.2168
27399.1309
27399.1484
27399.1172
27399.0176
27399.0000
27398.8867
27398.8438
27399.0312
27399.0625
27399.2617
27399.0000
27399.1426
27399.5000
27399.5859
27399.7305
27399.7168
27399.7559
27399.8867
27399.9570
27399.6699
27399.6270
27399.2949
27399.1953
27399.2520
27399.0508
27398.9258
27399.1270
27399.5000
27399.3125
27399.5391
27399.4785
27399.4414
27399.3672
27399.3105
27399.1094
27399.2988
27399.2402
27399.1836
27399.4336
27399.3770
27399.4082
27399.4258
27399.6426
27399.9238
27399.9492
27400.0059
27400.0352
27400.1934
27400.0195
27399.7441
27399.9121
27399.6699
27399.5508
27399.4570
27398.8652
27398.5977
27398.4355
27398.4355
27398.4590
27398.4473
27398.6602
27398.7285
27398.6855
27398.5215
27398.4785
27398.4785
27398.2480
27398.2344
27398.0039
27398.1289
27397.8965
27397.8223
27397.7773
27397.5469
27397.6582
27397.4707
27397.4707
27397.2949
27397.0762
27397.0645
27397.0000
27396.6250
27396.6387
27396.5371
27396.7559
27397.1621
27397.1934
27397.2559
27397.4551
27397.3418
27397.5547
27397.4727
27397.3984
27397.4531
27397.6406
27397.7539
27397.9395
27398.3711
27398.4844
27398.7969
27398.8965
27398.8633
27398.8320
27398.8750
27398.9062
27399.1055
27399.0488
27399.1816
27399.2246
27399.3242
27399.4805
27399.7676
27399.9434
27400.0859
27400.3301
27400.3867
27400.4414
27400.6465
27400.7402
27400.8965
27401.1094
27401.0098
27401.0840
27401.0391
27400.9277
27400.7520
27400.5645
27400.6074
27400.8066
27400.9062
27401.0957
27401.1816
27401.3379
27401.6934
27401.8613
27402.0059
27402.0176
27402.0527
27402.2402
27402.2305
27402.3633
27402.4316
27402.3789
27401.9453
27401.4395
27400.9395
27400.8066
27400.9121
27400.8613
27400.9609
27401.0176
27401.1289
27401.3926
27401.2285
27401.1406
27401.2383
27401.4844
27401.4512
27401.5176
27401.6309
27401.6855
27401.8184
27401.9727
27401.8418
27401.8984
27401.9082
27401.9531
27402.0957
27402.0625
27402.3398
27402.3066
27402.3945
27402.2500
27402.4062
27402.4941
27402.5938
27402.5371
27402.5371
27402.5254
27402.5566
27402.5996
27402.5879
27402.5430
27402.7305
27402.7422
27402.8750
27402.9434
27403.0410
27403.0859
27403.1289
27403.0410
27402.9727
27402.9609
27402.8164
27402.8281
27402.7832
27402.8379
27402.8828
27403.1387
27403.2246
27403.3145
27403.2578
27403.2129
27403.2578
27403.2695
27403.3125
27403.2559
27403.2129
27403.3438
27403.3223
27403.4316
27403.4766
27403.4863
27403.4746
27403.4746
27403.5078
27403.6191
27403.6738
27403.6855
27403.5977
27403.5195
27403.3203
27403.2637
27403.2520
27403.1953
27403.1406
27403.0840
27403.0273
27402.9824
27403.2148
27403.3047
27403.3477
27403.3691
27403.4121
27403.3008
27403.3008
27403.3125
27403.4434
27403.2441
27403.4004
27403.4883
27403.5332
27403.5312
27403.3750
27403.3867
27403.5312
27403.5312
27403.5859
27403.5859
27403.5410
27403.6094
27403.6074
27403.7188
27403.4512
27403.4961
27403.3730
27403.3164
27403.2500
27403.0938
27403.1953
27403.2051
27403.5156
27403.4609
27403.6602
27403.7695
27403.8496
27404.0938
27404.6934
27404.3379
27404.9609
27405.0039
27405.5039
27405.5039
27405.6816
27405.8926
27405.9258
27405.7129
27406.0352
27405.9785
27405.8125
27405.8574
27405.7461
27405.6992
27405.6660
27405.6211
27405.8887
27406.0762
27406.0098
27406.1094
27406.1641
27406.0527
27406.1406
27406.1191
27406.0527
27405.9961
27405.9961
27405.9844
27406.0840
27406.3516
27406.3848
27406.5938
27406.6387
27406.5273
27406.4727
27406.5938
27406.6934
27406.8379
27407.0273
27407.1270
27407.1699
27407.1270
27407.0039
27406.8574
27406.7578
27406.7246
27406.6699
27406.7129
27406.7031
27406.8574
27406.9023
27406.8555
27406.8457
27406.6895
27406.7344
27406.5898
27406.5449
27406.6445
27406.6445
27406.6895
27406.7676
27406.8555
27406.9219
27407.0215
27407.0879
27407.1543
27407.1641
27407.2305
27407.2852
27407.4941
27407.7617
27408.1816
27408.6699
27409.0234
27408.9023
27408.4590
27408.2832
27408.0273
27408.1367
27408.1934
27408.4023
27408.6777
27408.6230
27408.7441
27408.8340
27408.7793
27408.7773
27408.7656
27408.6016
27408.5449
27408.5449
27408.5000
27408.6543
27408.6445
27408.7988
27408.7988
27408.8750
27408.9746
27409.1406
27409.2949
27409.2949
27409.3926
27409.4375
27409.5371
27409.5371
27409.5938
27409.6484
27409.5488
27409.5801
27409.3594
27409.1602
27409.2031
27409.1484
27409.1836
27409.0273
27409.4023
27409.4688
27409.4238
27409.6445
27409.5996
27409.7090
27409.9844
27409.9941
27410.1484
27410.2598
27410.2676
27410.4141
27410.4238
27410.3574
27410.3457
27410.4570
27410.6016
27410.5449
27410.6895
27410.2031
27409.6621
27409.2402
27408.5996
27408.5801
27408.6895
27408.6992
27408.8984
27409.1191
27409.2188
27409.4277
27409.5625
27409.7422
27409.6426
27409.8770
27409.9414
27409.9414
27409.8418
27409.9414
27410.2617
27410.2617
27410.1504
27410.3047
27410.5293
27410.7734
27411.1875
27411.8574
27412.4473
27412.7715
27412.9629
27412.7773
27412.7207
27412.6309
27412.4902
27412.7109
27412.6309
27412.6504
27412.4609
27412.3262
27412.0898
27412.1016
27412.0391
27411.9492
27411.8438
27411.6738
27411.5938
27411.4473
27411.4785
27411.3223
27411.4961
27411.6270
27411.8105
27412.0312
27412.0938
27412.0938
27412.0391
27412.1484
27412.2480
27412.4473
27412.4375
27412.4824
27412.4414
27412.4570
27412.4199
27412.4648
27412.6367
27412.9102
27412.9648
27413.1660
27413.1641
27413.3633
27413.1797
27413.2344
27413.2246
27413.0781
27413.2324
27413.2520
27413.0410
27413.4160
27413.5254
27413.5703
27413.5605
27413.5039
27413.5488
27413.4941
27413.4492
27413.5488
27413.1738
27413.3379
27413.2383
27413.4824
27413.4980
27413.7266
27413.9199
27413.7754
27413.6738
27413.5449
27413.7637
27413.8438
27413.9531
27414.0078
27414.0723
27414.0801
27414.2363
27414.2637
27414.2812
27414.1543
27414.4453
27414.5527
27414.3867
27414.4785
27414.5234
27414.2480
27414.3574
27414.3027
27414.1758
27414.0840
27414.2852
27414.1484
27414.2832
27413.8828
27414.0371
27414.1562
27414.1641
27414.3906
27414.6367
27414.8633
27415.1621
27415.1426
27415.3789
27415.2070
27415.5312
27415.8496
27415.7246
27415.9316
27416.1426
27416.1504
27416.2051
27416.1855
27416.4297
27416.1113
27416.3750
27416.1738
27416.3828
27416.1094
27416.2363
27416.3262
27416.2363
27416.8809
27416.5625
27416.6719
27416.7246
27416.5156
27416.4336
27416.5801
27416.5234
27416.4512
27416.3320
27416.4590
27416.7031
27416.9395
27417.0938
27417.2832
27417.4023
27417.7207
27417.9023
27417.8555
27417.8926
27418.1367
27418.2461
27418.5449
27418.6914
27418.6445
27418.8809
27418.7090
27418.5078
27418.7246
27419.1621
27419.4238
27419.2871
27419.6602
27419.7695
27419.7051
27419.8496
27420.1484
27420.1035
27420.2578
27420.2480
27420.2383
27420.0918
27420.2754
27420.0117
27419.6660
27419.8555
27419.9375
27420.0273
27419.9727
27419.8457
27419.5645
27419.5645
27419.5996
27419.5371
27419.5977
27419.7070
27419.6895
27419.5078
27419.4883
27419.4609
27419.2988
27419.2793
27419.0508
27419.2520
27419.2422
27419.1777
27419.0781
27419.2070
27419.2070
27419.1230
27419.0957
27418.8418
27418.8418
27418.6133
27418.6504
27418.4844
27418.1387
27417.9375
27418.0742
27417.8379
27418.0195
27417.7637
27417.5898
27417.4902
27417.4453
27417.2559
27417.2559
27417.3574
27417.6836
27417.7891
27417.8496
27417.7422
27417.8242
27418.1309
27417.9688
27417.9141
27417.8770
27417.7148
27417.7148
27417.6855
27417.6152
27417.7129
27417.5801
27417.5332
27416.9160
27416.7695
27416.8164
27416.5820
27416.5742
27416.4102
27416.6367
27416.5352
27416.5898
27416.2637
27416.2812
27416.8145
27416.7305
27417.0938
27416.9473
27417.2559
27417.7891
27417.7441
27417.6973
27418.0879
27417.8594
27418.0352
27418.1348
27418.2051
27418.2891
27418.4043
27418.7051
27418.5586
27418.7129
27418.8047
27418.7129
27418.6953
27418.4863
27418.7246
27419.0488
27419.1309
27419.0781
27419.2598
27419.3770
27418.9980
27418.8984
27418.7363
27418.9980
27418.6719
27418.7891
27419.0059
27419.0352
27418.9258
27418.9336
27418.8730
27418.7637
27418.5469
27418.8848
27418.7539
27418.7617
27418.6719
27418.5254
27418.4707
27418.6699
27418.8164
27418.8164
27419.0371
27418.5859
27418.9160
27418.9160
27419.3008
27419.2480
27419.5098
27419.5566
27419.5703
27419.5254
27419.4258
27419.4082
27419.2617
27418.9238
27419.0000
27418.8633
27418.6699
27418.7930
27418.6855
27418.6172
27418.5859
27418.4844
27418.7305
27418.6855
27418.5762
27418.4297
27418.4688
27418.0898
27417.8965
27417.4980
27416.9043
27416.5879
27416.4336
27416.2715
27416.2480
27416.2949
27416.6562
27416.9023
27417.0566
27417.2402
27417.0469
27416.6855
27415.7695
27415.0781
27414.5996
27414.1230
27414.1152
27413.9238
27413.8086
27413.8691
27413.9766
27414.1934
27414.2070
27414.4004
27414.8145
27414.6074
27414.5703
27414.2617
27414.3301
27414.0762
27414.2070
27414.1777
27414.1699
27414.3066
27414.3145
27414.5391
27414.5000
27414.3535
27414.1992
27414.2539
27414.1992
27414.1621
27414.0078
27413.9141
27413.6152
27413.6230
27413.4844
27413.4219
27413.6836
27413.3301
27413.5059
27413.3379
27413.0762
27413.0293
27413.0234
27412.9141
27412.9141
27412.6230
27412.6758
27412.6699
27412.7148
27412.7227
27412.9844
27413.2441
27412.9512
27413.1074
27413.0586
27412.9512
27412.7070
27412.6445
27412.6211
27412.7676
27412.9414
27412.4121
27412.4121
27412.3750
27412.3809
27412.3203
27412.2266
27412.1270
27412.4023
27412.7715
27413.4219
27413.7363
27413.5898
27413.6738
27413.5254
27413.6719
27413.4258
27413.6113
27413.0566
27412.6426
27412.7734
27412.0137
27411.9512
27411.9590
27411.7734
27411.7402
27411.5938
27411.7617
27411.7617
27411.7012
27411.4473
27411.4004
27411.3555
27411.4141
27411.0527
27410.8066
27411.0527
27410.8066
27410.8145
27410.8750
27410.7285
27410.7266
27410.6133
27410.2734
27409.9414
27410.0488
27409.9219
27409.8613
27409.8281
27409.7227
27409.9883
27410.0039
27410.0625
27409.9238
27409.7227
27409.6016
27409.4473
27409.1934
27409.0938
27408.9316
27408.8711
27408.6465
27408.5801
27408.4922
27408.6523
27408.6055
27408.6504
27408.3984
27408.2656
27408.2109
27408.1777
27408.4785
27408.4375
27408.7520
27408.8379
27408.8047
27408.9121
27408.9160
27409.0039
27409.1172
27409.0156
27408.9629
27408.7949
27408.5801
27408.1660
27408.0996
27407.6504
27407.4180
27406.8965
27406.7969
27406.2617
27406.6816
27406.0430
27406.0488
27406.3555
27406.3555
27406.3418
27406.4141
27406.5078
27406.5156
27406.4219
27406.3672
27406.1211
27406.3203
27406.5273
27406.5801
27406.6875
27406.5781
27406.7383
27406.8262
27406.3594
27406.2051
27406.2461
27405.8984
27406.0391
27405.7656
27406.0781
27406.0312
27406.0918
27406.0176
27406.0723
27406.0117
27405.5449
27405.7656
27405.4453
27405.3242
27405.0586
27404.9648
27404.6055
27405.0254
27404.7461
27404.8242
27405.0254
27405.6094
27405.7891
27405.8945
27406.1074
27406.2812
27406.4336
27406.2207
27406.2129
27406.1602
27405.9531
27405.8066
27405.8672
27405.8125
27405.6074
27405.5000
27405.3262
27405.5273
27405.4668
27405.9277
27405.8398
27405.6465
27405.3457
27405.6055
27405.2988
27404.9844
27404.9590
27405.3379
27405.1191
27405.1914
27405.0430
27405.2559
27405.2695
27405.3164
27405.4160
27405.6211
27405.4219
27405.6328
27405.8594
27405.3887
27404.7363
27405.1895
27406.2344
27405.4922
27405.4922
27405.6973
27405.6621
27405.6211
27405.4688
27404.9863
27404.7266
27404.5332
27404.7969
27404.9570
27404.8379
27404.9961
27405.1445
27404.9023
27404.8496
27404.7422
27404.5957
27404.6367
27404.5352
27404.3535
27404.2051
27404.2598
27404.2188
27404.0176
27403.6465
27403.6465
27403.5410
27403.3340
27403.4336
27403.5215
27403.6562
27403.6621
27403.7207
27403.3613
27403.1543
27403.0488
27403.2012
27402.9473
27402.4941
27403.0547
27403.1406
27402.8477
27402.7344
27402.6348
27402.9297
27402.6758
27402.6387
27402.4629
27402.6094
27402.5469
27402.5273
27402.6406
27402.6270
27403.0449
27403.1387
27402.8926
27402.9453
27402.8555
27402.7676
27402.7207
27402.8184
27402.9316
27402.7852
27402.6895
27403.0176
27402.9238
27402.7578
27402.8652
27402.6152
27402.7695
27402.6621
27402.3105
27402.5215
27402.3789
27402.2734
27402.0664
27402.2324
27401.8730
27402.2188
27401.9141
27402.1602
27402.0664
27401.8555
27402.2598
27401.8535
27401.8535
27401.5898
27401.5957
27401.7891
27401.6133
27401.7832
27401.8535
27401.6523
27401.7051
27402.3262
27402.4844
27403.1055
27403.2637
27403.2637
27403.3984
27403.4629
27403.5039
27403.2988
27403.4395
27403.1973
27403.2070
27403.0547
27402.9434
27403.0273
27402.9395
27402.8379
27402.9219
27402.8848
27402.7852
27402.8262
27402.5195
27402.5781
27402.7715
27402.8672
27402.7031
27402.5410
27402.4883
27402.7812
27402.5234
27402.7754
27402.9863
27402.9863
27402.6797
27402.5859
27402.4160
27402.2109
27402.1523
27401.9531
27402.1465
27402.1953
27402.1367
27402.0254
27402.2305
27402.1191
27402.0098
27402.2676
27401.9512
27401.9512
27402.0391
27402.3555
27402.5566
27402.3359
27402.0293
27402.1934
27401.9727
27402.1348
27402.1348
27402.1348
27402.1875
27402.2930
27402.3340
27402.2402
27402.4863
27402.2383
27402.2871
27402.5020
27402.6543
27403.3262
27403.6406
27403.7461
27404.0566
27404.1660
27404.2617
27404.0605
27404.5176
