   -4.1766
   -4.0532
   -3.9347
   -3.8115
   -3.6914
   -3.5673
   -3.4367
   -3.3093
   -3.1791
   -3.0431
   -2.9059
   -2.7734
   -2.6436
   -2.5140
   -2.3839
   -2.2561
   -2.1278
   -1.9990
   -1.8666
   -1.7366
   -1.6135
   -1.4897
   -1.3651
   -1.2386
   -1.1088
   -0.9891
   -0.8676
   -0.7530
   -0.6333
   -0.5054
   -0.3819
   -0.3357
   -0.2907
   -0.2424
   -0.1898
   -0.1297
   -0.0680
   -0.0007
    0.0678
    0.1380
    0.2091
    0.2742
    0.3430
    0.4081
    0.4666
    0.5182
    0.5612
    0.6039
    0.6360
    0.6621
    0.6841
    0.7003
    0.7079
    0.7103
    0.7032
    0.6984
    0.6884
    0.6888
    0.6850
    0.6797
    0.6705
    0.6627
    0.6543
    0.6430
    0.6286
    0.6139
    0.5945
    0.5776
    0.5598
    0.5397
    0.5163
    0.5006
    0.4905
    0.4792
    0.4690
    0.4555
    0.4433
    0.4336
    0.4213
    0.4120
    0.3976
    0.3822
    0.3702
    0.3536
    0.3356
    0.3139
    0.2958
    0.2817
    0.2668
    0.2462
    0.2182
    0.1930
    0.1638
    0.1327
    0.0939
    0.0521
    0.0021
   -0.0539
   -0.1177
   -0.1864
   -0.2603
   -0.3395
   -0.4112
   -0.4873
   -0.5589
   -0.6292
   -0.6938
   -0.7559
   -0.8186
   -0.8763
   -0.9268
   -0.9688
   -1.0016
   -1.0222
   -1.0386
   -1.0552
   -1.0678
   -1.0738
   -1.0757
   -1.0696
   -1.0617
   -1.0544
   -1.0436
   -1.0358
   -1.0344
   -1.0367
   -1.0383
   -1.0377
   -1.0423
   -1.0506
   -1.0694
   -1.0879
   -1.1174
   -1.1552
   -1.2030
   -1.2549
   -1.3042
   -1.3602
   -1.4184
   -1.4735
   -1.5371
   -1.5956
   -1.6503
   -1.7137
   -1.7718
   -1.8332
   -1.8903
   -1.9445
   -2.0050
   -2.0622
   -2.1200
   -2.1751
   -2.2372
   -2.2946
   -2.3572
   -2.4169
   -2.4763
   -2.5279
   -2.5784
   -2.6234
   -2.6643
   -2.7051
   -2.7411
   -2.7775
   -2.8106
   -2.8443
   -2.8774
   -2.9139
   -2.9502
   -2.9863
   -3.0256
   -3.0677
   -3.1205
   -3.1762
   -3.2416
   -3.3080
   -3.3757
   -3.4462
   -3.5223
   -3.6015
   -3.6839
   -3.7747
   -3.8661
   -3.9615
   -4.0512
   -4.1348
   -4.2126
   -4.2878
   -4.3655
   -4.4393
   -4.5059
   -4.5638
   -4.6228
   -4.6768
   -4.7306
   -4.7709
   -4.8123
   -4.8483
   -4.8818
   -4.9215
   -4.9643
   -5.0020
   -5.0406
   -5.0841
   -5.1297
   -5.1774
   -5.2247
   -5.2787
   -5.3345
   -5.3864
   -5.4413
   -5.4935
   -5.5419
   -5.5806
   -5.6274
   -5.6665
   -5.7060
   -5.7432
   -5.7816
   -5.8204
   -5.8606
   -5.9061
   -5.9440
   -5.9825
   -6.0233
   -6.0711
   -6.1134
   -6.1537
   -6.1960
   -6.2369
   -6.2806
   -6.3256
   -6.3716
   -6.4154
   -6.4616
   -6.5025
   -6.5425
   -6.5826
   -6.6202
   -6.6538
   -6.6905
   -6.7291
   -6.7691
   -6.8067
   -6.8407
   -6.8776
   -6.9113
   -6.9460
   -6.9842
   -7.0244
   -7.0642
   -7.1040
   -7.1462
   -7.1878
   -7.2251
   -7.2596
   -7.2853
   -7.3098
   -7.3322
   -7.3547
   -7.3685
   -7.3828
   -7.4018
   -7.4199
   -7.4384
   -7.4476
   -7.4595
   -7.4717
   -7.4751
   -7.4816
   -7.4850
   -7.4759
   -7.4658
   -7.4581
   -7.4528
   -7.4374
   -7.4233
   -7.4076
   -7.3985
   -7.3895
   -7.3797
   -7.3744
   -7.3643
   -7.3560
   -7.3457
   -7.3385
   -7.3268
   -7.3187
   -7.3146
   -7.3080
   -7.3005
   -7.2898
   -7.2806
   -7.2692
   -7.2633
   -7.2527
   -7.2482
   -7.2444
   -7.2399
   -7.2400
   -7.2403
   -7.2418
   -7.2396
   -7.2351
   -7.2275
   -7.2246
   -7.2137
   -7.2070
   -7.1983
   -7.1953
   -7.1828
   -7.1636
   -7.1407
   -7.1227
   -7.1020
   -7.0770
   -7.0507
   -7.0314
   -7.0090
   -6.9917
   -6.9716
   -6.9527
   -6.9273
   -6.8911
   -6.8578
   -6.8122
   -6.7664
   -6.7193
   -6.6644
   -6.6129
   -6.5605
   -6.5063
   -6.4630
   -6.4179
   -6.3758
   -6.3299
   -6.2950
   -6.2625
   -6.2308
   -6.1946
   -6.1583
   -6.1258
   -6.0891
   -6.0536
   -6.0194
   -5.9867
   -5.9551
   -5.9187
   -5.8848
   -5.8514
   -5.8193
   -5.7832
   -5.7490
   -5.7098
   -5.6719
   -5.6280
   -5.5886
   -5.5462
   -5.5044
   -5.4584
   -5.4124
   -5.3668
   -5.3215
   -5.2745
   -5.2234
   -5.1780
   -5.1192
   -5.0676
   -5.0112
   -4.9462
   -4.8758
   -4.8076
   -4.7470
   -4.6935
   -4.6304
   -4.5698
   -4.5150
   -4.4569
   -4.4003
   -4.3412
   -4.2782
   -4.2153
   -4.1459
   -4.0858
   -4.0227
   -3.9592
   -3.8992
   -3.8384
   -3.7779
   -3.7242
   -3.6711
   -3.6155
   -3.5641
   -3.5068
   -3.4531
   -3.3955
   -3.3401
   -3.2818
   -3.2203
   -3.1579
   -3.1000
   -3.0430
   -2.9845
   -2.9286
   -2.8730
   -2.8193
   -2.7675
   -2.7126
   -2.6648
   -2.6152
   -2.5684
   -2.5200
   -2.4782
   -2.4365
   -2.3965
   -2.3563
   -2.3182
   -2.2761
   -2.2345
   -2.1922
   -2.1527
   -2.1095
   -2.0675
   -2.0249
   -1.9844
   -1.9453
   -1.9094
   -1.8811
   -1.8521
   -1.8212
   -1.7983
   -1.7735
   -1.7503
   -1.7300
   -1.7063
   -1.6870
   -1.6708
   -1.6600
   -1.6553
   -1.6533
   -1.6521
   -1.6565
   -1.6616
   -1.6721
   -1.6784
   -1.6938
   -1.7055
   -1.7214
   -1.7422
   -1.7647
   -1.7871
   -1.8087
   -1.8308
   -1.8543
   -1.8796
   -1.9059
   -1.9317
   -1.9582
   -1.9851
   -2.0135
   -2.0451
   -2.0731
   -2.1000
   -2.1278
   -2.1549
   -2.1829
   -2.2097
   -2.2326
   -2.2570
   -2.2793
   -2.3008
   -2.3178
   -2.3345
   -2.3511
   -2.3679
   -2.3866
   -2.4048
   -2.4237
   -2.4450
   -2.4673
   -2.4915
   -2.5200
   -2.5487
   -2.5774
   -2.6046
   -2.6338
   -2.6640
   -2.6884
   -2.7098
   -2.7292
   -2.7495
   -2.7696
   -2.7895
   -2.8103
   -2.8285
   -2.8470
   -2.8682
   -2.8870
   -2.9032
   -2.9181
   -2.9354
   -2.9574
   -2.9797
   -3.0031
   -3.0267
   -3.0518
   -3.0722
   -3.0927
   -3.1086
   -3.1175
   -3.1248
   -3.1298
   -3.1341
   -3.1381
   -3.1422
   -3.1498
   -3.1589
   -3.1709
   -3.1865
   -3.1991
   -3.2135
   -3.2261
   -3.2333
   -3.2431
   -3.2503
   -3.2541
   -3.2557
   -3.2577
   -3.2622
   -3.2632
   -3.2652
   -3.2672
   -3.2697
   -3.2682
   -3.2637
   -3.2577
   -3.2472
   -3.2384
   -3.2259
   -3.2078
   -3.1855
   -3.1632
   -3.1391
   -3.1142
   -3.0892
   -3.0649
   -3.0389
   -3.0144
   -2.9930
   -2.9731
   -2.9575
   -2.9450
   -2.9352
   -2.9247
   -2.9120
   -2.8985
   -2.8841
   -2.8683
   -2.8491
   -2.8291
   -2.8084
   -2.7821
   -2.7545
   -2.7270
   -2.6984
   -2.6746
   -2.6491
   -2.6302
   -2.6112
   -2.5988
   -2.5887
   -2.5778
   -2.5711
   -2.5627
   -2.5525
   -2.5401
   -2.5214
   -2.5012
   -2.4792
   -2.4563
   -2.4268
   -2.4016
   -2.3654
   -2.3357
   -2.3016
   -2.2692
   -2.2394
   -2.2093
   -2.1776
   -2.1432
   -2.1096
   -2.0763
   -2.0411
   -2.0049
   -1.9728
   -1.9421
   -1.9105
   -1.8786
   -1.8424
   -1.8084
   -1.7766
   -1.7443
   -1.7157
   -1.6794
   -1.6474
   -1.6144
   -1.5794
   -1.5496
   -1.5163
   -1.4821
   -1.4510
   -1.4166
   -1.3815
   -1.3468
   -1.3099
   -1.2768
   -1.2429
   -1.2096
   -1.1725
   -1.1387
   -1.1029
   -1.0679
   -1.0351
   -0.9965
   -0.9533
   -0.9147
   -0.8719
   -0.8317
   -0.7883
   -0.7465
   -0.7007
   -0.6545
   -0.6086
   -0.5607
   -0.5160
   -0.4745
   -0.4358
   -0.4021
   -0.3652
   -0.3298
   -0.2905
   -0.2600
   -0.2223
   -0.1911
   -0.1576
   -0.1216
   -0.0862
   -0.0494
   -0.0124
    0.0206
    0.0487
    0.0773
    0.1094
    0.1360
    0.1646
    0.1908
    0.2203
    0.2496
    0.2704
    0.2945
    0.3139
    0.3369
    0.3568
    0.3827
    0.4033
    0.4293
    0.4580
    0.4843
    0.5169
    0.5507
    0.5877
    0.6274
    0.6693
    0.7113
    0.7554
    0.7952
    0.8363
    0.8784
    0.9208
    0.9650
    1.0101
    1.0524
    1.0970
    1.1429
    1.1817
    1.2146
    1.2527
    1.2898
    1.3285
    1.3703
    1.4117
    1.4522
    1.4901
    1.5318
    1.5797
    1.6313
    1.6924
    1.7528
    1.8134
    1.8704
    1.9196
    1.9650
    2.0080
    2.0556
    2.1092
    2.1585
    2.2073
    2.2608
    2.3161
    2.3752
    2.4433
    2.5180
    2.5919
    2.6637
    2.7368
    2.8081
    2.8793
    2.9463
    3.0121
    3.0832
    3.1470
    3.2136
    3.2773
    3.3413
    3.4066
    3.4721
    3.5388
    3.6053
    3.6738
    3.7469
    3.8144
    3.8817
    3.9523
    4.0186
    4.0911
    4.1621
    4.2399
    4.3210
    4.4050
    4.4877
    4.5682
    4.6542
    4.7416
    4.8311
    4.9217
    5.0201
    5.1214
    5.2269
    5.3321
    5.4450
    5.5555
    5.6738
    5.7912
    5.9153
    6.0264
    6.1333
    6.2404
    6.3378
    6.4378
    6.5455
    6.6510
    6.7701
    6.8898
    7.0155
    7.1354
    7.2498
    7.3705
    7.4901
    7.6071
    7.7266
    7.8391
    7.9519
    8.0658
    8.1789
    8.2955
    8.4134
    8.5283
    8.6494
    8.7750
    8.8996
    9.0274
    9.1607
    9.2986
    9.4338
    9.5664
    9.6977
    9.8295
    9.9596
   10.0868
   10.2140
   10.3378
   10.4687
   10.5923
   10.7125
   10.8307
   10.9523
   11.0761
   11.1969
   11.3231
   11.4454
   11.5786
   11.7073
   11.8303
   11.9499
   12.0713
   12.1914
   12.3082
   12.4257
   12.5385
   12.6523
   12.7609
   12.8692
   12.9668
   13.0651
   13.1580
   13.2575
   13.3582
   13.4578
   13.5557
   13.6534
   13.7429
   13.8356
   13.9229
   14.0124
   14.0972
   14.1852
   14.2680
   14.3505
   14.4246
   14.5014
   14.5687
   14.6363
   14.6964
   14.7470
   14.7939
   14.8304
   14.8703
   14.9081
   14.9464
   14.9785
   15.0149
   15.0438
   15.0689
   15.0878
   15.1000
   15.1165
   15.1242
   15.1335
   15.1423
   15.1508
   15.1580
   15.1630
   15.1620
   15.1643
   15.1626
   15.1599
   15.1441
   15.1289
   15.1046
   15.0742
   15.0434
   14.9984
   14.9564
   14.9106
   14.8620
   14.8057
   14.7440
   14.6737
   14.5978
   14.5225
   14.4411
   14.3553
   14.2697
   14.1868
   14.0995
   14.0130
   13.9254
   13.8358
   13.7503
   13.6606
   13.5727
   13.4865
   13.4000
   13.3118
   13.2259
   13.1392
   13.0511
   12.9629
   12.8730
   12.7899
   12.7053
   12.6247
   12.5435
   12.4661
   12.3920
   12.3206
   12.2590
   12.1982
   12.1395
   12.0749
   12.0126
   11.9399
   11.8721
   11.8042
   11.7400
   11.6859
   11.6255
   11.5762
   11.5253
   11.4768
   11.4202
   11.3629
   11.3045
   11.2510
   11.2017
   11.1541
   11.1106
   11.0755
   11.0402
   11.0106
   10.9852
   10.9586
   10.9354
   10.9167
   10.9032
   10.8952
   10.8930
   10.8981
   10.9056
   10.9170
   10.9244
   10.9351
   10.9480
   10.9538
   10.9629
   10.9709
   10.9752
   10.9796
   10.9837
   10.9783
   10.9782
   10.9764
   10.9742
   10.9684
   10.9608
   10.9444
   10.9281
   10.9184
   10.9075
   10.9027
   10.8934
   10.8844
   10.8725
   10.8645
   10.8589
   10.8472
   10.8314
   10.8092
   10.7842
   10.7580
   10.7342
   10.7108
   10.6898
   10.6689
   10.6505
   10.6311
   10.6121
   10.5922
   10.5799
   10.5641
   10.5501
   10.5415
   10.5338
   10.5270
   10.5168
   10.5044
   10.4933
   10.4769
   10.4582
   10.4354
   10.4180
   10.3970
   10.3740
   10.3518
   10.3260
   10.2998
   10.2771
   10.2494
   10.2163
   10.1895
   10.1632
   10.1342
   10.0961
   10.0481
   10.0102
    9.9645
    9.9248
    9.8771
    9.8306
    9.7772
    9.7227
    9.6681
    9.6094
    9.5549
    9.5091
    9.4694
    9.4354
    9.4058
    9.3641
    9.3275
    9.2808
    9.2335
    9.1864
    9.1414
    9.0952
    9.0397
    8.9872
    8.9375
    8.8947
    8.8532
    8.8171
    8.7804
    8.7434
    8.7152
    8.6912
    8.6678
    8.6514
    8.6252
    8.6030
    8.5656
    8.5307
    8.4856
    8.4360
    8.3843
    8.3338
    8.2843
    8.2442
    8.2079
    8.1775
    8.1405
    8.0937
    8.0356
    7.9652
    7.8943
    7.8185
    7.7436
    7.6678
    7.5923
    7.5186
    7.4485
    7.3793
    7.3089
    7.2427
    7.1878
    7.1533
    7.1194
    7.0890
    7.0553
    7.0263
    6.9982
    6.9699
    6.9465
    6.9269
    6.9152
    6.8986
    6.8783
    6.8568
    6.8364
    6.8142
    6.8006
    6.7824
    6.7647
    6.7460
    6.7254
    6.7051
    6.6857
    6.6756
    6.6677
    6.6590
    6.6511
    6.6286
    6.6044
    6.5756
    6.5502
    6.5179
    6.4786
    6.4349
    6.3833
    6.3377
    6.2806
    6.2221
    6.1632
    6.1027
    6.0482
    5.9951
    5.9376
    5.8806
    5.8112
    5.7313
    5.6548
    5.5855
    5.5337
    5.4885
    5.4491
    5.4087
    5.3682
    5.3269
    5.2828
    5.2296
    5.1714
    5.1110
    5.0484
    4.9804
    4.9126
    4.8436
    4.7644
    4.6749
    4.5835
    4.4954
    4.4077
    4.3226
    4.2389
    4.1564
    4.0730
    3.9804
    3.8960
    3.8112
    3.7227
    3.6257
    3.5289
    3.4216
    3.3180
    3.2146
    3.1124
    3.0159
    2.9210
    2.8261
    2.7258
    2.6278
    2.5348
    2.4371
    2.3555
    2.2737
    2.1928
    2.1056
    2.0163
    1.9293
    1.8372
    1.7443
    1.6483
    1.5608
    1.4781
    1.3969
    1.3200
    1.2428
    1.1659
    1.0923
    1.0077
    0.9254
    0.8419
    0.7573
    0.6586
    0.5484
    0.4366
    0.3283
    0.2167
    0.1114
    0.0125
   -0.0843
   -0.1800
   -0.2705
   -0.3631
   -0.4602
   -0.5512
   -0.6412
   -0.7362
   -0.8321
   -0.9208
   -1.0123
   -1.1066
   -1.1937
   -1.2844
   -1.3641
   -1.4410
   -1.5212
   -1.5976
   -1.6783
   -1.7587
   -1.8368
   -1.9055
   -1.9797
   -2.0480
   -2.1162
   -2.1787
   -2.2359
   -2.3016
   -2.3632
   -2.4229
   -2.4866
   -2.5472
   -2.6109
   -2.6769
   -2.7509
   -2.8315
   -2.9112
   -2.9854
   -3.0505
   -3.1114
   -3.1734
   -3.2376
   -3.3025
   -3.3582
   -3.3988
   -3.4505
   -3.5057
   -3.5558
   -3.6013
   -3.6504
   -3.6963
   -3.7452
   -3.7946
   -3.8482
   -3.8943
   -3.9347
   -3.9818
   -4.0279
   -4.0680
   -4.1047
   -4.1517
   -4.2016
   -4.2503
   -4.3070
   -4.3630
   -4.4131
   -4.4568
   -4.5069
   -4.5497
   -4.5967
   -4.6439
   -4.6900
   -4.7311
   -4.7769
   -4.8155
   -4.8630
   -4.9121
   -4.9579
   -5.0073
   -5.0594
   -5.1124
   -5.1678
   -5.2281
   -5.2767
   -5.3311
   -5.3847
   -5.4395
   -5.4951
   -5.5380
   -5.5835
   -5.6330
   -5.6801
   -5.7223
   -5.7652
   -5.8049
   -5.8403
   -5.8682
   -5.8906
   -5.9138
   -5.9344
   -5.9567
   -5.9623
   -5.9576
   -5.9493
   -5.9437
   -5.9551
   -5.9530
   -5.9446
   -5.9417
   -5.9394
   -5.9322
   -5.9205
   -5.9044
   -5.8851
   -5.8717
   -5.8548
   -5.8409
   -5.8211
   -5.8066
   -5.7970
   -5.7929
   -5.7882
   -5.7778
   -5.7655
   -5.7433
   -5.7249
   -5.7065
   -5.6965
   -5.6776
   -5.6693
   -5.6494
   -5.6341
   -5.6198
   -5.6078
   -5.5997
   -5.5914
   -5.5823
   -5.5773
   -5.5735
   -5.5641
   -5.5549
   -5.5438
   -5.5321
   -5.5215
   -5.5179
   -5.5131
   -5.5074
   -5.5065
   -5.5082
   -5.5222
   -5.5408
   -5.5557
   -5.5706
   -5.5943
   -5.6187
   -5.6385
   -5.6557
   -5.6725
   -5.6959
   -5.7188
   -5.7451
   -5.7737
   -5.8134
   -5.8561
   -5.8972
   -5.9379
   -5.9763
   -6.0185
   -6.0607
   -6.1032
   -6.1452
   -6.1947
   -6.2422
   -6.2950
   -6.3410
   -6.3871
   -6.4315
   -6.4774
   -6.5263
   -6.5698
   -6.6144
   -6.6578
   -6.6975
   -6.7366
   -6.7776
   -6.8195
   -6.8537
   -6.8889
   -6.9227
   -6.9605
   -6.9908
   -7.0310
   -7.0690
   -7.1008
   -7.1340
   -7.1586
   -7.1931
   -7.2240
   -7.2518
   -7.2786
   -7.3034
   -7.3281
   -7.3495
   -7.3710
   -7.3894
   -7.4093
   -7.4269
   -7.4479
   -7.4647
   -7.4742
   -7.4850
   -7.4920
   -7.4974
   -7.4959
   -7.4946
   -7.4890
   -7.4885
   -7.4971
   -7.5057
   -7.5078
   -7.5141
   -7.5262
   -7.5341
   -7.5382
   -7.5430
   -7.5503
   -7.5572
   -7.5626
   -7.5673
   -7.5747
   -7.5789
   -7.5803
   -7.5786
   -7.5745
   -7.5662
   -7.5639
   -7.5496
   -7.5397
   -7.5236
   -7.5047
   -7.4904
   -7.4686
   -7.3774
   -7.2852
   -7.1952
   -7.1041
   -7.0204
   -6.9348
   -6.8504
   -6.7661
   -6.6807
   -6.5966
   -6.5060
   -6.4168
   -6.3296
   -6.2368
   -6.1426
   -6.0400
   -5.9383
   -5.8301
   -5.7211
   -5.6127
   -5.5045
   -5.3950
   -5.2819
   -5.1578
   -5.0364
   -4.9097
   -4.7920
   -4.6754
   -4.5584
   -4.4306
