   5.1300
   4.9731
   4.8135
   4.6506
   4.4869
   4.3238
   4.1596
   3.9972
   3.8381
   3.6863
   3.5384
   3.3895
   3.2375
   3.0864
   2.9328
   2.7777
   2.6215
   2.4658
   2.3098
   2.1550
   2.0047
   1.8593
   1.7160
   1.5720
   1.4300
   1.2868
   1.1427
   0.9982
   0.8495
   0.6977
   0.5425
   0.4689
   0.3983
   0.3316
   0.2683
   0.2077
   0.1534
   0.1046
   0.0578
   0.0089
  -0.0410
  -0.0934
  -0.1477
  -0.2025
  -0.2584
  -0.3159
  -0.3733
  -0.4297
  -0.4852
  -0.5398
  -0.5987
  -0.6552
  -0.7113
  -0.7661
  -0.8227
  -0.8787
  -0.9338
  -0.9881
  -1.0410
  -1.0921
  -1.1407
  -1.1903
  -1.2382
  -1.2822
  -1.3243
  -1.3647
  -1.4012
  -1.4330
  -1.4636
  -1.4912
  -1.5163
  -1.5398
  -1.5634
  -1.5826
  -1.6009
  -1.6164
  -1.6294
  -1.6421
  -1.6528
  -1.6634
  -1.6741
  -1.6898
  -1.7071
  -1.7244
  -1.7431
  -1.7650
  -1.7865
  -1.8066
  -1.8279
  -1.8471
  -1.8653
  -1.8803
  -1.8979
  -1.9152
  -1.9295
  -1.9402
  -1.9475
  -1.9545
  -1.9612
  -1.9668
  -1.9685
  -1.9654
  -1.9607
  -1.9541
  -1.9465
  -1.9369
  -1.9252
  -1.9099
  -1.8937
  -1.8781
  -1.8614
  -1.8417
  -1.8221
  -1.8021
  -1.7812
  -1.7555
  -1.7373
  -1.7177
  -1.7371
  -1.7626
  -1.7884
  -1.8117
  -1.8324
  -1.8538
  -1.8776
  -1.9023
  -1.9266
  -1.9533
  -1.9813
  -2.0054
  -2.0289
  -2.0566
  -2.0855
  -2.1102
  -2.1392
  -2.1709
  -2.2013
  -2.2350
  -2.2695
  -2.3044
  -2.3411
  -2.3777
  -2.4121
  -2.4441
  -2.4767
  -2.5067
  -2.5336
  -2.5459
  -2.5560
  -2.5618
  -2.5643
  -2.5679
  -2.5747
  -2.5840
  -2.5927
  -2.6060
  -2.6224
  -2.6431
  -2.6658
  -2.6901
  -2.7123
  -2.7331
  -2.7525
  -2.7704
  -2.7866
  -2.8001
  -2.8142
  -2.8329
  -2.8535
  -2.8743
  -2.8926
  -2.9107
  -2.9276
  -2.9444
  -2.9614
  -2.9794
  -2.9996
  -2.9881
  -2.9770
  -2.9495
  -2.9177
  -2.8876
  -2.8583
  -2.8332
  -2.8090
  -2.7834
  -2.7578
  -2.7318
  -2.7045
  -2.6801
  -2.6605
  -2.6450
  -2.6291
  -2.6125
  -2.6016
  -2.5907
  -2.5793
  -2.5698
  -2.5588
  -2.5480
  -2.5385
  -2.5255
  -2.5142
  -2.5056
  -2.4986
  -2.4904
  -2.4832
  -2.4768
  -2.4848
  -2.4859
  -2.4932
  -2.5020
  -2.5109
  -2.5203
  -2.5293
  -2.5380
  -2.5450
  -2.5496
  -2.5509
  -2.5492
  -2.5460
  -2.5457
  -2.5461
  -2.5477
  -2.5489
  -2.5557
  -2.5630
  -2.5705
  -2.5735
  -2.5747
  -2.5752
  -2.5742
  -2.5755
  -2.5738
  -2.5724
  -2.5698
  -2.5692
  -2.5696
  -2.5698
  -2.5704
  -2.5730
  -2.5759
  -2.5745
  -2.5753
  -2.5762
  -2.5747
  -2.5761
  -2.5757
  -2.5769
  -2.5791
  -2.5786
  -2.5781
  -2.5771
  -2.5771
  -2.5780
  -2.5763
  -2.5776
  -2.5781
  -2.5821
  -2.5847
  -2.5872
  -2.5894
  -2.5945
  -2.6020
  -2.6123
  -2.6262
  -2.6445
  -2.6666
  -2.6914
  -2.7166
  -2.7527
  -2.7837
  -2.8163
  -2.8469
  -2.8761
  -2.9035
  -2.9301
  -2.9558
  -2.9821
  -3.0105
  -3.0438
  -3.0766
  -3.1098
  -3.1457
  -3.1845
  -3.2231
  -3.2603
  -3.2975
  -3.3337
  -3.3693
  -3.4041
  -3.4380
  -3.4717
  -3.4998
  -3.5292
  -3.5579
  -3.5848
  -3.6076
  -3.6299
  -3.6520
  -3.6736
  -3.6920
  -3.7093
  -3.7310
  -3.7508
  -3.7682
  -3.7875
  -3.8058
  -3.8252
  -3.8434
  -3.8608
  -3.8761
  -3.8883
  -3.8979
  -3.9047
  -3.9093
  -3.9128
  -3.9109
  -3.9091
  -3.9030
  -3.8974
  -3.8913
  -3.8856
  -3.8815
  -3.8761
  -3.8687
  -3.8597
  -3.8474
  -3.8325
  -3.8150
  -3.7952
  -3.7744
  -3.7540
  -3.7300
  -3.7074
  -3.6830
  -3.6585
  -3.6331
  -3.6066
  -3.5771
  -3.5456
  -3.5096
  -3.4719
  -3.4323
  -3.3908
  -3.3468
  -3.3033
  -3.2573
  -3.2129
  -3.1665
  -3.1187
  -3.0704
  -3.0213
  -2.9738
  -2.9276
  -2.8823
  -2.8364
  -2.7931
  -2.7514
  -2.7089
  -2.6679
  -2.6261
  -2.5849
  -2.5410
  -2.4956
  -2.4495
  -2.4034
  -2.3582
  -2.3136
  -2.2691
  -2.2233
  -2.1779
  -2.1354
  -2.0953
  -2.0555
  -2.0171
  -1.9806
  -1.9442
  -1.9097
  -1.8743
  -1.8396
  -1.8051
  -1.7705
  -1.7342
  -1.6952
  -1.6541
  -1.6096
  -1.5624
  -1.5137
  -1.4624
  -1.4110
  -1.3597
  -1.3091
  -1.2606
  -1.2157
  -1.1724
  -1.1334
  -1.0950
  -1.0586
  -1.0234
  -0.9898
  -0.9579
  -0.9277
  -0.8983
  -0.8702
  -0.8440
  -0.8197
  -0.7964
  -0.7753
  -0.7552
  -0.7366
  -0.7198
  -0.7055
  -0.6942
  -0.6828
  -0.6734
  -0.6650
  -0.6574
  -0.6495
  -0.6445
  -0.6392
  -0.6345
  -0.6324
  -0.6293
  -0.6288
  -0.6309
  -0.6365
  -0.6432
  -0.6479
  -0.6555
  -0.6660
  -0.6811
  -0.6964
  -0.7127
  -0.7290
  -0.7473
  -0.7652
  -0.7814
  -0.7960
  -0.8118
  -0.8289
  -0.8447
  -0.8588
  -0.8726
  -0.8887
  -0.9068
  -0.9272
  -0.9476
  -0.9693
  -0.9913
  -1.0152
  -1.0388
  -1.0620
  -1.0816
  -1.0980
  -1.1089
  -1.1170
  -1.1240
  -1.1295
  -1.1323
  -1.1341
  -1.1341
  -1.1320
  -1.1293
  -1.1263
  -1.1224
  -1.1155
  -1.1094
  -1.0990
  -1.0860
  -1.0718
  -1.0553
  -1.0375
  -1.0185
  -0.9963
  -0.9742
  -0.9524
  -0.9296
  -0.9070
  -0.8847
  -0.8611
  -0.8366
  -0.8101
  -0.7805
  -0.7515
  -0.7206
  -0.6871
  -0.6501
  -0.6104
  -0.5710
  -0.5281
  -0.4822
  -0.4344
  -0.3880
  -0.3415
  -0.2970
  -0.2515
  -0.2068
  -0.1617
  -0.1189
  -0.0745
  -0.0291
   0.0149
   0.0570
   0.0995
   0.1427
   0.1875
   0.2308
   0.2711
   0.3102
   0.3480
   0.3824
   0.4122
   0.4378
   0.4582
   0.4724
   0.4804
   0.4822
   0.4838
   0.4828
   0.4762
   0.4687
   0.4596
   0.4477
   0.4328
   0.4163
   0.3982
   0.3782
   0.3588
   0.3355
   0.3101
   0.2831
   0.2526
   0.2204
   0.1881
   0.1547
   0.1232
   0.0943
   0.0651
   0.0344
   0.0014
  -0.0319
  -0.0681
  -0.1063
  -0.1478
  -0.1902
  -0.2335
  -0.2779
  -0.3238
  -0.3705
  -0.4187
  -0.4680
  -0.5159
  -0.5638
  -0.6091
  -0.6528
  -0.6952
  -0.7369
  -0.7784
  -0.8224
  -0.8658
  -0.9109
  -0.9559
  -0.9993
  -1.0431
  -1.0868
  -1.1292
  -1.1715
  -1.2104
  -1.2476
  -1.2828
  -1.3172
  -1.3485
  -1.3775
  -1.4042
  -1.4266
  -1.4441
  -1.4587
  -1.4680
  -1.4744
  -1.4783
  -1.4775
  -1.4742
  -1.4696
  -1.4633
  -1.4534
  -1.4435
  -1.4314
  -1.4179
  -1.4014
  -1.3812
  -1.3565
  -1.3271
  -1.2938
  -1.2601
  -1.2265
  -1.1922
  -1.1641
  -1.1397
  -1.1213
  -1.1072
  -1.0944
  -1.0837
  -1.0727
  -1.0580
  -1.0390
  -1.0143
  -0.9838
  -0.9496
  -0.9118
  -0.8711
  -0.8284
  -0.7851
  -0.7420
  -0.6977
  -0.6564
  -0.6174
  -0.5780
  -0.5393
  -0.5013
  -0.4612
  -0.4236
  -0.3852
  -0.3487
  -0.3149
  -0.2827
  -0.2529
  -0.2240
  -0.1954
  -0.1701
  -0.1461
  -0.1257
  -0.1083
  -0.0917
  -0.0749
  -0.0609
  -0.0493
  -0.0396
  -0.0312
  -0.0254
  -0.0208
  -0.0183
  -0.0180
  -0.0223
  -0.0282
  -0.0368
  -0.0467
  -0.0577
  -0.0702
  -0.0835
  -0.0978
  -0.1163
  -0.1427
  -0.1756
  -0.2128
  -0.2491
  -0.2880
  -0.3297
  -0.3666
  -0.4001
  -0.4270
  -0.4463
  -0.4609
  -0.4703
  -0.4790
  -0.4894
  -0.5025
  -0.5199
  -0.5416
  -0.5668
  -0.5951
  -0.6267
  -0.6595
  -0.6927
  -0.7261
  -0.7603
  -0.7931
  -0.8243
  -0.8558
  -0.8883
  -0.9199
  -0.9540
  -0.9875
  -1.0207
  -1.0530
  -1.0849
  -1.1165
  -1.1488
  -1.1823
  -1.2169
  -1.2485
  -1.2785
  -1.3043
  -1.3261
  -1.3449
  -1.3612
  -1.3712
  -1.3776
  -1.3808
  -1.3816
  -1.3763
  -1.3676
  -1.3520
  -1.3299
  -1.3012
  -1.2679
  -1.2272
  -1.1811
  -1.1311
  -1.0784
  -1.0215
  -0.9593
  -0.8925
  -0.8198
  -0.7405
  -0.6580
  -0.5718
  -0.4826
  -0.3918
  -0.2990
  -0.2013
  -0.1105
  -0.0358
   0.0379
   0.1103
   0.1838
   0.2543
   0.3199
   0.3838
   0.4459
   0.5086
   0.5706
   0.6326
   0.6959
   0.7570
   0.8161
   0.8752
   0.9340
   0.9937
   1.0558
   1.1172
   1.1753
   1.2318
   1.2887
   1.3445
   1.4004
   1.4588
   1.5186
   1.5797
   1.6414
   1.7055
   1.7705
   1.8394
   1.9063
   1.9690
   2.0287
   2.0920
   2.1550
   2.2169
   2.2772
   2.3343
   2.3842
   2.4304
   2.4743
   2.5145
   2.5489
   2.5780
   2.6002
   2.6182
   2.6342
   2.6488
   2.6615
   2.6679
   2.6694
   2.6705
   2.6691
   2.6659
   2.6589
   2.6507
   2.6443
   2.6375
   2.6264
   2.6232
   2.6348
   2.6464
   2.6580
   2.6713
   2.6871
   2.7102
   2.7358
   2.7618
   2.7864
   2.8149
   2.8429
   2.8727
   2.9104
   2.9529
   2.9982
   3.0486
   3.1027
   3.1561
   3.2134
   3.2760
   3.3415
   3.4103
   3.4821
   3.5562
   3.6287
   3.7041
   3.7854
   3.8703
   3.9558
   4.0428
   4.1274
   4.2156
   4.3079
   4.4053
   4.4976
   4.5889
   4.6812
   4.7768
   4.8743
   4.9778
   5.0852
   5.1906
   5.2951
   5.4022
   5.5107
   5.6198
   5.7309
   5.8462
   5.9664
   6.0882
   6.2107
   6.3391
   6.4675
   6.5946
   6.7226
   6.8513
   6.9820
   7.1128
   7.2399
   7.3650
   7.4908
   7.6176
   7.7433
   7.8703
   7.9937
   8.1162
   8.2380
   8.3570
   8.4792
   8.6059
   8.7310
   8.8575
   8.9840
   9.1099
   9.2354
   9.3633
   9.4879
   9.6090
   9.7310
   9.8509
   9.9684
  10.0878
  10.2056
  10.3218
  10.4360
  10.5559
  10.6794
  10.8029
  10.9264
  11.0489
  11.1714
  11.2933
  11.4140
  11.5335
  11.6499
  11.7666
  11.8821
  11.9979
  12.1127
  12.2295
  12.3468
  12.4654
  12.5856
  12.7082
  12.8331
  12.9598
  13.0873
  13.2123
  13.3324
  13.4462
  13.5586
  13.6710
  13.7778
  13.8825
  13.9868
  14.0893
  14.1932
  14.2962
  14.3971
  14.5009
  14.6077
  14.7118
  14.8152
  14.9226
  15.0291
  15.1355
  15.2441
  15.3549
  15.4680
  15.5790
  15.6884
  15.7971
  15.9067
  16.0170
  16.1263
  16.2337
  16.3356
  16.4331
  16.5272
  16.6181
  16.7054
  16.7870
  16.8651
  16.9428
  17.0214
  17.1044
  17.1874
  17.2609
  17.3290
  17.3935
  17.4603
  17.5236
  17.5820
  17.6349
  17.6902
  17.7497
  17.8190
  17.8960
  17.9780
  18.0683
  18.1639
  18.2626
  18.3595
  18.4538
  18.5433
  18.6293
  18.7142
  18.7980
  18.8803
  18.9600
  19.0388
  19.1158
  19.1947
  19.2789
  19.3654
  19.4563
  19.5518
  19.6484
  19.7451
  19.8405
  19.9386
  20.0361
  20.1303
  20.2246
  20.3086
  20.3807
  20.4533
  20.5234
  20.5838
  20.6352
  20.6854
  20.7439
  20.8123
  20.8867
  20.9639
  21.0417
  21.1140
  21.1861
  21.2658
  21.3459
  21.4273
  21.5124
  21.6056
  21.7004
  21.7889
  21.8788
  21.9773
  22.0739
  22.1792
  22.2896
  22.4025
  22.5104
  22.6187
  22.7290
  22.8426
  22.9515
  23.0544
  23.1443
  23.2242
  23.2968
  23.3555
  23.4053
  23.4507
  23.4928
  23.5333
  23.5725
  23.6117
  23.6518
  23.6960
  23.7481
  23.8020
  23.8570
  23.9141
  23.9809
  24.0508
  24.1270
  24.2094
  24.2939
  24.3794
  24.4621
  24.5415
  24.6130
  24.6790
  24.7421
  24.7967
  24.8556
  24.9278
  25.0005
  25.0760
  25.1555
  25.2416
  25.3266
  25.4018
  25.4616
  25.5117
  25.5542
  25.5914
  25.6288
  25.6637
  25.6946
  25.7322
  25.7704
  25.8084
  25.8371
  25.8581
  25.8915
  25.9316
  25.9692
  26.0018
  26.0311
  26.0534
  26.0764
  26.1081
  26.1427
  26.1805
  26.2192
  26.2526
  26.2877
  26.3237
  26.3642
  26.4082
  26.4558
  26.5086
  26.5613
  26.6181
  26.6836
  26.7542
  26.8221
  26.8861
  26.9468
  26.9979
  27.0447
  27.0897
  27.1293
  27.1562
  27.1750
  27.1893
  27.1990
  27.2013
  27.1989
  27.1987
  27.2040
  27.2116
  27.2221
  27.2387
  27.2663
  27.2978
  27.3249
  27.3527
  27.3758
  27.3956
  27.4139
  27.4340
  27.4485
  27.4656
  27.4814
  27.4975
  27.5202
  27.5518
  27.5927
  27.6339
  27.6733
  27.7146
  27.7590
  27.8110
  27.8731
  27.9269
  27.9663
  27.9948
  28.0246
  28.0547
  28.0890
  28.1170
  28.1395
  28.1615
  28.1843
  28.2036
  28.2250
  28.2401
  28.2503
  28.2543
  28.2532
  28.2450
  28.2339
  28.2196
  28.2044
  28.1871
  28.1682
  28.1529
  28.1388
  28.1249
  28.1103
  28.1001
  28.0906
  28.0820
  28.0700
  28.0576
  28.0422
  28.0241
  28.0120
  28.0000
  27.9823
  27.9612
  27.9369
  27.9091
  27.8790
  27.8443
  27.8069
  27.7725
  27.7368
  27.7047
  27.6779
  27.6518
  27.6222
  27.5966
  27.5688
  27.5424
  27.5152
  27.4822
  27.4401
  27.3875
  27.3321
  27.2675
  27.1982
  27.1195
  27.0389
  26.9553
  26.8715
  26.7905
  26.7087
  26.6266
  26.5411
  26.4510
  26.3619
  26.2697
  26.1749
  26.0776
  25.9808
  25.8871
  25.7954
  25.7643
  25.7364
  25.6953
  25.6627
  25.6308
  25.6027
  25.5693
  25.5286
  25.4855
  25.4399
  25.3940
  25.3466
  25.3013
  25.2537
  25.2051
  25.1548
  25.1042
  25.0526
  24.9977
  24.9368
  24.8668
  24.7961
  24.7294
  24.6641
  24.5993
  24.5365
  24.4718
  24.4077
  24.3421
  24.2716
  24.2011
  24.1280
  24.0546
  23.9820
  23.9123
  23.8442
  23.7777
  23.7095
  23.6403
  23.5679
  23.4992
  23.4351
  23.3705
  23.3140
  23.2601
  23.2097
  23.1592
  23.1066
  23.0539
  23.0021
  22.9495
  22.8893
  22.8201
  22.7501
  22.6839
  22.6139
  22.5385
  22.4579
  22.3786
  22.3065
  22.2427
  22.1828
  22.1256
  22.0227
  21.9113
  21.7956
  21.6776
  21.5565
  21.4367
  21.3193
  21.2072
  21.0919
  20.9739
  20.8469
  20.7107
  20.5698
  20.4286
  20.2865
  20.1440
  20.0046
  19.8681
  19.7363
  19.6062
  19.4816
  19.3605
  19.2429
  19.1270
  19.0131
  18.8998
  18.7876
  18.6746
  18.5616
  18.4486
  18.3375
  18.2269
  18.1141
  17.9998
  17.8873
  17.7773
  17.6700
  17.5666
  17.4605
  17.3547
  17.2525
  17.1486
  17.0423
  16.9324
  16.8186
  16.7056
  16.5920
  16.4764
  16.3610
  16.2501
  16.1477
  16.0450
  15.9395
  15.8401
  15.7467
  15.6568
  15.5669
  15.4707
  15.3711
  15.2745
  15.1786
  15.0808
  14.9911
  14.9030
  14.8146
  14.7348
  14.6597
  14.5838
  14.5021
  14.4213
  14.3421
  14.2722
  14.2141
  14.1602
  14.1091
  14.0622
  14.0138
  13.9641
  13.9147
  13.8637
  13.8110
  13.7550
  13.6931
  13.6280
  13.5618
  13.4983
  13.4330
  13.3671
  13.3026
  13.2382
  13.1742
  13.1091
  13.0437
  12.9805
  12.9169
  12.8539
  12.7885
  12.7204
  12.6511
  12.5871
  12.5225
  12.4537
  12.3838
  12.3130
  12.2503
  12.1929
  12.1349
  12.0832
  12.0399
  12.0015
  11.9684
  11.9334
  11.8988
  11.8620
  11.8213
  11.7775
  11.7338
  11.6906
  11.6528
  11.6173
  11.5794
  11.5373
  11.4969
  11.4532
  11.4077
  11.3589
  11.3049
  11.2419
  11.1732
  11.1042
  11.0364
  10.9708
  10.9092
  10.8462
  10.7851
  10.7258
  10.6682
  10.6128
  10.5561
  10.4978
  10.4370
  10.3716
  10.2996
  10.2265
  10.1572
  10.0931
  10.0276
   9.9631
   9.9017
   9.8441
   9.7852
   9.7276
   9.6700
   9.6129
   9.5530
   9.4929
   9.4333
   9.3773
   9.3234
   9.2711
   9.2168
   9.1642
   9.1173
   9.0744
   8.9738
   8.8680
   8.7579
   8.6438
   8.5226
   8.3907
   8.2500
   8.1040
   7.9604
   7.8184
   7.6807
   7.5473
   7.4164
   7.2860
   7.1545
   7.0158
   6.8715
   6.7250
   6.5773
   6.4306
   6.2840
   6.1391
   5.9964
   5.8546
   5.7151
   5.5795
   5.4461
   5.3134
   5.1797
   5.0407
