28057.6191
28057.8359
28057.7227
28057.5566
28057.6074
28057.5801
28057.7598
28057.6387
28057.7012
28057.5527
28057.5723
28057.5352
28057.5078
28057.3242
28057.3594
28057.2676
28057.1953
28057.0469
28057.0840
28057.0820
28057.1816
28057.4473
28057.5547
28057.6367
28057.4727
28057.5645
28057.6719
28057.9551
28057.5820
28058.0898
28058.3164
28058.1152
28058.0684
28057.8320
28057.6406
28057.5664
28057.6582
28057.7754
28058.1660
28058.2227
28058.3594
28058.3027
28058.1211
28058.0117
28058.1738
28058.1914
28058.4551
28058.6094
28058.6543
28058.7441
28059.1719
28059.3066
28059.4980
28059.6348
28059.7051
28059.6504
28059.6133
28059.6484
28059.8125
28059.9941
28059.8301
28059.7656
28059.8379
28060.2910
28060.0449
28060.0098
28059.8535
28059.6270
28059.7246
28059.5605
28059.1973
28058.9316
28059.0586
28058.6855
28058.6582
28058.8203
28058.5938
28058.3652
28058.4551
28058.5176
28058.4355
28058.2988
28058.3340
28058.1699
28058.0977
28058.4863
28058.6406
28058.7949
28059.1465
28059.0996
28059.4180
28059.2539
28059.5801
28059.3516
28059.3984
28059.3613
28059.8223
28060.1211
28060.4570
28060.6836
28060.8633
28060.7715
28060.1992
28059.9824
28059.8281
28059.8535
28059.8418
28059.7695
28059.7949
28060.0312
28060.0566
28060.1836
28060.2461
28060.2363
28060.1445
28060.1719
28060.0059
28059.8965
28060.0234
28060.0586
28060.1582
28059.8926
28060.0293
28060.2188
28060.2383
28059.8203
28059.8008
28059.6016
28059.4199
28059.3555
28059.3281
28059.4980
28059.6621
28059.9668
28059.8398
28059.5234
28059.6211
28059.4199
28059.6836
28059.6191
28059.6816
28059.7812
28060.0332
28060.3340
28060.7754
28060.9023
28060.9375
28061.0566
28060.9453
28061.0449
28061.0977
28061.1445
28061.4609
28061.6855
28061.7754
28061.3770
28061.4512
28061.1699
28061.1055
28060.9883
28060.8359
28061.1602
28060.8711
28060.9336
28061.1328
28061.2949
28061.3848
28061.5371
28061.6621
28061.7500
28061.9238
28061.9141
28061.5957
28061.5684
28061.2793
28060.8340
28060.6562
28060.6543
28060.7812
28060.8418
28060.9961
28060.9688
28060.9941
28060.8945
28060.7539
28060.5547
28060.5547
28060.6172
28060.5898
28060.7520
28060.7148
28060.6758
28060.8027
28060.7402
28060.9648
28060.9277
28060.8262
28060.8516
28060.5879
28060.6992
28060.5605
28060.6172
28060.5547
28060.4902
28060.3379
28060.4629
28060.4727
28060.4453
28060.4082
28060.3184
28060.0430
28060.2441
28060.4590
28060.2695
28060.3203
28060.0039
28060.0664
28059.8398
28059.8027
28059.7910
28059.7266
28059.5000
28059.3574
28059.3477
28059.4844
28059.4453
28059.5039
28059.5293
28059.7910
28059.8164
28059.7168
28059.8535
28059.8301
28059.9297
28060.0820
28060.1328
28060.2207
28060.3965
28060.3594
28060.5742
28060.5996
28060.7344
28060.4727
28060.4961
28060.3438
28060.3555
28060.4805
28060.8047
28060.9531
28062.1836
28061.6777
28062.0273
28061.8652
28061.9277
28061.9141
28061.9746
28061.8984
28061.9082
28061.8086
28061.8086
28061.6816
28061.6074
28061.5430
28061.6172
28061.5430
28061.4922
28061.5430
28061.7969
28061.9844
28062.1699
28062.2910
28062.1055
28061.8535
28062.3672
28062.4395
28062.5273
28062.5156
28062.6367
28062.3594
28062.4707
28062.4453
28062.2539
28062.2168
28062.2051
28062.2930
28062.3164
28062.5684
28062.8066
28062.9062
28062.9297
28062.8555
28062.6797
28062.6289
28062.4648
28062.3008
28062.1367
28061.9629
28061.7617
28061.5605
28061.3965
28061.1973
28060.9570
28060.6719
28060.5215
28060.4336
28060.4473
28060.5586
28060.6211
28060.5449
28060.5078
28060.4688
28060.2305
28060.1172
28059.9805
28059.7676
28059.5293
28059.4277
28059.2891
28059.2266
28059.0996
28058.9980
28058.7852
28058.5469
28058.2832
28057.9941
28057.9180
28057.7910
28057.6016
28057.5391
28057.4121
28057.0977
28057.1484
28057.1582
28057.1816
28057.2305
28057.5938
28057.4043
28057.3906
28057.2773
28057.2129
28057.1387
28056.5234
28056.3613
28056.3965
28056.4102
28056.4961
28056.9590
28057.1719
28057.2695
28057.3438
28057.5801
28057.7188
28057.8691
28058.0918
28058.2910
28058.4902
28058.6523
28058.7520
28058.8516
28058.9746
28059.1484
28059.3496
28059.4102
28059.5703
28059.5957
28059.5957
28059.6191
28059.6191
28059.6055
28059.6055
28059.4668
28059.5273
28059.3027
28059.2266
28059.0762
28058.9766
28058.8496
28058.7363
28058.7734
28058.9590
28059.0352
28059.0332
28058.9570
28058.8203
28058.5547
28058.4551
28058.2285
28058.1660
28058.0410
28058.0039
28057.9258
28057.8887
28057.8887
28057.8984
28057.8848
28057.9082
28058.1562
28058.6309
28059.0410
28059.3145
28059.6641
28059.9238
28060.1484
28060.2090
28060.3340
28060.3457
28060.3828
28060.3809
28060.4434
28060.6660
28060.8535
28061.1270
28061.2246
28061.3848
28061.3477
28061.3711
28061.2461
28061.1816
28060.9551
28060.8301
28060.6426
28060.4941
28060.4316
28060.1816
28059.9922
28059.9062
28059.9434
28059.7949
28059.9961
28059.9941
28060.1074
28060.2305
28060.4297
28060.4922
28060.6777
28060.9258
28060.9883
28061.0723
28061.1094
28061.3496
28061.4375
28061.4883
28061.4141
28061.4648
28061.4395
28061.3398
28061.3516
28061.3496
28061.2637
28061.2246
28061.1621
28061.1621
28061.1855
28061.3457
28061.4082
28061.5312
28061.5684
28061.5312
28061.3809
28061.2559
28060.9922
28060.8828
28060.7559
28060.6094
28060.4219
28060.5098
28060.2734
28060.2988
28060.2734
28060.1973
28060.2734
28060.1348
28060.0723
28059.8086
28059.5840
28059.3984
28059.0723
28059.0723
28058.9102
28059.2578
28059.0801
28059.0430
28058.8555
28058.7559
28058.2207
28058.0957
28058.1328
28058.2324
28058.2324
28058.1934
28058.1934
28058.2930
28058.2305
28058.3672
28058.3301
28058.4277
28058.8145
28058.9883
28059.1035
28059.2930
28059.4062
28059.2109
28059.4375
28059.3613
28059.5762
28059.6992
28059.8262
28059.8262
28059.8867
28059.9258
28060.0625
28059.9258
28059.7246
28059.6855
28059.5996
28059.4844
28059.4844
28059.5449
28059.5059
28059.4941
28059.5312
28059.5781
28059.8398
28059.9004
28059.9375
28060.1133
28060.0137
28059.9414
28059.9180
28059.8320
28059.8945
28059.8926
28059.6914
28059.6406
28059.6855
28059.7578
28060.0273
28059.9883
28060.0820
28059.8359
28059.6719
28059.5957
28059.8047
28059.7656
28059.8730
28059.8105
28059.6484
28059.5625
28059.4238
28059.3613
28059.4609
28059.4609
28059.5234
28059.5215
28059.6211
28059.6211
28059.5820
28059.5586
28059.5801
28059.5801
28059.4805
28059.5801
28059.6543
28059.7324
28059.8457
28059.8848
28059.9062
28060.1309
28060.1680
28060.2520
28060.2129
28060.2344
28060.1504
28060.1953
28060.2559
28060.3418
28060.3418
28060.4629
28060.4160
28060.4160
28060.6387
28060.3691
28060.2441
28060.3672
28060.2812
28059.9355
28060.1816
28060.1191
28060.0098
28060.0254
28059.8242
28059.7617
28059.7988
28059.7988
28059.8594
28059.9609
28060.0605
28060.0820
28060.2051
28060.2422
28060.3047
28060.4043
28060.4805
28060.6641
28060.5859
28060.7090
28060.7324
28060.6934
28060.5547
28060.5156
28060.4922
28060.4668
28060.4668
28060.5039
28060.5430
28060.5430
28060.5410
28060.6035
28060.6426
28060.6797
28060.6797
28060.7773
28060.6914
28060.6914
28060.7773
28060.8535
28060.8145
28060.7129
28060.6680
28060.5273
28060.4727
28060.3281
28060.3887
28060.4102
28060.4102
28060.4707
28060.5098
28060.4238
28060.6699
28060.7070
28060.7461
28060.9688
28060.9902
28060.9512
28060.9746
28061.1113
28061.0488
28061.2324
28061.0879
28061.2871
28061.0020
28061.1016
28061.2012
28061.2227
28061.3223
28061.1152
28061.3984
28061.3379
28061.2129
28061.1523
28060.9512
28061.0352
28061.1328
28061.6621
28061.7012
28062.0234
28062.0234
28061.6934
28061.3477
28061.4082
28061.3691
28061.3516
28061.2910
28061.3730
28061.4570
28061.3730
28061.3340
28061.3945
28061.2480
28061.4707
28061.6484
28061.9082
28061.9238
28061.6562
28061.8633
28061.8848
28061.7832
28061.9277
28061.8438
28061.7441
28061.5586
28061.8262
28061.7031
28061.7031
28061.6797
28061.5801
28061.5176
28061.4551
28061.6992
28061.7383
28061.6152
28061.8145
28061.8535
28061.8145
28061.9141
28061.8301
28062.0117
28061.8281
28061.7656
28061.9043
28061.9648
28061.9648
28062.0645
28062.1250
28062.0801
28062.0410
28062.2227
28062.0781
28062.3008
28062.3613
28062.4004
28062.5996
28062.7598
28062.6582
28063.0020
28063.0020
28063.0859
28063.1465
28063.0684
28063.2891
28062.9668
28062.9316
28062.7715
28062.7539
28062.8750
28063.0117
28063.2070
28063.2441
28063.4629
28063.4180
28063.4941
28064.0781
28063.9102
28064.1543
28064.3535
28064.5371
28064.3145
28064.4805
28064.3516
28064.2910
28064.3516
28064.2891
28064.0449
28064.0664
28063.9844
28063.9824
28063.9434
28064.0469
28063.9258
28063.9023
28064.0684
28063.9238
28063.9277
28064.0098
28064.0879
28064.0273
28064.0137
28064.2910
28064.1680
28064.2676
28064.3496
28064.3672
28064.0840
28064.2441
28064.0820
28064.0820
28064.4805
28064.3574
28064.3574
28064.3926
28064.3711
28064.3691
28064.5312
28064.3418
28064.2988
28064.1973
28064.4199
28064.4980
28064.6973
28064.4961
28064.5137
28064.4258
28064.5469
28064.9473
28064.7422
28064.8438
28065.1426
28065.0195
28065.2793
28065.2793
28064.9590
28065.1758
28065.2754
28065.3535
28065.6309
28065.4277
28065.3887
28065.4863
28065.7090
28065.4609
28065.8027
28065.6621
28066.0195
28065.9375
28066.1387
28066.2383
28066.4590
28066.5586
28066.5371
28066.8359
28066.5938
28066.7930
28066.6719
28066.9102
28066.8887
28067.1113
28067.0059
28067.3672
28067.5059
28067.6055
28067.6445
28067.7402
28067.7617
28067.9414
28068.1016
28068.1191
28068.1758
28068.4961
28068.2207
28068.2207
28068.0625
28068.0840
28068.0469
28068.3203
28068.3223
28068.5176
28068.5195
28068.8340
28068.8184
28069.0723
28069.0762
28069.1289
28069.2656
28069.5059
28069.5234
28070.0391
28070.0938
28070.3555
28070.6484
28070.8457
28070.5684
28070.5684
28070.3535
28070.1328
28069.8555
28070.3145
28070.1562
28070.4922
28070.6289
28071.0020
28070.8047
28071.3027
28070.9629
28070.6641
28070.8242
28071.2402
28071.4375
28071.9531
28072.2109
28072.3301
28072.2480
28072.3066
28072.3047
28072.2012
28072.4219
28072.5410
28072.5820
28072.6406
28073.0000
28073.0801
28073.0977
28073.4785
28073.2383
28073.5391
28073.6777
28073.6992
28073.5996
28074.0605
28073.7793
28073.8926
28074.0391
28074.1797
28074.1387
28074.2598
28074.3379
28074.3203
28074.5391
28074.5391
28074.5996
28074.8613
28074.8398
28074.8184
28075.0410
28074.9785
28075.1211
28075.2793
28075.3789
28075.6406
28075.5781
28075.8203
28075.7793
28076.1016
28076.3203
28075.9199
28075.9805
28076.1816
28076.3203
28076.4219
28076.4004
28076.2598
28076.3203
28076.5020
28076.4609
28076.3828
28076.4824
28076.4609
28076.3203
28076.4629
28076.5605
28076.5820
28076.6016
28076.6230
28076.6621
28076.5605
28076.7207
28076.7207
28076.6816
28076.7832
28076.6426
28076.7422
28076.7812
28076.7012
28076.9629
28077.0820
28077.0625
28077.1211
28076.9629
28076.8809
28077.1816
28077.3027
28077.4414
28077.4219
28077.4824
28077.5020
28077.3809
28077.5840
28077.5430
28077.7031
28077.7832
28077.8848
28077.8652
28078.1445
28078.0449
28078.3242
28078.5254
28078.6660
28078.8262
28078.6270
28078.9668
28078.9473
28079.0273
28079.1289
28079.1270
28079.2285
28079.4297
28079.4297
28079.3496
28079.4512
28079.3320
28079.4121
28079.5117
28079.4512
28079.3125
28079.1738
28079.1738
28079.1133
28079.0957
28079.3750
28079.1562
28079.1152
28079.1973
28079.2578
28079.3184
28079.2969
28079.3789
28079.3184
28079.4004
28079.5410
28079.2598
28079.5605
28079.4023
28079.3613
28079.2637
28079.3828
28079.4648
28079.2852
28079.6641
28078.9863
28079.4668
28079.2461
28079.3086
28078.9688
28079.3281
28079.3496
28079.4297
28079.6914
28079.6309
28080.0312
28079.9531
28080.1934
28080.1133
28079.7559
28079.8750
28079.9766
28079.8574
28079.7168
28079.6172
28079.8398
28079.6992
28079.6602
28079.9004
28080.1992
28079.9805
28080.0801
28079.9609
28080.2207
28080.5410
28080.3809
28080.2012
28079.9629
28080.5020
28080.6035
28080.0645
28080.2461
28080.5039
28080.4648
28080.6465
28080.6660
28080.4473
28080.5293
28080.0879
28080.3086
28080.0488
28080.0098
28079.8887
28079.7305
28079.8516
28079.8887
28079.7109
28079.7285
28079.6309
28079.7305
28079.6309
28079.9707
28079.9492
28079.8711
28079.9316
28079.8535
28079.8301
28079.8535
28079.8672
28079.9336
28079.8730
28079.9941
28080.0156
28079.9961
28080.0957
28080.0352
28080.0176
28080.0586
28079.8184
28079.7988
28079.6992
28079.9414
28079.9023
28079.8027
28079.9023
28079.8457
28079.9043
28079.9043
28079.7031
28079.6445
28079.5254
28079.7656
28079.6465
28079.5684
28079.4297
28079.5078
28079.3906
28079.6113
28079.6309
28079.5098
28079.6699
28079.3711
28079.3496
28079.5703
28079.4492
28079.5098
28079.3105
28079.3145
28079.2539
28079.3340
28079.2539
28079.2734
28079.3926
28079.3926
28079.3926
28079.4941
28079.6934
28079.7344
28079.6348
28079.9961
28079.9570
28080.0957
28080.2559
28080.3164
28080.2168
28080.3965
28080.3574
28080.5957
28080.4375
28080.4355
28080.3945
28080.4121
28080.6523
28080.7734
28080.7129
28080.6719
28080.6934
28080.5117
28080.6309
28080.5723
28080.5098
28080.5293
28080.4668
28080.2461
28080.0840
28079.9434
28080.0645
28079.7852
28080.0840
28080.2266
28080.1660
28080.1855
28080.0078
28080.1230
28079.9023
28079.9434
28079.8223
28079.9629
28079.9824
28079.9219
28079.7598
28079.6797
28079.4570
28079.4570
28079.3203
28079.1738
28078.7949
28078.9961
28078.9961
28078.9160
28078.6973
28078.7812
28078.7012
28078.8008
28078.4414
28078.4609
28078.7578
28078.6602
28078.6797
28078.4609
28078.5391
28078.3398
28078.4805
28078.1426
28078.2578
28077.9043
28077.8047
28078.0996
28077.7461
28077.6230
28077.4414
28077.1426
28077.5195
28077.1602
28077.1777
28077.1621
28077.2168
28076.8203
28076.8398
28076.6973
28076.6973
28076.5801
28076.5215
28076.4219
28076.2402
28076.0586
28075.8418
28075.8965
28075.6191
28075.4414
28075.3594
28075.2832
28075.1816
28075.1699
28074.9277
28074.8691
28075.0469
28074.7285
28074.7520
28074.3145
28074.2109
28073.9297
28073.7949
28073.7559
28073.5391
28073.5586
28073.1797
28073.1211
28073.0820
28073.1406
28072.9004
28072.8223
28072.6855
28072.5879
28072.4688
28072.5508
28072.2480
28072.1875
28072.1289
28072.1289
28071.6348
28071.6836
28071.8086
28071.4668
28071.6035
28071.4629
28071.0508
28071.0234
28071.0645
28070.8457
28070.5273
28070.5684
28070.3457
28070.7461
28070.5684
28070.4297
28070.3711
28070.3711
28070.1113
28070.2891
28070.2891
28070.1660
28070.1445
28070.0273
28070.0625
28069.5801
28069.6758
28069.6348
28069.3750
28069.1934
28069.1934
28068.9531
28068.8125
28068.6133
28068.5469
28068.3613
28068.2832
28068.4023
28068.1250
28068.1367
28068.0977
28067.8984
28067.9570
28067.8574
28067.7109
28067.7520
28067.4336
28068.0039
28066.9980
28067.1523
28067.1113
28067.1113
28067.3457
28067.1172
28067.1875
28067.0117
28067.0879
28066.8516
28066.6660
28066.9004
28066.6465
28066.8008
28066.5059
28066.0879
28066.1660
28066.3066
28065.9355
28065.8887
28065.8301
28065.7070
28065.5234
28065.7773
28065.5293
28065.4648
28065.0664
28065.3008
28065.1992
28065.1816
28065.0000
28065.0176
28065.1172
28065.1348
28064.9707
28065.0215
28065.0801
28065.2812
28065.0977
28065.1914
28065.1855
28065.1914
28065.0254
28065.2207
28065.3125
28065.2363
28065.5820
28065.1191
28064.8770
28065.3652
28065.4062
28065.0469
28064.9297
28064.9824
28065.0820
28065.0820
28064.6797
28064.8633
28064.7969
28065.0312
28064.9492
28064.9434
28065.0762
28065.1934
28065.0938
28065.3867
28065.2695
28065.1855
28065.3789
28065.5527
28065.4766
28065.5527
28065.5938
28065.5879
28065.5449
28065.7441
28065.5859
28065.7207
28065.8535
28065.9531
28065.8691
28065.8633
28065.9551
28065.8965
28066.0547
28066.1055
28066.1055
28066.0391
28065.8379
28065.8379
28065.6035
28065.5039
28065.5449
28065.4453
28065.4082
28065.1445
28065.0664
28065.3594
28065.2578
28065.4922
28065.6172
28065.5996
28065.5586
28065.7930
28065.4746
28065.5332
28065.2910
28065.1973
28065.2734
28065.2129
28065.5645
28065.3379
28065.4551
28065.4883
28065.5449
28065.4453
28065.4199
28065.5371
28065.4121
28065.4531
28065.4863
28065.6777
28065.1426
28065.6445
28065.5098
28065.6758
28065.6914
28065.8086
28065.6484
28066.1895
28065.9551
28065.8398
28066.0137
28065.8711
28065.6875
28065.8457
28065.9922
28065.7715
28065.3438
28065.5156
