28089.9395
28089.8984
28089.8594
28089.8184
28089.7754
28089.7285
28089.6797
28089.6348
28089.5879
28089.5449
28089.5098
28089.4766
28089.4414
28089.4043
28089.3691
28089.3359
28089.3066
28089.2793
28089.2461
28089.2051
28089.1543
28089.0938
28089.0312
28088.9746
28088.9238
28088.8828
28088.8496
28088.8242
28088.8066
28088.7871
28088.7676
28088.7852
28088.8047
28088.8242
28088.8477
28088.8730
28088.9043
28088.9355
28088.9668
28089.0000
28089.0293
28089.0586
28089.0840
28089.1035
28089.1191
28089.1289
28089.1348
28089.1406
28089.1523
28089.1660
28089.1875
28089.2148
28089.2500
28089.2891
28089.3359
28089.3848
28089.4355
28089.4902
28089.5449
28089.5957
28089.6484
28089.7012
28089.7559
28089.8086
28089.8613
28089.9160
28089.9668
28090.0176
28090.0645
28090.1113
28090.1582
28090.2031
28090.2461
28090.2930
28090.3379
28090.3828
28090.4258
28090.4688
28090.5059
28090.5488
28090.5957
28090.6465
28090.7012
28090.7598
28090.8125
28090.8633
28090.9082
28090.9473
28090.9785
28091.0020
28091.0234
28091.0371
28091.0488
28091.0605
28091.0703
28091.0801
28091.0938
28091.1113
28091.1309
28091.1543
28091.1797
28091.2090
28091.2363
28091.2676
28091.3008
28091.3379
28091.3809
28091.4277
28091.4785
28091.5293
28091.5762
28091.6211
28091.6641
28091.7012
28091.7402
28091.7734
28091.8027
28091.8340
28091.8613
28091.8906
28091.9199
28091.9434
28091.9648
28091.9863
28092.0059
28092.0254
28092.0469
28092.0684
28092.0879
28092.1113
28092.1328
28092.1523
28092.1719
28092.1914
28092.2090
28092.2227
28092.2344
28092.2402
28092.2441
28092.2402
28092.2285
28092.2109
28092.1895
28092.1660
28092.1367
28092.1113
28092.0859
28092.0605
28092.0371
28092.0176
28092.0020
28091.9863
28091.9746
28091.9648
28091.9512
28091.9375
28091.9238
28091.9121
28091.8965
28091.8848
28091.8711
28091.8594
28091.8496
28091.8457
28091.8457
28091.8496
28091.8594
28091.8672
28091.8770
28091.8809
28091.8809
28091.8789
28091.8730
28091.8574
28091.8379
28091.8105
28091.7832
28091.7500
28091.7188
28091.6895
28091.6602
28091.6328
28091.6094
28091.5820
28091.5566
28091.5293
28091.5039
28091.4785
28091.4512
28091.4277
28091.4023
28091.3770
28091.3516
28091.3242
28091.2969
28091.2715
28091.2480
28091.2266
28091.2090
28091.1973
28091.1914
28091.1934
28091.1992
28091.2051
28091.2148
28091.2246
28091.2324
28091.2363
28091.2383
28091.2383
28091.2344
28091.2207
28091.2090
28091.1973
28091.1836
28091.1719
28091.1660
28091.1641
28091.1641
28091.1660
28091.1699
28091.1699
28091.1699
28091.1680
28091.1582
28091.1465
28091.1309
28091.1094
28091.0898
28091.0703
28091.0527
28091.0371
28091.0234
28091.0137
28091.0078
28091.0078
28091.0078
28091.0117
28091.0156
28091.0195
28091.0215
28091.0195
28091.0176
28091.0156
28091.0195
28091.0215
28091.0234
28091.0273
28091.0293
28091.0312
28091.0371
28091.0410
28091.0469
28091.0547
28091.0645
28091.0723
28091.0801
28091.0879
28091.0977
28091.1035
28091.1094
28091.1113
28091.1152
28091.1172
28091.1191
28091.1211
28091.1230
28091.1270
28091.1328
28091.1387
28091.1445
28091.1523
28091.1641
28091.1758
28091.1875
28091.2012
28091.2148
28091.2266
28091.2363
28091.2422
28091.2461
28091.2461
28091.2500
28091.2500
28091.2500
28091.2539
28091.2578
28091.2598
28091.2637
28091.2637
28091.2617
28091.2578
28091.2539
28091.2500
28091.2422
28091.2324
28091.2227
28091.2090
28091.1934
28091.1816
28091.1719
28091.1660
28091.1680
28091.1777
28091.1875
28091.1953
28091.2031
28091.2051
28091.2051
28091.2012
28091.1992
28091.1973
28091.1992
28091.2031
28091.2129
28091.2148
28091.2168
28091.2109
28091.1973
28091.1777
28091.1504
28091.1211
28091.0918
28091.0625
28091.0332
28091.0059
28090.9805
28090.9570
28090.9316
28090.9082
28090.8848
28090.8633
28090.8418
28090.8184
28090.7988
28090.7793
28090.7598
28090.7422
28090.7227
28090.6992
28090.6777
28090.6562
28090.6328
28090.6055
28090.5801
28090.5508
28090.5234
28090.4961
28090.4746
28090.4531
28090.4316
28090.4160
28090.4023
28090.3926
28090.3887
28090.3965
28090.4121
28090.4258
28090.4375
28090.4492
28090.4551
28090.4590
28090.4609
28090.4609
28090.4648
28090.4727
28090.4883
28090.5156
28090.5508
28090.5898
28090.6328
28090.6738
28090.7168
28090.7559
28090.7871
28090.8027
28090.8105
28090.8086
28090.8008
28090.7930
28090.7871
28090.7930
28090.8066
28090.8242
28090.8457
28090.8691
28090.8984
28090.9336
28090.9766
28091.0215
28091.0684
28091.1133
28091.1543
28091.1934
28091.2324
28091.2676
28091.3008
28091.3340
28091.3672
28091.4023
28091.4375
28091.4727
28091.5059
28091.5391
28091.5742
28091.6094
28091.6445
28091.6797
28091.7148
28091.7500
28091.7832
28091.8262
28091.8691
28091.9160
28091.9609
28092.0059
28092.0430
28092.0820
28092.1230
28092.1699
28092.2188
28092.2715
28092.3223
28092.3691
28092.4062
28092.4336
28092.4492
28092.4531
28092.4512
28092.4434
28092.4375
28092.4297
28092.4199
28092.4043
28092.3887
28092.3730
28092.3672
28092.3750
28092.3945
28092.4258
28092.4648
28092.5039
28092.5449
28092.5840
28092.6250
28092.6641
28092.6992
28092.7266
28092.7461
28092.7559
28092.7598
28092.7656
28092.7734
28092.7852
28092.7969
28092.8066
28092.8145
28092.8184
28092.8203
28092.8223
28092.8262
28092.8340
28092.8438
28092.8555
28092.8691
28092.8809
28092.8887
28092.8984
28092.9043
28092.9082
28092.9102
28092.9102
28092.9062
28092.9004
28092.8945
28092.8887
28092.8809
28092.8730
28092.8633
28092.8516
28092.8398
28092.8262
28092.8105
28092.7969
28092.7832
28092.7754
28092.7754
28092.7812
28092.7910
28092.8066
28092.8262
28092.8418
28092.8574
28092.8711
28092.8867
28092.9004
28092.9160
28092.9258
28092.9355
28092.9473
28092.9570
28092.9688
28092.9805
28092.9902
28093.0000
28093.0098
28093.0215
28093.0391
28093.0547
28093.0762
28093.1016
28093.1309
28093.1621
28093.1992
28093.2441
28093.2910
28093.3457
28093.4004
28093.4531
28093.5059
28093.5527
28093.5957
28093.6309
28093.6641
28093.6934
28093.7188
28093.7441
28093.7715
28093.7988
28093.8301
28093.8555
28093.8789
28093.9004
28093.9141
28093.9238
28093.9316
28093.9375
28093.9395
28093.9414
28093.9395
28093.9395
28093.9395
28093.9434
28093.9512
28093.9609
28093.9727
28093.9824
28093.9961
28094.0059
28094.0176
28094.0273
28094.0371
28094.0508
28094.0684
28094.0898
28094.1172
28094.1504
28094.1914
28094.2402
28094.2930
28094.3535
28094.4160
28094.4785
28094.5371
28094.5957
28094.6523
28094.7051
28094.7578
28094.8066
28094.8594
28094.9141
28094.9727
28095.0371
28095.1035
28095.1680
28095.2285
28095.2891
28095.3516
28095.4180
28095.4902
28095.5684
28095.6562
28095.7480
28095.8496
28095.9570
28096.0703
28096.1895
28096.3184
28096.4512
28096.5898
28096.7383
28096.8945
28097.0625
28097.2344
28097.4141
28097.5977
28097.7812
28097.9668
28098.1562
28098.3438
28098.5371
28098.7324
28098.9258
28099.1191
28099.3125
28099.5059
28099.6973
28099.8867
28100.0703
28100.2500
28100.4238
28100.5938
28100.7578
28100.9199
28101.0801
28101.2383
28101.3945
28101.5449
28101.6914
28101.8340
28101.9727
28102.1074
28102.2441
28102.3789
28102.5137
28102.6445
28102.7734
28102.8926
28103.0039
28103.1094
28103.2070
28103.2988
28103.3887
28103.4727
28103.5547
28103.6348
28103.7148
28103.7891
28103.8613
28103.9297
28103.9980
28104.0625
28104.1250
28104.1895
28104.2480
28104.3066
28104.3633
28104.4180
28104.4668
28104.5137
28104.5547
28104.5859
28104.6094
28104.6289
28104.6445
28104.6523
28104.6602
28104.6680
28104.6719
28104.6758
28104.6777
28104.6738
28104.6680
28104.6602
28104.6523
28104.6406
28104.6289
28104.6172
28104.6094
28104.6035
28104.6055
28104.6152
28104.6289
28104.6406
28104.6562
28104.6680
28104.6777
28104.6855
28104.6934
28104.6992
28104.7090
28104.7188
28104.7285
28104.7324
28104.7363
28104.7422
28104.7500
28104.7617
28104.7852
28104.8145
28104.8496
28104.8926
28104.9375
28104.9824
28105.0273
28105.0723
28105.1113
28105.1504
28105.1914
28105.2363
28105.2793
28105.3262
28105.3750
28105.4297
28105.4785
28105.5293
28105.5820
28105.6348
28105.6875
28105.7441
28105.8047
28105.8672
28105.9355
28106.0098
28106.0879
28106.1680
28106.2559
28106.3477
28106.4395
28106.5332
28106.6250
28106.7148
28106.8008
28106.8848
28106.9668
28107.0488
28107.1309
28107.2168
28107.3086
28107.4043
28107.5000
28107.5938
28107.6797
28107.7695
28107.8555
28107.9434
28108.0332
28108.1289
28108.2285
28108.3262
28108.4277
28108.5293
28108.6309
28108.7344
28108.8379
28108.9434
28109.0547
28109.1641
28109.2754
28109.3848
28109.4961
28109.6074
28109.7129
28109.8145
28109.9121
28110.0078
28110.0996
28110.1953
28110.2930
28110.3887
28110.4805
28110.5684
28110.6543
28110.7363
28110.8086
28110.8711
28110.9258
28110.9707
28111.0039
28111.0312
28111.0508
28111.0684
28111.0840
28111.1016
28111.1211
28111.1387
28111.1582
28111.1699
28111.1719
28111.1660
28111.1504
28111.1309
28111.1191
28111.1113
28111.1094
28111.1152
28111.1289
28111.1426
28111.1562
28111.1680
28111.1719
28111.1699
28111.1641
28111.1562
28111.1465
28111.1367
28111.1289
28111.1230
28111.1191
28111.1250
28111.1426
28111.1719
28111.2051
28111.2383
28111.2676
28111.3008
28111.3320
28111.3711
28111.4238
28111.4902
28111.5664
28111.6484
28111.7305
28111.8066
28111.8770
28111.9473
28112.0137
28112.0801
28112.1484
28112.2188
28112.2969
28112.3809
28112.4629
28112.5391
28112.6035
28112.6719
28112.7422
28112.8164
28112.9004
28112.9961
28113.0957
28113.1992
28113.3086
28113.4219
28113.5332
28113.6426
28113.7520
28113.8633
28113.9785
28114.0977
28114.2227
28114.3496
28114.4746
28114.5957
28114.7148
28114.8281
28114.9277
28115.0156
28115.0957
28115.1602
28115.2168
28115.2676
28115.3066
28115.3340
28115.3477
28115.3438
28115.3281
28115.2988
28115.2598
28115.2090
28115.1445
28115.0645
28114.9629
28114.8535
28114.7422
28114.6270
28114.5078
28114.3867
28114.2578
28114.1113
28113.9414
28113.7559
28113.5508
28113.3359
28113.1133
28112.8926
28112.6680
28112.4414
28112.2188
28111.9961
28111.7715
28111.5547
28111.3359
28111.1250
28110.9160
28110.7109
28110.5020
28110.2871
28110.0703
28109.8516
28109.6328
28109.4121
28109.1934
28108.9707
28108.7422
28108.5098
28108.2734
28108.0312
28107.7793
28107.5195
28107.2559
28106.9883
28106.7168
28106.4512
28106.1934
28105.9238
28105.6484
28105.3770
28105.1172
28104.8555
28104.6055
28104.3730
28104.1504
28103.9297
28103.7246
28103.5410
28103.3711
28103.2227
28103.0938
28102.9785
28102.8730
28102.7773
28102.6934
28102.6211
28102.5566
28102.5020
28102.4590
28102.4258
28102.3984
28102.3711
28102.3516
28102.3398
28102.3223
28102.2988
28102.2734
28102.2422
28102.2031
28102.1680
28102.1426
28102.1211
28102.1035
28102.0801
28102.0508
28102.0176
28101.9805
28101.9395
28101.9023
28101.8691
28101.8418
28101.8164
28101.7949
28101.7734
28101.7598
28101.7559
28101.7676
28101.7910
28101.8281
28101.8789
28101.9375
28102.0098
28102.0977
28102.1934
28102.2988
28102.4160
28102.5332
28102.6289
28102.7012
28102.7461
28102.7598
28102.7441
28102.7246
28102.7031
28102.6719
28102.6367
28102.6094
28102.5801
28102.5547
28102.5352
28102.5195
28102.5000
28102.4805
28102.4629
28102.4453
28102.4297
28102.4180
28102.4102
28102.4023
28102.3945
28102.3828
28102.3711
28102.3652
28102.3594
28102.3594
28102.3770
28102.4180
28102.4766
28102.5605
28102.6641
28102.7773
28102.8867
28102.9980
28103.1055
28103.2148
28103.3262
28103.4375
28103.5586
28103.6895
28103.8281
28103.9707
28104.1191
28104.2715
28104.4277
28104.5801
28104.7305
28104.8730
28105.0020
28105.1152
28105.2168
28105.3105
28105.3965
28105.4766
28105.5508
28105.6250
28105.6992
28105.7695
28105.8418
28105.9336
28106.0605
28106.2246
28106.4219
28106.6484
28106.8867
28107.1250
28107.3613
28107.5996
28107.8418
28108.0820
28108.3203
28108.5488
28108.7695
28108.9863
28109.1953
28109.3984
28109.5918
28109.7715
28109.9434
28110.1035
28110.2539
28110.3965
28110.5352
28110.6641
28110.7910
28110.9062
28111.0195
28111.1250
28111.2207
28111.3086
28111.3926
28111.4668
28111.5352
28111.6035
28111.6719
28111.7363
28111.7969
28111.8516
28111.9043
28111.9551
28112.0020
28112.0488
28112.0977
28112.1426
28112.1797
28112.2090
28112.2363
28112.2539
28112.2676
28112.2754
28112.2812
28112.2852
28112.2852
28112.2793
28112.2754
28112.2754
28112.2715
28112.2734
28112.2773
28112.2832
28112.2832
28112.2891
28112.2949
28112.2949
28112.2891
28112.2734
28112.2422
28112.1992
28112.1504
28112.0996
28112.0547
28112.0137
28111.9727
28111.9355
28111.8945
28111.8477
28111.7969
28111.7402
28111.6797
28111.6133
28111.5391
28111.4629
28111.3867
28111.3086
28111.2227
28111.1289
28111.0273
28110.9121
28110.7852
28110.6504
28110.5098
28110.3633
28110.2129
28110.0586
28109.8984
28109.7246
28109.5449
28109.3652
28109.1738
28108.9727
28108.7656
28108.5508
28108.3242
28108.0977
28107.8750
28107.6562
28107.4395
28107.2207
28107.0059
28106.7891
28106.5742
28106.3633
28106.1523
28105.9434
28105.7422
28105.5352
28105.3262
28105.1172
28104.9062
28104.6895
28104.4766
28104.2695
28104.0605
28103.8496
28103.6465
28103.4531
28103.2754
28103.1191
28102.9883
28102.8652
28102.7461
28102.6133
28102.4746
28102.3242
28102.1660
28102.0078
28101.8535
28101.7012
28101.5508
28101.3984
28101.2500
28101.1055
28100.9648
28100.8223
28100.6816
28100.5488
28100.4199
28100.2949
28100.1797
28100.0742
28099.9746
28099.8809
28099.7910
28099.7109
28099.6328
28099.5605
28099.4961
28099.4375
28099.3828
28099.3340
28099.2910
28099.2500
28099.2109
28099.1699
28099.1230
28099.0664
28099.0098
28098.9551
28098.9023
28098.8574
28098.8203
28098.7871
28098.7559
28098.7266
28098.6914
28098.6543
28098.6172
28098.5742
28098.5254
28098.4746
28098.4219
28098.3691
28098.3125
28098.2559
28098.2012
28098.1465
28098.0859
28098.0156
28097.9355
28097.8379
28097.7363
28097.6289
28097.5234
28097.4219
28097.3223
28097.2246
28097.1309
28097.0391
28096.9473
28096.8613
28096.7871
28096.7168
28096.6562
28096.6016
28096.5527
28096.5137
28096.4766
28096.4473
28096.4238
28096.4102
28096.4023
28096.4004
28096.4004
28096.4004
28096.4004
28096.3965
28096.3887
28096.3809
28096.3711
28096.3672
28096.3691
28096.3828
28096.4043
28096.4336
28096.4785
28096.5312
28096.5898
28096.6504
28096.7070
28096.7598
28096.8047
28096.8418
28096.8730
28096.8945
28096.9102
28096.9297
28096.9512
28096.9707
28097.0000
28097.0391
28097.0820
28097.1289
28097.1758
28097.2227
28097.2676
28097.3086
28097.3418
28097.3711
28097.3984
28097.4180
28097.4297
28097.4355
28097.4395
28097.4434
28097.4395
28097.4375
28097.4336
28097.4219
28097.4102
28097.4004
28097.3887
28097.3730
28097.3555
28097.3359
28097.3086
28097.2773
28097.2363
28097.1914
28097.1426
28097.0957
28097.0410
28096.9883
28096.9297
28096.8691
28096.8086
28096.7461
28096.6836
28096.6211
28096.5527
28096.4805
28096.4023
28096.3164
28096.2188
28096.1172
28096.0039
28095.8789
28095.7441
28095.6035
28095.4551
28095.3047
28095.1504
28094.9980
28094.8457
28094.6973
28094.5566
28094.4238
28094.2949
28094.1738
28094.0625
28093.9512
28093.8359
28093.7227
28093.6055
28093.4902
28093.3770
28093.2637
28093.1543
28093.0527
28092.9531
28092.8613
28092.7773
28092.7031
28092.6387
28092.5781
28092.5254
28092.4805
28092.4395
28092.4023
28092.3691
28092.3379
28092.3066
28092.2773
28092.2480
28092.2188
28092.1895
28092.1621
28092.1367
28092.1152
28092.0996
28092.0840
28092.0664
28092.0488
28092.0254
28092.0098
28091.9941
28091.9766
28091.9531
28091.9297
28091.9062
28091.8828
28091.8613
28091.8418
28091.8184
28091.7949
28091.7715
28091.7500
28091.7344
28091.7285
28091.7285
28091.7305
28091.7344
28091.7422
28091.7480
28091.7559
28091.7637
28091.7715
28091.7773
28091.7773
28091.7754
28091.7637
28091.7480
28091.7305
28091.7031
28091.6719
28091.6426
28091.6133
28091.5840
28091.5527
28091.5176
28091.4863
28091.4590
28091.4375
28091.4238
28091.4160
28091.4062
28091.3965
28091.3867
28091.3711
28091.3535
28091.3379
28091.3223
28091.3145
28091.3086
28091.2676
28091.2227
28091.1797
28091.1289
28091.0723
28091.0078
28090.9395
28090.8672
28090.7930
28090.7246
28090.6543
28090.5820
28090.5137
28090.4492
28090.3906
28090.3359
28090.2812
28090.2305
28090.1758
28090.1230
28090.0723
28090.0254
28089.9766
28089.9297
28089.8828
28089.8340
28089.7812
28089.7324
28089.6875
28089.6504
