28027.6094
28027.5742
28027.5742
28027.6094
28027.5840
28027.5781
28027.6172
28027.8477
28027.6074
28027.7480
28027.7773
28028.0234
28027.9453
28028.1445
28027.9766
28028.3867
28028.2520
28028.4297
28028.2207
28028.3242
28028.2617
28028.1621
28028.1270
28028.3730
28028.1992
28028.5059
28028.5059
28028.3008
28028.3711
28028.2969
28028.6758
28028.7969
28029.1309
28029.1895
28029.4414
28029.5938
28029.4219
28029.6992
28029.7793
28029.8848
28029.7480
28029.8594
28029.7969
28029.9707
28029.7344
28030.1348
28030.1406
28030.4141
28030.1035
28030.3047
28030.1738
28030.4746
28030.6367
28030.7480
28030.7695
28031.2070
28031.3379
28031.1270
28031.1973
28031.0586
28031.1484
28031.3281
28031.3770
28031.2852
28031.3672
28031.1367
28030.9980
28031.2988
28031.1680
28031.2637
28031.5000
28031.5371
28031.5137
28031.7500
28031.7812
28031.6465
28031.7832
28031.7773
28031.7461
28031.8457
28032.0840
28032.4648
28032.3965
28032.2734
28032.3047
28032.4863
28032.7422
28032.6289
28032.6191
28032.6250
28032.5684
28032.6270
28032.5273
28032.6582
28032.4902
28032.4277
28032.2461
28032.2168
28032.5469
28032.6172
28032.5117
28032.4863
28032.7559
28032.5176
28032.6504
28032.4258
28032.1133
28032.4023
28032.4277
28032.4844
28032.3828
28032.4590
28032.3535
28032.4609
28032.2852
28032.2559
28032.2246
28032.3496
28032.4434
28032.2363
28032.6191
28032.6758
28032.3691
28032.5312
28032.6309
28032.9004
28032.8164
28033.1387
28033.0098
28032.9883
28032.8633
28033.0566
28032.9199
28032.8574
28033.0352
28032.6914
28032.8359
28032.8125
28032.8047
28032.7598
28032.7988
28033.0605
28032.8926
28032.7559
28032.7324
28032.6543
28032.5938
28032.4863
28032.4492
28032.3105
28032.2422
28032.3496
28032.3105
28032.3516
28032.3105
28032.3828
28032.4434
28032.4043
28032.4453
28032.4668
28032.6582
28032.7754
28032.8828
28032.8516
28032.8535
28032.5840
28032.5684
28032.7090
28032.8320
28032.9238
28032.8164
28032.9258
28032.6777
28032.9727
28032.7246
28032.6426
28032.8496
28032.9277
28033.0293
28032.7207
28032.7891
28032.6660
28032.7051
28032.7988
28032.6289
28032.6523
28032.5684
28032.7383
28032.8613
28032.8398
28032.8398
28032.9238
28033.0078
28032.9395
28032.8398
28032.9023
28032.9023
28032.9258
28033.0332
28032.7852
28033.0566
28032.8770
28032.9570
28032.9883
28033.3086
28033.0801
28033.4277
28033.2324
28033.2637
28032.9473
28032.8457
28032.8672
28032.7207
28032.8223
28032.7422
28032.8613
28032.9219
28032.5898
28032.8301
28032.8008
28033.1406
28032.9609
28033.1094
28033.2402
28033.0605
28033.2012
28033.1406
28032.9004
28033.2793
28033.2578
28033.2188
28033.0898
28033.1582
28033.3418
28033.4023
28032.8418
28033.2715
28032.7422
28033.1426
28033.1133
28032.6348
28033.2520
28033.1914
28032.9531
28033.5898
28033.4688
28032.6016
28033.5176
28033.3496
28032.7910
28033.2383
28033.1094
28033.2207
28032.9434
28033.6230
28032.9648
28032.9258
28033.2246
28033.3359
28033.1074
28033.2070
28033.2363
28033.5156
28033.5566
28033.5664
28033.4453
28033.4668
28033.3164
28033.0762
28032.9453
28032.9570
28032.9570
28032.8574
28032.7773
28032.9785
28032.6191
28032.5977
28032.7090
28032.9473
28032.7695
28033.1094
28033.2695
28033.1895
28033.0391
28033.0000
28033.3008
28033.0195
28033.3105
28033.4590
28033.2910
28033.2617
28033.3906
28033.2207
28033.4707
28033.3320
28033.2207
28033.3008
28033.4707
28033.3906
28033.2598
28033.3203
28033.0918
28033.5312
28033.4590
28033.2305
28033.3398
28033.2305
28033.3711
28033.1621
28033.0625
28033.4121
28033.2129
28032.9727
28033.1426
28033.1816
28033.1621
28033.1816
28032.7832
28033.0234
28032.7129
28032.6934
28032.8828
28032.6133
28032.8535
28032.4844
28032.8535
28032.6133
28032.4941
28032.5234
28032.7227
28032.6348
28032.7363
28032.6465
28032.8281
28032.6289
28032.6758
28032.7285
28032.7285
28032.7285
28032.7578
28032.9180
28032.9180
28032.9277
28033.0000
28032.6699
28032.7109
28032.6816
28032.7227
28032.3711
28032.6406
28032.9238
28033.0234
28032.8828
28032.9727
28032.3789
28032.8008
28032.9004
28032.4082
28033.0020
28032.5918
28032.5918
28032.6035
28032.4316
28032.5039
28032.4746
28032.5039
28032.4453
28032.5156
28032.5156
28032.8691
28032.9688
28032.9102
28033.0215
28033.0820
28033.2324
28033.1758
28033.2461
28033.3750
28033.3750
28033.2930
28033.2246
28033.0762
28032.9121
28032.7422
28032.6113
28032.6699
28033.0371
28032.7832
28032.7969
28032.8848
28032.7793
28032.6094
28032.7090
28032.5684
28032.6387
28032.7520
28032.8652
28032.8066
28032.6055
28032.7344
28032.8184
28032.9609
28032.9316
28032.8613
28032.7617
28032.5195
28032.3086
28032.4492
28032.1973
28032.1973
28032.1270
28032.0098
28031.9805
28032.2070
28031.9238
28031.8945
28031.8770
28031.8652
28031.8672
28031.9258
28032.0371
28032.1387
28032.1797
28032.3809
28032.1270
28032.3105
28032.5820
28032.4395
28032.6543
28032.4121
28032.4121
28032.5254
28032.5977
28032.3848
28032.4688
28032.7227
28032.7949
28033.0371
28033.2832
28033.2129
28033.2539
28033.3555
28033.3848
28033.6016
28033.4727
28033.5156
28033.4746
28033.3887
28033.5039
28033.5449
28033.4883
28033.6016
28033.6152
28033.4316
28033.2305
28032.9043
28032.7891
28032.4629
28032.1230
28031.9395
28031.9805
28031.8691
28031.8398
28031.7695
28031.7988
28031.8418
28032.0410
28032.1562
28032.2402
28032.0039
28032.2656
28032.6777
28032.5645
28032.6641
28032.6387
28032.6953
28032.7539
28032.5938
28032.7383
28032.7969
28032.6250
28032.6387
28032.7676
28032.7109
28032.9121
28032.8535
28032.9531
28032.8262
28032.8828
28032.9121
28032.9121
28032.8828
28033.0117
28033.0684
28033.0977
28032.9824
28033.0840
28033.0684
28033.1543
28033.2266
28033.2832
28033.0117
28033.1836
28033.1836
28033.0273
28032.9844
28032.8555
28032.7832
28032.8281
28032.5703
28032.4707
28032.4844
28032.4570
28032.6855
28032.4727
28032.5000
28032.5566
28032.5000
28032.4434
28032.4453
28032.3438
28032.3027
28032.3027
28032.2012
28032.2734
28032.2012
28032.2188
28032.1172
28032.1172
28032.1055
28032.0586
28031.9180
28032.0488
28032.0781
28032.0059
28032.1055
28032.1074
28032.1211
28032.0938
28032.0645
28032.0078
28032.0371
28031.9102
28031.8379
28031.7246
28031.6523
28031.5254
28031.5254
28031.4824
28031.4551
28031.4395
28031.3555
28031.3281
28031.2988
28031.1426
28031.0430
28031.1426
28031.0723
28030.9590
28030.9590
28030.9590
28030.8594
28030.9043
28030.9043
28030.9473
28031.1211
28031.1934
28031.3633
28031.4668
28031.4375
28031.6934
28031.7656
28031.7227
28031.5645
28031.7812
28031.5938
28031.7090
28031.9102
28031.9668
28031.9102
28032.0664
28032.0234
28032.2637
28031.9805
28031.9805
28032.3105
28032.1348
28032.2637
28032.1367
28032.2480
28032.3203
28032.3203
28032.5527
28032.3047
28032.1777
28032.3379
28032.3496
28032.2500
28031.8574
28032.2754
28032.0312
28031.6992
28031.9883
28032.0117
28031.8965
28031.8516
28031.8086
28032.1523
28032.3086
28032.3535
28032.3535
28032.4961
28032.5527
28032.6973
28032.6797
28032.4824
28032.4102
28032.4941
28032.4824
28032.6660
28032.6816
28032.4648
28032.3477
28032.2480
28032.3203
28032.3652
28032.3105
28032.3652
28032.3652
28032.1934
28032.2383
28032.2090
28032.2812
28032.3926
28032.2930
28032.3828
28032.4219
28032.2656
28032.2500
28032.3379
28032.2227
28032.2832
28032.4121
28032.3105
28032.3848
28032.5176
28032.6172
28032.6172
28032.8613
28032.8633
28032.8340
28032.7910
28032.5977
28032.8184
28032.8086
28032.7363
28032.8242
28032.5977
28032.6973
28032.8418
28032.4980
28032.5547
28032.5547
28032.4082
28032.4375
28032.5195
28032.7109
28032.6035
28032.6934
28032.5371
28032.4375
28032.6484
28032.5664
28032.5215
28032.3770
28032.4043
28032.5156
28032.0879
28032.1875
28032.4316
28032.3320
28032.4434
28032.3145
28032.5332
28032.3066
28032.4609
28032.5508
28032.6055
28032.5508
28032.7793
28032.6777
28032.6328
28032.7246
28032.5684
28032.7246
28032.7246
28032.6699
28032.6152
28032.6504
28032.7598
28032.8320
28032.7422
28032.8770
28032.4160
28032.3164
28032.8789
28032.5625
28033.0078
28032.9434
28032.7988
28032.9434
28032.9160
28032.7441
28032.9629
28032.8711
28032.9727
28032.9453
28033.1641
28033.2812
28032.7559
28033.1641
28032.9727
28032.8828
28033.1914
28032.9551
28033.3555
28033.1270
28033.0645
28033.3555
28033.0742
28033.3008
28033.4297
28033.0820
28033.2031
28032.9746
28033.1836
28033.4023
28033.0469
28033.1738
28033.0469
28032.9551
28032.9277
28032.9473
28032.9473
28032.9551
28032.5918
28032.9551
28032.9648
28032.5449
28032.7383
28032.6914
28032.8809
28032.5996
28032.5996
28032.5547
28032.3555
28032.4902
28032.5078
28032.3965
28032.2695
28032.4688
28032.0977
28032.4238
28032.1582
28032.2969
28032.1582
28032.3320
28031.9590
28032.0117
28031.6211
28031.8184
28031.2930
28031.3809
28031.5469
28030.9434
28031.5273
28031.3691
28031.3691
28031.4941
28031.0117
28031.1562
28030.9258
28031.1367
28030.9883
28030.7969
28030.5430
28030.3789
28030.2305
28030.3086
28030.5488
28029.8691
28029.7090
28029.9902
28029.4492
28029.9355
28029.5488
28029.1289
28029.3555
28029.6484
28029.4277
28029.4609
28029.2930
28028.8203
28029.2852
28028.9453
28028.6582
28029.1445
28028.5918
28028.3164
28028.5703
28028.5898
28028.1758
28028.2480
28028.4551
28028.1328
28028.2344
28028.6523
28028.0859
28028.1172
28028.3691
28028.4102
28028.2754
28028.4219
28028.4941
28028.6738
28028.6465
28028.9707
28028.8242
28029.0820
28029.2031
28029.2344
28029.6328
28029.5391
28029.4121
28029.5430
28029.5684
28029.6523
28029.3320
28029.7305
28029.6758
28029.7500
28029.9082
28029.4863
28029.6445
28029.9902
28029.5742
28029.6523
28029.8516
28029.6562
28029.5625
28029.7812
28030.0332
28030.3574
28030.1094
28030.3281
28030.3594
28030.0645
28030.4102
28030.4824
28030.8086
28030.5859
28030.6582
28030.7363
28030.9512
28031.0723
28031.2441
28031.2949
28031.5352
28031.7539
28031.5391
28031.9336
28031.5566
28032.0918
28032.2715
28032.2969
28032.4902
28032.4414
28032.3203
28032.2969
28032.8691
28032.9160
28032.7637
28033.1602
28033.3125
28033.1582
28033.2598
28033.5098
28033.2598
28033.6289
28033.9746
28034.2754
28034.5039
28034.6758
28034.6016
28034.6055
28034.9941
28035.0977
28035.5449
28035.9609
28036.3262
28036.6895
28037.3086
28037.9473
28038.3730
28038.3672
28038.2676
28038.4863
28038.5391
28038.8379
28038.8164
28039.0918
28038.3828
28038.6816
28038.5859
28038.6836
28039.2266
28039.5254
28039.8242
28039.9453
28039.7969
28040.0723
28040.3184
28040.4648
28040.6602
28040.5801
28040.9062
28041.1758
28041.3047
28041.9512
28042.4395
28042.7422
28042.6191
28042.6445
28042.6250
28042.9434
28043.4160
28043.4609
28043.8340
28043.5586
28043.7793
28043.8828
28043.9316
28043.9297
28044.2500
28044.6719
28045.2168
28045.1973
28045.4492
28045.5000
28045.9434
28046.1973
28046.4980
28046.3672
28046.4727
28046.9883
28047.2363
28047.6094
28048.2031
28049.0449
28049.2949
28049.3203
28049.1934
28049.8047
28050.1211
28049.9863
28050.2168
28050.5996
28050.8281
28050.8379
28050.7578
28050.2383
28050.8242
28050.7383
28050.5098
28050.8672
28050.7676
28051.2773
28051.4062
28050.7227
28051.3516
28051.4668
28051.5117
28051.9863
28051.2773
28051.4746
28051.8691
28051.5176
28051.1797
28051.7285
28051.8984
28051.6895
28051.7012
28051.7090
28051.9414
28051.7988
28051.6523
28051.2090
28050.9863
28051.0527
28050.8906
28050.8770
28050.7305
28051.0859
28050.8418
28050.0684
28050.1973
28049.7148
28050.2051
28049.7363
28049.7070
28049.2148
28049.1738
28049.0566
28048.8652
28048.7441
28049.2148
28048.8652
28049.2539
28049.2715
28049.3594
28049.1465
28049.1543
28048.9277
28048.9727
28048.8750
28048.8965
28048.8965
28049.1191
28049.2188
28049.4141
28049.6895
28049.8359
28050.1367
28050.1367
28050.1855
28050.3359
28050.4102
28050.5098
28050.9316
28050.6562
28050.9785
28051.1289
28051.2012
28051.3027
28051.3008
28051.2246
28051.5000
28051.5762
28051.5742
28051.7480
28051.6250
28051.7988
28051.8457
28052.0703
28052.0703
28052.2695
28052.1445
28052.3672
28051.7930
28052.0410
28051.8652
28051.9395
28051.3887
28051.4883
28051.3125
28051.1875
28051.2852
28051.2617
28051.7598
28052.0840
28052.2578
28052.6309
28052.8066
28053.4551
28053.8535
28054.2051
28054.0527
28054.1016
28054.1758
28054.5996
28055.1738
28055.5234
28055.6230
28055.7461
28055.9219
28056.0449
28056.1934
28056.1680
28056.2695
28056.2676
28055.9922
28055.6406
28055.4141
28055.2129
28055.0879
28055.1875
28055.1367
28055.0586
28054.8828
28054.8066
28054.5566
28053.9785
28053.6543
28053.7266
28053.6270
28053.4492
28053.3730
28053.3730
28053.6738
28053.7227
28053.7734
28053.7969
28053.7734
28053.8223
28053.9219
28054.1465
28054.3184
28053.9453
28053.9668
28053.7656
28053.7871
28053.6602
28053.5566
28053.3809
28053.2285
28053.0020
28052.8984
28052.7227
28052.6992
28052.7246
28052.9492
28053.1016
28053.2266
28053.4766
28053.4766
28053.4512
28053.3262
28053.2266
28053.0762
28053.5254
28053.4512
28053.8047
28053.7773
28054.0801
28053.9531
28054.0801
28053.7793
28053.8066
28053.4316
28053.4824
28052.9805
28053.0547
28052.5762
28052.6289
28052.5020
28052.5293
28052.2793
28052.2539
28051.9258
28051.8516
28051.7988
28051.7676
28051.6172
28051.4395
28051.3398
28051.1895
28051.1387
28051.1621
28051.4902
28051.8672
28052.1211
28052.0723
28051.9688
28051.5645
28050.9648
28050.2324
28049.6543
28049.2988
28049.1699
28049.1191
28049.1191
28049.2422
28049.4707
28049.8242
28049.6992
28049.9707
28049.7949
28050.1211
28050.2441
28050.4453
28050.4492
28050.4023
28050.2734
28050.3223
28050.3027
28050.5527
28050.7812
28051.0039
28051.1289
28051.2305
28051.2812
28051.3047
28051.0312
28050.4492
28050.6797
28050.6035
28050.5293
28050.4297
28050.2754
28050.2695
28050.4141
28050.7656
28050.7363
28050.3301
28050.6836
28051.0352
28051.5410
28051.6953
28052.0020
28052.0078
28052.0391
28051.8438
28051.7949
28051.1113
28050.5586
28049.5918
28049.1914
28048.9180
28048.9180
28048.8926
28049.0156
28048.8086
28048.3867
28047.7754
28047.4980
28047.1426
28047.2500
28046.9473
28046.5723
28046.1465
28046.1504
28046.1094
28045.9375
28045.7363
28045.6934
28045.8887
28045.9434
28046.5430
28047.0352
28047.5918
28047.6484
28048.1758
28048.3848
28047.3457
28046.7676
28046.6230
28047.0742
28047.2891
28047.4688
28047.0918
28046.8145
28046.3672
28046.2344
28045.9570
28046.2109
28046.0332
28045.8535
28045.9531
28045.8477
28046.0703
28046.4844
28047.2188
28047.5234
28047.1133
28047.0371
28046.8027
28046.8359
28046.7363
28046.7070
28046.5703
28047.0703
28046.5449
28046.1641
28046.8457
28046.6445
28046.3164
28046.2871
28045.8281
28045.6289
28045.4043
28045.5762
28045.3086
28045.3848
28044.9922
28045.2793
28044.9785
28045.0527
28045.1367
28044.8594
28044.7070
28044.8770
28044.7734
28044.8730
28044.7773
28044.9766
28044.9766
28044.6777
28044.9062
28044.3535
28044.0703
28044.2832
28044.4355
28044.1934
28043.9648
28043.9336
28044.7695
28045.0996
28045.7129
28045.4590
28045.1660
28044.8652
28044.8555
28044.6016
28044.1953
28044.0664
28043.2070
28043.4062
28043.1055
28043.5430
28043.3242
28043.3789
28043.1191
28043.1602
28043.1250
28043.1719
28043.7852
28043.4258
28043.2559
28043.2637
28043.1094
28043.3633
28043.3398
28043.0918
28042.9707
28042.9473
28043.3828
28044.1035
28044.4102
28044.4883
28044.3594
28043.5215
28042.9160
28042.8691
28042.5859
28042.7930
28042.7930
28042.9238
28042.8008
28042.7559
28043.1680
28043.2227
28043.1465
28042.6406
28042.5547
28042.6875
28043.1172
28042.6543
28042.2383
28041.9551
28041.8223
28041.4316
28041.2480
28040.4023
28040.3184
28040.1191
28040.3945
28040.3418
28040.3496
28040.6211
28040.8828
28041.1367
28040.8516
28040.3672
28040.4551
28040.8066
28040.7852
28040.9395
28041.2109
28041.2480
28041.0430
28040.5898
28040.7734
28040.4199
28040.3672
28040.3359
28039.8984
28040.1680
28039.9844
28040.0996
28039.9473
28040.0020
28039.6777
28039.6562
28039.6426
28039.5977
28039.8828
28039.8926
28040.1621
28040.3555
28040.4863
28041.4766
28041.6934
28041.7715
28041.9121
28041.7051
28041.0430
28040.0176
28039.6016
28039.5020
28040.1211
28040.6074
28040.8164
28041.1035
28041.3809
28041.6680
28041.7363
28041.8691
28041.9492
28041.9258
28041.8496
28042.0059
28041.6367
28042.1465
28042.2578
28042.1035
28042.1914
28042.3008
28042.5254
28042.4590
28042.8457
