27463.9961
27463.6484
27463.7227
27463.9551
27464.0684
27463.9531
27463.9902
27464.2754
27464.2500
27464.3652
27464.5488
27464.5625
27464.5762
27464.5371
27464.4746
27464.4824
27464.5586
27464.7812
27464.5938
27464.7793
27464.8262
27464.7305
27464.7910
27464.5430
27464.6172
27464.3164
27464.3789
27464.2773
27464.2578
27464.5176
27464.3848
27464.3359
27464.3867
27464.0996
27464.2617
27464.0215
27463.8340
27463.8867
27463.8477
27463.9941
27464.1074
27463.9434
27463.8418
27463.9570
27464.0508
27463.8008
27464.1348
27463.7383
27463.9473
27463.8750
27463.8867
27463.7754
27463.8379
27463.5254
27463.8867
27463.3984
27463.8086
27463.6602
27463.3730
27463.6191
27463.3223
27463.1973
27463.4688
27463.4531
27463.3652
27463.5020
27463.6152
27463.6367
27463.6367
27463.5508
27463.7969
27463.5000
27463.4473
27463.3340
27463.4824
27463.3301
27463.9258
27463.3027
27463.6133
27463.9844
27463.9590
27464.1816
27464.2910
27464.7148
27464.8105
27464.7949
27464.8359
27464.7930
27464.8828
27465.0898
27464.7031
27464.6777
27464.6875
27464.6270
27464.2891
27464.5156
27463.8906
27463.9902
27464.0156
27464.0645
27463.8262
27463.9863
27463.9473
27464.0820
27464.0293
27463.4941
27464.3770
27464.0508
27464.0254
27464.3340
27464.5215
27464.2852
27464.3691
27464.6562
27464.6660
27464.1777
27464.4258
27464.0254
27463.9375
27464.1348
27463.6230
27463.8223
27463.7969
27463.8086
27463.7324
27463.8672
27464.0039
27463.8535
27464.2012
27464.0508
27464.1621
27464.5488
27464.6738
27464.8965
27465.4082
27465.7070
27466.0801
27466.4297
27466.4414
27466.8398
27466.8867
27466.8105
27467.3203
27467.1445
27467.3301
27467.3555
27467.8027
27467.8926
27468.2148
27468.0273
27467.9258
27467.3887
27467.2227
27466.9609
27466.5723
27466.4590
27466.3457
27466.0195
27466.0566
27466.1445
27466.3418
27465.9434
27465.8027
27465.5137
27465.7891
27465.8008
27465.5996
27465.5234
27465.2109
27465.2090
27464.9453
27465.0957
27464.6562
27464.8555
27464.7285
27465.5781
27465.0156
27465.2637
27465.4883
27465.5879
27466.1113
27465.7109
27465.9473
27465.9102
27465.9082
27465.7578
27465.9824
27465.4297
27465.6426
27465.6289
27465.4902
27465.6777
27465.5156
27465.4512
27465.6641
27465.3984
27465.5254
27465.3359
27464.9492
27465.4473
27465.1465
27465.5957
27465.2949
27465.4824
27464.9922
27465.2930
27465.1543
27465.2656
27465.2539
27465.2520
27465.2012
27465.3633
27465.4258
27464.9980
27465.0879
27465.2598
27465.3477
27465.4824
27464.9434
27465.0312
27465.0410
27465.7266
27465.0020
27465.5410
27465.3379
27465.8887
27465.8750
27465.5625
27465.5371
27465.5742
27465.5840
27465.4844
27465.7734
27465.7715
27465.9473
27465.8457
27466.0469
27466.3652
27466.8262
27466.2031
27466.2988
27466.3340
27466.1816
27466.5801
27466.7402
27466.8652
27466.7500
27466.7227
27466.7832
27466.9551
27466.4805
27466.1875
27466.2754
27465.9238
27466.0352
27465.6953
27465.6719
27465.5215
27465.2539
27465.2188
27465.0039
27464.8789
27464.6035
27464.7695
27464.9941
27465.0703
27465.2949
27465.6582
27465.0215
27465.3184
27465.2090
27464.7539
27464.3145
27464.7520
27464.3613
27464.4648
27464.8613
27464.7246
27464.4238
27464.0859
27464.1367
27464.0508
27463.9648
27464.3477
27464.2109
27464.3574
27464.4941
27464.1660
27463.8887
27463.9727
27464.0508
27464.1484
27464.3477
27464.4844
27464.9688
27464.7891
27464.6113
27464.7324
27464.6543
27464.8633
27464.7734
27465.2129
27465.2871
27465.3477
27465.2949
27465.4082
27465.2715
27465.4336
27465.5957
27465.4688
27465.1680
27465.0137
27464.9297
27465.1523
27465.1934
27465.3672
27465.3555
27465.8320
27465.6270
27466.3984
27466.6230
27467.4902
27467.0254
27467.3242
27467.0508
27467.4395
27467.5020
27467.6895
27467.8418
27468.0625
27467.9883
27468.1133
27467.9863
27468.3516
27468.3418
27468.4941
27468.6562
27468.3184
27468.0488
27467.9277
27468.0215
27467.8730
27467.9844
27467.8438
27467.8164
27467.6074
27467.5898
27467.2520
27467.2266
27467.0078
27467.1074
27466.9180
27466.8008
27466.7363
27466.5449
27466.5078
27466.4180
27466.2520
27466.2148
27466.1504
27466.1602
27465.9238
27465.8594
27465.6328
27465.3789
27465.3770
27465.4766
27465.5020
27465.6387
27465.6895
27465.3984
27465.3867
27465.3398
27465.3027
27465.2285
27465.2441
27465.3965
27465.5371
27465.7266
27465.7266
27465.4082
27464.7109
27464.0137
27463.7598
27464.0117
27464.1289
27464.1367
27463.7559
27463.5391
27463.5898
27463.8633
27463.6797
27463.6875
27463.4395
27463.4492
27463.2383
27463.0391
27462.8008
27462.6094
27462.8984
27462.9707
27463.1074
27463.4414
27463.7246
27463.9238
27464.3691
27464.3398
27464.5234
27464.6953
27464.8672
27464.9395
27465.0020
27465.1367
27465.1094
27465.2441
27465.3066
27465.1426
27465.2520
27465.0859
27464.9863
27465.0098
27465.2734
27465.2734
27465.1816
27465.1816
27465.2344
27465.1855
27465.1758
27465.1367
27465.1367
27465.1270
27465.1895
27465.2695
27465.1230
27464.8945
27464.5039
27464.1387
27464.2637
27464.3457
27464.5996
27464.5352
27464.3418
27464.3418
27464.4766
27464.3770
27464.1113
27464.0840
27464.0195
27464.1445
27463.9531
27463.9258
27463.7598
27463.7598
27463.6953
27463.6309
27463.7285
27463.8652
27463.8867
27463.6074
27463.6426
27463.5430
27463.4414
27463.3047
27463.2773
27463.1113
27463.0195
27462.8906
27462.7988
27462.7695
27462.8789
27462.8594
27462.8574
27462.8926
27462.7910
27462.7266
27462.8262
27462.7617
27462.6602
27462.6230
27462.4863
27462.5488
27462.5117
27462.4746
27462.5098
27462.4805
27462.5059
27462.4414
27462.4414
27462.4043
27462.3652
27462.3652
27462.2988
27462.2988
27462.4062
27462.2773
27462.2402
27462.2402
27462.2383
27462.2734
27462.3809
27462.3789
27462.5137
27462.4492
27462.4492
27462.5469
27462.5664
27462.6367
27462.5645
27462.7168
27462.7168
27462.7715
27462.7969
27462.7871
27462.7422
27462.6133
27462.5762
27462.6113
27462.6113
27462.5742
27462.3711
27462.3066
27462.3066
27462.3770
27462.5312
27462.5684
27462.6016
27462.6289
27462.7988
27462.8262
27462.8262
27462.7695
27462.5957
27462.7676
27462.6309
27462.6641
27462.4629
27462.4980
27462.4609
27462.4609
27462.4941
27462.5859
27462.5859
27462.6484
27462.6758
27462.6660
27462.6211
27462.6484
27462.6387
27462.5664
27462.3848
27462.1133
27462.0039
27461.9668
27461.9297
27461.9297
27462.1914
27462.2539
27462.3906
27462.4180
27462.4434
27462.4434
27462.4785
27462.4863
27462.4844
27462.5273
27462.4609
27462.4980
27462.4961
27462.5312
27462.6016
27462.6719
27462.6445
27462.7773
27462.8125
27462.9141
27462.9766
27463.0742
27463.1465
27463.0098
27463.0801
27463.0508
27463.0859
27463.1836
27463.0547
27463.0527
27463.0176
27463.0098
27462.8711
27462.7930
27462.6543
27462.6465
27462.5449
27462.6738
27462.6719
27462.8789
27462.9844
27463.1836
27463.0898
27463.1973
27463.2520
27463.3223
27463.0781
27463.2070
27462.9062
27462.8613
27463.0605
27463.0176
27462.9512
27462.8848
27462.9785
27462.9062
27463.0039
27462.9688
27462.8398
27462.9863
27462.6953
27462.8848
27462.5195
27462.4551
27462.5840
27462.3242
27462.3730
27462.3730
27462.1094
27462.2988
27462.1348
27462.4551
27462.1758
27462.6250
27462.7109
27462.7656
27463.0938
27463.0859
27462.9707
27463.2363
27463.4336
27463.2344
27463.3613
27463.3613
27463.3379
27463.6309
27463.4355
27463.4414
27463.2070
27463.1758
27463.3828
27463.0527
27463.1582
27463.0801
27463.0508
27463.1191
27463.0488
27463.2598
27463.0820
27463.3809
27463.3379
27463.6152
27463.7012
27463.6582
27464.0215
27464.1504
27464.2344
27464.0625
27464.3340
27464.0332
27464.4551
27464.2305
27464.4531
27464.2949
27464.1523
27464.3438
27464.3066
27464.2129
27464.4355
27463.9922
27464.3281
27464.1914
27464.1602
27464.0820
27464.4238
27464.5879
27464.6523
27464.3457
27464.6445
27464.4609
27464.3887
27464.1113
27464.1855
27463.9844
27464.3711
27463.8418
27464.2285
27464.2891
27464.2461
27464.3867
27464.3340
27464.4922
27464.2324
27464.3438
27464.0781
27463.8789
27463.9062
27463.9238
27464.2227
27464.0801
27464.4688
27463.9980
27464.5742
27464.6074
27464.5547
27464.5293
27464.5352
27464.2988
27464.2520
27464.4512
27464.4141
27464.3555
27464.5898
27464.5645
27465.0117
27465.1465
27465.6562
27465.8672
27466.2090
27466.4199
27466.5410
27466.3867
27466.7344
27466.3750
27466.3906
27465.9902
27466.1426
27465.9141
27465.7246
27465.9824
27465.8574
27465.9824
27465.6504
27465.8555
27465.7441
27465.8242
27466.0488
27466.0938
27466.4629
27466.0039
27466.2500
27466.0918
27465.8184
27466.0840
27465.7520
27466.1055
27465.8809
27466.0195
27465.7734
27466.0449
27465.7891
27466.1484
27466.0410
27466.0820
27466.0684
27466.1621
27465.9785
27465.9961
27465.7656
27465.5117
27465.8594
27465.6738
27465.6992
27465.8379
27465.8008
27465.4766
27465.9004
27465.3867
27466.0000
27465.6387
27465.2773
27465.8066
27465.5059
27465.6406
27465.7051
27465.7285
27465.6875
27465.7559
27465.5410
27465.6445
27465.6348
27465.2734
27465.3789
27464.8828
27465.0527
27464.9863
27465.1738
27465.1836
27465.0547
27464.8633
27464.5605
27464.7266
27464.3945
27464.4199
27464.3594
27464.4531
27464.5117
27464.2266
27464.3555
27464.2207
27464.2148
27464.1133
27463.6855
27463.5918
27463.3594
27463.5332
27463.2988
27463.4727
27464.0625
27463.9043
27463.9941
27463.8223
27463.5156
27463.5488
27463.4844
27463.7793
27463.7871
27463.4648
27463.1543
27463.1895
27463.0312
27463.1309
27463.1855
27463.0938
27463.1582
27463.3965
27463.2559
27463.3594
27463.2324
27463.5879
27463.2656
27463.3594
27463.3320
27463.3535
27463.0664
27463.1562
27462.9336
27463.1582
27463.2891
27463.2559
27463.2207
27462.8984
27462.9590
27463.1270
27463.1211
27463.0605
27463.2188
27463.1914
27463.2910
27463.3633
27463.1895
27463.5918
27463.5547
27463.3906
27463.6191
27463.8223
27463.7227
27464.1250
27463.8965
27464.0273
27463.9648
27464.4199
27464.2656
27464.5176
27464.6641
27464.7285
27464.5664
27464.2656
27464.5977
27464.4980
27464.2383
27464.4688
27464.0449
27464.1465
27464.0410
27463.9824
27464.1094
27464.0156
27463.9453
27463.9824
27464.3105
27464.2754
27464.0781
27464.1465
27464.2383
27464.0488
27464.3047
27464.6035
27464.1758
27464.6055
27464.2500
27464.3516
27464.4121
27464.2480
27464.6816
27464.5078
27464.5137
27464.6758
27464.6699
27464.7422
27464.7051
27464.7734
27464.6758
27465.1055
27464.9453
27465.0020
27465.0703
27465.2051
27465.0664
27465.3086
27465.2656
27465.5977
27465.5039
27465.5410
27465.6426
27465.7070
27465.8477
27465.8184
27465.9473
27466.1504
27465.8828
27466.1191
27466.3809
27466.4512
27466.5449
27466.4473
27466.8086
27466.9414
27466.9023
27467.1699
27467.0059
27467.3672
27467.5352
27467.6367
27467.5664
27467.8926
27467.8984
27467.8965
27467.9297
27468.1602
27468.1582
27468.3164
27468.3145
27468.2227
27468.6797
27468.4141
27468.5449
27468.6836
27468.6777
27468.7070
27468.9414
27469.0703
27469.1426
27469.2715
27469.7969
27469.8965
27470.2676
27470.3906
27470.4922
27470.8594
27471.0527
27471.4199
27471.5215
27471.9824
27472.2812
27472.2441
27472.4160
27472.5117
27472.7090
27472.8750
27472.7773
27472.8125
27472.9785
27473.0801
27473.1445
27473.2461
27473.2441
27473.1133
27473.5391
27473.5078
27473.9355
27473.7715
27474.0312
27474.0293
27474.3574
27474.4551
27474.3535
27474.9160
27474.9805
27475.0840
27475.2480
27475.2754
27475.5410
27475.7734
27475.4805
27475.8398
27475.8750
27475.4766
27475.5742
27475.5762
27475.6426
27475.7070
27475.7676
27475.8320
27476.0000
27476.0293
27475.5996
27475.8340
27475.7344
27475.8047
27475.5000
27475.7305
27475.9668
27475.9277
27476.1230
27476.3574
27476.5859
27477.3750
27477.2715
27477.4062
27477.3027
27477.2656
27477.2988
27477.6289
27477.6582
27477.5020
27477.9512
27477.6523
27478.0195
27478.0820
27478.2500
27478.1797
27478.2129
27477.8789
27478.1445
27478.2402
27477.9121
27478.3379
27478.5020
27478.2676
27478.6309
27478.5254
27478.8574
27478.6211
27478.9512
27478.7891
27478.8145
27478.8477
27479.0469
27478.6816
27479.0469
27478.7773
27479.0410
27479.0078
27478.8711
27478.8027
27478.8340
27478.5000
27478.8301
27478.3242
27478.0918
27477.8828
27477.5820
27477.5059
27477.3379
27477.2051
27477.2383
27477.1367
27477.5723
27477.3711
27476.9395
27477.1387
27476.7754
27476.7754
27476.4082
27476.2422
27476.3359
27476.0039
27475.7363
27475.6699
27475.3320
27475.3359
27475.3008
27475.1328
27475.4629
27475.4609
27475.9902
27475.8574
27475.6562
27475.7207
27475.4863
27475.4180
27475.2500
27475.1816
27474.9141
27475.4102
27475.8418
27475.9746
27475.7383
27475.5703
27475.3750
27475.0391
27474.6406
27474.6055
27474.3711
27474.2012
27473.9648
27474.2305
27474.3945
27474.4941
27474.0273
27473.7930
27473.7578
27473.1895
27472.7910
27472.4551
27472.3848
27472.1816
27472.1816
27472.2441
27471.9766
27471.8770
27471.9102
27471.8750
27472.0742
27472.0762
27471.6406
27471.6406
27471.4082
27471.6387
27471.4727
27471.0039
27471.5371
27471.2012
27471.2676
27470.8984
27470.9980
27470.8633
27470.8594
27470.8926
27470.8574
27470.6230
27469.9570
27470.1895
27469.8223
27469.5566
27469.6211
27469.4199
27469.4180
27469.1836
27469.1836
27468.9180
27469.4141
27469.1797
27469.5117
27469.2109
27468.8418
27468.8086
27468.6406
27468.7383
27468.3047
27468.9375
27468.6367
27468.8340
27468.6680
27468.7988
27468.4648
27468.4531
27468.6621
27468.6270
27468.0938
27467.9258
27467.9570
27467.8223
27467.8223
27468.3203
27467.9531
27468.1855
27468.0176
27468.0156
27467.8496
27467.9141
27467.9453
27467.3789
27467.2441
27467.4102
27466.9434
27467.0078
27466.5723
27466.5723
27466.2715
27466.1035
27466.4023
27466.6016
27465.9004
27465.8652
27465.6973
27465.4961
27465.4961
27465.2949
27465.8262
27465.8574
27465.8242
27465.6230
27465.3223
27465.2871
27464.6191
27464.5859
27464.9180
27464.9160
27464.7812
27464.8145
27464.1445
27464.1777
27464.6777
27464.6426
27464.5762
27464.7402
27464.6387
27464.7051
27464.6816
27464.8047
27464.6348
27464.5352
27464.5000
27464.7988
27464.7656
27464.5645
27464.6309
27464.4609
27464.4961
27464.2930
27464.2266
27463.9590
27463.9922
27463.9570
27464.1582
27464.0566
27463.9570
27464.3574
27464.1895
27463.8574
27464.2539
27464.3555
27464.3203
27464.0859
27464.0859
27464.0840
27463.9492
27463.9141
27464.1816
27464.2129
27463.9102
27463.8418
27463.5723
27463.5391
27463.1367
27463.4375
27463.3672
27463.3340
27463.8008
27464.0352
27464.3027
27464.7676
27464.4688
27464.9023
27464.8359
27465.0332
27464.8340
27465.3340
27464.9316
27464.9336
27465.5332
27465.3008
27465.8340
27465.5332
27465.5312
27465.4297
27465.4980
27465.1289
27465.1270
27464.9297
27465.2266
27465.0625
27465.3301
27465.0273
27465.4277
27465.4922
27465.7285
27465.7949
27465.6602
27465.8945
27465.9258
27465.7910
27465.5918
27465.5215
27465.4980
27465.7871
27465.3848
27465.7539
27465.5176
27465.3164
27465.4824
27465.5469
27465.5137
27465.5781
27465.4453
27465.7793
27465.5117
27465.5820
27465.1445
27465.4121
27465.4453
27465.0449
27464.9434
27464.9824
27464.7773
27464.4062
27464.6719
27464.9492
27465.0449
27465.0137
27465.2812
27465.5449
27465.6836
27465.8164
27465.9512
27465.8145
27465.5840
27465.4785
27465.2109
27465.2773
27464.9707
27465.1367
27464.8652
27464.5312
27464.6309
27464.6250
27464.4629
27464.3594
27464.0566
27464.0215
27464.1855
27464.1523
27464.1875
27464.3145
27464.3535
27464.3848
27464.6484
27464.8535
27465.0234
27465.2930
27465.7598
27465.7969
27466.3945
27466.1602
27466.9941
27466.6309
27466.8574
27466.9316
27466.7930
27466.5293
27466.1543
27466.1191
27465.8496
27465.7812
27465.7129
27465.8809
27465.4160
27465.4492
27465.1113
27465.0469
27465.3477
27465.2129
27464.9414
27465.1484
27464.9062
27464.6348
27464.6680
27464.0957
27464.2617
27464.2598
27464.2891
27464.0254
27464.1230
27463.8574
27463.9570
27463.7539
27463.4180
27463.2461
27463.2480
27463.2461
27463.3516
27462.9766
27463.4141
27463.0430
27462.8691
27463.2734
27463.3418
27463.0664
27462.9746
27463.6680
27463.2070
27463.1953
27463.4375
27463.0645
27462.6641
27462.4277
27462.7988
27462.7988
27462.9043
27462.5645
27462.6660
27462.3672
27462.4336
27462.6309
27462.5352
27462.4980
27462.7402
27462.8027
27462.7363
27463.3145
27463.1055
27463.0352
27463.5078
27463.8066
27463.7988
27463.7344
27464.0684
27464.2012
27464.5332
27464.6289
27464.2227
27464.4863
27464.5527
