   -9.0243
   -8.8367
   -8.6479
   -8.4717
   -8.2981
   -8.1275
   -7.9554
   -7.7778
   -7.6010
   -7.4196
   -7.2337
   -7.0467
   -6.8617
   -6.6728
   -6.4829
   -6.2987
   -6.1125
   -5.9316
   -5.7521
   -5.5719
   -5.3906
   -5.2069
   -5.0267
   -4.8506
   -4.6747
   -4.5060
   -4.3342
   -4.1576
   -3.9851
   -3.8025
   -3.6199
   -3.6009
   -3.5805
   -3.5577
   -3.5308
   -3.5100
   -3.4877
   -3.4601
   -3.4277
   -3.3913
   -3.3566
   -3.3181
   -3.2816
   -3.2464
   -3.2167
   -3.1889
   -3.1607
   -3.1250
   -3.0931
   -3.0594
   -3.0234
   -2.9953
   -2.9708
   -2.9516
   -2.9441
   -2.9390
   -2.9388
   -2.9434
   -2.9516
   -2.9651
   -2.9839
   -3.0051
   -3.0248
   -3.0465
   -3.0585
   -3.0633
   -3.0730
   -3.0891
   -3.1081
   -3.1336
   -3.1630
   -3.1985
   -3.2376
   -3.2829
   -3.3254
   -3.3686
   -3.4078
   -3.4501
   -3.4923
   -3.5339
   -3.5758
   -3.6186
   -3.6614
   -3.7049
   -3.7469
   -3.7913
   -3.8317
   -3.8680
   -3.9077
   -3.9537
   -4.0001
   -4.0514
   -4.1016
   -4.1563
   -4.2125
   -4.2701
   -4.3251
   -4.3784
   -4.4308
   -4.4872
   -4.5423
   -4.5942
   -4.6477
   -4.6997
   -4.7473
   -4.7908
   -4.8307
   -4.8731
   -4.9254
   -4.9753
   -5.0316
   -5.0920
   -5.1562
   -5.2128
   -5.2673
   -5.3138
   -5.3564
   -5.4017
   -5.4378
   -5.4707
   -5.4972
   -5.5172
   -5.5345
   -5.5533
   -5.5681
   -5.5882
   -5.6155
   -5.6384
   -5.6596
   -5.6837
   -5.7093
   -5.7358
   -5.7557
   -5.7720
   -5.7791
   -5.7873
   -5.7916
   -5.7988
   -5.8052
   -5.8125
   -5.8169
   -5.8219
   -5.8220
   -5.8246
   -5.8212
   -5.8150
   -5.8027
   -5.7872
   -5.7761
   -5.7576
   -5.7326
   -5.7064
   -5.6754
   -5.6427
   -5.6123
   -5.5787
   -5.5473
   -5.5189
   -5.4913
   -5.4609
   -5.4258
   -5.4011
   -5.3718
   -5.3462
   -5.3165
   -5.2871
   -5.2504
   -5.2223
   -5.1832
   -5.1358
   -5.0866
   -5.0285
   -4.9706
   -4.9008
   -4.8341
   -4.7613
   -4.6877
   -4.6120
   -4.5302
   -4.4539
   -4.3772
   -4.3024
   -4.2299
   -4.1567
   -4.0867
   -4.0186
   -3.9501
   -3.8773
   -3.8065
   -3.7353
   -3.6658
   -3.5910
   -3.5188
   -3.4524
   -3.3884
   -3.3291
   -3.2702
   -3.2164
   -3.1622
   -3.1078
   -3.0539
   -3.0046
   -2.9527
   -2.8990
   -2.8448
   -2.7948
   -2.7407
   -2.6923
   -2.6449
   -2.5965
   -2.5518
   -2.5096
   -2.4666
   -2.4278
   -2.3942
   -2.3542
   -2.3192
   -2.2830
   -2.2452
   -2.2065
   -2.1728
   -2.1391
   -2.0984
   -2.0614
   -2.0218
   -1.9854
   -1.9483
   -1.9133
   -1.8729
   -1.8410
   -1.8127
   -1.7829
   -1.7627
   -1.7383
   -1.7186
   -1.7005
   -1.6855
   -1.6743
   -1.6682
   -1.6630
   -1.6587
   -1.6564
   -1.6549
   -1.6580
   -1.6609
   -1.6604
   -1.6582
   -1.6574
   -1.6569
   -1.6517
   -1.6410
   -1.6300
   -1.6225
   -1.6108
   -1.5947
   -1.5741
   -1.5504
   -1.5248
   -1.4960
   -1.4699
   -1.4414
   -1.4144
   -1.3883
   -1.3676
   -1.3525
   -1.3347
   -1.3164
   -1.3039
   -1.2878
   -1.2752
   -1.2633
   -1.2539
   -1.2450
   -1.2443
   -1.2466
   -1.2493
   -1.2537
   -1.2585
   -1.2663
   -1.2710
   -1.2744
   -1.2784
   -1.2852
   -1.2924
   -1.3011
   -1.3096
   -1.3185
   -1.3283
   -1.3418
   -1.3546
   -1.3633
   -1.3719
   -1.3833
   -1.3925
   -1.4041
   -1.4165
   -1.4308
   -1.4503
   -1.4698
   -1.4838
   -1.4969
   -1.5047
   -1.5098
   -1.5121
   -1.5067
   -1.5023
   -1.4961
   -1.4925
   -1.4873
   -1.4800
   -1.4731
   -1.4673
   -1.4633
   -1.4612
   -1.4684
   -1.4824
   -1.5045
   -1.5278
   -1.5554
   -1.5837
   -1.6077
   -1.6316
   -1.6555
   -1.6761
   -1.6957
   -1.7111
   -1.7297
   -1.7494
   -1.7666
   -1.7861
   -1.8038
   -1.8191
   -1.8330
   -1.8429
   -1.8467
   -1.8445
   -1.8414
   -1.8352
   -1.8268
   -1.8158
   -1.8074
   -1.8013
   -1.7948
   -1.7882
   -1.7804
   -1.7751
   -1.7691
   -1.7630
   -1.7585
   -1.7539
   -1.7497
   -1.7455
   -1.7413
   -1.7363
   -1.7303
   -1.7226
   -1.7136
   -1.7041
   -1.6932
   -1.6815
   -1.6743
   -1.6739
   -1.6767
   -1.6826
   -1.6928
   -1.7076
   -1.7184
   -1.7260
   -1.7267
   -1.7243
   -1.7231
   -1.7239
   -1.7268
   -1.7281
   -1.7288
   -1.7232
   -1.7164
   -1.7054
   -1.6959
   -1.6819
   -1.6674
   -1.6545
   -1.6439
   -1.6312
   -1.6186
   -1.6052
   -1.5901
   -1.5736
   -1.5558
   -1.5373
   -1.5164
   -1.4929
   -1.4722
   -1.4511
   -1.4323
   -1.4176
   -1.4048
   -1.3911
   -1.3786
   -1.3673
   -1.3565
   -1.3463
   -1.3379
   -1.3313
   -1.3234
   -1.3162
   -1.3067
   -1.2986
   -1.2895
   -1.2779
   -1.2665
   -1.2575
   -1.2512
   -1.2485
   -1.2496
   -1.2516
   -1.2552
   -1.2592
   -1.2609
   -1.2583
   -1.2545
   -1.2495
   -1.2381
   -1.2238
   -1.2089
   -1.1911
   -1.1761
   -1.1663
   -1.1613
   -1.1617
   -1.1653
   -1.1692
   -1.1728
   -1.1752
   -1.1750
   -1.1740
   -1.1735
   -1.1685
   -1.1604
   -1.1499
   -1.1415
   -1.1345
   -1.1283
   -1.1206
   -1.1137
   -1.1080
   -1.1016
   -1.0960
   -1.0908
   -1.0838
   -1.0803
   -1.0785
   -1.0787
   -1.0783
   -1.0784
   -1.0783
   -1.0736
   -1.0686
   -1.0615
   -1.0561
   -1.0502
   -1.0410
   -1.0289
   -1.0128
   -0.9907
   -0.9687
   -0.9454
   -0.9225
   -0.8977
   -0.8728
   -0.8483
   -0.8230
   -0.7928
   -0.7599
   -0.7259
   -0.6899
   -0.6549
   -0.6216
   -0.5906
   -0.5585
   -0.5283
   -0.4972
   -0.4673
   -0.4359
   -0.4062
   -0.3764
   -0.3464
   -0.3136
   -0.2784
   -0.2425
   -0.2065
   -0.1701
   -0.1383
   -0.1105
   -0.0852
   -0.0619
   -0.0350
   -0.0057
    0.0237
    0.0549
    0.0853
    0.1111
    0.1354
    0.1567
    0.1754
    0.1931
    0.2098
    0.2254
    0.2420
    0.2627
    0.2830
    0.3054
    0.3301
    0.3538
    0.3805
    0.4112
    0.4428
    0.4741
    0.5062
    0.5366
    0.5662
    0.5958
    0.6218
    0.6456
    0.6676
    0.6830
    0.6978
    0.7093
    0.7183
    0.7267
    0.7360
    0.7421
    0.7461
    0.7468
    0.7458
    0.7458
    0.7466
    0.7466
    0.7488
    0.7527
    0.7564
    0.7618
    0.7669
    0.7766
    0.7843
    0.7895
    0.8007
    0.8110
    0.8220
    0.8318
    0.8415
    0.8490
    0.8556
    0.8635
    0.8719
    0.8827
    0.8925
    0.8982
    0.9015
    0.9036
    0.9036
    0.9057
    0.9162
    0.9338
    0.9567
    0.9847
    1.0140
    1.0459
    1.0776
    1.1061
    1.1321
    1.1563
    1.1778
    1.1971
    1.2158
    1.2291
    1.2377
    1.2429
    1.2472
    1.2512
    1.2567
    1.2666
    1.2805
    1.2949
    1.3101
    1.3277
    1.3457
    1.3613
    1.3774
    1.3938
    1.4093
    1.4263
    1.4486
    1.4717
    1.5004
    1.5298
    1.5641
    1.5958
    1.6347
    1.6732
    1.7085
    1.7405
    1.7728
    1.7987
    1.8213
    1.8458
    1.8659
    1.8775
    1.8924
    1.9070
    1.9201
    1.9302
    1.9462
    1.9625
    1.9750
    1.9863
    1.9971
    2.0100
    2.0248
    2.0380
    2.0509
    2.0633
    2.0774
    2.0867
    2.0903
    2.0933
    2.0913
    2.0904
    2.0918
    2.0927
    2.0943
    2.0928
    2.0958
    2.0997
    2.1054
    2.1112
    2.1254
    2.1431
    2.1627
    2.1837
    2.2028
    2.2177
    2.2282
    2.2332
    2.2429
    2.2524
    2.2576
    2.2674
    2.2798
    2.2938
    2.3059
    2.3176
    2.3267
    2.3339
    2.3377
    2.3334
    2.3299
    2.3181
    2.3112
    2.2991
    2.2879
    2.2786
    2.2726
    2.2652
    2.2629
    2.2597
    2.2599
    2.2679
    2.2791
    2.2907
    2.3000
    2.3116
    2.3258
    2.3345
    2.3414
    2.3535
    2.3663
    2.3836
    2.3980
    2.4149
    2.4323
    2.4515
    2.4708
    2.4869
    2.5054
    2.5236
    2.5407
    2.5596
    2.5766
    2.5925
    2.6100
    2.6275
    2.6523
    2.6757
    2.7008
    2.7240
    2.7448
    2.7600
    2.7715
    2.7815
    2.7862
    2.7925
    2.8070
    2.8239
    2.8461
    2.8583
    2.8705
    2.8841
    2.8956
    2.9056
    2.9189
    2.9341
    2.9479
    2.9654
    2.9783
    2.9971
    3.0212
    3.0470
    3.0765
    3.1065
    3.1367
    3.1661
    3.1965
    3.2251
    3.2533
    3.2854
    3.3168
    3.3456
    3.3720
    3.3945
    3.4132
    3.4383
    3.4629
    3.4865
    3.5135
    3.5445
    3.5754
    3.6146
    3.6514
    3.6887
    3.7248
    3.7593
    3.7945
    3.8356
    3.8749
    3.9141
    3.9592
    4.0041
    4.0512
    4.1008
    4.1485
    4.1955
    4.2488
    4.2982
    4.3508
    4.4039
    4.4623
    4.5203
    4.5800
    4.6404
    4.7003
    4.7605
    4.8162
    4.8653
    4.9110
    4.9569
    5.0044
    5.0493
    5.0915
    5.1400
    5.1841
    5.2256
    5.2669
    5.3098
    5.3478
    5.3870
    5.4252
    5.4544
    5.4753
    5.4977
    5.5171
    5.5397
    5.5606
    5.5817
    5.6006
    5.6182
    5.6355
    5.6577
    5.6797
    5.7040
    5.7320
    5.7631
    5.7901
    5.8173
    5.8431
    5.8677
    5.8918
    5.9169
    5.9359
    5.9530
    5.9729
    5.9892
    6.0072
    6.0232
    6.0317
    6.0451
    6.0564
    6.0615
    6.0673
    6.0660
    6.0619
    6.0552
    6.0431
    6.0229
    6.0001
    5.9708
    5.9461
    5.9228
    5.8995
    5.8795
    5.8582
    5.8420
    5.8269
    5.8178
    5.8087
    5.8023
    5.7923
    5.7859
    5.7837
    5.7830
    5.7824
    5.7823
    5.7845
    5.7853
    5.7866
    5.7900
    5.7926
    5.7970
    5.8070
    5.8225
    5.8311
    5.8400
    5.8546
    5.8674
    5.8826
    5.8992
    5.9222
    5.9414
    5.9640
    5.9949
    6.0209
    6.0453
    6.0699
    6.0913
    6.1143
    6.1390
    6.1662
    6.1972
    6.2285
    6.2604
    6.2946
    6.3329
    6.3711
    6.4143
    6.4549
    6.4944
    6.5224
    6.5510
    6.5810
    6.6119
    6.6484
    6.6908
    6.7363
    6.7924
    6.8541
    6.9222
    6.9932
    7.0599
    7.1221
    7.1876
    7.2521
    7.3175
    7.3833
    7.4502
    7.5187
    7.5905
    7.6656
    7.7432
    7.8279
    7.9073
    7.9891
    8.0653
    8.1465
    8.2250
    8.3058
    8.3859
    8.4632
    8.5445
    8.6192
    8.6973
    8.7768
    8.8615
    8.9455
    9.0155
    9.0895
    9.1611
    9.2396
    9.3147
    9.3954
    9.4720
    9.5368
    9.6049
    9.6735
    9.7416
    9.8091
    9.8743
    9.9438
   10.0165
   10.0774
   10.1376
   10.1995
   10.2625
   10.3195
   10.3813
   10.4443
   10.5086
   10.5725
   10.6467
   10.7241
   10.7987
   10.8752
   10.9489
   11.0177
   11.0854
   11.1513
   11.2088
   11.2611
   11.3113
   11.3548
   11.4038
   11.4510
   11.4939
   11.5365
   11.5768
   11.6179
   11.6538
   11.6901
   11.7218
   11.7494
   11.7713
   11.7973
   11.8218
   11.8492
   11.8772
   11.9099
   11.9428
   11.9774
   12.0124
   12.0469
   12.0846
   12.1222
   12.1582
   12.1994
   12.2420
   12.2912
   12.3429
   12.3980
   12.4509
   12.5001
   12.5441
   12.5879
   12.6322
   12.6744
   12.7192
   12.7611
   12.8147
   12.8676
   12.9150
   12.9617
   13.0116
   13.0623
   13.1152
   13.1673
   13.2221
   13.2742
   13.3235
   13.3736
   13.4297
   13.4836
   13.5375
   13.5961
   13.6585
   13.7294
   13.8015
   13.8760
   13.9483
   14.0259
   14.1009
   14.1769
   14.2593
   14.3404
   14.4243
   14.5111
   14.6040
   14.6970
   14.7911
   14.8867
   14.9782
   15.0715
   15.1657
   15.2617
   15.3556
   15.4525
   15.5463
   15.6401
   15.7234
   15.8032
   15.8845
   15.9656
   16.0387
   16.1139
   16.1845
   16.2503
   16.3199
   16.3838
   16.4458
   16.5099
   16.5717
   16.6304
   16.6925
   16.7569
   16.8177
   16.8786
   16.9453
   17.0125
   17.0772
   17.1344
   17.1910
   17.2463
   17.2941
   17.3406
   17.3839
   17.4203
   17.4559
   17.4916
   17.5290
   17.5676
   17.6029
   17.6414
   17.6761
   17.7107
   17.7411
   17.7609
   17.7766
   17.7895
   17.7997
   17.8094
   17.8194
   17.8293
   17.8337
   17.8449
   17.8409
   17.8364
   17.8288
   17.8214
   17.8120
   17.7984
   17.7848
   17.7664
   17.7487
   17.7270
   17.7008
   17.6654
   17.6300
   17.5922
   17.5506
   17.5142
   17.4752
   17.4299
   17.3837
   17.3465
   17.3045
   17.2649
   17.2324
   17.1936
   17.1581
   17.1233
   17.0829
   17.0368
   16.9844
   16.9368
   16.8917
   16.8427
   16.7885
   16.7290
   16.6634
   16.6012
   16.5405
   16.4855
   16.4348
   16.3891
   16.3421
   16.2944
   16.2476
   16.2007
   16.1548
   16.1134
   16.0675
   16.0244
   15.9693
   15.9159
   15.8607
   15.8041
   15.7513
   15.6918
   15.6338
   15.5709
   15.5119
   15.4479
   15.3909
   15.3311
   15.2640
   15.2045
   15.1476
   15.0873
   15.0230
   14.9606
   14.8995
   14.8415
   14.7903
   14.7373
   14.6855
   14.6385
   14.6004
   14.5584
   14.5197
   14.4817
   14.4401
   14.4038
   14.3729
   14.3403
   14.3100
   14.2782
   14.2420
   14.2015
   14.1527
   14.0969
   14.0380
   13.9757
   13.9184
   13.8635
   13.8055
   13.7452
   13.6925
   13.6494
   13.5986
   13.5470
   13.4872
   13.4197
   13.3412
   13.2534
   13.1623
   13.0794
   12.9996
   12.9261
   12.8500
   12.7691
   12.6764
   12.5836
   12.4892
   12.3998
   12.3047
   12.2055
   12.1120
   12.0174
   11.9265
   11.8280
   11.7352
   11.6375
   11.5417
   11.4360
   11.3398
   11.2403
   11.1461
   11.0510
   10.9585
   10.8619
   10.7645
   10.6628
   10.5547
   10.4406
   10.3218
   10.2065
   10.0826
    9.9611
    9.8340
    9.7022
    9.5650
    9.4295
    9.2912
    9.1532
    9.0194
    8.8795
    8.7439
    8.6081
    8.4724
    8.3394
    8.2178
    8.1007
    7.9849
    7.8631
    7.7458
    7.6225
    7.4915
    7.3577
    7.2208
    7.0932
    6.9663
    6.8464
    6.7284
    6.6197
    6.5162
    6.4136
    6.3102
    6.2037
    6.0876
    5.9677
    5.8447
    5.7221
    5.5903
    5.4576
    5.3182
    5.1867
    5.0546
    4.9190
    4.7831
    4.6477
    4.5231
    4.4011
    4.2809
    4.1642
    4.0512
    3.9335
    3.8123
    3.6867
    3.5515
    3.4129
    3.2729
    3.1332
    2.9945
    2.8605
    2.7258
    2.5935
    2.4518
    2.3113
    2.1726
    2.0333
    1.8910
    1.7574
    1.6218
    1.4887
    1.3460
    1.2095
    1.0735
    0.9388
    0.8058
    0.6735
    0.5353
    0.4011
    0.2681
    0.1382
    0.0179
   -0.1042
   -0.2224
   -0.3430
   -0.4712
   -0.6081
   -0.7477
   -0.8843
   -1.0256
   -1.1623
   -1.3041
   -1.4443
   -1.5870
   -1.7327
   -1.8823
   -2.0260
   -2.1706
   -2.3143
   -2.4571
   -2.5913
   -2.7201
   -2.8395
   -2.9578
   -3.0761
   -3.1928
   -3.3103
   -3.4317
   -3.5583
   -3.6882
   -3.8220
   -3.9634
   -4.1032
   -4.2463
   -4.3819
   -4.5169
   -4.6441
   -4.7678
   -4.8868
   -5.0062
   -5.1256
   -5.2492
   -5.3673
   -5.4795
   -5.5850
   -5.6883
   -5.7996
   -5.9067
   -6.0057
   -6.1079
   -6.2034
   -6.2991
   -6.3902
   -6.4910
   -6.5942
   -6.7049
   -6.8128
   -6.9138
   -7.0064
   -7.1095
   -7.2136
   -7.3128
   -7.4183
   -7.5237
   -7.6299
   -7.7327
   -7.8310
   -7.9151
   -7.9960
   -8.0748
   -8.1486
   -8.2294
   -8.3190
   -8.4092
   -8.4973
   -8.5862
   -8.6753
   -8.7661
   -8.8547
   -8.9444
   -9.0290
   -9.1078
   -9.1967
   -9.2928
   -9.3900
   -9.4849
   -9.5822
   -9.6812
   -9.7803
   -9.8795
   -9.9799
  -10.0775
  -10.1737
  -10.2673
  -10.3555
  -10.4461
  -10.5353
  -10.6221
  -10.7036
  -10.7839
  -10.8608
  -10.9298
  -11.0018
  -11.0732
  -11.1560
  -11.2359
  -11.3149
  -11.3932
  -11.4703
  -11.5540
  -11.6321
  -11.7144
  -11.7879
  -11.8585
  -11.9224
  -11.9830
  -12.0381
  -12.0861
  -12.1384
  -12.1912
  -12.2414
  -12.2923
  -12.3548
  -12.4157
  -12.4710
  -12.5268
  -12.5721
  -12.6125
  -12.6573
  -12.7077
  -12.7606
  -12.8127
  -12.8582
  -12.8940
  -12.9245
  -12.9593
  -12.9957
  -13.0204
  -13.0503
  -13.0748
  -12.9531
  -12.8338
  -12.7188
  -12.5971
  -12.4662
  -12.3377
  -12.2105
  -12.0838
  -11.9555
  -11.8224
  -11.6884
  -11.5524
  -11.4173
  -11.2756
  -11.1334
  -10.9930
  -10.8524
  -10.7117
  -10.5715
  -10.4343
  -10.2939
  -10.1560
  -10.0216
   -9.8762
   -9.7309
   -9.5758
   -9.4217
   -9.2651
   -9.1034
   -8.9357
