   -2.1225
   -2.1945
   -2.2701
   -2.3474
   -2.4330
   -2.5286
   -2.6308
   -2.7396
   -2.8466
   -2.9587
   -3.0708
   -3.1812
   -3.2951
   -3.4105
   -3.5294
   -3.6499
   -3.7703
   -3.8907
   -4.0144
   -4.1330
   -4.2652
   -4.3955
   -4.5207
   -4.6495
   -4.7663
   -4.8865
   -5.0065
   -5.1295
   -5.2626
   -5.3937
   -5.5334
   -5.6747
   -5.8100
   -5.9456
   -6.0827
   -6.2231
   -6.3586
   -6.4943
   -6.6262
   -6.7648
   -6.9021
   -7.0479
   -7.1924
   -7.3332
   -7.4707
   -7.6084
   -7.7515
   -7.8967
   -8.0314
   -8.1713
   -8.3108
   -8.4555
   -8.5983
   -8.7580
   -8.9145
   -9.0828
   -9.2564
   -9.4214
   -9.5982
   -9.7785
   -9.9636
  -10.1567
  -10.3497
  -10.5425
  -10.7334
  -10.9126
  -11.0884
  -11.2558
  -11.4180
  -11.5786
  -11.7324
  -11.8893
  -12.0480
  -12.2082
  -12.3737
  -12.5364
  -12.6916
  -12.8488
  -13.0040
  -13.1458
  -13.2908
  -13.4340
  -13.5671
  -13.7136
  -13.8617
  -14.0083
  -14.1614
  -14.3146
  -14.4666
  -14.6136
  -14.7624
  -14.8973
  -15.0355
  -15.1719
  -15.2981
  -15.4207
  -15.5485
  -15.6713
  -15.7922
  -15.9135
  -16.0231
  -16.1309
  -16.2252
  -16.3179
  -16.3937
  -16.4831
  -16.5671
  -16.6425
  -16.7126
  -16.7798
  -16.8282
  -16.8820
  -16.9274
  -16.9780
  -17.0200
  -17.0687
  -17.1122
  -17.1554
  -17.2036
  -17.2481
  -17.2894
  -17.3273
  -17.3587
  -17.3817
  -17.4028
  -17.4277
  -17.4590
  -17.4803
  -17.5025
  -17.5255
  -17.5519
  -17.5733
  -17.5914
  -17.6142
  -17.6337
  -17.6429
  -17.6533
  -17.6695
  -17.6856
  -17.6900
  -17.6845
  -17.6791
  -17.6482
  -17.6223
  -17.5931
  -17.5485
  -17.5140
  -17.4680
  -17.4171
  -17.3609
  -17.2963
  -17.2251
  -17.1522
  -17.0727
  -16.9898
  -16.9069
  -16.8242
  -16.7381
  -16.6520
  -16.5675
  -16.4828
  -16.3947
  -16.3015
  -16.2048
  -16.1031
  -16.0116
  -15.9047
  -15.7961
  -15.6959
  -15.5977
  -15.5111
  -15.4397
  -15.3665
  -15.2933
  -15.2015
  -15.1063
  -14.9991
  -14.8903
  -14.7783
  -14.6613
  -14.5408
  -14.4185
  -14.2963
  -14.1824
  -14.0686
  -13.9499
  -13.8328
  -13.7125
  -13.5955
  -13.4757
  -13.3485
  -13.2179
  -13.0939
  -12.9666
  -12.8377
  -12.7070
  -12.5797
  -12.4505
  -12.3128
  -12.1667
  -12.0391
  -11.9315
  -11.8256
  -11.7335
  -11.6433
  -11.5395
  -11.4440
  -11.3573
  -11.2689
  -11.1835
  -11.1050
  -11.0297
  -10.9563
  -10.8833
  -10.8148
  -10.7502
  -10.6872
  -10.6210
  -10.5497
  -10.4750
  -10.4022
  -10.3227
  -10.2419
  -10.1559
  -10.0700
   -9.9790
   -9.8881
   -9.7936
   -9.7010
   -9.6066
   -9.5088
   -9.4091
   -9.2962
   -9.1915
   -9.0851
   -8.9937
   -8.9074
   -8.8226
   -8.7360
   -8.6544
   -8.5730
   -8.4914
   -8.4118
   -8.3254
   -8.2424
   -8.1526
   -8.0693
   -7.9825
   -7.8990
   -7.8242
   -7.7510
   -7.6898
   -7.6219
   -7.5610
   -7.5053
   -7.4461
   -7.3887
   -7.3300
   -7.2763
   -7.2346
   -7.2010
   -7.1559
   -7.1142
   -7.0676
   -7.0208
   -6.9742
   -6.9379
   -6.9018
   -6.8602
   -6.8218
   -6.7804
   -6.7321
   -6.6839
   -6.6391
   -6.5954
   -6.5490
   -6.4935
   -6.4400
   -6.3879
   -6.3409
   -6.3005
   -6.2549
   -6.2160
   -6.1786
   -6.1361
   -6.0937
   -6.0530
   -6.0087
   -5.9665
   -5.9207
   -5.8701
   -5.8177
   -5.7655
   -5.7216
   -5.6627
   -5.6090
   -5.5469
   -5.4782
   -5.4180
   -5.3630
   -5.3128
   -5.2678
   -5.2294
   -5.1911
   -5.1577
   -5.1227
   -5.0993
   -5.0744
   -5.0448
   -5.0070
   -4.9508
   -4.8848
   -4.8004
   -4.7325
   -4.6511
   -4.5695
   -4.4882
   -4.4053
   -4.3137
   -4.2156
   -4.1089
   -4.0009
   -3.9010
   -3.8046
   -3.7197
   -3.6383
   -3.5601
   -3.4819
   -3.4086
   -3.3339
   -3.2592
   -3.1898
   -3.1252
   -3.0659
   -3.0130
   -2.9722
   -2.9379
   -2.9173
   -2.9002
   -2.8828
   -2.8606
   -2.8369
   -2.8115
   -2.7812
   -2.7511
   -2.7226
   -2.7010
   -2.6830
   -2.6766
   -2.6753
   -2.6777
   -2.6815
   -2.6940
   -2.7081
   -2.7207
   -2.7335
   -2.7495
   -2.7672
   -2.7899
   -2.8076
   -2.8235
   -2.8328
   -2.8353
   -2.8314
   -2.8275
   -2.8253
   -2.8166
   -2.8046
   -2.7909
   -2.7854
   -2.7898
   -2.8060
   -2.8356
   -2.8787
   -2.9152
   -2.9584
   -3.0031
   -3.0511
   -3.0974
   -3.1555
   -3.2151
   -3.2798
   -3.3445
   -3.4075
   -3.4605
   -3.5053
   -3.5466
   -3.5914
   -3.6360
   -3.6791
   -3.7220
   -3.7651
   -3.8096
   -3.8559
   -3.8986
   -3.9365
   -3.9708
   -4.0003
   -4.0229
   -4.0505
   -4.0818
   -4.1213
   -4.1657
   -4.2187
   -4.2799
   -4.3458
   -4.4169
   -4.4829
   -4.5471
   -4.5997
   -4.6490
   -4.6931
   -4.7423
   -4.7849
   -4.8275
   -4.8684
   -4.9076
   -4.9402
   -4.9712
   -4.9956
   -5.0202
   -5.0382
   -5.0463
   -5.0511
   -5.0459
   -5.0389
   -5.0219
   -4.9999
   -4.9728
   -4.9407
   -4.9052
   -4.8597
   -4.8141
   -4.7685
   -4.7212
   -4.6673
   -4.6119
   -4.5516
   -4.4865
   -4.4179
   -4.3428
   -4.2727
   -4.1976
   -4.1192
   -4.0392
   -3.9641
   -3.8890
   -3.8124
   -3.7323
   -3.6539
   -3.5738
   -3.4954
   -3.4153
   -3.3335
   -3.2485
   -3.1601
   -3.0751
   -2.9852
   -2.8952
   -2.8052
   -2.7102
   -2.6185
   -2.5218
   -2.4234
   -2.3216
   -2.2165
   -2.1131
   -2.0081
   -1.9063
   -1.8062
   -1.7110
   -1.6176
   -1.5275
   -1.4341
   -1.3456
   -1.2571
   -1.1704
   -1.0902
   -1.0167
   -0.9431
   -0.8779
   -0.8144
   -0.7574
   -0.7072
   -0.6636
   -0.6350
   -0.6099
   -0.5931
   -0.5797
   -0.5730
   -0.5712
   -0.5695
   -0.5760
   -0.5842
   -0.5906
   -0.5970
   -0.6084
   -0.6214
   -0.6376
   -0.6538
   -0.6716
   -0.6928
   -0.7056
   -0.7167
   -0.7279
   -0.7374
   -0.7451
   -0.7546
   -0.7657
   -0.7768
   -0.7846
   -0.7891
   -0.7937
   -0.7981
   -0.8027
   -0.8089
   -0.8118
   -0.8131
   -0.8143
   -0.8139
   -0.8184
   -0.8213
   -0.8243
   -0.8255
   -0.8268
   -0.8298
   -0.8344
   -0.8356
   -0.8369
   -0.8413
   -0.8442
   -0.8472
   -0.8533
   -0.8594
   -0.8671
   -0.8700
   -0.8712
   -0.8740
   -0.8785
   -0.8796
   -0.8824
   -0.8786
   -0.8714
   -0.8610
   -0.8489
   -0.8352
   -0.8197
   -0.7977
   -0.7756
   -0.7536
   -0.7282
   -0.6996
   -0.6710
   -0.6391
   -0.6039
   -0.5670
   -0.5302
   -0.4934
   -0.4600
   -0.4249
   -0.3915
   -0.3615
   -0.3314
   -0.3062
   -0.2894
   -0.2741
   -0.2572
   -0.2436
   -0.2268
   -0.2100
   -0.1899
   -0.1665
   -0.1465
   -0.1281
   -0.1082
   -0.0882
   -0.0649
   -0.0482
   -0.0299
   -0.0132
    0.0068
    0.0317
    0.0534
    0.0817
    0.1050
    0.1334
    0.1651
    0.1968
    0.2333
    0.2716
    0.3230
    0.3694
    0.4225
    0.4838
    0.5451
    0.6130
    0.6793
    0.7505
    0.8282
    0.9143
    1.0035
    1.0994
    1.1919
    1.2861
    1.3753
    1.4646
    1.5456
    1.6218
    1.6914
    1.7642
    1.8289
    1.8952
    1.9566
    2.0245
    2.0875
    2.1521
    2.2166
    2.2812
    2.3424
    2.4054
    2.4700
    2.5330
    2.5994
    2.6607
    2.7287
    2.7949
    2.8594
    2.9239
    2.9934
    3.0612
    3.1291
    3.1936
    3.2549
    3.3113
    3.3677
    3.4191
    3.4705
    3.5220
    3.5768
    3.6316
    3.6864
    3.7395
    3.7926
    3.8523
    3.9097
    3.9676
    4.0174
    4.0655
    4.1102
    4.1517
    4.1982
    4.2347
    4.2812
    4.3227
    4.3609
    4.4024
    4.4274
    4.4573
    4.4823
    4.5024
    4.5175
    4.5243
    4.5312
    4.5414
    4.5449
    4.5518
    4.5554
    4.5705
    4.5905
    4.6088
    4.6222
    4.6438
    4.6638
    4.6854
    4.7054
    4.7320
    4.7602
    4.7884
    4.8117
    4.8400
    4.8699
    4.8997
    4.9344
    4.9659
    5.0007
    5.0272
    5.0620
    5.0968
    5.1250
    5.1548
    5.1830
    5.2177
    5.2443
    5.2758
    5.3154
    5.3502
    5.3834
    5.4214
    5.4512
    5.4859
    5.5108
    5.5389
    5.5621
    5.5821
    5.5971
    5.6127
    5.6327
    5.6560
    5.6792
    5.7058
    5.7340
    5.7555
    5.7738
    5.7921
    5.8087
    5.8270
    5.8437
    5.8702
    5.8869
    5.9069
    5.9285
    5.9484
    5.9749
    5.9949
    6.0132
    6.0364
    6.0563
    6.0812
    6.0994
    6.1210
    6.1426
    6.1691
    6.1972
    6.2220
    6.2500
    6.2732
    6.2865
    6.2982
    6.3083
    6.3234
    6.3351
    6.3435
    6.3487
    6.3522
    6.3563
    6.3599
    6.3667
    6.3703
    6.3772
    6.3872
    6.3957
    6.4058
    6.4094
    6.4195
    6.4214
    6.4185
    6.4237
    6.4306
    6.4310
    6.4396
    6.4449
    6.4518
    6.4603
    6.4804
    6.5004
    6.5238
    6.5439
    6.5623
    6.5855
    6.6056
    6.6273
    6.6540
    6.6822
    6.7203
    6.7502
    6.7882
    6.8213
    6.8496
    6.8730
    6.9045
    6.9312
    6.9578
    6.9828
    7.0045
    7.0230
    7.0432
    7.0633
    7.0834
    7.1053
    7.1335
    7.1618
    7.1885
    7.2135
    7.2288
    7.2554
    7.2821
    7.3088
    7.3518
    7.3866
    7.4395
    7.4890
    7.5369
    7.5849
    7.6328
    7.6807
    7.7265
    7.7728
    7.8240
    7.8802
    7.9331
    7.9876
    8.0421
    8.0900
    8.1428
    8.1988
    8.2631
    8.3306
    8.3917
    8.4544
    8.5236
    8.5863
    8.6523
    8.7265
    8.7925
    8.8455
    8.9050
    8.9661
    9.0305
    9.0900
    9.1479
    9.2107
    9.2751
    9.3233
    9.3698
    9.4098
    9.4514
    9.4963
    9.5444
    9.5877
    9.6422
    9.6888
    9.7369
    9.7769
    9.8185
    9.8602
    9.9100
    9.9484
    9.9869
   10.0319
   10.0751
   10.1184
   10.1568
   10.1970
   10.2274
   10.2594
   10.2702
   10.2810
   10.2854
   10.2833
   10.2893
   10.2758
   10.2671
   10.2649
   10.2677
   10.2640
   10.2669
   10.3005
   10.3370
   10.3446
   10.3457
   10.3484
   10.3512
   10.3523
   10.3584
   10.3629
   10.3658
   10.3637
   10.3649
   10.3823
   10.4061
   10.4299
   10.4634
   10.4952
   10.5367
   10.5929
   10.6621
   10.7362
   10.8005
   10.8615
   10.9258
   10.9868
   11.0397
   11.0957
   11.1647
   11.2273
   11.2915
   11.3492
   11.3907
   11.4273
   11.4672
   11.4925
   11.5145
   11.5382
   11.5685
   11.6003
   11.6239
   11.6297
   11.6435
   11.6557
   11.6711
   11.6769
   11.6793
   11.6816
   11.6920
   11.7038
   11.7270
   11.7584
   11.7947
   11.8401
   11.8780
   11.9078
   11.9488
   11.9899
   12.0245
   12.0543
   12.0888
   12.1234
   12.1384
   12.1523
   12.1868
   12.2098
   12.2297
   12.2415
   12.2582
   12.2781
   12.2995
   12.3176
   12.3389
   12.3619
   12.3669
   12.3833
   12.3915
   12.3982
   12.4098
   12.4114
   12.4016
   12.3853
   12.3528
   12.3218
   12.2989
   12.2761
   12.2435
   12.2224
   12.2012
   12.1687
   12.1444
   12.1200
   12.1135
   12.1216
   12.1443
   12.1718
   12.2106
   12.2560
   12.2965
   12.3353
   12.3726
   12.4276
   12.5021
   12.5783
   12.6593
   12.7322
   12.8084
   12.8879
   12.9690
   13.0436
   13.1217
   13.1950
   13.2762
   13.3591
   13.4426
   13.5434
   13.6489
   13.7545
   13.8455
   13.9462
   14.0597
   14.1717
   14.2850
   14.3920
   14.4940
   14.6156
   14.7502
   14.8879
   15.0304
   15.1763
   15.3077
   15.4294
   15.5527
   15.6678
   15.7910
   15.9143
   16.0246
   16.1447
   16.2600
   16.3704
   16.4874
   16.6014
   16.7186
   16.8422
   16.9710
   17.0898
   17.2055
   17.3276
   17.4432
   17.5604
   17.6841
   17.8044
   17.9249
   18.0355
   18.1430
   18.2405
   18.3382
   18.4330
   18.5389
   18.6369
   18.7315
   18.8310
   18.9274
   19.0156
   19.1023
   19.1728
   19.2434
   19.3189
   19.3961
   19.4734
   19.5444
   19.6153
   19.6814
   19.7459
   19.8007
   19.8505
   19.8924
   19.9215
   19.9326
   19.9487
   19.9600
   19.9666
   19.9797
   19.9929
   20.0028
   20.0112
   20.0002
   19.9811
   19.9556
   19.9382
   19.9206
   19.9111
   19.9145
   19.9228
   19.9343
   19.9346
   19.9413
   19.9352
   19.9226
   19.9052
   19.8847
   19.8512
   19.8178
   19.7795
   19.7445
   19.7126
   19.6777
   19.6477
   19.6241
   19.6054
   19.5706
   19.5359
   19.5075
   19.4776
   19.4429
   19.3872
   19.3173
   19.2471
   19.1816
   19.1081
   19.0522
   19.0060
   18.9646
   18.9152
   18.8769
   18.8225
   18.7681
   18.7362
   18.7011
   18.6612
   18.6275
   18.6003
   18.5671
   18.5237
   18.4707
   18.4193
   18.3662
   18.3036
   18.2297
   18.1557
   18.0915
   18.0127
   17.9322
   17.8356
   17.7390
   17.6407
   17.5392
   17.4521
   17.3651
   17.2652
   17.1540
   17.0300
   16.9093
   16.7693
   16.6212
   16.4651
   16.3025
   16.1286
   15.9515
   15.7776
   15.6082
   15.4467
   15.2884
   15.1300
   14.9683
   14.8098
   14.6464
   14.4829
   14.3226
   14.1496
   13.9733
   13.7985
   13.6317
   13.4538
   13.2885
   13.1232
   12.9723
   12.8422
   12.7041
   12.5579
   12.4213
   12.2830
   12.1317
   11.9692
   11.8017
   11.6246
   11.4589
   11.2963
   11.1101
   10.9220
   10.7333
   10.5318
   10.3255
   10.1316
    9.9543
    9.7802
    9.5964
    9.4254
    9.2607
    9.1152
    8.9812
    8.8404
    8.7093
    8.5748
    8.4546
    8.3248
    8.1949
    8.0697
    7.9204
    7.7858
    7.6702
    7.5659
    7.4613
    7.3568
    7.2635
    7.1669
    7.0800
    6.9978
    6.9252
    6.8654
    6.7976
    6.7315
    6.6589
    6.5927
    6.5329
    6.4762
    6.4117
    6.3455
    6.2887
    6.2303
    6.1878
    6.1517
    6.1220
    6.0889
    6.0621
    6.0272
    5.9908
    5.9543
    5.9018
    5.8413
    5.7743
    5.6816
    5.5775
    5.4848
    5.3778
    5.2837
    5.1894
    5.1033
    5.0187
    4.9289
    4.8424
    4.7546
    4.6686
    4.5936
    4.5075
    4.4198
    4.3405
    4.2707
    4.1900
    4.1060
    4.0283
    3.9505
    3.8712
    3.7886
    3.7044
    3.6204
    3.5346
    3.4507
    3.3650
    3.2938
    3.2126
    3.1266
    3.0277
    2.9418
    2.8461
    2.7410
    2.6374
    2.5356
    2.4321
    2.3256
    2.2143
    2.1011
    1.9879
    1.8651
    1.7357
    1.6063
    1.4689
    1.3442
    1.2193
    1.0945
    0.9712
    0.8483
    0.7206
    0.5992
    0.4750
    0.3557
    0.2396
    0.1333
    0.0286
   -0.0680
   -0.1610
   -0.2445
   -0.3215
   -0.3949
   -0.4798
   -0.5437
   -0.6078
   -0.6624
   -0.7188
   -0.7720
   -0.8217
   -0.8763
   -0.9322
   -0.9788
   -1.0239
   -1.0530
   -1.0807
   -1.1088
   -1.1337
   -1.1558
   -1.1729
   -1.1902
   -1.2074
   -1.2213
   -1.2366
   -1.2549
   -1.2879
   -1.3157
   -1.3550
   -1.3827
   -1.4073
   -1.4272
   -1.4417
   -1.4517
   -1.4693
   -1.4873
   -1.4938
   -1.5019
   -1.5134
   -1.5375
   -1.5552
   -1.5727
   -1.5842
   -1.5998
   -1.6137
   -1.6325
   -1.6544
   -1.6664
   -1.6915
   -1.7099
   -1.7346
   -1.7609
   -1.7860
   -1.8076
   -1.8373
   -1.8656
   -1.8937
   -1.9235
   -1.9613
   -1.9992
   -2.0372
   -2.0576
   -2.0811
   -2.0967
   -2.0966
   -2.0898
   -2.0848
   -2.0782
   -2.0840
   -2.0944
   -2.1066
   -2.1109
   -2.1182
   -2.1224
   -2.1265
   -2.1349
   -2.1516
   -2.1682
   -2.1894
   -2.2093
   -2.2287
   -2.2496
   -2.2721
   -2.2927
   -2.3087
   -2.3168
   -2.3168
   -2.2959
   -2.2817
   -2.2497
   -2.2259
   -2.2052
   -2.1876
   -2.1656
   -2.1434
   -2.1186
   -2.0804
   -2.0473
   -2.0090
   -1.9724
   -1.9277
   -1.8814
   -1.8352
   -1.7836
   -1.7321
   -1.6715
   -1.5976
   -1.5175
   -1.4294
   -1.3378
   -1.2559
   -1.1693
   -1.0920
   -1.0193
   -0.9530
   -0.8740
   -0.7981
   -0.7288
   -0.6609
   -0.5883
   -0.5221
   -0.4495
   -0.3852
   -0.3207
   -0.2595
   -0.2141
   -0.1672
   -0.1184
   -0.0758
   -0.0427
   -0.0099
    0.0231
    0.0543
    0.0982
    0.1499
    0.1921
    0.2213
    0.2462
    0.2601
    0.2771
    0.2913
    0.3117
    0.3364
    0.3677
    0.3959
    0.4078
    0.4081
    0.4003
    0.3862
    0.3802
    0.3612
    0.3440
    0.3221
    0.2956
    0.2499
    0.1995
    0.1362
    0.0602
   -0.0173
   -0.0998
   -0.1778
   -0.2529
   -0.3345
   -0.4161
   -0.5008
   -0.5794
   -0.6687
   -0.7563
   -0.8519
   -0.9539
   -1.0528
   -1.1530
   -1.2466
   -1.3341
   -1.4216
