27471.2871
27471.6113
27471.7539
27471.7129
27471.7266
27471.5840
27471.7539
27471.5547
27471.7988
27471.7852
27471.9570
27471.5273
27471.9297
27471.7852
27471.7852
27471.7578
27471.9434
27471.8594
27471.9727
27472.0293
27472.1582
27472.0156
27472.0586
27472.1016
27472.2305
27472.1738
27472.1484
27472.2617
27472.3750
27472.3613
27472.4629
27472.5781
27472.7207
27472.8633
27472.8496
27472.6641
27472.4219
27472.5938
27472.6348
27472.6094
27472.4219
27472.6367
27472.6953
27472.5957
27472.6367
27472.9375
27472.8535
27472.8516
27472.6387
27472.7676
27473.0957
27473.2812
27473.6660
27473.6816
27473.8672
27474.1523
27474.1660
27474.5098
27474.6094
27474.3242
27474.6250
27474.5684
27474.3809
27474.3672
27474.2832
27474.0820
27474.0098
27473.9414
27473.7246
27473.8398
27473.6973
27473.7129
27473.9121
27473.8262
27474.1406
27473.9551
27473.9121
27474.0840
27474.2988
27474.0840
27474.0273
27473.7988
27473.9844
27474.2402
27474.4121
27474.3848
27474.2285
27474.3281
27474.6133
27474.4707
27474.6699
27474.7129
27474.5273
27474.5000
27474.5137
27474.4414
27474.2422
27474.4121
27474.2148
27474.0273
27474.2852
27474.2285
27474.3008
27474.4863
27474.3008
27474.3867
27474.2148
27474.0586
27473.8008
27473.5859
27473.4570
27473.5859
27473.2285
27473.4160
27473.2148
27473.3867
27473.3008
27473.3164
27473.3301
27473.0449
27473.2441
27473.2305
27473.0742
27472.9453
27472.7168
27472.8887
27472.7617
27472.2891
27472.3320
27472.2031
27472.0898
27472.1328
27472.0332
27472.0059
27472.5039
27472.1914
27472.2207
27472.0059
27471.9355
27471.9922
27472.0215
27472.0918
27471.9766
27471.9492
27472.2500
27471.9062
27471.8496
27471.9199
27471.7793
27471.6797
27471.4941
27471.3945
27471.3066
27471.0938
27471.1953
27470.9805
27470.9238
27470.7520
27470.8945
27470.8945
27471.0684
27471.1387
27471.0977
27470.9414
27470.9688
27470.9258
27470.8125
27470.9141
27470.6855
27470.6133
27470.4863
27470.4570
27470.3711
27470.0996
27470.0000
27469.5703
27469.8711
27469.7148
27469.7578
27469.8887
27470.0020
27469.9746
27470.1035
27469.9180
27469.9766
27470.0762
27470.0195
27470.0898
27469.8770
27470.1055
27469.9766
27470.1934
27470.1777
27470.0938
27470.2793
27470.1660
27470.2090
27470.2246
27470.1816
27470.0801
27469.6953
27469.8809
27469.7676
27469.5820
27469.8262
27469.5391
27469.5117
27469.6406
27469.1543
27469.2695
27468.9844
27468.9414
27469.0840
27469.0137
27468.8848
27469.1289
27469.0000
27469.2871
27469.1152
27469.1445
27469.0430
27468.9434
27469.0430
27468.9453
27469.0332
27468.9883
27468.9766
27469.0469
27468.5898
27468.7891
27468.8320
27468.7324
27468.5625
27468.5918
27468.5059
27468.6055
27468.7070
27468.4082
27468.5957
27468.4531
27468.4238
27468.4102
27468.2422
27468.3984
27467.9277
27468.0430
27467.6582
27467.9023
27467.6465
27467.8750
27467.5898
27467.1797
27467.3926
27467.3066
27467.6758
27467.4355
27467.7188
27468.3027
27468.2324
27468.1328
27468.2324
27468.1484
27468.3184
27468.2500
27468.5625
27468.5781
27468.5059
27468.6211
27468.6641
27468.7207
27468.5371
27468.7344
27468.5918
27468.2363
27468.4082
27468.1523
27468.1094
27468.3086
27468.3398
27468.2812
27468.5527
27468.8086
27468.9941
27469.2793
27469.3086
27469.4531
27469.3672
27469.4375
27468.9551
27469.2090
27469.2109
27468.9980
27468.8438
27468.8281
27468.5000
27468.5156
27468.5020
27468.3320
27468.2051
27468.2324
27467.9902
27467.8613
27467.8340
27467.6172
27467.5918
27467.5078
27467.1797
27467.1523
27467.0098
27466.9258
27467.1680
27467.0254
27466.9258
27466.9570
27466.6719
27466.8301
27466.7031
27466.4902
27466.3750
27466.3633
27466.2656
27466.0391
27465.9551
27465.7422
27465.5586
27465.4746
27465.3770
27465.6465
27465.3047
27465.3047
27465.2051
27465.3340
27465.5195
27465.7148
27465.7324
27465.8008
27466.1152
27466.1855
27466.3848
27466.4570
27466.3281
27466.3711
27466.2461
27466.4023
27466.3613
27466.1914
27466.2754
27466.3340
27466.1641
27466.2656
27466.1543
27466.1543
27466.0957
27466.0547
27466.0957
27466.0977
27466.0977
27466.1406
27466.2246
27466.4531
27466.5820
27466.5234
27466.6504
27466.5801
27466.5508
27466.5508
27466.7637
27466.8477
27466.7891
27466.9590
27466.9609
27467.0879
27467.3008
27467.2578
27467.3438
27467.1738
27467.1738
27467.0625
27467.0371
27466.9941
27466.8516
27466.9375
27466.8965
27466.7949
27466.6953
27466.6953
27466.5957
27466.7383
27466.6543
27466.8242
27466.8105
27466.9941
27466.8945
27467.1074
27467.1504
27467.2344
27467.4043
27467.3477
27467.4336
27467.3164
27467.4609
27467.6738
27467.7578
27468.0117
27468.1230
27468.2676
27468.3672
27468.4941
27468.5645
27468.7500
27468.7227
27468.7500
27468.8496
27468.9082
27468.9082
27469.0078
27468.9824
27469.1094
27469.1523
27469.3086
27469.2832
27469.4668
27469.4238
27469.5273
27469.4688
27469.4961
27469.4961
27469.4531
27469.3965
27469.4805
27469.4961
27469.5566
27469.5801
27469.5215
27469.4707
27469.1680
27469.3262
27469.2246
27469.3262
27469.2266
27469.2949
27469.4805
27469.5801
27469.6816
27469.7383
27469.6973
27469.7969
27469.6543
27469.6973
27469.7402
27469.7402
27469.7559
27469.8984
27469.9414
27469.7559
27469.7422
27469.6562
27469.4609
27469.5605
27470.1582
27470.4121
27470.5391
27470.6074
27470.5781
27470.5469
27470.6934
27470.4082
27470.1973
27470.0977
27469.7988
27469.5566
27469.4297
27469.3574
27469.1309
27469.1875
27469.0898
27469.1465
27469.2461
27469.3047
27469.4941
27469.6504
27469.7520
27469.9102
27469.9688
27469.9102
27469.8965
27470.0234
27470.0234
27469.9648
27470.0078
27469.9492
27469.9922
27470.0039
27469.9043
27470.0586
27470.1855
27470.3262
27470.4688
27470.5117
27470.5117
27470.6387
27470.5547
27470.7812
27470.7656
27470.7090
27470.6660
27470.9766
27470.9941
27471.1211
27471.1777
27471.3203
27471.5195
27471.5781
27471.8379
27471.6680
27471.7266
27471.6680
27471.8379
27471.8809
27471.8066
27471.8906
27472.0449
27472.2969
27472.4238
27472.3398
27472.5508
27472.5508
27472.6211
27472.5059
27472.3789
27472.2363
27472.2363
27472.0938
27472.0371
27472.0098
27471.9688
27471.9414
27471.9004
27471.8574
27471.7578
27471.6172
27471.6172
27471.5176
27471.4902
27471.7168
27471.7598
27471.9004
27472.1875
27472.2715
27472.2871
27472.5137
27472.5703
27472.5547
27472.4707
27472.5547
27472.6406
27472.6250
27472.7500
27472.4258
27472.4941
27472.4355
27472.7871
27472.7852
27473.1406
27473.2676
27473.4531
27473.8203
27474.1484
27474.5430
27474.9785
27475.3164
27475.1738
27475.0215
27474.4258
27474.3418
27474.3262
27474.5938
27474.6543
27474.5859
27474.7852
27474.8125
27474.7012
27474.5586
27474.4746
27474.4336
27474.3496
27474.4062
27474.4648
27474.5234
27474.6387
27474.6816
27474.8125
27474.7715
27474.6973
27474.7969
27474.8809
27474.8652
27474.6504
27474.7344
27474.6934
27474.7031
27474.8203
27474.8203
27474.6621
27474.6621
27474.6191
27474.6621
27474.6621
27474.4609
27474.4043
27474.5137
27474.6094
27474.4395
27474.6660
27474.8184
27474.8457
27474.8770
27474.7715
27474.8223
27474.7812
27475.1406
27475.2227
27475.1484
27475.3086
27475.1445
27475.3164
27475.2754
27475.2441
27475.2012
27475.4180
27475.3594
27475.2871
27475.3691
27475.3223
27475.5391
27475.8223
27475.5488
27475.9062
27475.8379
27475.6641
27475.6055
27475.7715
27475.6797
27475.6719
27475.6035
27475.5859
27475.5332
27475.6504
27475.6758
27475.5039
27475.6445
27475.5859
27475.6719
27475.7715
27475.7969
27475.6133
27475.5547
27475.5273
27475.4707
27475.4453
27475.6719
27475.5879
27475.6191
27475.6777
27475.6934
27475.7676
27475.7930
27475.9199
27475.9258
27475.9102
27475.8105
27475.9258
27475.8359
27475.9102
27475.7949
27475.8770
27475.9199
27475.8945
27475.8457
27476.0879
27476.1387
27476.1230
27476.1074
27476.1328
27476.1328
27476.0918
27476.2734
27476.3066
27476.1914
27476.1074
27476.0801
27475.9980
27475.8398
27475.9805
27475.7793
27475.6797
27475.7227
27475.5977
27475.5137
27475.4141
27475.4297
27475.4453
27475.3711
27475.3457
27475.7773
27475.7773
27475.7891
27475.8789
27475.8301
27475.9707
27475.9707
27475.9551
27475.6641
27475.6074
27475.5645
27475.3066
27475.3828
27475.3828
27475.4395
27475.6562
27475.6562
27475.8047
27476.0879
27475.7051
27475.9043
27475.7793
27475.8613
27475.7207
27475.5801
27475.5469
27475.4375
27475.2793
27475.4531
27475.4707
27475.5527
27475.5547
27475.6387
27475.4805
27475.4043
27475.2793
27475.2559
27475.1953
27474.9551
27475.0117
27474.9863
27475.1191
27475.3789
27475.4941
27475.5527
27475.7012
27475.7695
27475.7949
27475.7109
27475.7109
27475.6699
27475.6523
27475.5527
27475.4785
27475.6367
27475.6953
27475.6367
27475.7793
27475.6621
27475.6309
27475.8047
27475.7207
27475.6211
27475.7637
27475.7637
27475.6055
27475.8047
27476.2891
27475.9961
27476.0801
27476.2871
27476.1621
27476.1875
27476.0625
27476.2461
27476.4551
27476.3125
27476.6641
27476.7637
27476.9883
27476.9727
27477.2812
27477.3223
27477.4648
27477.2227
27477.2910
27477.4316
27477.4082
27477.4668
27477.4082
27477.7832
27477.7168
27477.5254
27477.5098
27477.5840
27477.4844
27477.1504
27477.4336
27477.9414
27478.0938
27478.0938
27478.2520
27478.6680
27478.9805
27479.0684
27479.1270
27479.2949
27479.2930
27478.9922
27479.1934
27479.2188
27479.1426
27479.2520
27479.4199
27479.3770
27479.5273
27479.6270
27479.5938
27479.7520
27479.5605
27479.6016
27479.7012
27479.6602
27479.5586
27479.6426
27479.8105
27479.8438
27479.6836
27479.8750
27479.5332
27479.5098
27479.5098
27479.5098
27479.6504
27479.8164
27479.7754
27479.8594
27480.1152
27479.9570
27480.1738
27480.2168
27480.3906
27480.2754
27480.4160
27480.3828
27480.6250
27480.6152
27481.0488
27481.0078
27480.9570
27480.9316
27481.0059
27481.1484
27481.3652
27481.7051
27481.8301
27482.0293
27482.1465
27482.0977
27482.0723
27482.0723
27482.4297
27482.4883
27482.6465
27482.7461
27482.6719
27482.8555
27483.0391
27483.0957
27483.1953
27483.1543
27483.2793
27482.9785
27483.2539
27483.3125
27483.2773
27483.2363
27483.5625
27484.1875
27484.2207
27484.1875
27484.3125
27484.1719
27484.5879
27484.8965
27485.0039
27484.9043
27484.9629
27484.7461
27485.0039
27485.0039
27485.0625
27485.1465
27485.1953
27485.1465
27485.4453
27485.4219
27485.1387
27485.2617
27485.1719
27485.2969
27485.3379
27485.1211
27485.0879
27485.2129
27485.1660
27485.0684
27485.0527
27484.9688
27484.7539
27484.7695
27484.8691
27484.8457
27484.8203
27485.0859
27485.0625
27485.3379
27485.2539
27485.3047
27485.2051
27485.3809
27485.4297
27485.6309
27485.5059
27485.6406
27485.5977
27485.6738
27485.7402
27485.8164
27485.7383
27485.6328
27485.8906
27485.6484
27485.6836
27485.8320
27485.8477
27485.8320
27486.0391
27485.9316
27486.0391
27486.1387
27486.3223
27486.3809
27486.4043
27486.5801
27486.7715
27486.7539
27487.1777
27487.3438
27487.6855
27487.7520
27487.7168
27488.1934
27488.2012
27488.1016
27488.2246
27488.4414
27488.4180
27488.3574
27488.6504
27488.7344
27488.6172
27488.6758
27488.7363
27488.6855
27488.7852
27488.8594
27488.8184
27488.9375
27489.0254
27489.1191
27489.2012
27489.3789
27489.5781
27489.6934
27489.5527
27489.7344
27489.8125
27490.1523
27490.3945
27490.4941
27490.7344
27491.2500
27491.2266
27491.1875
27491.5938
27491.4355
27491.5762
27491.7695
27491.8867
27492.0215
27491.9629
27492.1621
27492.5117
27492.7461
27493.1836
27492.7383
27493.2871
27493.5703
27493.6348
27493.8105
27493.8691
27493.7520
27494.0352
27494.4141
27494.1426
27494.0762
27494.2656
27494.3652
27494.5000
27494.6016
27494.6055
27494.8652
27495.1895
27495.2070
27495.3906
27495.4648
27495.6895
27495.8730
27496.0879
27496.1543
27496.4551
27496.3535
27496.1953
27496.6719
27496.5137
27496.4785
27496.9551
27497.4121
27497.2207
27497.6836
27497.8848
27497.6680
27497.8672
27498.0098
27498.4512
27498.7070
27498.7070
27499.0918
27499.0586
27499.3672
27499.4414
27499.8516
27499.9766
27499.9766
27500.3516
27500.2363
27500.5352
27500.7598
27500.4297
27500.8242
27500.7188
27500.7930
27500.7188
27501.0176
27500.6934
27500.8867
27500.9863
27501.1230
27501.0977
27501.1797
27500.7734
27501.0156
27501.1152
27500.7969
27501.0156
27501.2383
27500.8789
27500.9805
27501.0684
27500.9863
27501.0098
27501.0762
27501.0352
27500.9922
27501.2168
27501.3164
27501.3984
27501.5820
27501.3750
27501.3984
27501.4570
27501.3496
27501.2754
27500.9160
27500.7676
27500.8262
27500.5020
27500.5098
27500.4609
27500.7852
27500.7031
27500.7266
27500.5020
27500.6270
27500.3086
27500.4141
27500.2500
27500.0508
27499.9922
27499.7676
27499.5508
27499.4922
27499.4141
27499.3145
27498.9785
27498.7305
27498.3379
27498.1562
27498.1074
27498.0254
27497.9668
27497.4902
27497.5430
27497.6191
27497.4355
27497.5469
27497.6465
27497.8242
27498.1250
27498.3008
27498.3594
27498.2539
27498.0293
27497.9707
27497.6465
27497.3301
27497.1816
27497.2402
27497.1543
27497.0293
27497.1289
27496.9648
27496.6641
27496.8242
27496.5645
27496.3477
27496.3652
27496.2871
27496.1055
27496.1406
27496.0352
27496.0703
27495.9121
27496.1289
27496.0664
27496.0996
27495.6582
27495.9355
27495.9414
27495.7129
27495.7949
27495.8535
27495.7480
27495.5488
27495.2852
27495.1836
27495.1016
27495.1016
27494.9844
27494.6367
27494.2734
27494.0312
27493.6719
27493.3027
27492.9434
27492.7207
27492.4805
27492.2500
27491.9453
27491.6992
27491.3398
27491.3398
27491.1816
27491.1172
27490.9766
27490.5352
27490.2578
27490.4766
27490.4590
27490.3359
27490.4180
27490.1719
27490.1895
27490.3418
27490.1621
27489.9375
27489.8789
27489.9375
27489.7559
27489.8730
27489.7344
27489.7461
27489.5918
27489.5469
27489.5645
27489.4414
27489.3418
27489.2012
27488.7969
27488.8730
27488.5508
27488.3496
27488.2324
27488.2500
27487.9863
27487.7402
27487.5762
27487.4941
27487.4355
27487.2480
27487.3359
27487.3945
27486.9727
27486.9316
27486.6270
27486.5625
27486.4629
27486.2754
27486.2812
27486.2168
27486.0996
27486.1543
27486.0957
27486.2539
27486.3184
27486.1133
27486.0918
27486.0684
27485.8145
27485.8691
27485.4277
27485.3691
27485.3281
27485.1250
27485.0664
27485.2246
27485.2832
27485.1875
27485.1152
27485.0742
27484.7520
27484.5469
27484.3887
27484.1836
27483.9844
27483.8613
27483.8613
27483.8633
27483.8848
27483.8438
27483.7266
27483.7227
27483.3828
27483.1953
27483.2832
27483.5234
27483.5645
27483.5059
27483.3672
27483.4199
27483.3027
27483.2266
27482.8457
27482.8223
27482.5215
27482.4180
27482.3008
27482.3828
27482.2500
27482.3867
27482.3066
27482.3242
27482.0059
27481.7832
27482.0781
27482.2148
27481.9512
27482.3262
27482.3379
27482.1406
27481.9043
27481.3867
27480.8555
27480.5195
27479.8105
27479.3711
27479.5840
27479.5625
27479.2441
27479.0312
27478.8906
27478.7734
27478.6367
27478.2012
27477.9199
27477.7188
27477.8828
27477.8301
27477.6074
27477.5664
27477.1719
27477.1074
27477.2129
27476.9531
27476.7773
27476.3770
27476.2559
27476.1914
27475.7324
27475.2578
27474.9355
27474.6113
27474.1816
27474.0215
27473.5352
27473.5137
27473.6504
27473.5918
27473.3438
27472.8184
27473.0332
27472.8105
27472.6699
27472.7070
27472.9336
27473.2344
27473.1992
27473.3398
27473.4844
27473.3672
27473.4082
27473.4902
27473.0312
27472.8926
27473.0059
27472.7246
27472.4062
27472.0859
27471.7617
27471.5176
27471.3574
27471.1992
27471.2988
27471.0000
27471.0410
27470.8594
27471.3867
27471.6777
27472.5527
27472.7617
27472.9707
27473.1523
27473.4395
27473.3574
27473.2793
27472.9219
27472.2539
27471.9453
27471.5176
27470.8496
27470.4863
27470.1152
27469.5527
27469.4883
27469.2070
27468.6855
27468.6484
27468.4434
27468.3086
27468.4688
27468.1504
27468.3906
27468.5098
27468.3477
27468.6836
27468.5215
27468.8809
27468.8594
27468.8223
27468.6504
27468.8691
27468.7910
27468.8125
27468.6348
27468.9316
27468.7559
27468.6328
27468.7891
27468.9844
27468.4531
27468.9492
27469.0957
27468.8691
27468.5098
27468.4336
27468.4844
27468.1074
27467.9258
27468.0898
27467.7402
27467.6426
27467.6211
27467.5391
27466.8652
27466.6914
27467.2871
27466.8965
27466.7363
27466.9902
27466.8125
27466.6934
27466.6094
27466.4121
27466.4727
27466.3320
27466.0137
27466.1328
27465.8516
27465.7930
27465.7148
27465.7148
27465.8379
27465.9238
27466.1602
27466.1250
27466.0879
27465.7930
27465.6016
27465.4551
27465.2559
27464.8770
27465.0586
27465.2188
27464.6602
27464.5820
