28092.6309
28092.6543
28092.5742
28092.3203
28092.0098
28091.6758
28091.5977
28091.4648
28091.4199
28091.5195
28091.5410
28091.5410
28091.6406
28091.6855
28091.8066
28091.7305
28091.5977
28091.5625
28091.5293
28091.3750
28091.2969
28091.2402
28091.1621
28091.0625
28091.1172
28091.0391
28090.9844
28090.9609
28091.0605
28091.2383
28091.2148
28091.1367
28091.2363
28091.2598
28091.1816
28091.2578
28091.2793
28091.4355
28091.3145
28091.4688
28091.6230
28091.5996
28091.6230
28091.7012
28091.8770
28091.9316
28091.9863
28092.1875
28092.0098
28091.9316
28091.7754
28091.6426
28091.5410
28091.7207
28091.9961
28092.2305
28092.5625
28092.9746
28093.3047
28093.4844
28093.7383
28093.8164
28093.9375
28093.9609
28093.9043
28093.7695
28093.6602
28093.6816
28093.6484
28093.6699
28093.5918
28093.5352
28093.4355
28093.2012
28092.9238
28092.7676
28092.4785
28092.3770
28092.4785
28092.5781
28092.7324
28093.0430
28093.2773
28093.4316
28093.6660
28093.8984
28093.8750
28094.0098
28093.9082
28093.9082
28094.0859
28094.1074
28094.1289
28094.1523
28094.1523
28094.1172
28094.1172
28094.1387
28094.0820
28094.0820
28094.2168
28094.2383
28094.2148
28094.3711
28094.3477
28094.4258
28094.5039
28094.5254
28094.5254
28094.6035
28094.7012
28094.7578
28094.7129
28094.7891
28094.6895
28094.7441
28094.7227
28094.7227
28094.6777
28094.6777
28094.6562
28094.5781
28094.5781
28094.5098
28094.4883
28094.3652
28094.4434
28094.4766
28094.4766
28094.6113
28094.6875
28094.7207
28094.6211
28094.5762
28094.4766
28094.4316
28094.4551
28094.4531
28094.5527
28094.6523
28094.6758
28094.6973
28094.8535
28094.9531
28095.1074
28095.1074
28095.2070
28095.2070
28095.2070
28095.1836
28095.1621
28095.0059
28095.0508
28094.9727
28094.9941
28095.0391
28095.0371
28095.0820
28095.0254
28095.1250
28095.1699
28095.2344
28095.2559
28095.2793
28095.3008
28095.2227
28095.1641
28094.9316
28094.7520
28094.4414
28094.1074
28093.9492
28093.7930
28093.6152
28093.5586
28093.5586
28093.7363
28093.7148
28093.8145
28094.0488
28094.1816
28094.2031
28094.2812
28094.3027
28094.2461
28094.1895
28094.1113
28094.1895
28094.1895
28094.2227
28094.3555
28094.4902
28094.6250
28094.7812
28095.0137
28095.1484
28095.3809
28095.3809
28095.3809
28095.2031
28095.1465
28094.9688
28094.7344
28094.4551
28094.2207
28094.1211
28093.9219
28093.7988
28093.8770
28093.9102
28093.9668
28094.0430
28094.0430
28093.8867
28093.8867
28093.8301
28093.8086
28093.8301
28093.8301
28093.7871
28093.7637
28093.7070
28093.7070
28093.6289
28093.6270
28093.6738
28093.7285
28093.7500
28093.8281
28093.8496
28093.9473
28093.9707
28094.0703
28094.0352
28093.9570
28093.9570
28093.8574
28093.7988
28093.7422
28093.7207
28093.6641
28093.5078
28093.5293
28093.5078
28093.5078
28093.5840
28093.7188
28093.7949
28093.9648
28094.0996
28094.1562
28094.1348
28094.2461
28094.2461
28094.1680
28094.1465
28094.1445
28094.1445
28094.1230
28094.1230
28094.1230
28093.9648
28093.9434
28093.8438
28093.8223
28093.7441
28093.7422
28093.7422
28093.7070
28093.6855
28093.7285
28093.6719
28093.6953
28093.7148
28093.8145
28093.7578
28093.8027
28093.8242
28093.8457
28093.8438
28094.0000
28094.0215
28094.0215
28094.1211
28094.1992
28094.1426
28094.2422
28094.2402
28094.2773
28094.1973
28094.1758
28094.0742
28094.0742
28094.0312
28094.0098
28093.8535
28093.8301
28093.8086
28093.8086
28093.7520
28093.7305
28093.8301
28093.8516
28093.8516
28093.9512
28094.0059
28094.0488
28094.1055
28094.2070
28094.2070
28094.2285
28094.2266
28094.3477
28094.3477
28094.4473
28094.4902
28094.4902
28094.4551
28094.4336
28094.3340
28094.1758
28094.0977
28093.9980
28093.9180
28093.7617
28093.5820
28093.5254
28093.4453
28093.2676
28093.3672
28093.5254
28093.7598
28094.0938
28094.4512
28094.5508
28094.5723
28094.4160
28094.1797
28094.0020
28093.8867
28093.9629
28094.1211
28094.2773
28094.4355
28094.6465
28094.4902
28094.3535
28093.9609
28093.6484
28093.4121
28093.0195
28092.8418
28092.7617
28092.6836
28092.8418
28092.8418
28092.8398
28092.8398
28092.8398
28092.8398
28092.8398
28092.8164
28092.8945
28092.8945
28092.9727
28093.1074
28093.1855
28093.1855
28093.1855
28093.1055
28093.2070
28093.2070
28093.1270
28093.0488
28093.0469
28093.0469
28093.1035
28093.1816
28093.3379
28093.3945
28093.3164
28093.3945
28093.4727
28093.6309
28093.8652
28094.2559
28094.4141
28094.3359
28094.0996
28093.9434
28093.7852
28093.8047
28093.9844
28094.2188
28094.7324
28095.0469
28095.4395
28095.7969
28096.0547
28096.1328
28096.1309
28096.1523
28096.3086
28096.3867
28096.1523
28095.6016
28095.0508
28094.3223
28093.6719
28093.3359
28093.2363
28093.3711
28093.5859
28093.6426
28093.7988
28094.0352
28094.3496
28094.6621
28095.0332
28095.1914
28095.1914
28095.1113
28094.9746
28094.9395
28094.9824
28094.9238
28095.0234
28095.0449
28095.1016
28095.0801
28095.0586
28095.0586
28094.9805
28094.8789
28094.8789
28095.0000
28094.9219
28095.0215
28095.1211
28095.2988
28095.3770
28095.7129
28095.8691
28096.0273
28096.1836
28096.3848
28096.4629
28096.6191
28096.6758
28096.6973
28096.6973
28096.6191
28096.5410
28096.4805
28096.3027
28096.1250
28095.9453
28095.7871
28095.7656
28095.7441
28095.8008
28095.7363
28095.6367
28095.5371
28095.4570
28095.3008
28095.3008
28095.3008
28095.1992
28095.1777
28095.1348
28095.1348
28095.3496
28095.4062
28095.5645
28095.6426
28095.5996
28095.5215
28095.4844
28095.4062
28095.3477
28095.4473
28095.4902
28095.4902
28095.5098
28095.3730
28095.2168
28095.1387
28095.0566
28095.0781
28095.2578
28095.4141
28095.5137
28095.6152
28095.6152
28095.4551
28095.3984
28095.2988
28095.2188
28095.2188
28095.2188
28095.2402
28095.3184
28095.4180
28095.6172
28095.7383
28095.9160
28096.0586
28096.1797
28096.2207
28096.2637
28096.2051
28096.0840
28095.9414
28095.9004
28096.0352
28096.1504
28096.2871
28096.4004
28096.5391
28096.6738
28096.5742
28096.5527
28096.3945
28096.3145
28096.2363
28096.0586
28095.8770
28095.7988
28095.7988
28095.7402
28095.8184
28095.9180
28096.0195
28096.0977
28096.2559
28096.4141
28096.6484
28096.5703
28096.7852
28096.8633
28096.9434
28097.0996
28097.4941
28097.7305
28097.9902
28098.1465
28098.0684
28097.8516
28097.8145
28097.5977
28097.5195
28097.3828
28097.3047
28097.1660
28097.0293
28096.9512
28096.8711
28096.8906
28096.8906
28096.7539
28096.6191
28096.4590
28096.2441
28096.1641
28096.1426
28096.1211
28096.0410
28096.0996
28096.0996
28096.0781
28096.1582
28096.2363
28096.4141
28096.4922
28096.4707
28096.5723
28096.8086
28096.8652
28097.0234
28097.1230
28097.2598
28097.3965
28097.5547
28097.6328
28097.8281
28098.0645
28098.3223
28098.4805
28098.7168
28098.9551
28099.0742
28099.1172
28099.1367
28099.1582
28099.0996
28099.1797
28099.2363
28099.3145
28099.4531
28099.6895
28100.0059
28100.3789
28100.5957
28100.9121
28100.9902
28101.2051
28101.3652
28101.5215
28101.5996
28101.8379
28102.0156
28102.2539
28102.5703
28102.7285
28102.8867
28103.1445
28103.4609
28103.6172
28103.9551
28104.4082
28104.7051
28105.0000
28105.1152
28105.2539
28105.3125
28105.2129
28105.3281
28105.3652
28105.4043
28105.4980
28105.5762
28105.6562
28105.6562
28105.7949
28105.8145
28105.8145
28105.8145
28105.7363
28105.6562
28105.4980
28105.3984
28105.3203
28105.3203
28105.3008
28105.3789
28105.3789
28105.3789
28105.3574
28105.3379
28105.4160
28105.4160
28105.5527
28105.5527
28105.5156
28105.3379
28105.0996
28104.7031
28104.4082
28104.1914
28104.0742
28104.0156
28104.2168
28104.2969
28104.5527
28104.7129
28104.8711
28104.7910
28104.8340
28104.9121
28104.9121
28104.9707
28105.0293
28105.2246
28105.3438
28105.3594
28105.4395
28105.5176
28105.6172
28105.6387
28105.7598
28105.6797
28105.7207
28105.8027
28105.7207
28105.5645
28105.5645
28105.4648
28105.3652
28105.4219
28105.3438
28105.2637
28105.2227
28105.1426
28105.1426
28105.1426
28105.1426
28105.1641
28105.2637
28105.4238
28105.6602
28105.8789
28105.8789
28105.8574
28105.9375
28105.7578
28105.6797
28105.5996
28105.5996
28105.5781
28105.6387
28105.7168
28105.7168
28105.6387
28105.6172
28105.5156
28105.5156
28105.4961
28105.6562
28105.6133
28105.6719
28105.8105
28105.8906
28106.0898
28106.1895
28106.3711
28106.3906
28106.4902
28106.5117
28106.6895
28106.7695
28106.8926
28107.1699
28107.4883
28107.6289
28107.8496
28108.0293
28108.1289
28108.2090
28108.4473
28108.6270
28108.8848
28109.1250
28109.3828
28109.6797
28109.7598
28109.9395
28110.1758
28110.1973
28110.2188
28110.1973
28109.9395
28109.8008
28109.6230
28109.4629
28109.4043
28109.4629
28109.6816
28109.9199
28110.1172
28110.3359
28110.4141
28110.3555
28110.4355
28110.3574
28110.4355
28110.4766
28110.7168
28110.7363
28110.8574
28110.9375
28111.0547
28111.0742
28111.2344
28111.1758
28111.2559
28111.4355
28111.4141
28111.5137
28111.5957
28111.6738
28111.7539
28111.6953
28111.5352
28111.4766
28111.4766
28111.4785
28111.5566
28111.8164
28111.6973
28111.6387
28111.5781
28111.6191
28111.6406
28111.4238
28111.1465
28110.8906
28110.4727
28110.0742
28109.8984
28109.7793
28109.8789
28110.1621
28110.5215
28110.8789
28111.1406
28111.3184
28111.1816
28110.7637
28110.3652
28110.0078
28109.7500
28109.8086
28109.8691
28110.0273
28110.3457
28110.6055
28110.6836
28110.9629
28111.0859
28111.0039
28111.0254
28110.9062
28110.7891
28110.7695
28110.8320
28110.9727
28111.1328
28111.4707
28111.9492
28112.6855
28113.4219
28113.7402
28113.8828
28113.8418
28113.9434
28114.0234
28114.4414
28115.2168
28116.0332
28116.5312
28117.0098
28117.0488
28116.7520
28116.3340
28116.2148
28116.0781
28116.0781
28116.2578
28116.6348
28116.8535
28117.1719
28116.9336
28116.6152
28116.0781
28116.0176
28115.8809
28115.8418
28115.9414
28116.0996
28116.0996
28116.0801
28116.4395
28116.9375
28117.1777
28117.3574
28117.6172
28117.9355
28117.9570
28117.8164
28117.6777
28117.5605
28117.2441
28117.1445
28117.2266
28117.1289
28116.8711
28116.5527
28116.2539
28115.8164
28115.4395
28115.0410
28114.5039
28113.7266
28112.8691
28112.0137
28111.3965
28110.7578
28110.4180
28110.0996
28110.0391
28109.7812
28109.5605
28109.3828
28109.3418
28109.1035
28109.0645
28109.0020
28109.1035
28109.0625
28108.6641
28108.3867
28107.9473
28107.3711
28106.8516
28106.4922
28106.0938
28105.9551
28106.1133
28106.2930
28106.6914
28107.2910
28107.6289
28107.7480
28107.6309
28107.2715
28107.1113
28106.7539
28106.5957
28106.5547
28106.8750
28106.8359
28106.9551
28107.1328
28107.3340
28107.4141
28107.3535
28107.3730
28107.1738
28106.7734
28106.5137
28106.1348
28105.8359
28105.7949
28105.9961
28105.5371
28105.0957
28105.0566
28105.2168
28104.9375
28105.1562
28105.7559
28105.7754
28105.3945
28105.5156
28105.6348
28105.6152
28106.0527
28106.3730
28106.7715
28107.0293
28107.4688
28107.9082
28108.2480
28108.5273
28108.9863
28109.4258
28109.8848
28110.1836
28110.3848
28110.6816
28110.7617
28110.2637
28109.4453
28108.8848
28107.9668
28107.3066
28107.1250
28107.5449
28107.9238
28108.2637
28108.4434
28108.6230
28108.8809
28108.6816
28108.4023
28108.2012
28108.2188
28108.1387
28108.0801
28108.0781
28108.3770
28108.7969
28109.2754
28110.2539
28111.1328
28111.8516
28112.4316
28112.9102
28113.3105
28113.8086
28113.9082
28113.9668
28114.2070
28114.1465
28113.1660
28111.4473
28109.5254
28107.8672
28106.4453
28105.8848
28105.9043
28106.0234
28106.0039
28105.9023
28106.0215
28106.2793
28106.6992
28107.1797
28107.4590
28107.8379
28108.1777
28108.7168
28109.2363
28109.7344
28110.2754
28110.8145
28111.1543
28111.3516
28111.7129
28112.0449
28112.3516
28112.6680
28112.9824
28113.2617
28113.5117
28113.7734
28114.0273
28114.2246
28114.4648
28114.7070
28115.0117
28115.2266
28115.5449
28115.7715
28115.9980
28116.2168
28116.4531
28116.5703
28116.7715
28116.9375
28117.0566
28117.2383
28117.3965
28117.5625
28117.7676
28117.8730
28118.0625
28118.2266
28118.3789
28118.5039
28118.6680
28118.8281
28118.9590
28119.0820
28119.1738
28119.2676
28119.3047
28119.3438
28119.4629
28119.4902
28119.5508
28119.6270
28119.6660
28119.6699
28119.6797
28119.7109
28119.7285
28119.7422
28119.7812
28119.8262
28119.8340
28119.8105
28119.7656
28119.6895
28119.6426
28119.5469
28119.4727
28119.3672
28119.2344
28119.0957
28119.1953
28119.0352
28119.1523
28119.1934
28119.0527
28119.0117
28119.0293
28118.9688
28118.8867
28119.1484
28119.4492
28119.4883
28119.3477
28119.2891
28119.4277
28119.3867
28119.4277
28119.7090
28119.8477
28119.7285
28119.5469
28119.4043
28119.4043
28119.1445
28119.0645
28118.9023
28118.8828
28118.8613
28118.7617
28118.5605
28118.7012
28118.9219
28118.9023
28119.1016
28119.3828
28119.3828
28119.2207
28119.4395
28119.6582
28119.4980
28119.2148
28118.7910
28118.1074
28117.3848
28117.1035
28116.9824
28117.2051
28117.4062
28117.4648
28117.6250
28117.4844
28117.0430
28116.7812
28116.3594
28116.0371
28115.6953
28115.2734
28114.9922
28114.8926
28114.5703
28114.1895
28113.6484
28113.1465
28112.3828
28111.7812
28111.2168
28110.7949
28110.4746
28110.0723
28109.9492
28109.7891
28109.4668
28109.2227
28109.0625
28108.5605
28108.0195
28107.7559
28107.4141
28107.1738
28107.2129
28107.3535
28107.3125
28107.1934
28107.0918
28106.9102
28106.8105
28106.7285
28106.8887
28106.9688
28107.0488
28107.2070
28107.1875
28107.1660
28107.3086
28107.3281
28107.3887
28107.5469
28107.7891
28107.9473
28107.9473
28108.1270
28108.4062
28108.7480
28109.1289
28109.7930
28110.0117
28109.9922
28109.6699
28109.4082
28108.9668
28108.7246
28108.5039
28108.3848
28108.1621
28107.8027
28107.4199
28107.1992
28107.0000
28106.8594
28106.7207
28106.5000
28106.5195
28106.3203
28105.9395
28105.6582
28105.5371
28105.2559
28105.1562
28105.0547
28105.1348
28105.1543
28105.2344
28105.2129
28105.3730
28105.3926
28105.2910
28105.0879
28104.9258
28104.7031
28104.3418
28103.9805
28103.6992
28103.5977
28103.6582
28103.6387
28103.8789
28104.1621
28104.2441
28104.4082
28104.3906
28104.2500
28104.1289
28104.1094
28103.8672
28103.7051
28103.5430
28103.5840
28103.5059
28103.4883
28103.5918
28103.5938
28103.6152
28103.4941
28103.3145
28103.0527
28102.8516
28102.7891
28102.4883
28102.2676
28102.0898
28101.7715
28101.5703
28101.4922
28101.4512
28101.2520
28101.2129
28101.4141
28101.4570
28101.6973
28101.9199
28102.1992
28102.4004
28102.6426
28102.8027
28102.8223
28103.1445
28103.3047
28103.3848
28103.4668
28103.4023
28103.3828
28103.2012
28103.0020
28102.9824
28103.0039
28103.1250
28103.3105
28103.6738
28103.7754
28104.0977
28104.3828
28104.5430
28104.5234
28104.5215
28104.4219
28104.1797
28104.0176
28103.8574
28103.7734
28103.4727
28103.2090
28103.3320
28103.2930
28103.0566
28103.1055
28103.1973
28103.0645
28103.1309
28103.0977
28103.1191
28103.1602
28102.9805
28102.6191
28102.3379
28101.9746
28101.3906
28100.7695
28100.2441
28099.9648
28099.5820
28099.1406
28098.8203
28098.5020
28098.1191
28098.0000
28097.8613
28097.7227
28097.6641
28097.6875
28097.6680
28097.6484
28097.5469
28097.4062
28097.3438
28097.3242
28097.4043
28097.4238
28097.5840
28097.4219
28097.3418
28097.2617
28097.1602
28096.9785
28096.8184
28096.5938
28096.5898
28096.5234
28096.5391
28096.5117
28096.4453
28096.3027
28095.9980
28095.5547
28095.2754
28094.8359
28094.3770
28093.9004
28093.5840
28093.3691
28093.2344
28093.2812
28093.4473
28093.7500
28094.0957
28094.5566
28094.9375
28095.1328
28095.4707
28095.6484
28095.7852
28096.0098
28096.0508
28096.0547
28095.9590
28095.8809
28095.7051
28095.5469
28095.5273
28095.4902
28095.5312
28095.5508
28095.4512
28095.5312
28095.4316
28095.3125
28095.3125
28095.2129
28095.2305
28095.2695
28095.3691
28095.3867
28095.4668
28095.4668
28095.6289
28095.6914
28095.7715
28095.7520
28095.6719
28095.5703
28095.6934
28095.6133
28095.3691
28095.1074
28094.8652
28094.6406
28094.4590
28094.4590
28094.3164
28094.0918
28093.8496
28093.8066
28093.6445
28093.7051
28093.7051
28093.7676
28093.6055
28093.4238
28093.1816
28093.0176
28093.0176
28093.0781
28093.1406
28093.2207
28093.3828
28093.5254
28093.4883
28093.4883
28093.3867
28093.1055
28092.9863
28093.0098
28093.1953
28093.1562
28093.0996
28092.9180
28093.0000
28093.1250
28093.4277
28093.7324
28093.9766
28094.0762
28093.9941
28093.8320
28093.6699
28093.5273
28093.5469
28093.5645
28093.8066
28093.9688
