   6.0356
   5.7974
   5.5569
   5.3131
   5.0680
   4.8239
   4.5799
   4.3367
   4.0960
   3.8629
   3.6341
   3.4047
   3.1712
   2.9381
   2.7021
   2.4636
   2.2252
   1.9847
   1.7446
   1.5043
   1.2664
   1.0333
   0.8035
   0.5755
   0.3509
   0.1263
  -0.0959
  -0.3175
  -0.5430
  -0.7726
  -1.0055
  -1.0876
  -1.1626
  -1.2325
  -1.2967
  -1.3557
  -1.4074
  -1.4525
  -1.4941
  -1.5360
  -1.5778
  -1.6224
  -1.6681
  -1.7155
  -1.7628
  -1.8117
  -1.8613
  -1.9103
  -1.9589
  -2.0070
  -2.0582
  -2.1074
  -2.1571
  -2.2046
  -2.2530
  -2.3003
  -2.3464
  -2.3920
  -2.4354
  -2.4778
  -2.5174
  -2.5574
  -2.5959
  -2.6299
  -2.6629
  -2.6943
  -2.7213
  -2.7427
  -2.7643
  -2.7850
  -2.8037
  -2.8207
  -2.8400
  -2.8532
  -2.8659
  -2.8772
  -2.8855
  -2.8952
  -2.9039
  -2.9133
  -2.9220
  -2.9356
  -2.9508
  -2.9660
  -2.9835
  -3.0043
  -3.0263
  -3.0492
  -3.0749
  -3.1004
  -3.1253
  -3.1470
  -3.1708
  -3.1952
  -3.2157
  -3.2336
  -3.2489
  -3.2647
  -3.2813
  -3.2979
  -3.3132
  -3.3260
  -3.3402
  -3.3534
  -3.3661
  -3.3785
  -3.3905
  -3.3998
  -3.4086
  -3.4186
  -3.4287
  -3.4380
  -3.4465
  -3.4533
  -3.4597
  -3.4604
  -3.4538
  -3.4456
  -3.4702
  -3.4972
  -3.5236
  -3.5471
  -3.5684
  -3.5908
  -3.6161
  -3.6419
  -3.6659
  -3.6928
  -3.7227
  -3.7474
  -3.7702
  -3.7976
  -3.8280
  -3.8507
  -3.8779
  -3.9099
  -3.9395
  -3.9725
  -4.0067
  -4.0395
  -4.0741
  -4.1086
  -4.1396
  -4.1677
  -4.1977
  -4.2247
  -4.2477
  -4.2629
  -4.2777
  -4.2854
  -4.2891
  -4.2933
  -4.3016
  -4.3120
  -4.3213
  -4.3370
  -4.3567
  -4.3804
  -4.4050
  -4.4313
  -4.4540
  -4.4736
  -4.4908
  -4.5056
  -4.5187
  -4.5294
  -4.5412
  -4.5562
  -4.5722
  -4.5875
  -4.5998
  -4.6096
  -4.6163
  -4.6229
  -4.6289
  -4.6353
  -4.6452
  -4.6402
  -4.6355
  -4.6190
  -4.6017
  -4.5860
  -4.5708
  -4.5592
  -4.5480
  -4.5346
  -4.5211
  -4.5081
  -4.4928
  -4.4814
  -4.4748
  -4.4725
  -4.4708
  -4.4679
  -4.4733
  -4.4787
  -4.4822
  -4.4867
  -4.4888
  -4.4902
  -4.4939
  -4.4918
  -4.4913
  -4.4922
  -4.4947
  -4.4942
  -4.4942
  -4.4946
  -4.5019
  -4.4949
  -4.4979
  -4.5025
  -4.5071
  -4.5127
  -4.5195
  -4.5238
  -4.5264
  -4.5262
  -4.5226
  -4.5151
  -4.5053
  -4.4970
  -4.4899
  -4.4827
  -4.4737
  -4.4708
  -4.4666
  -4.4618
  -4.4538
  -4.4448
  -4.4347
  -4.4222
  -4.4156
  -4.4050
  -4.3939
  -4.3828
  -4.3751
  -4.3679
  -4.3584
  -4.3507
  -4.3439
  -4.3389
  -4.3277
  -4.3192
  -4.3108
  -4.2973
  -4.2877
  -4.2741
  -4.2620
  -4.2506
  -4.2346
  -4.2186
  -4.2009
  -4.1837
  -4.1670
  -4.1481
  -4.1332
  -4.1147
  -4.1019
  -4.0868
  -4.0718
  -4.0550
  -4.0421
  -4.0319
  -4.0263
  -4.0256
  -4.0311
  -4.0416
  -4.0567
  -4.0734
  -4.1059
  -4.1310
  -4.1578
  -4.1812
  -4.2024
  -4.2195
  -4.2385
  -4.2571
  -4.2767
  -4.2997
  -4.3276
  -4.3567
  -4.3876
  -4.4206
  -4.4575
  -4.4950
  -4.5303
  -4.5656
  -4.6003
  -4.6339
  -4.6664
  -4.6983
  -4.7309
  -4.7545
  -4.7780
  -4.8004
  -4.8187
  -4.8304
  -4.8403
  -4.8508
  -4.8595
  -4.8651
  -4.8677
  -4.8765
  -4.8843
  -4.8893
  -4.8983
  -4.9068
  -4.9182
  -4.9273
  -4.9376
  -4.9452
  -4.9488
  -4.9503
  -4.9473
  -4.9417
  -4.9331
  -4.9178
  -4.9049
  -4.8859
  -4.8709
  -4.8571
  -4.8451
  -4.8376
  -4.8302
  -4.8218
  -4.8116
  -4.7982
  -4.7826
  -4.7649
  -4.7444
  -4.7233
  -4.7040
  -4.6820
  -4.6622
  -4.6414
  -4.6206
  -4.5993
  -4.5773
  -4.5515
  -4.5224
  -4.4900
  -4.4560
  -4.4209
  -4.3848
  -4.3466
  -4.3094
  -4.2701
  -4.2325
  -4.1915
  -4.1482
  -4.1032
  -4.0577
  -4.0138
  -3.9722
  -3.9340
  -3.8970
  -3.8652
  -3.8372
  -3.8088
  -3.7820
  -3.7547
  -3.7285
  -3.7001
  -3.6701
  -3.6389
  -3.6078
  -3.5772
  -3.5476
  -3.5181
  -3.4886
  -3.4586
  -3.4324
  -3.4090
  -3.3873
  -3.3678
  -3.3494
  -3.3309
  -3.3159
  -3.3003
  -3.2858
  -3.2706
  -3.2532
  -3.2340
  -3.2104
  -3.1835
  -3.1508
  -3.1138
  -3.0745
  -3.0307
  -2.9846
  -2.9378
  -2.8899
  -2.8424
  -2.7976
  -2.7544
  -2.7150
  -2.6767
  -2.6395
  -2.6022
  -2.5665
  -2.5325
  -2.5002
  -2.4682
  -2.4363
  -2.4054
  -2.3755
  -2.3462
  -2.3172
  -2.2889
  -2.2621
  -2.2370
  -2.2141
  -2.1928
  -2.1714
  -2.1511
  -2.1314
  -2.1121
  -2.0912
  -2.0718
  -2.0530
  -2.0353
  -2.0174
  -1.9991
  -1.9829
  -1.9689
  -1.9576
  -1.9468
  -1.9349
  -1.9247
  -1.9160
  -1.9105
  -1.9045
  -1.8990
  -1.8935
  -1.8890
  -1.8829
  -1.8751
  -1.8657
  -1.8561
  -1.8466
  -1.8349
  -1.8215
  -1.8087
  -1.7986
  -1.7895
  -1.7833
  -1.7770
  -1.7729
  -1.7682
  -1.7646
  -1.7616
  -1.7598
  -1.7576
  -1.7544
  -1.7473
  -1.7388
  -1.7297
  -1.7189
  -1.7060
  -1.6925
  -1.6780
  -1.6624
  -1.6457
  -1.6296
  -1.6130
  -1.5948
  -1.5776
  -1.5567
  -1.5337
  -1.5106
  -1.4872
  -1.4637
  -1.4403
  -1.4159
  -1.3915
  -1.3689
  -1.3456
  -1.3247
  -1.3054
  -1.2862
  -1.2664
  -1.2456
  -1.2238
  -1.2031
  -1.1813
  -1.1574
  -1.1308
  -1.1020
  -1.0726
  -1.0406
  -1.0069
  -0.9722
  -0.9397
  -0.9071
  -0.8757
  -0.8437
  -0.8129
  -0.7826
  -0.7551
  -0.7259
  -0.6962
  -0.6687
  -0.6423
  -0.6141
  -0.5849
  -0.5540
  -0.5224
  -0.4925
  -0.4625
  -0.4347
  -0.4125
  -0.3957
  -0.3827
  -0.3741
  -0.3703
  -0.3714
  -0.3773
  -0.3827
  -0.3902
  -0.4015
  -0.4133
  -0.4244
  -0.4372
  -0.4516
  -0.4653
  -0.4807
  -0.4971
  -0.5147
  -0.5366
  -0.5618
  -0.5887
  -0.6183
  -0.6495
  -0.6808
  -0.7119
  -0.7420
  -0.7699
  -0.7972
  -0.8239
  -0.8511
  -0.8777
  -0.9059
  -0.9353
  -0.9679
  -1.0010
  -1.0346
  -1.0687
  -1.1045
  -1.1415
  -1.1799
  -1.2190
  -1.2558
  -1.2927
  -1.3274
  -1.3604
  -1.3935
  -1.4254
  -1.4580
  -1.4928
  -1.5264
  -1.5617
  -1.5969
  -1.6306
  -1.6636
  -1.6967
  -1.7275
  -1.7584
  -1.7865
  -1.8153
  -1.8429
  -1.8701
  -1.8934
  -1.9139
  -1.9317
  -1.9456
  -1.9546
  -1.9620
  -1.9651
  -1.9665
  -1.9658
  -1.9618
  -1.9557
  -1.9496
  -1.9418
  -1.9313
  -1.9208
  -1.9076
  -1.8921
  -1.8706
  -1.8442
  -1.8123
  -1.7748
  -1.7330
  -1.6895
  -1.6460
  -1.6037
  -1.5684
  -1.5403
  -1.5221
  -1.5122
  -1.5067
  -1.5045
  -1.5028
  -1.4962
  -1.4835
  -1.4626
  -1.4340
  -1.4005
  -1.3620
  -1.3198
  -1.2764
  -1.2320
  -1.1891
  -1.1464
  -1.1074
  -1.0712
  -1.0356
  -1.0010
  -0.9653
  -0.9286
  -0.8924
  -0.8551
  -0.8188
  -0.7848
  -0.7524
  -0.7227
  -0.6936
  -0.6639
  -0.6375
  -0.6111
  -0.5874
  -0.5653
  -0.5437
  -0.5204
  -0.4988
  -0.4777
  -0.4577
  -0.4376
  -0.4197
  -0.4018
  -0.3850
  -0.3709
  -0.3601
  -0.3509
  -0.3461
  -0.3435
  -0.3437
  -0.3477
  -0.3528
  -0.3606
  -0.3723
  -0.3927
  -0.4219
  -0.4549
  -0.4852
  -0.5177
  -0.5517
  -0.5787
  -0.5979
  -0.6061
  -0.6028
  -0.5918
  -0.5742
  -0.5555
  -0.5407
  -0.5303
  -0.5260
  -0.5277
  -0.5343
  -0.5448
  -0.5585
  -0.5722
  -0.5876
  -0.6024
  -0.6161
  -0.6277
  -0.6375
  -0.6469
  -0.6568
  -0.6662
  -0.6777
  -0.6903
  -0.7035
  -0.7163
  -0.7295
  -0.7433
  -0.7581
  -0.7752
  -0.7928
  -0.8066
  -0.8187
  -0.8270
  -0.8310
  -0.8312
  -0.8292
  -0.8223
  -0.8126
  -0.8018
  -0.7884
  -0.7699
  -0.7504
  -0.7249
  -0.6949
  -0.6607
  -0.6231
  -0.5785
  -0.5316
  -0.4825
  -0.4312
  -0.3783
  -0.3232
  -0.2669
  -0.2052
  -0.1370
  -0.0676
   0.0002
   0.0697
   0.1407
   0.2129
   0.2900
   0.3611
   0.4196
   0.4753
   0.5289
   0.5831
   0.6334
   0.6745
   0.7117
   0.7458
   0.7809
   0.8149
   0.8489
   0.8829
   0.9142
   0.9422
   0.9703
   0.9989
   1.0301
   1.0642
   1.0972
   1.1247
   1.1506
   1.1759
   1.2008
   1.2256
   1.2547
   1.2861
   1.3196
   1.3542
   1.3916
   1.4316
   1.4804
   1.5281
   1.5697
   1.6076
   1.6526
   1.7002
   1.7495
   1.7993
   1.8459
   1.8849
   1.9210
   1.9588
   1.9982
   2.0321
   2.0617
   2.0853
   2.1094
   2.1346
   2.1619
   2.1903
   2.2160
   2.2390
   2.2624
   2.2858
   2.3099
   2.3317
   2.3529
   2.3758
   2.3992
   2.4187
   2.4449
   2.4814
   2.5180
   2.5545
   2.5927
   2.6353
   2.6899
   2.7488
   2.8093
   2.8677
   2.9303
   2.9920
   3.0568
   3.1304
   3.2111
   3.2940
   3.3812
   3.4712
   3.5601
   3.6533
   3.7509
   3.8502
   3.9527
   4.0569
   4.1639
   4.2692
   4.3762
   4.4886
   4.6038
   4.7178
   4.8298
   4.9346
   5.0421
   5.1541
   5.2704
   5.3781
   5.4830
   5.5864
   5.6930
   5.8006
   5.9160
   6.0357
   6.1500
   6.2616
   6.3776
   6.4936
   6.6107
   6.7288
   6.8509
   6.9778
   7.1084
   7.2402
   7.3774
   7.5147
   7.6498
   7.7854
   7.9221
   8.0621
   8.1999
   8.3329
   8.4647
   8.5977
   8.7333
   8.8705
   9.0098
   9.1443
   9.2761
   9.4046
   9.5294
   9.6596
   9.7952
   9.9292
  10.0633
  10.1952
  10.3260
  10.4552
  10.5850
  10.7115
  10.8332
  10.9554
  11.0727
  11.1895
  11.3096
  11.4280
  11.5448
  11.6583
  11.7757
  11.8958
  12.0160
  12.1362
  12.2558
  12.3755
  12.4940
  12.6105
  12.7263
  12.8389
  12.9510
  13.0609
  13.1704
  13.2771
  13.3850
  13.4923
  13.5997
  13.7088
  13.8185
  13.9287
  14.0406
  14.1531
  14.2634
  14.3688
  14.4671
  14.5596
  14.6499
  14.7342
  14.8137
  14.8916
  14.9684
  15.0490
  15.1290
  15.2100
  15.2969
  15.3856
  15.4719
  15.5573
  15.6448
  15.7319
  15.8210
  15.9149
  16.0158
  16.1231
  16.2256
  16.3264
  16.4262
  16.5286
  16.6321
  16.7351
  16.8370
  16.9366
  17.0307
  17.1216
  17.2071
  17.2899
  17.3630
  17.4312
  17.5000
  17.5714
  17.6503
  17.7314
  17.8021
  17.8647
  17.9225
  17.9851
  18.0466
  18.1031
  18.1536
  18.2048
  18.2618
  18.3366
  18.4222
  18.5185
  18.6287
  18.7513
  18.8812
  19.0138
  19.1442
  19.2712
  19.3955
  19.5192
  19.6387
  19.7545
  19.8660
  19.9747
  20.0840
  20.1985
  20.3233
  20.4529
  20.5900
  20.7304
  20.8693
  21.0060
  21.1406
  21.2753
  21.4090
  21.5372
  21.6654
  21.7786
  21.8750
  21.9689
  22.0564
  22.1263
  22.1811
  22.2337
  22.3039
  22.3955
  22.5003
  22.6146
  22.7321
  22.8414
  22.9492
  23.0699
  23.1936
  23.3217
  23.4561
  23.6030
  23.7514
  23.8892
  24.0270
  24.1762
  24.3221
  24.4793
  24.6451
  24.8152
  24.9767
  25.1357
  25.2958
  25.4591
  25.6191
  25.7700
  25.8979
  26.0122
  26.1132
  26.1963
  26.2644
  26.3228
  26.3780
  26.4315
  26.4829
  26.5342
  26.5882
  26.6503
  26.7211
  26.7951
  26.8697
  26.9490
  27.0403
  27.1368
  27.2439
  27.3582
  27.4772
  27.5968
  27.7126
  27.8230
  27.9233
  28.0155
  28.1039
  28.1825
  28.2728
  28.3835
  28.5029
  28.6303
  28.7693
  28.9170
  29.0640
  29.1899
  29.2899
  29.3724
  29.4420
  29.5014
  29.5624
  29.6213
  29.6736
  29.7305
  29.7848
  29.8355
  29.8737
  29.9070
  29.9601
  30.0269
  30.0893
  30.1469
  30.1976
  30.2365
  30.2765
  30.3279
  30.3866
  30.4506
  30.5172
  30.5739
  30.6378
  30.7079
  30.7855
  30.8716
  30.9625
  31.0599
  31.1593
  31.2625
  31.3770
  31.5000
  31.6209
  31.7374
  31.8505
  31.9554
  32.0565
  32.1579
  32.2513
  32.3290
  32.3963
  32.4583
  32.5148
  32.5657
  32.6152
  32.6711
  32.7350
  32.8016
  32.8721
  32.9496
  33.0375
  33.1276
  33.2103
  33.2883
  33.3609
  33.4267
  33.4888
  33.5505
  33.6061
  33.6640
  33.7218
  33.7826
  33.8556
  33.9415
  34.0376
  34.1353
  34.2334
  34.3382
  34.4483
  34.5692
  34.6978
  34.8125
  34.9028
  34.9770
  35.0533
  35.1348
  35.2257
  35.3116
  35.3894
  35.4640
  35.5413
  35.6173
  35.6945
  35.7575
  35.8100
  35.8518
  35.8851
  35.9052
  35.9215
  35.9360
  35.9499
  35.9627
  35.9753
  35.9926
  36.0121
  36.0331
  36.0530
  36.0768
  36.0996
  36.1229
  36.1414
  36.1548
  36.1608
  36.1611
  36.1647
  36.1663
  36.1604
  36.1511
  36.1422
  36.1320
  36.1211
  36.1084
  36.0934
  36.0822
  36.0689
  36.0583
  36.0557
  36.0577
  36.0605
  36.0692
  36.0751
  36.0812
  36.0826
  36.0730
  36.0490
  36.0105
  35.9627
  35.9025
  35.8334
  35.7540
  35.6714
  35.5871
  35.5048
  35.4283
  35.3528
  35.2757
  35.1938
  35.1065
  35.0198
  34.9313
  34.8406
  34.7456
  34.6482
  34.5581
  34.4727
  34.4516
  34.4358
  34.3768
  34.3300
  34.2843
  34.2414
  34.1919
  34.1325
  34.0665
  33.9963
  33.9244
  33.8487
  33.7743
  33.6971
  33.6193
  33.5398
  33.4588
  33.3771
  33.2921
  33.2030
  33.1043
  33.0045
  32.9077
  32.8110
  32.7117
  32.6121
  32.5092
  32.4037
  32.2946
  32.1782
  32.0619
  31.9412
  31.8174
  31.6926
  31.5681
  31.4437
  31.3210
  31.1966
  31.0716
  30.9448
  30.8230
  30.7068
  30.5932
  30.4886
  30.3884
  30.2932
  30.2000
  30.1056
  30.0112
  29.9159
  29.8179
  29.7141
  29.6023
  29.4879
  29.3727
  29.2511
  29.1248
  28.9971
  28.8752
  28.7632
  28.6617
  28.6029
  28.5450
  28.4311
  28.3095
  28.1805
  28.0454
  27.9049
  27.7631
  27.6220
  27.4854
  27.3490
  27.2139
  27.0680
  26.9099
  26.7448
  26.5768
  26.4097
  26.2431
  26.0783
  25.9137
  25.7525
  25.5930
  25.4394
  25.2907
  25.1468
  25.0046
  24.8635
  24.7236
  24.5842
  24.4457
  24.3073
  24.1689
  24.0302
  23.8910
  23.7507
  23.6088
  23.4665
  23.3250
  23.1857
  23.0508
  22.9136
  22.7780
  22.6452
  22.5093
  22.3706
  22.2292
  22.0834
  21.9368
  21.7890
  21.6401
  21.4928
  21.3474
  21.2082
  21.0710
  20.9336
  20.8032
  20.6748
  20.5442
  20.4102
  20.2676
  20.1203
  19.9748
  19.8303
  19.6862
  19.5488
  19.4165
  19.2897
  19.1740
  19.0653
  18.9575
  18.8457
  18.7330
  18.6184
  18.5161
  18.4284
  18.3465
  18.2683
  18.1925
  18.1167
  18.0421
  17.9692
  17.8946
  17.8183
  17.7388
  17.6538
  17.5655
  17.4766
  17.3899
  17.3002
  17.2094
  17.1189
  17.0282
  16.9372
  16.8490
  16.7614
  16.6764
  16.5919
  16.5084
  16.4243
  16.3379
  16.2495
  16.1655
  16.0805
  15.9916
  15.9021
  15.8121
  15.7268
  15.6446
  15.5661
  15.4996
  15.4477
  15.4041
  15.3685
  15.3332
  15.2974
  15.2589
  15.2161
  15.1716
  15.1271
  15.0836
  15.0481
  15.0167
  14.9845
  14.9500
  14.9171
  14.8810
  14.8418
  14.7958
  14.7419
  14.6773
  14.6052
  14.5302
  14.4538
  14.3786
  14.3059
  14.2330
  14.1632
  14.0966
  14.0331
  13.9708
  13.9064
  13.8404
  13.7736
  13.7050
  13.6296
  13.5523
  13.4793
  13.4127
  13.3474
  13.2861
  13.2301
  13.1784
  13.1279
  13.0797
  13.0314
  12.9841
  12.9331
  12.8807
  12.8278
  12.7764
  12.7275
  12.6789
  12.6291
  12.5824
  12.5432
  12.5097
  12.3476
  12.1791
  12.0066
  11.8248
  11.6284
  11.4147
  11.1882
  10.9537
  10.7198
  10.4875
  10.2624
  10.0425
   9.8267
   9.6118
   9.3962
   9.1729
   8.9435
   8.7113
   8.4784
   8.2460
   8.0150
   7.7855
   7.5587
   7.3323
   7.1085
   6.8889
   6.6733
   6.4587
   6.2449
   6.0265
