   -0.6537
   -0.5254
   -0.3977
   -0.2684
   -0.1328
   -0.0021
    0.1506
    0.3048
    0.4649
    0.6249
    0.7832
    0.9445
    1.1044
    1.2669
    1.4310
    1.5877
    1.7401
    1.9056
    2.0570
    2.2127
    2.3635
    2.5205
    2.6754
    2.8258
    2.9805
    3.1393
    3.2829
    3.4275
    3.5718
    3.7095
    3.8504
    3.8443
    3.8374
    3.8294
    3.8279
    3.8234
    3.8159
    3.8115
    3.8104
    3.8097
    3.8077
    3.8075
    3.8075
    3.8107
    3.8187
    3.8257
    3.8316
    3.8399
    3.8475
    3.8552
    3.8632
    3.8679
    3.8767
    3.8812
    3.8905
    3.8946
    3.8987
    3.8963
    3.8980
    3.8948
    3.8963
    3.8909
    3.8930
    3.8927
    3.8877
    3.8841
    3.8817
    3.8762
    3.8734
    3.8661
    3.8497
    3.8411
    3.8262
    3.8143
    3.7994
    3.7845
    3.7697
    3.7641
    3.7524
    3.7497
    3.7409
    3.7353
    3.7265
    3.7130
    3.7089
    3.7004
    3.6937
    3.6885
    3.6803
    3.6703
    3.6603
    3.6485
    3.6411
    3.6308
    3.6237
    3.6105
    3.5976
    3.5889
    3.5756
    3.5591
    3.5421
    3.5295
    3.5120
    3.4987
    3.4807
    3.4581
    3.4402
    3.4204
    3.3991
    3.3743
    3.3510
    3.3285
    3.3093
    3.2848
    3.2646
    3.2460
    3.2289
    3.2102
    3.1995
    3.1822
    3.1647
    3.1507
    3.1330
    3.1123
    3.0912
    3.0765
    3.0602
    3.0429
    3.0289
    3.0121
    2.9939
    2.9823
    2.9688
    2.9544
    2.9372
    2.9220
    2.9021
    2.8865
    2.8660
    2.8469
    2.8236
    2.8047
    2.7844
    2.7707
    2.7587
    2.7393
    2.7231
    2.7037
    2.6874
    2.6726
    2.6606
    2.6527
    2.6422
    2.6306
    2.6182
    2.6069
    2.5861
    2.5725
    2.5539
    2.5375
    2.5194
    2.5048
    2.4859
    2.4759
    2.4596
    2.4420
    2.4260
    2.4082
    2.3845
    2.3733
    2.3515
    2.3328
    2.3151
    2.2881
    2.2693
    2.2506
    2.2182
    2.1904
    2.1652
    2.1246
    2.0901
    2.0645
    2.0299
    1.9925
    1.9687
    1.9407
    1.9097
    1.8744
    1.8540
    1.8208
    1.7937
    1.7739
    1.7447
    1.7220
    1.7020
    1.6870
    1.6703
    1.6506
    1.6327
    1.6168
    1.5976
    1.5796
    1.5590
    1.5337
    1.5003
    1.4668
    1.4312
    1.3925
    1.3565
    1.3158
    1.2750
    1.2364
    1.1954
    1.1495
    1.1052
    1.0694
    1.0368
    1.0103
    0.9659
    0.9310
    0.9002
    0.8758
    0.8483
    0.8176
    0.7782
    0.7424
    0.7246
    0.7036
    0.6781
    0.6659
    0.6363
    0.6162
    0.5908
    0.5684
    0.5547
    0.5336
    0.5152
    0.5076
    0.4890
    0.4722
    0.4645
    0.4551
    0.4356
    0.4272
    0.4260
    0.4146
    0.4133
    0.4058
    0.4055
    0.3950
    0.3950
    0.3871
    0.3730
    0.3709
    0.3566
    0.3406
    0.3225
    0.3060
    0.2942
    0.2795
    0.2636
    0.2529
    0.2440
    0.2349
    0.2287
    0.2270
    0.2234
    0.2214
    0.2208
    0.2220
    0.2229
    0.2206
    0.2206
    0.2126
    0.2091
    0.2025
    0.1924
    0.1791
    0.1659
    0.1692
    0.1691
    0.1708
    0.1664
    0.1622
    0.1687
    0.1760
    0.1835
    0.1805
    0.1764
    0.1708
    0.1624
    0.1527
    0.1459
    0.1410
    0.1301
    0.1180
    0.1091
    0.0938
    0.0764
    0.0727
    0.0583
    0.0494
    0.0361
    0.0226
    0.0071
   -0.0123
   -0.0306
   -0.0545
   -0.0750
   -0.0987
   -0.1194
   -0.1347
   -0.1434
   -0.1544
   -0.1635
   -0.1589
   -0.1541
   -0.1513
   -0.1515
   -0.1525
   -0.1540
   -0.1525
   -0.1515
   -0.1550
   -0.1497
   -0.1363
   -0.1319
   -0.1166
   -0.1040
   -0.0882
   -0.0767
   -0.0649
   -0.0514
   -0.0450
   -0.0309
   -0.0172
   -0.0036
    0.0102
    0.0197
    0.0324
    0.0374
    0.0371
    0.0292
    0.0194
    0.0142
    0.0034
   -0.0066
   -0.0202
   -0.0334
   -0.0425
   -0.0514
   -0.0580
   -0.0614
   -0.0644
   -0.0687
   -0.0708
   -0.0730
   -0.0734
   -0.0728
   -0.0735
   -0.0812
   -0.0874
   -0.0923
   -0.0987
   -0.0985
   -0.0998
   -0.0982
   -0.0967
   -0.0928
   -0.0857
   -0.0779
   -0.0769
   -0.0799
   -0.0861
   -0.0912
   -0.1060
   -0.1285
   -0.1511
   -0.1720
   -0.1886
   -0.2050
   -0.2225
   -0.2419
   -0.2628
   -0.2822
   -0.3075
   -0.3364
   -0.3589
   -0.3889
   -0.4192
   -0.4495
   -0.4784
   -0.5072
   -0.5343
   -0.5566
   -0.5801
   -0.6032
   -0.6228
   -0.6394
   -0.6532
   -0.6685
   -0.6806
   -0.6869
   -0.6889
   -0.6859
   -0.6848
   -0.6844
   -0.6853
   -0.6849
   -0.6865
   -0.6863
   -0.6851
   -0.6848
   -0.6862
   -0.6872
   -0.6871
   -0.6848
   -0.6826
   -0.6806
   -0.6764
   -0.6699
   -0.6592
   -0.6474
   -0.6348
   -0.6235
   -0.6146
   -0.6081
   -0.6033
   -0.5996
   -0.5939
   -0.5882
   -0.5813
   -0.5706
   -0.5607
   -0.5477
   -0.5318
   -0.5106
   -0.4891
   -0.4674
   -0.4437
   -0.4211
   -0.3985
   -0.3744
   -0.3502
   -0.3241
   -0.2991
   -0.2769
   -0.2588
   -0.2440
   -0.2324
   -0.2207
   -0.2151
   -0.2111
   -0.2059
   -0.2022
   -0.2048
   -0.2044
   -0.2024
   -0.2026
   -0.2061
   -0.2111
   -0.2135
   -0.2188
   -0.2276
   -0.2377
   -0.2481
   -0.2596
   -0.2706
   -0.2829
   -0.2928
   -0.3056
   -0.3174
   -0.3313
   -0.3509
   -0.3715
   -0.3916
   -0.4130
   -0.4344
   -0.4509
   -0.4700
   -0.4891
   -0.5090
   -0.5292
   -0.5441
   -0.5606
   -0.5743
   -0.5873
   -0.5975
   -0.6003
   -0.6017
   -0.6026
   -0.6089
   -0.6182
   -0.6295
   -0.6406
   -0.6432
   -0.6426
   -0.6409
   -0.6367
   -0.6280
   -0.6171
   -0.6047
   -0.5950
   -0.5838
   -0.5727
   -0.5650
   -0.5564
   -0.5458
   -0.5409
   -0.5321
   -0.5242
   -0.5131
   -0.4984
   -0.4816
   -0.4644
   -0.4473
   -0.4244
   -0.4016
   -0.3703
   -0.3346
   -0.2954
   -0.2557
   -0.2141
   -0.1696
   -0.1278
   -0.0846
   -0.0489
   -0.0164
    0.0172
    0.0547
    0.0951
    0.1329
    0.1679
    0.2074
    0.2500
    0.2994
    0.3432
    0.3873
    0.4314
    0.4677
    0.5037
    0.5368
    0.5701
    0.6040
    0.6362
    0.6684
    0.6977
    0.7281
    0.7519
    0.7699
    0.7777
    0.7797
    0.7819
    0.7812
    0.7762
    0.7700
    0.7463
    0.7177
    0.6816
    0.6421
    0.5946
    0.5428
    0.4916
    0.4451
    0.3995
    0.3529
    0.3109
    0.2692
    0.2297
    0.1958
    0.1627
    0.1367
    0.1092
    0.0840
    0.0598
    0.0367
    0.0182
   -0.0018
   -0.0183
   -0.0438
   -0.0761
   -0.1115
   -0.1440
   -0.1813
   -0.2172
   -0.2531
   -0.2936
   -0.3252
   -0.3550
   -0.3880
   -0.4224
   -0.4618
   -0.4976
   -0.5332
   -0.5712
   -0.6111
   -0.6533
   -0.6923
   -0.7303
   -0.7668
   -0.8003
   -0.8337
   -0.8640
   -0.8986
   -0.9318
   -0.9666
   -1.0039
   -1.0350
   -1.0671
   -1.0955
   -1.1227
   -1.1428
   -1.1584
   -1.1705
   -1.1774
   -1.1794
   -1.1776
   -1.1734
   -1.1675
   -1.1559
   -1.1426
   -1.1256
   -1.1094
   -1.0952
   -1.0787
   -1.0646
   -1.0534
   -1.0438
   -1.0327
   -1.0257
   -1.0177
   -1.0096
   -1.0043
   -0.9976
   -0.9919
   -0.9847
   -0.9785
   -0.9754
   -0.9738
   -0.9756
   -0.9775
   -0.9752
   -0.9715
   -0.9725
   -0.9708
   -0.9713
   -0.9707
   -0.9716
   -0.9740
   -0.9751
   -0.9761
   -0.9787
   -0.9809
   -0.9840
   -0.9819
   -0.9807
   -0.9800
   -0.9781
   -0.9726
   -0.9730
   -0.9716
   -0.9685
   -0.9659
   -0.9662
   -0.9653
   -0.9682
   -0.9685
   -0.9644
   -0.9654
   -0.9650
   -0.9632
   -0.9597
   -0.9521
   -0.9447
   -0.9382
   -0.9293
   -0.9214
   -0.9098
   -0.8952
   -0.8833
   -0.8712
   -0.8590
   -0.8465
   -0.8360
   -0.8308
   -0.8248
   -0.8227
   -0.8142
   -0.8014
   -0.7940
   -0.7770
   -0.7593
   -0.7391
   -0.7124
   -0.6833
   -0.6528
   -0.6242
   -0.5964
   -0.5688
   -0.5395
   -0.5141
   -0.4902
   -0.4705
   -0.4497
   -0.4265
   -0.4052
   -0.3817
   -0.3575
   -0.3295
   -0.3009
   -0.2714
   -0.2410
   -0.2118
   -0.1830
   -0.1511
   -0.1246
   -0.0915
   -0.0631
   -0.0381
   -0.0125
    0.0182
    0.0468
    0.0746
    0.1025
    0.1301
    0.1618
    0.1881
    0.2216
    0.2553
    0.2858
    0.3127
    0.3365
    0.3586
    0.3816
    0.4013
    0.4244
    0.4433
    0.4617
    0.4751
    0.4903
    0.5051
    0.5187
    0.5271
    0.5370
    0.5571
    0.5804
    0.5965
    0.6152
    0.6323
    0.6388
    0.6491
    0.6545
    0.6561
    0.6538
    0.6480
    0.6381
    0.6252
    0.6083
    0.5926
    0.5775
    0.5643
    0.5547
    0.5461
    0.5340
    0.5229
    0.5081
    0.4934
    0.4857
    0.4730
    0.4597
    0.4503
    0.4385
    0.4230
    0.4263
    0.4295
    0.4217
    0.4239
    0.4294
    0.4335
    0.4370
    0.4408
    0.4449
    0.4401
    0.4321
    0.4287
    0.4227
    0.4139
    0.4136
    0.4002
    0.3830
    0.3737
    0.3694
    0.3638
    0.3571
    0.3466
    0.3566
    0.3461
    0.3290
    0.3134
    0.2988
    0.2855
    0.2684
    0.2545
    0.2503
    0.2445
    0.2341
    0.2268
    0.2249
    0.2259
    0.2253
    0.2291
    0.2352
    0.2399
    0.2542
    0.2715
    0.2812
    0.2960
    0.3121
    0.3303
    0.3480
    0.3655
    0.3785
    0.3886
    0.4053
    0.4270
    0.4477
    0.4750
    0.5009
    0.5242
    0.5492
    0.5786
    0.6084
    0.6363
    0.6735
    0.6985
    0.7255
    0.7628
    0.7864
    0.7992
    0.8282
    0.8655
    0.8969
    0.9362
    0.9846
    1.0381
    1.0907
    1.1459
    1.1996
    1.2499
    1.3084
    1.3687
    1.4313
    1.4903
    1.5573
    1.6234
    1.6934
    1.7502
    1.8211
    1.8977
    1.9781
    2.0552
    2.1362
    2.2220
    2.3060
    2.3855
    2.4663
    2.5477
    2.6287
    2.7125
    2.7984
    2.8860
    2.9730
    3.0561
    3.1332
    3.1988
    3.2529
    3.3168
    3.3779
    3.4356
    3.4996
    3.5660
    3.6321
    3.6992
    3.7665
    3.8291
    3.8967
    3.9635
    4.0330
    4.1082
    4.1775
    4.2474
    4.3150
    4.3795
    4.4442
    4.5068
    4.5693
    4.6284
    4.6867
    4.7656
    4.8461
    4.9017
    4.9451
    5.0011
    5.0426
    5.0854
    5.1296
    5.1737
    5.2207
    5.2752
    5.3336
    5.3919
    5.4511
    5.5093
    5.5682
    5.6294
    5.6895
    5.7480
    5.8008
    5.8526
    5.9076
    5.9582
    6.0128
    6.0657
    6.1226
    6.1752
    6.2286
    6.2857
    6.3469
    6.3958
    6.4337
    6.4685
    6.5049
    6.5485
    6.5911
    6.6418
    6.6943
    6.7620
    6.8235
    6.8864
    6.9504
    7.0077
    7.0639
    7.1256
    7.1905
    7.2609
    7.3195
    7.3782
    7.4255
    7.4667
    7.5132
    7.5618
    7.6189
    7.6537
    7.7159
    7.7709
    7.8257
    7.8768
    7.9331
    7.9805
    8.0110
    8.0407
    8.0866
    8.1395
    8.1760
    8.2256
    8.2693
    8.3081
    8.3435
    8.3776
    8.4033
    8.4250
    8.4421
    8.4573
    8.4676
    8.4763
    8.4783
    8.4851
    8.4920
    8.5003
    8.5179
    8.5312
    8.5421
    8.5521
    8.5576
    8.5624
    8.5716
    8.5843
    8.5988
    8.5968
    8.6206
    8.6591
    8.6971
    8.7295
    8.7552
    8.7836
    8.8090
    8.8396
    8.8551
    8.8703
    8.8776
    8.8855
    8.9005
    8.8982
    8.8873
    8.8866
    8.8820
    8.8905
    8.8997
    8.9091
    8.9249
    8.9333
    8.9400
    8.9410
    8.9614
    8.9492
    8.9460
    8.9376
    8.9280
    8.9156
    8.9130
    8.9103
    8.9089
    8.9050
    8.8961
    8.8904
    8.8805
    8.8716
    8.8617
    8.8553
    8.8480
    8.8408
    8.8372
    8.8291
    8.8174
    8.8023
    8.7889
    8.7678
    8.7535
    8.7319
    8.7100
    8.6752
    8.6420
    8.6131
    8.5795
    8.5447
    8.5104
    8.4686
    8.4234
    8.3674
    8.3225
    8.2726
    8.2016
    8.1297
    8.0559
    7.9841
    7.9127
    7.8392
    7.7611
    7.6875
    7.6210
    7.5566
    7.4876
    7.4137
    7.3554
    7.2932
    7.2223
    7.1443
    7.0609
    6.9776
    6.8988
    6.8138
    6.7196
    6.6261
    6.5240
    6.4201
    6.3140
    6.2096
    6.1043
    5.9965
    5.8795
    5.7634
    5.6456
    5.5254
    5.4041
    5.2834
    5.1633
    5.0360
    4.9070
    4.7820
    4.6565
    4.5311
    4.4112
    4.2869
    4.1644
    4.0455
    3.9299
    3.8116
    3.7057
    3.5871
    3.4720
    3.3609
    3.2468
    3.1380
    3.0236
    2.9099
    2.8038
    2.6930
    2.5865
    2.4780
    2.3668
    2.2447
    2.1084
    1.9731
    1.8357
    1.7153
    1.5706
    1.4318
    1.2922
    1.1580
    1.0018
    0.8648
    0.7327
    0.6028
    0.4592
    0.3192
    0.1843
    0.0436
   -0.0899
   -0.2208
   -0.3547
   -0.4859
   -0.6180
   -0.7457
   -0.8737
   -0.9948
   -1.1122
   -1.2257
   -1.3389
   -1.4360
   -1.5328
   -1.6204
   -1.7125
   -1.8012
   -1.8929
   -1.9775
   -2.0572
   -2.1383
   -2.2159
   -2.2907
   -2.3704
   -2.4517
   -2.5381
   -2.6220
   -2.7146
   -2.8150
   -2.9064
   -3.0066
   -3.1087
   -3.2089
   -3.3058
   -3.4003
   -3.5029
   -3.5978
   -3.6936
   -3.7878
   -3.8794
   -3.9799
   -4.0868
   -4.1840
   -4.2808
   -4.3756
   -4.4576
   -4.5284
   -4.5889
   -4.6457
   -4.7130
   -4.7505
   -4.7966
   -4.8408
   -4.8792
   -4.8895
   -4.9214
   -4.9524
   -4.9819
   -4.9938
   -5.0098
   -5.0221
   -5.0304
   -5.0407
   -5.0508
   -5.0624
   -5.0685
   -5.0763
   -5.0826
   -5.0938
   -5.1015
   -5.1076
   -5.1154
   -5.1156
   -5.1363
   -5.1486
   -5.1539
   -5.1695
   -5.1876
   -5.1957
   -5.2035
   -5.2161
   -5.2294
   -5.2391
   -5.2460
   -5.2497
   -5.2547
   -5.2497
   -5.2472
   -5.2338
   -5.2068
   -5.1846
   -5.1567
   -5.1239
   -5.0984
   -5.0739
   -5.0488
   -5.0192
   -4.9852
   -4.9535
   -4.9220
   -4.8973
   -4.8732
   -4.8326
   -4.8010
   -4.7725
   -4.7416
   -4.7176
   -4.6961
   -4.6703
   -4.6397
   -4.6097
   -4.5870
   -4.5650
   -4.5426
   -4.5275
   -4.5048
   -4.4837
   -4.4641
   -4.4466
   -4.4327
   -4.4141
   -4.3931
   -4.3742
   -4.3555
   -4.3370
   -4.3117
   -4.2896
   -4.2671
   -4.2401
   -4.2109
   -4.1764
   -4.1428
   -4.1074
   -4.0759
   -4.0364
   -3.9967
   -3.9635
   -3.9143
   -3.8623
   -3.8154
   -3.7756
   -3.7311
   -3.6803
   -3.6242
   -3.5749
   -3.5274
   -3.4768
   -3.4376
   -3.4018
   -3.3647
   -3.3409
   -3.3100
   -3.2807
   -3.2504
   -3.2241
   -3.1951
   -3.1713
   -3.1499
   -3.1279
   -3.1113
   -3.0883
   -3.0628
   -3.0318
   -3.0105
   -2.9847
   -2.9578
   -2.9299
   -2.8947
   -2.8704
   -2.8673
   -2.8761
   -2.8938
   -2.9056
   -2.9115
   -2.9222
   -2.9291
   -2.9497
   -2.9717
   -2.9961
   -3.0141
   -3.0329
   -3.0544
   -3.0746
   -3.0959
   -3.1148
   -3.1323
   -3.1554
   -3.1794
   -3.1983
   -3.2252
   -3.2500
   -3.2865
   -3.3246
   -3.3605
   -3.4027
   -3.4438
   -3.4953
   -3.5473
   -3.5986
   -3.6501
   -3.7049
   -3.7568
   -3.7936
   -3.8509
   -3.9179
   -3.9733
   -4.0347
   -4.1008
   -4.1624
   -4.2202
   -4.2821
   -4.3366
   -4.3997
   -4.4565
   -4.5126
   -4.5639
   -4.6156
   -4.6622
   -4.7060
   -4.7531
   -4.7960
   -4.8405
   -4.8806
   -4.9135
   -4.9431
   -4.9780
   -5.0108
   -5.0418
   -5.0709
   -5.0786
   -5.0649
   -5.0445
   -5.0182
   -5.0011
   -4.9883
   -4.9689
   -4.9544
   -4.9378
   -4.9163
   -4.8977
   -4.8790
   -4.8636
   -4.8473
   -4.8381
   -4.8289
   -4.8197
   -4.8107
   -4.8012
   -4.7863
   -4.7758
   -4.7560
   -4.7344
   -4.7076
   -4.6819
   -4.6560
   -4.6270
   -4.5970
   -4.5675
   -4.5361
   -4.5274
   -4.5225
   -4.5148
   -4.5019
   -4.5103
   -4.4968
   -4.4831
   -4.4771
   -4.4626
   -4.4418
   -4.4163
   -4.4034
   -4.3796
   -4.3546
   -4.3280
   -4.3053
   -4.2823
   -4.2576
   -4.2355
   -4.2215
   -4.1958
   -4.1690
   -4.1421
   -4.1128
   -4.0843
   -3.9302
   -3.7784
   -3.6254
   -3.4736
   -3.3209
   -3.1735
   -3.0415
   -2.9145
   -2.7905
   -2.6667
   -2.5384
   -2.4092
   -2.2831
   -2.1599
   -2.0336
   -1.9116
   -1.7847
   -1.6573
   -1.5253
   -1.3988
   -1.2687
   -1.1381
   -1.0067
   -0.8761
   -0.7445
   -0.6147
   -0.4842
   -0.3545
   -0.2235
   -0.0968
