   -3.0331
   -3.1366
   -3.2302
   -3.3196
   -3.3950
   -3.4620
   -3.5235
   -3.5796
   -3.6399
   -3.6991
   -3.7621
   -3.8312
   -3.9028
   -3.9747
   -4.0527
   -4.1243
   -4.2020
   -4.2776
   -4.3543
   -4.4264
   -4.5011
   -4.5717
   -4.6294
   -4.6946
   -4.7525
   -4.8039
   -4.8494
   -4.8921
   -4.9391
   -4.9830
   -5.0229
   -4.9637
   -4.9052
   -4.8439
   -4.7856
   -4.7285
   -4.6742
   -4.6142
   -4.5616
   -4.5049
   -4.4445
   -4.3884
   -4.3338
   -4.2806
   -4.2295
   -4.1771
   -4.1262
   -4.0724
   -4.0176
   -3.9621
   -3.9038
   -3.8419
   -3.7787
   -3.7215
   -3.6610
   -3.6030
   -3.5398
   -3.4859
   -3.4266
   -3.3698
   -3.3194
   -3.2654
   -3.2202
   -3.1783
   -3.1431
   -3.1205
   -3.1041
   -3.0891
   -3.0673
   -3.0412
   -3.0141
   -2.9896
   -2.9588
   -2.9279
   -2.8939
   -2.8642
   -2.8418
   -2.8198
   -2.7960
   -2.7669
   -2.7428
   -2.7174
   -2.6965
   -2.6803
   -2.6613
   -2.6490
   -2.6438
   -2.6364
   -2.6262
   -2.6176
   -2.6072
   -2.5981
   -2.5895
   -2.5770
   -2.5656
   -2.5467
   -2.5291
   -2.5024
   -2.4835
   -2.4554
   -2.4361
   -2.4137
   -2.3913
   -2.3679
   -2.3471
   -2.3295
   -2.3124
   -2.2995
   -2.2866
   -2.2695
   -2.2548
   -2.2368
   -2.2218
   -2.2072
   -2.1910
   -2.1743
   -2.1579
   -2.1489
   -2.1297
   -2.1155
   -2.0997
   -2.0796
   -2.0634
   -2.0464
   -2.0315
   -2.0141
   -1.9917
   -1.9706
   -1.9492
   -1.9403
   -1.9264
   -1.9155
   -1.9017
   -1.8928
   -1.8815
   -1.8769
   -1.8612
   -1.8442
   -1.8195
   -1.7944
   -1.7735
   -1.7514
   -1.7279
   -1.7075
   -1.6869
   -1.6723
   -1.6553
   -1.6387
   -1.6255
   -1.6190
   -1.6108
   -1.5990
   -1.5926
   -1.5798
   -1.5731
   -1.5647
   -1.5658
   -1.5590
   -1.5556
   -1.5526
   -1.5559
   -1.5484
   -1.5501
   -1.5515
   -1.5519
   -1.5497
   -1.5457
   -1.5369
   -1.5252
   -1.5160
   -1.5060
   -1.4951
   -1.4918
   -1.4851
   -1.4694
   -1.4549
   -1.4401
   -1.4185
   -1.3962
   -1.3755
   -1.3557
   -1.3321
   -1.3067
   -1.2806
   -1.2519
   -1.2266
   -1.1992
   -1.1805
   -1.1603
   -1.1404
   -1.1100
   -1.0850
   -1.0588
   -1.0292
   -0.9983
   -0.9667
   -0.9338
   -0.9076
   -0.8790
   -0.8587
   -0.8412
   -0.8271
   -0.8122
   -0.7895
   -0.7617
   -0.7442
   -0.7131
   -0.6926
   -0.6638
   -0.6378
   -0.6140
   -0.5848
   -0.5629
   -0.5426
   -0.5244
   -0.5093
   -0.5035
   -0.4887
   -0.4780
   -0.4755
   -0.4661
   -0.4594
   -0.4516
   -0.4416
   -0.4230
   -0.4076
   -0.3938
   -0.3752
   -0.3528
   -0.3345
   -0.3142
   -0.2964
   -0.2771
   -0.2569
   -0.2400
   -0.2364
   -0.2249
   -0.2215
   -0.2249
   -0.2323
   -0.2336
   -0.2333
   -0.2380
   -0.2423
   -0.2449
   -0.2567
   -0.2618
   -0.2698
   -0.2691
   -0.2709
   -0.2674
   -0.2638
   -0.2660
   -0.2657
   -0.2674
   -0.2643
   -0.2635
   -0.2607
   -0.2493
   -0.2432
   -0.2350
   -0.2248
   -0.2137
   -0.1952
   -0.1924
   -0.1841
   -0.1669
   -0.1555
   -0.1329
   -0.1198
   -0.1030
   -0.0858
   -0.0685
   -0.0535
   -0.0362
   -0.0209
   -0.0002
    0.0274
    0.0506
    0.0743
    0.1031
    0.1251
    0.1475
    0.1648
    0.1829
    0.1896
    0.2043
    0.2117
    0.2166
    0.2117
    0.2079
    0.2079
    0.2029
    0.1988
    0.1903
    0.1891
    0.1904
    0.1835
    0.1840
    0.1902
    0.1956
    0.1972
    0.1951
    0.1947
    0.1893
    0.1851
    0.1855
    0.1817
    0.1784
    0.1738
    0.1734
    0.1689
    0.1582
    0.1536
    0.1417
    0.1281
    0.1084
    0.0894
    0.0689
    0.0458
    0.0265
    0.0100
   -0.0101
   -0.0270
   -0.0537
   -0.0697
   -0.0920
   -0.1154
   -0.1364
   -0.1636
   -0.1879
   -0.2167
   -0.2431
   -0.2747
   -0.3029
   -0.3296
   -0.3584
   -0.3872
   -0.4167
   -0.4430
   -0.4661
   -0.4936
   -0.5182
   -0.5404
   -0.5634
   -0.5880
   -0.6088
   -0.6301
   -0.6449
   -0.6604
   -0.6735
   -0.6894
   -0.7075
   -0.7238
   -0.7456
   -0.7595
   -0.7787
   -0.7959
   -0.8102
   -0.8221
   -0.8441
   -0.8645
   -0.8849
   -0.9025
   -0.9195
   -0.9337
   -0.9529
   -0.9716
   -0.9935
   -1.0126
   -1.0346
   -1.0598
   -1.0863
   -1.1111
   -1.1379
   -1.1611
   -1.1847
   -1.2062
   -1.2273
   -1.2463
   -1.2695
   -1.2992
   -1.3317
   -1.3643
   -1.3997
   -1.4343
   -1.4746
   -1.5145
   -1.5515
   -1.5906
   -1.6256
   -1.6589
   -1.6909
   -1.7177
   -1.7452
   -1.7716
   -1.7955
   -1.8177
   -1.8390
   -1.8629
   -1.8888
   -1.9166
   -1.9417
   -1.9676
   -1.9950
   -2.0233
   -2.0486
   -2.0719
   -2.0904
   -2.1093
   -2.1306
   -2.1498
   -2.1617
   -2.1703
   -2.1798
   -2.1871
   -2.1960
   -2.2034
   -2.2108
   -2.2169
   -2.2292
   -2.2349
   -2.2406
   -2.2480
   -2.2578
   -2.2742
   -2.2898
   -2.3059
   -2.3237
   -2.3382
   -2.3564
   -2.3726
   -2.3909
   -2.4083
   -2.4242
   -2.4392
   -2.4485
   -2.4517
   -2.4478
   -2.4449
   -2.4343
   -2.4155
   -2.3915
   -2.3647
   -2.3330
   -2.2973
   -2.2579
   -2.2193
   -2.1767
   -2.1317
   -2.0911
   -2.0522
   -2.0122
   -1.9737
   -1.9353
   -1.8989
   -1.8608
   -1.8293
   -1.7946
   -1.7599
   -1.7228
   -1.6869
   -1.6477
   -1.6118
   -1.5735
   -1.5384
   -1.5021
   -1.4642
   -1.4304
   -1.4040
   -1.3747
   -1.3483
   -1.3267
   -1.3064
   -1.2967
   -1.2833
   -1.2720
   -1.2620
   -1.2543
   -1.2520
   -1.2505
   -1.2485
   -1.2474
   -1.2398
   -1.2334
   -1.2225
   -1.2031
   -1.1865
   -1.1714
   -1.1522
   -1.1346
   -1.1154
   -1.0966
   -1.0783
   -1.0591
   -1.0415
   -1.0251
   -1.0137
   -1.0071
   -1.0116
   -1.0159
   -1.0321
   -1.0530
   -1.0732
   -1.0954
   -1.1200
   -1.1470
   -1.1785
   -1.2070
   -1.2429
   -1.2836
   -1.3211
   -1.3593
   -1.4009
   -1.4448
   -1.4925
   -1.5406
   -1.5903
   -1.6364
   -1.6860
   -1.7350
   -1.7876
   -1.8401
   -1.8968
   -1.9546
   -2.0154
   -2.0696
   -2.1260
   -2.1890
   -2.2505
   -2.3125
   -2.3785
   -2.4416
   -2.5015
   -2.5622
   -2.6168
   -2.6716
   -2.7216
   -2.7695
   -2.8178
   -2.8547
   -2.8896
   -2.9217
   -2.9514
   -2.9843
   -3.0160
   -3.0493
   -3.0817
   -3.1093
   -3.1369
   -3.1604
   -3.1814
   -3.1957
   -3.2168
   -3.2362
   -3.2499
   -3.2602
   -3.2656
   -3.2722
   -3.2739
   -3.2721
   -3.2689
   -3.2624
   -3.2561
   -3.2539
   -3.2523
   -3.2492
   -3.2478
   -3.2426
   -3.2316
   -3.2218
   -3.2107
   -3.1990
   -3.1781
   -3.1564
   -3.1292
   -3.1007
   -3.0652
   -3.0258
   -2.9878
   -2.9487
   -2.9107
   -2.8666
   -2.8205
   -2.7711
   -2.7210
   -2.6697
   -2.6164
   -2.5659
   -2.5053
   -2.4467
   -2.3894
   -2.3301
   -2.2717
   -2.2128
   -2.1540
   -2.0996
   -2.0433
   -1.9890
   -1.9384
   -1.8874
   -1.8434
   -1.7993
   -1.7512
   -1.7058
   -1.6633
   -1.6163
   -1.5731
   -1.5311
   -1.4931
   -1.4524
   -1.4184
   -1.3824
   -1.3556
   -1.3216
   -1.2899
   -1.2626
   -1.2385
   -1.2146
   -1.1879
   -1.1673
   -1.1463
   -1.1337
   -1.1108
   -1.0938
   -1.0744
   -1.0553
   -1.0439
   -1.0293
   -1.0155
   -1.0104
   -1.0005
   -0.9897
   -0.9814
   -0.9783
   -0.9719
   -0.9661
   -0.9577
   -0.9550
   -0.9602
   -0.9664
   -0.9661
   -0.9703
   -0.9762
   -0.9838
   -0.9921
   -0.9924
   -1.0001
   -1.0097
   -1.0136
   -1.0244
   -1.0284
   -1.0339
   -1.0385
   -1.0458
   -1.0496
   -1.0541
   -1.0538
   -1.0583
   -1.0584
   -1.0579
   -1.0561
   -1.0544
   -1.0573
   -1.0609
   -1.0629
   -1.0657
   -1.0753
   -1.0766
   -1.0832
   -1.0879
   -1.0913
   -1.0943
   -1.1040
   -1.1137
   -1.1183
   -1.1236
   -1.1247
   -1.1232
   -1.1250
   -1.1260
   -1.1270
   -1.1308
   -1.1249
   -1.1270
   -1.1244
   -1.1225
   -1.1178
   -1.1090
   -1.1029
   -1.0961
   -1.0854
   -1.0756
   -1.0577
   -1.0466
   -1.0301
   -1.0217
   -1.0107
   -1.0014
   -0.9892
   -0.9767
   -0.9598
   -0.9535
   -0.9438
   -0.9313
   -0.9196
   -0.9078
   -0.8998
   -0.8812
   -0.8672
   -0.8541
   -0.8406
   -0.8339
   -0.8243
   -0.8129
   -0.7993
   -0.7875
   -0.7710
   -0.7616
   -0.7497
   -0.7415
   -0.7233
   -0.7127
   -0.7006
   -0.6837
   -0.6742
   -0.6587
   -0.6427
   -0.6209
   -0.6063
   -0.5850
   -0.5695
   -0.5494
   -0.5278
   -0.5045
   -0.4772
   -0.4534
   -0.4321
   -0.4142
   -0.4023
   -0.3864
   -0.3806
   -0.3671
   -0.3525
   -0.3409
   -0.3271
   -0.3110
   -0.2936
   -0.2747
   -0.2575
   -0.2383
   -0.2169
   -0.1971
   -0.1797
   -0.1706
   -0.1595
   -0.1566
   -0.1475
   -0.1375
   -0.1299
   -0.1258
   -0.1250
   -0.1203
   -0.1157
   -0.1089
   -0.1061
   -0.1062
   -0.1032
   -0.0994
   -0.0997
   -0.0929
   -0.0866
   -0.0862
   -0.0799
   -0.0747
   -0.0714
   -0.0639
   -0.0579
   -0.0588
   -0.0495
   -0.0422
   -0.0372
   -0.0401
   -0.0297
   -0.0224
   -0.0142
    0.0019
    0.0064
    0.0172
    0.0302
    0.0422
    0.0562
    0.0764
    0.0910
    0.1114
    0.1328
    0.1581
    0.1803
    0.2167
    0.2505
    0.2919
    0.3366
    0.3921
    0.4381
    0.4909
    0.5467
    0.6054
    0.6570
    0.7152
    0.7681
    0.8235
    0.8850
    0.9382
    1.0003
    1.0674
    1.1331
    1.2080
    1.2879
    1.3657
    1.4415
    1.5191
    1.6046
    1.7032
    1.7924
    1.8873
    1.9845
    2.0801
    2.1846
    2.2851
    2.3899
    2.4947
    2.5956
    2.6991
    2.8079
    2.9125
    3.0203
    3.1292
    3.2356
    3.3427
    3.4552
    3.5656
    3.6724
    3.7822
    3.8967
    4.0060
    4.1185
    4.2300
    4.3371
    4.4517
    4.5707
    4.6833
    4.7958
    4.9095
    5.0263
    5.1387
    5.2475
    5.3631
    5.4701
    5.5802
    5.6859
    5.7967
    5.9107
    6.0203
    6.1280
    6.2416
    6.3497
    6.4613
    6.5722
    6.6876
    6.7959
    6.9057
    7.0231
    7.1364
    7.2621
    7.3776
    7.4874
    7.6001
    7.7116
    7.8247
    7.9399
    8.0605
    8.1793
    8.2974
    8.4108
    8.5284
    8.6490
    8.7704
    8.8985
    9.0222
    9.1445
    9.2644
    9.3883
    9.5127
    9.6338
    9.7530
    9.8786
   10.0029
   10.1306
   10.2679
   10.4030
   10.5443
   10.6824
   10.8271
   10.9753
   11.1183
   11.2672
   11.4122
   11.5619
   11.7075
   11.8527
   11.9939
   12.1352
   12.2804
   12.4221
   12.5644
   12.7153
   12.8694
   13.0236
   13.1826
   13.3422
   13.5062
   13.6703
   13.8210
   13.9773
   14.1343
   14.2909
   14.4524
   14.6130
   14.7741
   14.9393
   15.1092
   15.2828
   15.4562
   15.6321
   15.8029
   15.9816
   16.1677
   16.3570
   16.5471
   16.7347
   16.9200
   17.1049
   17.2924
   17.4761
   17.6630
   17.8500
   18.0380
   18.2240
   18.4026
   18.5874
   18.7757
   18.9621
   19.1507
   19.3353
   19.5221
   19.7163
   19.9033
   20.0884
   20.2720
   20.4484
   20.6251
   20.7945
   20.9643
   21.1347
   21.2997
   21.4638
   21.6182
   21.7748
   21.9263
   22.0803
   22.2325
   22.3785
   22.5269
   22.6730
   22.8105
   22.9432
   23.0674
   23.1887
   23.3001
   23.4076
   23.5078
   23.5975
   23.6800
   23.7652
   23.8402
   23.9158
   23.9847
   24.0485
   24.1063
   24.1559
   24.1961
   24.2296
   24.2527
   24.2645
   24.2720
   24.2751
   24.2733
   24.2673
   24.2582
   24.2434
   24.2299
   24.2177
   24.2041
   24.1913
   24.1769
   24.1647
   24.1512
   24.1310
   24.1096
   24.0899
   24.0644
   24.0403
   24.0147
   23.9861
   23.9577
   23.9291
   23.9036
   23.8826
   23.8628
   23.8378
   23.8171
   23.7991
   23.7768
   23.7583
   23.7380
   23.7246
   23.7152
   23.7070
   23.6946
   23.6815
   23.6646
   23.6516
   23.6296
   23.6075
   23.5856
   23.5695
   23.5552
   23.5497
   23.5474
   23.5584
   23.5702
   23.5948
   23.6294
   23.6725
   23.7251
   23.7847
   23.8423
   23.9065
   23.9738
   24.0451
   24.1239
   24.2107
   24.2988
   24.3942
   24.4954
   24.5980
   24.7034
   24.8077
   24.9122
   25.0180
   25.1228
   25.2226
   25.3200
   25.4092
   25.4926
   25.5812
   25.6607
   25.7421
   25.8228
   25.9072
   25.9867
   26.0605
   26.1242
   26.1939
   26.2573
   26.3186
   26.3769
   26.4255
   26.4726
   26.5220
   26.5686
   26.6102
   26.6396
   26.6750
   26.7047
   26.7417
   26.7776
   26.7989
   26.8289
   26.8642
   26.9040
   26.9491
   26.9950
   27.0523
   27.1069
   27.1622
   27.2186
   27.2713
   27.3121
   27.3458
   27.3720
   27.3970
   27.4106
   27.4187
   27.4176
   27.4088
   27.3930
   27.3764
   27.3537
   27.3335
   27.3079
   27.2751
   27.2398
   27.2049
   27.1673
   27.1276
   27.0800
   27.0269
   26.9664
   26.9037
   26.8298
   26.7631
   26.6936
   26.6220
   26.5537
   26.4835
   26.4032
   26.3270
   26.2451
   26.1620
   26.0770
   26.0023
   25.9324
   25.8665
   25.7925
   25.7192
   25.6516
   25.5856
   25.5229
   25.4606
   25.3957
   25.3321
   25.2687
   25.2118
   25.1427
   25.0712
   24.9865
   24.8954
   24.8157
   24.7297
   24.6440
   24.5570
   24.4684
   24.3768
   24.2816
   24.1941
   24.1059
   24.0195
   23.9380
   23.8640
   23.7888
   23.7070
   23.6273
   23.5529
   23.4690
   23.3908
   23.3151
   23.2466
   23.1827
   23.1213
   23.0534
   22.9900
   22.9217
   22.8487
   22.7753
   22.7041
   22.6297
   22.5585
   22.4912
   22.4380
   22.3923
   22.3592
   22.3243
   22.2929
   22.2665
   22.2441
   22.2289
   22.2173
   22.2030
   22.1859
   22.1676
   22.1395
   22.1043
   22.0657
   22.0217
   21.9768
   21.9293
   21.8745
   21.8185
   21.7613
   21.7043
   21.6502
   21.5878
   21.5230
   21.4581
   21.4016
   21.3448
   21.2887
   21.2286
   21.1607
   21.0891
   21.0095
   20.9220
   20.8327
   20.7369
   20.6501
   20.5530
   20.4679
   20.3752
   20.2842
   20.1895
   20.1040
   20.0213
   19.9296
   19.8299
   19.7303
   19.6341
   19.5309
   19.4226
   19.3060
   19.1870
   19.0598
   18.9345
   18.8121
   18.6952
   18.5776
   18.4613
   18.3500
   18.2417
   18.1389
   18.0280
   17.9170
   17.8038
   17.6881
   17.5726
   17.4571
   17.3327
   17.2044
   17.0797
   16.9462
   16.8268
   16.7029
   16.5826
   16.4720
   16.3626
   16.2576
   16.1568
   16.0596
   15.9659
   15.8676
   15.7756
   15.6712
   15.5648
   15.4595
   15.3534
   15.2461
   15.1407
   15.0371
   14.9347
   14.8367
   14.7514
   14.6703
   14.5990
   14.5282
   14.4639
   14.4048
   14.3347
   14.2697
   14.1872
   14.1084
   14.0225
   13.9411
   13.8449
   13.7498
   13.6651
   13.5948
   13.5345
   13.4722
   13.4128
   13.3464
   13.2805
   13.2115
   13.1487
   13.0792
   13.0136
   12.9357
   12.8633
   12.7851
   12.7073
   12.6209
   12.5295
   12.4404
   12.3497
   12.2490
   12.1512
   12.0581
   11.9622
   11.8660
   11.7685
   11.6682
   11.5803
   11.4831
   11.3897
   11.2960
   11.1938
   11.0968
   11.0059
   10.9152
   10.8281
   10.7443
   10.6566
   10.5568
   10.4643
   10.3705
   10.2865
   10.2044
   10.1272
   10.0468
    9.9665
    9.8909
    9.8156
    9.7348
    9.6474
    9.5607
    9.4785
    9.3979
    9.3044
    9.2053
    9.0941
    8.9808
    8.8591
    8.7405
    8.6055
    8.4814
    8.3555
    8.2317
    8.1000
    7.9623
    7.8272
    7.6945
    7.5724
    7.4542
    7.3387
    7.2235
    7.1163
    7.0079
    6.9102
    6.8061
    6.7025
    6.5964
    6.4917
    6.3870
    6.2777
    6.1639
    6.0599
    5.9516
    5.8459
    5.7424
    5.6398
    5.5391
    5.4387
    5.3297
    5.2207
    5.1133
    5.0064
    4.9016
    4.7920
    4.6862
    4.5749
    4.4629
    4.3537
    4.2505
    4.1548
    4.0585
    3.9627
    3.8601
    3.7496
    3.6384
    3.5283
    3.4246
    3.3244
    3.2252
    3.1275
    3.0389
    2.9490
    2.8625
    2.7711
    2.6930
    2.6244
    2.5660
    2.5182
    2.4715
    2.4295
    2.4017
    2.3705
    2.3403
    2.3051
    2.2737
    2.2419
    2.2060
    2.0437
    1.8793
    1.7158
    1.5559
    1.3956
    1.2325
    1.0700
    0.9108
    0.7537
    0.6004
    0.4503
    0.3055
    0.1642
    0.0304
   -0.1061
   -0.2413
   -0.3756
   -0.5178
   -0.6606
   -0.7994
   -0.9395
   -1.0806
   -1.2151
   -1.3493
   -1.4799
   -1.6052
   -1.7314
   -1.8564
   -1.9875
   -2.1140
