   -4.1195
   -4.2895
   -4.4571
   -4.6374
   -4.8278
   -5.0300
   -5.2355
   -5.4484
   -5.6612
   -5.8780
   -6.0938
   -6.3068
   -6.5222
   -6.7364
   -6.9496
   -7.1651
   -7.3848
   -7.6127
   -7.8506
   -8.0986
   -8.3601
   -8.6366
   -8.9264
   -9.2228
   -9.5250
   -9.8236
  -10.1204
  -10.4088
  -10.6928
  -10.9727
  -11.2483
  -11.2649
  -11.2824
  -11.3007
  -11.3197
  -11.3387
  -11.3561
  -11.3684
  -11.3774
  -11.3873
  -11.3922
  -11.3938
  -11.3913
  -11.3871
  -11.3821
  -11.3788
  -11.3804
  -11.3862
  -11.3971
  -11.4080
  -11.4173
  -11.4244
  -11.4289
  -11.4268
  -11.4223
  -11.4120
  -11.3968
  -11.3808
  -11.3665
  -11.3482
  -11.3281
  -11.3082
  -11.2850
  -11.2585
  -11.2279
  -11.1965
  -11.1594
  -11.1189
  -11.0719
  -11.0225
  -10.9665
  -10.9091
  -10.8486
  -10.7850
  -10.7151
  -10.6406
  -10.5597
  -10.4740
  -10.3785
  -10.2781
  -10.1746
  -10.0678
   -9.9570
   -9.8446
   -9.7288
   -9.6104
   -9.4989
   -9.3867
   -9.2836
   -9.1896
   -9.1040
   -9.0223
   -8.9438
   -8.8618
   -8.7772
   -8.6883
   -8.5952
   -8.4980
   -8.4000
   -8.3087
   -8.2200
   -8.1364
   -8.0568
   -7.9831
   -7.9117
   -7.8428
   -7.7711
   -7.7003
   -7.6270
   -7.5496
   -7.4728
   -7.3995
   -7.3285
   -7.2549
   -7.1888
   -7.1242
   -7.0629
   -7.0055
   -6.9564
   -6.9071
   -6.8627
   -6.8249
   -6.7870
   -6.7524
   -6.7185
   -6.6886
   -6.6536
   -6.6194
   -6.5844
   -6.5502
   -6.5135
   -6.4777
   -6.4395
   -6.4046
   -6.3654
   -6.3262
   -6.2893
   -6.2539
   -6.2184
   -6.1938
   -6.1748
   -6.1632
   -6.1590
   -6.1605
   -6.1603
   -6.1618
   -6.1674
   -6.1655
   -6.1626
   -6.1571
   -6.1501
   -6.1406
   -6.1305
   -6.1188
   -6.1107
   -6.1001
   -6.0846
   -6.0691
   -6.0505
   -6.0318
   -6.0090
   -5.9822
   -5.9553
   -5.9300
   -5.9064
   -5.8853
   -5.8650
   -5.8479
   -5.8292
   -5.8061
   -5.7871
   -5.7690
   -5.7534
   -5.7362
   -5.7225
   -5.7029
   -5.6783
   -5.6503
   -5.6207
   -5.5869
   -5.5548
   -5.5234
   -5.4886
   -5.4563
   -5.4239
   -5.3971
   -5.3728
   -5.3576
   -5.3473
   -5.3443
   -5.3429
   -5.3472
   -5.3547
   -5.3662
   -5.3768
   -5.3923
   -5.4112
   -5.4333
   -5.4563
   -5.4819
   -5.5058
   -5.5238
   -5.5376
   -5.5482
   -5.5572
   -5.5712
   -5.5937
   -5.6080
   -5.6214
   -5.6339
   -5.6442
   -5.6418
   -5.6394
   -5.6333
   -5.6327
   -5.6310
   -5.6353
   -5.6481
   -5.6642
   -5.6904
   -5.7174
   -5.7419
   -5.7628
   -5.7787
   -5.7912
   -5.7994
   -5.8043
   -5.8084
   -5.8085
   -5.8018
   -5.7987
   -5.7889
   -5.7757
   -5.7558
   -5.7376
   -5.7135
   -5.6963
   -5.6826
   -5.6740
   -5.6671
   -5.6635
   -5.6575
   -5.6481
   -5.6369
   -5.6241
   -5.6088
   -5.5878
   -5.5652
   -5.5394
   -5.5102
   -5.4779
   -5.4449
   -5.4094
   -5.3714
   -5.3319
   -5.2872
   -5.2399
   -5.1893
   -5.1336
   -5.0754
   -5.0181
   -4.9592
   -4.9030
   -4.8511
   -4.8010
   -4.7519
   -4.7089
   -4.6583
   -4.6102
   -4.5637
   -4.5191
   -4.4674
   -4.4224
   -4.3756
   -4.3537
   -4.3066
   -4.2856
   -4.2437
   -4.2075
   -4.1756
   -4.1404
   -4.1044
   -4.0658
   -4.0281
   -3.9920
   -3.9552
   -3.9184
   -3.8852
   -3.8537
   -3.8257
   -3.8027
   -3.7796
   -3.7582
   -3.7408
   -3.7285
   -3.7170
   -3.7164
   -3.7192
   -3.7270
   -3.7321
   -3.7416
   -3.7458
   -3.7509
   -3.7602
   -3.7755
   -3.7909
   -3.8123
   -3.8397
   -3.8662
   -3.8919
   -3.9187
   -3.9429
   -3.9654
   -3.9854
   -4.0037
   -4.0230
   -4.0466
   -4.0728
   -4.1007
   -4.1277
   -4.1546
   -4.1771
   -4.1978
   -4.2167
   -4.2354
   -4.2548
   -4.2827
   -4.3044
   -4.3275
   -4.3514
   -4.3761
   -4.3927
   -4.4153
   -4.4431
   -4.4742
   -4.5088
   -4.5477
   -4.5597
   -4.5981
   -4.6350
   -4.6635
   -4.6871
   -4.7114
   -4.7374
   -4.7626
   -4.7878
   -4.8162
   -4.8498
   -4.8832
   -4.9139
   -4.9470
   -4.9802
   -5.0124
   -5.0437
   -5.0776
   -5.1081
   -5.1395
   -5.1700
   -5.1982
   -5.2230
   -5.2513
   -5.2753
   -5.3001
   -5.3225
   -5.3432
   -5.3581
   -5.3721
   -5.3844
   -5.3924
   -5.4003
   -5.4065
   -5.4102
   -5.4162
   -5.4247
   -5.4355
   -5.4496
   -5.4620
   -5.4743
   -5.4859
   -5.4990
   -5.5147
   -5.5338
   -5.5546
   -5.5764
   -5.5957
   -5.6110
   -5.6298
   -5.6387
   -5.6435
   -5.6460
   -5.6478
   -5.6413
   -5.6391
   -5.6402
   -5.6379
   -5.6348
   -5.6291
   -5.6232
   -5.6155
   -5.6095
   -5.6000
   -5.5938
   -5.5886
   -5.5832
   -5.5797
   -5.5778
   -5.5785
   -5.5811
   -5.5837
   -5.5845
   -5.5879
   -5.5905
   -5.5922
   -5.5914
   -5.5941
   -5.5919
   -5.5921
   -5.5906
   -5.5882
   -5.5814
   -5.5770
   -5.5684
   -5.5580
   -5.5475
   -5.5387
   -5.5281
   -5.5209
   -5.5180
   -5.5160
   -5.5175
   -5.5199
   -5.5254
   -5.5316
   -5.5353
   -5.5390
   -5.5425
   -5.5436
   -5.5453
   -5.5454
   -5.5447
   -5.5447
   -5.5456
   -5.5456
   -5.5497
   -5.5563
   -5.5668
   -5.5764
   -5.5799
   -5.5817
   -5.5843
   -5.5867
   -5.5915
   -5.6032
   -5.6166
   -5.6293
   -5.6454
   -5.6615
   -5.6793
   -5.6955
   -5.7117
   -5.7236
   -5.7371
   -5.7531
   -5.7749
   -5.7983
   -5.8225
   -5.8490
   -5.8738
   -5.8959
   -5.9170
   -5.9397
   -5.9616
   -5.9800
   -5.9978
   -6.0171
   -6.0364
   -6.0567
   -6.0736
   -6.0864
   -6.0904
   -6.0911
   -6.0861
   -6.0814
   -6.0762
   -6.0704
   -6.0655
   -6.0631
   -6.0591
   -6.0525
   -6.0467
   -6.0414
   -6.0371
   -6.0327
   -6.0333
   -6.0350
   -6.0375
   -6.0402
   -6.0455
   -6.0518
   -6.0559
   -6.0591
   -6.0583
   -6.0517
   -6.0417
   -6.0268
   -6.0111
   -5.9947
   -5.9819
   -5.9717
   -5.9641
   -5.9574
   -5.9509
   -5.9420
   -5.9338
   -5.9216
   -5.9076
   -5.8893
   -5.8659
   -5.8385
   -5.8093
   -5.7768
   -5.7436
   -5.7089
   -5.6716
   -5.6303
   -5.5874
   -5.5429
   -5.4974
   -5.4504
   -5.4017
   -5.3489
   -5.2945
   -5.2411
   -5.1878
   -5.1354
   -5.0840
   -5.0318
   -4.9772
   -4.9226
   -4.8688
   -4.8190
   -4.7709
   -4.7237
   -4.7046
   -4.6589
   -4.6140
   -4.5691
   -4.5217
   -4.4741
   -4.4267
   -4.3768
   -4.3260
   -4.2744
   -4.2214
   -4.1659
   -4.1096
   -4.0517
   -3.9921
   -3.9307
   -3.8684
   -3.8094
   -3.7523
   -3.6976
   -3.6464
   -3.5980
   -3.5486
   -3.4967
   -3.4414
   -3.3800
   -3.3143
   -3.2451
   -3.1759
   -3.1065
   -3.0361
   -2.9684
   -2.9024
   -2.8382
   -2.7716
   -2.7105
   -2.6493
   -2.5901
   -2.5319
   -2.4738
   -2.4141
   -2.3537
   -2.2950
   -2.2356
   -2.1753
   -2.1128
   -2.0511
   -1.9879
   -1.9264
   -1.8676
   -1.8060
   -1.7428
   -1.6786
   -1.6152
   -1.5508
   -1.4872
   -1.4234
   -1.3602
   -1.2969
   -1.2335
   -1.1723
   -1.1459
   -1.0930
   -1.0457
   -1.0017
   -0.9627
   -0.9271
   -0.8931
   -0.8617
   -0.8304
   -0.7983
   -0.7653
   -0.7314
   -0.6999
   -0.6693
   -0.6412
   -0.6199
   -0.6010
   -0.5847
   -0.5716
   -0.5602
   -0.5495
   -0.5410
   -0.5346
   -0.5280
   -0.5261
   -0.5330
   -0.5445
   -0.5658
   -0.5900
   -0.6172
   -0.6485
   -0.6755
   -0.7054
   -0.7345
   -0.7694
   -0.8023
   -0.8386
   -0.8773
   -0.9201
   -0.9625
   -1.0080
   -1.0566
   -1.1032
   -1.1504
   -1.1999
   -1.2502
   -1.3003
   -1.3537
   -1.4079
   -1.4578
   -1.5069
   -1.5577
   -1.6101
   -1.6624
   -1.7139
   -1.7662
   -1.8212
   -1.8745
   -1.9271
   -1.9781
   -2.0240
   -2.0651
   -2.1020
   -2.1307
   -2.1570
   -2.1808
   -2.2013
   -2.2209
   -2.2421
   -2.2633
   -2.2862
   -2.3093
   -2.3334
   -2.3535
   -2.3682
   -2.3780
   -2.3748
   -2.3585
   -2.3324
   -2.2957
   -2.2524
   -2.2053
   -2.1599
   -2.1148
   -2.0740
   -2.0348
   -1.9956
   -1.9539
   -1.9081
   -1.8615
   -1.8159
   -1.7671
   -1.7200
   -1.6715
   -1.6205
   -1.5637
   -1.5044
   -1.4427
   -1.3761
   -1.3045
   -1.2333
   -1.1597
   -1.0847
   -1.0091
   -0.9314
   -0.8521
   -0.7720
   -0.6927
   -0.6142
   -0.5365
   -0.4629
   -0.3943
   -0.3280
   -0.2623
   -0.1976
   -0.1336
   -0.0698
   -0.0044
    0.0609
    0.1260
    0.1902
    0.2510
    0.3100
    0.3656
    0.4155
    0.4621
    0.5079
    0.5538
    0.5983
    0.6445
    0.6926
    0.7409
    0.7878
    0.8382
    0.8855
    0.9273
    0.9661
    0.9978
    1.0197
    1.0354
    1.0455
    1.0508
    1.0513
    1.0552
    1.0583
    1.0640
    1.0737
    1.0924
    1.1134
    1.1374
    1.1629
    1.1898
    1.2150
    1.2409
    1.2677
    1.2912
    1.3130
    1.3317
    1.3491
    1.3658
    1.3808
    1.3954
    1.4084
    1.4198
    1.4337
    1.4469
    1.4626
    1.4817
    1.5050
    1.5331
    1.5619
    1.5931
    1.6276
    1.6636
    1.7002
    1.7394
    1.7804
    1.8233
    1.8681
    1.9114
    1.9532
    1.9943
    2.0330
    2.0709
    2.1105
    2.1509
    2.1944
    2.2354
    2.2745
    2.3159
    2.3573
    2.3951
    2.4318
    2.4685
    2.5027
    2.5403
    2.5821
    2.6265
    2.6709
    2.7178
    2.7628
    2.8035
    2.8398
    2.8752
    2.9063
    2.9381
    2.9696
    3.0022
    3.0314
    3.0574
    3.0800
    3.1035
    3.1288
    3.1575
    3.1871
    3.2159
    3.2475
    3.2790
    3.3120
    3.3465
    3.3799
    3.4125
    3.4473
    3.4837
    3.5267
    3.5705
    3.6177
    3.6656
    3.7127
    3.7598
    3.8087
    3.8602
    3.9153
    3.9756
    4.0410
    4.1098
    4.1827
    4.2561
    4.3301
    4.4039
    4.4791
    4.5531
    4.6287
    4.7056
    4.7859
    4.8671
    4.9576
    5.0507
    5.1532
    5.2557
    5.3581
    5.4612
    5.5711
    5.6877
    5.8125
    5.9442
    6.0809
    6.2211
    6.3602
    6.5053
    6.6536
    6.7985
    6.9469
    7.1065
    7.2724
    7.4431
    7.6235
    7.8102
    7.9983
    8.1850
    8.3776
    8.5753
    8.7714
    8.9707
    9.1723
    9.3722
    9.5728
    9.7716
    9.9664
   10.1610
   10.3540
   10.5444
   10.7358
   10.9233
   11.1164
   11.3048
   11.4915
   11.6766
   11.8586
   12.0390
   12.2175
   12.3891
   12.5590
   12.7244
   12.8844
   13.0401
   13.1914
   13.3383
   13.4801
   13.6195
   13.7573
   13.8959
   14.0405
   14.1845
   14.3335
   14.4836
   14.6343
   14.7790
   14.9253
   15.0706
   15.2185
   15.3741
   15.5382
   15.7052
   15.8729
   16.0408
   16.2061
   16.3695
   16.5339
   16.7042
   16.8763
   17.0500
   17.2340
   17.4230
   17.6035
   17.7745
   17.9410
   18.0954
   18.2412
   18.3806
   18.5178
   18.6498
   18.7730
   18.8953
   19.0158
   19.1285
   19.2454
   19.3601
   19.4741
   19.5956
   19.7196
   19.8446
   19.9723
   20.1035
   20.2438
   20.3828
   20.5317
   20.6873
   20.8447
   21.0070
   21.1777
   21.3527
   21.5373
   21.7279
   21.9269
   22.1305
   22.3393
   22.5518
   22.7671
   22.9868
   23.2084
   23.4345
   23.6608
   23.8858
   24.1126
   24.3388
   24.5633
   24.7890
   25.0156
   25.2398
   25.4600
   25.6810
   25.8980
   26.1106
   26.3206
   26.5248
   26.7214
   26.9122
   27.0962
   27.2752
   27.4482
   27.6162
   27.7775
   27.9353
   28.0906
   28.2499
   28.4166
   28.5891
   28.7673
   28.9497
   29.1360
   29.3252
   29.5134
   29.7054
   29.8973
   30.0852
   30.2736
   30.4584
   30.6445
   30.8303
   31.0109
   31.1866
   31.3613
   31.5341
   31.7009
   31.8575
   32.0081
   32.1456
   32.2732
   32.3942
   32.5095
   32.6128
   32.7105
   32.8044
   32.8938
   32.9777
   33.0594
   33.1355
   33.2093
   33.2771
   33.3402
   33.3999
   33.4562
   33.5109
   33.5638
   33.6126
   33.6534
   33.6942
   33.7315
   33.7670
   33.8033
   33.8438
   33.8825
   33.9202
   33.9561
   33.9903
   34.0236
   34.0569
   34.0935
   34.1303
   34.1663
   34.2052
   34.2468
   34.2937
   34.3419
   34.3936
   34.4450
   34.4958
   34.5450
   34.5925
   34.6392
   34.6824
   34.7240
   34.7647
   34.8018
   34.8352
   34.8650
   34.8913
   34.9193
   34.9464
   34.9757
   35.0070
   35.0433
   35.0807
   35.1200
   35.1603
   35.2040
   35.2494
   35.3049
   35.3689
   35.4456
   35.5350
   35.6367
   35.7456
   35.8590
   35.9701
   36.0795
   36.1846
   36.2849
   36.3826
   36.4798
   36.5748
   36.6676
   36.7575
   36.8472
   36.9375
   37.0303
   37.1292
   37.2264
   37.3209
   37.4077
   37.4816
   37.5373
   37.5784
   37.6014
   37.6091
   37.6048
   37.5927
   37.5719
   37.5417
   37.5038
   37.4582
   37.4038
   37.3427
   37.2745
   37.1947
   37.1018
   37.0022
   36.8934
   36.7760
   36.6517
   36.5260
   36.4033
   36.2849
   36.1688
   36.0585
   35.9579
   35.8655
   35.7827
   35.7011
   35.6188
   35.5365
   35.4523
   35.3630
   35.2735
   35.1848
   35.0968
   35.0087
   34.9203
   34.8241
   34.7202
   34.6040
   34.4722
   34.3267
   34.1686
   33.9968
   33.8208
   33.6358
   33.4477
   33.2632
   33.0829
   32.9072
   32.7404
   32.5843
   32.4337
   32.2825
   32.1321
   31.9800
   31.8237
   31.6638
   31.5049
   31.3494
   31.1982
   31.0556
   30.9234
   30.8015
   30.6891
   30.5826
   30.4794
   30.3787
   30.2771
   30.1753
   30.0801
   29.9884
   29.8947
   29.8033
   29.7210
   29.6401
   29.5595
   29.4869
   29.4233
   29.3686
   29.3201
   29.2718
   29.2149
   29.1564
   29.0894
   29.0048
   28.9051
   28.7836
   28.6480
   28.5080
   28.3721
   28.2374
   28.1173
   28.0011
   27.9054
   27.8374
   27.7893
   27.7386
   27.6956
   27.6394
   27.5651
   27.4855
   27.4126
   27.3440
   27.2678
   27.1776
   27.0829
   26.9768
   26.8656
   26.7508
   26.6271
   26.4955
   26.3537
   26.2030
   26.0516
   25.9090
   25.7727
   25.6418
   25.5170
   25.3923
   25.2689
   25.1528
   25.0505
   24.9635
   24.8935
   24.8341
   24.7911
   24.7579
   24.7340
   24.7171
   24.7123
   24.7048
   24.6980
   24.6919
   24.6826
   24.6644
   24.6482
   24.6321
   24.6083
   24.5761
   24.5299
   24.4735
   24.4035
   24.3317
   24.2577
   24.1883
   24.1183
   24.0585
   24.0138
   23.9842
   23.9612
   23.9333
   23.9053
   23.8561
   23.7835
   23.6890
   23.5551
   23.3953
   23.2387
   23.0791
   22.9223
   22.7848
   22.6472
   22.5016
   22.3454
   22.1854
   22.0356
   21.8868
   21.7353
   21.5777
   21.4165
   21.2600
   21.1104
   20.9678
   20.8351
   20.7065
   20.5650
   20.4114
   20.2545
   20.0962
   19.9353
   19.7717
   19.6027
   19.4193
   19.2067
   18.9673
   18.7111
   18.4316
   18.1412
   17.8550
   17.5729
   17.2756
   16.9709
   16.6498
   16.3075
   15.9512
   15.5992
   15.2447
   14.8894
   14.5351
   14.1878
   13.8486
   13.5155
   13.1972
   12.8882
   12.5803
   12.2750
   11.9811
   11.6861
   11.3919
   11.0915
   10.7875
   10.4818
   10.1733
    9.8762
    9.5988
    9.3249
    9.0705
    8.8283
    8.5943
    8.3633
    8.1467
    7.9347
    7.7333
    7.5374
    7.3574
    7.1995
    7.0509
    6.9132
    6.7855
    6.6604
    6.5306
    6.3919
    6.2398
    6.0778
    5.9049
    5.7196
    5.5319
    5.3479
    5.1619
    4.9781
    4.8070
    4.6505
    4.5115
    4.3872
    4.2884
    4.2084
    4.1395
    4.0742
    4.0090
    3.9392
    3.8578
    3.7778
    3.6992
    3.6340
    3.5792
    3.5356
    3.4970
    3.4646
    3.4392
    3.4206
    3.4021
    3.3853
    3.3676
    3.3480
    3.3235
    3.3023
    3.2837
    3.2698
    3.2590
    3.2531
    3.2537
    3.2609
    3.2713
    3.2909
    3.3127
    3.3344
    3.3543
    3.3612
    3.3517
    3.3153
    3.2488
    3.1616
    3.0569
    2.9453
    2.8320
    2.7282
    2.6294
    2.5402
    2.4548
    2.3810
    2.3145
    2.2578
    2.2082
    2.1625
    2.1203
    2.0793
    2.0428
    2.0095
    1.9802
    1.9595
    1.9426
    1.9294
    1.9214
    1.9157
    1.9141
    1.9110
    1.9080
    1.9006
    1.8965
    1.8951
    1.8900
    1.8955
    1.9108
    1.6961
    1.4871
    1.2930
    1.1048
    0.9142
    0.7179
    0.5133
    0.3038
    0.0915
   -0.1241
   -0.3414
   -0.5580
   -0.7700
   -0.9806
   -1.1914
   -1.4023
   -1.6120
   -1.8233
   -2.0379
   -2.2574
   -2.4807
   -2.7159
   -2.9597
   -3.2079
   -3.4623
   -3.7127
   -3.9514
   -4.1712
   -4.3659
   -4.5416
