28058.0000
28058.0996
28058.0000
28057.9512
28057.7012
28057.8008
28058.3027
28058.3516
28058.7012
28058.9512
28059.5020
28059.5508
28059.6523
28059.7520
28059.5020
28059.3516
28059.3008
28059.2520
28059.2520
28059.0020
28059.0020
28058.8027
28058.7520
28058.6523
28058.8047
28058.5527
28058.6035
28058.6035
28058.6543
28058.6543
28058.8535
28058.8027
28058.6035
28058.7520
28058.6523
28058.7031
28058.5527
28058.5020
28058.2539
28057.9062
28057.8555
28057.7559
28057.5078
28057.6582
28057.5586
28057.6582
28057.7090
28057.8086
28057.8066
28057.8066
28058.0547
28058.0566
28058.1035
28058.0566
28058.2051
28058.2539
28058.3535
28058.4531
28058.9336
28058.7012
28058.5039
28058.6055
28058.7031
28058.6035
28058.7031
28058.6543
28058.6523
28058.6543
28058.6543
28058.5547
28058.8047
28058.5527
28058.5039
28058.6055
28058.5547
28058.5059
28058.4551
28058.7539
28058.6562
28058.3535
28058.8047
28058.3555
28058.3047
28058.1055
28058.1523
28057.9551
28058.0566
28057.7090
28057.7070
28057.6094
28057.6562
28057.6582
28057.5078
28057.7578
28057.6074
28057.3555
28057.5527
28057.8516
28058.0488
28058.0020
28058.3516
28058.6484
28058.9004
28059.2500
28059.3516
28059.5508
28059.8984
28060.3965
28060.5938
28060.5957
28060.1973
28060.5449
28060.4941
28060.5957
28060.1953
28060.0977
28060.0488
28059.6992
28059.8984
28059.5488
28059.7969
28059.6504
28059.5996
28059.6055
28059.3047
28059.0586
28059.0078
28058.5078
28058.3105
28057.9121
28057.9629
28057.5645
28057.5156
28057.5156
28057.5137
28057.7656
28057.4609
28057.5098
28057.4570
28057.2578
28057.3047
28057.1543
28057.1035
28057.0547
28057.2539
28057.3086
28057.3066
28057.3047
28057.5078
28056.8027
28056.6484
28056.3965
28056.6484
28056.7031
28056.8555
28057.0547
28056.9531
28056.8535
28056.8008
28057.0469
28056.6484
28056.8496
28057.0469
28057.3008
28057.5488
28057.8516
28058.0488
28057.8984
28058.2988
28058.5996
28058.2988
28058.5020
28058.6953
28058.2461
28058.0410
28058.1426
28058.1406
28057.7871
28057.9863
28057.8848
28057.9316
28057.8789
28057.9766
28058.2715
28058.4199
28058.4199
28058.5664
28058.5137
28058.5117
28058.6094
28058.6602
28058.5098
28058.5605
28058.3633
28058.4434
28058.4102
28058.3633
28058.3086
28058.2090
28058.2598
28058.3086
28058.4102
28058.1562
28058.3535
28058.2559
28058.3008
28057.9023
28058.0156
28057.9531
28057.9004
28057.5977
28057.4980
28057.5527
28057.4043
28057.6035
28057.7578
28057.8105
28058.3145
28058.4668
28058.9648
28059.3672
28059.3691
28059.7188
28059.6191
28059.6191
28059.5703
28059.5723
28059.4199
28059.2676
28059.0215
28058.8145
28058.5664
28058.5176
28058.5625
28058.3594
28058.4570
28058.2090
28058.4082
28058.3594
28058.3613
28058.5137
28058.5625
28058.6094
28058.5625
28058.5078
28058.3574
28058.4082
28058.4570
28058.3047
28058.2031
28058.4023
28058.4062
28058.4082
28058.2520
28058.3047
28058.2031
28058.2520
28058.1543
28057.9512
28058.0977
28057.7969
28057.7598
28057.7891
28057.6895
28057.4844
28057.3301
28057.2754
28057.0723
28056.7695
28056.7676
28056.6152
28056.5645
28056.5117
28056.5586
28056.4062
28056.6055
28056.8008
28056.8516
28057.0527
28056.9531
28056.9043
28056.9062
28057.0039
28056.8555
28057.1055
28057.0527
28057.3535
28057.5039
28057.7500
28057.7969
28057.9941
28058.1953
28058.3945
28058.5918
28058.6484
28058.8457
28058.9004
28059.1055
28059.0527
28059.2559
28059.4062
28059.4531
28059.5039
28059.5059
28059.4062
28059.5566
28059.3066
28059.1582
28059.1582
28058.9590
28058.9160
28058.8145
28058.6152
28058.8691
28058.5664
28058.4688
28058.4688
28058.4707
28058.3672
28058.2168
28058.2188
28058.1191
28057.9180
28057.9688
28057.9746
28057.9219
28057.9746
28058.2246
28058.2734
28058.2734
28058.4219
28058.3750
28058.2754
28058.0762
28058.0781
28058.0273
28057.8730
28057.8203
28057.8145
28057.7617
28057.7617
28057.6074
28057.6074
28057.6074
28057.6074
28057.3066
28057.1074
28057.2539
28057.3555
28057.2012
28057.1543
28056.9082
28056.7656
28056.6191
28056.5703
28056.6152
28056.6152
28056.7129
28056.8125
28056.8145
28056.9141
28057.1602
28057.4082
28057.6074
28057.6562
28057.7598
28057.6621
28057.8184
28057.6680
28057.5195
28057.4688
28057.4727
28057.2207
28057.2656
28057.1074
28057.3008
28057.3945
28057.3887
28057.4824
28057.3848
28057.4277
28057.2793
28057.3203
28057.2168
28057.0098
28056.8613
28056.7148
28056.4668
28056.3730
28056.0762
28055.8301
28055.4824
28055.3867
28055.1934
28055.1445
28055.1992
28055.0449
28055.1934
28055.2949
28055.2949
28055.4980
28055.4492
28055.4453
28055.5977
28055.6484
28055.7012
28055.7012
28055.7520
28055.7520
28055.9551
28056.1035
28056.1504
28056.2051
28056.2051
28056.3047
28056.3047
28056.5078
28056.4043
28056.4082
28056.3594
28056.3594
28056.5000
28056.4512
28056.4922
28056.5371
28056.6309
28056.2871
28056.6250
28056.5254
28056.8594
28056.9004
28056.7637
28056.8105
28056.7070
28056.6543
28056.7539
28056.7500
28056.7500
28056.5527
28056.6484
28056.7930
28056.5000
28056.8887
28057.2812
28057.2812
28057.6211
28057.4766
28057.7207
28057.8711
28057.7676
28057.7227
28057.8223
28057.8262
28057.7695
28057.9648
28058.0664
28058.4102
28058.2656
28058.3125
28058.3633
28058.1660
28058.3223
28058.4258
28058.3730
28058.5664
28058.4727
28058.5215
28058.7246
28058.6348
28058.6426
28058.7461
28058.6016
28058.6523
28058.6562
28058.6113
28058.6680
28058.7715
28058.8711
28059.0195
28059.1191
28059.1699
28059.0703
28059.0742
28058.9258
28058.8203
28058.4766
28058.3809
28058.1367
28058.0312
28057.7480
28057.7031
28057.5117
28057.5117
28057.4121
28057.4102
28057.3672
28057.3145
28057.5020
28057.6504
28057.7461
28057.8418
28057.8887
28057.9863
28058.1289
28058.2324
28058.3320
28058.4844
28058.7246
28058.7754
28058.9746
28059.2148
28059.3105
28059.3008
28059.4531
28059.3047
28059.3086
28059.2129
28059.2168
28059.2109
28059.2148
28059.2676
28059.3770
28059.2773
28059.2285
28059.3320
28059.4277
28059.3750
28059.4844
28059.3359
28059.3359
28059.3359
28059.4434
28059.4941
28059.4922
28059.5859
28059.4863
28059.5859
28059.6387
28059.6855
28059.6816
28059.6797
28059.5801
28059.4766
28059.3242
28059.2227
28059.1934
28059.2793
28059.2305
28059.1406
28059.0977
28059.0488
28058.9004
28058.8535
28058.6523
28058.7520
28058.6523
28058.6055
28058.5078
28058.4141
28058.3223
28058.1309
28057.9883
28057.7930
28057.7441
28057.7910
28058.0449
28058.0918
28058.0449
28058.0938
28058.1406
28058.1875
28058.1387
28057.9824
28058.0332
28058.0879
28057.9336
28058.0859
28057.9395
28058.0859
28058.1387
28058.0859
28057.9863
28057.8281
28057.7773
28057.7812
28057.6328
28057.5801
28057.6328
28057.5801
28057.5742
28057.4219
28057.3613
28057.3125
28057.1562
28057.1016
28056.9980
28056.7871
28056.5879
28056.3359
28056.1816
28056.0234
28056.0820
28056.0762
28056.2344
28056.0859
28056.3965
28056.2422
28056.3477
28056.3535
28056.5117
28056.7266
28056.7773
28056.8828
28057.0918
28057.0879
28057.2402
28057.1406
28057.1348
28057.0293
28057.2285
28057.3770
28057.7188
28057.9082
28058.0098
28058.5410
28058.4883
28058.8242
28058.9766
28059.1250
28058.9395
28058.6973
28058.3066
28058.0801
28057.6953
28057.8965
28057.8438
28058.0996
28058.1465
28057.8535
28058.0996
28057.9746
28058.3262
28058.5312
28058.7422
28058.8008
28059.0000
28059.3047
28059.3672
28059.2207
28059.3320
28059.4531
28059.3594
28059.3105
28059.5156
28059.5703
28059.6738
28059.6230
28060.0059
28060.1055
28059.9219
28059.8809
28060.0820
28059.9336
28059.9863
28059.8926
28059.8926
28059.7520
28059.8867
28059.8398
28059.9395
28059.6660
28059.7500
28060.0605
28059.9902
28060.3496
28060.1387
28060.3340
28060.3906
28060.3848
28060.3809
28060.1738
28060.2754
28060.0859
28059.8438
28059.5977
28059.3613
28059.2148
28058.6875
28058.9102
28058.9102
28058.9043
28058.5566
28058.6992
28058.2812
28058.2695
28058.1172
28058.2109
28058.0996
28058.0625
28057.7832
28057.8477
28057.2188
28057.2363
28057.2363
28056.9824
28056.9883
28056.9355
28057.1465
28057.0527
28057.0586
28056.6523
28056.8574
28056.7363
28056.8574
28056.7637
28056.8164
28056.5059
28056.8008
28056.6523
28056.7070
28056.8125
28056.7656
28056.8242
28056.6992
28056.6133
28056.5586
28056.5586
28056.6992
28056.6055
28056.8066
28056.8066
28056.7539
28056.7539
28056.7930
28056.8008
28056.6758
28056.6523
28056.5996
28056.5469
28056.6719
28056.4062
28056.7598
28056.3594
28056.4180
28056.3535
28056.2715
28056.5781
28056.3945
28056.4941
28056.3496
28056.4902
28056.5371
28056.4434
28056.4492
28056.3438
28056.6973
28056.7910
28056.5781
28056.7305
28056.3535
28056.6602
28056.6602
28056.5352
28056.4941
28056.5352
28056.5215
28056.7969
28056.6914
28056.6660
28056.8125
28056.7539
28056.7461
28056.5723
28056.8203
28056.6211
28056.6074
28056.6426
28056.4766
28056.3340
28056.1738
28056.1465
28056.0684
28056.2871
28056.2266
28056.6211
28056.3750
28056.3438
28056.5254
28056.4258
28056.4121
28056.3984
28056.4863
28056.2930
28056.4395
28056.3652
28056.6270
28056.4648
28056.3184
28056.5117
28056.2246
28056.1582
28056.3633
28056.4570
28056.3691
28056.4160
28055.8965
28055.9902
28056.2207
28056.3770
28056.1289
28056.2617
28055.9688
28056.3535
28056.1191
28056.0547
28056.1602
28056.1602
28056.3594
28056.2578
28056.4121
28056.4590
28056.4648
28056.7168
28056.5098
28056.6094
28056.6562
28056.5840
28057.3359
28056.8164
28057.0605
28057.2148
28057.1133
28057.3535
28057.2148
28057.5527
28057.4727
28057.5117
28057.6660
28057.8125
28057.8594
28058.3574
28058.1113
28058.3516
28058.4434
28058.5957
28058.7500
28058.7422
28058.9355
28059.0352
28059.2871
28059.2930
28059.2930
28059.3848
28059.3008
28059.2461
28059.5000
28059.6055
28059.9668
28059.7441
28059.9121
28059.9512
28059.9434
28059.9961
28060.1367
28060.0820
28060.1348
28060.2812
28060.4824
28060.4805
28060.5352
28060.5000
28060.7715
28060.7793
28060.8242
28061.0254
28061.0703
28061.3242
28061.3711
28061.6777
28061.8613
28062.1309
28062.3750
28062.5762
28062.0605
28062.1992
28062.5312
28062.3457
28062.6367
28062.6973
28062.8438
28062.9434
28063.1426
28063.3418
28063.4961
28063.5957
28064.0488
28064.1016
28064.0938
28064.4863
28064.5547
28064.5938
28064.5859
28064.7227
28064.8164
28064.6621
28065.0996
28064.9062
28065.0137
28065.1602
28065.3516
28065.3438
28065.5508
28065.4980
28065.5820
28065.6816
28066.0430
28066.1484
28066.4492
28066.7109
28066.5078
28067.0547
28067.2559
28067.1465
28067.3457
28067.1914
28067.3379
28067.3379
28067.4824
28067.5371
28067.4434
28067.5742
28067.9824
28067.8262
28067.9102
28068.1660
28068.4551
28068.6250
28068.6172
28068.5254
28068.7168
28068.7617
28068.7930
28068.7070
28068.6133
28068.8223
28069.1133
28069.2520
28069.3516
28069.1973
28069.3496
28069.4102
28069.4883
28069.9336
28069.6953
28070.0312
28069.8633
28069.8848
28069.9004
28069.8457
28069.9980
28070.0586
28070.0215
28070.2168
28070.4629
28070.5996
28070.6523
28070.8906
28070.7578
28070.7559
28070.9668
28071.0176
28071.3926
28071.2969
28071.3008
28071.6035
28071.7285
28071.8633
28072.0488
28071.9199
28072.0137
28071.9590
28072.0371
28072.1055
28071.8145
28071.9922
28071.7754
28072.1504
28071.7793
28071.8340
28072.0312
28071.8984
28071.8633
28072.0801
28072.1562
28072.4785
28072.5820
28072.6934
28072.6523
28072.7344
28072.9082
28073.0508
28072.9531
28073.1953
28073.4668
28073.7031
28073.9336
28074.1309
28074.3574
28074.5449
28074.7051
28074.8711
28075.0332
28075.1465
28075.2988
28075.3809
28075.4824
28075.5703
28075.6445
28075.7148
28075.7422
28075.8047
28075.7871
28075.8145
28075.8047
28075.7695
28075.7559
28075.6758
28075.6328
28075.5664
28075.4570
28075.3613
28075.2578
28075.1250
28074.9941
28074.8379
28074.6641
28074.6973
28074.7734
28074.8008
28074.7812
28074.7129
28075.1484
28075.1387
28075.4102
28075.2637
28075.3516
28075.2891
28075.0977
28075.2266
28075.0430
28075.0781
28074.5430
28074.8047
28074.7754
28074.5762
28074.6387
28074.3750
28074.3027
28074.6035
28074.5664
28074.6484
28074.5762
28074.8848
28075.0215
28074.8770
28075.0039
28074.8496
28075.2402
28075.0684
28075.1211
28075.2129
28074.9219
28074.9570
28074.9961
28074.8848
28074.7676
28074.9219
28074.7930
28074.7012
28074.7656
28074.9004
28074.6094
28074.8105
28074.5469
28074.6445
28074.7441
28074.4805
28074.8809
28074.3184
28074.7266
28074.6797
28074.6973
28074.6250
28074.7617
28074.6152
28074.6152
28074.7598
28074.6133
28074.7949
28074.7695
28074.7324
28074.9297
28074.9121
28075.2129
28075.2305
28075.3027
28074.8105
28075.1465
28075.0840
28075.2461
28075.3281
28075.4102
28075.2637
28075.4004
28075.3711
28075.3438
28075.4883
28075.6055
28075.6055
28075.5957
28075.5703
28075.5957
28075.6680
28075.6484
28075.5391
28075.5938
28075.4473
28075.5371
28075.5293
28075.5918
28075.3711
28075.2363
28075.3906
28075.5352
28075.5254
28075.4883
28075.4336
28075.6406
28075.3965
28075.3145
28075.4492
28075.1387
28075.4395
28074.7949
28074.9570
28074.8926
28074.7930
28074.7012
28074.6465
28074.6914
28074.5898
28074.4629
28074.3379
28073.9277
28074.0703
28073.9707
28073.7812
28073.9336
28074.0527
28073.9336
28073.9512
28073.9961
28073.8066
28073.7422
28073.6953
28073.5859
28073.4219
28073.3301
28073.7207
28073.5098
28073.5742
28073.3633
28073.3086
28073.3086
28073.4180
28073.2012
28072.6914
28072.6543
28072.5273
28072.3477
28072.0020
28071.8848
28071.5195
28071.4922
28071.2031
28071.1133
28070.7207
28070.7207
28070.7324
28070.6406
28070.6855
28070.4941
28070.3652
28070.2578
28070.0938
28070.1680
28069.9023
28069.6875
28069.6426
28069.5957
28069.2949
28069.3809
28069.1348
28068.9805
28069.0137
28068.7148
28068.6699
28068.6777
28068.5430
28068.5078
28068.5527
28068.3887
28068.4062
28068.2715
28068.3281
28068.2070
28068.1660
28068.0977
28068.0410
28068.0605
28067.9863
28068.0254
28067.8848
28067.7754
28067.7305
28067.8301
28067.4297
28067.7637
28067.3477
28067.4688
28067.4023
28067.1934
28067.2285
28067.2285
28067.0723
28066.9727
28066.7812
28066.9180
28066.8281
28066.7715
28066.6152
28066.5410
28066.7051
28066.6602
28066.5410
28066.6953
28066.5293
28066.8535
28066.8633
28066.9434
28067.0215
28067.1465
28067.1797
28067.0801
28066.8906
28067.0762
28066.8398
28066.7500
28066.5703
28066.6270
28066.0703
28066.0586
28066.4590
28066.0137
28065.9941
28066.1719
28066.4824
28066.3066
28066.5859
28066.5645
28066.6738
28066.7422
28066.7383
28066.6855
28066.3184
28066.7168
28066.5273
28066.2812
28066.3926
28066.4121
28066.2227
28066.1016
28065.9922
28066.1016
28066.1797
28065.9355
28065.8691
28065.8125
28065.7012
28065.7109
28065.3984
28065.4531
28065.5195
28065.5195
28065.3281
28065.4082
28065.5742
28065.6973
28065.5625
28065.4609
28065.7637
28065.7852
28065.8516
28065.6836
28065.6836
28065.9180
28066.0410
28066.1289
28066.0957
28066.1289
28066.0723
28065.9629
28066.2070
28066.0410
28066.0410
28066.0059
28066.0059
28065.9492
28066.0488
28066.0039
28065.8477
28065.9258
28065.7363
28066.0254
28066.0039
28066.1484
28065.9570
28066.0371
28066.1582
28066.2246
28066.3008
28066.0684
28066.2109
28066.2461
28066.2559
28066.0996
28066.0215
28065.6875
28065.4863
28064.9746
28064.7500
28064.5957
28064.6504
28064.8613
28064.6602
28064.7148
28064.7266
28064.7578
28064.8809
28064.9160
28064.8691
28064.8027
28064.8457
28064.4473
28064.7793
28064.5449
28064.6230
28064.7344
28064.6777
28064.6230
28064.6113
28064.5996
28064.4668
28064.7207
28064.8984
28064.8750
28064.8652
28064.9082
28064.8750
28064.8184
28064.6855
28064.5742
28064.6855
28064.6055
28064.4844
28064.3164
28064.3730
28064.4707
28064.3281
28064.4492
28064.2930
28064.3926
28064.4805
28064.3145
28064.2129
28064.4570
28064.2578
28064.4668
28064.2227
28064.4102
28064.2441
28064.3555
28064.1758
28064.3984
28064.2422
28064.3535
28064.1641
28064.2539
28064.0645
28064.1523
28064.0645
28064.0508
28063.9980
28063.9297
28064.0293
28063.9844
28064.0957
28063.9961
28063.9160
28063.9844
28064.0156
28063.9043
28063.7148
28063.5801
28063.3477
28063.3789
28063.2793
28063.1777
28062.9785
28062.9551
28062.6992
28062.8418
28062.8301
28062.7305
28062.5293
28062.7852
28062.7188
28062.6602
28062.7285
28062.6836
28062.6387
28062.6797
28062.6934
28063.0059
28062.8926
28063.0039
28062.9492
28063.0703
28063.1699
28062.8262
