    0.7636
    0.7413
    0.7188
    0.6959
    0.6783
    0.6594
    0.6477
    0.6373
    0.6260
    0.6124
    0.5979
    0.5854
    0.5727
    0.5616
    0.5398
    0.5235
    0.5053
    0.4931
    0.4875
    0.4731
    0.4656
    0.4571
    0.4409
    0.4319
    0.4234
    0.4083
    0.3992
    0.3834
    0.3685
    0.3528
    0.3363
    0.3372
    0.3433
    0.3439
    0.3456
    0.3491
    0.3459
    0.3417
    0.3213
    0.2992
    0.2686
    0.2343
    0.1953
    0.1479
    0.1028
    0.0540
    0.0054
   -0.0399
   -0.0797
   -0.1231
   -0.1604
   -0.1982
   -0.2399
   -0.2836
   -0.3215
   -0.3600
   -0.3968
   -0.4291
   -0.4613
   -0.4926
   -0.5156
   -0.5423
   -0.5713
   -0.6034
   -0.6452
   -0.6875
   -0.7281
   -0.7772
   -0.8239
   -0.8710
   -0.9189
   -0.9599
   -1.0055
   -1.0481
   -1.0851
   -1.1140
   -1.1427
   -1.1705
   -1.2059
   -1.2395
   -1.2707
   -1.3063
   -1.3394
   -1.3678
   -1.4039
   -1.4371
   -1.4598
   -1.4868
   -1.5053
   -1.5218
   -1.5425
   -1.5702
   -1.6028
   -1.6354
   -1.6657
   -1.7008
   -1.7390
   -1.7741
   -1.8111
   -1.8426
   -1.8757
   -1.9019
   -1.9296
   -1.9586
   -1.9767
   -1.9982
   -2.0144
   -2.0293
   -2.0447
   -2.0589
   -2.0766
   -2.0916
   -2.1102
   -2.1275
   -2.1499
   -2.1817
   -2.2067
   -2.2348
   -2.2648
   -2.2906
   -2.3145
   -2.3425
   -2.3667
   -2.3815
   -2.3997
   -2.4100
   -2.4216
   -2.4386
   -2.4537
   -2.4697
   -2.4910
   -2.5131
   -2.5323
   -2.5538
   -2.5802
   -2.6050
   -2.6325
   -2.6617
   -2.6918
   -2.7129
   -2.7345
   -2.7645
   -2.7887
   -2.8081
   -2.8409
   -2.8626
   -2.8840
   -2.9139
   -2.9471
   -2.9805
   -3.0087
   -3.0412
   -3.0636
   -3.0860
   -3.1035
   -3.1250
   -3.1352
   -3.1466
   -3.1581
   -3.1639
   -3.1689
   -3.1696
   -3.1718
   -3.1705
   -3.1633
   -3.1631
   -3.1526
   -3.1488
   -3.1388
   -3.1314
   -3.1275
   -3.1214
   -3.1172
   -3.1163
   -3.1122
   -3.1057
   -3.0968
   -3.0898
   -3.0829
   -3.0729
   -3.0656
   -3.0595
   -3.0521
   -3.0446
   -3.0451
   -3.0453
   -3.0444
   -3.0474
   -3.0519
   -3.0582
   -3.0654
   -3.0714
   -3.0684
   -3.0719
   -3.0783
   -3.0789
   -3.0721
   -3.0666
   -3.0500
   -3.0306
   -3.0100
   -2.9954
   -2.9669
   -2.9471
   -2.9296
   -2.9016
   -2.8834
   -2.8749
   -2.8579
   -2.8410
   -2.8262
   -2.8178
   -2.7997
   -2.7863
   -2.7774
   -2.7786
   -2.7754
   -2.7780
   -2.7789
   -2.7838
   -2.7863
   -2.7912
   -2.7956
   -2.8097
   -2.8212
   -2.8358
   -2.8474
   -2.8615
   -2.8687
   -2.8857
   -2.9018
   -2.9174
   -2.9305
   -2.9440
   -2.9502
   -2.9570
   -2.9638
   -2.9681
   -2.9703
   -2.9702
   -2.9778
   -2.9867
   -2.9918
   -2.9989
   -3.0080
   -3.0033
   -2.9993
   -2.9867
   -2.9657
   -2.9477
   -2.9282
   -2.9142
   -2.8917
   -2.8780
   -2.8671
   -2.8485
   -2.8376
   -2.8371
   -2.8363
   -2.8475
   -2.8613
   -2.8884
   -2.9155
   -2.9386
   -2.9608
   -2.9864
   -3.0102
   -3.0300
   -3.0473
   -3.0716
   -3.0905
   -3.1078
   -3.1243
   -3.1450
   -3.1627
   -3.1791
   -3.1877
   -3.1953
   -3.2036
   -3.2087
   -3.2087
   -3.2158
   -3.2218
   -3.2271
   -3.2214
   -3.2234
   -3.2256
   -3.2260
   -3.2307
   -3.2407
   -3.2525
   -3.2640
   -3.2681
   -3.2796
   -3.2877
   -3.2997
   -3.3120
   -3.3210
   -3.3254
   -3.3363
   -3.3477
   -3.3524
   -3.3543
   -3.3642
   -3.3783
   -3.3896
   -3.4140
   -3.4356
   -3.4662
   -3.5000
   -3.5222
   -3.5383
   -3.5484
   -3.5622
   -3.5727
   -3.5823
   -3.5898
   -3.5919
   -3.5928
   -3.5921
   -3.5966
   -3.5991
   -3.6008
   -3.5957
   -3.5906
   -3.5831
   -3.5680
   -3.5528
   -3.5313
   -3.5109
   -3.4847
   -3.4598
   -3.4361
   -3.4077
   -3.3767
   -3.3417
   -3.3000
   -3.2632
   -3.2228
   -3.1836
   -3.1441
   -3.1088
   -3.0693
   -3.0274
   -2.9896
   -2.9573
   -2.9216
   -2.8896
   -2.8590
   -2.8239
   -2.7889
   -2.7493
   -2.7099
   -2.6777
   -2.6371
   -2.6071
   -2.5707
   -2.5362
   -2.4987
   -2.4646
   -2.4268
   -2.3959
   -2.3679
   -2.3412
   -2.3164
   -2.2844
   -2.2587
   -2.2313
   -2.2007
   -2.1745
   -2.1462
   -2.1174
   -2.0931
   -2.0718
   -2.0470
   -2.0227
   -1.9973
   -1.9735
   -1.9536
   -1.9370
   -1.9194
   -1.8993
   -1.8753
   -1.8454
   -1.8240
   -1.8106
   -1.8012
   -1.7985
   -1.7953
   -1.7999
   -1.8031
   -1.8114
   -1.8221
   -1.8340
   -1.8522
   -1.8701
   -1.8958
   -1.9246
   -1.9541
   -1.9832
   -2.0132
   -2.0458
   -2.0795
   -2.1167
   -2.1526
   -2.1877
   -2.2186
   -2.2453
   -2.2654
   -2.2848
   -2.3019
   -2.3105
   -2.3122
   -2.3091
   -2.3033
   -2.2984
   -2.2879
   -2.2823
   -2.2713
   -2.2616
   -2.2536
   -2.2477
   -2.2357
   -2.2217
   -2.2045
   -2.1853
   -2.1662
   -2.1442
   -2.1214
   -2.1019
   -2.0807
   -2.0619
   -2.0494
   -2.0353
   -2.0225
   -2.0117
   -2.0000
   -1.9886
   -1.9799
   -1.9700
   -1.9588
   -1.9464
   -1.9335
   -1.9241
   -1.9158
   -1.9037
   -1.8873
   -1.8699
   -1.8540
   -1.8361
   -1.8197
   -1.8037
   -1.7872
   -1.7675
   -1.7495
   -1.7293
   -1.7096
   -1.6861
   -1.6633
   -1.6389
   -1.6186
   -1.5991
   -1.5756
   -1.5502
   -1.5199
   -1.4925
   -1.4631
   -1.4371
   -1.4147
   -1.3919
   -1.3691
   -1.3516
   -1.3407
   -1.3351
   -1.3333
   -1.3331
   -1.3342
   -1.3331
   -1.3312
   -1.3317
   -1.3315
   -1.3253
   -1.3190
   -1.3137
   -1.3091
   -1.3049
   -1.3014
   -1.2977
   -1.2956
   -1.2952
   -1.2931
   -1.2910
   -1.2889
   -1.2847
   -1.2819
   -1.2784
   -1.2762
   -1.2737
   -1.2723
   -1.2670
   -1.2603
   -1.2500
   -1.2424
   -1.2293
   -1.2184
   -1.2058
   -1.1913
   -1.1783
   -1.1657
   -1.1524
   -1.1423
   -1.1291
   -1.1179
   -1.1063
   -1.0961
   -1.0842
   -1.0726
   -1.0575
   -1.0437
   -1.0276
   -1.0155
   -0.9964
   -0.9803
   -0.9607
   -0.9455
   -0.9273
   -0.9086
   -0.8944
   -0.8696
   -0.8563
   -0.8369
   -0.8225
   -0.8113
   -0.7930
   -0.7816
   -0.7669
   -0.7487
   -0.7328
   -0.7159
   -0.6998
   -0.6849
   -0.6706
   -0.6592
   -0.6494
   -0.6379
   -0.6307
   -0.6204
   -0.6127
   -0.5996
   -0.5842
   -0.5674
   -0.5527
   -0.5375
   -0.5211
   -0.5057
   -0.4891
   -0.4703
   -0.4492
   -0.4308
   -0.4099
   -0.3922
   -0.3721
   -0.3552
   -0.3359
   -0.3237
   -0.3045
   -0.2886
   -0.2758
   -0.2604
   -0.2443
   -0.2270
   -0.2079
   -0.1951
   -0.1750
   -0.1596
   -0.1386
   -0.1205
   -0.0990
   -0.0818
   -0.0646
   -0.0478
   -0.0278
   -0.0147
    0.0060
    0.0204
    0.0381
    0.0537
    0.0707
    0.0918
    0.1041
    0.1313
    0.1500
    0.1757
    0.2027
    0.2232
    0.2502
    0.2747
    0.2949
    0.3177
    0.3374
    0.3574
    0.3807
    0.4049
    0.4273
    0.4536
    0.4790
    0.5074
    0.5328
    0.5589
    0.5786
    0.5996
    0.6189
    0.6391
    0.6626
    0.6823
    0.7025
    0.7241
    0.7435
    0.7629
    0.7820
    0.7985
    0.8121
    0.8241
    0.8354
    0.8460
    0.8601
    0.8695
    0.8843
    0.8983
    0.9101
    0.9195
    0.9293
    0.9396
    0.9515
    0.9611
    0.9742
    0.9831
    0.9944
    1.0065
    1.0167
    1.0249
    1.0312
    1.0418
    1.0528
    1.0582
    1.0640
    1.0684
    1.0743
    1.0782
    1.0831
    1.0900
    1.0949
    1.1017
    1.1108
    1.1228
    1.1379
    1.1489
    1.1572
    1.1647
    1.1734
    1.1795
    1.1860
    1.1905
    1.1961
    1.2067
    1.2145
    1.2227
    1.2309
    1.2340
    1.2382
    1.2462
    1.2526
    1.2605
    1.2699
    1.2825
    1.2982
    1.3135
    1.3234
    1.3342
    1.3467
    1.3624
    1.3722
    1.3907
    1.4076
    1.4290
    1.4543
    1.4747
    1.4985
    1.5189
    1.5422
    1.5662
    1.5885
    1.6133
    1.6415
    1.6691
    1.7007
    1.7307
    1.7578
    1.7880
    1.8116
    1.8404
    1.8737
    1.9051
    1.9316
    1.9647
    1.9955
    2.0282
    2.0676
    2.1024
    2.1416
    2.1754
    2.2106
    2.2416
    2.2740
    2.2980
    2.3183
    2.3382
    2.3610
    2.3857
    2.4199
    2.4506
    2.4879
    2.5201
    2.5567
    2.5856
    2.6125
    2.6361
    2.6594
    2.6896
    2.7268
    2.7646
    2.7945
    2.8337
    2.8698
    2.9052
    2.9354
    2.9720
    3.0074
    3.0503
    3.0944
    3.1376
    3.1764
    3.2261
    3.2688
    3.3110
    3.3524
    3.3885
    3.4317
    3.4755
    3.5188
    3.5614
    3.6106
    3.6636
    3.7132
    3.7603
    3.8133
    3.8597
    3.9133
    3.9639
    4.0200
    4.0836
    4.1445
    4.2015
    4.2566
    4.3157
    4.3737
    4.4348
    4.4963
    4.5486
    4.6101
    4.6721
    4.7444
    4.8143
    4.8936
    4.9755
    5.0583
    5.1465
    5.2293
    5.3158
    5.3990
    5.4668
    5.5331
    5.5996
    5.6739
    5.7480
    5.8229
    5.8981
    5.9796
    6.0597
    6.1337
    6.2039
    6.2774
    6.3547
    6.4247
    6.4961
    6.5668
    6.6377
    6.7054
    6.7765
    6.8448
    6.9095
    6.9687
    7.0371
    7.0999
    7.1656
    7.2341
    7.3043
    7.3742
    7.4390
    7.4958
    7.5490
    7.6025
    7.6364
    7.6786
    7.7160
    7.7578
    7.7925
    7.8290
    7.8575
    7.8973
    7.9351
    7.9655
    8.0015
    8.0358
    8.0735
    8.1068
    8.1404
    8.1733
    8.2057
    8.2385
    8.2633
    8.2762
    8.2828
    8.2910
    8.2912
    8.2924
    8.2901
    8.2861
    8.2861
    8.2784
    8.2718
    8.2735
    8.2772
    8.2790
    8.2720
    8.2656
    8.2596
    8.2512
    8.2378
    8.2182
    8.2021
    8.1802
    8.1537
    8.1269
    8.0955
    8.0589
    8.0247
    7.9854
    7.9389
    7.8922
    7.8423
    7.7932
    7.7467
    7.6922
    7.6411
    7.5911
    7.5375
    7.4821
    7.4210
    7.3711
    7.3200
    7.2737
    7.2299
    7.1954
    7.1456
    7.0941
    7.0413
    6.9831
    6.9213
    6.8671
    6.7957
    6.7136
    6.6456
    6.5629
    6.4875
    6.4136
    6.3337
    6.2536
    6.1708
    6.0872
    6.0159
    5.9374
    5.8550
    5.7752
    5.6994
    5.6256
    5.5431
    5.4621
    5.3802
    5.2966
    5.2060
    5.1203
    5.0378
    4.9577
    4.8686
    4.7875
    4.7005
    4.6113
    4.5240
    4.4345
    4.3501
    4.2631
    4.1834
    4.1023
    4.0280
    3.9536
    3.8864
    3.8184
    3.7547
    3.6977
    3.6367
    3.5702
    3.5041
    3.4390
    3.3751
    3.3138
    3.2447
    3.1742
    3.1000
    3.0327
    2.9552
    2.8778
    2.7950
    2.7101
    2.6286
    2.5479
    2.4786
    2.3982
    2.3327
    2.2672
    2.1986
    2.1410
    2.0871
    2.0237
    1.9710
    1.9131
    1.8487
    1.7930
    1.7345
    1.6802
    1.6270
    1.5650
    1.5059
    1.4591
    1.4093
    1.3519
    1.2915
    1.2352
    1.1773
    1.1215
    1.0668
    1.0238
    0.9760
    0.9212
    0.8634
    0.8185
    0.7695
    0.7204
    0.6787
    0.6348
    0.5960
    0.5564
    0.5176
    0.4762
    0.4415
    0.4008
    0.3596
    0.3206
    0.2773
    0.2315
    0.1797
    0.1326
    0.0876
    0.0490
    0.0098
   -0.0245
   -0.0579
   -0.0857
   -0.1064
   -0.1229
   -0.1314
   -0.1383
   -0.1409
   -0.1317
   -0.1241
   -0.1223
   -0.1092
   -0.1037
   -0.0804
   -0.0620
   -0.0386
   -0.0160
    0.0106
    0.0401
    0.0671
    0.0944
    0.1233
    0.1572
    0.1974
    0.2337
    0.2743
    0.3222
    0.3697
    0.4206
    0.4746
    0.5277
    0.5836
    0.6504
    0.7127
    0.7853
    0.8688
    0.9518
    1.0365
    1.1191
    1.2050
    1.2943
    1.3729
    1.4474
    1.5214
    1.5988
    1.6851
    1.7775
    1.8756
    1.9646
    2.0490
    2.1303
    2.2202
    2.3153
    2.4162
    2.5205
    2.6247
    2.7380
    2.8472
    2.9716
    3.0816
    3.1922
    3.2961
    3.3985
    3.4959
    3.5850
    3.6731
    3.7514
    3.8274
    3.9051
    3.9763
    4.0497
    4.1266
    4.1933
    4.2567
    4.3096
    4.3631
    4.4175
    4.4722
    4.5198
    4.5705
    4.6232
    4.6729
    4.7240
    4.7769
    4.8281
    4.8893
    4.9489
    4.9989
    5.0617
    5.1264
    5.1856
    5.2392
    5.2819
    5.3146
    5.3516
    5.3806
    5.4024
    5.4161
    5.4296
    5.4499
    5.4679
    5.4891
    5.5145
    5.5478
    5.5762
    5.6033
    5.6195
    5.6277
    5.6359
    5.6489
    5.6722
    5.6960
    5.7126
    5.7172
    5.7223
    5.7276
    5.7333
    5.7272
    5.7257
    5.7145
    5.7066
    5.7012
    5.7008
    5.6987
    5.6992
    5.7012
    5.6988
    5.6997
    5.7000
    5.6978
    5.6953
    5.6879
    5.6795
    5.6740
    5.6767
    5.6857
    5.6918
    5.6945
    5.6982
    5.7048
    5.7100
    5.7145
    5.7194
    5.7172
    5.7124
    5.7026
    5.6900
    5.6750
    5.6636
    5.6385
    5.6126
    5.5846
    5.5678
    5.5525
    5.5316
    5.5141
    5.4914
    5.4673
    5.4500
    5.4267
    5.3916
    5.3616
    5.3213
    5.2866
    5.2421
    5.2076
    5.1619
    5.1208
    5.0739
    5.0267
    4.9753
    4.9265
    4.8787
    4.8282
    4.7932
    4.7446
    4.7025
    4.6592
    4.6236
    4.5869
    4.5549
    4.5215
    4.4869
    4.4494
    4.4080
    4.3728
    4.3492
    4.3225
    4.2994
    4.2810
    4.2652
    4.2402
    4.2219
    4.2048
    4.1897
    4.1728
    4.1480
    4.1239
    4.1004
    4.0754
    4.0507
    4.0220
    3.9886
    3.9572
    3.9311
    3.9016
    3.8708
    3.8302
    3.7924
    3.7462
    3.6972
    3.6485
    3.6071
    3.5568
    3.5189
    3.4827
    3.4430
    3.4103
    3.3688
    3.3250
    3.2841
    3.2483
    3.2090
    3.1745
    3.1338
    3.1039
    3.0714
    3.0435
    3.0174
    2.9978
    2.9763
    2.9685
    2.9497
    2.9314
    2.9168
    2.8942
    2.8784
    2.8532
    2.8356
    2.8135
    2.7898
    2.7523
    2.7250
    2.6971
    2.6671
    2.6400
    2.6074
    2.5701
    2.5390
    2.5019
    2.4656
    2.4302
    2.4026
    2.3712
    2.3463
    2.3233
    2.2980
    2.2759
    2.2531
    2.2303
    2.2102
    2.1858
    2.1654
    2.1475
    2.1309
    2.1141
    2.1030
    2.0904
    2.0856
    2.0755
    2.0711
    2.0751
    2.0784
    2.0793
    2.0847
    2.0851
    2.0929
    2.0987
    2.1077
    2.1205
    2.1370
    2.1559
    2.1798
    2.2003
    2.2238
    2.2533
    2.2820
    2.3087
    2.3356
    2.3610
    2.3878
    2.4090
    2.4238
    2.4439
    2.4603
    2.4809
    2.5010
    2.5133
    2.5360
    2.5516
    2.5703
    2.5852
    2.6127
    2.6308
    2.6488
    2.6610
    2.6814
    2.6974
    2.7143
    2.7305
    2.7482
    2.7634
    2.7739
    2.7847
    2.7967
    2.8067
    2.8150
    2.8214
    2.8273
    2.8341
    2.8420
    2.8474
    2.8594
    2.8648
    2.8719
    2.8769
    2.8795
    2.8821
    2.8835
    2.8796
    2.8760
    2.8712
    2.8597
    2.8487
    2.8372
    2.8270
    2.8135
    2.7959
    2.7779
    2.7478
    2.7193
    2.6929
    2.6672
    2.6391
    2.6111
    2.5782
    2.5409
    2.5000
    2.4591
    2.4212
    2.3771
    2.3345
    2.2944
    2.2538
    2.2145
    2.1753
    2.1295
    2.0887
    2.0521
    2.0124
    1.9734
    1.9412
    1.9156
    1.8937
    1.8718
    1.8477
    1.8344
    1.8066
    1.7904
    1.7696
    1.7444
    1.7172
    1.6893
    1.6642
    1.6384
    1.6109
    1.5802
    1.5516
    1.5267
    1.4994
    1.4706
    1.4423
    1.4086
    1.3774
    1.3427
    1.3104
    1.2757
    1.2494
    1.2177
    1.1853
    1.1595
    1.1331
    1.1086
    1.0912
    1.0749
    1.0587
    1.0441
    1.0360
    1.0240
    1.0147
    1.0112
    1.0084
    1.0028
    0.9954
    0.9877
    0.9841
    0.9832
    0.9771
    0.9758
    0.9728
    0.9692
    0.9668
    0.9594
    0.9542
    0.9506
    0.9433
    0.9414
    0.9380
    0.9346
    0.9349
    0.9276
    0.9243
    0.9095
    0.8943
    0.8731
    0.8518
    0.8281
    0.8026
    0.7831
    0.7558
    0.7358
    0.7159
    0.7080
    0.7017
    0.7005
    0.7045
    0.7110
    0.7220
    0.7261
    0.7313
    0.7358
    0.7411
    0.7398
    0.7467
    0.7431
    0.7476
    0.7492
    0.7533
    0.7479
    0.7441
    0.7467
    0.7419
    0.7359
    0.7315
    0.7161
