28012.0938
28012.1152
28012.3457
28012.2461
28012.4531
28012.1953
28012.0762
28011.8438
28012.1270
28011.7949
28011.4590
28011.3984
28011.3867
28011.7324
28011.3203
28011.7383
28011.6797
28011.7656
28012.0996
28011.9062
28012.0020
28011.8887
28011.5742
28011.6172
28011.3379
28011.2812
28011.0605
28011.0234
28010.8242
28010.6289
28010.6055
28010.4277
28010.2734
28010.4160
28010.2129
28009.7383
28009.7793
28009.4844
28009.4473
28009.2930
28009.6133
28009.8945
28009.5801
28009.6191
28009.4609
28009.3066
28009.3027
28008.9863
28008.9863
28008.6875
28008.8887
28008.0957
28007.9570
28007.5605
28007.1406
28006.5918
28006.6719
28006.2168
28006.2988
28006.6211
28006.5234
28006.0430
28005.8027
28005.9629
28005.6855
28005.2676
28005.4102
28005.0723
28004.9160
28004.6426
28004.6094
28004.5723
28004.2988
28004.0840
28004.2031
28003.4434
28003.3672
28003.4258
28002.7676
28002.3457
28001.6270
28000.9277
28000.4863
28000.1641
28000.1445
27999.8418
27999.3438
27999.6445
27999.4238
27998.7461
27998.3672
27997.6914
27997.7148
27997.5176
27997.3594
27997.3613
27997.0449
27996.8262
27996.5859
27996.4453
27996.6836
27996.3047
27995.8652
27995.5234
27995.1621
27994.8984
27994.9375
27994.7754
27994.4961
27994.7754
27994.5957
27994.2754
27994.4141
27994.2559
27993.8555
27993.6953
27993.9336
27993.5547
27993.8125
27994.1113
27993.8105
27993.8320
27993.1914
27993.2715
27993.0293
27992.7109
27992.4277
27992.2090
27991.9277
27991.7871
27991.8086
27991.8477
27991.7266
27991.8066
27992.0449
27991.8652
27991.9258
27992.1035
27991.6035
27991.9414
27991.8008
27991.8809
27992.0215
27992.1797
27991.9199
27992.2988
27992.3184
27991.8789
27992.2969
27992.2363
27992.0156
27991.9551
27992.0156
27991.5957
27991.2734
27990.7734
27990.5938
27990.9141
27990.4141
27990.2129
27990.5117
27990.5117
27991.3750
27991.3145
27991.8945
27991.7148
27991.2148
27991.2344
27991.6543
27991.8535
27992.2344
27992.4160
27992.4961
27992.4766
27992.8574
27993.2578
27993.8379
27995.2637
27995.6035
27996.0254
27996.3281
27996.7285
27996.6680
27996.4062
27996.5273
27996.7285
27999.4746
27999.8555
28000.0781
27999.7168
27999.7988
28000.4023
28000.5625
28001.0859
28001.3301
28001.5098
28002.1152
28003.9629
28002.6387
28002.7188
28002.3184
28002.5625
28002.6270
28003.1504
28003.2949
28003.6777
28003.8184
28004.1016
28004.7227
28004.7227
28004.8398
28005.4590
28005.4355
28005.1367
28005.8184
28005.6582
28005.7383
28005.3164
28004.9355
28004.2930
28004.3750
28003.6348
28003.8965
28003.7773
28003.1523
28002.9141
28002.6348
28002.7148
28002.1543
28001.7324
28001.3730
28000.6895
28000.2891
27999.6875
27999.3672
27998.7656
27998.6621
27998.2402
27997.6973
27997.3359
27997.2344
27997.3535
27996.9922
27996.7285
27996.6074
27996.5078
27996.4883
27996.6660
27997.2109
27997.2109
27997.7949
27998.3340
27998.3574
27998.3965
27998.5371
27998.5391
27998.3809
27998.3203
27998.3203
27998.3242
27998.5254
27998.5488
27998.2090
27998.3281
27998.2676
27998.5879
27998.9316
27998.7910
27998.9551
27998.9355
27999.3809
27999.5684
27999.9746
28000.2676
28000.8066
28001.4219
28001.4043
28001.6543
28001.5977
28001.9375
28002.1719
28002.5957
28002.5840
28002.7090
28002.5117
28002.5703
28002.4062
28002.8262
28002.6836
28002.8789
28003.0527
28002.9688
28003.3262
28003.1270
28003.0508
28003.1133
28003.2285
28003.0859
28003.1289
28003.0449
28002.8438
28002.7441
28002.7441
28002.6602
28003.0801
28003.1797
28003.6191
28003.4902
28003.5332
28003.6152
28003.7285
28003.7871
28003.9316
28003.6875
28003.7930
28003.7695
28003.6934
28003.6562
28003.5801
28003.7637
28003.7266
28003.6875
28003.6602
28003.5879
28003.5645
28003.5410
28003.5801
28003.6992
28003.8184
28003.8750
28003.8516
28003.8086
28004.0898
28004.1914
28004.2676
28004.4473
28004.4668
28004.7109
28004.7070
28004.9238
28004.9824
28005.0625
28005.0000
28005.1191
28005.3203
28005.4824
28005.4824
28005.4277
28005.4902
28005.3906
28005.2676
28005.3672
28005.5039
28005.5039
28005.5234
28005.6230
28005.5430
28005.5625
28005.7051
28005.5879
28005.5879
28005.6504
28005.7520
28005.8145
28005.8770
28005.8594
28005.7773
28005.9023
28005.8027
28005.7031
28005.6855
28005.7852
28005.6621
28005.7988
28005.7422
28005.4805
28005.3438
28005.4004
28005.4375
28005.2949
28005.6133
28005.6133
28005.9395
28006.0645
28006.1094
28006.2090
28006.2480
28006.3398
28006.4961
28006.3086
28006.2090
28006.2090
28006.1523
28006.2988
28006.2441
28006.2246
28006.3066
28006.5684
28006.7070
28006.7090
28006.7090
28006.5879
28006.6719
28006.6914
28006.6992
28006.5801
28006.6504
28006.5156
28006.4395
28006.5078
28006.5000
28006.5117
28006.5293
28006.5371
28006.5469
28006.5469
28006.5391
28006.5020
28006.6777
28006.6328
28006.7148
28006.8145
28006.8340
28006.7715
28006.5332
28006.5703
28006.6074
28006.3906
28006.4824
28006.4824
28006.5391
28006.3379
28006.1934
28005.9473
28005.9395
28005.8320
28005.8594
28005.7148
28005.6133
28005.4785
28005.6426
28005.6621
28005.6055
28005.7324
28005.9141
28006.0430
28006.1875
28006.5156
28006.6973
28006.8164
28006.7344
28006.7695
28006.7695
28006.6348
28006.6172
28006.5449
28006.3906
28006.3535
28006.3457
28006.1914
28006.3105
28006.4277
28006.4199
28006.5215
28006.6660
28006.8125
28006.8945
28007.0410
28007.1055
28007.2520
28007.4609
28007.7617
28007.7363
28007.7461
28007.9023
28007.6855
28007.5039
28007.5488
28007.4512
28007.6074
28007.7344
28007.6816
28007.6191
28007.4746
28007.2559
28007.2578
28007.0664
28006.7949
28006.8770
28006.7148
28006.7969
28006.5449
28006.5176
28006.4531
28006.3086
28006.2168
28006.1875
28006.4980
28006.1699
28006.2031
28006.3047
28006.1934
28006.0664
28005.9219
28005.8633
28005.7910
28005.6797
28005.5332
28005.1699
28005.0703
28005.3809
28005.2988
28005.0703
28004.9531
28005.0527
28004.8066
28004.9727
28004.9727
28005.0723
28004.7441
28004.6348
28004.4941
28004.6836
28004.9473
28004.6914
28004.8086
28004.7441
28004.5215
28004.6934
28004.6816
28004.5352
28004.6523
28004.6699
28004.7344
28004.6875
28004.3887
28004.5527
28004.6992
28004.8477
28004.8574
28004.7129
28004.9863
28004.8516
28004.8164
28004.6641
28004.4590
28004.3594
28004.3887
28004.3828
28004.6953
28004.5820
28004.4648
28004.2832
28004.4004
28004.3828
28004.7129
28004.8477
28004.6484
28004.8965
28004.9785
28005.4258
28005.5742
28005.6211
28005.5684
28005.4336
28005.7285
28005.4473
28005.8594
28005.9414
28005.9590
28006.0137
28006.1836
28006.3906
28006.5254
28006.7422
28006.8066
28006.7539
28006.7871
28006.8691
28007.0156
28007.2812
28007.5645
28007.5469
28007.4004
28007.8125
28008.2266
28008.2910
28008.2109
28008.3281
28008.3750
28008.3906
28008.3379
28008.3867
28008.3516
28008.6836
28008.7656
28008.8672
28009.1328
28009.3320
28009.2520
28009.4336
28009.3828
28009.4805
28009.5273
28009.3770
28009.2910
28009.3691
28009.4824
28009.4023
28009.2715
28009.2422
28009.4082
28009.3438
28009.2305
28009.1484
28009.0664
28009.2148
28008.8848
28009.2324
28009.1680
28009.0527
28009.1348
28008.9707
28009.0195
28008.8047
28008.9902
28008.8242
28008.8066
28008.4434
28008.6094
28008.5801
28008.6797
28008.5977
28008.6152
28008.5332
28008.6172
28008.9668
28009.0664
28008.9844
28009.3984
28009.3320
28009.3184
28009.3203
28009.4023
28009.8359
28009.5059
28009.7715
28009.6895
28009.7246
28009.9395
28009.7910
28009.7578
28009.8223
28010.0898
28010.1562
28010.0918
28010.3418
28010.4258
28010.7402
28010.8594
28010.9590
28011.2090
28011.1934
28011.5273
28011.4453
28011.8262
28012.0605
28011.9785
28011.8945
28012.1133
28012.3789
28011.8984
28012.2988
28012.0664
28012.1172
28012.2832
28012.3828
28012.5508
28012.1680
28012.3203
28012.2715
28011.9395
28012.0566
28012.1406
28011.8770
28011.8438
28011.7266
28011.5781
28011.7617
28012.0430
28012.3945
28012.1133
28012.2812
28012.4648
28012.8477
28012.6328
28012.6328
28012.7012
28012.7012
28012.5840
28012.2695
28012.3535
28012.4043
28012.2559
28012.2617
28012.3398
28012.2910
28012.3574
28011.8418
28012.0918
28011.7617
28011.8613
28011.6270
28011.5781
28012.0117
28011.9297
28012.1641
28011.8164
28012.0996
28012.1836
28011.9844
28012.0840
28011.9355
28011.5020
28011.6855
28011.7559
28011.7031
28012.0547
28011.7383
28012.1738
28011.8750
28011.4727
28011.3418
28011.7246
28011.6094
28011.9102
28011.6934
28011.9941
28011.6953
28012.3125
28012.2461
28012.3828
28012.4336
28012.6836
28012.0996
28012.0020
28012.4180
28011.8516
28012.3027
28012.5039
28012.6211
28012.4395
28012.2715
28012.5254
28012.6602
28012.8926
28012.4590
28012.4941
28012.1094
28012.8301
28012.5293
28012.5625
28012.2617
28012.2441
28012.6309
28012.3457
28012.2480
28012.0645
28012.0938
28011.6621
28012.0645
28011.6816
28011.9316
28011.7832
28011.8984
28011.8340
28011.6348
28011.5820
28011.4492
28011.2148
28011.8672
28011.6504
28011.7852
28011.7852
28011.4512
28011.9707
28011.8867
28011.8535
28012.0898
28012.1914
28012.2266
28012.3613
28011.8594
28012.0312
28011.6777
28011.9277
28012.1133
28012.0781
28012.2148
28012.1973
28012.0469
28012.4004
28012.1172
28011.8496
28011.5898
28011.4512
28011.6543
28011.6035
28011.8750
28012.0039
28012.0742
28011.8418
28012.0781
28011.9102
28011.9961
28011.8438
28011.3613
28011.8281
28011.7461
28011.7109
28011.4746
28011.8594
28011.8809
28011.9297
28011.8457
28011.9648
28011.9512
28012.0195
28011.8164
28012.1250
28012.2246
28012.1582
28012.1113
28012.1953
28011.7910
28012.0137
28011.6934
28011.5781
28010.9902
28011.4590
28011.5273
28011.1602
28011.4609
28011.3770
28011.8301
28011.6992
28011.8984
28012.0527
28011.9531
28012.0215
28012.5391
28012.2871
28012.9258
28012.7207
28012.5215
28012.6016
28012.5000
28012.6855
28012.6660
28012.8145
28012.6465
28012.4434
28012.4590
28012.5078
28012.4766
28012.5391
28012.5879
28012.5508
28012.5684
28012.5527
28012.4316
28012.5781
28012.7266
28012.5430
28012.3223
28012.5234
28012.7441
28012.6230
28012.7383
28012.7871
28013.2559
28013.6406
28013.9043
28014.1562
28014.1055
28014.3516
28014.4297
28014.3984
28014.4727
28014.6133
28014.4570
28014.1953
28014.3945
28014.6641
28014.8633
28014.7109
28014.9434
28015.0273
28014.9648
28014.9902
28015.1289
28014.8066
28015.3281
28015.6758
28016.3887
28016.9648
28017.4180
28017.4023
28017.3203
28017.1758
28017.3066
28017.0391
28017.1074
28016.7637
28016.9785
28016.8105
28016.8477
28016.9258
28016.8633
28017.0488
28017.2871
28017.2812
28017.3340
28017.4023
28017.2344
28017.4336
28017.3594
28017.3438
28017.8672
28017.7891
28018.1211
28018.6895
28018.7598
28018.8555
28018.9062
28018.3535
28018.4902
28018.4062
28018.8301
28019.0996
28019.4766
28019.7539
28020.2148
28020.1465
28019.7930
28019.6543
28019.7090
28019.4570
28019.5723
28019.5039
28019.2715
28019.2715
28018.9180
28018.8887
28018.7188
28019.0137
28019.0137
28018.7207
28018.6133
28018.7285
28018.3594
28018.6973
28018.4590
28018.5137
28018.5039
28018.0664
28018.3359
28017.8672
28017.6738
28017.8984
28017.5586
28017.3184
28017.4746
28017.2812
28017.6348
28017.3809
28017.9219
28017.8652
28018.3359
28018.4062
28018.7598
28018.8047
28019.2441
28018.9219
28019.4609
28019.7402
28019.3398
28019.6953
28019.8965
28020.1055
28020.6992
28020.7090
28021.0801
28021.4746
28021.9688
28021.9082
28022.2109
28021.9941
28021.8652
28022.0664
28021.9805
28021.7676
28021.5684
28021.2285
28021.3281
28021.3281
28021.1895
28021.2598
28021.0449
28021.2168
28021.0605
28021.2168
28021.0879
28021.4727
28021.8984
28022.0703
28022.1699
28022.2852
28022.7793
28022.5957
28022.9434
28023.1816
28023.6641
28023.8105
28024.5312
28024.8320
28024.9863
28025.2734
28025.3145
28025.2148
28025.4160
28025.2715
28025.4434
28025.2871
28025.1895
28024.5801
28025.0762
28025.0664
28024.5254
28024.2715
28024.5391
28024.8535
28024.5391
28023.7734
28024.0293
28024.3848
28024.5840
28024.5977
28024.3828
28024.4121
28024.2266
28024.1973
28024.2285
28024.3262
28024.0449
28023.9453
28023.8047
28024.2910
28023.8652
28023.8105
28023.7812
28023.6855
28023.4297
28023.1152
28023.0586
28022.6914
28022.0957
28022.4668
28022.6680
28022.1855
28022.2148
28022.3145
28022.4004
28022.6875
28022.5879
28023.1992
28022.4434
28022.5898
28022.3320
28023.0742
28023.1328
28023.4609
28023.2480
28023.3320
28023.2441
28022.8066
28022.5508
28022.5215
28022.4785
28022.4375
28022.2090
28022.2539
28022.3398
28022.9375
28022.9531
28023.1250
28022.9531
28023.2812
28023.1660
28022.8691
28023.1973
28023.4121
28023.6836
28023.7988
28023.6133
28024.0137
28023.9434
28024.5703
28024.8711
28024.8711
28024.8008
28024.4453
28024.8730
28024.7461
28024.7617
28024.4629
28024.8477
28025.0059
28024.9062
28024.8516
28025.1230
28024.9238
28024.8809
28024.9395
28025.2246
28025.6250
28025.8828
28025.6562
28025.3691
28025.1152
28024.8848
28024.4297
28024.3867
28024.4434
28024.0586
28023.6582
28023.7734
28023.5449
28023.4609
28023.5898
28023.4043
28023.3340
28022.8906
28022.9473
28022.8633
28023.0195
28023.1191
28023.1621
28022.3477
28022.7188
28022.4336
28023.3086
28023.5117
28024.0371
28023.9531
28024.5117
28024.2402
28023.6992
28023.2129
28022.7695
28022.8848
28022.6855
28023.0000
28022.9004
28022.4004
28022.2012
28022.1152
28021.8301
28022.4590
28022.4316
28022.3027
28022.0879
28021.6875
28022.1309
28022.2031
28022.0312
28022.1484
28022.7656
28022.6953
28023.0098
28022.7383
28023.1543
28023.1406
28023.2129
28022.8125
28022.8555
28022.1836
28022.2559
28022.3281
28021.6992
28021.4688
28020.9121
28020.8691
28020.7285
28020.6602
28020.8457
28020.9902
28020.3457
28019.4277
28019.6719
28019.8594
28019.6445
28020.2070
28020.9551
28021.5176
28021.3184
28021.8496
28021.1875
28020.0273
28018.9219
28019.1953
28019.7539
28020.4844
28020.3574
28020.4434
28020.8750
28020.6035
28021.2207
28020.9648
28020.2012
28019.7578
28019.4414
28018.4062
28018.0039
28018.0039
28018.9395
28018.4219
28019.4297
28020.5527
28020.2246
28020.3242
28020.6875
28021.3105
28022.6211
28022.5801
28022.5840
28022.6133
28022.7227
28022.8477
28022.4473
28023.1719
28023.0898
28023.0723
28022.8594
28022.9922
28023.3066
28022.9082
28022.8906
28022.8828
28023.0293
28022.6836
28023.0625
28023.1367
28023.3750
28023.4492
28023.6953
28023.6562
28023.0840
28021.9082
28020.9902
28021.2500
28023.0547
28026.5742
28028.6641
28030.0215
28030.1426
28029.2520
28028.5488
28027.5527
28026.7949
28026.2031
28025.0547
28024.4355
28023.4707
28022.9004
28023.0742
28022.7754
28022.9688
28023.1641
28023.2773
28022.7930
28022.8477
28022.2891
28021.8984
28021.9863
28021.4551
28021.4824
28021.1562
28020.7969
28020.8379
28020.8125
28020.9160
28020.7031
28020.3574
28020.0723
28019.6738
28019.6875
28019.7363
28019.9238
28019.0781
28018.8066
28018.7402
28018.1680
28018.2695
28017.6719
28017.5391
28017.4395
28017.3145
28017.9629
28018.7441
28019.3398
28019.9082
28019.3301
28019.1699
28018.8379
28018.4062
28018.4473
28017.9121
28017.6211
28017.4160
28017.1230
28016.6445
28016.4648
28016.1172
28016.3672
28016.0078
28016.3301
28016.5039
28015.7715
28014.9980
28014.6914
28014.2754
28014.2070
28013.9629
28013.8828
28013.9492
28013.6504
28013.2168
28013.1055
28013.1934
28012.7598
28012.9609
28012.6406
28012.7070
28012.8672
28012.9551
28012.7500
28013.0977
28012.7520
28012.2656
28011.5078
28011.4453
28011.2988
28010.8984
28010.8906
28010.8008
28010.6133
28010.7500
28010.3633
28010.2266
28010.0527
28010.0410
28010.0938
28009.9199
28009.8828
28010.0664
28010.3066
28010.4805
28010.7051
28010.7676
28010.9297
28011.1797
28011.6387
28011.4648
28011.2656
28010.8516
28010.6523
28010.5273
28010.5449
28010.9688
28010.7598
28010.5957
28010.5957
28010.4102
28010.5449
28010.8242
28010.5508
28010.5781
28010.7285
28010.5684
28010.2441
28010.5820
28010.6699
28010.6465
28010.6719
28010.2617
28010.3027
28010.4902
28010.3906
28010.3438
28010.1406
28010.0332
28009.6973
28009.7227
28009.4258
28009.6641
28009.5879
28009.6152
28009.4160
28009.7793
28009.7793
28009.6816
28009.9199
28009.3711
28009.7969
28009.3613
28008.9121
28008.3906
28007.8926
28007.6191
28007.6074
28007.7578
28007.8223
28008.6719
28008.6348
28008.7852
28009.0254
28008.8750
28009.1016
28009.1152
28009.1152
28009.0293
28009.3164
28009.1445
28009.3691
28009.2578
28009.3965
28009.4609
28009.6230
28009.5371
