    1.0213
    1.1816
    1.3426
    1.5020
    1.6659
    1.8399
    2.0096
    2.1867
    2.3696
    2.5639
    2.7591
    2.9608
    3.1559
    3.3613
    3.5596
    3.7612
    3.9609
    4.1509
    4.3231
    4.4910
    4.6628
    4.8370
    5.0154
    5.1970
    5.3736
    5.5501
    5.7328
    5.9133
    6.0865
    6.2669
    6.4479
    6.3983
    6.3608
    6.3347
    6.3108
    6.2884
    6.2597
    6.2281
    6.1915
    6.1585
    6.1201
    6.0757
    6.0282
    5.9770
    5.9292
    5.8737
    5.8196
    5.7667
    5.7183
    5.6725
    5.6264
    5.5826
    5.5437
    5.5016
    5.4705
    5.4424
    5.4135
    5.3852
    5.3560
    5.3333
    5.3180
    5.2936
    5.2783
    5.2569
    5.2342
    5.2141
    5.1958
    5.1758
    5.1508
    5.1296
    5.0988
    5.0771
    5.0434
    5.0130
    4.9671
    4.9315
    4.8922
    4.8477
    4.7992
    4.7594
    4.7196
    4.6759
    4.6420
    4.6000
    4.5632
    4.5245
    4.4823
    4.4238
    4.3510
    4.2738
    4.1746
    4.0702
    3.9566
    3.8400
    3.7249
    3.6156
    3.5085
    3.4135
    3.3247
    3.2417
    3.1614
    3.0822
    2.9995
    2.9211
    2.8482
    2.7743
    2.7073
    2.6394
    2.5731
    2.4982
    2.4309
    2.3628
    2.2966
    2.2277
    2.1652
    2.0947
    2.0292
    1.9626
    1.8954
    1.8268
    1.7597
    1.6921
    1.6348
    1.5723
    1.5172
    1.4582
    1.4014
    1.3461
    1.2879
    1.2368
    1.1817
    1.1320
    1.0754
    1.0276
    0.9782
    0.9343
    0.8859
    0.8379
    0.7906
    0.7540
    0.7139
    0.6736
    0.6380
    0.5956
    0.5644
    0.5260
    0.4941
    0.4683
    0.4624
    0.4657
    0.4782
    0.5093
    0.5419
    0.5871
    0.6335
    0.6749
    0.7058
    0.7347
    0.7570
    0.7753
    0.7934
    0.8080
    0.8204
    0.8389
    0.8583
    0.8709
    0.8905
    0.9076
    0.9227
    0.9355
    0.9522
    0.9605
    0.9726
    0.9792
    0.9882
    0.9977
    1.0051
    1.0121
    1.0098
    1.0130
    1.0180
    1.0182
    1.0163
    1.0138
    1.0117
    1.0038
    1.0033
    0.9956
    0.9878
    0.9751
    0.9678
    0.9606
    0.9573
    0.9485
    0.9388
    0.9291
    0.9181
    0.9065
    0.8915
    0.8630
    0.7492
    0.6290
    0.5157
    0.4052
    0.2905
    0.1789
    0.0665
   -0.0443
   -0.1548
   -0.2717
   -0.3862
   -0.5031
   -0.6239
   -0.7415
   -0.8626
   -0.9832
   -1.1050
   -1.2235
   -1.3433
   -1.4643
   -1.5831
   -1.7050
   -1.8235
   -1.9451
   -2.0632
   -2.1872
   -2.3048
   -2.4330
   -2.5585
   -2.6825
   -2.8024
   -2.9270
   -3.0476
   -3.1678
   -3.2889
   -3.4063
   -3.5257
   -3.6428
   -3.7637
   -3.8765
   -3.9935
   -4.1127
   -4.2339
   -4.3526
   -4.4736
   -4.5946
   -4.7130
   -4.8392
   -4.9606
   -5.0827
   -5.1957
   -5.3125
   -5.4322
   -5.5507
   -5.6651
   -5.7800
   -5.8984
   -6.0074
   -6.1230
   -6.2353
   -6.3261
   -6.3402
   -6.3436
   -6.3571
   -6.3678
   -6.3756
   -6.3870
   -6.3962
   -6.4045
   -6.4137
   -6.4165
   -6.4240
   -6.4221
   -6.4216
   -6.4227
   -6.4235
   -6.4260
   -6.4267
   -6.4330
   -6.4324
   -6.4343
   -6.4385
   -6.4453
   -6.4570
   -6.4687
   -6.4793
   -6.4861
   -6.4959
   -6.4981
   -6.5026
   -6.5073
   -6.5078
   -6.5053
   -6.4969
   -6.4923
   -6.4867
   -6.4835
   -6.4798
   -6.4778
   -6.4788
   -6.4833
   -6.4871
   -6.4913
   -6.4904
   -6.4876
   -6.4839
   -6.4788
   -6.4711
   -6.4526
   -6.4372
   -6.4148
   -6.3944
   -6.3793
   -6.3589
   -6.3411
   -6.3230
   -6.3082
   -6.2887
   -6.2749
   -6.2594
   -6.2476
   -6.2382
   -6.2280
   -6.2230
   -6.2129
   -6.2074
   -6.1994
   -6.1925
   -6.1812
   -6.1738
   -6.1672
   -6.1629
   -6.1565
   -6.1576
   -6.1574
   -6.1567
   -6.1535
   -6.1512
   -6.1502
   -6.1471
   -6.1503
   -6.1517
   -6.1503
   -6.1467
   -6.1425
   -6.1392
   -6.1397
   -6.1381
   -6.1343
   -6.1341
   -6.1357
   -6.1343
   -6.1360
   -6.1400
   -6.1527
   -6.1630
   -6.1719
   -6.1808
   -6.1909
   -6.1989
   -6.2034
   -6.2042
   -6.2059
   -6.2063
   -6.2092
   -6.2148
   -6.2200
   -6.2266
   -6.2352
   -6.2488
   -6.2603
   -6.2794
   -6.2965
   -6.3142
   -6.3327
   -6.3519
   -6.3739
   -6.4006
   -6.4287
   -6.4609
   -6.4881
   -6.5158
   -6.5377
   -6.5593
   -6.5822
   -6.6037
   -6.6178
   -6.6396
   -6.6594
   -6.6818
   -6.7110
   -6.7318
   -6.7539
   -6.7696
   -6.7842
   -6.7973
   -6.8054
   -6.8101
   -6.8137
   -6.8184
   -6.8196
   -6.8200
   -6.8211
   -6.8237
   -6.8228
   -6.8184
   -6.8111
   -6.8064
   -6.8015
   -6.7970
   -6.7929
   -6.7864
   -6.7818
   -6.7755
   -6.7634
   -6.7537
   -6.7397
   -6.7281
   -6.7116
   -6.6930
   -6.6650
   -6.6411
   -6.6199
   -6.5939
   -6.5732
   -6.5462
   -6.5209
   -6.4973
   -6.4710
   -6.4446
   -6.4108
   -6.3854
   -6.3480
   -6.3146
   -6.2726
   -6.2360
   -6.1972
   -6.1516
   -6.0998
   -6.0461
   -5.9873
   -5.9272
   -5.8691
   -5.8174
   -5.7639
   -5.7112
   -5.6605
   -5.6262
   -5.5845
   -5.5444
   -5.5044
   -5.4576
   -5.4188
   -5.3790
   -5.3430
   -5.3045
   -5.2654
   -5.2304
   -5.1971
   -5.1627
   -5.1331
   -5.0959
   -5.0601
   -5.0239
   -4.9876
   -4.9541
   -4.9199
   -4.8866
   -4.8507
   -4.8155
   -4.7841
   -4.7530
   -4.7217
   -4.6929
   -4.6687
   -4.6488
   -4.6223
   -4.6012
   -4.5797
   -4.5617
   -4.5455
   -4.5331
   -4.5168
   -4.4984
   -4.4862
   -4.4676
   -4.4527
   -4.4324
   -4.4132
   -4.3940
   -4.3740
   -4.3625
   -4.3460
   -4.3328
   -4.3199
   -4.3137
   -4.3029
   -4.2961
   -4.2926
   -4.2904
   -4.2945
   -4.3003
   -4.3100
   -4.3135
   -4.3166
   -4.3235
   -4.3269
   -4.3265
   -4.3173
   -4.3114
   -4.3000
   -4.2893
   -4.2757
   -4.2623
   -4.2503
   -4.2357
   -4.2229
   -4.2076
   -4.1941
   -4.1831
   -4.1715
   -4.1538
   -4.1470
   -4.1427
   -4.1407
   -4.1352
   -4.1222
   -4.1199
   -4.1132
   -4.1052
   -4.1015
   -4.0902
   -4.0794
   -4.0726
   -4.0611
   -4.0523
   -4.0384
   -4.0276
   -4.0185
   -4.0074
   -4.0012
   -3.9929
   -3.9899
   -3.9819
   -3.9786
   -3.9767
   -3.9685
   -3.9600
   -3.9519
   -3.9429
   -3.9357
   -3.9375
   -3.9361
   -3.9332
   -3.9375
   -3.9401
   -3.9440
   -3.9454
   -3.9456
   -3.9451
   -3.9453
   -3.9410
   -3.9343
   -3.9275
   -3.9234
   -3.9188
   -3.9102
   -3.9041
   -3.8962
   -3.8883
   -3.8754
   -3.8682
   -3.8677
   -3.8634
   -3.8608
   -3.8491
   -3.8444
   -3.8373
   -3.8380
   -3.8383
   -3.8346
   -3.8335
   -3.8333
   -3.8324
   -3.8255
   -3.8207
   -3.8152
   -3.8155
   -3.8095
   -3.8045
   -3.8005
   -3.7953
   -3.7919
   -3.7855
   -3.7749
   -3.7692
   -3.7594
   -3.7530
   -3.7445
   -3.7355
   -3.7314
   -3.7210
   -3.7139
   -3.7069
   -3.7023
   -3.6957
   -3.6827
   -3.6821
   -3.6814
   -3.6848
   -3.6788
   -3.6792
   -3.6675
   -3.6592
   -3.6498
   -3.6371
   -3.6230
   -3.6100
   -3.5946
   -3.5847
   -3.5664
   -3.5500
   -3.5395
   -3.5275
   -3.5195
   -3.5073
   -3.4954
   -3.4867
   -3.4793
   -3.4731
   -3.4677
   -3.4656
   -3.4614
   -3.4530
   -3.4510
   -3.4413
   -3.4441
   -3.4438
   -3.4413
   -3.4462
   -3.4525
   -3.4583
   -3.4627
   -3.4672
   -3.4676
   -3.4733
   -3.4718
   -3.4791
   -3.4879
   -3.4942
   -3.5021
   -3.5121
   -3.5175
   -3.5233
   -3.5304
   -3.5365
   -3.5385
   -3.5394
   -3.5401
   -3.5411
   -3.5371
   -3.5354
   -3.5281
   -3.5253
   -3.5184
   -3.5084
   -3.5027
   -3.4986
   -3.4937
   -3.4917
   -3.4827
   -3.4861
   -3.4776
   -3.4690
   -3.4576
   -3.4451
   -3.4407
   -3.4303
   -3.4224
   -3.4214
   -3.4156
   -3.4198
   -3.4247
   -3.4186
   -3.4185
   -3.4116
   -3.4045
   -3.4002
   -3.3935
   -3.3875
   -3.3849
   -3.3752
   -3.3725
   -3.3667
   -3.3542
   -3.3376
   -3.3322
   -3.3174
   -3.2977
   -3.2850
   -3.2606
   -3.2331
   -3.2065
   -3.1837
   -3.1584
   -3.1394
   -3.1130
   -3.0892
   -3.0567
   -3.0243
   -2.9936
   -2.9584
   -2.9253
   -2.8925
   -2.8601
   -2.8242
   -2.7915
   -2.7577
   -2.7252
   -2.6924
   -2.6638
   -2.6368
   -2.5985
   -2.5726
   -2.5423
   -2.5129
   -2.4909
   -2.4645
   -2.4419
   -2.4161
   -2.3876
   -2.3663
   -2.3397
   -2.3198
   -2.3065
   -2.2875
   -2.2711
   -2.2511
   -2.2421
   -2.2235
   -2.2031
   -2.1831
   -2.1618
   -2.1361
   -2.1161
   -2.0980
   -2.0725
   -2.0510
   -2.0251
   -2.0012
   -1.9731
   -1.9416
   -1.9134
   -1.8821
   -1.8541
   -1.8264
   -1.8072
   -1.7615
   -1.6458
   -1.5127
   -1.3500
   -1.1894
   -1.0321
   -0.8837
   -0.7334
   -0.5925
   -0.4501
   -0.3168
   -0.1882
   -0.0590
    0.0649
    0.1858
    0.2942
    0.4044
    0.5168
    0.6290
    0.7335
    0.8438
    0.9472
    1.0484
    1.1502
    1.2520
    1.3558
    1.4507
    1.5529
    1.6580
    1.7605
    1.8663
    1.9792
    2.1023
    2.2300
    2.3605
    2.4998
    2.6374
    2.7813
    2.9206
    3.0553
    3.1852
    3.3144
    3.4476
    3.5748
    3.7080
    3.8379
    3.9662
    4.0855
    4.2061
    4.3206
    4.4239
    4.5335
    4.6370
    4.7503
    4.8580
    4.9739
    5.0887
    5.2071
    5.3214
    5.4393
    5.5629
    5.6720
    5.7056
    5.7230
    5.7224
    5.7212
    5.7149
    5.7086
    5.7059
    5.7182
    5.7188
    5.7153
    5.7143
    5.7101
    5.7126
    5.7210
    5.7356
    5.7494
    5.7657
    5.7797
    5.8033
    5.8201
    5.8535
    5.8829
    5.9136
    5.9468
    5.9842
    6.0308
    6.0769
    6.1167
    6.1656
    6.2203
    6.2676
    6.3099
    6.3531
    6.4006
    6.4429
    6.4906
    6.5331
    6.5860
    6.6228
    6.6642
    6.7024
    6.7396
    6.7754
    6.8036
    6.8468
    6.8906
    6.9444
    6.9989
    7.0724
    7.1471
    7.2186
    7.2994
    7.3715
    7.4575
    7.5384
    7.6271
    7.7155
    7.8000
    7.8762
    7.9507
    8.0236
    8.0981
    8.1710
    8.2338
    8.3050
    8.3903
    8.4854
    8.5816
    8.6778
    8.7831
    8.9018
    9.0197
    9.1396
    9.2642
    9.3873
    9.5138
    9.6495
    9.7850
    9.9236
   10.0682
   10.2199
   10.3648
   10.5173
   10.6676
   10.8234
   10.9743
   11.1160
   11.2428
   11.3672
   11.4773
   11.5861
   11.6963
   11.8144
   11.9385
   12.0806
   12.2358
   12.3949
   12.5652
   12.7308
   12.9123
   13.1018
   13.3061
   13.5201
   13.7443
   13.9718
   14.1916
   14.4141
   14.6391
   14.8586
   15.0578
   15.2603
   15.4516
   15.6375
   15.8086
   15.9146
   15.9818
   16.0343
   16.0595
   16.0948
   16.1246
   16.1414
   16.1545
   16.1658
   16.1822
   16.2132
   16.2480
   16.2821
   16.3090
   16.3359
   16.3485
   16.3762
   16.3965
   16.4174
   16.4413
   16.4644
   16.4839
   16.4960
   16.4997
   16.4903
   16.4854
   16.4653
   16.4402
   16.4109
   16.3736
   16.3371
   16.2990
   16.2562
   16.2060
   16.1775
   16.1462
   16.1251
   16.1042
   16.0866
   16.0616
   16.0321
   15.9726
   15.8982
   15.8187
   15.7338
   15.6511
   15.5695
   15.4718
   15.3762
   15.2711
   15.1594
   15.0503
   14.9411
   14.8292
   14.7094
   14.5882
   14.4779
   14.3759
   14.2809
   14.1906
   14.1177
   14.0828
   14.0722
   14.0614
   14.0719
   14.0739
   14.0762
   14.0891
   14.1013
   14.1088
   14.1062
   14.0804
   14.0391
   13.9972
   13.9589
   13.9105
   13.8678
   13.8143
   13.7678
   13.7224
   13.6814
   13.6316
   13.5919
   13.5544
   13.5234
   13.5006
   13.4716
   13.4497
   13.4234
   13.3974
   13.3771
   13.3557
   13.3305
   13.3139
   13.3154
   13.3126
   13.3192
   13.3106
   13.2885
   13.2514
   13.2050
   13.1489
   13.0898
   13.0297
   12.9693
   12.9101
   12.8617
   12.8119
   12.7738
   12.7372
   12.7007
   12.6672
   12.6334
   12.5968
   12.5636
   12.5309
   12.4974
   12.4754
   12.4372
   12.4102
   12.3803
   12.3485
   12.3421
   12.3378
   12.3514
   12.3759
   12.4031
   12.4302
   12.4530
   12.4762
   12.5187
   12.5660
   12.6248
   12.6984
   12.7654
   12.8343
   12.9121
   12.9837
   13.0526
   13.1186
   13.1888
   13.2528
   13.3260
   13.3943
   13.4592
   13.5068
   13.5372
   13.5548
   13.5667
   13.5816
   13.5874
   13.5886
   13.5869
   13.5925
   13.5880
   13.5778
   13.5681
   13.5513
   13.5354
   13.5213
   13.5204
   13.5243
   13.5300
   13.5323
   13.5404
   13.5481
   13.5505
   13.5449
   13.5414
   13.5447
   13.5320
   13.5223
   13.5153
   13.4998
   13.4771
   13.4446
   13.4178
   13.3975
   13.3719
   13.3648
   13.3509
   13.3396
   13.3320
   13.3163
   13.3088
   13.2847
   13.2542
   13.2314
   13.2227
   13.2202
   13.2143
   13.1855
   13.1471
   13.1025
   13.0517
   13.0052
   12.9530
   12.8919
   12.8370
   12.7807
   12.7321
   12.6844
   12.6295
   12.5711
   12.5112
   12.4625
   12.4262
   12.4093
   12.4054
   12.4130
   12.4206
   12.4372
   12.4560
   12.4796
   12.5023
   12.5323
   12.5648
   12.5961
   12.6385
   12.6904
   12.7502
   12.8182
   12.8825
   12.9553
   13.0304
   13.1142
   13.1977
   13.2814
   13.3676
   13.4450
   13.5061
   13.5630
   13.6205
   13.6741
   13.7240
   13.7837
   13.8597
   13.9384
   14.0146
   14.0808
   14.1348
   14.1594
   14.1667
   14.1586
   14.1427
   14.1225
   14.0996
   14.0792
   14.0567
   14.0258
   14.0018
   13.9928
   13.9966
   14.0179
   14.0366
   14.0506
   14.0522
   14.0454
   14.0451
   14.0524
   14.0741
   14.0797
   14.0830
   14.0873
   14.1014
   14.1215
   14.1447
   14.1757
   14.2001
   14.2153
   14.2109
   14.1935
   14.1563
   14.1108
   14.0607
   14.0065
   13.9420
   13.8619
   13.7860
   13.7129
   13.6547
   13.6035
   13.5428
   13.4630
   13.3682
   13.2793
   13.1743
   13.0596
   12.9338
   12.7979
   12.6565
   12.5192
   12.3870
   12.2465
   12.1011
   11.9676
   11.8253
   11.6733
   11.5161
   11.3692
   11.2262
   11.0821
   10.9611
   10.8433
   10.7411
   10.6348
   10.5279
   10.4273
   10.3205
   10.2157
   10.1075
    9.9841
    9.8576
    9.7264
    9.5861
    9.4572
    9.3270
    9.2105
    9.1085
    9.0198
    8.9266
    8.8246
    8.7229
    8.6134
    8.5005
    8.3803
    8.2593
    8.1224
    7.9746
    7.8313
    7.6987
    7.5748
    7.4712
    7.3818
    7.3096
    7.2268
    7.1379
    7.0578
    6.9932
    6.9236
    6.8458
    6.7475
    6.6414
    6.5364
    6.4573
    6.3847
    6.3157
    6.2515
    6.1908
    6.1417
    6.1109
    6.0961
    6.0796
    6.0554
    6.0281
    5.9986
    5.9644
    5.9347
    5.9048
    5.8728
    5.8411
    5.8129
    5.7791
    5.7459
    5.7101
    5.6760
    5.6531
    5.6392
    5.6201
    5.6039
    5.5738
    5.5557
    5.5518
    5.5340
    5.5175
    5.4999
    5.4800
    5.4617
    5.4337
    5.3981
    5.3438
    5.2871
    5.2296
    5.1802
    5.1339
    5.0873
    5.0316
    4.9611
    4.8913
    4.8260
    4.7572
    4.6862
    4.6166
    4.5376
    4.4587
    4.3803
    4.2975
    4.2128
    4.1260
    4.0380
    3.9494
    3.8588
    3.7766
    3.6978
    3.6113
    3.5214
    3.4381
    3.3474
    3.2585
    3.1643
    3.0609
    2.9330
    2.7929
    2.6587
    2.5322
    2.4136
    2.2945
    2.1770
    2.0551
    1.9347
    1.8188
    1.6930
    1.5667
    1.4408
    1.3180
    1.2033
    1.0843
    0.9572
    0.8107
    0.6693
    0.5242
    0.3889
    0.2471
    0.0952
   -0.0493
   -0.1960
   -0.3398
   -0.4893
   -0.6311
   -0.7670
   -0.9055
   -1.0321
   -1.1647
   -1.2987
   -1.4345
   -1.5648
   -1.6880
   -1.8054
   -1.9131
   -2.0137
   -2.1185
   -2.2369
   -2.3464
   -2.4618
   -2.5806
   -2.7034
   -2.8353
   -2.9505
   -3.0530
   -3.1584
   -3.2645
   -3.3719
   -3.4733
   -3.5681
   -3.6534
   -3.7294
   -3.8092
   -3.8954
   -3.9829
   -4.0777
   -4.1633
   -4.2438
   -4.3208
   -4.3863
   -4.4521
   -4.5150
   -4.5787
   -4.4142
   -4.2593
   -4.1054
   -3.9533
   -3.8047
   -3.6525
   -3.5038
   -3.3478
   -3.1954
   -3.0307
   -2.8646
   -2.6892
   -2.5017
   -2.3182
   -2.1263
   -1.9359
   -1.7499
   -1.5565
   -1.3707
   -1.1836
   -0.9986
   -0.8168
   -0.6429
   -0.4749
   -0.3052
   -0.1372
    0.0356
    0.2120
    0.3839
    0.5451
