27400.2695
27400.0176
27400.0449
27400.3555
27400.4102
27400.6191
27400.6562
27400.8105
27400.9668
27401.1660
27400.9668
27401.0117
27400.9023
27400.8848
27400.9297
27400.9297
27400.9199
27400.8926
27401.0918
27400.8379
27400.8105
27400.6719
27400.6445
27400.6348
27400.6406
27400.5586
27400.6035
27400.4668
27400.5488
27400.6133
27400.8066
27400.9277
27401.2207
27401.3320
27401.6152
27401.4219
27401.4629
27401.0859
27400.9473
27401.0215
27401.2051
27401.4141
27401.6875
27401.4922
27401.8086
27401.9805
27402.1641
27402.1973
27402.0977
27402.0156
27401.9434
27402.0312
27401.9590
27401.9160
27401.6250
27401.6816
27401.8086
27401.7637
27402.0098
27401.8652
27401.7656
27401.8359
27401.6934
27401.7090
27401.7266
27401.6816
27401.9277
27401.7266
27401.9707
27402.1543
27401.9941
27402.0781
27402.2500
27402.2617
27402.4043
27402.1777
27402.3555
27402.1152
27401.7051
27401.9277
27401.7109
27402.0273
27402.4551
27402.6055
27403.1719
27403.0957
27403.4961
27403.5000
27403.7773
27403.6836
27403.6895
27403.8340
27404.0039
27404.1328
27404.3770
27404.5664
27404.5508
27404.5938
27404.7090
27404.8105
27404.8262
27404.9160
27404.9590
27404.9141
27404.8984
27404.9707
27404.8984
27404.9551
27405.0098
27404.6250
27404.5820
27404.6094
27404.6211
27404.7656
27404.6934
27404.5488
27404.5215
27404.5254
27404.5859
27404.3418
27404.2988
27404.3574
27404.6035
27404.5410
27404.3691
27404.4414
27404.5137
27404.5566
27404.3457
27404.3496
27404.2891
27404.0449
27404.0449
27404.2324
27404.0898
27404.0332
27403.9336
27404.0605
27404.0879
27403.8438
27403.9121
27404.0117
27403.9531
27403.8242
27404.1230
27403.9238
27404.2676
27404.2129
27404.1562
27404.0723
27404.0156
27404.1152
27404.1758
27404.1738
27403.8574
27404.2910
27404.0742
27404.0059
27404.0332
27403.9473
27403.7910
27403.8184
27403.4180
27403.5449
27403.2734
27403.3750
27403.1445
27403.0176
27403.2324
27403.2168
27403.0332
27403.1211
27403.0918
27402.8906
27403.1641
27403.1348
27402.9629
27402.9512
27402.9062
27402.9219
27402.8340
27402.8340
27402.7344
27402.7637
27402.8047
27402.8359
27403.0391
27402.8105
27402.8691
27402.7109
27402.9668
27403.0547
27403.1387
27403.3945
27403.6191
27403.7734
27403.8574
27403.7539
27403.9375
27404.0352
27404.0488
27404.1211
27403.7461
27403.5762
27403.5488
27403.4199
27403.2754
27403.1348
27403.0059
27402.9062
27402.9199
27402.7480
27402.6758
27402.4199
27402.5039
27402.5918
27402.3926
27402.2910
27401.9766
27401.9492
27401.7910
27401.6465
27401.5332
27401.6777
27401.4629
27401.1621
27401.1465
27401.1191
27400.6465
27400.8457
27400.6309
27400.8027
27400.9023
27400.8594
27401.1309
27400.6875
27400.6582
27400.7305
27400.2734
27400.3301
27400.2012
27400.2871
27400.1445
27400.1172
27399.9160
27399.6445
27399.6875
27399.6309
27399.4297
27399.6152
27399.8125
27399.2871
27399.4727
27399.4570
27399.4727
27399.2988
27399.5859
27399.3125
27399.5430
27399.5703
27399.4551
27399.3555
27399.2422
27399.2402
27399.0859
27399.0137
27399.1699
27399.0566
27399.1133
27399.0000
27399.0137
27399.0859
27399.0430
27399.0137
27398.9434
27399.1426
27399.0859
27399.0273
27399.0430
27398.9434
27399.0000
27398.8574
27398.8301
27398.9863
27398.9707
27399.1699
27399.0000
27399.1289
27399.5000
27399.5566
27399.6855
27399.6426
27399.7715
27399.8574
27399.9707
27399.7148
27399.6875
27399.4004
27399.3008
27399.3711
27399.1719
27398.9844
27399.1855
27399.5000
27399.3438
27399.6289
27399.6582
27399.7715
27399.7578
27399.6855
27399.4844
27399.6426
27399.5703
27399.5000
27399.6289
27399.5566
27399.5430
27399.4844
27399.6289
27399.7441
27399.8281
27399.9004
27399.8867
27400.0586
27399.9434
27399.7285
27399.9434
27399.7148
27399.6719
27399.7129
27399.2559
27399.1836
27399.1113
27399.1113
27399.1953
27399.1523
27399.3965
27399.5098
27399.4805
27399.4082
27399.3789
27399.3789
27399.1914
27399.1504
27398.9648
27399.1484
27398.9629
27398.9473
27398.9180
27398.7305
27398.8730
27398.7168
27398.7148
27398.5996
27398.4570
27398.4141
27398.4395
27398.1250
27398.1680
27398.0684
27398.2109
27398.5117
27398.4980
27398.4707
27398.6699
27398.5273
27398.7695
27398.6133
27398.5977
27398.6680
27398.8262
27398.9688
27399.1250
27399.5098
27399.6543
27399.9961
27400.0957
27400.1074
27400.1211
27400.1504
27400.1367
27400.3359
27400.2637
27400.3516
27400.3789
27400.4785
27400.6504
27400.9082
27401.0234
27401.1504
27401.3809
27401.4512
27401.5215
27401.7012
27401.8203
27401.9922
27402.2344
27402.1348
27402.1484
27402.1191
27401.9766
27401.8613
27401.7051
27401.7324
27401.9316
27402.0312
27402.1895
27402.2480
27402.4180
27402.7891
27403.0000
27403.1309
27403.1719
27403.1895
27403.2676
27403.1758
27403.2637
27403.3750
27403.3652
27403.0547
27402.6543
27402.1543
27402.0664
27402.1465
27402.1348
27402.2363
27402.3086
27402.4492
27402.6230
27402.5488
27402.4902
27402.5898
27402.8184
27402.8320
27402.9434
27403.0859
27403.1562
27403.2422
27403.4121
27403.3262
27403.3984
27403.4395
27403.4668
27403.5957
27403.6074
27403.8242
27403.8379
27403.8945
27403.7637
27403.9355
27403.9941
27404.0938
27404.0215
27404.0215
27403.9805
27403.9668
27403.9941
27403.9531
27403.9238
27404.0801
27404.1230
27404.2109
27404.3223
27404.4219
27404.4512
27404.4785
27404.4199
27404.3086
27404.2656
27404.1367
27404.1777
27404.1484
27404.2188
27404.2480
27404.5176
27404.5762
27404.6348
27404.5625
27404.5332
27404.5625
27404.6035
27404.6328
27404.5605
27404.5312
27404.6191
27404.5371
27404.6777
27404.7051
27404.7461
27404.7051
27404.7051
27404.6934
27404.8340
27404.9043
27404.9453
27404.8867
27404.8691
27404.6699
27404.5977
27404.5566
27404.4863
27404.4141
27404.3438
27404.2715
27404.2422
27404.4297
27404.4883
27404.5176
27404.4629
27404.4922
27404.3516
27404.3516
27404.3926
27404.4785
27404.2793
27404.4492
27404.5078
27404.5371
27404.5371
27404.3652
27404.4062
27404.5371
27404.5352
27404.6055
27404.6055
27404.5762
27404.6895
27404.6875
27404.8281
27404.5156
27404.5449
27404.3633
27404.2910
27404.1797
27404.0098
27404.1094
27404.1504
27404.4922
27404.4199
27404.6191
27404.7598
27404.9141
27405.2773
27406.0137
27405.5078
27406.3242
27406.3535
27406.9902
27406.9883
27407.2422
27407.4824
27407.6055
27407.3633
27407.7461
27407.6738
27407.4609
27407.4922
27407.3496
27407.3203
27407.3320
27407.3008
27407.6133
27407.7715
27407.6602
27407.7598
27407.8281
27407.6875
27407.7461
27407.6641
27407.5527
27407.4824
27407.4805
27407.4395
27407.5391
27407.7168
27407.7051
27407.9434
27407.9727
27407.8320
27407.7617
27407.8086
27407.9082
27408.0391
27408.1973
27408.2969
27408.3262
27408.2969
27408.1152
27407.9824
27407.8828
27407.8945
27407.8242
27407.8535
27407.8125
27407.9824
27408.0117
27407.9805
27407.9414
27407.7695
27407.8008
27407.6699
27407.6406
27407.7402
27407.7402
27407.7695
27407.7871
27407.8457
27407.9570
27408.0566
27408.1680
27408.2793
27408.3184
27408.4297
27408.5000
27408.7402
27409.0508
27409.5312
27410.1250
27410.4941
27410.3125
27409.7500
27409.4980
27409.2266
27409.3672
27409.4375
27409.6777
27410.0273
27409.9570
27410.1387
27410.1992
27410.1289
27410.1289
27410.0859
27409.8750
27409.8047
27409.8047
27409.7754
27409.9453
27409.9043
27410.0723
27410.0723
27410.2246
27410.3242
27410.5352
27410.7051
27410.7031
27410.8027
27410.8340
27410.9316
27410.9316
27411.0039
27411.0723
27410.9727
27410.9609
27410.6797
27410.4805
27410.5098
27410.4395
27410.4277
27410.2559
27410.7090
27410.8184
27410.7891
27411.0684
27411.0391
27411.1777
27411.5293
27411.5684
27411.7402
27411.8789
27411.9180
27412.0488
27412.0879
27411.9766
27411.9355
27412.0762
27412.2051
27412.1367
27412.2656
27411.6738
27411.0117
27410.5312
27409.7695
27409.6895
27409.8281
27409.8691
27410.0684
27410.3496
27410.4492
27410.6875
27410.7773
27410.8965
27410.7969
27410.9863
27411.0977
27411.0957
27410.9961
27411.0957
27411.4766
27411.4766
27411.3340
27411.5059
27411.6543
27411.8828
27412.1934
27412.7734
27413.3320
27413.5820
27413.7422
27413.4531
27413.3809
27413.3203
27413.0605
27413.3398
27413.3203
27413.4004
27413.2402
27413.1504
27412.9590
27413.0000
27413.0605
27413.0000
27413.0293
27412.9492
27412.9277
27412.7988
27412.9180
27412.7461
27412.9961
27413.2168
27413.5059
27413.7852
27413.8945
27413.8945
27413.8242
27413.9629
27414.0625
27414.2637
27414.2227
27414.2520
27414.0918
27414.0020
27413.9531
27414.0410
27414.1211
27414.4707
27414.5391
27414.7402
27414.7402
27414.9395
27414.6484
27414.7188
27414.6797
27414.5488
27414.7168
27414.7969
27414.5566
27415.0059
27415.1465
27415.1758
27415.1367
27415.0645
27415.0938
27415.0234
27414.9941
27415.0938
27414.6445
27414.8535
27414.7539
27414.9824
27414.8926
27415.2109
27415.5410
27415.4102
27415.3086
27415.0898
27415.3691
27415.3887
27415.5273
27415.5977
27415.7070
27415.7461
27415.9160
27416.0332
27416.0566
27415.8945
27416.3203
27416.2930
27416.0820
27416.1426
27416.1738
27415.8242
27415.9629
27415.8926
27415.8398
27415.7793
27415.9805
27415.8887
27415.9785
27415.5781
27415.7480
27415.9258
27415.9648
27416.1152
27416.3477
27416.4980
27416.7969
27416.7188
27417.0742
27416.8262
27417.0762
27417.4551
27417.4043
27417.6426
27417.8828
27417.9199
27417.9902
27417.9121
27418.1406
27417.7617
27418.0703
27417.7051
27417.9414
27417.5938
27417.8125
27417.8711
27417.8105
27418.4414
27418.0625
27418.2012
27418.2695
27418.0312
27418.0078
27418.1387
27418.0684
27417.9199
27417.7422
27417.7930
27418.0234
27418.2148
27418.3848
27418.5430
27418.7227
27419.0996
27419.2227
27419.1914
27419.1816
27419.5781
27419.7148
27420.1816
27420.3105
27420.2793
27420.4707
27420.2227
27420.0215
27420.3008
27420.6914
27420.9980
27420.9082
27421.3555
27421.4941
27421.3848
27421.5156
27421.8145
27421.7832
27421.9531
27421.9141
27421.8730
27421.7422
27421.8652
27421.5547
27421.0605
27421.3867
27421.4082
27421.6328
27421.5625
27421.3457
27420.9590
27420.9590
27420.9492
27420.8418
27420.9492
27421.0879
27421.0098
27420.8867
27420.8086
27420.8555
27420.6484
27420.5684
27420.4160
27420.6172
27420.5781
27420.4688
27420.3672
27420.4219
27420.4219
27420.3984
27420.2812
27420.0117
27420.0117
27419.8574
27419.8496
27419.8047
27419.4727
27419.2734
27419.3652
27419.1719
27419.2949
27419.0234
27418.9395
27418.8398
27418.6465
27418.4844
27418.4844
27418.4219
27418.6738
27418.6133
27418.7207
27418.5820
27418.6035
27418.9414
27418.7344
27418.6641
27418.6738
27418.4648
27418.4648
27418.5098
27418.3652
27418.4629
27418.2090
27418.1777
27417.5020
27417.3691
27417.4004
27417.0469
27417.0078
27416.8008
27417.1152
27417.0156
27417.0840
27416.6699
27416.7461
27417.3984
27417.3770
27417.7832
27417.6523
27417.9922
27418.6445
27418.6133
27418.5840
27418.9434
27418.7891
27418.8750
27418.9746
27419.1211
27419.1426
27419.3184
27419.6191
27419.4883
27419.6582
27419.7188
27419.6562
27419.5801
27419.3418
27419.5332
27419.9492
27419.9707
27419.9023
27420.0254
27420.2031
27419.7168
27419.6172
27419.4121
27419.7168
27419.3027
27419.4805
27419.7559
27419.7090
27419.5723
27419.6094
27419.5020
27419.3633
27419.0859
27419.3809
27419.3242
27419.3633
27419.3008
27419.1699
27419.1016
27419.3008
27419.4316
27419.4297
27419.5469
27419.2754
27419.5312
27419.5312
27420.0508
27419.9824
27420.2891
27420.3203
27420.3965
27420.3652
27420.2656
27420.1895
27420.0566
27419.7637
27419.7500
27419.6582
27419.4941
27419.7090
27419.5703
27419.6211
27419.4707
27419.3691
27419.6016
27419.5703
27419.4316
27419.3008
27419.2930
27418.8105
27418.6465
27418.2480
27417.4883
27417.1113
27416.9434
27416.7363
27416.6230
27416.6543
27417.0605
27417.2910
27417.4609
27417.5859
27417.4219
27417.0156
27416.0410
27415.1816
27414.5996
27414.0176
27413.9785
27413.8184
27413.6426
27413.7500
27413.8867
27414.1621
27414.2383
27414.4004
27414.8750
27414.6367
27414.6445
27414.3066
27414.4512
27414.1816
27414.2383
27414.2812
27414.2441
27414.3379
27414.3750
27414.4941
27414.5000
27414.3691
27414.1992
27414.2695
27414.1992
27414.2070
27414.0371
27413.9746
27413.6758
27413.7129
27413.6191
27413.5117
27413.8184
27413.4492
27413.7305
27413.4883
27413.1816
27413.1504
27413.1133
27412.9746
27412.9746
27412.7129
27412.7812
27412.7441
27412.7754
27412.8125
27413.1191
27413.4258
27413.1621
27413.3320
27413.2988
27413.1621
27412.9316
27412.8242
27412.9043
27413.0371
27413.3164
27412.6680
27412.6680
27412.6738
27412.7109
27412.6055
27412.5410
27412.4414
27412.8223
27413.2656
27414.1270
27414.5020
27414.3711
27414.5879
27414.4570
27414.5879
27414.3555
27414.4824
27413.9121
27413.4375
27413.4941
27412.6875
27412.5820
27412.6191
27412.4941
27412.5352
27412.4043
27412.6484
27412.6465
27412.5410
27412.2734
27412.2402
27412.2090
27412.3145
27411.9082
27411.6777
27411.9082
27411.6777
27411.7129
27411.8203
27411.6875
27411.6875
27411.5137
27411.2188
27410.9609
27411.0996
27411.0781
27410.9727
27411.0137
27410.8770
27411.2188
27411.2930
27411.3984
27411.3027
27411.1035
27410.8906
27410.7227
27410.4531
27410.3535
27410.1465
27410.0410
27409.9219
27409.7793
27409.7520
27409.9570
27409.9258
27409.9570
27409.6895
27409.6309
27409.5625
27409.6035
27409.9023
27409.9082
27410.2812
27410.3066
27410.3496
27410.4863
27410.5215
27410.5488
27410.7207
27410.6211
27410.5527
27410.3105
27410.0352
27409.5625
27409.4199
27408.7617
27408.3770
27407.7676
27407.6660
27406.9824
27407.4922
27406.6719
27406.7070
27407.0449
27407.0449
27406.9727
27407.1484
27407.2129
27407.2500
27407.1855
27407.1172
27406.8848
27407.0840
27407.3223
27407.3887
27407.5273
27407.3887
27407.5938
27407.6211
27407.0801
27406.9102
27406.9062
27406.5742
27406.6680
27406.2910
27406.6641
27406.6328
27406.7363
27406.5566
27406.6270
27406.5215
27405.9805
27406.2891
27405.8809
27405.6699
27405.3281
27405.2656
27404.8594
27405.3691
27404.9551
27405.1699
27405.3691
27406.1191
27406.4336
27406.5703
27406.8438
27407.1211
27407.2891
27407.0156
27406.9785
27406.9102
27406.6738
27406.5410
27406.6465
27406.5781
27406.3418
27406.2051
27405.9258
27406.1270
27406.0215
27406.5273
27406.5000
27406.3359
27406.0352
27406.3398
27406.0039
27405.6309
27405.4844
27405.9980
27405.6895
27405.8672
27405.7344
27406.0059
27406.0801
27406.1113
27406.2109
27406.4453
27406.2461
27406.5195
27406.8633
27406.3730
27405.3965
27405.9766
27407.3750
27406.4219
27406.4219
27406.6562
27406.6973
27406.7012
27406.5332
27406.1406
27405.8359
27405.6719
27405.9258
27406.2168
27406.0078
27406.2129
27406.3438
27406.1484
27406.0781
27405.9434
27405.8105
27405.8066
27405.7051
27405.6152
27405.4805
27405.5488
27405.5527
27405.3516
27404.8770
27404.8770
27404.7402
27404.5039
27404.6035
27404.6309
27404.6914
27404.7266
27404.8301
27404.4258
27404.1895
27404.0527
27404.2207
27403.9531
27403.4844
27404.0898
27404.1152
27403.8516
27403.6797
27403.5801
27403.8438
27403.5762
27403.6152
27403.3027
27403.4355
27403.2969
27403.1875
27403.3594
27403.2871
27403.7949
27403.8594
27403.6270
27403.6953
27403.6660
27403.6367
27403.6055
27403.7051
27403.8770
27403.7441
27403.6797
27404.1582
27404.0938
27403.8535
27403.9902
27403.7559
27403.9238
27403.7871
27403.4199
27403.6914
27403.5938
27403.4590
27403.2227
27403.4609
27403.0566
27403.3906
27403.0547
27403.2852
27403.2207
27402.9492
27403.3848
27402.9492
27402.9492
27402.6094
27402.6445
27402.8086
27402.5000
27402.7734
27402.9473
27402.7461
27402.8145
27403.5566
27403.7598
27404.5000
27404.7051
27404.7031
27404.7637
27404.9023
27404.9004
27404.6641
27404.7598
27404.5625
27404.6328
27404.4648
27404.2930
27404.2871
27404.2578
27404.1582
27404.1523
27404.1895
27404.0898
27404.0859
27403.7500
27403.8535
27404.0176
27404.0820
27403.8438
27403.6055
27403.5371
27403.8008
27403.4980
27403.7656
27404.0371
27404.0371
27403.6992
27403.6348
27403.3613
27403.1250
27403.0234
27402.8223
27402.9863
27403.0195
27402.9160
27402.7461
27402.9805
27402.8105
27402.6387
27402.9434
27402.5371
27402.5371
27402.5645
27402.9707
27403.1719
27402.8301
27402.4941
27402.7324
27402.3926
27402.6289
27402.6289
27402.6289
27402.6973
27402.8320
27402.8301
27402.7637
27402.9961
27402.7637
27402.7969
27403.1016
27403.2676
27404.0762
27404.4805
27404.6152
27404.9863
27405.1562
27405.2207
27405.0195
27405.5215
