   -5.1930
   -5.2249
   -5.2620
   -5.3023
   -5.3477
   -5.3929
   -5.4347
   -5.4714
   -5.4997
   -5.5246
   -5.5408
   -5.5604
   -5.5868
   -5.6131
   -5.6360
   -5.6555
   -5.6699
   -5.6793
   -5.6905
   -5.6982
   -5.6976
   -5.6954
   -5.6881
   -5.6793
   -5.6705
   -5.6652
   -5.6598
   -5.6543
   -5.6456
   -5.6300
   -5.6178
   -5.6072
   -5.5964
   -5.5686
   -5.5319
   -5.4916
   -5.4547
   -5.4225
   -5.3835
   -5.3355
   -5.2872
   -5.2474
   -5.2043
   -5.1642
   -5.1190
   -5.0705
   -5.0236
   -4.9818
   -4.9297
   -4.8758
   -4.8201
   -4.7678
   -4.7204
   -4.6762
   -4.6371
   -4.5863
   -4.5339
   -4.4763
   -4.4188
   -4.3546
   -4.2886
   -4.2308
   -4.1630
   -4.0950
   -4.0257
   -3.9512
   -3.8686
   -3.7775
   -3.6867
   -3.5991
   -3.5083
   -3.4295
   -3.3624
   -3.2952
   -3.2332
   -3.1727
   -3.1141
   -3.0603
   -3.0099
   -2.9544
   -2.9007
   -2.8518
   -2.8029
   -2.7573
   -2.7166
   -2.6742
   -2.6316
   -2.5889
   -2.5428
   -2.5001
   -2.4626
   -2.4268
   -2.3876
   -2.3434
   -2.3126
   -2.2905
   -2.2718
   -2.2512
   -2.2325
   -2.2171
   -2.2071
   -2.1820
   -2.1486
   -2.1084
   -2.0668
   -2.0318
   -1.9985
   -1.9635
   -1.9185
   -1.8785
   -1.8386
   -1.7989
   -1.7509
   -1.6979
   -1.6299
   -1.5586
   -1.4956
   -1.4397
   -1.3887
   -1.3444
   -1.2984
   -1.2627
   -1.2152
   -1.1695
   -1.1153
   -1.0728
   -1.0305
   -1.0048
   -0.9926
   -0.9904
   -0.9983
   -1.0064
   -1.0176
   -1.0122
   -0.9967
   -0.9728
   -0.9472
   -0.9183
   -0.8862
   -0.8523
   -0.8202
   -0.7880
   -0.7675
   -0.7504
   -0.7417
   -0.7413
   -0.7492
   -0.7538
   -0.7550
   -0.7580
   -0.7557
   -0.7567
   -0.7510
   -0.7485
   -0.7525
   -0.7563
   -0.7499
   -0.7383
   -0.7252
   -0.7019
   -0.6768
   -0.6499
   -0.6280
   -0.6112
   -0.5994
   -0.5841
   -0.5620
   -0.5398
   -0.5192
   -0.5036
   -0.4880
   -0.4773
   -0.4700
   -0.4709
   -0.4818
   -0.5009
   -0.5251
   -0.5509
   -0.5747
   -0.6019
   -0.6340
   -0.6660
   -0.6896
   -0.7264
   -0.7648
   -0.8148
   -0.8496
   -0.8892
   -0.9204
   -0.9480
   -0.9722
   -0.9962
   -1.0335
   -1.0624
   -1.0913
   -1.1233
   -1.1621
   -1.2025
   -1.2430
   -1.2851
   -1.3321
   -1.3790
   -1.4241
   -1.4592
   -1.4874
   -1.5056
   -1.5086
   -1.4982
   -1.4878
   -1.4739
   -1.4600
   -1.4496
   -1.4424
   -1.4352
   -1.4314
   -1.4277
   -1.4173
   -1.4004
   -1.3853
   -1.3367
   -1.3099
   -1.2749
   -1.2431
   -1.2131
   -1.1797
   -1.1547
   -1.1297
   -1.1048
   -1.0832
   -1.0568
   -1.0335
   -1.0085
   -0.9816
   -0.9532
   -0.9230
   -0.8860
   -0.8489
   -0.7983
   -0.7410
   -0.6839
   -0.6252
   -0.5632
   -0.5111
   -0.4540
   -0.3921
   -0.3301
   -0.2581
   -0.1896
   -0.1244
   -0.0594
    0.0023
    0.0606
    0.1239
    0.1958
    0.2692
    0.3428
    0.4230
    0.5151
    0.6071
    0.6959
    0.7830
    0.8702
    0.9524
    1.0278
    1.0983
    1.1604
    1.2176
    1.2681
    1.3086
    1.3458
    1.3730
    1.3953
    1.4144
    1.4386
    1.4629
    1.4956
    1.5352
    1.5729
    1.6042
    1.6356
    1.6354
    1.6504
    1.6571
    1.6656
    1.6708
    1.6712
    1.6733
    1.6737
    1.6742
    1.6731
    1.6703
    1.6642
    1.6547
    1.6419
    1.6226
    1.5981
    1.5686
    1.5307
    1.4793
    1.4196
    1.3517
    1.2839
    1.2143
    1.1479
    1.0681
    0.9950
    0.9136
    0.8270
    0.7372
    0.6541
    0.5661
    0.4614
    0.3583
    0.2554
    0.1489
    0.0424
   -0.0525
   -0.1473
   -0.2488
   -0.3521
   -0.4537
   -0.5486
   -0.6370
   -0.7170
   -0.7904
   -0.8572
   -0.9175
   -0.9745
   -1.0265
   -1.0720
   -1.1125
   -1.1465
   -1.1756
   -1.1998
   -1.2224
   -1.2468
   -1.2730
   -1.3041
   -1.3352
   -1.3664
   -1.3991
   -1.4303
   -1.4632
   -1.4961
   -1.5323
   -1.5686
   -1.6051
   -1.6398
   -1.6729
   -1.6993
   -1.7224
   -1.7440
   -1.7587
   -1.7718
   -1.7849
   -1.7929
   -1.8009
   -1.8072
   -1.8118
   -1.8148
   -1.8142
   -1.8053
   -1.7948
   -1.7792
   -1.7584
   -1.7342
   -1.7099
   -1.6690
   -1.6148
   -1.5472
   -1.4697
   -1.3822
   -1.2714
   -1.1556
   -1.0366
   -0.9174
   -0.8017
   -0.6993
   -0.6018
   -0.5011
   -0.3953
   -0.2845
   -0.1787
   -0.0747
    0.0244
    0.1219
    0.2128
    0.2988
    0.3781
    0.4525
    0.5186
    0.5781
    0.6326
    0.6790
    0.7170
    0.7500
    0.7779
    0.7992
    0.8186
    0.8364
    0.8541
    0.8767
    0.9010
    0.9319
    0.9677
    1.0152
    1.0660
    1.1234
    1.1808
    1.2364
    1.2853
    1.3325
    1.3747
    1.4151
    1.4556
    1.4993
    1.5429
    1.5916
    1.6386
    1.6889
    1.7376
    1.7862
    1.8365
    1.8900
    1.9419
    1.9955
    2.0473
    2.0925
    2.1211
    2.1364
    2.1385
    2.1274
    2.1080
    2.0787
    2.0428
    2.0019
    1.9594
    1.9136
    1.8661
    1.8169
    1.7627
    1.7020
    1.6314
    1.5541
    1.4687
    1.3783
    1.2796
    1.1843
    1.0874
    1.0037
    0.9217
    0.8447
    0.7677
    0.6908
    0.6073
    0.5254
    0.4469
    0.3752
    0.3084
    0.2435
    0.1785
    0.1153
    0.0471
   -0.0227
   -0.0942
   -0.1690
   -0.2422
   -0.3154
   -0.3920
   -0.4686
   -0.5435
   -0.6249
   -0.7047
   -0.7795
   -0.8508
   -0.9173
   -0.9838
   -1.0485
   -1.1116
   -1.1714
   -1.2296
   -1.2878
   -1.3492
   -1.4122
   -1.4818
   -1.5532
   -1.6278
   -1.7007
   -1.7736
   -1.8398
   -1.9026
   -1.9572
   -2.0019
   -2.0416
   -2.0763
   -2.1045
   -2.1325
   -2.1623
   -2.1903
   -2.2200
   -2.2480
   -2.2760
   -2.3056
   -2.3319
   -2.3500
   -2.3581
   -2.3529
   -2.3412
   -2.3227
   -2.3076
   -2.3041
   -2.2989
   -2.2871
   -2.2703
   -2.2469
   -2.2119
   -2.1769
   -2.1451
   -2.1167
   -2.0899
   -2.0615
   -2.0331
   -2.0046
   -1.9745
   -1.9443
   -1.9142
   -1.8857
   -1.8671
   -1.8483
   -1.8296
   -1.8124
   -1.7935
   -1.7664
   -1.7391
   -1.7119
   -1.6864
   -1.6625
   -1.6320
   -1.6014
   -1.5692
   -1.5370
   -1.5047
   -1.4741
   -1.4369
   -1.3981
   -1.3526
   -1.3071
   -1.2584
   -1.2146
   -1.1708
   -1.1238
   -1.0851
   -1.0530
   -1.0224
   -0.9969
   -0.9795
   -0.9571
   -0.9347
   -0.9124
   -0.8900
   -0.8675
   -0.8484
   -0.8292
   -0.8069
   -0.7845
   -0.7638
   -0.7464
   -0.7357
   -0.7217
   -0.7143
   -0.6986
   -0.6780
   -0.6574
   -0.6385
   -0.6197
   -0.6025
   -0.5819
   -0.5581
   -0.5326
   -0.5054
   -0.4782
   -0.4543
   -0.4304
   -0.4083
   -0.3861
   -0.3655
   -0.3449
   -0.3226
   -0.2987
   -0.2765
   -0.2543
   -0.2288
   -0.2083
   -0.1876
   -0.1637
   -0.1397
   -0.1157
   -0.0950
   -0.0826
   -0.0717
   -0.0625
   -0.0582
   -0.0539
   -0.0447
   -0.0388
   -0.0329
   -0.0302
   -0.0310
   -0.0283
   -0.0224
   -0.0164
   -0.0105
    0.0054
    0.0245
    0.0421
    0.0646
    0.0936
    0.1209
    0.1451
    0.1775
    0.2049
    0.2373
    0.2729
    0.3103
    0.3493
    0.3800
    0.4157
    0.4481
    0.4756
    0.4982
    0.5175
    0.5384
    0.5592
    0.5933
    0.6225
    0.6582
    0.6895
    0.7104
    0.7231
    0.7391
    0.7551
    0.7744
    0.7937
    0.8163
    0.8423
    0.8649
    0.8875
    0.9118
    0.9295
    0.9522
    0.9765
    1.0057
    1.0317
    1.0528
    1.0804
    1.1064
    1.1307
    1.1600
    1.1875
    1.2168
    1.2428
    1.2754
    1.3096
    1.3422
    1.3715
    1.3992
    1.4236
    1.4464
    1.4790
    1.5051
    1.5279
    1.5539
    1.5751
    1.5946
    1.6158
    1.6320
    1.6515
    1.6678
    1.6775
    1.6938
    1.7084
    1.7295
    1.7508
    1.7720
    1.7883
    1.8030
    1.8291
    1.8437
    1.8650
    1.8912
    1.9190
    1.9534
    1.9878
    2.0189
    2.0451
    2.0712
    2.0941
    2.1198
    2.1542
    2.2017
    2.2410
    2.2837
    2.3214
    2.3624
    2.4034
    2.4427
    2.4853
    2.5279
    2.5706
    2.6149
    2.6543
    2.7036
    2.7414
    2.7873
    2.8449
    2.9007
    2.9499
    3.0074
    3.0535
    3.1012
    3.1521
    3.2064
    3.2459
    3.2903
    3.3315
    3.3742
    3.4187
    3.4697
    3.5190
    3.5602
    3.6079
    3.6540
    3.7001
    3.7495
    3.7989
    3.8450
    3.8992
    3.9519
    4.0062
    4.0638
    4.1230
    4.1790
    4.2284
    4.2795
    4.3256
    4.3750
    4.4310
    4.4788
    4.5315
    4.5761
    4.6174
    4.6587
    4.7000
    4.7299
    4.7582
    4.7766
    4.7999
    4.8201
    4.8418
    4.8602
    4.8721
    4.8841
    4.8960
    4.9178
    4.9314
    4.9434
    4.9587
    4.9708
    4.9878
    5.0031
    5.0152
    5.0289
    5.0328
    5.0432
    5.0504
    5.0478
    5.0403
    5.0394
    5.0368
    5.0310
    5.0350
    5.0325
    5.0382
    5.0472
    5.0578
    5.0734
    5.0938
    5.1159
    5.1316
    5.1554
    5.1743
    5.1900
    5.2073
    5.2245
    5.2369
    5.2543
    5.2684
    5.2842
    5.2983
    5.3174
    5.3349
    5.3474
    5.3632
    5.3873
    5.4114
    5.4371
    5.4614
    5.4855
    5.5129
    5.5403
    5.5709
    5.6048
    5.6419
    5.6726
    5.7147
    5.7569
    5.8039
    5.8462
    5.8932
    5.9355
    5.9843
    6.0298
    6.0804
    6.1309
    6.1733
    6.2256
    6.2714
    6.3171
    6.3646
    6.4073
    6.4498
    6.4990
    6.5481
    6.5906
    6.6331
    6.6773
    6.7280
    6.7803
    6.8295
    6.8723
    6.9248
    6.9741
    7.0233
    7.0611
    7.1055
    7.1483
    7.1895
    7.2292
    7.2690
    7.3104
    7.3437
    7.3818
    7.4135
    7.4436
    7.4754
    7.5089
    7.5374
    7.5693
    7.6011
    7.6313
    7.6584
    7.6935
    7.7238
    7.7574
    7.7909
    7.8229
    7.8548
    7.8965
    7.9252
    7.9556
    7.9860
    8.0214
    8.0519
    8.0825
    8.1162
    8.1484
    8.1854
    8.2192
    8.2546
    8.2901
    8.3255
    8.3561
    8.3964
    8.4335
    8.4722
    8.5125
    8.5511
    8.5995
    8.6415
    8.6883
    8.7349
    8.7883
    8.8465
    8.8934
    8.9468
    9.0036
    9.0571
    9.1122
    9.1641
    9.2127
    9.2644
    9.3211
    9.3728
    9.4262
    9.4863
    9.5414
    9.5900
    9.6433
    9.6917
    9.7401
    9.7868
    9.8385
    9.8918
    9.9434
   10.0031
   10.0580
   10.1097
   10.1662
   10.2194
   10.2677
   10.3161
   10.3628
   10.4063
   10.4574
   10.5009
   10.5413
   10.5767
   10.6105
   10.6411
   10.6783
   10.7154
   10.7541
   10.7864
   10.8203
   10.8478
   10.8786
   10.9044
   10.9319
   10.9626
   10.9902
   11.0144
   11.0436
   11.0696
   11.0940
   11.1298
   11.1559
   11.1853
   11.2098
   11.2407
   11.2716
   11.2993
   11.3286
   11.3450
   11.3614
   11.3908
   11.4186
   11.4399
   11.4612
   11.4776
   11.4957
   11.5235
   11.5513
   11.5725
   11.5888
   11.6085
   11.6248
   11.6444
   11.6722
   11.6871
   11.7004
   11.7152
   11.7301
   11.7450
   11.7551
   11.7733
   11.7866
   11.8001
   11.8183
   11.8252
   11.8419
   11.8569
   11.8687
   11.8821
   11.8907
   11.8982
   11.9004
   11.9154
   11.9174
   11.9325
   11.9379
   11.9416
   11.9387
   11.9440
   11.9493
   11.9563
   11.9744
   11.9878
   12.0109
   12.0308
   12.0508
   12.0691
   12.0761
   12.0829
   12.0931
   12.1000
   12.0955
   12.0973
   12.0976
   12.1026
   12.0963
   12.0982
   12.1049
   12.1051
   12.1166
   12.1231
   12.1313
   12.1460
   12.1639
   12.1752
   12.1866
   12.2092
   12.2287
   12.2352
   12.2451
   12.2680
   12.2908
   12.3168
   12.3430
   12.3609
   12.3869
   12.4096
   12.4340
   12.4550
   12.4744
   12.4985
   12.5162
   12.5387
   12.5644
   12.5835
   12.6139
   12.6378
   12.6633
   12.6905
   12.7306
   12.7691
   12.8042
   12.8490
   12.8794
   12.9307
   12.9706
   13.0154
   13.0650
   13.1180
   13.1644
   13.2109
   13.2557
   13.2973
   13.3390
   13.3724
   13.4058
   13.4327
   13.4612
   13.4946
   13.5281
   13.5632
   13.5934
   13.6334
   13.6670
   13.7005
   13.7326
   13.7645
   13.7883
   13.8071
   13.8341
   13.8532
   13.8690
   13.8783
   13.8843
   13.8871
   13.8965
   13.9108
   13.9136
   13.9181
   13.9291
   13.9399
   13.9443
   13.9487
   13.9531
   13.9526
   13.9539
   13.9534
   13.9627
   13.9672
   13.9781
   13.9923
   14.0065
   14.0240
   14.0399
   14.0559
   14.0768
   14.0913
   14.1140
   14.1350
   14.1593
   14.1756
   14.1951
   14.2162
   14.2406
   14.2649
   14.2910
   14.3154
   14.3429
   14.3672
   14.3979
   14.4287
   14.4642
   14.4997
   14.5304
   14.5643
   14.5980
   14.6351
   14.6738
   14.7156
   14.7639
   14.8103
   14.8551
   14.9045
   14.9475
   14.9954
   15.0383
   15.0861
   15.1357
   15.1853
   15.2366
   15.2797
   15.3325
   15.3867
   15.4426
   15.4953
   15.5528
   15.6102
   15.6644
   15.7185
   15.7694
   15.8234
   15.8760
   15.9220
   15.9727
   16.0136
   16.0610
   16.1116
   16.1639
   16.2080
   16.2491
   16.2886
   16.3265
   16.3578
   16.3908
   16.4301
   16.4614
   16.4943
   16.5239
   16.5502
   16.5732
   16.5962
   16.6079
   16.6244
   16.6328
   16.6348
   16.6481
   16.6452
   16.6454
   16.6409
   16.6313
   16.6252
   16.6093
   16.5917
   16.5742
   16.5614
   16.5374
   16.5167
   16.4910
   16.4669
   16.4381
   16.4061
   16.3710
   16.3359
   16.2992
   16.2593
   16.2241
   16.1857
   16.1376
   16.0878
   16.0364
   15.9818
   15.9273
   15.8632
   15.7991
   15.7398
   15.6742
   15.6054
   15.5253
   15.4483
   15.3681
   15.2831
   15.1967
   15.1055
   15.0206
   14.9230
   14.8320
   14.7377
   14.6450
   14.5490
   14.4547
   14.3586
   14.2611
   14.1587
   14.0629
   13.9637
   13.8549
   13.7492
   13.6419
   13.5282
   13.4192
   13.3135
   13.2012
   13.1019
   12.9944
   12.8854
   12.7827
   12.6720
   12.5660
   12.4537
   12.3432
   12.2358
   12.1269
   12.0197
   11.9093
   11.7988
   11.6836
   11.5732
   11.4660
   11.3606
   11.2551
   11.1542
   11.0519
   10.9542
   10.8516
   10.7556
   10.6643
   10.5635
   10.4674
   10.3761
   10.2816
   10.1886
   10.0940
   10.0055
    9.9218
    9.8365
    9.7497
    9.6628
    9.5821
    9.5111
    9.4353
    9.3645
    9.2968
    9.2338
    9.1756
    9.1094
    9.0658
    8.9996
    8.9398
    8.8783
    8.8201
    8.7716
    8.7183
    8.6729
    8.6260
    8.5821
    8.5336
    8.4882
    8.4507
    8.4053
    8.3775
    8.3339
    8.2821
    8.2384
    8.1916
    8.1352
    8.0933
    8.0451
    7.9967
    7.9514
    7.9206
    7.8895
    7.8617
    7.8207
    7.7910
    7.7613
    7.7317
    7.7003
    7.6753
    7.6472
    7.6207
    7.5941
    7.5707
    7.5521
    7.5337
    7.5202
    7.5066
    7.4961
    7.4874
    7.4803
    7.4795
    7.4868
    7.4926
    7.5144
    7.5188
    7.5184
    7.5356
    7.5496
    7.5635
    7.5696
    7.5805
    7.5962
    7.6104
    7.6196
    7.6291
    7.6401
    7.6639
    7.6732
    7.7097
    7.7446
    7.7828
    7.8194
    7.8575
    7.9019
    7.9400
    7.9892
    8.0401
    8.0942
    8.1500
    8.1996
    8.2601
    8.3143
    8.3798
    8.4501
    8.5221
    8.5971
    8.6850
    8.7696
    8.8589
    8.9530
    9.0474
    9.1369
    9.2314
    9.3244
    9.4254
    9.5167
    9.6097
    9.6978
    9.7860
    9.8727
    9.9562
   10.0349
   10.1110
   10.1803
   10.2558
   10.3265
   10.4053
   10.4871
   10.5644
   10.6447
   10.7315
   10.8055
   10.8764
   10.9471
   11.0004
   11.0727
   11.1468
   11.2161
   11.2837
   11.3609
   11.4443
   11.5247
   11.6018
   11.6804
   11.7688
   11.8553
   11.9404
   12.0223
   12.1105
   12.1843
   12.2693
   12.3463
   12.4328
   12.5128
   12.5993
   12.6825
   12.7753
   12.8569
   12.9385
   13.0218
   13.1033
   13.1800
   13.2600
   13.3430
   13.4264
   13.4934
   13.5604
   13.2967
   13.0332
   12.7602
   12.4730
   12.1843
   11.8906
   11.5923
   11.2891
   10.9798
   10.6674
   10.3579
   10.0544
    9.7509
    9.4409
    9.1324
    8.8237
    8.5175
    8.2071
    7.8885
    7.5715
    7.2495
    6.9244
    6.6007
    6.2817
    5.9528
    5.6333
    5.3122
    5.0022
    4.6917
    4.3846
