27456.9160
27457.3223
27457.5938
27457.7305
27457.6797
27457.5703
27457.6699
27458.0078
27457.9922
27457.9434
27458.3027
27458.1797
27458.3262
27458.5527
27458.5449
27458.3535
27458.5137
27458.5801
27458.5039
27458.6738
27458.7695
27458.4160
27457.9922
27457.8633
27457.7363
27457.8887
27457.8203
27457.9922
27457.8516
27457.8496
27457.9023
27458.1074
27458.1934
27458.2070
27458.5254
27458.8867
27458.6719
27458.7598
27458.8516
27458.4980
27458.4434
27458.6270
27458.8398
27458.5840
27458.6309
27458.3359
27458.0547
27457.9062
27457.4785
27457.1914
27457.5098
27458.2617
27458.3867
27458.5195
27458.0195
27457.6445
27457.5625
27457.3613
27457.1680
27457.1250
27457.0645
27457.1758
27457.0488
27457.2949
27457.2207
27457.3086
27457.2891
27457.0547
27457.2344
27457.1387
27457.3730
27457.1250
27456.9629
27456.6191
27456.6211
27456.3672
27456.3652
27456.1973
27456.0430
27455.9551
27455.9746
27456.0098
27456.2812
27456.6270
27457.1230
27457.4980
27458.0391
27458.7246
27458.6973
27458.9902
27458.6230
27458.7832
27458.5098
27458.5215
27458.5488
27459.3281
27459.4160
27459.2324
27459.4258
27459.2715
27459.7520
27459.9629
27460.1387
27460.3320
27460.7012
27461.1953
27461.5000
27461.4531
27461.6035
27461.9922
27461.6855
27461.7422
27461.7988
27461.9062
27461.8340
27461.7617
27461.4492
27461.4473
27461.3887
27461.5352
27461.6230
27461.6211
27461.3262
27461.3730
27461.3848
27461.3711
27461.1641
27461.1074
27460.9863
27461.0332
27460.7969
27461.0273
27460.5312
27460.6836
27460.7402
27460.3184
27460.1562
27460.2559
27460.1719
27460.2188
27460.0742
27460.1113
27460.3281
27460.3262
27460.5840
27460.5430
27460.4004
27460.1230
27460.2422
27460.0664
27460.1309
27460.0059
27459.9590
27459.9219
27459.9590
27460.1035
27459.9316
27459.7715
27459.6875
27459.8535
27459.6895
27459.6191
27459.4238
27459.3457
27459.1738
27459.3828
27459.3242
27459.0566
27459.1680
27458.9160
27458.9824
27459.0566
27459.1855
27459.0586
27459.0957
27458.8379
27458.7891
27458.7910
27458.8379
27459.0117
27459.0469
27458.9629
27458.8379
27458.6426
27458.5664
27458.5547
27458.7656
27459.1016
27459.2793
27459.4844
27459.5879
27459.9082
27460.0840
27460.1641
27460.2109
27460.0918
27460.1211
27460.3027
27459.9121
27460.0000
27460.1348
27459.8809
27459.7715
27459.5898
27460.1152
27459.4570
27459.2461
27458.9609
27459.1641
27459.0703
27458.9355
27458.8496
27458.6641
27458.8867
27458.9492
27458.8242
27458.7402
27457.8223
27457.2266
27457.0879
27456.9863
27457.2891
27457.1602
27457.0156
27456.7012
27456.7949
27456.7988
27456.9434
27457.0879
27457.1230
27457.2070
27457.0742
27456.9141
27456.7656
27456.7676
27456.6094
27456.6992
27456.8457
27456.5449
27456.7383
27456.7324
27457.0898
27456.9688
27457.2090
27457.1934
27457.3359
27457.2578
27457.4785
27457.7910
27457.9258
27458.0781
27457.9297
27457.9043
27457.8418
27457.8848
27457.8730
27458.0254
27457.9629
27458.1621
27458.3613
27458.4551
27458.6426
27458.6172
27458.6914
27458.6465
27458.2285
27458.1016
27458.0078
27457.9355
27458.2871
27458.5352
27458.4824
27458.4805
27458.6895
27458.8047
27458.8613
27459.0625
27459.2578
27459.2324
27459.1445
27459.0254
27459.1816
27458.8340
27458.6797
27458.4277
27458.2793
27457.9902
27457.7578
27457.4746
27457.2207
27456.9160
27456.9277
27456.7324
27456.8047
27456.6602
27456.6133
27456.3145
27456.3242
27456.4766
27456.4551
27456.5215
27456.4844
27456.5371
27456.3340
27456.2852
27456.4883
27456.6367
27456.9902
27457.2246
27457.1289
27457.4258
27457.4863
27457.4492
27457.3945
27457.5508
27457.4922
27457.5352
27457.1836
27457.2930
27456.9570
27456.6914
27456.4453
27456.3965
27456.0430
27456.0449
27456.0410
27455.8848
27456.0293
27456.1250
27456.0352
27456.0332
27456.2402
27456.1465
27456.0684
27455.7988
27455.5996
27455.3457
27455.3418
27455.1621
27454.8125
27454.6543
27454.7422
27454.4453
27454.4082
27454.5547
27454.5547
27454.3613
27454.0762
27454.1758
27454.1289
27454.1270
27454.2266
27454.2246
27454.1680
27454.0137
27454.1016
27454.0117
27454.3066
27454.4102
27454.5273
27454.5586
27454.6055
27454.5020
27454.2461
27454.0488
27454.0957
27454.0938
27453.9922
27453.7910
27453.7480
27453.7949
27453.9453
27454.0996
27454.1836
27454.2539
27454.2559
27454.1562
27453.9160
27453.8047
27453.7051
27453.5566
27453.7129
27453.6113
27453.5645
27453.4668
27453.4277
27453.4688
27453.6660
27453.7090
27453.7070
27453.6992
27454.0488
27454.1367
27454.2910
27454.4453
27454.4922
27454.3867
27454.2441
27454.2910
27454.1895
27454.1367
27454.1855
27454.0625
27454.1250
27454.2598
27454.3555
27454.2949
27454.3906
27454.3770
27454.3730
27454.5215
27454.6641
27454.8086
27455.0059
27454.8965
27455.2012
27455.2969
27455.3457
27455.4844
27455.4316
27455.4805
27455.4238
27455.4160
27455.4062
27455.6055
27455.5449
27455.6875
27455.6855
27455.8340
27455.9785
27456.1719
27456.2715
27456.6211
27456.9746
27457.4473
27457.6289
27457.8301
27457.7383
27457.7402
27457.6855
27457.6289
27457.7832
27457.4668
27457.6680
27457.5215
27457.6211
27457.7246
27457.5723
27457.8809
27457.5684
27457.7754
27457.9258
27457.7734
27457.8750
27457.6504
27457.8672
27457.7598
27457.9609
27458.2656
27458.2129
27458.1602
27458.2109
27458.2578
27458.2480
27458.3496
27458.2969
27458.3457
27458.3887
27458.6914
27458.5801
27458.8477
27458.8242
27459.0254
27459.0938
27459.0762
27459.0684
27459.0625
27459.2070
27459.2637
27459.3105
27459.1523
27459.2012
27459.1543
27459.2500
27459.3516
27459.4023
27459.4980
27459.5957
27459.5410
27459.6387
27459.6895
27459.8340
27459.8848
27460.2305
27460.6230
27460.5723
27460.9609
27460.7598
27461.0000
27460.9453
27461.0938
27461.1855
27461.1895
27461.3867
27461.3887
27461.4355
27461.4355
27461.2266
27461.4199
27461.4180
27461.5117
27461.2617
27461.2578
27461.0566
27461.1562
27461.0566
27461.1641
27461.0684
27461.0234
27461.1309
27461.0859
27460.8438
27460.6465
27460.3965
27460.0449
27459.8418
27459.6875
27459.7305
27459.6250
27460.1738
27459.9746
27459.9727
27459.8203
27460.0664
27459.7148
27459.8125
27459.8125
27459.8613
27459.8164
27460.0195
27460.4238
27460.7246
27460.9297
27461.0293
27460.9824
27460.9277
27461.0234
27461.3184
27462.0215
27461.9199
27461.7715
27461.8164
27461.9629
27461.9082
27461.8086
27462.0039
27461.8496
27461.8965
27461.8418
27462.0371
27461.9844
27462.0352
27462.0840
27462.4336
27462.6816
27463.0293
27463.1934
27463.3262
27463.4219
27463.5215
27463.6172
27463.6172
27463.5176
27463.6660
27463.8164
27463.9648
27463.6133
27463.8145
27463.8145
27463.8652
27463.9141
27463.7148
27463.9609
27463.7129
27463.6094
27463.4570
27463.2617
27463.1660
27463.1641
27462.9688
27462.9727
27462.9727
27463.0215
27462.7715
27462.7227
27462.7715
27462.8730
27462.9727
27462.8691
27462.6641
27462.5645
27462.4629
27462.3145
27462.6133
27462.7637
27462.7109
27462.7949
27462.7617
27462.7598
27462.7598
27462.8594
27462.7598
27463.0078
27462.8574
27462.9062
27462.8730
27462.7559
27462.6055
27462.4531
27462.4551
27462.5020
27462.3496
27462.4492
27462.3477
27462.3477
27462.2969
27462.4473
27462.5469
27462.3965
27462.2461
27462.3965
27462.2441
27462.2441
27462.3457
27462.1953
27462.1953
27462.2930
27462.3926
27462.3906
27462.6367
27462.7344
27463.1855
27463.1855
27463.3828
27463.6309
27463.7793
27463.7285
27463.6270
27463.7266
27463.7754
27464.0234
27464.2227
27464.4238
27464.5195
27464.7188
27464.7656
27464.9648
27465.2129
27465.3125
27465.3125
27465.3105
27465.2617
27465.2090
27465.2090
27465.2598
27465.2578
27465.1582
27465.3066
27465.4062
27465.6055
27465.7539
27466.0020
27466.0000
27466.1992
27466.1973
27466.3965
27466.6445
27466.8945
27466.9434
27466.6934
27466.7422
27466.9434
27466.9414
27466.7422
27466.4902
27466.3398
27466.2383
27466.2871
27465.9844
27466.1836
27466.2832
27466.1309
27466.3789
27466.3789
27466.0781
27465.6270
27466.0254
27466.1758
27466.4258
27466.6270
27466.5742
27466.2227
27466.4727
27466.8730
27466.6699
27466.8691
27467.1680
27467.4668
27467.8145
27467.9141
27467.7617
27467.7617
27467.3594
27467.8574
27467.5566
27467.7051
27467.6035
27467.6035
27467.7012
27468.0508
27468.1484
27468.3477
27468.3457
27468.3457
27468.3926
27468.2422
27468.0898
27468.1387
27467.9863
27468.0352
27467.9336
27468.0332
27468.1309
27467.9805
27468.0293
27468.0293
27467.7773
27468.0762
27467.9258
27467.9746
27468.0234
27467.8223
27467.8223
27467.4219
27467.3711
27467.1699
27467.1211
27466.7188
27466.4180
27466.1680
27466.1191
27466.0176
27465.6172
27465.6660
27465.6191
27465.7168
27465.2188
27465.1191
27464.9199
27465.0195
27464.9199
27464.9199
27464.9688
27464.4707
27464.5195
27464.3711
27463.7207
27463.4688
27463.6211
27463.7695
27463.2207
27463.3730
27462.5254
27462.7754
27462.7773
27463.0254
27463.2246
27463.7695
27464.1680
27464.3125
27464.3613
27464.4590
27464.5059
27464.6016
27464.4004
27464.6992
27464.9961
27464.9922
27465.3398
27465.8379
27465.8340
27465.7344
27465.6367
27465.9336
27465.6836
27465.5840
27465.8320
27465.9844
27465.8848
27465.8340
27465.3359
27465.4336
27465.5801
27465.7793
27465.8281
27466.0254
27466.5703
27466.6660
27466.9141
27467.5117
27467.4590
27468.1035
27468.4004
27468.1504
27468.4980
27468.7949
27468.9922
27469.2402
27469.3359
27469.6836
27469.5332
27469.5332
27469.4336
27469.5273
27469.8789
27469.0781
27469.1738
27469.0234
27468.8164
27468.7168
27468.6641
27468.7109
27469.3574
27469.2539
27468.8477
27469.0488
27468.7949
27468.4883
27468.2402
27468.3340
27467.7363
27467.4805
27467.8652
27468.0605
27468.2441
27468.1953
27467.9414
27467.8945
27467.3496
27467.0566
27467.2051
27467.3555
27467.0996
27467.3477
27467.4922
27468.0859
27468.9785
27469.3750
27469.1738
27468.7852
27468.3496
27467.8027
27467.5078
27467.2090
27467.0586
27466.8594
27466.4590
27466.5547
27466.0527
27465.9043
27465.8535
27466.0547
27465.9043
27466.0078
27466.1660
27466.0137
27466.3184
27466.6289
27466.6777
27466.6309
27466.9336
27467.0859
27467.2852
27467.4883
27467.5488
27467.6465
27467.3906
27467.8965
27467.9004
27468.2969
27468.3516
27468.6074
27468.5078
27468.9590
27468.9102
27469.0625
27469.0586
27468.9141
27468.9688
27468.7617
27468.7617
27468.6582
27468.9102
27469.2656
27469.6680
27469.7168
27470.0645
27469.9160
27470.1660
27470.5215
27470.5156
27470.6680
27470.8184
27471.0645
27471.2109
27471.1094
27471.2617
27471.6172
27471.7070
27471.7109
27471.6562
27471.3008
27471.4512
27471.4434
27471.3398
27471.4805
27471.3301
27471.1289
27471.2715
27471.4707
27471.5137
27471.5625
27471.8594
27472.0078
27472.0527
27471.9043
27472.2539
27472.2988
27472.5957
27472.5391
27472.5918
27472.9961
27473.1875
27473.3379
27473.7383
27473.8359
27474.0840
27474.3340
27474.2754
27474.5273
27474.5273
27474.7754
27475.0762
27474.8770
27475.1230
27475.5723
27475.6680
27475.6680
27475.7109
27476.0156
27476.1641
27476.2109
27476.2637
27476.6191
27476.7598
27477.0098
27476.8652
27476.8145
27477.1094
27477.1562
27477.0586
27477.3086
27477.4551
27477.2129
27477.2148
27477.4160
27477.4512
27477.6055
27478.0020
27478.1934
27478.4434
27478.3379
27478.2871
27478.1543
27479.2266
27479.0859
27478.8438
27479.4375
27479.2324
27479.5293
27479.7285
27479.6797
27479.8223
27479.9238
27479.8203
27480.1680
27480.2715
27480.3184
27480.3594
27480.3652
27480.6582
27480.5625
27480.3652
27480.3691
27480.3145
27480.4727
27480.5664
27480.8145
27480.8125
27480.6641
27480.7559
27480.5137
27480.8066
27480.5195
27480.5215
27480.6172
27480.4688
27480.6680
27480.5273
27480.6289
27480.6289
27480.4277
27480.3145
27480.3887
27480.1836
27480.2422
27480.4473
27480.4473
27480.3516
27480.5391
27480.8887
27480.9355
27481.2383
27481.4746
27481.6270
27481.9238
27482.0293
27482.1777
27482.0508
27482.3203
27482.3203
27482.5195
27482.3145
27482.5684
27482.5703
27482.7285
27482.9277
27482.9277
27483.1641
27483.2812
27483.4199
27483.7129
27484.0000
27484.5391
27484.8770
27484.9219
27485.2129
27485.1641
27485.2070
27485.0547
27485.0234
27485.0215
27484.7188
27484.5273
27484.3828
27483.8496
27483.6172
27483.4395
27483.1270
27482.8359
27482.6445
27482.8516
27482.6094
27482.4199
27481.9785
27482.0332
27482.2832
27482.2754
27482.3770
27482.4316
27482.5234
27482.7656
27482.6152
27482.8594
27483.2012
27483.3789
27483.2930
27483.4258
27483.4727
27483.1387
27483.2871
27483.1797
27482.7227
27482.8320
27482.0215
27481.9316
27481.6309
27481.5410
27481.5996
27481.6973
27481.8555
27481.6602
27481.7168
27481.3613
27481.3984
27481.1895
27481.2930
27481.4004
27481.3906
27481.8906
27481.8223
27481.8789
27481.8613
27481.6719
27481.8398
27481.4277
27481.0312
27480.7266
27480.1738
27479.8105
27479.3652
27479.0957
27479.2090
27479.1406
27478.9453
27478.3789
27478.7812
27478.4863
27478.1406
27478.2012
27477.8926
27477.3906
27476.8438
27476.5859
27476.5469
27476.2930
27476.1660
27475.9746
27476.3945
27476.0371
27475.6504
27475.5664
27475.4473
27475.5312
27475.3262
27475.3730
27475.4863
27474.9375
27474.4863
27474.4863
27474.3359
27474.6543
27474.3359
27474.2891
27474.0879
27473.9785
27474.0527
27473.7344
27473.7031
27473.4121
27473.2656
27473.0586
27472.8105
27472.6641
27472.4336
27472.6719
27472.6641
27472.9668
27472.7148
27472.9336
27473.0273
27473.3555
27473.4512
27473.6074
27473.6172
27473.6113
27473.1543
27472.7969
27472.1270
27472.2734
27471.6172
27471.6699
27471.8223
27471.3457
27471.1328
27471.5195
27471.3145
27471.2031
27470.9805
27471.2793
27471.1172
27471.1172
27471.0645
27471.1973
27470.9395
27470.9336
27470.4590
27470.2383
27469.9863
27469.8242
27469.4180
27469.3594
27468.9941
27468.5449
27468.2344
27468.2910
27467.8906
27467.9336
27467.8555
27467.8184
27467.3652
27467.2637
27467.4297
27467.6973
27467.8340
27467.6348
27468.0586
27468.1543
27468.4570
27468.3672
27468.2988
27467.9453
27467.9355
27467.7715
27468.1680
27468.4668
27468.7090
27468.5605
27468.7012
27468.4902
27468.4805
27468.6016
27468.3848
27468.2480
27468.1895
27467.9043
27467.5840
27467.5293
27467.0547
27466.5820
27465.9805
27466.0176
27466.3633
27466.0371
27465.4453
27465.1602
27464.9609
27464.7793
27465.1113
27466.2578
27466.1992
27465.7891
27465.8770
27466.6543
27466.5957
27463.9395
27464.8008
27464.6270
27464.5742
27464.4473
27464.5410
27464.0996
27463.9883
27464.1934
27463.9219
27463.8125
27464.0469
27463.5938
27463.6934
27463.4258
27463.3145
27463.2617
27463.0664
27462.9180
27462.8340
27463.1465
27462.9570
27463.2148
27463.0723
27462.8613
27462.7969
27462.5957
27462.4121
27462.8477
27462.7539
27462.8301
27462.7930
27462.3809
27462.3223
27461.8379
27461.8301
27461.5371
27461.1777
27461.3359
27461.5020
27461.8945
27461.7363
27461.9766
27461.8633
27462.1094
27461.3203
27461.2090
27460.9902
27460.9941
27460.6406
27460.4883
27460.6211
27460.9160
27461.0566
27460.9551
27461.1074
27460.5430
27460.6816
27460.9648
27461.0117
27460.9688
27461.0918
27461.2207
27461.2715
27461.4902
27461.5723
27461.2949
27460.9805
27460.7754
27460.7520
27460.8809
27460.4629
27460.9258
27460.9199
27460.5410
27460.2227
27459.6660
27459.2969
27459.1562
27459.3203
27459.0059
27458.9941
27458.9043
27459.1582
27459.2148
27459.0312
27459.3594
27459.4238
27459.5508
27459.6504
27459.8926
27460.1797
27460.4922
27460.9102
27460.7617
27460.8086
27460.9336
27460.9570
27460.9727
27460.9219
27460.9844
27461.4336
27461.2051
27460.9883
27461.0371
27461.0039
27460.8457
27460.4688
27460.7148
27460.6680
27460.3887
27460.4473
27460.8066
27460.8066
27460.8398
27460.8047
27461.1504
27461.4297
27461.4082
27461.5039
27461.7246
27461.6895
27461.6797
27461.7188
27461.8594
27461.8926
27461.9043
27461.9043
27461.8379
27461.6504
27461.3789
27461.3887
27461.4121
27461.5391
27461.5273
27461.6680
27461.7051
27461.9102
27462.1465
27461.8926
27462.0703
27462.1602
27461.7383
27461.8789
27462.0703
27462.2383
27462.1113
27462.2031
27462.2070
27462.5840
27462.8711
27462.8164
27462.4102
27462.6641
27462.4238
27462.7754
27462.5840
27463.0566
27462.9492
27463.0684
27463.1094
27463.0137
27463.1465
27463.0117
27462.9336
27463.0469
27463.1387
27463.1035
27463.2188
27463.1855
27463.1797
27463.3926
27463.5996
27463.5918
27463.7520
27463.5527
27463.7988
27463.7441
27463.8574
27463.6660
27463.8789
27463.9473
27463.6543
27463.3281
27462.8770
