   -2.2724
   -2.2271
   -2.1692
   -2.1066
   -2.0402
   -1.9849
   -1.9420
   -1.9122
   -1.8843
   -1.8566
   -1.8234
   -1.7845
   -1.7418
   -1.6943
   -1.6444
   -1.5932
   -1.5389
   -1.4860
   -1.4393
   -1.3918
   -1.3460
   -1.3028
   -1.2622
   -1.2281
   -1.1987
   -1.1678
   -1.1375
   -1.1068
   -1.0759
   -1.0426
   -1.0174
   -1.0064
   -0.9909
   -0.9784
   -0.9759
   -0.9750
   -0.9698
   -0.9723
   -0.9762
   -0.9789
   -0.9838
   -0.9819
   -0.9771
   -0.9645
   -0.9529
   -0.9451
   -0.9402
   -0.9399
   -0.9480
   -0.9631
   -0.9739
   -0.9805
   -0.9735
   -0.9561
   -0.9220
   -0.8781
   -0.8241
   -0.7743
   -0.7200
   -0.6760
   -0.6426
   -0.6166
   -0.5965
   -0.5835
   -0.5727
   -0.5686
   -0.5543
   -0.5317
   -0.4959
   -0.4526
   -0.4116
   -0.3773
   -0.3502
   -0.3261
   -0.3050
   -0.2863
   -0.2702
   -0.2569
   -0.2374
   -0.2248
   -0.2078
   -0.1891
   -0.1659
   -0.1413
   -0.1179
   -0.0936
   -0.0728
   -0.0600
   -0.0506
   -0.0463
   -0.0404
   -0.0355
   -0.0286
   -0.0180
   -0.0076
    0.0052
    0.0177
    0.0269
    0.0329
    0.0375
    0.0334
    0.0257
    0.0145
    0.0014
   -0.0159
   -0.0363
   -0.0540
   -0.0658
   -0.0688
   -0.0647
   -0.0513
   -0.0349
   -0.0188
   -0.0134
   -0.0120
   -0.0276
   -0.0438
   -0.0689
   -0.0914
   -0.1160
   -0.1364
   -0.1500
   -0.1672
   -0.1865
   -0.2116
   -0.2366
   -0.2630
   -0.2970
   -0.3290
   -0.3591
   -0.3949
   -0.4276
   -0.4654
   -0.4996
   -0.5382
   -0.5771
   -0.6211
   -0.6673
   -0.7147
   -0.7625
   -0.8070
   -0.8537
   -0.9029
   -0.9584
   -1.0112
   -1.0647
   -1.1194
   -1.1760
   -1.2269
   -1.2770
   -1.3230
   -1.3698
   -1.4155
   -1.4676
   -1.5182
   -1.5705
   -1.6251
   -1.6846
   -1.7461
   -1.8002
   -1.8495
   -1.8970
   -1.9383
   -1.9740
   -2.0002
   -2.0163
   -2.0265
   -2.0316
   -2.0342
   -2.0313
   -2.0227
   -2.0192
   -2.0176
   -2.0259
   -2.0325
   -2.0468
   -2.0589
   -2.0810
   -2.0984
   -2.1151
   -2.1301
   -2.1447
   -2.1615
   -2.1812
   -2.1973
   -2.2119
   -2.2323
   -2.2532
   -2.2713
   -2.2919
   -2.3180
   -2.3410
   -2.3699
   -2.3914
   -2.4169
   -2.4437
   -2.4702
   -2.4933
   -2.5154
   -2.5356
   -2.5590
   -2.5750
   -2.5880
   -2.5989
   -2.6028
   -2.6162
   -2.6296
   -2.6404
   -2.6571
   -2.6720
   -2.6879
   -2.7067
   -2.7264
   -2.7457
   -2.7643
   -2.7909
   -2.8144
   -2.8333
   -2.8509
   -2.8606
   -2.8628
   -2.8905
   -2.9062
   -2.9235
   -2.9485
   -2.9799
   -3.0188
   -3.0649
   -3.1100
   -3.1592
   -3.2147
   -3.2750
   -3.3406
   -3.4007
   -3.4628
   -3.5241
   -3.5786
   -3.6369
   -3.6868
   -3.7387
   -3.7909
   -3.8356
   -3.8877
   -3.9354
   -3.9778
   -4.0206
   -4.0642
   -4.1019
   -4.1399
   -4.1765
   -4.2148
   -4.2498
   -4.2851
   -4.3116
   -4.3370
   -4.3578
   -4.3810
   -4.4032
   -4.4189
   -4.4303
   -4.4421
   -4.4519
   -4.4660
   -4.4781
   -4.4913
   -4.5139
   -4.5320
   -4.5557
   -4.5816
   -4.5980
   -4.6200
   -4.6394
   -4.6540
   -4.6595
   -4.6680
   -4.6713
   -4.6750
   -4.6834
   -4.6977
   -4.7091
   -4.7291
   -4.7534
   -4.7586
   -4.7745
   -4.7843
   -4.7927
   -4.8021
   -4.8105
   -4.8092
   -4.8023
   -4.7982
   -4.7939
   -4.7861
   -4.7714
   -4.7666
   -4.7591
   -4.7499
   -4.7492
   -4.7481
   -4.7553
   -4.7771
   -4.8076
   -4.8493
   -4.8815
   -4.9193
   -4.9557
   -4.9929
   -5.0281
   -5.0673
   -5.1100
   -5.1524
   -5.1920
   -5.2360
   -5.2780
   -5.3293
   -5.3825
   -5.4443
   -5.5020
   -5.5638
   -5.6362
   -5.7102
   -5.7910
   -5.8726
   -5.9568
   -6.0507
   -6.1434
   -6.2344
   -6.3323
   -6.4241
   -6.5159
   -6.6021
   -6.6749
   -6.7456
   -6.8157
   -6.8905
   -6.9622
   -7.0331
   -7.0989
   -7.1624
   -7.2223
   -7.2777
   -7.3290
   -7.3803
   -7.4225
   -7.4635
   -7.5083
   -7.5511
   -7.5979
   -7.6494
   -7.7058
   -7.7701
   -7.8297
   -7.8901
   -7.9488
   -8.0084
   -8.0616
   -8.1062
   -8.1464
   -8.1773
   -8.2009
   -8.2141
   -8.2127
   -8.2002
   -8.1778
   -8.1547
   -8.1279
   -8.0995
   -8.0752
   -8.0474
   -8.0195
   -7.9869
   -7.9580
   -7.9330
   -7.9016
   -7.8677
   -7.8269
   -7.7822
   -7.7297
   -7.6719
   -7.6077
   -7.5368
   -7.4639
   -7.3879
   -7.3106
   -7.2218
   -7.1245
   -7.0242
   -6.9203
   -6.8105
   -6.7110
   -6.6217
   -6.5466
   -6.4853
   -6.4234
   -6.3676
   -6.3134
   -6.2580
   -6.2042
   -6.1442
   -6.0866
   -6.0320
   -5.9797
   -5.9238
   -5.8740
   -5.8330
   -5.7922
   -5.7549
   -5.7157
   -5.6724
   -5.6308
   -5.5899
   -5.5518
   -5.5158
   -5.4765
   -5.4428
   -5.4039
   -5.3686
   -5.3329
   -5.3058
   -5.2814
   -5.2575
   -5.2365
   -5.2163
   -5.1965
   -5.1801
   -5.1624
   -5.1456
   -5.1306
   -5.1151
   -5.0987
   -5.0819
   -5.0606
   -5.0348
   -5.0033
   -4.9718
   -4.9423
   -4.9170
   -4.8953
   -4.8753
   -4.8602
   -4.8512
   -4.8448
   -4.8407
   -4.8347
   -4.8261
   -4.8217
   -4.8174
   -4.8172
   -4.8179
   -4.8152
   -4.8021
   -4.7761
   -4.7423
   -4.7060
   -4.6687
   -4.6275
   -4.5872
   -4.5461
   -4.5067
   -4.4738
   -4.4352
   -4.3922
   -4.3500
   -4.3118
   -4.2725
   -4.2351
   -4.2019
   -4.1724
   -4.1469
   -4.1227
   -4.0953
   -4.0688
   -4.0418
   -4.0165
   -3.9953
   -3.9668
   -3.9423
   -3.9146
   -3.8865
   -3.8544
   -3.8251
   -3.7982
   -3.7738
   -3.7453
   -3.7201
   -3.6936
   -3.6667
   -3.6398
   -3.6137
   -3.5883
   -3.5679
   -3.5438
   -3.5233
   -3.5021
   -3.4825
   -3.4653
   -3.4498
   -3.4317
   -3.4132
   -3.3985
   -3.3796
   -3.3599
   -3.3395
   -3.3191
   -3.3020
   -3.2869
   -3.2750
   -3.2615
   -3.2480
   -3.2300
   -3.2124
   -3.1952
   -3.1790
   -3.1570
   -3.1348
   -3.1123
   -3.0902
   -3.0651
   -3.0413
   -3.0163
   -2.9895
   -2.9652
   -2.9453
   -2.9230
   -2.9015
   -2.8805
   -2.8558
   -2.8287
   -2.7996
   -2.7721
   -2.7466
   -2.7177
   -2.6844
   -2.6502
   -2.6140
   -2.5762
   -2.5444
   -2.5127
   -2.4806
   -2.4510
   -2.4229
   -2.3940
   -2.3643
   -2.3322
   -2.2963
   -2.2552
   -2.2136
   -2.1733
   -2.1351
   -2.0972
   -2.0529
   -2.0061
   -1.9592
   -1.9083
   -1.8562
   -1.8028
   -1.7494
   -1.6957
   -1.6449
   -1.5965
   -1.5473
   -1.4996
   -1.4508
   -1.4007
   -1.3489
   -1.2938
   -1.2417
   -1.1878
   -1.1402
   -1.0909
   -1.0477
   -1.0066
   -0.9627
   -0.9189
   -0.8793
   -0.8355
   -0.7930
   -0.7522
   -0.7135
   -0.6752
   -0.6378
   -0.6036
   -0.5673
   -0.5282
   -0.4899
   -0.4484
   -0.4006
   -0.3495
   -0.2923
   -0.2338
   -0.1766
   -0.1187
   -0.0673
   -0.0192
    0.0290
    0.0780
    0.1286
    0.1797
    0.2284
    0.2779
    0.3267
    0.3758
    0.4258
    0.4737
    0.5196
    0.5581
    0.5934
    0.6283
    0.6627
    0.7001
    0.7379
    0.7700
    0.8022
    0.8326
    0.8611
    0.8879
    0.9151
    0.9448
    0.9762
    1.0104
    1.0466
    1.0854
    1.1229
    1.1612
    1.1971
    1.2276
    1.2582
    1.2895
    1.3221
    1.3547
    1.3897
    1.4272
    1.4648
    1.5023
    1.5387
    1.5746
    1.6093
    1.6408
    1.6747
    1.7078
    1.7405
    1.7764
    1.8124
    1.8491
    1.8862
    1.9216
    1.9571
    1.9872
    2.0156
    2.0342
    2.0479
    2.0600
    2.0659
    2.0772
    2.0884
    2.0984
    2.1093
    2.1197
    2.1321
    2.1471
    2.1632
    2.1846
    2.2044
    2.2288
    2.2540
    2.2796
    2.3036
    2.3304
    2.3584
    2.3857
    2.4101
    2.4365
    2.4703
    2.5070
    2.5527
    2.6102
    2.6784
    2.7528
    2.8300
    2.9060
    2.9816
    3.0543
    3.1283
    3.2055
    3.2774
    3.3494
    3.4205
    3.4867
    3.5480
    3.6065
    3.6621
    3.7116
    3.7553
    3.7945
    3.8287
    3.8613
    3.8906
    3.9158
    3.9422
    3.9658
    3.9882
    4.0130
    4.0345
    4.0567
    4.0782
    4.0998
    4.1221
    4.1449
    4.1689
    4.1912
    4.2213
    4.2601
    4.3036
    4.3531
    4.4067
    4.4615
    4.5175
    4.5735
    4.6279
    4.6840
    4.7380
    4.7887
    4.8353
    4.8807
    4.9229
    4.9638
    5.0022
    5.0459
    5.0888
    5.1297
    5.1714
    5.2135
    5.2548
    5.2896
    5.3185
    5.3389
    5.3417
    5.3351
    5.3190
    5.3034
    5.2911
    5.2799
    5.2700
    5.2556
    5.2379
    5.2243
    5.2140
    5.2110
    5.2126
    5.2198
    5.2275
    5.2393
    5.2556
    5.2755
    5.3013
    5.3295
    5.3609
    5.4010
    5.4419
    5.4848
    5.5298
    5.5732
    5.6157
    5.6583
    5.6963
    5.7323
    5.7708
    5.8040
    5.8375
    5.8636
    5.8906
    5.9143
    5.9334
    5.9590
    5.9896
    6.0207
    6.0547
    6.0900
    6.1218
    6.1534
    6.1894
    6.2283
    6.2622
    6.2978
    6.3387
    6.3767
    6.4167
    6.4609
    6.5060
    6.5470
    6.5895
    6.6334
    6.6801
    6.7236
    6.7666
    6.8133
    6.8559
    6.9133
    6.9662
    7.0216
    7.0728
    7.1179
    7.1589
    7.2040
    7.2516
    7.3021
    7.3518
    7.4044
    7.4582
    7.5166
    7.5767
    7.6412
    7.7066
    7.7731
    7.8471
    7.9197
    7.9953
    8.0697
    8.1388
    8.2085
    8.2786
    8.3463
    8.4214
    8.4953
    8.5663
    8.6434
    8.7316
    8.8195
    8.9073
    8.9950
    9.0902
    9.1837
    9.2801
    9.3823
    9.4770
    9.5693
    9.6563
    9.7392
    9.8175
    9.9009
    9.9817
   10.0540
   10.1218
   10.1975
   10.2677
   10.3351
   10.4042
   10.4717
   10.5376
   10.6010
   10.6682
   10.7320
   10.7946
   10.8563
   10.9152
   10.9766
   11.0326
   11.0898
   11.1377
   11.1826
   11.2300
   11.2779
   11.3287
   11.3811
   11.4352
   11.4897
   11.5397
   11.5921
   11.6363
   11.6760
   11.7041
   11.7323
   11.7497
   11.7610
   11.7658
   11.7694
   11.7689
   11.7712
   11.7708
   11.7637
   11.7555
   11.7486
   11.7388
   11.7238
   11.7161
   11.7196
   11.7286
   11.7285
   11.7247
   11.7280
   11.7318
   11.7335
   11.7344
   11.7304
   11.7202
   11.7113
   11.6975
   11.6841
   11.6715
   11.6635
   11.6493
   11.6299
   11.6083
   11.5892
   11.5670
   11.5485
   11.5293
   11.5099
   11.4901
   11.4707
   11.4469
   11.4208
   11.4001
   11.3752
   11.3531
   11.3331
   11.3155
   11.3056
   11.2957
   11.2829
   11.2837
   11.2750
   11.2713
   11.2687
   11.2665
   11.2632
   11.2597
   11.2645
   11.2639
   11.2690
   11.2767
   11.2880
   11.2989
   11.3141
   11.3408
   11.3731
   11.4051
   11.4420
   11.4789
   11.5195
   11.5632
   11.6068
   11.6450
   11.6902
   11.7330
   11.7687
   11.7981
   11.8234
   11.8483
   11.8732
   11.8952
   11.9123
   11.9291
   11.9533
   11.9750
   11.9970
   12.0165
   12.0361
   12.0540
   12.0736
   12.0943
   12.1162
   12.1533
   12.1801
   12.2135
   12.2468
   12.2811
   12.3163
   12.3535
   12.3935
   12.4315
   12.4707
   12.5099
   12.5460
   12.5825
   12.6076
   12.6397
   12.6641
   12.6795
   12.6951
   12.7114
   12.7151
   12.7284
   12.7343
   12.7431
   12.7519
   12.7566
   12.7585
   12.7575
   12.7567
   12.7498
   12.7337
   12.7159
   12.6932
   12.6708
   12.6419
   12.6132
   12.5824
   12.5565
   12.5302
   12.5059
   12.4893
   12.4703
   12.4479
   12.4097
   12.3680
   12.3218
   12.2697
   12.2156
   12.1581
   12.1015
   12.0440
   11.9880
   11.9352
   11.8737
   11.8208
   11.7736
   11.7265
   11.6802
   11.6302
   11.5756
   11.5144
   11.4578
   11.3913
   11.3388
   11.2823
   11.2248
   11.1725
   11.1186
   11.0589
   10.9960
   10.9351
   10.8750
   10.8145
   10.7502
   10.6863
   10.6245
   10.5577
   10.4908
   10.4285
   10.3699
   10.3068
   10.2482
   10.1859
   10.1224
   10.0531
    9.9859
    9.9187
    9.8544
    9.7823
    9.7133
    9.6492
    9.5929
    9.5401
    9.4933
    9.4514
    9.4048
    9.3577
    9.3081
    9.2532
    9.1893
    9.1239
    9.0495
    8.9823
    8.9189
    8.8638
    8.8147
    8.7678
    8.7245
    8.6808
    8.6387
    8.5949
    8.5527
    8.5132
    8.4760
    8.4437
    8.4043
    8.3571
    8.3094
    8.2666
    8.2234
    8.1865
    8.1447
    8.0935
    8.0498
    7.9943
    7.9355
    7.8767
    7.8058
    7.7340
    7.6622
    7.5927
    7.5229
    7.4539
    7.3834
    7.3136
    7.2451
    7.1810
    7.1133
    7.0449
    6.9805
    6.9088
    6.8415
    6.7743
    6.7044
    6.6375
    6.5718
    6.4983
    6.4176
    6.3377
    6.2580
    6.1785
    6.0950
    6.0096
    5.9270
    5.8398
    5.7494
    5.6609
    5.5671
    5.4755
    5.3827
    5.2907
    5.1967
    5.1053
    5.0115
    4.9111
    4.8169
    4.7193
    4.6249
    4.5301
    4.4361
    4.3409
    4.2427
    4.1431
    4.0368
    3.9317
    3.8213
    3.7170
    3.6191
    3.5211
    3.4210
    3.3245
    3.2264
    3.1368
    3.0504
    2.9589
    2.8782
    2.7955
    2.7088
    2.6285
    2.5507
    2.4769
    2.3972
    2.3159
    2.2302
    2.1522
    2.0709
    1.9899
    1.9134
    1.8414
    1.7757
    1.7032
    1.6377
    1.5723
    1.5048
    1.4398
    1.3703
    1.3039
    1.2470
    1.1984
    1.1497
    1.1058
    1.0626
    1.0258
    0.9846
    0.9394
    0.8980
    0.8510
    0.8115
    0.7743
    0.7393
    0.7050
    0.6740
    0.6468
    0.6212
    0.5955
    0.5719
    0.5475
    0.5242
    0.5007
    0.4767
    0.4488
    0.4202
    0.4001
    0.3803
    0.3604
    0.3388
    0.3236
    0.3037
    0.2811
    0.2631
    0.2437
    0.2273
    0.2059
    0.1855
    0.1663
    0.1452
    0.1214
    0.0987
    0.0804
    0.0584
    0.0360
    0.0132
   -0.0007
   -0.0125
   -0.0144
   -0.0236
   -0.0324
   -0.0453
   -0.0594
   -0.0775
   -0.1006
   -0.1179
   -0.1359
   -0.1537
   -0.1713
   -0.1913
   -0.2053
   -0.2243
   -0.2445
   -0.2634
   -0.2806
   -0.3004
   -0.3198
   -0.3429
   -0.3679
   -0.3907
   -0.4125
   -0.4226
   -0.4418
   -0.4599
   -0.4787
   -0.4993
   -0.5216
   -0.5481
   -0.5859
   -0.6269
   -0.6669
   -0.7029
   -0.7383
   -0.7736
   -0.8059
   -0.8328
   -0.8607
   -0.8928
   -0.9256
   -0.9582
   -0.9918
   -1.0314
   -1.0753
   -1.1230
   -1.1717
   -1.2221
   -1.2777
   -1.3344
   -1.3920
   -1.4500
   -1.5080
   -1.5614
   -1.6109
   -1.6554
   -1.6984
   -1.7411
   -1.7888
   -1.8423
   -1.8970
   -1.9557
   -2.0147
   -2.0764
   -2.1256
   -2.1741
   -2.2244
   -2.2713
   -2.3235
   -2.3715
   -2.4227
   -2.4746
   -2.5221
   -2.5681
   -2.6111
   -2.6526
   -2.6959
   -2.7398
   -2.7765
   -2.8123
   -2.8523
   -2.8848
   -2.9208
   -2.9635
   -3.0130
   -3.0555
   -3.0982
   -3.1462
   -3.1937
   -3.2386
   -3.2840
   -3.3188
   -3.3500
   -3.3817
   -3.4160
   -3.4494
   -3.4891
   -3.5284
   -3.5744
   -3.6158
   -3.6592
   -3.7015
   -3.7454
   -3.7853
   -3.8275
   -3.8593
   -3.8906
   -3.9239
   -3.9493
   -3.9771
   -4.0022
   -4.0292
   -4.0564
   -4.0770
   -4.0977
   -4.1225
   -4.1542
   -4.1883
   -4.2216
   -4.2442
   -4.2633
   -4.2753
   -4.2882
   -4.2975
   -4.2952
   -4.3019
   -4.3099
   -4.3145
   -4.3154
   -4.3202
   -4.3325
   -4.3432
   -4.3507
   -4.3554
   -4.3664
   -4.3805
   -4.3929
   -4.4082
   -4.4269
   -4.4474
   -4.4745
   -4.4974
   -4.5167
   -4.5300
   -4.5401
   -4.5490
   -4.5600
   -4.5651
   -4.5701
   -4.5688
   -4.5665
   -4.5617
   -4.5607
   -4.5630
   -4.5600
   -4.5614
   -4.5616
   -4.5597
   -4.5551
   -4.5455
   -4.5347
   -4.5212
   -4.5056
   -4.4855
   -4.4714
   -4.4505
   -4.4363
   -4.4197
   -4.3981
   -4.3800
   -4.3528
   -4.3255
   -4.3002
   -4.2737
   -4.2512
   -4.2300
   -4.2081
   -4.1840
   -4.1561
   -4.1279
   -4.1038
   -4.0833
   -4.0646
   -4.0516
   -4.0372
   -4.0269
   -4.0133
   -3.9952
   -3.9725
   -3.9528
   -3.9246
   -3.8947
   -3.8603
   -3.8294
   -3.7967
   -3.7384
   -3.6842
   -3.6331
   -3.5706
   -3.5040
   -3.4419
   -3.3711
   -3.2957
   -3.2202
   -3.1441
   -3.0710
   -2.9987
   -2.9312
   -2.8672
   -2.8015
   -2.7395
   -2.6824
   -2.6267
   -2.5636
   -2.5039
   -2.4463
   -2.3926
   -2.3407
   -2.2891
   -2.2474
   -2.2107
   -2.1755
   -2.1469
   -2.1169
   -2.0810
