 -26.0090
 -26.3227
 -26.6362
 -26.9557
 -27.2843
 -27.6142
 -27.9421
 -28.2635
 -28.5742
 -28.8645
 -29.1483
 -29.4227
 -29.6830
 -29.9168
 -30.1277
 -30.3244
 -30.5192
 -30.7136
 -30.9140
 -31.1174
 -31.3236
 -31.5280
 -31.7368
 -31.9439
 -32.1522
 -32.3556
 -32.5635
 -32.7742
 -32.9892
 -33.2073
 -33.4223
 -33.4334
 -33.4433
 -33.4577
 -33.4706
 -33.4806
 -33.4952
 -33.5240
 -33.5587
 -33.5933
 -33.6169
 -33.6337
 -33.6517
 -33.6666
 -33.6797
 -33.6924
 -33.7035
 -33.7086
 -33.7110
 -33.7084
 -33.6999
 -33.6854
 -33.6616
 -33.6266
 -33.5803
 -33.5321
 -33.4791
 -33.4199
 -33.3515
 -33.2710
 -33.1874
 -33.0931
 -32.9879
 -32.8671
 -32.7308
 -32.5803
 -32.4189
 -32.2467
 -32.0699
 -31.8931
 -31.7131
 -31.5251
 -31.3278
 -31.1212
 -30.9127
 -30.6946
 -30.4737
 -30.2607
 -30.0524
 -29.8317
 -29.5831
 -29.3112
 -29.0160
 -28.6959
 -28.3760
 -28.0577
 -27.7504
 -27.4477
 -27.1419
 -26.8316
 -26.5184
 -26.1990
 -25.8750
 -25.5463
 -25.2192
 -24.8904
 -24.5614
 -24.2154
 -23.8802
 -23.5405
 -23.1931
 -22.8427
 -22.4936
 -22.1506
 -21.8140
 -21.4791
 -21.1458
 -20.8188
 -20.6218
 -20.4177
 -20.1027
 -19.7958
 -19.4953
 -19.1979
 -18.9038
 -18.6196
 -18.3458
 -18.0636
 -17.7797
 -17.5051
 -17.2384
 -16.9763
 -16.7300
 -16.4952
 -16.2747
 -16.0669
 -15.8655
 -15.6803
 -15.5065
 -15.3247
 -15.1413
 -14.9693
 -14.8118
 -14.6687
 -14.5319
 -14.4017
 -14.2827
 -14.1650
 -14.0409
 -13.9151
 -13.7908
 -13.6762
 -13.5693
 -13.4740
 -13.3836
 -13.2675
 -13.1259
 -12.9666
 -12.7944
 -12.6111
 -12.4132
 -12.1975
 -11.9722
 -11.7466
 -11.5270
 -11.3015
 -11.0762
 -10.8653
 -10.6802
 -10.4853
 -10.3032
 -10.1293
  -9.9552
  -9.7845
  -9.6138
  -9.4414
  -9.2691
  -9.1000
  -8.9260
  -8.8222
  -8.7142
  -8.5180
  -8.3168
  -8.1186
  -7.9313
  -7.7474
  -7.5697
  -7.3931
  -7.2292
  -7.0761
  -6.9276
  -6.7836
  -6.6474
  -6.5112
  -6.3747
  -6.2672
  -6.1545
  -6.0344
  -5.9093
  -5.7907
  -5.6978
  -5.6163
  -5.5334
  -5.4521
  -5.3610
  -5.2859
  -5.2201
  -5.1622
  -5.1076
  -5.0482
  -4.9905
  -4.9505
  -4.9264
  -4.9171
  -4.9332
  -4.9763
  -5.0482
  -5.1361
  -5.2320
  -5.3407
  -5.4654
  -5.6142
  -5.7855
  -5.9794
  -6.1846
  -6.3948
  -6.6172
  -6.8476
  -7.0795
  -7.3175
  -7.5652
  -7.8175
  -8.0748
  -8.3385
  -8.6037
  -8.8659
  -9.1377
  -9.4143
  -9.6910
  -9.9691
 -10.2521
 -10.5432
 -10.8360
 -11.1272
 -11.4154
 -11.6971
 -11.9787
 -12.2539
 -12.5212
 -12.7854
 -13.0416
 -13.2882
 -13.5271
 -13.7533
 -13.9668
 -14.1726
 -14.2089
 -14.2427
 -14.4170
 -14.5885
 -14.7539
 -14.9083
 -15.0580
 -15.2106
 -15.3585
 -15.5111
 -15.6498
 -15.7747
 -15.8902
 -15.9996
 -16.1151
 -16.2290
 -16.3322
 -16.4234
 -16.5068
 -16.5812
 -16.6513
 -16.7182
 -16.7929
 -16.8676
 -16.9347
 -17.0015
 -17.0605
 -17.1163
 -17.1625
 -17.2023
 -17.2358
 -17.2601
 -17.2735
 -17.2793
 -17.2791
 -17.2711
 -17.2539
 -17.2302
 -17.2003
 -17.1657
 -17.1310
 -17.0919
 -17.0528
 -17.0201
 -16.9936
 -16.9686
 -16.9450
 -16.9276
 -16.9211
 -16.9239
 -16.9376
 -16.9574
 -16.9802
 -17.0077
 -17.0353
 -17.0580
 -17.0825
 -17.1082
 -17.1384
 -17.1762
 -17.2231
 -17.2748
 -17.3279
 -17.3778
 -17.4260
 -17.4724
 -17.5218
 -17.5741
 -17.6235
 -17.6635
 -17.7050
 -17.7497
 -17.7961
 -17.8471
 -17.9061
 -17.9619
 -18.0130
 -18.0672
 -18.1349
 -18.2088
 -18.2809
 -18.3544
 -18.4339
 -18.5162
 -18.6033
 -18.6917
 -18.7741
 -18.8597
 -18.9517
 -19.0393
 -19.1257
 -19.2152
 -19.3141
 -19.4209
 -19.5292
 -19.6358
 -19.7411
 -19.8448
 -19.9489
 -20.0593
 -20.1774
 -20.2939
 -20.4038
 -20.5072
 -20.6086
 -20.7116
 -20.8115
 -20.9085
 -21.0007
 -21.0914
 -21.1851
 -21.2727
 -21.3555
 -21.4306
 -21.5025
 -21.5727
 -21.6460
 -21.7207
 -21.7926
 -21.8611
 -21.9250
 -21.9793
 -22.0211
 -22.0520
 -22.0721
 -22.0844
 -22.0907
 -22.0850
 -22.0672
 -22.0386
 -22.0023
 -21.9571
 -21.8996
 -21.8376
 -21.7680
 -21.6893
 -21.6064
 -21.5222
 -21.4398
 -21.3578
 -21.2742
 -21.1973
 -21.1236
 -21.0518
 -20.9829
 -20.9140
 -20.8465
 -20.7806
 -20.7098
 -20.6298
 -20.5572
 -20.4842
 -20.4017
 -20.3127
 -20.2139
 -20.1103
 -20.0078
 -19.9047
 -19.8029
 -19.6868
 -19.5629
 -19.4230
 -19.2724
 -19.1130
 -18.9447
 -18.7595
 -18.5501
 -18.3233
 -18.0828
 -17.8327
 -17.5705
 -17.2942
 -17.0119
 -16.7235
 -16.4306
 -16.1304
 -15.8288
 -15.5244
 -15.2186
 -14.9174
 -14.6196
 -14.3264
 -14.0397
 -13.7637
 -13.5017
 -13.2522
 -13.0122
 -12.7782
 -12.5564
 -12.3465
 -12.1490
 -11.9651
 -11.7943
 -11.6389
 -11.4908
 -11.3487
 -11.2171
 -11.0930
 -10.9718
 -10.8486
 -10.7203
 -10.5874
 -10.4369
 -10.2693
 -10.0801
  -9.8773
  -9.6639
  -9.4400
  -9.2160
  -8.9987
  -8.7845
  -8.5691
  -8.3558
  -8.1490
  -7.9472
  -7.7600
  -7.5823
  -7.4146
  -7.2549
  -7.1048
  -6.9717
  -6.8434
  -6.7219
  -6.6100
  -6.5133
  -6.4319
  -6.3646
  -6.3078
  -6.2619
  -6.2262
  -6.2001
  -6.1813
  -6.1701
  -6.1605
  -6.1432
  -6.1246
  -6.1089
  -6.0933
  -6.0821
  -6.0754
  -6.0705
  -6.0672
  -6.0597
  -6.0479
  -6.0330
  -6.0105
  -5.9818
  -5.9469
  -5.9073
  -5.8616
  -5.8113
  -5.7626
  -5.7110
  -5.6491
  -5.5764
  -5.4994
  -5.4163
  -5.3267
  -5.2311
  -5.1354
  -5.0355
  -4.9328
  -4.8335
  -4.7467
  -4.6708
  -4.6043
  -4.5363
  -4.4696
  -4.4091
  -4.3547
  -4.2971
  -4.2377
  -4.1784
  -4.1174
  -4.0577
  -3.9934
  -3.9197
  -3.8353
  -3.7400
  -3.6416
  -3.5385
  -3.4326
  -3.3250
  -3.2189
  -3.1110
  -3.0016
  -2.8877
  -2.7649
  -2.6452
  -2.5273
  -2.4159
  -2.3110
  -2.2067
  -2.0980
  -1.9893
  -1.8929
  -1.8090
  -1.7345
  -1.6648
  -1.5955
  -1.5278
  -1.4645
  -1.3995
  -1.3373
  -1.2779
  -1.2157
  -1.1503
  -1.0849
  -1.0227
  -0.9666
  -0.9215
  -0.8857
  -0.8559
  -0.8217
  -0.7677
  -0.6891
  -0.6015
  -0.5172
  -0.4421
  -0.3732
  -0.3058
  -0.2412
  -0.1809
  -0.1219
  -0.0596
   0.0092
   0.0814
   0.1567
   0.2320
   0.3090
   0.3906
   0.4738
   0.5585
   0.6480
   0.7375
   0.8268
   0.9099
   0.9826
   1.0445
   1.1020
   1.1702
   1.2493
   1.3376
   1.4277
   1.5149
   1.5995
   1.6788
   1.7525
   1.8157
   1.8746
   1.9305
   1.9863
   2.0485
   2.1142
   2.1829
   2.2499
   2.3140
   2.3768
   2.4399
   2.4972
   2.5471
   2.5925
   2.6442
   2.6944
   2.7433
   2.7875
   2.8273
   2.8595
   2.8872
   2.9136
   2.9447
   2.9884
   3.0474
   3.1233
   3.1933
   3.2357
   3.2428
   3.2303
   3.2164
   3.2101
   3.2070
   3.2025
   3.1997
   3.2043
   3.2165
   3.2303
   3.2408
   3.2496
   3.2524
   3.2536
   3.2519
   3.2472
   3.2301
   3.2008
   3.1592
   3.1115
   3.0656
   3.0197
   2.9740
   2.9328
   2.8838
   2.8118
   2.7260
   2.6259
   2.5261
   2.4368
   2.3589
   2.2953
   2.2407
   2.1771
   2.1057
   2.0343
   1.9676
   1.9070
   1.8420
   1.7693
   1.6937
   1.6211
   1.5546
   1.4946
   1.4408
   1.3949
   1.3598
   1.3291
   1.3107
   1.2952
   1.2765
   1.2517
   1.2251
   1.1972
   1.1692
   1.1406
   1.1118
   1.0799
   1.0448
   1.0157
   0.9975
   0.9874
   0.9832
   0.9790
   0.9794
   0.9921
   1.0231
   1.0693
   1.1229
   1.1736
   1.2166
   1.2534
   1.2887
   1.3239
   1.3574
   1.3939
   1.4331
   1.4799
   1.5341
   1.5930
   1.6488
   1.7011
   1.7610
   1.8282
   1.8921
   1.9560
   2.0273
   2.1031
   2.1884
   2.2718
   2.3461
   2.4099
   2.4451
   2.4770
   2.5256
   2.5848
   2.6426
   2.6880
   2.7182
   2.7465
   2.7763
   2.8079
   2.8317
   2.8297
   2.8199
   2.8146
   2.8092
   2.7914
   2.7613
   2.7158
   2.6735
   2.6437
   2.6234
   2.6028
   2.5805
   2.5583
   2.5337
   2.5030
   2.4691
   2.4277
   2.3753
   2.3157
   2.2541
   2.1988
   2.1496
   2.1034
   2.0465
   1.9682
   1.8626
   1.7372
   1.6025
   1.4680
   1.3365
   1.2006
   1.0678
   0.9412
   0.8165
   0.6949
   0.5812
   0.4739
   0.3714
   0.2812
   0.2020
   0.1229
   0.0424
  -0.0318
  -0.0890
  -0.1368
  -0.1877
  -0.2399
  -0.2967
  -0.3520
  -0.4057
  -0.4412
  -0.4781
  -0.5167
  -0.5522
  -0.5830
  -0.6046
  -0.6172
  -0.6249
  -0.6342
  -0.6451
  -0.6502
  -0.6309
  -0.6087
  -0.5926
  -0.5814
  -0.5684
  -0.5539
  -0.5378
  -0.5295
  -0.5275
  -0.5305
  -0.5347
  -0.5393
  -0.5485
  -0.5565
  -0.5616
  -0.5683
  -0.5704
  -0.5666
  -0.5663
  -0.5766
  -0.5948
  -0.6175
  -0.6495
  -0.6815
  -0.7059
  -0.7167
  -0.7246
  -0.7279
  -0.7297
  -0.7285
  -0.7303
  -0.7413
  -0.7519
  -0.7611
  -0.7671
  -0.7778
  -0.7885
  -0.7993
  -0.8146
  -0.8389
  -0.8706
  -0.8961
  -0.9230
  -0.9589
  -0.9994
  -1.0474
  -1.1013
  -1.1461
  -1.1832
  -1.2219
  -1.2543
  -1.2810
  -1.3119
  -1.3489
  -1.3830
  -1.4134
  -1.4405
  -1.4614
  -1.4775
  -1.4906
  -1.5019
  -1.5088
  -1.5095
  -1.5052
  -1.5008
  -1.4904
  -1.4709
  -1.4421
  -1.4037
  -1.3579
  -1.3102
  -1.2654
  -1.2167
  -1.1525
  -1.0820
  -1.0111
  -0.9415
  -0.8658
  -0.7839
  -0.6939
  -0.5961
  -0.5009
  -0.4071
  -0.3008
  -0.1823
  -0.0605
   0.0523
   0.1623
   0.2804
   0.4136
   0.5501
   0.6925
   0.8379
   0.9804
   1.1180
   1.2576
   1.4032
   1.5524
   1.7047
   1.8633
   2.0265
   2.1976
   2.3693
   2.5428
   2.7240
   2.9131
   3.1174
   3.3310
   3.5494
   3.7652
   3.9826
   4.2000
   4.4072
   4.6218
   4.8380
   5.0500
   5.2602
   5.4659
   5.6674
   5.8735
   6.0889
   6.3121
   6.5340
   6.7483
   6.9642
   7.1819
   7.3966
   7.6164
   7.8466
   8.0813
   8.3054
   8.5312
   8.7679
   9.0056
   9.2384
   9.4714
   9.7093
   9.9564
  10.2039
  10.4503
  10.6979
  10.9485
  11.2033
  11.4629
  11.7177
  11.9667
  12.2141
  12.4707
  12.7363
  12.9957
  13.2489
  13.5069
  13.7711
  14.0370
  14.2995
  14.5668
  14.8303
  15.0939
  15.3568
  15.6150
  15.8716
  16.1326
  16.3960
  16.6603
  16.9283
  17.1959
  17.4581
  17.7173
  17.9733
  18.2213
  18.4632
  18.7096
  18.9583
  19.2182
  19.4780
  19.7428
  20.0116
  20.2850
  20.5643
  20.8450
  21.1195
  21.3910
  21.6581
  21.9252
  22.1987
  22.4702
  22.7468
  23.0261
  23.2989
  23.5522
  23.7995
  24.0500
  24.2985
  24.5395
  24.7776
  25.0083
  25.2325
  25.4535
  25.6727
  25.8903
  26.1062
  26.3164
  26.5281
  26.7447
  26.9643
  27.1808
  27.3973
  27.6183
  27.8363
  28.0531
  28.2697
  28.4821
  28.6897
  28.8958
  29.1019
  29.3079
  29.5112
  29.7117
  29.9122
  30.1131
  30.3202
  30.5271
  30.7296
  30.9249
  31.1171
  31.3023
  31.4850
  31.6670
  31.8489
  32.0367
  32.2291
  32.4197
  32.6027
  32.7790
  32.9516
  33.1211
  33.2857
  33.4412
  33.5935
  33.7426
  33.8884
  34.0308
  34.1685
  34.3042
  34.4399
  34.5739
  34.7080
  34.8401
  34.9723
  35.1074
  35.2468
  35.3846
  35.5265
  35.6710
  35.8227
  35.9758
  36.1303
  36.2833
  36.4330
  36.5782
  36.7187
  36.8531
  36.9853
  37.1156
  37.2396
  37.3572
  37.4761
  37.5901
  37.6991
  37.8061
  37.9077
  38.0047
  38.0968
  38.1794
  38.2514
  38.3157
  38.3599
  38.3919
  38.4070
  38.4007
  38.3957
  38.3814
  38.3545
  38.3212
  38.2787
  38.2349
  38.1982
  38.1717
  38.1571
  38.1515
  38.1349
  38.1108
  38.0898
  38.0778
  38.0730
  38.0729
  38.0790
  38.0881
  38.0999
  38.1049
  38.0992
  38.0873
  38.0677
  38.0435
  38.0149
  37.9847
  37.9545
  37.9230
  37.8885
  37.8570
  37.8180
  37.7803
  37.7382
  37.6934
  37.6448
  37.5888
  37.5313
  37.4768
  37.4117
  37.3378
  37.2638
  37.1869
  37.1083
  37.0226
  36.9266
  36.8217
  36.7156
  36.6082
  36.4976
  36.4040
  36.3198
  36.2467
  36.1795
  36.1108
  36.0469
  35.9968
  35.9602
  35.9511
  35.9555
  35.9734
  36.0110
  36.0443
  36.0854
  36.1453
  36.2099
  36.2867
  36.3708
  36.4522
  36.5245
  36.5876
  36.6377
  36.6910
  36.7483
  36.7991
  36.8360
  36.8550
  36.8602
  36.8531
  36.8401
  36.8290
  36.8186
  36.8092
  36.7937
  36.7916
  36.7926
  36.7889
  36.7795
  36.7623
  36.7389
  36.7169
  36.6901
  36.6598
  36.6232
  36.5879
  36.5493
  36.5075
  36.4715
  36.4336
  36.3774
  36.3196
  36.2631
  36.2049
  36.1417
  36.0752
  36.0144
  35.9565
  35.8995
  35.8364
  35.7674
  35.6955
  35.6024
  35.5016
  35.4980
  35.3778
  35.3738
  35.2684
  35.1485
  35.0189
  34.8937
  34.7670
  34.6263
  34.4746
  34.3221
  34.1613
  33.9785
  33.7925
  33.6048
  33.4075
  33.2038
  32.9906
  32.7789
  32.5685
  32.3582
  32.1422
  31.9265
  31.7109
  31.5050
  31.3010
  31.0973
  30.8969
  30.6903
  30.4745
  30.2544
  30.0408
  29.8211
  29.5891
  29.3519
  29.1076
  28.8516
  28.5888
  28.3191
  28.0479
  27.7736
  27.4913
  27.1978
  26.8933
  26.5870
  26.2666
  25.9438
  25.6289
  25.3146
  25.0208
  24.7190
  24.4281
  24.1535
  23.8826
  23.6339
  23.4012
  23.1663
  22.9350
  22.7093
  22.4873
  22.2616
  22.1497
  21.9257
  21.8155
  21.5836
  21.3561
  21.1280
  20.8827
  20.6370
  20.4059
  20.1760
  19.9481
  19.7236
  19.5230
  19.3235
  19.1313
  18.9463
  18.7670
  18.5906
  18.4064
  18.2217
  18.0319
  17.8402
  17.6469
  17.4521
  17.2581
  17.0694
  16.8806
  16.6809
  16.4764
  16.2776
  16.0830
  15.8882
  15.6962
  15.5156
  15.3455
  15.1850
  15.0329
  14.8872
  14.7508
  14.6083
  14.4701
  14.3409
  14.2175
  14.1081
  14.0051
  13.9128
  13.8184
  13.7269
  13.6347
  13.5250
  13.4199
  13.3079
  13.1844
  13.0545
  12.8999
  12.7314
  12.5630
  12.3842
  12.2031
  12.0121
  11.8214
  11.6273
  11.4300
  11.2270
  11.0095
  10.7787
  10.5497
  10.3250
  10.0928
   9.8551
   9.6161
   9.3589
   9.0941
   8.8158
   8.5380
   8.2503
   7.9559
   7.6496
   7.3455
   7.0421
   6.7318
   6.4214
   6.1114
   5.8042
   5.5021
   5.1939
   4.8778
   4.5639
   4.2608
   3.9601
   3.6555
   3.3452
   3.0276
   2.6949
   2.3499
   1.9994
   1.6440
   1.2903
   0.9308
   0.5644
   0.1994
  -0.1750
  -0.5667
  -0.9591
  -1.3422
  -1.7090
  -2.0730
  -2.4347
  -2.7967
  -3.1474
  -3.4994
  -3.8557
  -4.2076
  -4.5528
  -4.8950
  -5.2286
  -5.5641
  -5.8915
  -6.2066
  -6.5116
  -6.8064
  -7.1027
  -7.3916
  -7.6701
  -7.9367
  -8.1840
  -8.4240
  -8.6446
  -8.8650
  -9.0837
  -9.2981
  -9.5098
  -9.7087
  -9.8993
 -10.0868
 -10.2669
 -10.4360
 -10.6076
 -10.7796
 -10.9618
 -11.1340
 -11.2983
 -11.4611
 -11.6170
 -11.7668
 -11.9176
 -12.0669
 -12.2141
 -12.3661
 -12.5322
 -12.6961
 -12.8578
 -13.0197
 -13.1909
 -13.3707
 -13.5524
 -13.7312
 -13.9041
 -14.0673
 -14.2232
 -14.3768
 -14.5229
 -14.6531
 -14.7685
 -14.8801
 -15.0061
 -15.1488
 -15.2932
 -15.4294
 -15.5606
 -15.6955
 -16.0125
 -16.3234
 -16.6269
 -16.9368
 -17.2406
 -17.5333
 -17.7985
 -18.0504
 -18.3097
 -18.5910
 -18.8806
 -19.1644
 -19.4421
 -19.7207
 -20.0020
 -20.2893
 -20.5717
 -20.8758
 -21.1809
 -21.4810
 -21.7746
 -22.0632
 -22.3543
 -22.6495
 -22.9432
 -23.2444
 -23.5572
 -23.8662
 -24.1689
 -24.4572
