28023.9727
28024.0840
28024.0840
28023.9727
28023.6562
28023.8691
28023.7617
28024.0664
28024.1895
28023.9668
28024.2852
28023.9492
28024.3809
28024.5820
28024.4863
28024.4590
28024.4688
28024.1387
28024.3652
28024.2520
28024.0449
28023.9434
28024.0547
28023.7188
28023.8359
28023.9238
28023.9238
28023.9375
28023.9336
28024.1523
28024.0234
28024.6523
28025.0586
28025.4785
28026.3145
28027.0488
28027.1680
28026.9355
28026.5059
28026.3926
28026.4023
28026.0781
28025.8691
28025.7520
28025.6621
28026.0625
28025.8496
28025.8320
28025.9570
28026.1602
28025.9551
28026.2559
28026.5645
28026.2402
28026.7695
28027.0625
28027.2656
28027.4902
28027.4863
28027.4941
28028.0195
28027.6934
28027.6895
28028.0137
28027.5859
28027.2812
28027.2891
28027.5918
28027.3867
28027.6992
28027.7910
28027.6836
28027.3672
28027.4590
28027.5645
28027.5723
28027.5645
28027.7773
28027.6738
28027.7734
28027.8652
28027.7383
28027.7422
28027.3262
28027.4297
28027.1035
28027.7246
28026.8848
28027.3086
28027.0977
28026.6777
28027.0996
28027.0000
28027.2031
28027.1074
28026.9004
28027.2285
28027.1250
28027.5312
28027.5273
28027.6387
28027.3223
28027.5195
28027.4277
28027.6328
28027.1172
28027.2402
28026.8027
28027.1191
28027.5391
28027.4375
28027.2246
28027.3359
28027.2246
28027.3398
28027.2363
28027.1348
28027.5508
28027.8613
28027.8730
28027.7461
28028.1660
28028.0781
28028.3848
28028.4844
28028.6836
28028.1602
28028.7754
28028.5723
28029.2070
28028.7910
28029.2031
28029.2109
28029.0039
28028.8887
28028.9082
28028.6914
28028.3750
28028.5879
28028.9062
28028.7988
28029.2070
28029.1113
28029.1191
28028.8047
28029.0176
28028.8125
28028.9219
28029.0293
28029.0371
28029.0410
28028.9316
28029.0391
28028.9316
28029.0391
28029.0352
28029.2441
28029.3516
28029.2441
28028.6133
28029.0234
28028.7031
28028.5938
28028.4883
28028.4883
28028.2930
28028.7148
28028.7090
28029.1230
28029.4336
28029.5430
28029.4336
28029.5508
28029.1172
28029.2344
28028.7148
28028.7051
28028.4902
28028.5918
28028.5020
28028.4980
28029.0293
28028.9238
28029.2344
28029.1387
28029.4512
28028.9316
28029.0273
28029.4414
28029.1309
28029.1309
28029.6504
28029.2266
28029.2305
28029.1309
28029.3379
28029.3379
28029.6523
28029.5410
28029.6602
28029.8555
28029.9688
28029.7559
28029.8594
28030.4727
28030.1719
28030.1543
28030.6875
28030.7910
28030.9102
28030.8105
28031.1230
28031.3398
28031.4395
28031.6523
28031.3340
28031.5391
28031.1367
28031.2305
28031.1270
28031.3223
28031.4336
28031.2188
28031.4219
28031.5332
28031.5273
28031.3223
28031.2285
28031.3164
28031.0039
28031.1094
28030.9082
28030.9043
28031.5234
28031.7305
28031.0234
28031.5273
28030.9238
28031.3242
28031.2227
28031.0332
28031.2168
28031.0098
28030.9160
28030.6816
28030.2695
28030.2031
28029.9531
28029.8574
28029.8809
28029.9668
28029.7637
28030.3848
28030.3965
28030.7852
28030.7109
28030.8164
28031.1152
28031.7363
28031.4336
28031.5332
28031.6348
28031.6250
28031.5195
28031.3105
28030.9004
28031.2129
28030.6973
28030.6016
28030.4004
28030.9199
28030.9199
28030.8223
28031.0312
28031.2344
28030.7285
28031.1426
28031.0352
28031.1289
28031.2422
28031.4355
28031.7422
28031.2266
28031.4395
28031.5449
28031.8457
28031.8574
28031.6367
28032.1504
28032.0527
28031.9512
28032.1523
28032.0566
28032.6699
28031.9492
28032.7852
28032.5723
28032.6699
28032.8809
28032.6777
28032.8848
28032.5820
28032.8770
28032.4648
28032.5762
28032.4688
28032.5762
28032.5703
28032.5781
28032.4785
28032.4668
28032.2676
28032.1719
28032.2695
28032.1641
28031.8555
28032.1641
28031.7656
28031.8594
28031.7676
28031.4570
28031.8652
28031.6660
28031.7637
28031.4648
28031.7637
28031.6660
28031.2578
28031.3613
28031.5605
28031.2539
28031.3535
28031.0449
28030.9375
28030.7383
28031.1484
28030.8379
28030.8379
28030.8379
28030.9395
28031.2461
28031.2461
28031.0371
28031.0352
28030.6328
28030.5293
28030.4277
28030.3223
28030.3340
28030.5312
28030.5234
28030.6230
28030.6270
28030.6934
28030.8516
28030.8379
28030.9375
28030.9551
28031.0371
28030.8457
28030.8457
28030.6387
28030.5410
28030.5391
28030.4375
28030.5391
28030.3359
28030.3340
28030.3340
28030.3223
28030.4238
28030.2188
28030.1113
28030.0742
28030.1055
28029.9023
28029.9004
28030.1016
28030.1016
28030.3125
28030.3145
28029.8047
28030.2227
28030.1230
28029.9219
28030.1250
28029.9102
28030.0195
28029.8145
28030.1191
28029.5059
28029.4082
28029.5078
28029.5137
28029.5117
28029.4062
28029.3008
28029.0957
28028.8965
28029.0977
28028.8906
28028.8867
28028.7871
28028.7891
28028.6895
28028.5918
28028.5977
28028.5957
28028.7070
28028.7070
28028.7090
28028.3008
28028.1992
28027.9883
28027.9961
28027.8945
28027.5859
28027.7930
28027.7949
28027.9980
28027.8926
28027.9922
28027.8887
28028.0898
28028.2012
28028.0918
28028.2910
28028.2949
28028.2910
28028.1953
28028.1953
28028.0879
28028.0859
28028.0918
28027.8867
28027.7793
28027.7773
28027.8730
28028.4824
28028.4844
28028.3828
28028.4824
28028.5840
28029.0918
28028.8906
28028.7871
28028.8906
28029.0977
28028.9941
28028.8906
28028.6895
28028.5820
28028.3789
28028.4863
28028.2871
28027.8848
28027.9902
28028.0996
28027.9043
28028.0117
28027.9082
28028.0137
28027.9121
28027.9141
28028.0156
28027.9141
28028.1133
28028.5195
28029.2344
28029.2402
28029.8477
28030.3496
28030.4551
28030.5547
28030.9648
28031.1660
28031.3711
28031.0684
28031.5762
28031.7793
28031.6797
28031.4766
28031.6777
28031.4746
28031.6738
28031.4727
28031.5723
28031.3711
28031.5742
28031.6738
28031.6738
28031.5742
28031.7773
28031.4688
28031.5703
28031.1641
28031.2656
28031.4688
28031.2637
28031.2637
28031.4648
28031.2676
28030.8574
28030.8574
28030.5527
28030.6562
28030.4551
28030.4570
28030.3555
28029.9531
28029.8535
28029.6484
28029.5469
28029.8496
28029.8535
28029.9551
28030.1562
28029.9551
28029.7539
28029.7539
28029.6523
28029.7578
28029.7578
28029.6562
28029.6543
28029.6562
28029.4531
28029.3535
28029.3555
28029.0488
28028.9492
28028.6465
28028.8477
28028.9492
28028.9512
28029.0508
28029.0508
28028.8496
28028.7480
28028.6465
28028.4453
28028.5449
28028.3457
28028.3477
28027.9434
28027.9434
28027.7441
28027.7441
28027.8457
28027.7461
28027.9492
28027.6445
28027.5449
28027.4453
28027.1426
28027.0430
28027.1426
28027.1445
28026.7422
28026.7422
28026.7422
28026.6406
28026.5410
28026.5410
28026.4395
28026.5391
28026.5371
28026.6367
28026.7383
28026.6367
28027.0391
28027.0391
28027.1406
28027.3477
28027.3438
28027.4473
28027.3457
28027.5449
28027.7500
28027.5469
28027.8496
28027.9512
28028.5547
28028.0527
28028.0527
28028.4551
28028.8633
28029.0625
28028.8633
28029.2676
28029.2656
28029.2676
28029.0605
28029.4688
28029.2695
28029.0645
28029.3691
28029.2695
28029.6758
28029.8750
28029.7773
28029.8809
28029.8789
28030.4844
28030.5859
28030.6875
28030.7910
28030.9883
28031.2910
28031.1875
28031.1875
28031.1875
28031.3887
28031.3887
28031.5898
28031.3906
28031.3906
28031.6914
28031.3906
28031.7930
28031.5898
28031.5918
28031.6934
28031.5938
28031.5938
28031.4922
28031.2930
28031.4922
28031.4922
28031.3945
28031.2930
28031.1914
28031.1914
28031.5938
28031.4941
28031.2930
28031.6934
28031.3945
28031.5957
28031.3945
28031.4941
28031.1914
28031.3945
28031.2949
28031.2930
28030.9902
28031.0898
28031.0898
28031.1895
28031.1895
28031.0898
28031.1895
28030.4883
28031.2930
28030.9902
28030.9902
28030.7891
28030.4883
28030.5879
28030.5879
28030.3887
28030.5898
28030.5898
28030.5898
28030.6914
28030.9922
28030.8926
28031.2949
28031.0918
28030.7930
28030.6914
28031.1934
28030.8945
28030.9941
28030.9941
28031.0938
28031.4961
28030.9961
28031.0957
28031.1953
28031.0957
28031.4961
28031.2969
28031.2969
28030.9961
28031.2969
28031.0957
28031.2969
28031.0957
28031.3965
28031.2969
28031.3965
28031.1953
28030.8965
28031.1953
28031.1953
28030.9961
28030.7969
28031.1973
28030.7969
28030.7969
28030.9980
28030.6953
28030.5977
28030.4980
28030.6973
28030.5977
28030.8984
28031.1973
28031.1973
28031.1973
28031.0977
28030.9980
28030.9980
28031.1992
28031.3008
28031.1992
28031.1992
28031.0996
28031.3008
28031.1992
28031.3008
28031.5000
28032.0996
28031.5000
28031.9004
28031.5996
28031.9004
28031.9023
28032.1992
28031.7012
28031.9023
28031.7012
28031.6016
28032.1016
28031.8027
28031.8027
28032.1016
28032.3027
28032.1016
28032.3027
28032.2012
28032.0020
28032.0020
28032.3027
28032.3008
28032.3027
28032.5996
28032.4004
28032.3027
28032.4004
28033.0996
28032.5996
28032.5996
28032.6992
28032.5000
28032.9980
28032.8008
28033.1973
28032.9980
28033.1973
28032.8984
28033.2969
28033.3965
28033.0957
28033.3945
28033.4961
28033.1934
28033.3945
28033.2930
28033.4922
28032.8926
28033.4902
28033.2930
28033.4883
28033.4902
28033.9863
28033.9863
28034.1855
28034.2832
28034.2852
28034.7793
28034.4824
28034.4805
28034.5781
28034.1777
28034.1113
28034.3750
28034.6738
28034.4766
28034.6699
28034.0723
28034.5703
28034.4668
28034.3711
28034.5664
28034.3652
28034.6641
28034.6641
28034.6621
28035.0605
28035.2578
28034.8574
28034.9590
28035.0547
28035.3496
28035.2539
28035.6445
28035.4453
28035.8438
28035.6426
28035.7402
28035.7402
28036.2363
28036.1328
28036.2344
28036.4336
28036.2324
28036.6270
28037.0254
28036.6270
28037.2207
28037.2227
28037.2227
28037.6172
28037.5176
28037.9160
28037.9141
28038.6094
28038.5098
28038.9062
28039.3066
28039.5020
28039.3027
28039.7988
28039.8965
28040.4902
28040.3867
28040.7871
28040.5859
28040.5859
28041.1816
28040.9766
28041.5703
28041.7734
28041.8652
28042.1621
28042.3613
28042.4570
28042.6523
28042.6543
28043.0508
28043.4492
28043.3457
28043.3477
28043.7422
28043.7383
28043.9375
28043.9375
28044.3359
28044.3320
28044.3320
28044.6289
28044.3320
28044.2344
28044.3340
28044.5312
28044.3359
28044.3379
28044.6309
28044.7324
28044.4297
28044.2383
28044.6348
28044.7324
28044.6367
28044.7324
28044.8281
28045.0234
28045.5234
28045.4238
28045.1270
28045.5234
28045.8223
28045.5215
28045.6230
28046.0176
28045.9160
28045.9199
28046.1211
28046.4199
28047.0117
28047.1133
28047.1113
28047.4043
28047.2129
28047.6094
28047.9082
28047.8164
28047.5234
28047.2344
28047.6367
28047.5469
28048.0449
28047.7500
28047.6484
28047.6523
28047.8477
28048.1484
28048.3438
28048.8379
28049.2207
28049.5176
28049.7129
28049.8125
28049.9180
28050.2168
28050.5156
28050.4180
28050.4160
28050.6172
28050.7188
28050.7188
28050.6250
28050.3262
28050.7246
28050.6309
28051.1230
28051.6250
28051.2402
28051.8340
28051.9277
28052.0254
28052.5156
28052.3242
28052.7266
28052.3320
28052.6348
28052.4316
28052.4336
28052.8281
28052.7305
28052.7305
28052.8340
28053.0352
28053.1445
28053.6348
28054.0293
28054.2266
28054.2344
28054.9238
28055.2246
28054.7305
28055.4180
28055.1348
28055.2363
28055.5371
28055.5469
28055.6641
28056.0586
28056.4375
28056.8027
28057.1680
28057.5293
28057.8633
28058.1777
28058.5176
28058.8320
28059.1504
28059.4141
28059.6914
28059.9531
28060.1953
28060.4570
28060.6934
28060.8828
28061.1367
28061.3496
28061.5645
28061.7109
28061.8691
28062.0488
28062.1699
28062.2891
28062.4805
28062.5801
28062.6543
28062.7832
28062.8945
28062.9902
28063.0391
28063.0859
28063.1250
28063.1641
28063.1875
28063.1992
28063.2031
28063.2012
28063.1719
28063.1250
28063.0781
28063.0801
28063.0273
28062.9531
28062.8281
28062.7480
28062.6152
28062.5020
28062.4141
28062.3027
28062.1270
28061.9688
28061.8047
28061.6445
28061.4629
28061.2773
28061.0781
28060.8652
28060.6465
28060.4219
28060.1699
28059.9180
28059.3262
28058.9355
28059.1289
28058.9336
28058.9316
28058.9375
28059.0371
28058.6523
28058.8516
28058.8555
28059.1562
28059.4453
28059.3496
28059.9355
28059.9375
28059.7441
28059.6582
28059.7480
28059.5625
28059.8555
28059.8574
28059.9551
28059.6641
28059.9531
28060.4453
28060.7383
28060.7383
28060.5488
28061.2246
28061.3242
28060.9355
28061.2344
28061.2344
28061.7246
28062.1094
28061.8223
28061.6113
28061.4219
28061.0293
28061.3203
28060.6250
28060.7246
28060.6211
28060.7129
28060.8125
28061.2969
28061.5059
28062.1934
28062.0039
28062.5957
28063.2793
28063.4922
28063.8906
28064.0957
28064.0898
28064.2832
28064.5762
28064.4922
28064.7012
28064.9043
28064.7129
28064.6191
28064.7207
28064.9180
28064.9219
28064.8223
28064.9219
28065.2129
28065.0098
28065.0957
28065.0879
28064.8848
28064.6875
28065.0781
28064.8809
28065.1680
28065.0645
28065.6426
28065.2461
28065.0332
28064.6348
28065.2168
28064.8242
28064.4336
28064.4297
28064.1367
28064.1465
28064.3398
28063.9551
28064.0508
28063.0820
28063.2754
28063.0859
28063.6719
28064.0645
28063.1816
28063.8574
28063.9473
28064.3320
28064.4258
28064.9043
28065.0898
28065.0840
28065.0742
28065.2617
28065.1582
28064.4824
28064.2871
28064.2949
28064.0098
28063.6270
28063.7305
28063.4414
28063.3418
28063.1445
28063.0449
28062.7480
28063.0527
28062.7598
28062.3848
28062.5781
28062.2969
28062.0996
28062.0078
28061.7070
28061.2246
28060.6328
28060.5371
28060.0371
28060.3262
28060.2129
28059.8281
28059.9199
28059.4375
28059.0449
28059.2344
28059.1270
28058.8320
28059.2168
28059.6953
28059.6895
28059.5859
28059.4863
28059.1895
28059.2832
28059.3789
28059.1992
28059.2129
28059.0312
28058.8340
28059.0234
28058.9102
28058.3086
28058.3770
28058.1621
28058.2441
28058.3340
28058.4297
28058.4277
28058.6230
28058.3418
28058.2598
28058.0625
28058.5527
28058.4492
28058.5586
28058.7539
28058.6641
28058.3750
28057.8926
28057.9844
28058.1777
28057.5039
28057.6094
28057.6172
28057.9121
28058.1094
28057.9199
28057.8262
28057.9219
28057.4316
28057.5039
28057.2246
28057.2207
28056.9277
28056.8281
28056.8223
28057.3965
28057.9785
28058.1836
28058.3730
28058.5488
28058.4668
28058.6719
28058.5957
28058.3145
28058.0391
28057.4629
28056.9844
28056.4961
28056.3027
28056.2734
28055.8672
28056.2090
28055.8086
28055.3184
28055.3164
28055.2207
28055.4160
28055.7891
28055.0059
28055.2656
28055.0625
28055.1426
28054.6680
28054.3652
28054.0625
28053.5664
28053.2773
28052.5117
28052.1191
28051.9180
28051.4375
28051.9238
28051.5449
28052.1445
28051.3984
28051.5195
28051.1406
28051.4492
28051.0742
28050.8379
28050.6211
28050.0410
28050.3477
28049.6895
28049.5039
28049.2012
28048.9980
28048.4043
28048.7812
28048.5762
28048.6836
28048.5781
28048.7617
28048.8613
28049.0469
28049.3438
28048.8848
28049.1094
28049.1230
28049.2949
28049.2910
28049.5664
28049.0898
28048.9902
28049.1816
28048.3164
28048.8145
28048.2188
28048.2012
28048.5176
28048.3184
28048.2070
28048.3965
28048.3750
28048.1758
28047.8770
28048.2676
28047.4922
28047.4941
28046.8105
28046.4414
28046.1406
28046.1445
28045.8633
28045.6582
28045.6523
28046.0410
28046.2266
28046.3262
28045.9414
28046.1406
28046.1406
28045.8418
28045.8516
28045.4434
28045.5254
28045.1543
28045.1621
28044.4844
28044.4746
28044.6621
28044.9883
28045.0996
28045.1289
28045.0234
28044.4375
28044.1367
28043.4727
28043.3652
28043.2480
28043.3398
28042.9160
28043.1152
28042.8164
28042.7422
28042.1621
28042.0703
28042.2461
28042.7227
28041.9629
28042.1543
28042.1855
28042.2617
28041.8750
28041.5898
28041.5820
28041.6895
28041.5938
28041.2012
28041.0059
28040.9121
28040.8379
28040.6855
28040.7031
28040.7070
28040.7949
28040.4688
28040.1523
28039.9609
28040.0410
28039.9570
28039.9570
28039.8691
28039.6738
28039.4824
28039.3145
28039.2227
28039.2188
28039.0039
28039.2832
28039.1953
28039.4082
28038.4355
28037.6582
28036.7910
28035.9316
28035.2500
28035.4297
28034.4375
28034.7188
28034.5176
28034.7227
28034.8145
28034.5312
28035.0195
28034.8457
28034.9551
28035.0332
28034.9141
28034.6367
28034.8438
28034.7500
28034.7578
28034.3008
28033.8320
28033.9141
28033.6055
28033.4277
28033.2207
28033.3125
28033.5000
28033.5703
28034.0586
28034.2383
28033.7734
28033.7656
28033.6738
28033.2793
28033.1836
28032.8066
28032.6152
28032.5371
28032.2559
28032.7441
28032.2832
28032.1953
28031.8770
28031.5117
28031.5176
28031.1484
28031.2305
28031.0059
28030.8555
28031.0195
28030.9219
28030.9570
28031.0801
28030.9980
28030.9219
28031.1270
28031.0508
28031.3359
28031.2520
28031.2559
28031.1621
28031.1582
28031.1680
28030.5840
28030.8027
28030.6211
28030.6133
28030.3359
28030.1562
28030.4512
28030.1680
28030.1914
