  -7.1853
  -7.2515
  -7.3216
  -7.3910
  -7.4669
  -7.5470
  -7.6364
  -7.7366
  -7.8423
  -7.9557
  -8.0774
  -8.2063
  -8.3349
  -8.4635
  -8.5901
  -8.7162
  -8.8428
  -8.9681
  -9.0878
  -9.2077
  -9.3312
  -9.4569
  -9.5775
  -9.6930
  -9.8022
  -9.9071
 -10.0064
 -10.1052
 -10.2083
 -10.3149
 -10.4258
 -10.4680
 -10.5049
 -10.5365
 -10.5598
 -10.5762
 -10.5894
 -10.6005
 -10.6055
 -10.6076
 -10.6080
 -10.6068
 -10.6007
 -10.5918
 -10.5776
 -10.5588
 -10.5369
 -10.5125
 -10.4869
 -10.4600
 -10.4348
 -10.4092
 -10.3828
 -10.3518
 -10.3172
 -10.2797
 -10.2370
 -10.1918
 -10.1446
 -10.0973
 -10.0505
 -10.0049
  -9.9564
  -9.9055
  -9.8485
  -9.7849
  -9.7153
  -9.6353
  -9.5410
  -9.4373
  -9.3210
  -9.1908
  -9.0532
  -8.9148
  -8.7727
  -8.6269
  -8.4779
  -8.3248
  -8.1692
  -8.0178
  -7.8660
  -7.7093
  -7.5481
  -7.3857
  -7.2255
  -7.0697
  -6.9209
  -6.7778
  -6.6397
  -6.5057
  -6.3766
  -6.2540
  -6.1342
  -6.0198
  -5.9078
  -5.8004
  -5.6937
  -5.5862
  -5.4804
  -5.3775
  -5.2750
  -5.1749
  -5.0773
  -4.9822
  -4.8907
  -4.8034
  -4.7202
  -4.6414
  -4.5651
  -4.4942
  -4.4285
  -4.3670
  -4.3074
  -4.2495
  -4.1965
  -4.1443
  -4.0966
  -4.0513
  -4.0084
  -3.9664
  -3.9277
  -3.8930
  -3.8604
  -3.8307
  -3.8041
  -3.7777
  -3.7528
  -3.7299
  -3.7108
  -3.6936
  -3.6806
  -3.6724
  -3.6680
  -3.6619
  -3.6570
  -3.6562
  -3.6571
  -3.6600
  -3.6645
  -3.6719
  -3.6773
  -3.6852
  -3.6966
  -3.7109
  -3.7310
  -3.7539
  -3.7767
  -3.7984
  -3.8204
  -3.8449
  -3.8693
  -3.8937
  -3.9144
  -3.9320
  -3.9442
  -3.9585
  -3.9655
  -3.9721
  -3.9812
  -3.9883
  -3.9953
  -4.0035
  -4.0108
  -4.0210
  -4.0333
  -4.0438
  -4.0549
  -4.0663
  -4.0777
  -4.0887
  -4.0952
  -4.0968
  -4.0959
  -4.0926
  -4.0864
  -4.0766
  -4.0680
  -4.0570
  -4.0480
  -4.0390
  -4.0320
  -4.0243
  -4.0153
  -4.0084
  -4.0027
  -3.9937
  -3.9835
  -3.9713
  -3.9582
  -3.9439
  -3.9297
  -3.9168
  -3.9043
  -3.8914
  -3.8826
  -3.8739
  -3.8618
  -3.8498
  -3.8393
  -3.8309
  -3.8221
  -3.8137
  -3.8056
  -3.7976
  -3.7912
  -3.7872
  -3.7844
  -3.7828
  -3.7809
  -3.7632
  -3.7433
  -3.7213
  -3.6969
  -3.6729
  -3.6523
  -3.6303
  -3.6054
  -3.5871
  -3.5717
  -3.5525
  -3.5348
  -3.5172
  -3.4976
  -3.4751
  -3.4481
  -3.4228
  -3.3991
  -3.3774
  -3.3553
  -3.3332
  -3.3107
  -3.2873
  -3.2652
  -3.2370
  -3.2060
  -3.1741
  -3.1436
  -3.1130
  -3.0811
  -3.0465
  -3.0107
  -2.9746
  -2.9377
  -2.9004
  -2.8608
  -2.8168
  -2.7740
  -2.7321
  -2.6919
  -2.6542
  -2.6174
  -2.5842
  -2.5503
  -2.5165
  -2.4815
  -2.4462
  -2.4122
  -2.3791
  -2.3481
  -2.3164
  -2.2835
  -2.2499
  -2.2188
  -2.1874
  -2.1578
  -2.1313
  -2.1044
  -2.0782
  -2.0513
  -2.0229
  -2.0062
  -1.9882
  -1.9720
  -1.9557
  -1.9375
  -1.9177
  -1.9004
  -1.8882
  -1.8764
  -1.8659
  -1.8605
  -1.8571
  -1.8523
  -1.8481
  -1.8463
  -1.8451
  -1.8419
  -1.8388
  -1.8357
  -1.8348
  -1.8347
  -1.8371
  -1.8424
  -1.8445
  -1.8498
  -1.8573
  -1.8655
  -1.8712
  -1.8762
  -1.8829
  -1.8913
  -1.8988
  -1.9039
  -1.9087
  -1.9123
  -1.9151
  -1.9207
  -1.9264
  -1.9345
  -1.9406
  -1.9439
  -1.9427
  -1.9378
  -1.9325
  -1.9230
  -1.9115
  -1.8975
  -1.8814
  -1.8666
  -1.8485
  -1.8313
  -1.8149
  -1.8019
  -1.7933
  -1.7877
  -1.7833
  -1.7760
  -1.7655
  -1.7534
  -1.7408
  -1.7286
  -1.7177
  -1.7052
  -1.6886
  -1.6705
  -1.6536
  -1.6355
  -1.6173
  -1.5968
  -1.5738
  -1.5495
  -1.5200
  -1.4876
  -1.4552
  -1.4216
  -1.3900
  -1.3624
  -1.3393
  -1.3166
  -1.2914
  -1.2642
  -1.2349
  -1.2056
  -1.1779
  -1.1523
  -1.1284
  -1.1053
  -1.0844
  -1.0676
  -1.0509
  -1.0357
  -1.0206
  -1.0059
  -0.9920
  -0.9765
  -0.9629
  -0.9494
  -0.9311
  -0.9071
  -0.8784
  -0.8512
  -0.8225
  -0.7986
  -0.7792
  -0.7644
  -0.7577
  -0.7509
  -0.7406
  -0.7291
  -0.7164
  -0.7029
  -0.6890
  -0.6750
  -0.6619
  -0.6470
  -0.6284
  -0.6041
  -0.5768
  -0.5487
  -0.5165
  -0.4842
  -0.4502
  -0.4155
  -0.3839
  -0.3540
  -0.3257
  -0.2959
  -0.2629
  -0.2288
  -0.1941
  -0.1623
  -0.1298
  -0.1013
  -0.0728
  -0.0451
  -0.0199
   0.0054
   0.0319
   0.0624
   0.0918
   0.1182
   0.1418
   0.1651
   0.1931
   0.2235
   0.2539
   0.2844
   0.3137
   0.3413
   0.3678
   0.3926
   0.4219
   0.4543
   0.4892
   0.5261
   0.5613
   0.5973
   0.6333
   0.6668
   0.6943
   0.7182
   0.7404
   0.7582
   0.7760
   0.7962
   0.8201
   0.8496
   0.8784
   0.9040
   0.9276
   0.9504
   0.9717
   0.9933
   1.0170
   1.0422
   1.0698
   1.0953
   1.1184
   1.1394
   1.1596
   1.1774
   1.1948
   1.2088
   1.2221
   1.2348
   1.2468
   1.2564
   1.2659
   1.2783
   1.2947
   1.3172
   1.3359
   1.3607
   1.3860
   1.4108
   1.4368
   1.4616
   1.4873
   1.5161
   1.5466
   1.5791
   1.6159
   1.6548
   1.6956
   1.7335
   1.7739
   1.8146
   1.8552
   1.8958
   1.9391
   1.9844
   2.0309
   2.0738
   2.1138
   2.1497
   2.1844
   2.2171
   2.2490
   2.2802
   2.3094
   2.3390
   2.3687
   2.4007
   2.4366
   2.4762
   2.5194
   2.5638
   2.6077
   2.6500
   2.6926
   2.7369
   2.7823
   2.8268
   2.8702
   2.9120
   2.9507
   2.9874
   3.0249
   3.0612
   3.0968
   3.1315
   3.1627
   3.1958
   3.2293
   3.2642
   3.2994
   3.3314
   3.3660
   3.4000
   3.4286
   3.4556
   3.4778
   3.5081
   3.5335
   3.5613
   3.5899
   3.6182
   3.6488
   3.6798
   3.7106
   3.7437
   3.7788
   3.8145
   3.8535
   3.8972
   3.9401
   3.9867
   4.0349
   4.0871
   4.1414
   4.1948
   4.2511
   4.3051
   4.3589
   4.4120
   4.4626
   4.5096
   4.5565
   4.6043
   4.6540
   4.7044
   4.7561
   4.8086
   4.8599
   4.9081
   4.9506
   4.9891
   5.0232
   5.0533
   5.0805
   5.1034
   5.1270
   5.1531
   5.1784
   5.2053
   5.2346
   5.2696
   5.3057
   5.3447
   5.3876
   5.4353
   5.4889
   5.5463
   5.6010
   5.6565
   5.7080
   5.7609
   5.8161
   5.8710
   5.9247
   5.9776
   6.0274
   6.0763
   6.1213
   6.1642
   6.2053
   6.2451
   6.2834
   6.3214
   6.3620
   6.4031
   6.4424
   6.4846
   6.5198
   6.5559
   6.5872
   6.6187
   6.6445
   6.6635
   6.6761
   6.6865
   6.6946
   6.6989
   6.7064
   6.7169
   6.7319
   6.7548
   6.7840
   6.8150
   6.8477
   6.8805
   6.9121
   6.9418
   6.9694
   6.9965
   7.0223
   7.0497
   7.0789
   7.1125
   7.1506
   7.1947
   7.2440
   7.2937
   7.3423
   7.3939
   7.4463
   7.4966
   7.5458
   7.5978
   7.6476
   7.6943
   7.7346
   7.7665
   7.7948
   7.8215
   7.8458
   7.8694
   7.8918
   7.9146
   7.9334
   7.9503
   7.9660
   7.9807
   7.9962
   8.0148
   8.0328
   8.0512
   8.0646
   8.0739
   8.0815
   8.0830
   8.0765
   8.0613
   8.0346
   8.0107
   7.9821
   7.9518
   7.9215
   7.8939
   7.8746
   7.8621
   7.8528
   7.8455
   7.8427
   7.8392
   7.8327
   7.8208
   7.8019
   7.7773
   7.7497
   7.7183
   7.6814
   7.6425
   7.5990
   7.5549
   7.5080
   7.4620
   7.4153
   7.3679
   7.3216
   7.2765
   7.2310
   7.1846
   7.1377
   7.0896
   7.0387
   6.9873
   6.9402
   6.8958
   6.8538
   6.8168
   6.7813
   6.7491
   6.7194
   6.6935
   6.6704
   6.6494
   6.6301
   6.6102
   6.5925
   6.5780
   6.5667
   6.5567
   6.5471
   6.5392
   6.5305
   6.5236
   6.5151
   6.5078
   6.5008
   6.4911
   6.4833
   6.4818
   6.4888
   6.5047
   6.5273
   6.5548
   6.5847
   6.6174
   6.6513
   6.6866
   6.7181
   6.7497
   6.7824
   6.8130
   6.8435
   6.8644
   6.8800
   6.8987
   6.9207
   6.9456
   6.9736
   7.0063
   7.0434
   7.0855
   7.1286
   7.1646
   7.2034
   7.2460
   7.2930
   7.3372
   7.3804
   7.4218
   7.4628
   7.5014
   7.5412
   7.5852
   7.6324
   7.6769
   7.7207
   7.7630
   7.8030
   7.8483
   7.8936
   7.9378
   7.9806
   8.0266
   8.0756
   8.1283
   8.1855
   8.2430
   8.2970
   8.3505
   8.4071
   8.4682
   8.5245
   8.5762
   8.6266
   8.6824
   8.7442
   8.8126
   8.8872
   8.9610
   9.0336
   9.1042
   9.1686
   9.2292
   9.2885
   9.3478
   9.4052
   9.4606
   9.5116
   9.5639
   9.6152
   9.6689
   9.7225
   9.7754
   9.8408
   9.9159
   9.9880
  10.0611
  10.1379
  10.2161
  10.2939
  10.3753
  10.4619
  10.5547
  10.6575
  10.7612
  10.8689
  10.9749
  11.0847
  11.1953
  11.3060
  11.4199
  11.5373
  11.6557
  11.7748
  11.8916
  12.0096
  12.1281
  12.2469
  12.3627
  12.4725
  12.5828
  12.6956
  12.8069
  12.9170
  13.0270
  13.1366
  13.2437
  13.3508
  13.4593
  13.5705
  13.6813
  13.7907
  13.9019
  14.0162
  14.1345
  14.2516
  14.3685
  14.4868
  14.6080
  14.7332
  14.8598
  14.9888
  15.1204
  15.2520
  15.3817
  15.5079
  15.6317
  15.7572
  15.8839
  16.0133
  16.1430
  16.2692
  16.3940
  16.5146
  16.6315
  16.7477
  16.8673
  16.9892
  17.1093
  17.2266
  17.3447
  17.4601
  17.5704
  17.6738
  17.7779
  17.8824
  17.9838
  18.0876
  18.1915
  18.2934
  18.3967
  18.4983
  18.5959
  18.6874
  18.7758
  18.8612
  18.9417
  19.0211
  19.1005
  19.1799
  19.2600
  19.3368
  19.4148
  19.4955
  19.5745
  19.6502
  19.7255
  19.7982
  19.8685
  19.9407
  20.0090
  20.0729
  20.1329
  20.1901
  20.2464
  20.2981
  20.3469
  20.3909
  20.4266
  20.4544
  20.4773
  20.4936
  20.5018
  20.5066
  20.5068
  20.5028
  20.4953
  20.4915
  20.4881
  20.4800
  20.4703
  20.4577
  20.4451
  20.4313
  20.4202
  20.4065
  20.3871
  20.3602
  20.3251
  20.2837
  20.2407
  20.1966
  20.1483
  20.0988
  20.0458
  19.9885
  19.9247
  19.8541
  19.7728
  19.6828
  19.5864
  19.4858
  19.3809
  19.2786
  19.1807
  19.0806
  18.9701
  18.8636
  18.7553
  18.6422
  18.5224
  18.3943
  18.2607
  18.1196
  17.9759
  17.8331
  17.6897
  17.5443
  17.4026
  17.2621
  17.1230
  16.9873
  16.8536
  16.7194
  16.5871
  16.4502
  16.3074
  16.1615
  16.0139
  15.8672
  15.7203
  15.5750
  15.4367
  15.3019
  15.1739
  15.0475
  14.9233
  14.8013
  14.6760
  14.5486
  14.4255
  14.3001
  14.1759
  14.0470
  13.9139
  13.7802
  13.6456
  13.5091
  13.3720
  13.2375
  13.1185
  13.0131
  12.9084
  12.8076
  12.7181
  12.6300
  12.5422
  12.4612
  12.3879
  12.3205
  12.2593
  12.2068
  12.1583
  12.1087
  12.0586
  12.0150
  11.9748
  11.9506
  11.9265
  11.9043
  11.8808
  11.8625
  11.8513
  11.8457
  11.8431
  11.8417
  11.8395
  11.8322
  11.8249
  11.8169
  11.8085
  11.8001
  11.7932
  11.7881
  11.7845
  11.7821
  11.7857
  11.8002
  11.8209
  11.8478
  11.8817
  11.9284
  11.9875
  12.0526
  12.1235
  12.1979
  12.2781
  12.3631
  12.4490
  12.5373
  12.6255
  12.7103
  12.7937
  12.8774
  12.9706
  13.0710
  13.1804
  13.2964
  13.4149
  13.5332
  13.6549
  13.7606
  13.8516
  13.9407
  14.0278
  14.1043
  14.1840
  14.2669
  14.3493
  14.4310
  14.5085
  14.5802
  14.6448
  14.7043
  14.7697
  14.8417
  14.9154
  14.9900
  15.0625
  15.1323
  15.2014
  15.2793
  15.3621
  15.4496
  15.5385
  15.6227
  15.7088
  15.7926
  15.8868
  15.9816
  16.0736
  16.1644
  16.2530
  16.3391
  16.4259
  16.5152
  16.6028
  16.6879
  16.7698
  16.8532
  16.9392
  17.0226
  17.0958
  17.1586
  17.2178
  17.2763
  17.3295
  17.3829
  17.4361
  17.4901
  17.5404
  17.5857
  17.6359
  17.6873
  17.7391
  17.7897
  17.8406
  17.8871
  17.9282
  17.9683
  18.0101
  18.0427
  18.0758
  18.1118
  18.1528
  18.1993
  18.2443
  18.2851
  18.3199
  18.3461
  18.3687
  18.3950
  18.4201
  18.4471
  18.4743
  18.4908
  18.4896
  18.4677
  18.4398
  18.4080
  18.3763
  18.3448
  18.3042
  18.2641
  18.2242
  18.1860
  18.1524
  18.1177
  18.0848
  18.0484
  18.0118
  17.9725
  17.9354
  17.8972
  17.8590
  17.8161
  17.7737
  17.7343
  17.6983
  17.6584
  17.6111
  17.5589
  17.5069
  17.4596
  17.4092
  17.3590
  17.3110
  17.2707
  17.2338
  17.1979
  17.1662
  17.1406
  17.1210
  17.1019
  17.0880
  17.0769
  17.0640
  17.0514
  17.0355
  17.0225
  17.0139
  17.0092
  17.0112
  17.0178
  17.0258
  17.0310
  17.0274
  17.0211
  17.0169
  17.0188
  17.0213
  17.0203
  17.0162
  17.0158
  17.0141
  17.0158
  17.0248
  17.0412
  17.0621
  17.0821
  17.1049
  17.1351
  17.1746
  17.2235
  17.2696
  17.3056
  17.3303
  17.3471
  17.3616
  17.3700
  17.3717
  17.3688
  17.3659
  17.3634
  17.3638
  17.3606
  17.3595
  17.3552
  17.3501
  17.3406
  17.3314
  17.3223
  17.3111
  17.2998
  17.2846
  17.2672
  17.2394
  17.2023
  17.1566
  17.0987
  17.0299
  16.9474
  16.8576
  16.7623
  16.6613
  16.5542
  16.4441
  16.3298
  16.2079
  16.0814
  15.9518
  15.8180
  15.6809
  15.5428
  15.4020
  15.2580
  15.1078
  14.9552
  14.8015
  14.6437
  14.4833
  14.3234
  14.1630
  14.0021
  13.8408
  13.6821
  13.5198
  13.3529
  13.1851
  13.0251
  12.8688
  12.7130
  12.5476
  12.3721
  12.1890
  12.0061
  11.8324
  11.6702
  11.5164
  11.3641
  11.2162
  11.0704
  10.9267
  10.7846
  10.6392
  10.4917
  10.3441
  10.1973
  10.0525
   9.9050
   9.7590
   9.6149
   9.4693
   9.3178
   9.1587
   8.9907
   8.8225
   8.6560
   8.4848
   8.3056
   8.1269
   7.9522
   7.7829
   7.6155
   7.4476
   7.2803
   7.1152
   6.9506
   6.7848
   6.6165
   6.4505
   6.2903
   6.1362
   5.9896
   5.8454
   5.7007
   5.5539
   5.4089
   5.2691
   5.1352
   5.0079
   4.8851
   4.7662
   4.6493
   4.5315
   4.4121
   4.2900
   4.1694
   4.0552
   3.9398
   3.8196
   3.6930
   3.5593
   3.4234
   3.2839
   3.1445
   3.0006
   2.8514
   2.6988
   2.5450
   2.3906
   2.2361
   2.0868
   1.9407
   1.8007
   1.6659
   1.5336
   1.4034
   1.2703
   1.1345
   0.9983
   0.8612
   0.7256
   0.5959
   0.4761
   0.3633
   0.2589
   0.1603
   0.0691
  -0.0113
  -0.0803
  -0.1451
  -0.2058
  -0.2617
  -0.3144
  -0.3657
  -0.4124
  -0.4587
  -0.5087
  -0.5558
  -0.5986
  -0.6404
  -0.6907
  -0.7480
  -0.8106
  -0.8780
  -0.9438
  -1.0092
  -1.0718
  -1.1325
  -1.1931
  -1.2538
  -1.3151
  -1.3773
  -1.4360
  -1.4913
  -1.5443
  -1.5949
  -1.6416
  -1.6848
  -1.7190
  -1.7446
  -1.7611
  -1.7697
  -1.7719
  -1.7703
  -1.7680
  -1.7633
  -1.7598
  -1.7570
  -1.7450
  -1.7346
  -1.7237
  -1.7152
  -1.7085
  -1.7086
  -1.7136
  -1.7220
  -1.7325
  -1.7447
  -1.7597
  -1.7766
  -1.7939
  -1.8134
  -1.8330
  -1.8498
  -1.8652
  -1.8780
  -1.8974
  -1.9180
  -1.9408
  -1.9652
  -1.9904
  -2.0162
  -2.0439
  -2.0761
  -2.1057
  -2.1364
  -2.1690
  -2.2016
  -2.2342
  -2.2641
  -2.2926
  -2.3155
  -2.3315
  -2.3446
  -2.3535
  -2.3633
  -2.3713
  -2.3787
  -2.3863
  -2.3955
  -2.4001
  -2.3987
  -2.3886
  -2.3715
  -2.4297
  -2.4901
  -2.5501
  -2.6172
  -2.6936
  -2.7786
  -2.8712
  -2.9704
  -3.0733
  -3.1768
  -3.2791
  -3.3804
  -3.4808
  -3.5793
  -3.6753
  -3.7782
  -3.8794
  -3.9813
  -4.0842
  -4.1858
  -4.2851
  -4.3838
  -4.4824
  -4.5797
  -4.6736
  -4.7659
  -4.8526
  -4.9363
  -5.0142
  -5.0896
