    1.7719
    1.5297
    1.2909
    1.0462
    0.7980
    0.5473
    0.2994
    0.0533
   -0.1887
   -0.4281
   -0.6671
   -0.9072
   -1.1530
   -1.3922
   -1.6372
   -1.8802
   -2.1218
   -2.3616
   -2.6024
   -2.8394
   -3.0786
   -3.3117
   -3.5401
   -3.7693
   -3.9947
   -4.2179
   -4.4445
   -4.6728
   -4.8951
   -5.1079
   -5.3264
   -5.2858
   -5.2479
   -5.2018
   -5.1584
   -5.1173
   -5.0781
   -5.0458
   -5.0103
   -4.9804
   -4.9546
   -4.9329
   -4.9086
   -4.8903
   -4.8698
   -4.8474
   -4.8273
   -4.8095
   -4.7886
   -4.7675
   -4.7481
   -4.7328
   -4.7210
   -4.7139
   -4.7089
   -4.6952
   -4.6806
   -4.6658
   -4.6498
   -4.6286
   -4.6112
   -4.5999
   -4.5802
   -4.5639
   -4.5426
   -4.5190
   -4.4866
   -4.4516
   -4.4124
   -4.3758
   -4.3373
   -4.3015
   -4.2736
   -4.2464
   -4.2193
   -4.1946
   -4.1701
   -4.1512
   -4.1343
   -4.1144
   -4.0956
   -4.0816
   -4.0691
   -4.0598
   -4.0540
   -4.0494
   -4.0469
   -4.0457
   -4.0433
   -4.0428
   -4.0432
   -4.0452
   -4.0439
   -4.0411
   -4.0445
   -4.0500
   -4.0546
   -4.0603
   -4.0649
   -4.0721
   -4.0759
   -4.0719
   -4.0610
   -4.0477
   -4.0301
   -4.0170
   -4.0048
   -3.9923
   -3.9721
   -3.9540
   -3.9359
   -3.9145
   -3.8868
   -3.8549
   -3.8138
   -3.7695
   -3.7306
   -3.6914
   -3.6564
   -3.6252
   -3.5924
   -3.5632
   -3.5267
   -3.4918
   -3.4522
   -3.4192
   -3.3842
   -3.3606
   -3.3420
   -3.3304
   -3.3244
   -3.3158
   -3.3103
   -3.2954
   -3.2740
   -3.2480
   -3.2210
   -3.1914
   -3.1586
   -3.1248
   -3.0920
   -3.0598
   -3.0343
   -3.0100
   -2.9897
   -2.9748
   -2.9625
   -2.9475
   -2.9286
   -2.9106
   -2.8911
   -2.8734
   -2.8513
   -2.8330
   -2.8199
   -2.8109
   -2.7955
   -2.7793
   -2.7600
   -2.7357
   -2.7111
   -2.6870
   -2.6629
   -2.6422
   -2.6223
   -2.6012
   -2.5769
   -2.5540
   -2.5320
   -2.5121
   -2.4936
   -2.4743
   -2.4576
   -2.4456
   -2.4407
   -2.4404
   -2.4416
   -2.4436
   -2.4489
   -2.4531
   -2.4637
   -2.4714
   -2.4772
   -2.4905
   -2.5068
   -2.5289
   -2.5446
   -2.5651
   -2.5824
   -2.5990
   -2.6151
   -2.6325
   -2.6568
   -2.6770
   -2.6958
   -2.7184
   -2.7421
   -2.7667
   -2.7891
   -2.8132
   -2.8401
   -2.8676
   -2.8955
   -2.9170
   -2.9362
   -2.9503
   -2.9567
   -2.9583
   -2.9605
   -2.9616
   -2.9635
   -2.9651
   -2.9706
   -2.9762
   -2.9823
   -2.9856
   -2.9837
   -2.9766
   -2.9678
   -2.9400
   -2.9217
   -2.8973
   -2.8748
   -2.8532
   -2.8312
   -2.8110
   -2.7916
   -2.7700
   -2.7504
   -2.7265
   -2.7066
   -2.6857
   -2.6674
   -2.6467
   -2.6265
   -2.6053
   -2.5855
   -2.5631
   -2.5377
   -2.5080
   -2.4746
   -2.4400
   -2.4124
   -2.3800
   -2.3433
   -2.3059
   -2.2643
   -2.2211
   -2.1783
   -2.1327
   -2.0869
   -2.0430
   -1.9963
   -1.9483
   -1.8986
   -1.8512
   -1.7992
   -1.7456
   -1.6906
   -1.6395
   -1.5901
   -1.5422
   -1.4970
   -1.4535
   -1.4142
   -1.3796
   -1.3486
   -1.3220
   -1.3010
   -1.2819
   -1.2692
   -1.2607
   -1.2597
   -1.2572
   -1.2569
   -1.2547
   -1.2515
   -1.2493
   -1.2537
   -1.2616
   -1.2887
   -1.3129
   -1.3447
   -1.3762
   -1.4125
   -1.4522
   -1.4952
   -1.5391
   -1.5845
   -1.6300
   -1.6772
   -1.7255
   -1.7765
   -1.8308
   -1.8909
   -1.9503
   -2.0104
   -2.0738
   -2.1412
   -2.2132
   -2.2935
   -2.3751
   -2.4528
   -2.5258
   -2.6055
   -2.6808
   -2.7601
   -2.8387
   -2.9212
   -3.0007
   -3.0829
   -3.1738
   -3.2645
   -3.3537
   -3.4420
   -3.5303
   -3.6121
   -3.6945
   -3.7787
   -3.8630
   -3.9436
   -4.0211
   -4.0935
   -4.1619
   -4.2245
   -4.2812
   -4.3327
   -4.3796
   -4.4215
   -4.4584
   -4.4895
   -4.5141
   -4.5339
   -4.5458
   -4.5547
   -4.5617
   -4.5684
   -4.5764
   -4.5857
   -4.5937
   -4.6033
   -4.6113
   -4.6188
   -4.6256
   -4.6322
   -4.6366
   -4.6389
   -4.6417
   -4.6414
   -4.6374
   -4.6302
   -4.6212
   -4.6107
   -4.5984
   -4.5862
   -4.5712
   -4.5589
   -4.5457
   -4.5316
   -4.5173
   -4.5024
   -4.4836
   -4.4660
   -4.4491
   -4.4336
   -4.4191
   -4.4067
   -4.3843
   -4.3558
   -4.3220
   -4.2819
   -4.2369
   -4.1795
   -4.1186
   -4.0566
   -3.9946
   -3.9330
   -3.8782
   -3.8255
   -3.7709
   -3.7149
   -3.6591
   -3.6032
   -3.5468
   -3.4946
   -3.4455
   -3.4016
   -3.3611
   -3.3257
   -3.2939
   -3.2668
   -3.2448
   -3.2269
   -3.2137
   -3.2059
   -3.1995
   -3.1916
   -3.1860
   -3.1763
   -3.1662
   -3.1540
   -3.1375
   -3.1187
   -3.0954
   -3.0680
   -3.0347
   -2.9989
   -2.9601
   -2.9184
   -2.8726
   -2.8278
   -2.7832
   -2.7392
   -2.6926
   -2.6438
   -2.5925
   -2.5391
   -2.4821
   -2.4254
   -2.3674
   -2.3097
   -2.2506
   -2.1906
   -2.1280
   -2.0642
   -1.9980
   -1.9314
   -1.8692
   -1.8163
   -1.7715
   -1.7349
   -1.7050
   -1.6811
   -1.6628
   -1.6482
   -1.6336
   -1.6234
   -1.6129
   -1.6026
   -1.5947
   -1.5889
   -1.5882
   -1.5923
   -1.6023
   -1.6184
   -1.6364
   -1.6599
   -1.6814
   -1.7046
   -1.7190
   -1.7345
   -1.7479
   -1.7620
   -1.7768
   -1.7961
   -1.8144
   -1.8308
   -1.8470
   -1.8612
   -1.8801
   -1.8990
   -1.9183
   -1.9405
   -1.9635
   -1.9883
   -2.0141
   -2.0377
   -2.0590
   -2.0794
   -2.0969
   -2.1170
   -2.1415
   -2.1629
   -2.1851
   -2.2046
   -2.2222
   -2.2354
   -2.2490
   -2.2618
   -2.2727
   -2.2805
   -2.2898
   -2.3023
   -2.3157
   -2.3328
   -2.3530
   -2.3751
   -2.3969
   -2.4188
   -2.4390
   -2.4567
   -2.4697
   -2.4772
   -2.4819
   -2.4838
   -2.4799
   -2.4795
   -2.4758
   -2.4732
   -2.4715
   -2.4675
   -2.4649
   -2.4632
   -2.4618
   -2.4558
   -2.4457
   -2.4289
   -2.4077
   -2.3857
   -2.3648
   -2.3518
   -2.3372
   -2.3189
   -2.2985
   -2.2751
   -2.2446
   -2.2147
   -2.1867
   -2.1627
   -2.1396
   -2.1142
   -2.0887
   -2.0640
   -2.0383
   -2.0134
   -1.9877
   -1.9644
   -1.9473
   -1.9331
   -1.9210
   -1.9142
   -1.9078
   -1.8976
   -1.8901
   -1.8791
   -1.8712
   -1.8649
   -1.8578
   -1.8500
   -1.8420
   -1.8354
   -1.8309
   -1.8253
   -1.8159
   -1.8050
   -1.7917
   -1.7763
   -1.7591
   -1.7432
   -1.7265
   -1.7060
   -1.6900
   -1.6762
   -1.6648
   -1.6554
   -1.6521
   -1.6481
   -1.6435
   -1.6395
   -1.6348
   -1.6323
   -1.6316
   -1.6302
   -1.6255
   -1.6186
   -1.6106
   -1.6014
   -1.5960
   -1.5881
   -1.5802
   -1.5678
   -1.5511
   -1.5315
   -1.5122
   -1.4936
   -1.4745
   -1.4542
   -1.4321
   -1.4113
   -1.3887
   -1.3655
   -1.3441
   -1.3227
   -1.3016
   -1.2796
   -1.2593
   -1.2391
   -1.2171
   -1.1942
   -1.1709
   -1.1475
   -1.1209
   -1.0971
   -1.0746
   -1.0524
   -1.0310
   -1.0110
   -0.9928
   -0.9785
   -0.9673
   -0.9584
   -0.9509
   -0.9426
   -0.9330
   -0.9238
   -0.9146
   -0.9058
   -0.8982
   -0.8886
   -0.8780
   -0.8666
   -0.8553
   -0.8399
   -0.8233
   -0.8084
   -0.7900
   -0.7672
   -0.7454
   -0.7246
   -0.6992
   -0.6788
   -0.6534
   -0.6255
   -0.5981
   -0.5690
   -0.5438
   -0.5159
   -0.4905
   -0.4671
   -0.4465
   -0.4299
   -0.4131
   -0.3963
   -0.3729
   -0.3515
   -0.3236
   -0.2974
   -0.2762
   -0.2596
   -0.2398
   -0.2200
   -0.2005
   -0.1817
   -0.1618
   -0.1415
   -0.1230
   -0.1053
   -0.0866
   -0.0709
   -0.0525
   -0.0316
   -0.0066
    0.0174
    0.0386
    0.0627
    0.0860
    0.1061
    0.1289
    0.1523
    0.1744
    0.1962
    0.2231
    0.2501
    0.2763
    0.3021
    0.3262
    0.3485
    0.3692
    0.3947
    0.4172
    0.4372
    0.4597
    0.4796
    0.4985
    0.5197
    0.5397
    0.5600
    0.5785
    0.5934
    0.6127
    0.6295
    0.6507
    0.6720
    0.6926
    0.7126
    0.7302
    0.7535
    0.7704
    0.7917
    0.8157
    0.8414
    0.8736
    0.9073
    0.9377
    0.9654
    0.9923
    1.0152
    1.0389
    1.0660
    1.1019
    1.1318
    1.1613
    1.1888
    1.2166
    1.2452
    1.2751
    1.3096
    1.3457
    1.3847
    1.4253
    1.4639
    1.5088
    1.5472
    1.5888
    1.6375
    1.6859
    1.7308
    1.7795
    1.8247
    1.8701
    1.9181
    1.9679
    2.0102
    2.0545
    2.0978
    2.1412
    2.1855
    2.2320
    2.2776
    2.3194
    2.3626
    2.4057
    2.4451
    2.4848
    2.5268
    2.5662
    2.6057
    2.6473
    2.6898
    2.7348
    2.7786
    2.8220
    2.8611
    2.9011
    2.9376
    2.9745
    3.0186
    3.0582
    3.0998
    3.1391
    3.1773
    3.2148
    3.2515
    3.2834
    3.3166
    3.3428
    3.3724
    3.4025
    3.4350
    3.4656
    3.4933
    3.5254
    3.5605
    3.6046
    3.6464
    3.6881
    3.7323
    3.7711
    3.8133
    3.8517
    3.8853
    3.9213
    3.9498
    3.9818
    4.0149
    4.0419
    4.0655
    4.0942
    4.1241
    4.1522
    4.1865
    4.2180
    4.2561
    4.2969
    4.3407
    4.3873
    4.4373
    4.4896
    4.5406
    4.5983
    4.6526
    4.7080
    4.7636
    4.8236
    4.8823
    4.9430
    5.0034
    5.0706
    5.1353
    5.2036
    5.2710
    5.3393
    5.4072
    5.4826
    5.5580
    5.6366
    5.7165
    5.7948
    5.8699
    5.9450
    6.0160
    6.0874
    6.1576
    6.2308
    6.3061
    6.3857
    6.4666
    6.5499
    6.6307
    6.7133
    6.7988
    6.8855
    6.9756
    7.0679
    7.1542
    7.2527
    7.3512
    7.4489
    7.5542
    7.6591
    7.7587
    7.8635
    7.9602
    8.0518
    8.1367
    8.2249
    8.3129
    8.4078
    8.5038
    8.6035
    8.7029
    8.8056
    8.9046
    8.9929
    9.0848
    9.1810
    9.2792
    9.3832
    9.4902
    9.5996
    9.7030
    9.8112
    9.9167
   10.0227
   10.1282
   10.2362
   10.3413
   10.4491
   10.5568
   10.6637
   10.7695
   10.8806
   10.9860
   11.0962
   11.2056
   11.3128
   11.4177
   11.5287
   11.6304
   11.7390
   11.8505
   11.9668
   12.0826
   12.2015
   12.3162
   12.4307
   12.5451
   12.6599
   12.7696
   12.8846
   12.9944
   13.1044
   13.2162
   13.3247
   13.4312
   13.5401
   13.6415
   13.7453
   13.8441
   13.9411
   14.0338
   14.1366
   14.2429
   14.3474
   14.4562
   14.5735
   14.6852
   14.8016
   14.9118
   15.0172
   15.1163
   15.2217
   15.3179
   15.4187
   15.5260
   15.6306
   15.7258
   15.8192
   15.9054
   15.9873
   16.0675
   16.1490
   16.2299
   16.3091
   16.3921
   16.4717
   16.5488
   16.6264
   16.7006
   16.7708
   16.8402
   16.9079
   16.9739
   17.0456
   17.1123
   17.1780
   17.2410
   17.3046
   17.3657
   17.4333
   17.5015
   17.5663
   17.6305
   17.6956
   17.7572
   17.8206
   17.8842
   17.9465
   18.0098
   18.0744
   18.1342
   18.1989
   18.2626
   18.3277
   18.3961
   18.4657
   18.5350
   18.5993
   18.6643
   18.7300
   18.7932
   18.8587
   18.9201
   18.9792
   19.0477
   19.1154
   19.1787
   19.2413
   19.3005
   19.3614
   19.4254
   19.4871
   19.5438
   19.5993
   19.6558
   19.7098
   19.7634
   19.8237
   19.8791
   19.9322
   19.9861
   20.0408
   20.0962
   20.1512
   20.2085
   20.2623
   20.3177
   20.3757
   20.4282
   20.4876
   20.5424
   20.5961
   20.6493
   20.7005
   20.7511
   20.7996
   20.8522
   20.8969
   20.9503
   20.9953
   21.0395
   21.0757
   21.1178
   21.1591
   21.2014
   21.2491
   21.2927
   21.3431
   21.3896
   21.4391
   21.4854
   21.5270
   21.5655
   21.6074
   21.6423
   21.6724
   21.6971
   21.7232
   21.7497
   21.7707
   21.7954
   21.8236
   21.8467
   21.8701
   21.8901
   21.9109
   21.9369
   21.9608
   21.9805
   21.9979
   22.0223
   22.0471
   22.0649
   22.0881
   22.1170
   22.1452
   22.1773
   22.2103
   22.2350
   22.2642
   22.2864
   22.3110
   22.3301
   22.3475
   22.3624
   22.3737
   22.3877
   22.4004
   22.4081
   22.4197
   22.4249
   22.4346
   22.4431
   22.4578
   22.4702
   22.4801
   22.4930
   22.4995
   22.5152
   22.5240
   22.5365
   22.5483
   22.5650
   22.5781
   22.5912
   22.6026
   22.6116
   22.6205
   22.6228
   22.6272
   22.6236
   22.6209
   22.6224
   22.6261
   22.6270
   22.6290
   22.6341
   22.6408
   22.6446
   22.6512
   22.6548
   22.6539
   22.6459
   22.6453
   22.6418
   22.6395
   22.6307
   22.6178
   22.6061
   22.6010
   22.6000
   22.5883
   22.5776
   22.5703
   22.5594
   22.5485
   22.5363
   22.5217
   22.5037
   22.4897
   22.4732
   22.4651
   22.4521
   22.4433
   22.4371
   22.4331
   22.4317
   22.4301
   22.4315
   22.4364
   22.4399
   22.4509
   22.4595
   22.4722
   22.4826
   22.4940
   22.5049
   22.5175
   22.5309
   22.5489
   22.5638
   22.5779
   22.5905
   22.6037
   22.6190
   22.6356
   22.6514
   22.6652
   22.6801
   22.6919
   22.7048
   22.7209
   22.7356
   22.7517
   22.7624
   22.7698
   22.7754
   22.7775
   22.7822
   22.7813
   22.7853
   22.7954
   22.8056
   22.8181
   22.8239
   22.8328
   22.8389
   22.8480
   22.8539
   22.8638
   22.8701
   22.8753
   22.8797
   22.8801
   22.8815
   22.8836
   22.8799
   22.8749
   22.8632
   22.8580
   22.8523
   22.8461
   22.8353
   22.8282
   22.8193
   22.8103
   22.7955
   22.7809
   22.7690
   22.7527
   22.7358
   22.7171
   22.6935
   22.6675
   22.6415
   22.6078
   22.5744
   22.5374
   22.4961
   22.4596
   22.4141
   22.3689
   22.3210
   22.2690
   22.2232
   22.1676
   22.1104
   22.0540
   21.9986
   21.9371
   21.8789
   21.8165
   21.7550
   21.6931
   21.6303
   21.5672
   21.5049
   21.4425
   21.3790
   21.3136
   21.2488
   21.1764
   21.1001
   21.0237
   20.9456
   20.8706
   20.7902
   20.7128
   20.6374
   20.5592
   20.4793
   20.3925
   20.3044
   20.2146
   20.1244
   20.0378
   19.9479
   19.8600
   19.7696
   19.6844
   19.5950
   19.5066
   19.4157
   19.3272
   19.2348
   19.1423
   19.0464
   18.9578
   18.8637
   18.7644
   18.6653
   18.5660
   18.4625
   18.3578
   18.2588
   18.1516
   18.0516
   17.9479
   17.8433
   17.7392
   17.6314
   17.5256
   17.4170
   17.3124
   17.2088
   17.1059
   17.0061
   16.9038
   16.8007
   16.6973
   16.5958
   16.4969
   16.4003
   16.3015
   16.2037
   16.1051
   16.0083
   15.9066
   15.8092
   15.7144
   15.6152
   15.5170
   15.4215
   15.3234
   15.2240
   15.1229
   15.0199
   14.9173
   14.8147
   14.7111
   14.6083
   14.5044
   14.4065
   14.3076
   14.2143
   14.1212
   14.0254
   13.9339
   13.8371
   13.7549
   13.6582
   13.5642
   13.4686
   13.3769
   13.2898
   13.2016
   13.1155
   13.0285
   12.9409
   12.8553
   12.7669
   12.6828
   12.5952
   12.5172
   12.4350
   12.3439
   12.2594
   12.1754
   12.0885
   12.0064
   11.9246
   11.8398
   11.7552
   11.6792
   11.5979
   11.5190
   11.4270
   11.3412
   11.2561
   11.1717
   11.0842
   11.0010
   10.9167
   10.8327
   10.7478
   10.6638
   10.5825
   10.5043
   10.4309
   10.3575
   10.2844
   10.2159
   10.1475
   10.0818
   10.0213
    9.9622
    9.9110
    9.8549
    9.7984
    9.7499
    9.7004
    9.6495
    9.5972
    9.5460
    9.4997
    9.4526
    9.4005
    9.3545
    9.3064
    9.2667
    9.2169
    9.1819
    9.1467
    9.1141
    9.0799
    9.0465
    9.0142
    8.9801
    8.9512
    8.9240
    8.8993
    8.8792
    8.8565
    8.8368
    8.8143
    8.7995
    8.7888
    8.7790
    8.7686
    8.7653
    8.7616
    8.7582
    8.7582
    8.7605
    8.7617
    8.7679
    8.7754
    8.7881
    8.7940
    8.8015
    8.8057
    8.8113
    8.8177
    8.8208
    8.8235
    8.8248
    8.8246
    8.8279
    8.8262
    8.8311
    8.8363
    8.8419
    8.8462
    8.8570
    8.8601
    8.8630
    8.8628
    8.8569
    8.8583
    8.8629
    8.8657
    8.8637
    8.8693
    8.8768
    8.8848
    8.8895
    8.8935
    8.9059
    8.9127
    8.9217
    8.9275
    8.9375
    8.9397
    8.9471
    8.9510
    8.9585
    8.9618
    8.9685
    8.9742
    8.9851
    8.9900
    8.9941
    8.9998
    9.0023
    9.0022
    9.0054
    9.0072
    9.0077
    9.0000
    8.9931
    8.7343
    8.4815
    8.2289
    7.9746
    7.7232
    7.4691
    7.2185
    6.9667
    6.7192
    6.4736
    6.2275
    5.9839
    5.7418
    5.4969
    5.2542
    5.0108
    4.7703
    4.5297
    4.2854
    4.0427
    3.7981
    3.5563
    3.3169
    3.0783
    2.8337
    2.5950
    2.3577
    2.1278
    1.8925
    1.6650
