   -0.0834
   -0.0974
   -0.1103
   -0.1174
   -0.1332
   -0.1499
   -0.1711
   -0.1965
   -0.2155
   -0.2346
   -0.2506
   -0.2662
   -0.2778
   -0.2975
   -0.3178
   -0.3383
   -0.3644
   -0.3828
   -0.4002
   -0.4178
   -0.4333
   -0.4525
   -0.4671
   -0.4803
   -0.4928
   -0.5076
   -0.5330
   -0.5683
   -0.6008
   -0.6396
   -0.6823
   -0.7418
   -0.7814
   -0.8165
   -0.8534
   -0.8935
   -0.9287
   -0.9565
   -0.9942
   -1.0341
   -1.0620
   -1.0893
   -1.1061
   -1.1313
   -1.1503
   -1.1649
   -1.1711
   -1.1673
   -1.1712
   -1.1727
   -1.1830
   -1.1938
   -1.2045
   -1.2212
   -1.2302
   -1.2403
   -1.2451
   -1.2534
   -1.2615
   -1.2669
   -1.2816
   -1.3089
   -1.3391
   -1.3693
   -1.4081
   -1.4427
   -1.4770
   -1.5046
   -1.5360
   -1.5658
   -1.5964
   -1.6331
   -1.6656
   -1.7041
   -1.7359
   -1.7672
   -1.8009
   -1.8272
   -1.8593
   -1.8886
   -1.9226
   -1.9579
   -1.9922
   -2.0322
   -2.0724
   -2.1094
   -2.1545
   -2.1937
   -2.2180
   -2.2418
   -2.2628
   -2.2898
   -2.3231
   -2.3575
   -2.3925
   -2.4301
   -2.4667
   -2.5012
   -2.5400
   -2.5671
   -2.5885
   -2.6141
   -2.6354
   -2.6551
   -2.6702
   -2.6850
   -2.7052
   -2.7305
   -2.7626
   -2.7827
   -2.8068
   -2.8181
   -2.8286
   -2.8366
   -2.8453
   -2.8575
   -2.8707
   -2.8942
   -2.9196
   -2.9506
   -2.9811
   -3.0070
   -3.0278
   -3.0463
   -3.0691
   -3.0818
   -3.1026
   -3.1209
   -3.1438
   -3.1623
   -3.1796
   -3.1950
   -3.2070
   -3.2285
   -3.2496
   -3.2741
   -3.2943
   -3.3150
   -3.3327
   -3.3478
   -3.3576
   -3.3644
   -3.3747
   -3.3870
   -3.3989
   -3.4152
   -3.4342
   -3.4401
   -3.4440
   -3.4519
   -3.4589
   -3.4653
   -3.4686
   -3.4668
   -3.4662
   -3.4685
   -3.4619
   -3.4566
   -3.4527
   -3.4505
   -3.4542
   -3.4590
   -3.4648
   -3.4747
   -3.4812
   -3.4872
   -3.4961
   -3.5078
   -3.5203
   -3.5286
   -3.5395
   -3.5519
   -3.5685
   -3.5866
   -3.6044
   -3.6248
   -3.6470
   -3.6662
   -3.6821
   -3.6976
   -3.7156
   -3.7395
   -3.7589
   -3.7806
   -3.8008
   -3.8161
   -3.8316
   -3.8438
   -3.8622
   -3.8774
   -3.8979
   -3.9210
   -3.9463
   -3.9712
   -3.9945
   -4.0206
   -4.0470
   -4.0807
   -4.1151
   -4.1517
   -4.1900
   -4.2347
   -4.2796
   -4.3169
   -4.3499
   -4.3827
   -4.4242
   -4.4502
   -4.4775
   -4.5199
   -4.5556
   -4.5975
   -4.6321
   -4.6520
   -4.6917
   -4.7123
   -4.7377
   -4.7582
   -4.7812
   -4.8039
   -4.8179
   -4.8313
   -4.8341
   -4.8379
   -4.8403
   -4.8451
   -4.8440
   -4.8574
   -4.8578
   -4.8653
   -4.8726
   -4.8857
   -4.8915
   -4.9056
   -4.9210
   -4.9437
   -4.9670
   -4.9948
   -5.0285
   -5.0611
   -5.0922
   -5.1264
   -5.1518
   -5.1810
   -5.2090
   -5.2394
   -5.2763
   -5.3189
   -5.3618
   -5.3980
   -5.4359
   -5.4675
   -5.4940
   -5.5122
   -5.5265
   -5.5449
   -5.5575
   -5.5552
   -5.5577
   -5.5479
   -5.5493
   -5.5408
   -5.5339
   -5.5178
   -5.5105
   -5.4943
   -5.4736
   -5.4420
   -5.4291
   -5.4197
   -5.4010
   -5.3861
   -5.3683
   -5.3478
   -5.3497
   -5.3276
   -5.3330
   -5.3251
   -5.3338
   -5.3324
   -5.3422
   -5.3559
   -5.3718
   -5.3966
   -5.4211
   -5.4427
   -5.4659
   -5.4961
   -5.5133
   -5.5419
   -5.5597
   -5.5819
   -5.5965
   -5.6180
   -5.6336
   -5.6467
   -5.6531
   -5.6589
   -5.6610
   -5.6576
   -5.6561
   -5.6536
   -5.6502
   -5.6498
   -5.6498
   -5.6512
   -5.6522
   -5.6470
   -5.6294
   -5.5992
   -5.5644
   -5.5256
   -5.4868
   -5.4554
   -5.4317
   -5.4110
   -5.3828
   -5.3545
   -5.3388
   -5.3166
   -5.3040
   -5.2824
   -5.2704
   -5.2558
   -5.2526
   -5.2438
   -5.2442
   -5.2446
   -5.2515
   -5.2507
   -5.2515
   -5.2437
   -5.2468
   -5.2385
   -5.2471
   -5.2404
   -5.2432
   -5.2323
   -5.2202
   -5.2245
   -5.2179
   -5.2038
   -5.2000
   -5.1867
   -5.1676
   -5.1530
   -5.1315
   -5.1029
   -5.0752
   -5.0510
   -5.0077
   -4.9766
   -4.9371
   -4.8979
   -4.8554
   -4.8116
   -4.7710
   -4.7350
   -4.6995
   -4.6680
   -4.6438
   -4.6191
   -4.5967
   -4.5692
   -4.5418
   -4.5101
   -4.4748
   -4.4407
   -4.4094
   -4.3863
   -4.3670
   -4.3502
   -4.3300
   -4.3081
   -4.2841
   -4.2636
   -4.2508
   -4.2382
   -4.2271
   -4.2184
   -4.2084
   -4.2003
   -4.1906
   -4.1794
   -4.1657
   -4.1514
   -4.1397
   -4.1253
   -4.1139
   -4.0994
   -4.0894
   -4.0762
   -4.0693
   -4.0595
   -4.0597
   -4.0521
   -4.0532
   -4.0463
   -4.0464
   -4.0498
   -4.0312
   -4.0251
   -4.0180
   -4.0011
   -3.9939
   -3.9961
   -3.9912
   -3.9904
   -3.9954
   -3.9979
   -3.9956
   -4.0079
   -4.0086
   -4.0117
   -4.0118
   -4.0133
   -4.0146
   -4.0139
   -4.0086
   -4.0027
   -3.9878
   -3.9648
   -3.9380
   -3.9109
   -3.8860
   -3.8655
   -3.8501
   -3.8372
   -3.8285
   -3.8223
   -3.8204
   -3.8221
   -3.8223
   -3.8270
   -3.8315
   -3.8310
   -3.8244
   -3.8068
   -3.7873
   -3.7705
   -3.7472
   -3.7213
   -3.6934
   -3.6668
   -3.6416
   -3.6182
   -3.5949
   -3.5669
   -3.5416
   -3.5150
   -3.4882
   -3.4630
   -3.4438
   -3.4254
   -3.4012
   -3.3768
   -3.3527
   -3.3251
   -3.2990
   -3.2729
   -3.2479
   -3.2231
   -3.2009
   -3.1801
   -3.1620
   -3.1391
   -3.1163
   -3.0949
   -3.0753
   -3.0558
   -3.0487
   -3.0268
   -3.0111
   -2.9876
   -2.9751
   -2.9625
   -2.9441
   -2.9338
   -2.9150
   -2.9022
   -2.8826
   -2.8661
   -2.8516
   -2.8348
   -2.8185
   -2.7959
   -2.7675
   -2.7354
   -2.7020
   -2.6631
   -2.6277
   -2.5893
   -2.5530
   -2.5198
   -2.4895
   -2.4607
   -2.4354
   -2.4161
   -2.4016
   -2.3887
   -2.3759
   -2.3709
   -2.3682
   -2.3685
   -2.3672
   -2.3658
   -2.3642
   -2.3658
   -2.3675
   -2.3677
   -2.3677
   -2.3689
   -2.3671
   -2.3683
   -2.3609
   -2.3577
   -2.3527
   -2.3506
   -2.3455
   -2.3417
   -2.3353
   -2.3302
   -2.3222
   -2.3141
   -2.3043
   -2.2932
   -2.2838
   -2.2756
   -2.2658
   -2.2654
   -2.2572
   -2.2431
   -2.2412
   -2.2303
   -2.2286
   -2.2235
   -2.2167
   -2.2130
   -2.2035
   -2.2027
   -2.1945
   -2.1994
   -2.2010
   -2.1978
   -2.1974
   -2.1894
   -2.1873
   -2.1801
   -2.1789
   -2.1732
   -2.1702
   -2.1595
   -2.1578
   -2.1528
   -2.1476
   -2.1317
   -2.1142
   -2.0968
   -2.0766
   -2.0533
   -2.0285
   -1.9994
   -1.9704
   -1.9479
   -1.9259
   -1.9087
   -1.8898
   -1.8711
   -1.8462
   -1.8182
   -1.7900
   -1.7539
   -1.7136
   -1.6734
   -1.6270
   -1.5851
   -1.5399
   -1.4968
   -1.4506
   -1.4075
   -1.3656
   -1.3233
   -1.2843
   -1.2509
   -1.2192
   -1.1873
   -1.1581
   -1.1289
   -1.0948
   -1.0605
   -1.0193
   -0.9874
   -0.9535
   -0.9220
   -0.8920
   -0.8600
   -0.8235
   -0.7898
   -0.7555
   -0.7237
   -0.6931
   -0.6620
   -0.6221
   -0.5820
   -0.5498
   -0.5132
   -0.4878
   -0.4627
   -0.4517
   -0.4345
   -0.4254
   -0.4163
   -0.4075
   -0.3876
   -0.3606
   -0.3334
   -0.3168
   -0.2986
   -0.2807
   -0.2642
   -0.2490
   -0.2356
   -0.2234
   -0.2100
   -0.1945
   -0.1733
   -0.1476
   -0.1203
   -0.0882
   -0.0637
   -0.0407
   -0.0211
   -0.0031
    0.0083
    0.0183
    0.0264
    0.0314
    0.0335
    0.0388
    0.0380
    0.0358
    0.0379
    0.0325
    0.0366
    0.0421
    0.0461
    0.0495
    0.0512
    0.0513
    0.0510
    0.0451
    0.0399
    0.0340
    0.0322
    0.0287
    0.0299
    0.0299
    0.0302
    0.0318
    0.0345
    0.0414
    0.0492
    0.0554
    0.0604
    0.0633
    0.0726
    0.0741
    0.0825
    0.0882
    0.1013
    0.1081
    0.1185
    0.1303
    0.1392
    0.1449
    0.1421
    0.1394
    0.1396
    0.1334
    0.1322
    0.1265
    0.1269
    0.1292
    0.1282
    0.1260
    0.1261
    0.1162
    0.1094
    0.0990
    0.0873
    0.0784
    0.0670
    0.0595
    0.0403
    0.0262
    0.0118
   -0.0012
   -0.0092
   -0.0180
   -0.0293
   -0.0354
   -0.0396
   -0.0473
   -0.0506
   -0.0588
   -0.0670
   -0.0719
   -0.0704
   -0.0673
   -0.0580
   -0.0439
   -0.0289
   -0.0125
    0.0099
    0.0308
    0.0563
    0.0741
    0.0972
    0.1150
    0.1331
    0.1512
    0.1677
    0.1862
    0.2027
    0.2206
    0.2374
    0.2449
    0.2617
    0.2782
    0.2964
    0.3162
    0.3378
    0.3625
    0.3840
    0.4102
    0.4347
    0.4599
    0.4835
    0.5115
    0.5400
    0.5651
    0.5961
    0.6224
    0.6469
    0.6761
    0.7067
    0.7422
    0.7866
    0.8252
    0.8640
    0.9042
    0.9461
    0.9936
    1.0385
    1.0905
    1.1436
    1.1989
    1.2542
    1.3076
    1.3662
    1.4261
    1.4907
    1.5478
    1.6164
    1.6834
    1.7568
    1.8270
    1.8985
    1.9658
    2.0360
    2.1017
    2.1647
    2.2263
    2.2917
    2.3518
    2.4125
    2.4729
    2.5360
    2.6020
    2.6669
    2.7361
    2.7961
    2.8576
    2.9173
    2.9845
    3.0487
    3.1160
    3.1863
    3.2537
    3.3154
    3.3831
    3.4478
    3.5169
    3.5793
    3.6501
    3.7147
    3.7779
    3.8452
    3.9135
    3.9784
    4.0538
    4.1230
    4.1938
    4.2630
    4.3308
    4.3984
    4.4690
    4.5431
    4.6191
    4.6963
    4.7691
    4.8418
    4.9095
    4.9715
    5.0352
    5.0994
    5.1685
    5.2402
    5.3213
    5.3951
    5.4685
    5.5483
    5.6302
    5.7145
    5.7918
    5.8712
    5.9476
    6.0258
    6.1067
    6.1859
    6.2671
    6.3545
    6.4377
    6.5265
    6.6123
    6.6937
    6.7737
    6.8508
    6.9261
    6.9992
    7.0793
    7.1534
    7.2255
    7.2992
    7.3821
    7.4610
    7.5467
    7.6371
    7.7279
    7.8048
    7.8864
    7.9722
    8.0674
    8.1650
    8.2612
    8.3453
    8.4324
    8.5268
    8.6193
    8.7138
    8.8102
    8.8961
    8.9871
    9.0768
    9.1707
    9.2697
    9.3660
    9.4625
    9.5511
    9.6331
    9.7230
    9.8113
    9.8964
    9.9941
   10.0918
   10.1909
   10.2882
   10.3780
   10.4627
   10.5340
   10.6114
   10.6802
   10.7443
   10.8090
   10.8762
   10.9427
   11.0095
   11.0711
   11.1356
   11.1956
   11.2555
   11.3118
   11.3591
   11.4072
   11.4554
   11.5063
   11.5568
   11.6063
   11.6569
   11.7125
   11.7625
   11.8108
   11.8608
   11.9188
   11.9708
   12.0116
   12.0497
   12.0838
   12.1117
   12.1396
   12.1763
   12.2066
   12.2276
   12.2369
   12.2340
   12.2333
   12.2408
   12.2487
   12.2509
   12.2512
   12.2525
   12.2529
   12.2564
   12.2564
   12.2639
   12.2625
   12.2610
   12.2582
   12.2570
   12.2509
   12.2437
   12.2290
   12.2261
   12.2220
   12.2043
   12.1897
   12.1703
   12.1526
   12.1350
   12.1132
   12.0952
   12.0767
   12.0611
   12.0412
   12.0114
   11.9825
   11.9486
   11.9152
   11.8773
   11.8383
   11.8024
   11.7613
   11.7241
   11.6899
   11.6534
   11.6237
   11.5877
   11.5591
   11.5313
   11.5075
   11.4809
   11.4503
   11.4248
   11.3959
   11.3669
   11.3455
   11.3237
   11.3046
   11.2871
   11.2699
   11.2506
   11.2362
   11.2266
   11.2155
   11.2071
   11.2158
   11.2274
   11.2332
   11.2422
   11.2590
   11.2737
   11.2826
   11.2992
   11.3088
   11.3220
   11.3297
   11.3374
   11.3374
   11.3402
   11.3380
   11.3492
   11.3618
   11.3755
   11.3865
   11.3991
   11.4187
   11.4361
   11.4552
   11.4707
   11.4805
   11.4995
   11.5225
   11.5444
   11.5753
   11.6059
   11.6477
   11.6924
   11.7434
   11.7933
   11.8574
   11.9117
   11.9673
   12.0218
   12.0759
   12.1285
   12.1830
   12.2297
   12.2810
   12.3271
   12.3761
   12.4183
   12.4652
   12.5273
   12.5855
   12.6448
   12.7054
   12.7617
   12.8254
   12.8857
   12.9505
   13.0143
   13.0845
   13.1517
   13.2253
   13.3097
   13.3954
   13.4748
   13.5556
   13.6440
   13.7256
   13.8024
   13.8849
   13.9697
   14.0427
   14.1253
   14.2061
   14.2929
   14.3830
   14.4825
   14.5848
   14.6856
   14.7806
   14.8783
   14.9710
   15.0673
   15.1559
   15.2480
   15.3393
   15.4308
   15.5226
   15.6198
   15.7175
   15.8129
   15.9095
   16.0043
   16.1052
   16.2007
   16.2978
   16.3915
   16.4855
   16.5781
   16.6784
   16.7804
   16.8828
   16.9854
   17.0903
   17.1936
   17.2989
   17.4041
   17.5105
   17.6128
   17.7220
   17.8205
   17.9130
   18.0020
   18.0888
   18.1809
   18.2701
   18.3573
   18.4421
   18.5198
   18.5960
   18.6749
   18.7522
   18.8292
   18.8957
   18.9656
   19.0290
   19.0903
   19.1512
   19.2137
   19.2715
   19.3272
   19.3825
   19.4346
   19.4888
   19.5408
   19.5786
   19.6219
   19.6606
   19.6929
   19.7297
   19.7627
   19.7957
   19.8312
   19.8566
   19.8908
   19.9252
   19.9539
   19.9838
   20.0116
   20.0361
   20.0553
   20.0728
   20.0890
   20.0914
   20.0910
   20.0846
   20.0704
   20.0576
   20.0402
   20.0179
   19.9955
   19.9719
   19.9491
   19.9229
   19.8907
   19.8604
   19.8326
   19.7946
   19.7550
   19.7177
   19.6707
   19.6293
   19.5814
   19.5338
   19.4862
   19.4253
   19.3686
   19.3037
   19.2415
   19.1783
   19.1168
   19.0665
   19.0083
   18.9283
   18.8435
   18.7579
   18.6792
   18.5997
   18.5172
   18.4343
   18.3504
   18.2622
   18.1718
   18.0883
   17.9903
   17.8960
   17.7998
   17.6950
   17.5881
   17.4765
   17.3651
   17.2479
   17.1359
   17.0203
   16.9068
   16.7854
   16.6641
   16.5448
   16.4191
   16.2954
   16.1720
   16.0459
   15.9189
   15.7900
   15.6705
   15.5443
   15.4216
   15.3008
   15.1754
   15.0559
   14.9348
   14.8079
   14.6761
   14.5452
   14.4115
   14.2796
   14.1429
   13.9971
   13.8524
   13.7108
   13.5676
   13.4252
   13.2777
   13.1252
   12.9700
   12.8079
   12.6542
   12.4998
   12.3522
   12.2015
   12.0544
   11.9058
   11.7382
   11.5755
   11.4251
   11.2821
   11.1339
   10.9852
   10.8380
   10.7052
   10.5729
   10.4479
   10.3196
   10.1932
   10.0589
    9.9293
    9.7948
    9.6633
    9.5381
    9.4065
    9.2875
    9.1575
    9.0329
    8.8969
    8.7575
    8.6175
    8.4812
    8.3398
    8.2011
    8.0640
    7.9301
    7.7961
    7.6682
    7.5385
    7.4026
    7.2619
    7.1207
    6.9746
    6.8268
    6.6772
    6.5234
    6.3665
    6.2143
    6.0606
    5.9178
    5.7748
    5.6351
    5.5031
    5.3793
    5.2586
    5.1431
    5.0277
    4.9189
    4.8197
    4.7178
    4.6241
    4.5446
    4.4521
    4.3683
    4.2768
    4.1841
    4.0880
    3.9922
    3.9029
    3.8133
    3.7284
    3.6407
    3.5499
    3.4614
    3.3667
    3.2595
    3.1525
    3.0329
    2.9215
    2.8021
    2.6874
    2.5792
    2.4756
    2.3766
    2.2660
    2.1713
    2.0635
    1.9703
    1.8741
    1.7813
    1.7059
    1.6213
    1.5489
    1.4640
    1.3889
    1.3123
    1.2324
    1.1550
    1.0764
    1.0073
    0.9258
    0.8645
    0.8095
    0.7481
    0.6944
    0.6459
    0.5888
    0.5415
    0.4971
    0.4542
    0.4003
    0.3543
    0.3034
    0.2494
    0.2000
    0.1475
    0.0914
    0.0370
   -0.0222
   -0.0790
   -0.1344
   -0.1879
   -0.2486
   -0.2980
   -0.3570
   -0.4111
   -0.4565
   -0.4957
   -0.5413
   -0.5896
   -0.6302
   -0.6754
   -0.7143
   -0.7425
   -0.7804
   -0.8152
   -0.8454
   -0.8820
   -0.9043
   -0.9252
   -0.9398
   -0.9480
   -0.9609
   -0.9749
   -0.9855
   -0.9857
   -0.9988
   -0.9986
   -1.0098
   -1.0147
   -1.0198
   -1.0358
   -1.0439
   -1.0661
   -1.0704
   -1.0843
   -1.0870
   -1.0897
   -1.0906
   -1.0898
   -1.0937
   -1.0786
   -1.0665
   -1.0635
   -1.0443
   -1.0280
   -1.0099
   -0.9789
   -0.9546
   -0.9334
   -0.9062
   -0.8729
   -0.8445
   -0.8126
   -0.7776
   -0.7539
   -0.7192
   -0.6891
   -0.6607
   -0.6291
   -0.6119
   -0.5852
   -0.5649
   -0.5422
   -0.5194
   -0.4902
   -0.4581
   -0.4263
   -0.4009
   -0.3723
   -0.3484
   -0.3257
   -0.3027
   -0.2816
   -0.2672
   -0.2437
   -0.2174
   -0.1941
   -0.1583
   -0.1286
   -0.1082
   -0.0828
   -0.0559
   -0.0068
    0.0274
    0.0518
    0.0791
    0.1114
    0.1353
    0.1607
    0.1890
    0.2171
    0.2398
    0.2606
    0.2729
    0.2864
    0.2981
    0.3002
    0.2976
    0.2873
    0.2687
    0.2485
    0.2313
    0.2049
    0.1874
    0.1732
    0.1538
    0.1326
    0.1098
    0.0916
    0.0816
    0.0624
    0.0446
