27444.4727
27445.6211
27446.2363
27446.3164
27445.8516
27445.8281
27445.9258
27446.3926
27446.5488
27446.4570
27446.6895
27446.8242
27447.0117
27447.1719
27447.2520
27447.2520
27447.2852
27447.1367
27447.3613
27447.5039
27447.5039
27447.2891
27446.9336
27446.5078
27446.7207
27446.8301
27446.5762
27446.8496
27446.5801
27446.5801
27446.5879
27446.7090
27446.9629
27446.8848
27447.1895
27447.3789
27447.3359
27447.2324
27447.4082
27447.0977
27447.0859
27447.4414
27448.1250
27447.9141
27448.0020
27447.6211
27447.0840
27446.8926
27446.1641
27445.7051
27446.4082
27447.7617
27448.1875
27448.5332
27448.0332
27447.3164
27446.9766
27446.7754
27446.4961
27446.3242
27446.3926
27446.3320
27446.5488
27446.7441
27446.7910
27446.7754
27446.6465
27446.3848
27446.8203
27446.6387
27447.0859
27446.7969
27446.5762
27446.3770
27446.2930
27446.0801
27446.0801
27446.1270
27446.0137
27445.7559
27445.7910
27445.9531
27446.2910
27446.7695
27447.5078
27447.9824
27448.6523
27449.5098
27449.8262
27450.2051
27450.0527
27450.0820
27450.1094
27449.9492
27450.2773
27451.3145
27451.5723
27451.1328
27451.4121
27451.3008
27452.0371
27452.0781
27452.2305
27452.5078
27452.9453
27453.5234
27453.7441
27453.6523
27453.7617
27454.3203
27454.0996
27454.0273
27454.2266
27454.7051
27454.9336
27455.1602
27455.0195
27455.0195
27455.0898
27455.2773
27455.5352
27455.5352
27455.1543
27455.2441
27455.0840
27455.2441
27455.1211
27454.9219
27454.6016
27454.6895
27454.2383
27454.7695
27454.1875
27454.2988
27454.2266
27453.8770
27453.3867
27453.4844
27453.4141
27453.2324
27453.1406
27453.1191
27453.1699
27453.1699
27453.2988
27453.1289
27452.8574
27452.6035
27452.4668
27452.3145
27452.2539
27452.1992
27452.2031
27451.9512
27451.9297
27452.1465
27451.7891
27451.7578
27451.4160
27451.1895
27450.9688
27450.8320
27450.6465
27450.4980
27450.3496
27450.2969
27450.1855
27450.0410
27449.9824
27449.8633
27449.8105
27449.7695
27449.7461
27449.6855
27449.6660
27449.5391
27449.4492
27449.3613
27449.4531
27449.5137
27449.4902
27449.3906
27449.3672
27449.0859
27449.0312
27449.1895
27449.5938
27450.1445
27450.6641
27450.7852
27451.0723
27451.5938
27451.7480
27451.7227
27451.8105
27451.8555
27451.9160
27451.9883
27451.4258
27451.6875
27451.2207
27451.0098
27451.0703
27450.5469
27451.4590
27450.9297
27450.8887
27450.3457
27450.4648
27450.2832
27449.8496
27449.5059
27449.0645
27448.8574
27448.7070
27448.1094
27447.7676
27447.1074
27446.4258
27446.0723
27445.9727
27446.1895
27446.1230
27445.8496
27445.3438
27445.3438
27445.4414
27445.6289
27445.7246
27445.6992
27445.5938
27445.1582
27445.1289
27444.9375
27444.8535
27444.8242
27445.0840
27445.2734
27444.9727
27445.2520
27445.3320
27445.5605
27445.7832
27446.1504
27446.3945
27446.6641
27447.0586
27447.4785
27447.8926
27448.2402
27448.3496
27448.4297
27448.5586
27448.7129
27448.8848
27449.0449
27449.1523
27449.3066
27449.5059
27449.7051
27449.8848
27450.0625
27450.1934
27450.3340
27450.1621
27450.0859
27450.1172
27450.2070
27450.4297
27450.8301
27451.1211
27451.1113
27451.1094
27451.1465
27450.9199
27450.7559
27450.6914
27450.7031
27450.7480
27450.4023
27450.3535
27450.6543
27450.2617
27450.1523
27449.9414
27449.7500
27449.2051
27448.5859
27447.9609
27447.7500
27447.5312
27447.4648
27447.4551
27447.5898
27447.3184
27447.1426
27446.8438
27446.5957
27446.7051
27446.7559
27446.7930
27446.4570
27446.4648
27446.2637
27446.1719
27446.2891
27446.4785
27446.7051
27447.2383
27447.0566
27447.3555
27447.1992
27446.8633
27446.8516
27446.8789
27446.9492
27447.1211
27446.8105
27446.6641
27446.3867
27446.0625
27445.6895
27445.5977
27445.2852
27445.2031
27445.2832
27445.2559
27445.4434
27445.6250
27445.2793
27445.2773
27445.3125
27445.0469
27444.8105
27444.5684
27444.3711
27444.1602
27444.2402
27444.0840
27443.6914
27443.1270
27443.4707
27443.0879
27442.7500
27442.9395
27442.8555
27442.4902
27441.8633
27441.9609
27441.7852
27441.7832
27441.8828
27441.8828
27441.9531
27441.8438
27441.8301
27441.8398
27442.2207
27442.4160
27442.4629
27442.3438
27442.4336
27442.3320
27442.2031
27441.9199
27442.0098
27442.0078
27441.9062
27441.7051
27441.4492
27441.5371
27441.6445
27441.6699
27441.6543
27441.6113
27441.5293
27441.4277
27440.8867
27441.0332
27440.8477
27440.6562
27440.5996
27440.4980
27440.3223
27440.1387
27439.7988
27439.9688
27440.2520
27440.4219
27440.4219
27440.5859
27440.8926
27441.2383
27441.2617
27441.2871
27441.3770
27441.3574
27441.0020
27441.0898
27440.9902
27440.9785
27440.9863
27441.0195
27441.1387
27441.6582
27441.8418
27441.9961
27442.1758
27442.5059
27442.5859
27442.7773
27443.0488
27443.3223
27443.5195
27443.6680
27443.8008
27443.9824
27443.9883
27444.4277
27444.4180
27444.5098
27444.5820
27444.7441
27444.9922
27445.1914
27445.4297
27445.7031
27445.7852
27445.8926
27446.1641
27446.5293
27446.6270
27446.9355
27447.1602
27447.3438
27447.4238
27447.4512
27447.3672
27447.2812
27447.3574
27447.4297
27447.4551
27447.5664
27447.6816
27447.4082
27447.5059
27447.4395
27447.3301
27447.3809
27447.4102
27447.3613
27447.4668
27447.2734
27447.2891
27447.3066
27447.4531
27447.6016
27447.7168
27447.7656
27447.8418
27447.8320
27447.7539
27447.9297
27448.1758
27448.1914
27448.1816
27448.2734
27448.4473
27448.6621
27448.8945
27449.1328
27449.2676
27449.3828
27449.3926
27449.3887
27449.5547
27449.7207
27449.9922
27449.8340
27449.9238
27449.9824
27450.0742
27449.8965
27450.0801
27450.0957
27450.1035
27450.2852
27450.4668
27450.5410
27450.7227
27450.6465
27450.9199
27450.9277
27451.4023
27452.0527
27451.9590
27452.7754
27452.5742
27453.1992
27453.2754
27453.4648
27453.8145
27453.6465
27453.9297
27453.8457
27453.9355
27453.9355
27453.9844
27454.4336
27454.5176
27454.7832
27454.4902
27454.6582
27454.4570
27454.5566
27454.3711
27454.2207
27453.8691
27453.5234
27453.2891
27453.0293
27452.4004
27452.0332
27451.7383
27451.4316
27451.3125
27451.2871
27451.6289
27451.6953
27452.2891
27452.0020
27452.0020
27451.9766
27452.3516
27452.0430
27452.1406
27452.1406
27452.1465
27451.8887
27451.9199
27452.0664
27452.1973
27452.1445
27452.2422
27451.9824
27452.0566
27452.4082
27452.8750
27453.3223
27453.3047
27453.0293
27453.2031
27453.5625
27453.6367
27453.5371
27453.9043
27453.8789
27454.0547
27454.2148
27454.6660
27454.7402
27454.6641
27454.7559
27455.0605
27455.3535
27455.8281
27456.0215
27456.2109
27456.3945
27456.5781
27456.8457
27456.7598
27456.5762
27456.7656
27456.8730
27457.0664
27456.7559
27456.8711
27456.8711
27456.7930
27456.8008
27456.5996
27456.8906
27456.5117
27456.6660
27456.4727
27455.9336
27455.6660
27455.5781
27455.0410
27454.7871
27454.7871
27454.7070
27454.4160
27454.3223
27454.3281
27454.2578
27454.3574
27454.3418
27454.3945
27454.2930
27454.1074
27453.9141
27454.2129
27454.2344
27454.2246
27454.2109
27454.1465
27454.2305
27454.1445
27454.1602
27454.0586
27454.1797
27454.1562
27454.1621
27454.0723
27453.8848
27453.6914
27453.5820
27453.4961
27453.5879
27453.5645
27453.5781
27453.5625
27453.4766
27453.4688
27453.4043
27453.5039
27453.2246
27453.0312
27453.0527
27452.8594
27452.7734
27452.7871
27452.5098
27452.4219
27452.6914
27452.7070
27452.7891
27453.2500
27453.3496
27453.6719
27453.5859
27453.8691
27454.2461
27454.3516
27454.3438
27454.3262
27454.5117
27454.6035
27454.8086
27454.9238
27455.0371
27455.3047
27455.5898
27455.7656
27456.0508
27456.2559
27456.4414
27456.3555
27456.3555
27456.0898
27456.1660
27456.1660
27456.0020
27455.8301
27455.7285
27455.7500
27455.8477
27456.0488
27456.2402
27456.7012
27456.7852
27457.0703
27457.1543
27457.3535
27457.7285
27457.8516
27457.7715
27457.3066
27457.2285
27456.9141
27456.9141
27456.5430
27456.5898
27456.3965
27456.2090
27456.4727
27456.2559
27456.5410
27456.6387
27456.3594
27456.7363
27456.8203
27456.8633
27456.4551
27456.3398
27455.9316
27455.6270
27455.3125
27455.1309
27454.9941
27455.2871
27455.2578
27455.2285
27455.3398
27455.3828
27455.5098
27455.5586
27455.7422
27455.8066
27455.6328
27455.4023
27455.9863
27455.8574
27456.0488
27455.9473
27455.8594
27455.6152
27455.9219
27455.7617
27455.9609
27456.1309
27455.9590
27456.0508
27455.6836
27455.5762
27455.7520
27455.6445
27455.7344
27455.6348
27455.8203
27456.0879
27456.0664
27456.3301
27456.2441
27456.2930
27456.5039
27456.9121
27457.0020
27457.0957
27456.9785
27457.4941
27457.3496
27457.3418
27457.4004
27457.4766
27457.1621
27457.2031
27457.0820
27457.3340
27457.4043
27457.0879
27457.0938
27457.7754
27457.9590
27457.7188
27457.9629
27458.0195
27458.4629
27458.6191
27458.7930
27458.8848
27458.6406
27458.6465
27458.9707
27458.4492
27457.9844
27458.5195
27458.4551
27458.2930
27458.7441
27458.4551
27458.7461
27459.1758
27459.2969
27459.2383
27459.3984
27459.5410
27459.0410
27459.0469
27458.6289
27458.2910
27458.1309
27457.6699
27458.0566
27457.9238
27457.7500
27457.7109
27458.1230
27457.9492
27457.8477
27458.0938
27458.1328
27458.0117
27457.9980
27458.2891
27458.6543
27458.7266
27458.6328
27458.3926
27458.4922
27458.3359
27458.4512
27458.5430
27458.5684
27458.6426
27458.3945
27458.5137
27459.0254
27458.6719
27459.1035
27459.2305
27459.0215
27459.2422
27459.3672
27459.4785
27459.5977
27459.3496
27459.6543
27459.5469
27459.5469
27459.6191
27459.3711
27459.8496
27459.1348
27458.9746
27458.8672
27458.1445
27458.2168
27458.1211
27457.9551
27458.4727
27458.1973
27457.4473
27457.8203
27457.2656
27456.6172
27456.5840
27456.4199
27456.0801
27455.5234
27454.9668
27454.9043
27454.0586
27454.1387
27453.7559
27454.0957
27453.8496
27454.1543
27454.2617
27454.6270
27454.0703
27454.3633
27454.2051
27454.5430
27455.0078
27455.3184
27455.1172
27455.5859
27456.0488
27455.8027
27455.9355
27455.7227
27455.7031
27455.5879
27455.2734
27455.1992
27454.6094
27454.6758
27454.5820
27454.9551
27454.8457
27455.2949
27455.9238
27455.6406
27456.3770
27457.1992
27457.2910
27457.5449
27458.0195
27458.2988
27458.5859
27458.9590
27459.5762
27459.6758
27459.1191
27459.9688
27460.2285
27460.5410
27460.8066
27461.4512
27461.3496
27461.9297
27462.0098
27462.2910
27462.2012
27462.2715
27462.6250
27462.1621
27462.1602
27461.9727
27462.2676
27462.9219
27463.4961
27463.5020
27463.8086
27463.7891
27464.0801
27464.6504
27464.4727
27464.7539
27464.9473
27465.0645
27465.0820
27464.8945
27465.1758
27465.8320
27465.4922
27465.6680
27465.4844
27464.9141
27465.1074
27464.7578
27464.5684
27464.3223
27464.2148
27464.0137
27463.8574
27464.0547
27463.8867
27463.8906
27464.1016
27464.2070
27464.1250
27464.0176
27464.4102
27464.3262
27464.5391
27464.2676
27464.4492
27465.0234
27464.9590
27465.1523
27465.6387
27465.6504
27465.8555
27466.1484
27465.7891
27466.1699
27466.1699
27466.3730
27466.7617
27466.6484
27466.7656
27467.2578
27467.1816
27467.2676
27467.0977
27467.5723
27467.6777
27467.6816
27467.8633
27468.4336
27468.2734
27468.5664
27468.6367
27468.6289
27468.7520
27468.7559
27468.7441
27469.0371
27469.0547
27469.1113
27469.2871
27469.4863
27469.0508
27469.4199
27469.7305
27469.6641
27469.9590
27469.6797
27469.6738
27470.0977
27470.3125
27470.4707
27470.5293
27470.9512
27470.6621
27470.8711
27471.0723
27471.0645
27470.9941
27471.1797
27470.9902
27471.3828
27471.5723
27471.5762
27471.4023
27471.5801
27471.7012
27471.7773
27471.6660
27471.8398
27471.6582
27472.1172
27472.0391
27472.2422
27472.2422
27472.1348
27472.0566
27472.0273
27472.1484
27472.2910
27472.3789
27472.3867
27472.2812
27472.4824
27472.6406
27472.8301
27472.8281
27472.6270
27472.6699
27472.9746
27472.6836
27472.9570
27473.3340
27473.3320
27473.4082
27473.2539
27473.6465
27473.6504
27474.0391
27473.8887
27474.1699
27474.3809
27474.6582
27474.7637
27474.7793
27474.7793
27474.7773
27474.9766
27474.6855
27475.0684
27475.1562
27475.5273
27475.7285
27475.7266
27476.1074
27476.2090
27476.1348
27476.2578
27476.1992
27476.5254
27476.5625
27476.4785
27476.5996
27476.5938
27476.5078
27476.3125
27476.7520
27476.7500
27476.3613
27476.4277
27476.4102
27476.3496
27476.3379
27476.3457
27476.3555
27476.3223
27476.3887
27476.7656
27476.7383
27476.8047
27476.5781
27476.7617
27477.0566
27476.8750
27476.9766
27477.1582
27477.0801
27477.1953
27477.0000
27477.1152
27477.3301
27477.5723
27477.8281
27478.1543
27478.1582
27478.2109
27478.3145
27478.0352
27477.4512
27477.8184
27476.7500
27476.9180
27476.6172
27476.7832
27477.0586
27477.0684
27477.4414
27477.3301
27477.6035
27477.1191
27476.8555
27476.4746
27476.6641
27476.9434
27476.7617
27477.2617
27476.8086
27476.9922
27476.9609
27476.7012
27477.2539
27476.5859
27476.2734
27475.8848
27475.2871
27474.6250
27474.3066
27473.6543
27474.0234
27474.1484
27474.0371
27473.6641
27474.1523
27473.9434
27473.7266
27474.0000
27473.5215
27473.0195
27472.5137
27472.1289
27472.3047
27472.0078
27472.3516
27472.3320
27473.1797
27472.6953
27472.5625
27472.8223
27472.9336
27473.0879
27472.7969
27472.8027
27473.1719
27472.6660
27472.1719
27472.1719
27472.0664
27472.7246
27472.0664
27472.0605
27471.8594
27471.5801
27472.1250
27471.4629
27471.8184
27471.6992
27471.5938
27471.3027
27471.0957
27470.9941
27471.1484
27471.1719
27470.9922
27471.3809
27471.0879
27471.6465
27471.6562
27472.4980
27472.5078
27472.7930
27472.9746
27472.8828
27472.2969
27471.8105
27470.7559
27470.8594
27470.0742
27470.1699
27470.3633
27469.4180
27468.9453
27469.0762
27468.7852
27468.5039
27467.8516
27468.1523
27467.7754
27467.7754
27467.6797
27467.5117
27467.1250
27467.0352
27466.0859
27465.5254
27465.2285
27464.8535
27464.3613
27464.1738
27463.5078
27463.1016
27462.6211
27462.8047
27462.4062
27462.3184
27462.6699
27462.8477
27462.3516
27462.2500
27462.7168
27463.2832
27463.2051
27463.0059
27463.8594
27463.8672
27464.2578
27464.3379
27463.9707
27463.5742
27463.3926
27463.0156
27463.3242
27463.6230
27463.7363
27463.6309
27463.6445
27463.2617
27463.0801
27462.7305
27462.0762
27461.8809
27462.1465
27462.1191
27461.4551
27461.3574
27461.3105
27460.4531
27459.8516
27459.6738
27459.9785
27460.0371
27459.6172
27459.5898
27459.3887
27459.5527
27459.5820
27459.8711
27459.6855
27459.1035
27459.0215
27459.4551
27459.2676
27458.9258
27459.1855
27459.4414
27459.3457
27459.6035
27459.6133
27459.2988
27459.0156
27459.3066
27458.7363
27458.4551
27458.4766
27457.9805
27458.0781
27458.0840
27458.0430
27457.9473
27457.8379
27457.7305
27457.9043
27457.9043
27457.6426
27458.0293
27458.0156
27457.6328
27457.3535
27457.1523
27457.2266
27457.4473
27457.4395
27457.1719
27457.3516
27456.7656
27456.5781
27456.3535
27456.2598
27456.0508
27455.5625
27455.8496
27455.5020
27455.8086
27455.5215
27455.6328
27455.3477
27455.5527
27454.9355
27454.6504
27454.6602
27454.9941
27454.5977
27454.4023
27454.3203
27454.5293
27454.5410
27454.4414
27454.6367
27454.5840
27454.5957
27455.3496
27455.3535
27455.4414
27455.1758
27455.0059
27455.1016
27455.5742
27456.1289
27456.1934
27456.1934
27456.1465
27455.7812
27455.6094
27455.6621
27455.6113
27455.5195
27454.7559
27454.1797
27453.6602
27453.2324
27452.8984
27453.2754
27452.7910
27452.6074
27452.6914
27452.9863
27452.9277
27452.5176
27452.5449
27452.8242
27452.6523
27452.7500
27453.1055
27453.7090
27454.1914
27454.8672
27454.7617
27454.7656
27455.2324
27455.3574
27455.1426
27455.3770
27455.8105
27456.4629
27456.5332
27456.7891
27456.7930
27456.7363
27456.6113
27456.4141
27456.2148
27456.2109
27455.5449
27455.7344
27455.9785
27456.2207
27456.2812
27456.2188
27456.5215
27456.7871
27456.9863
27457.1621
27457.3184
27457.4160
27457.4805
27457.3906
27457.4023
27457.2227
27457.4043
27457.4043
27457.1230
27457.1074
27457.0996
27457.1211
27457.1621
27457.2305
27457.2891
27457.3809
27457.6094
27457.9004
27458.2461
27457.9492
27458.5137
27458.6758
27458.3945
27459.0508
27459.1562
27459.5371
27459.7109
27459.7188
27459.9629
27460.4844
27461.2422
27461.1465
27460.6523
27460.9492
27460.8359
27461.2324
27461.1270
27461.2559
27461.0625
27461.4414
27461.3516
27461.3438
27461.2617
27461.0977
27460.8750
27461.1621
27461.1680
27461.1035
27460.9902
27461.1719
27461.0781
27461.4648
27461.7559
27461.6641
27461.9531
27461.7520
27461.9551
27461.8574
27462.1445
27462.0371
27462.4219
27462.7031
27462.4961
27461.8320
27460.6973
