   3.7717
   3.7366
   3.6983
   3.6568
   3.6151
   3.5736
   3.5291
   3.4878
   3.4512
   3.4214
   3.3948
   3.3668
   3.3370
   3.3088
   3.2790
   3.2490
   3.2160
   3.1876
   3.1577
   3.1309
   3.1121
   3.0983
   3.0848
   3.0666
   3.0486
   3.0276
   3.0005
   2.9718
   2.9383
   2.9030
   2.8646
   2.8036
   2.7397
   2.6777
   2.6159
   2.5528
   2.4947
   2.4401
   2.3856
   2.3264
   2.2641
   2.2001
   2.1328
   2.0671
   1.9982
   1.9277
   1.8587
   1.7912
   1.7254
   1.6612
   1.5905
   1.5231
   1.4573
   1.3916
   1.3227
   1.2538
   1.1850
   1.1177
   1.0505
   0.9866
   0.9243
   0.8605
   0.7983
   0.7394
   0.6837
   0.6297
   0.5790
   0.5316
   0.4874
   0.4494
   0.4147
   0.3816
   0.3515
   0.3233
   0.2967
   0.2748
   0.2547
   0.2376
   0.2238
   0.2115
   0.1976
   0.1789
   0.1584
   0.1381
   0.1176
   0.0939
   0.0732
   0.0572
   0.0427
   0.0328
   0.0246
   0.0197
   0.0115
   0.0049
  -0.0001
  -0.0002
   0.0046
   0.0109
   0.0188
   0.0298
   0.0487
   0.0755
   0.1086
   0.1450
   0.1828
   0.2255
   0.2728
   0.3250
   0.3788
   0.4326
   0.4895
   0.5528
   0.6145
   0.6748
   0.7366
   0.8018
   0.8373
   0.8742
   0.8625
   0.8393
   0.8144
   0.7913
   0.7716
   0.7518
   0.7302
   0.7070
   0.6823
   0.6559
   0.6308
   0.6076
   0.5830
   0.5549
   0.5283
   0.5004
   0.4690
   0.4375
   0.4061
   0.3712
   0.3363
   0.2982
   0.2583
   0.2186
   0.1790
   0.1412
   0.1048
   0.0702
   0.0375
   0.0295
   0.0265
   0.0237
   0.0228
   0.0201
   0.0157
   0.0079
   0.0002
  -0.0094
  -0.0208
  -0.0372
  -0.0569
  -0.0783
  -0.0996
  -0.1224
  -0.1450
  -0.1676
  -0.1886
  -0.2061
  -0.2236
  -0.2479
  -0.2754
  -0.3045
  -0.3319
  -0.3625
  -0.3946
  -0.4266
  -0.4603
  -0.4956
  -0.5312
  -0.5098
  -0.4892
  -0.4452
  -0.3918
  -0.3399
  -0.2897
  -0.2443
  -0.2005
  -0.1566
  -0.1128
  -0.0674
  -0.0220
   0.0219
   0.0608
   0.0963
   0.1334
   0.1706
   0.2059
   0.2412
   0.2750
   0.3057
   0.3363
   0.3655
   0.3945
   0.4239
   0.4515
   0.4743
   0.4955
   0.5153
   0.5334
   0.5499
   0.5409
   0.5276
   0.5140
   0.4987
   0.4835
   0.4682
   0.4560
   0.4407
   0.4272
   0.4152
   0.4066
   0.3997
   0.3928
   0.3812
   0.3695
   0.3547
   0.3382
   0.3169
   0.2924
   0.2664
   0.2469
   0.2305
   0.2141
   0.1979
   0.1845
   0.1730
   0.1598
   0.1498
   0.1397
   0.1280
   0.1132
   0.0999
   0.0834
   0.0685
   0.0553
   0.0405
   0.0257
   0.0093
  -0.0087
  -0.0282
  -0.0493
  -0.0720
  -0.0946
  -0.1172
  -0.1414
  -0.1671
  -0.1945
  -0.2185
  -0.2444
  -0.2733
  -0.3024
  -0.3315
  -0.3605
  -0.3910
  -0.4232
  -0.4572
  -0.4913
  -0.5271
  -0.5646
  -0.6040
  -0.6435
  -0.6814
  -0.7230
  -0.7627
  -0.8042
  -0.8455
  -0.8867
  -0.9295
  -0.9674
  -1.0038
  -1.0402
  -1.0767
  -1.1182
  -1.1565
  -1.1932
  -1.2333
  -1.2750
  -1.3152
  -1.3553
  -1.3954
  -1.4339
  -1.4724
  -1.5108
  -1.5476
  -1.5829
  -1.6179
  -1.6561
  -1.6942
  -1.7338
  -1.7733
  -1.8143
  -1.8538
  -1.8948
  -1.9324
  -1.9717
  -2.0128
  -2.0505
  -2.0866
  -2.1213
  -2.1543
  -2.1858
  -2.2174
  -2.2457
  -2.2724
  -2.2974
  -2.3191
  -2.3408
  -2.3608
  -2.3823
  -2.4004
  -2.4155
  -2.4286
  -2.4372
  -2.4426
  -2.4465
  -2.4473
  -2.4449
  -2.4391
  -2.4318
  -2.4212
  -2.4073
  -2.3902
  -2.3713
  -2.3510
  -2.3290
  -2.3021
  -2.2753
  -2.2453
  -2.2153
  -2.1837
  -2.1505
  -2.1155
  -2.0804
  -2.0389
  -1.9957
  -1.9494
  -1.8998
  -1.8470
  -1.7941
  -1.7380
  -1.6835
  -1.6290
  -1.5743
  -1.5213
  -1.4667
  -1.4137
  -1.3607
  -1.3047
  -1.2455
  -1.1849
  -1.1228
  -1.0590
  -0.9968
  -0.9331
  -0.8694
  -0.8024
  -0.7338
  -0.6653
  -0.5967
  -0.5297
  -0.4627
  -0.3957
  -0.3254
  -0.2568
  -0.1900
  -0.1247
  -0.0578
   0.0090
   0.0725
   0.1360
   0.1995
   0.2646
   0.3297
   0.3931
   0.4535
   0.5156
   0.5777
   0.6400
   0.7023
   0.7648
   0.8273
   0.8899
   0.9494
   1.0073
   1.0621
   1.1120
   1.1571
   1.2005
   1.2390
   1.2775
   1.3128
   1.3448
   1.3752
   1.4040
   1.4311
   1.4566
   1.4790
   1.4981
   1.5140
   1.5282
   1.5377
   1.5454
   1.5516
   1.5561
   1.5573
   1.5537
   1.5501
   1.5432
   1.5347
   1.5246
   1.5130
   1.4965
   1.4815
   1.4666
   1.4452
   1.4255
   1.4024
   1.3761
   1.3450
   1.3122
   1.2826
   1.2482
   1.2089
   1.1631
   1.1156
   1.0666
   1.0176
   0.9653
   0.9114
   0.8591
   0.8085
   0.7547
   0.6976
   0.6406
   0.5852
   0.5315
   0.4760
   0.4173
   0.3569
   0.2965
   0.2362
   0.1742
   0.1090
   0.0453
  -0.0152
  -0.0675
  -0.1135
  -0.1513
  -0.1842
  -0.2156
  -0.2453
  -0.2718
  -0.2965
  -0.3181
  -0.3364
  -0.3547
  -0.3714
  -0.3864
  -0.3967
  -0.4070
  -0.4124
  -0.4145
  -0.4134
  -0.4075
  -0.3983
  -0.3859
  -0.3670
  -0.3482
  -0.3277
  -0.3056
  -0.2804
  -0.2536
  -0.2235
  -0.1918
  -0.1569
  -0.1155
  -0.0742
  -0.0295
   0.0183
   0.0710
   0.1270
   0.1814
   0.2407
   0.3048
   0.3723
   0.4396
   0.5070
   0.5710
   0.6367
   0.7024
   0.7697
   0.8353
   0.9026
   0.9715
   1.0404
   1.1059
   1.1700
   1.2341
   1.2997
   1.3606
   1.4166
   1.4694
   1.5221
   1.5748
   1.6242
   1.6686
   1.7066
   1.7364
   1.7581
   1.7716
   1.7836
   1.7923
   1.7928
   1.7917
   1.7858
   1.7750
   1.7593
   1.7387
   1.7166
   1.6911
   1.6690
   1.6436
   1.6181
   1.5909
   1.5589
   1.5252
   1.4915
   1.4546
   1.4210
   1.3906
   1.3586
   1.3218
   1.2801
   1.2368
   1.1886
   1.1372
   1.0824
   1.0260
   0.9680
   0.9084
   0.8472
   0.7859
   0.7231
   0.6585
   0.5940
   0.5295
   0.4682
   0.4086
   0.3522
   0.2958
   0.2411
   0.1831
   0.1250
   0.0653
   0.0056
  -0.0525
  -0.1122
  -0.1719
  -0.2316
  -0.2913
  -0.3461
  -0.3960
  -0.4427
  -0.4877
  -0.5311
  -0.5729
  -0.6129
  -0.6480
  -0.6782
  -0.7036
  -0.7224
  -0.7363
  -0.7469
  -0.7510
  -0.7519
  -0.7495
  -0.7455
  -0.7366
  -0.7276
  -0.7171
  -0.7065
  -0.6974
  -0.6868
  -0.6728
  -0.6555
  -0.6350
  -0.6160
  -0.5971
  -0.5749
  -0.5577
  -0.5388
  -0.5200
  -0.4997
  -0.4761
  -0.4526
  -0.4275
  -0.4006
  -0.3721
  -0.3419
  -0.3084
  -0.2733
  -0.2365
  -0.1981
  -0.1564
  -0.1147
  -0.0713
  -0.0248
   0.0201
   0.0634
   0.1083
   0.1532
   0.1948
   0.2398
   0.2797
   0.3197
   0.3565
   0.3899
   0.4217
   0.4519
   0.4804
   0.5073
   0.5310
   0.5513
   0.5667
   0.5773
   0.5862
   0.5935
   0.5958
   0.5933
   0.5876
   0.5785
   0.5662
   0.5507
   0.5318
   0.5114
   0.4845
   0.4558
   0.4271
   0.3985
   0.3714
   0.3459
   0.3204
   0.2965
   0.2677
   0.2324
   0.1938
   0.1502
   0.1050
   0.0566
   0.0032
  -0.0485
  -0.1034
  -0.1584
  -0.2115
  -0.2646
  -0.3144
  -0.3643
  -0.4125
  -0.4607
  -0.5107
  -0.5624
  -0.6157
  -0.6706
  -0.7289
  -0.7904
  -0.8502
  -0.9117
  -0.9765
  -1.0413
  -1.1044
  -1.1692
  -1.2356
  -1.3004
  -1.3685
  -1.4333
  -1.4965
  -1.5581
  -1.6181
  -1.6765
  -1.7348
  -1.7931
  -1.8531
  -1.9115
  -1.9683
  -2.0201
  -2.0687
  -2.1156
  -2.1592
  -2.1946
  -2.2252
  -2.2492
  -2.2715
  -2.2857
  -2.2933
  -2.2927
  -2.2823
  -2.2621
  -2.2352
  -2.2003
  -2.1554
  -2.1039
  -2.0492
  -1.9863
  -1.9135
  -1.8308
  -1.7416
  -1.6459
  -1.5436
  -1.4298
  -1.3110
  -1.1906
  -1.0669
  -0.9383
  -0.8179
  -0.7189
  -0.6183
  -0.5176
  -0.4152
  -0.3145
  -0.2121
  -0.1081
  -0.0040
   0.1001
   0.2041
   0.3082
   0.4155
   0.5212
   0.6268
   0.7326
   0.8366
   0.9390
   1.0431
   1.1472
   1.2513
   1.3537
   1.4578
   1.5602
   1.6626
   1.7651
   1.8675
   1.9699
   2.0723
   2.1764
   2.2788
   2.3779
   2.4737
   2.5678
   2.6604
   2.7512
   2.8371
   2.9180
   2.9940
   3.0668
   3.1331
   3.1944
   3.2474
   3.2890
   3.3240
   3.3524
   3.3727
   3.3814
   3.3836
   3.3792
   3.3683
   3.3458
   3.3151
   3.2828
   3.2439
   3.2001
   3.1496
   3.0975
   3.0471
   2.9951
   2.9380
   2.8908
   2.8650
   2.8391
   2.8133
   2.7891
   2.7648
   2.7406
   2.7164
   2.6905
   2.6646
   2.6418
   2.6192
   2.5965
   2.5803
   2.5657
   2.5545
   2.5498
   2.5499
   2.5501
   2.5536
   2.5636
   2.5785
   2.5968
   2.6199
   2.6448
   2.6679
   2.6959
   2.7306
   2.7701
   2.8129
   2.8623
   2.9167
   2.9759
   3.0386
   3.1076
   3.1768
   3.2477
   3.3235
   3.4026
   3.4849
   3.5705
   3.6593
   3.7515
   3.8453
   3.9392
   4.0363
   4.1334
   4.2339
   4.3393
   4.4495
   4.5580
   4.6665
   4.7816
   4.8967
   5.0117
   5.1284
   5.2452
   5.3620
   5.4820
   5.6004
   5.7155
   5.8306
   5.9441
   6.0526
   6.1610
   6.2678
   6.3763
   6.4881
   6.5984
   6.7085
   6.8219
   6.9337
   7.0488
   7.1672
   7.2857
   7.4058
   7.5308
   7.6526
   7.7727
   7.8945
   8.0181
   8.1367
   8.2552
   8.3721
   8.4874
   8.6026
   8.7262
   8.8547
   8.9832
   9.1117
   9.2386
   9.3654
   9.4923
   9.6192
   9.7444
   9.8665
   9.9901
  10.1138
  10.2391
  10.3661
  10.4964
  10.6285
  10.7638
  10.9009
  11.0429
  11.1898
  11.3385
  11.4887
  11.6356
  11.7777
  11.9149
  12.0571
  12.2026
  12.3433
  12.4857
  12.6297
  12.7706
  12.9096
  13.0471
  13.1778
  13.3068
  13.4408
  13.5715
  13.7021
  13.8394
  13.9750
  14.1073
  14.2379
  14.3634
  14.4854
  14.6092
  14.7313
  14.8535
  14.9739
  15.0944
  15.2131
  15.3287
  15.4342
  15.5365
  15.6355
  15.7346
  15.8288
  15.9231
  16.0159
  16.1070
  16.1964
  16.2856
  16.3715
  16.4492
  16.5254
  16.6001
  16.6729
  16.7392
  16.8005
  16.8569
  16.9184
  16.9814
  17.0425
  17.1066
  17.1673
  17.2277
  17.2830
  17.3347
  17.3780
  17.4180
  17.4514
  17.4799
  17.5067
  17.5370
  17.5690
  17.6010
  17.6348
  17.6636
  17.6889
  17.7123
  17.7341
  17.7557
  17.7839
  17.8171
  17.8536
  17.8902
  17.9334
  17.9767
  18.0201
  18.0634
  18.1036
  18.1392
  18.1798
  18.2239
  18.2700
  18.3164
  18.3628
  18.4038
  18.4376
  18.4663
  18.4879
  18.5062
  18.5230
  18.5414
  18.5596
  18.5744
  18.5858
  18.5970
  18.6096
  18.6239
  18.6385
  18.6564
  18.6790
  18.7016
  18.7291
  18.7563
  18.7835
  18.8108
  18.8431
  18.8789
  18.9178
  18.9501
  18.9810
  19.0140
  19.0421
  19.0723
  19.0943
  19.1166
  19.1425
  19.1651
  19.1860
  19.2070
  19.2279
  19.2472
  19.2646
  19.2886
  19.3124
  19.3380
  19.3617
  19.3919
  19.4219
  19.4516
  19.4862
  19.5190
  19.5534
  19.5863
  19.6193
  19.6475
  19.6742
  19.6993
  19.7180
  19.7297
  19.7443
  19.7469
  19.7444
  19.7348
  19.7284
  19.7204
  19.7196
  19.7192
  19.7208
  19.7226
  19.7264
  19.7285
  19.7272
  19.7261
  19.7348
  19.7487
  19.7678
  19.7821
  19.7847
  19.7885
  19.7887
  19.7890
  19.7842
  19.7813
  19.7787
  19.7762
  19.7783
  19.7769
  19.7754
  19.7721
  19.7708
  19.7626
  19.7474
  19.7321
  19.7132
  19.6959
  19.6818
  19.6642
  19.6515
  19.6436
  19.6354
  19.6240
  19.6093
  19.5912
  19.5616
  19.5271
  19.4875
  19.4464
  19.3972
  19.3431
  19.2859
  19.2254
  19.1548
  19.0743
  18.9902
  18.9075
  18.8265
  18.7471
  18.6725
  18.6095
  18.5531
  18.4968
  18.4491
  18.3981
  18.3489
  18.3016
  18.2592
  18.2120
  18.1681
  18.1207
  18.0699
  18.0171
  17.9672
  17.9254
  17.8818
  17.8332
  17.7791
  17.7250
  17.6739
  17.6360
  17.5984
  17.5615
  17.5215
  17.4815
  17.4346
  17.3840
  17.3251
  17.2647
  17.2076
  17.1488
  17.0831
  17.0208
  16.9640
  16.9109
  16.8580
  16.8053
  16.7547
  16.7024
  16.6451
  16.5861
  16.5237
  16.4577
  16.3933
  16.3288
  16.2626
  16.1963
  16.1350
  16.0770
  16.0207
  15.9628
  15.9118
  15.8643
  15.8186
  15.7829
  15.7506
  15.7150
  15.6762
  15.6289
  15.5748
  15.5157
  15.4482
  15.3773
  15.3079
  15.2386
  15.1743
  15.1113
  15.0431
  14.9647
  14.8878
  14.8092
  14.7341
  14.6640
  14.5961
  14.5269
  14.4531
  14.3863
  14.3148
  14.2454
  14.1677
  14.0902
  14.0076
  13.9217
  13.8338
  13.7426
  13.6530
  13.5619
  13.4677
  13.3751
  13.2774
  13.1764
  13.0756
  12.9798
  12.8805
  12.7794
  12.7333
  12.6873
  12.6731
  12.6619
  12.6507
  12.6447
  12.6353
  12.6228
  12.6140
  12.6053
  12.5984
  12.5935
  12.5919
  12.5886
  12.5838
  12.5772
  12.5724
  12.5659
  12.5560
  12.5374
  12.5105
  12.4836
  12.4618
  12.4436
  12.4308
  12.4232
  12.4158
  12.4136
  12.4134
  12.4117
  12.4099
  12.4083
  12.4104
  12.4160
  12.4287
  12.4449
  12.4628
  12.4789
  12.4934
  12.5026
  12.5135
  12.5276
  12.5365
  12.5521
  12.5675
  12.5845
  12.5980
  12.6080
  12.6179
  12.6315
  12.6469
  12.6520
  12.6468
  12.6435
  12.6507
  12.6582
  12.6589
  12.6491
  12.6337
  12.6215
  12.6141
  12.5527
  12.4966
  12.4102
  12.3140
  12.2182
  12.1259
  12.0339
  11.9470
  11.8652
  11.7900
  11.7063
  11.6140
  11.5154
  11.4121
  11.3074
  11.2063
  11.1016
  10.9953
  10.8942
  10.7998
  10.7121
  10.6260
  10.5448
  10.4652
  10.3870
  10.3105
  10.2374
  10.1642
  10.0928
  10.0179
   9.9431
   9.8682
   9.7986
   9.7306
   9.6592
   9.5863
   9.5185
   9.4558
   9.3964
   9.3403
   9.2809
   9.2197
   9.1635
   9.1075
   9.0498
   8.9872
   8.9213
   8.8588
   8.7965
   8.7307
   8.6632
   8.6042
   8.5568
   8.5060
   8.4484
   8.3956
   8.3546
   8.3258
   8.3021
   8.2755
   8.2472
   8.2241
   8.2009
   8.1727
   8.1545
   8.1326
   8.1019
   8.0759
   8.0513
   8.0232
   7.9868
   7.9538
   7.9277
   7.9062
   7.8927
   7.8807
   7.8703
   7.8666
   7.8595
   7.8471
   7.8330
   7.8173
   7.8000
   7.7794
   7.7522
   7.7217
   7.6895
   7.6608
   7.6321
   7.6035
   7.5783
   7.5531
   7.5297
   7.4993
   7.4671
   7.4366
   7.4044
   7.3721
   7.3348
   7.2941
   7.2535
   7.2196
   7.1857
   7.1469
   7.1064
   7.0642
   7.0356
   7.0154
   6.9881
   6.9585
   6.9282
   6.8976
   6.8683
   6.8337
   6.8010
   6.7666
   6.7291
   6.6864
   6.6438
   6.6011
   6.5598
   6.5183
   6.4716
   6.4182
   6.3665
   6.3115
   6.2566
   6.2037
   6.1495
   6.0889
   6.0253
   5.9653
   5.9104
   5.8590
   5.8143
   5.7662
   5.7179
   5.6695
   5.6209
   5.5757
   5.5306
   5.4839
   5.4320
   5.3716
   5.3046
   5.2378
   5.1742
   5.1137
   5.0480
   4.9787
   4.9091
   4.8428
   4.7711
   4.6995
   4.6278
   4.5561
   4.4828
   4.4113
   4.3415
   4.2786
   4.2173
   4.1595
   4.0983
   4.0369
   3.9786
   3.9216
   3.8680
   3.8094
   3.7491
   3.6975
   3.6500
   3.6048
   3.5617
   3.5190
   3.4815
   3.4473
   3.4165
   3.3873
   3.3597
   3.3321
   3.3064
   3.2793
   3.2508
   3.2242
   3.2010
   3.1778
   3.1546
   3.1332
   3.1134
   3.0936
   3.0771
   3.0639
   3.0505
   3.0371
   3.0220
   3.0020
