27399.4902
27399.2773
27399.2852
27399.5156
27399.5293
27399.8789
27399.8164
27399.9316
27400.0449
27400.2461
27400.0469
27400.1328
27400.1035
27400.0234
27400.1113
27400.1113
27400.1797
27400.1719
27400.3711
27400.1582
27400.1504
27400.1133
27400.1055
27400.1738
27400.3203
27400.2988
27400.3848
27400.3457
27400.3691
27400.3125
27400.3672
27400.3281
27400.4805
27400.5117
27400.7363
27400.6816
27400.9844
27400.8066
27400.7676
27400.8613
27400.9844
27401.1152
27401.4082
27400.9922
27401.3672
27401.5605
27401.6836
27401.8379
27401.7383
27401.7148
27401.6230
27401.7910
27401.6992
27401.6152
27401.2461
27401.2617
27401.3691
27401.2852
27401.5703
27401.3848
27401.2852
27401.3770
27401.1934
27401.2695
27401.3457
27401.2617
27401.5469
27401.3457
27401.6309
27401.7539
27401.4941
27401.5176
27401.7090
27401.6406
27401.8242
27401.6172
27401.9570
27401.8164
27401.4863
27401.9082
27401.6309
27402.0078
27402.4160
27402.3867
27402.8320
27402.5957
27402.9961
27403.1406
27403.5781
27403.6230
27403.7695
27403.9531
27404.1445
27404.2539
27404.5371
27404.8066
27404.7305
27404.8145
27404.9902
27405.0898
27405.1680
27405.3359
27405.4199
27405.3340
27405.2578
27405.3496
27405.2578
27405.2754
27405.2910
27404.9648
27404.8809
27404.8887
27404.8223
27405.0059
27404.9141
27404.7305
27404.7227
27404.8652
27405.0254
27404.7422
27404.6582
27404.8184
27405.1035
27404.9414
27404.7500
27404.8418
27404.9336
27405.0156
27404.8848
27404.8633
27404.8691
27404.5859
27404.5859
27404.8535
27404.6699
27404.6523
27404.5527
27404.6602
27404.6680
27404.3848
27404.3320
27404.4316
27404.2734
27404.1641
27404.4629
27404.2637
27404.6484
27404.6328
27404.6172
27404.5918
27404.5762
27404.6758
27404.8340
27404.8340
27404.4590
27405.0117
27404.7344
27404.7852
27404.7930
27404.6270
27404.5098
27404.5195
27404.1172
27404.2266
27403.9336
27404.0352
27403.8242
27403.7168
27403.9941
27403.9160
27403.7930
27403.9609
27403.9531
27403.7520
27404.0430
27404.0352
27403.8418
27403.9102
27403.8262
27403.9023
27403.7344
27403.7344
27403.6348
27403.7832
27403.7246
27403.8770
27404.2188
27404.0117
27404.1699
27403.9102
27404.1270
27404.2949
27404.3184
27404.5332
27404.5996
27404.5723
27404.5977
27404.3535
27404.4785
27404.4355
27404.3691
27404.4609
27403.9258
27403.8770
27403.8691
27403.7598
27403.5762
27403.5352
27403.2852
27403.1855
27403.2598
27403.0684
27402.9766
27402.7598
27402.7852
27402.9512
27402.7520
27402.6523
27402.2773
27402.2676
27402.1523
27401.9668
27401.9336
27402.1191
27401.8418
27401.5410
27401.4668
27401.4590
27400.8262
27401.0254
27400.7500
27400.9414
27401.0410
27400.9590
27401.2500
27400.7676
27400.7598
27400.8496
27400.4336
27400.4492
27400.3418
27400.5078
27400.3262
27400.3164
27400.1152
27399.8242
27399.9082
27399.7500
27399.5488
27399.6738
27399.7324
27399.5078
27399.4922
27399.4180
27399.4922
27399.1582
27399.5254
27399.2324
27399.4434
27399.4512
27399.2754
27399.1758
27399.1426
27399.0020
27399.0254
27398.9336
27399.0508
27399.0176
27399.0332
27398.8594
27398.9336
27398.8848
27399.0820
27398.9336
27398.8438
27399.0430
27399.0254
27398.8691
27398.9434
27398.8438
27399.0000
27398.8184
27398.8086
27398.9258
27398.8516
27399.0508
27399.0000
27399.1074
27399.5000
27399.5176
27399.6250
27399.5430
27399.7930
27399.8184
27399.9922
27399.7754
27399.7676
27399.5391
27399.4395
27399.5312
27399.3320
27399.0645
27399.2656
27399.5000
27399.3828
27399.7500
27399.8965
27400.2109
27400.2773
27400.1855
27399.9844
27400.1035
27400.0098
27399.9199
27399.8887
27399.7969
27399.7227
27399.5645
27399.6074
27399.5039
27399.6680
27399.7598
27399.6855
27399.8789
27399.8438
27399.7070
27399.9824
27399.7754
27399.8320
27400.0527
27399.7754
27399.9629
27400.0117
27400.0098
27400.1758
27400.0918
27400.3750
27400.5488
27400.5410
27400.5879
27400.5781
27400.5781
27400.4531
27400.3691
27400.2441
27400.5078
27400.3828
27400.4473
27400.4375
27400.3105
27400.4922
27400.3750
27400.3750
27400.3398
27400.2969
27400.2129
27400.3594
27400.1250
27400.2070
27400.1074
27400.1504
27400.3105
27400.2383
27400.0898
27400.2891
27400.1074
27400.3887
27400.1328
27400.1973
27400.2891
27400.4062
27400.5879
27400.7051
27401.0312
27401.2129
27401.5957
27401.6953
27401.7676
27401.8418
27401.8496
27401.7773
27401.9746
27401.8848
27401.9102
27401.9199
27402.0195
27402.2109
27402.4277
27402.4629
27402.5703
27402.7812
27402.8711
27402.9609
27403.1094
27403.2598
27403.4512
27403.7344
27403.6348
27403.5684
27403.5586
27403.3770
27403.3418
27403.2246
27403.2324
27403.4316
27403.5312
27403.6504
27403.6680
27403.8574
27404.2480
27404.5215
27404.6309
27404.7129
27404.7070
27404.6367
27404.4355
27404.4629
27404.6348
27404.6777
27404.5352
27404.2734
27403.7734
27403.7461
27403.7930
27403.8340
27403.9355
27404.0273
27404.2090
27404.2637
27404.3086
27404.2910
27404.3887
27404.5996
27404.6719
27404.8438
27405.0254
27405.1172
27405.1426
27405.3320
27405.3047
27405.3984
27405.4785
27405.4883
27405.5957
27405.6680
27405.8027
27405.8770
27405.8945
27405.7852
27405.9766
27405.9941
27406.0938
27406.0020
27406.0020
27405.9199
27405.8457
27405.8535
27405.7715
27405.7637
27405.8809
27405.9629
27405.9902
27406.1621
27406.2617
27406.2695
27406.2793
27406.2598
27406.0879
27406.0059
27405.8965
27405.9785
27405.9688
27406.0586
27406.0684
27406.3574
27406.3750
27406.3945
27406.3027
27406.2930
27406.3027
27406.3828
27406.3926
27406.3008
27406.2910
27406.3184
27406.1562
27406.3359
27406.3457
27406.4258
27406.3457
27406.3457
27406.2734
27406.4531
27406.5449
27406.6270
27406.6074
27406.6699
27406.4707
27406.3770
27406.2969
27406.2051
27406.1152
27406.0234
27405.9316
27405.9219
27406.0508
27406.0684
27406.0781
27405.9238
27405.9316
27405.7520
27405.7500
27405.8320
27405.8594
27405.6602
27405.8496
27405.8672
27405.8770
27405.8770
27405.6855
27405.7676
27405.8770
27405.8750
27405.9668
27405.9648
27405.9551
27406.1289
27406.1289
27406.3086
27405.9355
27405.9453
27405.6836
27405.5918
27405.4199
27405.2305
27405.3301
27405.4102
27405.7910
27405.7012
27405.9004
27406.0801
27406.3340
27406.8574
27407.7734
27407.0684
27408.1445
27408.1543
27408.9688
27408.9688
27409.3223
27409.6016
27409.8457
27409.5625
27410.0254
27409.9355
27409.6621
27409.6719
27409.4902
27409.4805
27409.5508
27409.5410
27409.9141
27410.0312
27409.8594
27409.9590
27410.0488
27409.8691
27409.8867
27409.7227
27409.5527
27409.4609
27409.4609
27409.3809
27409.4785
27409.5371
27409.4648
27409.7441
27409.7539
27409.5723
27409.4824
27409.4277
27409.5293
27409.6387
27409.7559
27409.8555
27409.8652
27409.8555
27409.5938
27409.4824
27409.3828
27409.4551
27409.3633
27409.3730
27409.2930
27409.4824
27409.4922
27409.4805
27409.4004
27409.2109
27409.2207
27409.1113
27409.1016
27409.1992
27409.1992
27409.2090
27409.1484
27409.1660
27409.3359
27409.4355
27409.6074
27409.7793
27409.8594
27410.0312
27410.1211
27410.4004
27410.7715
27411.3320
27412.0645
27412.4551
27412.1914
27411.4707
27411.1172
27410.8262
27411.0078
27411.0977
27411.3770
27411.8281
27411.7383
27412.0000
27412.0195
27411.9277
27411.9277
27411.8457
27411.5762
27411.4863
27411.4844
27411.4746
27411.6641
27411.5840
27411.7734
27411.7734
27412.0254
27412.1250
27412.3945
27412.5840
27412.5840
27412.6836
27412.6934
27412.7930
27412.7910
27412.8828
27412.9727
27412.8730
27412.8008
27412.4414
27412.2402
27412.2480
27412.1582
27412.0879
27411.8965
27412.4492
27412.6172
27412.6074
27412.9688
27412.9590
27413.1387
27413.5879
27413.6680
27413.8594
27414.0391
27414.1172
27414.2285
27414.3086
27414.1367
27414.0566
27414.2363
27414.3457
27414.2559
27414.3652
27413.6328
27412.8105
27412.2520
27411.3301
27411.1699
27411.3496
27411.4277
27411.6289
27411.9902
27412.0898
27412.3672
27412.3965
27412.4375
27412.3359
27412.4668
27412.6367
27412.6367
27412.5371
27412.6367
27413.0957
27413.0957
27412.9141
27413.1055
27413.1543
27413.3633
27413.5332
27413.9922
27414.5117
27414.6621
27414.7832
27414.3516
27414.2617
27414.2402
27413.8203
27414.1797
27414.2402
27414.4004
27414.2812
27414.2520
27414.1191
27414.2012
27414.4199
27414.3984
27414.6094
27414.6484
27414.7090
27414.5977
27414.8379
27414.6465
27414.9961
27415.3359
27415.7656
27416.1250
27416.2949
27416.2949
27416.2051
27416.3828
27416.4824
27416.6836
27416.6035
27416.6133
27416.2930
27416.0625
27416.0000
27416.1406
27416.1016
27416.5508
27416.6387
27416.8398
27416.8398
27417.0391
27416.6094
27416.6992
27416.6191
27416.5078
27416.6973
27416.8574
27416.5762
27417.1250
27417.3066
27417.3145
27417.2363
27417.1445
27417.1543
27417.0645
27417.0527
27417.1523
27416.6035
27416.8730
27416.7734
27416.9824
27416.7520
27417.1914
27417.7012
27417.5898
27417.4883
27417.1484
27417.5078
27417.4492
27417.6270
27417.7188
27417.8867
27417.9648
27418.1562
27418.3926
27418.4238
27418.2129
27418.8203
27418.6133
27418.3438
27418.3633
27418.3730
27417.9238
27418.1016
27418.0117
27418.0605
27418.0391
27418.2402
27418.2090
27418.2402
27417.8379
27418.0273
27418.2871
27418.3652
27418.4160
27418.6270
27418.6777
27418.9766
27418.8184
27419.3359
27418.9863
27419.1367
27419.5957
27419.6445
27419.9219
27420.2031
27420.2812
27420.3691
27420.2109
27420.4199
27419.9609
27420.3301
27419.7441
27420.0215
27419.5742
27419.9121
27419.9316
27419.9102
27420.5215
27420.0625
27420.2422
27420.3301
27420.0508
27420.1074
27420.2188
27420.1289
27419.8809
27419.6211
27419.5742
27419.7832
27419.9160
27420.1035
27420.2246
27420.4824
27420.9414
27420.9824
27420.9707
27420.9023
27421.4980
27421.6758
27422.3613
27422.4707
27422.4590
27422.5898
27422.2441
27422.0430
27422.4004
27422.7324
27423.0996
27423.0664
27423.6152
27423.7930
27423.6250
27423.7344
27424.0332
27424.0234
27424.2129
27424.1348
27424.0527
27423.9434
27423.9844
27423.6152
27422.9219
27423.4258
27423.3672
27423.7734
27423.6836
27423.3457
27422.8203
27422.8203
27422.7500
27422.5820
27422.7480
27422.9277
27422.7695
27422.7266
27422.5684
27422.7148
27422.4473
27422.2891
27422.2363
27422.4355
27422.3574
27422.1875
27422.0879
27422.0410
27422.0410
27422.0977
27421.8613
27421.5723
27421.5723
27421.5176
27421.4512
27421.5645
27421.2520
27421.0527
27421.0840
27420.9531
27420.9941
27420.7051
27420.7402
27420.6406
27420.2461
27420.1250
27420.1250
27419.8418
27419.9941
27419.7129
27419.8809
27419.7012
27419.6426
27420.0215
27419.7539
27419.6641
27419.7324
27419.4648
27419.4648
27419.6094
27419.3652
27419.4629
27419.0488
27419.0391
27418.2812
27418.1699
27418.1797
27417.6660
27417.5879
27417.3203
27417.7559
27417.6562
27417.7441
27417.2090
27417.3652
27418.1797
27418.2363
27418.7031
27418.5938
27418.9707
27419.7852
27419.7734
27419.7637
27420.0840
27420.0293
27419.9941
27420.0938
27420.3398
27420.2832
27420.5391
27420.8398
27420.7285
27420.9180
27420.9395
27420.9160
27420.7598
27420.4805
27420.6133
27421.1504
27421.0918
27421.0020
27421.0449
27421.3027
27420.6777
27420.5781
27420.3105
27420.6777
27420.1426
27420.4004
27420.7559
27420.6094
27420.4316
27420.5098
27420.3418
27420.1641
27419.8066
27420.0410
27420.0840
27420.1621
27420.1406
27420.0293
27419.9414
27420.1406
27420.2500
27420.2500
27420.2266
27420.1953
27420.3516
27420.3516
27421.0508
27420.9629
27421.3301
27421.3418
27421.4961
27421.4844
27421.3848
27421.2285
27421.1172
27420.8848
27420.7500
27420.7168
27420.5938
27420.9277
27420.7500
27420.9609
27420.6504
27420.5488
27420.7617
27420.7500
27420.5703
27420.4590
27420.3926
27419.7715
27419.6465
27419.2480
27418.2676
27417.8125
27417.6230
27417.3555
27417.1230
27417.1348
27417.6016
27417.8125
27418.0020
27418.0449
27417.9219
27417.4551
27416.4004
27415.3223
27414.5996
27413.8789
27413.7988
27413.6777
27413.4238
27413.5898
27413.7656
27414.1211
27414.2793
27414.4004
27414.9551
27414.6777
27414.7441
27414.3672
27414.6094
27414.3223
27414.2793
27414.4219
27414.3438
27414.3770
27414.4551
27414.4336
27414.5000
27414.3887
27414.1992
27414.2891
27414.1992
27414.2676
27414.0781
27414.0547
27413.7559
27413.8340
27413.7988
27413.6328
27413.9980
27413.6094
27414.0312
27413.6895
27413.3223
27413.3105
27413.2324
27413.0547
27413.0547
27412.8320
27412.9219
27412.8438
27412.8555
27412.9316
27413.2988
27413.6660
27413.4414
27413.6309
27413.6191
27413.4414
27413.2305
27413.0645
27413.2852
27413.3965
27413.8164
27413.0078
27413.0078
27413.0742
27413.1504
27412.9844
27412.9609
27412.8613
27413.3828
27413.9258
27415.0664
27415.5215
27415.4102
27415.8086
27415.6973
27415.8066
27415.5957
27415.6426
27415.0508
27414.4980
27414.4531
27413.5879
27413.4219
27413.5000
27413.4531
27413.5957
27413.4844
27413.8281
27413.8281
27413.6621
27413.3730
27413.3613
27413.3496
27413.5137
27413.0488
27412.8379
27413.0488
27412.8379
27412.9141
27413.0801
27412.9668
27412.9668
27412.7129
27412.4785
27412.3203
27412.4980
27412.6172
27412.4531
27412.5938
27412.4180
27412.8594
27413.0137
27413.1777
27413.1426
27412.9434
27412.6113
27412.4238
27412.1328
27412.0332
27411.7676
27411.6016
27411.6211
27411.3789
27411.4316
27411.6973
27411.6855
27411.6953
27411.4082
27411.4492
27411.3613
27411.5020
27411.8027
27411.8672
27412.3223
27412.2676
27412.4082
27412.5859
27412.6621
27412.6094
27412.8613
27412.7617
27412.6719
27412.3301
27411.9746
27411.4219
27411.1797
27410.2402
27409.6582
27408.9258
27408.8262
27407.9434
27408.5723
27407.5117
27407.5879
27407.9648
27407.9648
27407.8125
27408.1289
27408.1523
27408.2305
27408.2070
27408.1172
27407.9062
27408.1055
27408.3809
27408.4688
27408.6465
27408.4688
27408.7344
27408.6816
27408.0391
27407.8516
27407.7871
27407.4746
27407.5078
27406.9902
27407.4434
27407.4316
27407.5957
27407.2773
27407.3672
27407.2012
27406.5605
27406.9902
27406.4609
27406.1309
27405.6895
27405.6660
27405.2012
27405.8301
27405.2363
27405.6309
27405.8301
27406.7988
27407.2949
27407.4707
27407.8242
27408.2402
27408.4277
27408.0742
27407.9980
27407.9102
27407.6328
27407.5215
27407.6875
27407.5977
27407.3223
27407.1445
27406.7266
27406.9277
27406.7617
27407.3281
27407.3789
27407.2559
27406.9551
27407.3203
27406.9434
27406.4902
27406.1855
27406.8789
27406.4492
27406.7676
27406.6543
27407.0059
27407.1602
27407.1719
27407.2715
27407.5449
27407.3457
27407.6992
27408.2031
27407.6875
27406.2773
27407.0273
27408.8965
27407.6621
27407.6621
27407.9375
27408.0781
27408.1406
27407.9531
27407.6816
27407.3164
27407.1934
27407.4336
27407.8965
27407.5684
27407.8320
27407.9434
27407.8086
27407.7188
27407.5430
27407.4316
27407.3672
27407.2656
27407.2949
27407.1816
27407.2695
27407.3340
27407.1328
27406.5156
27406.5156
27406.3398
27406.0625
27406.1621
27406.1113
27406.0703
27406.1465
27406.3105
27405.8457
27405.5703
27405.3926
27405.5820
27405.2930
27404.8047
27405.4688
27405.4160
27405.1914
27404.9395
27404.8398
27405.0645
27404.7754
27404.9141
27404.4238
27404.5352
27404.2969
27404.0684
27404.3203
27404.1680
27404.7949
27404.8203
27404.6055
27404.6953
27404.7461
27404.7969
27404.7852
27404.8848
27405.1367
27405.0254
27405.0000
27405.6777
27405.6523
27405.3125
27405.4902
27405.2754
27405.4648
27405.2871
27404.9004
27405.2500
27405.2129
27405.0391
27404.7617
27405.1016
27404.6367
27404.9492
27404.5742
27404.7852
27404.7598
27404.4102
27404.8848
27404.4102
27404.4102
27403.9707
27404.0449
27404.1699
27403.6797
27404.0938
27404.4082
27404.2070
27404.2930
27405.1953
27405.4590
27406.3613
27406.6250
27406.6250
27406.5840
27406.8223
27406.7598
27406.4824
27406.5195
27406.3828
27406.5332
27406.3457
27406.0938
27405.9668
27406.0176
27405.9180
27405.7930
27405.9297
27405.8301
27405.7676
27405.3906
27405.5527
27405.6777
27405.7012
27405.3633
27405.0254
27404.9375
27405.1602
27404.7969
27405.0859
27405.4355
27405.4355
27405.0605
27405.0352
27404.6211
27404.3457
27404.1836
27403.9824
27404.1074
27404.1191
27403.9551
27403.7070
27403.9805
27403.7305
27403.4785
27403.8418
27403.3164
27403.3164
27403.2656
27403.7910
27403.9902
27403.4902
27403.1152
27403.4531
27402.9531
27403.2891
27403.2891
27403.2891
27403.3770
27403.5527
27403.4902
27403.4648
27403.6758
27403.4648
27403.4766
27403.9023
27404.0879
27405.0762
27405.6016
27405.7754
27406.2266
27406.4766
27406.5020
27406.2988
27406.8613
