    2.5472
    2.2517
    1.9565
    1.6637
    1.3768
    1.0923
    0.8089
    0.5342
    0.2525
   -0.0238
   -0.3032
   -0.5854
   -0.8672
   -1.1497
   -1.4186
   -1.6792
   -1.9262
   -2.1758
   -2.4153
   -2.6706
   -2.9427
   -3.2246
   -3.5279
   -3.8408
   -4.1695
   -4.5049
   -4.8414
   -5.1807
   -5.5139
   -5.8399
   -6.1656
   -6.1183
   -6.0772
   -6.0379
   -6.0011
   -5.9614
   -5.9232
   -5.8811
   -5.8423
   -5.8063
   -5.7706
   -5.7336
   -5.7016
   -5.6656
   -5.6300
   -5.5938
   -5.5613
   -5.5197
   -5.4786
   -5.4288
   -5.3791
   -5.3218
   -5.2698
   -5.2132
   -5.1553
   -5.0908
   -5.0294
   -4.9656
   -4.9049
   -4.8364
   -4.7679
   -4.7044
   -4.6400
   -4.5753
   -4.5150
   -4.4617
   -4.4082
   -4.3545
   -4.3101
   -4.2652
   -4.2265
   -4.1852
   -4.1447
   -4.1076
   -4.0694
   -4.0306
   -3.9946
   -3.9588
   -3.9253
   -3.8924
   -3.8628
   -3.8340
   -3.8070
   -3.7827
   -3.7637
   -3.7450
   -3.7306
   -3.7192
   -3.7062
   -3.6946
   -3.6846
   -3.6692
   -3.6513
   -3.6277
   -3.6056
   -3.5812
   -3.5581
   -3.5334
   -3.5118
   -3.4930
   -3.4745
   -3.4544
   -3.4336
   -3.4171
   -3.4014
   -3.3837
   -3.3704
   -3.3542
   -3.3468
   -3.3333
   -3.3250
   -3.3129
   -3.3067
   -3.2966
   -3.2897
   -3.2854
   -3.2794
   -3.2716
   -3.2629
   -3.2455
   -3.2356
   -3.2239
   -3.2075
   -3.1906
   -3.1698
   -3.1445
   -3.1178
   -3.0867
   -3.0615
   -3.0273
   -2.9939
   -2.9540
   -2.9109
   -2.8664
   -2.8173
   -2.7667
   -2.7202
   -2.6754
   -2.6358
   -2.5950
   -2.5595
   -2.5169
   -2.4726
   -2.4273
   -2.3770
   -2.3230
   -2.2699
   -2.2101
   -2.1500
   -2.0881
   -2.0230
   -1.9619
   -1.9024
   -1.8483
   -1.7990
   -1.7468
   -1.6951
   -1.6475
   -1.6010
   -1.5565
   -1.5170
   -1.4794
   -1.4444
   -1.4127
   -1.3748
   -1.3441
   -1.3137
   -1.2802
   -1.2494
   -1.2119
   -1.1743
   -1.1363
   -1.1001
   -1.0614
   -1.0250
   -0.9847
   -0.9451
   -0.9110
   -0.8791
   -0.8516
   -0.8237
   -0.7974
   -0.7704
   -0.7455
   -0.7192
   -0.7005
   -0.6822
   -0.6611
   -0.6508
   -0.6345
   -0.6266
   -0.6160
   -0.6099
   -0.6123
   -0.6171
   -0.6289
   -0.6416
   -0.6533
   -0.6582
   -0.6622
   -0.6671
   -0.6657
   -0.6670
   -0.6670
   -0.6685
   -0.6743
   -0.6775
   -0.6814
   -0.6836
   -0.6891
   -0.6942
   -0.7023
   -0.7079
   -0.7139
   -0.7162
   -0.7159
   -0.7198
   -0.7265
   -0.7331
   -0.7395
   -0.7423
   -0.7396
   -0.7447
   -0.7406
   -0.7419
   -0.7456
   -0.7480
   -0.7555
   -0.7562
   -0.7620
   -0.7565
   -0.7615
   -0.7637
   -0.7648
   -0.7673
   -0.7688
   -0.7700
   -0.7704
   -0.7717
   -0.7625
   -0.7524
   -0.7443
   -0.7322
   -0.7220
   -0.7172
   -0.7105
   -0.7035
   -0.6996
   -0.7005
   -0.6937
   -0.6849
   -0.6721
   -0.6602
   -0.6415
   -0.6244
   -0.6010
   -0.5789
   -0.5592
   -0.5406
   -0.5350
   -0.5311
   -0.5292
   -0.5346
   -0.5390
   -0.5471
   -0.5536
   -0.5577
   -0.5659
   -0.5771
   -0.5978
   -0.6215
   -0.6483
   -0.6700
   -0.6928
   -0.7108
   -0.7277
   -0.7502
   -0.7721
   -0.7944
   -0.8133
   -0.8319
   -0.8508
   -0.8665
   -0.8750
   -0.8904
   -0.9004
   -0.9138
   -0.9236
   -0.9265
   -0.9337
   -0.9308
   -0.9420
   -0.9440
   -0.9523
   -0.9566
   -0.9627
   -0.9616
   -0.9661
   -0.9697
   -0.9725
   -0.9865
   -1.0036
   -1.0224
   -1.0474
   -1.0688
   -1.0854
   -1.1097
   -1.1303
   -1.1436
   -1.1607
   -1.1672
   -1.1826
   -1.2050
   -1.2245
   -1.2469
   -1.2657
   -1.2919
   -1.3135
   -1.3367
   -1.3539
   -1.3646
   -1.3686
   -1.3706
   -1.3693
   -1.3672
   -1.3637
   -1.3617
   -1.3600
   -1.3579
   -1.3499
   -1.3350
   -1.3113
   -1.2814
   -1.2546
   -1.2330
   -1.2172
   -1.2041
   -1.1891
   -1.1727
   -1.1532
   -1.1358
   -1.1180
   -1.1023
   -1.0913
   -1.0819
   -1.0748
   -1.0675
   -1.0574
   -1.0480
   -1.0429
   -1.0406
   -1.0423
   -1.0434
   -1.0483
   -1.0500
   -1.0564
   -1.0632
   -1.0757
   -1.0862
   -1.0974
   -1.1087
   -1.1181
   -1.1270
   -1.1349
   -1.1381
   -1.1448
   -1.1370
   -1.1294
   -1.1101
   -1.1007
   -1.0778
   -1.0710
   -1.0566
   -1.0250
   -1.0036
   -0.9748
   -0.9442
   -0.9106
   -0.8777
   -0.8433
   -0.8082
   -0.7689
   -0.7345
   -0.6936
   -0.6520
   -0.6124
   -0.5721
   -0.5284
   -0.4835
   -0.4403
   -0.4023
   -0.3683
   -0.3342
   -0.3063
   -0.2753
   -0.2445
   -0.2091
   -0.1773
   -0.1429
   -0.1078
   -0.0788
   -0.0479
   -0.0196
    0.0063
    0.0325
    0.0610
    0.0909
    0.1183
    0.1417
    0.1625
    0.1861
    0.2117
    0.2375
    0.2591
    0.2807
    0.3000
    0.3196
    0.3420
    0.3671
    0.3931
    0.4212
    0.4527
    0.4870
    0.5223
    0.5568
    0.5887
    0.6175
    0.6330
    0.6515
    0.6569
    0.6634
    0.6625
    0.6637
    0.6616
    0.6473
    0.6424
    0.6268
    0.6107
    0.5941
    0.5762
    0.5583
    0.5374
    0.5146
    0.4946
    0.4723
    0.4498
    0.4294
    0.4072
    0.3822
    0.3579
    0.3364
    0.3196
    0.3071
    0.2944
    0.2841
    0.2684
    0.2610
    0.2535
    0.2511
    0.2509
    0.2537
    0.2623
    0.2685
    0.2768
    0.2855
    0.2947
    0.3056
    0.3181
    0.3345
    0.3559
    0.3808
    0.4062
    0.4315
    0.4592
    0.4919
    0.5290
    0.5702
    0.6152
    0.6611
    0.7078
    0.7564
    0.8032
    0.8472
    0.8890
    0.9317
    0.9735
    1.0131
    1.0535
    1.0955
    1.1375
    1.1792
    1.2221
    1.2658
    1.3110
    1.3585
    1.4107
    1.4617
    1.5149
    1.5679
    1.6199
    1.6727
    1.7264
    1.7808
    1.8334
    1.8879
    1.9411
    1.9908
    2.0390
    2.0880
    2.1346
    2.1797
    2.2224
    2.2624
    2.3015
    2.3366
    2.3732
    2.4089
    2.4423
    2.4729
    2.5042
    2.5343
    2.5605
    2.5848
    2.6090
    2.6303
    2.6523
    2.6761
    2.7022
    2.7262
    2.7533
    2.7796
    2.8067
    2.8305
    2.8552
    2.8805
    2.9076
    2.9342
    2.9582
    2.9800
    3.0022
    3.0210
    3.0319
    3.0438
    3.0556
    3.0736
    3.0920
    3.1115
    3.1369
    3.1684
    3.1995
    3.2308
    3.2614
    3.2959
    3.3312
    3.3679
    3.4024
    3.4324
    3.4594
    3.4839
    3.5082
    3.5317
    3.5543
    3.5776
    3.6010
    3.6236
    3.6471
    3.6695
    3.6952
    3.7221
    3.7483
    3.7751
    3.8011
    3.8285
    3.8579
    3.8858
    3.9111
    3.9318
    3.9521
    3.9696
    3.9845
    4.0009
    4.0151
    4.0291
    4.0457
    4.0596
    4.0773
    4.0961
    4.1083
    4.1182
    4.1312
    4.1395
    4.1452
    4.1567
    4.1704
    4.1837
    4.1974
    4.2102
    4.2241
    4.2417
    4.2625
    4.2833
    4.3049
    4.3312
    4.3578
    4.3843
    4.4090
    4.4360
    4.4656
    4.4960
    4.5218
    4.5430
    4.5677
    4.5920
    4.6152
    4.6434
    4.6749
    4.7078
    4.7426
    4.7760
    4.8203
    4.8640
    4.9080
    4.9572
    5.0032
    5.0475
    5.0935
    5.1378
    5.1858
    5.2301
    5.2759
    5.3196
    5.3628
    5.4055
    5.4426
    5.4770
    5.5106
    5.5476
    5.5842
    5.6242
    5.6654
    5.7110
    5.7542
    5.7980
    5.8396
    5.8834
    5.9285
    5.9730
    6.0122
    6.0569
    6.1020
    6.1445
    6.1854
    6.2312
    6.2647
    6.3020
    6.3303
    6.3608
    6.3822
    6.4058
    6.4214
    6.4387
    6.4514
    6.4661
    6.4768
    6.4812
    6.4950
    6.4965
    6.4978
    6.4888
    6.4825
    6.4735
    6.4710
    6.4607
    6.4540
    6.4426
    6.4273
    6.4070
    6.3849
    6.3627
    6.3419
    6.3108
    6.2829
    6.2556
    6.2228
    6.1937
    6.1627
    6.1358
    6.1039
    6.0667
    6.0372
    6.0041
    5.9816
    5.9560
    5.9346
    5.9213
    5.9133
    5.9097
    5.9031
    5.8983
    5.8961
    5.8944
    5.8933
    5.8917
    5.8918
    5.8958
    5.8970
    5.9007
    5.9047
    5.9147
    5.9255
    5.9400
    5.9550
    5.9701
    5.9838
    6.0056
    6.0180
    6.0315
    6.0438
    6.0673
    6.0868
    6.1144
    6.1371
    6.1617
    6.1859
    6.2175
    6.2498
    6.2774
    6.3146
    6.3511
    6.4011
    6.4382
    6.4855
    6.5303
    6.5828
    6.6420
    6.7076
    6.7714
    6.8345
    6.8986
    6.9641
    7.0357
    7.1016
    7.1686
    7.2329
    7.2983
    7.3632
    7.4358
    7.5018
    7.5752
    7.6509
    7.7207
    7.7951
    7.8569
    7.9290
    7.9992
    8.0636
    8.1317
    8.1961
    8.2682
    8.3398
    8.4112
    8.4817
    8.5534
    8.6236
    8.6929
    8.7611
    8.8316
    8.9011
    8.9711
    9.0360
    9.1015
    9.1629
    9.2251
    9.2903
    9.3548
    9.4164
    9.4820
    9.5526
    9.6198
    9.6898
    9.7636
    9.8348
    9.9045
    9.9702
   10.0318
   10.0963
   10.1691
   10.2353
   10.3014
   10.3705
   10.4335
   10.5024
   10.5680
   10.6311
   10.6973
   10.7509
   10.8004
   10.8543
   10.9066
   10.9615
   11.0159
   11.0658
   11.1230
   11.1742
   11.2256
   11.2784
   11.3265
   11.3681
   11.4123
   11.4553
   11.4938
   11.5324
   11.5719
   11.6163
   11.6564
   11.6912
   11.7298
   11.7620
   11.7932
   11.8183
   11.8458
   11.8704
   11.8963
   11.9218
   11.9515
   11.9782
   12.0083
   12.0320
   12.0592
   12.0815
   12.1072
   12.1293
   12.1543
   12.1729
   12.1939
   12.2145
   12.2367
   12.2617
   12.2832
   12.3048
   12.3253
   12.3456
   12.3652
   12.3883
   12.4151
   12.4461
   12.4727
   12.5006
   12.5278
   12.5570
   12.5868
   12.6176
   12.6496
   12.6797
   12.7094
   12.7385
   12.7687
   12.8068
   12.8362
   12.8718
   12.9042
   12.9414
   12.9758
   13.0113
   13.0458
   13.0810
   13.1140
   13.1527
   13.1906
   13.2317
   13.2714
   13.3185
   13.3643
   13.4053
   13.4467
   13.4863
   13.5308
   13.5748
   13.6164
   13.6597
   13.7007
   13.7410
   13.7818
   13.8218
   13.8576
   13.8879
   13.9235
   13.9504
   13.9796
   14.0054
   14.0333
   14.0514
   14.0739
   14.0905
   14.1093
   14.1228
   14.1332
   14.1377
   14.1403
   14.1468
   14.1531
   14.1547
   14.1496
   14.1434
   14.1370
   14.1308
   14.1203
   14.1097
   14.0982
   14.0875
   14.0764
   14.0592
   14.0425
   14.0247
   14.0078
   13.9910
   13.9723
   13.9596
   13.9405
   13.9280
   13.9099
   13.8901
   13.8653
   13.8415
   13.8145
   13.7899
   13.7689
   13.7497
   13.7295
   13.7158
   13.6946
   13.6725
   13.6527
   13.6319
   13.6128
   13.5913
   13.5713
   13.5480
   13.5239
   13.5025
   13.4821
   13.4661
   13.4484
   13.4312
   13.4127
   13.3961
   13.3842
   13.3683
   13.3541
   13.3432
   13.3386
   13.3297
   13.3290
   13.3268
   13.3252
   13.3274
   13.3298
   13.3362
   13.3484
   13.3597
   13.3724
   13.3860
   13.4026
   13.4175
   13.4376
   13.4559
   13.4718
   13.4900
   13.5103
   13.5279
   13.5470
   13.5614
   13.5813
   13.5989
   13.6255
   13.6477
   13.6698
   13.6932
   13.7154
   13.7350
   13.7490
   13.7690
   13.7889
   13.8087
   13.8334
   13.8645
   13.8933
   13.9224
   13.9513
   13.9789
   14.0070
   14.0403
   14.0770
   14.1097
   14.1509
   14.1909
   14.2325
   14.2793
   14.3273
   14.3762
   14.4249
   14.4739
   14.5225
   14.5731
   14.6248
   14.6781
   14.7355
   14.7904
   14.8461
   14.9066
   14.9678
   15.0233
   15.0819
   15.1468
   15.2101
   15.2754
   15.3361
   15.3978
   15.4580
   15.5139
   15.5720
   15.6271
   15.6828
   15.7360
   15.7937
   15.8493
   15.9071
   15.9690
   16.0302
   16.0855
   16.1418
   16.2004
   16.2543
   16.3122
   16.3705
   16.4226
   16.4789
   16.5340
   16.5878
   16.6446
   16.7001
   16.7601
   16.8157
   16.8785
   16.9398
   16.9991
   17.0536
   17.1080
   17.1627
   17.2120
   17.2638
   17.3144
   17.3644
   17.4077
   17.4502
   17.4894
   17.5254
   17.5611
   17.5984
   17.6341
   17.6714
   17.7053
   17.7374
   17.7689
   17.7949
   17.8178
   17.8393
   17.8495
   17.8534
   17.8596
   17.8646
   17.8704
   17.8782
   17.8869
   17.8866
   17.8879
   17.8884
   17.8916
   17.8948
   17.9014
   17.9096
   17.9181
   17.9310
   17.9471
   17.9523
   17.9497
   17.9386
   17.9242
   17.9090
   17.8931
   17.8834
   17.8777
   17.8771
   17.8874
   17.8889
   17.8908
   17.8898
   17.8803
   17.8717
   17.8584
   17.8379
   17.8187
   17.8047
   17.7883
   17.7709
   17.7531
   17.7315
   17.7078
   17.6816
   17.6501
   17.6224
   17.5895
   17.5517
   17.5104
   17.4716
   17.4325
   17.3870
   17.3487
   17.3087
   17.2609
   17.2134
   17.1662
   17.1250
   17.0804
   17.0443
   17.0144
   16.9880
   16.9625
   16.9442
   16.9348
   16.9182
   16.8965
   16.8707
   16.8419
   16.8121
   16.7865
   16.7540
   16.7241
   16.6910
   16.6585
   16.6198
   16.5817
   16.5403
   16.4947
   16.4454
   16.4074
   16.3700
   16.3387
   16.3070
   16.2761
   16.2480
   16.2153
   16.1778
   16.1277
   16.0743
   16.0164
   15.9587
   15.8989
   15.8476
   15.7977
   15.7474
   15.6944
   15.6399
   15.5740
   15.5097
   15.4375
   15.3664
   15.3004
   15.2336
   15.1724
   15.1136
   15.0530
   14.9969
   14.9450
   14.8943
   14.8452
   14.7971
   14.7478
   14.6977
   14.6468
   14.5982
   14.5514
   14.4995
   14.4405
   14.3849
   14.3163
   14.2475
   14.1747
   14.1040
   14.0309
   13.9593
   13.8919
   13.8274
   13.7636
   13.6996
   13.6370
   13.5748
   13.5130
   13.4480
   13.3853
   13.3215
   13.2606
   13.1971
   13.1381
   13.0804
   13.0278
   12.9702
   12.9206
   12.8688
   12.8098
   12.7530
   12.6951
   12.6349
   12.5725
   12.5246
   12.4631
   12.4053
   12.3439
   12.2901
   12.2285
   12.1669
   12.1102
   12.0502
   11.9965
   11.9454
   11.8968
   11.8542
   11.8079
   11.7630
   11.7185
   11.6699
   11.6219
   11.5774
   11.5366
   11.4931
   11.4484
   11.4037
   11.3628
   11.3263
   11.2863
   11.2497
   11.2114
   11.1732
   11.1367
   11.1051
   11.0741
   11.0483
   11.0195
   10.9911
   10.9570
   10.9215
   10.8842
   10.8477
   10.8090
   10.7692
   10.7207
   10.6742
   10.6229
   10.5791
   10.5338
   10.4893
   10.4508
   10.4187
   10.3867
   10.3496
   10.3149
   10.2741
   10.2332
   10.1958
   10.1635
   10.1361
   10.1086
   10.0781
   10.0529
   10.0208
    9.9865
    9.9618
    9.9421
    9.9239
    9.9009
    9.8768
    9.8539
    9.8255
    9.8045
    9.7845
    9.7627
    9.7405
    9.7228
    9.7047
    9.6848
    9.6689
    9.6567
    9.6441
    9.6295
    9.6092
    9.5895
    9.5668
    9.5428
    9.5136
    9.4837
    9.4564
    9.4283
    9.4007
    9.3797
    9.3570
    9.3328
    9.3123
    9.2940
    9.2826
    9.2747
    9.2710
    9.2626
    9.2532
    9.2391
    9.2284
    9.2172
    9.2173
    9.2172
    9.2163
    9.2116
    9.2129
    9.2204
    9.2193
    9.2169
    9.2166
    9.2158
    9.2193
    9.2238
    9.2343
    9.2402
    9.2429
    9.2509
    9.2574
    9.2610
    9.2628
    9.2758
    9.2793
    9.2890
    9.2969
    9.3109
    9.3201
    9.3371
    9.3577
    9.3780
    9.4024
    9.4216
    9.4449
    9.4692
    9.4912
    9.5171
    9.5439
    9.5683
    9.5957
    9.6168
    9.6454
    9.6733
    9.7024
    9.7378
    9.7737
    9.8089
    9.8496
    9.8845
    9.9212
    9.9514
    9.9731
    9.9949
   10.0154
   10.0292
   10.0459
   10.0563
   10.0694
   10.0822
   10.1076
   10.1293
   10.1563
   10.1768
   10.2028
   10.2307
   10.2554
   10.2918
   10.3352
   10.3736
   10.4081
   10.4443
   10.4740
   10.5049
   10.5349
   10.5648
   10.5913
   10.6204
   10.6543
   10.6935
   10.7312
   10.7537
   10.7755
   10.7856
   10.7939
   10.8003
   10.8180
   10.8541
   10.8990
   10.9723
   11.0582
   11.1591
   11.2704
   11.3851
   11.5009
   11.6097
   11.7148
   11.8106
   11.5331
   11.2578
   10.9857
   10.7101
   10.4429
   10.1701
    9.9016
    9.6365
    9.3756
    9.1134
    8.8525
    8.5927
    8.3361
    8.0772
    7.8244
    7.5750
    7.3231
    7.0691
    6.8137
    6.5476
    6.2806
    6.0098
    5.7365
    5.4582
    5.1812
    4.9034
    4.6327
    4.3550
    4.0727
    3.7919
