   -1.3289
   -1.2635
   -1.1852
   -1.1009
   -1.0130
   -0.9367
   -0.8769
   -0.8361
   -0.7995
   -0.7618
   -0.7201
   -0.6697
   -0.6160
   -0.5538
   -0.4897
   -0.4241
   -0.3553
   -0.2893
   -0.2297
   -0.1699
   -0.1118
   -0.0557
   -0.0014
    0.0498
    0.0999
    0.1527
    0.2064
    0.2628
    0.3179
    0.3761
    0.4273
    0.4340
    0.4466
    0.4549
    0.4508
    0.4452
    0.4455
    0.4365
    0.4248
    0.4146
    0.4038
    0.4008
    0.4010
    0.4117
    0.4197
    0.4243
    0.4233
    0.4174
    0.4021
    0.3766
    0.3569
    0.3408
    0.3404
    0.3535
    0.3867
    0.4346
    0.4935
    0.5466
    0.6032
    0.6463
    0.6745
    0.6923
    0.7014
    0.7013
    0.6970
    0.6837
    0.6840
    0.6962
    0.7238
    0.7607
    0.7945
    0.8193
    0.8350
    0.8487
    0.8567
    0.8630
    0.8673
    0.8685
    0.8786
    0.8808
    0.8890
    0.8988
    0.9159
    0.9334
    0.9493
    0.9654
    0.9771
    0.9781
    0.9735
    0.9650
    0.9583
    0.9487
    0.9410
    0.9379
    0.9359
    0.9369
    0.9367
    0.9331
    0.9251
    0.9168
    0.8977
    0.8740
    0.8458
    0.8147
    0.7788
    0.7398
    0.7038
    0.6766
    0.6603
    0.6530
    0.6602
    0.6695
    0.6811
    0.6814
    0.6746
    0.6489
    0.6193
    0.5802
    0.5454
    0.5099
    0.4805
    0.4601
    0.4351
    0.4083
    0.3765
    0.3433
    0.3111
    0.2684
    0.2286
    0.1930
    0.1510
    0.1135
    0.0722
    0.0354
   -0.0060
   -0.0488
   -0.0966
   -0.1474
   -0.2008
   -0.2544
   -0.3047
   -0.3593
   -0.4169
   -0.4821
   -0.5443
   -0.6079
   -0.6730
   -0.7410
   -0.8003
   -0.8582
   -0.9113
   -0.9659
   -1.0177
   -1.0773
   -1.1352
   -1.1973
   -1.2636
   -1.3348
   -1.4090
   -1.4728
   -1.5317
   -1.5889
   -1.6396
   -1.6840
   -1.7150
   -1.7336
   -1.7447
   -1.7483
   -1.7489
   -1.7419
   -1.7286
   -1.7227
   -1.7161
   -1.7230
   -1.7281
   -1.7414
   -1.7517
   -1.7731
   -1.7871
   -1.7998
   -1.8108
   -1.8204
   -1.8319
   -1.8454
   -1.8542
   -1.8639
   -1.8775
   -1.8924
   -1.9018
   -1.9142
   -1.9341
   -1.9496
   -1.9727
   -1.9890
   -2.0088
   -2.0301
   -2.0501
   -2.0668
   -2.0796
   -2.0895
   -2.1025
   -2.1076
   -2.1083
   -2.1060
   -2.0971
   -2.0966
   -2.0961
   -2.0938
   -2.0966
   -2.0977
   -2.0991
   -2.1062
   -2.1134
   -2.1205
   -2.1251
   -2.1389
   -2.1483
   -2.1493
   -2.1487
   -2.1374
   -2.1181
   -2.1298
   -2.1249
   -2.1218
   -2.1279
   -2.1404
   -2.1647
   -2.1969
   -2.2301
   -2.2680
   -2.3136
   -2.3653
   -2.4232
   -2.4761
   -2.5319
   -2.5862
   -2.6328
   -2.6852
   -2.7269
   -2.7716
   -2.8175
   -2.8529
   -2.9001
   -2.9412
   -2.9760
   -3.0123
   -3.0487
   -3.0775
   -3.1075
   -3.1373
   -3.1700
   -3.1981
   -3.2275
   -3.2461
   -3.2620
   -3.2743
   -3.2909
   -3.3072
   -3.3169
   -3.3244
   -3.3319
   -3.3377
   -3.3495
   -3.3584
   -3.3699
   -3.3912
   -3.4089
   -3.4330
   -3.4588
   -3.4748
   -3.4972
   -3.5153
   -3.5272
   -3.5295
   -3.5350
   -3.5367
   -3.5410
   -3.5527
   -3.5732
   -3.5905
   -3.6173
   -3.6502
   -3.6586
   -3.6807
   -3.6952
   -3.7068
   -3.7211
   -3.7315
   -3.7308
   -3.7213
   -3.7162
   -3.7123
   -3.7038
   -3.6874
   -3.6846
   -3.6775
   -3.6699
   -3.6718
   -3.6737
   -3.6875
   -3.7197
   -3.7640
   -3.8234
   -3.8694
   -3.9242
   -3.9774
   -4.0320
   -4.0849
   -4.1437
   -4.2071
   -4.2705
   -4.3294
   -4.3944
   -4.4564
   -4.5294
   -4.6065
   -4.6932
   -4.7752
   -4.8619
   -4.9599
   -5.0607
   -5.1694
   -5.2796
   -5.3917
   -5.5160
   -5.6376
   -5.7588
   -5.8878
   -6.0105
   -6.1331
   -6.2481
   -6.3475
   -6.4451
   -6.5401
   -6.6412
   -6.7378
   -6.8329
   -6.9194
   -7.0016
   -7.0792
   -7.1520
   -7.2214
   -7.2907
   -7.3504
   -7.4097
   -7.4762
   -7.5410
   -7.6117
   -7.6898
   -7.7740
   -7.8689
   -7.9577
   -8.0466
   -8.1339
   -8.2213
   -8.3011
   -8.3713
   -8.4355
   -8.4886
   -8.5326
   -8.5629
   -8.5759
   -8.5739
   -8.5595
   -8.5449
   -8.5257
   -8.5062
   -8.4901
   -8.4682
   -8.4463
   -8.4170
   -8.3923
   -8.3723
   -8.3445
   -8.3149
   -8.2774
   -8.2340
   -8.1812
   -8.1222
   -8.0566
   -7.9845
   -7.9094
   -7.8310
   -7.7511
   -7.6559
   -7.5488
   -7.4384
   -7.3234
   -7.2020
   -7.0931
   -6.9966
   -6.9159
   -6.8524
   -6.7886
   -6.7338
   -6.6807
   -6.6273
   -6.5755
   -6.5172
   -6.4619
   -6.4099
   -6.3609
   -6.3073
   -6.2615
   -6.2265
   -6.1916
   -6.1600
   -6.1254
   -6.0860
   -6.0484
   -6.0121
   -5.9803
   -5.9502
   -5.9168
   -5.8911
   -5.8591
   -5.8317
   -5.8030
   -5.7837
   -5.7689
   -5.7543
   -5.7428
   -5.7315
   -5.7202
   -5.7123
   -5.7016
   -5.6910
   -5.6809
   -5.6707
   -5.6603
   -5.6498
   -5.6344
   -5.6142
   -5.5877
   -5.5612
   -5.5364
   -5.5163
   -5.4996
   -5.4845
   -5.4745
   -5.4707
   -5.4689
   -5.4702
   -5.4684
   -5.4648
   -5.4673
   -5.4709
   -5.4793
   -5.4879
   -5.4919
   -5.4834
   -5.4594
   -5.4273
   -5.3920
   -5.3553
   -5.3126
   -5.2714
   -5.2287
   -5.1877
   -5.1545
   -5.1137
   -5.0668
   -5.0214
   -4.9806
   -4.9383
   -4.8978
   -4.8620
   -4.8296
   -4.8019
   -4.7744
   -4.7425
   -4.7108
   -4.6777
   -4.6462
   -4.6195
   -4.5835
   -4.5522
   -4.5164
   -4.4791
   -4.4372
   -4.3972
   -4.3602
   -4.3264
   -4.2878
   -4.2525
   -4.2169
   -4.1812
   -4.1455
   -4.1112
   -4.0771
   -4.0492
   -4.0167
   -3.9887
   -3.9593
   -3.9316
   -3.9070
   -3.8853
   -3.8604
   -3.8368
   -3.8165
   -3.7914
   -3.7637
   -3.7345
   -3.7040
   -3.6768
   -3.6513
   -3.6303
   -3.6091
   -3.5878
   -3.5616
   -3.5369
   -3.5135
   -3.4942
   -3.4723
   -3.4465
   -3.4257
   -3.4063
   -3.3863
   -3.3678
   -3.3491
   -3.3299
   -3.3152
   -3.3053
   -3.2935
   -3.2819
   -3.2692
   -3.2518
   -3.2300
   -3.2066
   -3.1860
   -3.1685
   -3.1489
   -3.1245
   -3.0986
   -3.0710
   -3.0418
   -3.0190
   -2.9962
   -2.9721
   -2.9510
   -2.9316
   -2.9119
   -2.8909
   -2.8667
   -2.8378
   -2.8027
   -2.7674
   -2.7338
   -2.7019
   -2.6700
   -2.6303
   -2.5876
   -2.5447
   -2.4972
   -2.4481
   -2.3975
   -2.3468
   -2.2935
   -2.2434
   -2.1951
   -2.1479
   -2.1024
   -2.0565
   -2.0091
   -1.9614
   -1.9103
   -1.8625
   -1.8118
   -1.7662
   -1.7189
   -1.6782
   -1.6392
   -1.5957
   -1.5496
   -1.5045
   -1.4572
   -1.4064
   -1.3584
   -1.3097
   -1.2623
   -1.2151
   -1.1711
   -1.1242
   -1.0753
   -1.0267
   -0.9760
   -0.9215
   -0.8662
   -0.8058
   -0.7426
   -0.6770
   -0.6086
   -0.5455
   -0.4871
   -0.4298
   -0.3724
   -0.3146
   -0.2567
   -0.2033
   -0.1496
   -0.0973
   -0.0450
    0.0088
    0.0609
    0.1112
    0.1522
    0.1887
    0.2251
    0.2615
    0.2997
    0.3380
    0.3675
    0.3969
    0.4233
    0.4467
    0.4685
    0.4903
    0.5154
    0.5407
    0.5692
    0.5995
    0.6329
    0.6647
    0.6980
    0.7294
    0.7559
    0.7824
    0.8104
    0.8399
    0.8694
    0.8994
    0.9313
    0.9631
    0.9936
    1.0227
    1.0503
    1.0737
    1.0927
    1.1146
    1.1351
    1.1556
    1.1806
    1.2056
    1.2333
    1.2624
    1.2898
    1.3186
    1.3437
    1.3697
    1.3885
    1.4037
    1.4159
    1.4231
    1.4365
    1.4499
    1.4618
    1.4751
    1.4883
    1.5033
    1.5214
    1.5410
    1.5669
    1.5912
    1.6203
    1.6483
    1.6764
    1.7029
    1.7325
    1.7624
    1.7908
    1.8174
    1.8457
    1.8845
    1.9266
    1.9810
    2.0496
    2.1294
    2.2172
    2.3080
    2.3999
    2.4918
    2.5805
    2.6733
    2.7681
    2.8553
    2.9399
    3.0230
    3.0999
    3.1706
    3.2368
    3.2972
    3.3524
    3.3999
    3.4412
    3.4776
    3.5123
    3.5425
    3.5705
    3.5987
    3.6225
    3.6434
    3.6661
    3.6842
    3.7037
    3.7218
    3.7386
    3.7568
    3.7752
    3.7951
    3.8134
    3.8398
    3.8745
    3.9128
    3.9536
    3.9991
    4.0449
    4.0922
    4.1396
    4.1867
    4.2353
    4.2849
    4.3299
    4.3701
    4.4089
    4.4430
    4.4755
    4.5063
    4.5406
    4.5736
    4.6061
    4.6401
    4.6742
    4.7081
    4.7342
    4.7538
    4.7626
    4.7534
    4.7332
    4.7019
    4.6707
    4.6428
    4.6138
    4.5837
    4.5462
    4.5067
    4.4746
    4.4457
    4.4262
    4.4115
    4.4032
    4.3950
    4.3928
    4.3955
    4.4029
    4.4179
    4.4374
    4.4575
    4.4912
    4.5263
    4.5658
    4.6096
    4.6558
    4.7018
    4.7491
    4.7903
    4.8284
    4.8696
    4.9046
    4.9409
    4.9691
    4.9976
    5.0188
    5.0325
    5.0541
    5.0820
    5.1099
    5.1424
    5.1779
    5.2073
    5.2379
    5.2748
    5.3109
    5.3407
    5.3709
    5.4060
    5.4379
    5.4729
    5.5126
    5.5552
    5.5957
    5.6364
    5.6814
    5.7283
    5.7732
    5.8154
    5.8623
    5.9044
    5.9599
    6.0133
    6.0685
    6.1189
    6.1615
    6.2006
    6.2472
    6.2969
    6.3511
    6.4039
    6.4626
    6.5215
    6.5866
    6.6533
    6.7262
    6.7992
    6.8724
    6.9564
    7.0388
    7.1243
    7.2084
    7.2835
    7.3546
    7.4259
    7.4941
    7.5689
    7.6449
    7.7177
    7.7969
    7.8889
    7.9795
    8.0701
    8.1580
    8.2526
    8.3469
    8.4457
    8.5510
    8.6469
    8.7396
    8.8261
    8.9091
    8.9859
    9.0717
    9.1543
    9.2300
    9.2996
    9.3800
    9.4526
    9.5234
    9.5985
    9.6747
    9.7479
    9.8194
    9.8942
    9.9657
   10.0317
   10.0988
   10.1601
   10.2272
   10.2866
   10.3489
   10.4028
   10.4508
   10.5020
   10.5545
   10.6104
   10.6692
   10.7309
   10.7928
   10.8471
   10.9046
   10.9525
   10.9956
   11.0244
   11.0547
   11.0710
   11.0821
   11.0880
   11.0924
   11.0919
   11.0948
   11.0983
   11.0940
   11.0921
   11.0946
   11.0938
   11.0867
   11.0890
   11.1041
   11.1295
   11.1440
   11.1564
   11.1782
   11.2014
   11.2242
   11.2456
   11.2607
   11.2706
   11.2822
   11.2875
   11.2942
   11.3011
   11.3155
   11.3220
   11.3237
   11.3196
   11.3213
   11.3211
   11.3284
   11.3355
   11.3385
   11.3388
   11.3392
   11.3361
   11.3286
   11.3246
   11.3159
   11.3077
   11.3025
   11.2978
   11.2998
   11.3005
   11.2967
   11.3087
   11.3096
   11.3169
   11.3242
   11.3303
   11.3349
   11.3381
   11.3509
   11.3560
   11.3661
   11.3794
   11.3974
   11.4153
   11.4408
   11.4790
   11.5210
   11.5629
   11.6110
   11.6592
   11.7094
   11.7669
   11.8244
   11.8742
   11.9306
   11.9866
   12.0306
   12.0654
   12.0940
   12.1240
   12.1525
   12.1779
   12.1997
   12.2215
   12.2513
   12.2780
   12.3035
   12.3257
   12.3493
   12.3699
   12.3922
   12.4133
   12.4360
   12.4749
   12.4998
   12.5326
   12.5627
   12.5902
   12.6179
   12.6486
   12.6825
   12.7134
   12.7431
   12.7742
   12.8061
   12.8394
   12.8613
   12.8926
   12.9157
   12.9318
   12.9466
   12.9629
   12.9634
   12.9778
   12.9828
   12.9910
   13.0005
   13.0053
   13.0083
   13.0094
   13.0132
   13.0106
   12.9982
   12.9884
   12.9736
   12.9588
   12.9375
   12.9204
   12.9002
   12.8835
   12.8654
   12.8504
   12.8421
   12.8306
   12.8159
   12.7876
   12.7573
   12.7263
   12.6930
   12.6566
   12.6155
   12.5773
   12.5362
   12.4954
   12.4551
   12.4037
   12.3633
   12.3280
   12.2940
   12.2601
   12.2229
   12.1794
   12.1294
   12.0856
   12.0279
   11.9889
   11.9451
   11.8997
   11.8648
   11.8269
   11.7840
   11.7377
   11.6945
   11.6527
   11.6096
   11.5617
   11.5138
   11.4690
   11.4165
   11.3640
   11.3177
   11.2761
   11.2297
   11.1880
   11.1417
   11.0951
   11.0422
   10.9923
   10.9424
   10.8957
   10.8396
   10.7839
   10.7345
   10.6932
   10.6511
   10.6127
   10.5779
   10.5368
   10.4929
   10.4457
   10.3950
   10.3346
   10.2739
   10.2008
   10.1357
   10.0712
   10.0163
    9.9638
    9.9102
    9.8572
    9.8042
    9.7528
    9.6984
    9.6443
    9.5919
    9.5385
    9.4900
    9.4334
    9.3674
    9.2998
    9.2386
    9.1760
    9.1225
    9.0642
    8.9961
    8.9388
    8.8700
    8.7980
    8.7260
    8.6381
    8.5489
    8.4595
    8.3705
    8.2815
    8.1940
    8.1063
    8.0187
    7.9327
    7.8501
    7.7655
    7.6808
    7.5996
    7.5116
    7.4272
    7.3441
    7.2564
    7.1706
    7.0878
    6.9954
    6.8936
    6.7919
    6.6888
    6.5871
    6.4793
    6.3698
    6.2621
    6.1495
    6.0336
    5.9195
    5.8003
    5.6856
    5.5694
    5.4546
    5.3367
    5.2249
    5.1112
    4.9910
    4.8760
    4.7562
    4.6397
    4.5231
    4.4066
    4.2900
    4.1687
    4.0485
    3.9218
    3.8008
    3.6748
    3.5539
    3.4437
    3.3321
    3.2174
    3.1060
    2.9929
    2.8868
    2.7825
    2.6718
    2.5726
    2.4717
    2.3688
    2.2752
    2.1903
    2.1130
    2.0335
    1.9524
    1.8692
    1.7913
    1.7144
    1.6374
    1.5654
    1.4968
    1.4361
    1.3661
    1.3041
    1.2421
    1.1784
    1.1178
    1.0523
    0.9887
    0.9348
    0.8906
    0.8463
    0.8097
    0.7719
    0.7434
    0.7115
    0.6776
    0.6498
    0.6170
    0.5938
    0.5750
    0.5552
    0.5355
    0.5177
    0.5061
    0.4946
    0.4832
    0.4777
    0.4679
    0.4624
    0.4598
    0.4585
    0.4524
    0.4462
    0.4482
    0.4531
    0.4565
    0.4584
    0.4639
    0.4631
    0.4578
    0.4572
    0.4537
    0.4535
    0.4483
    0.4460
    0.4453
    0.4430
    0.4361
    0.4278
    0.4231
    0.4137
    0.4000
    0.3848
    0.3766
    0.3715
    0.3720
    0.3658
    0.3555
    0.3417
    0.3264
    0.3077
    0.2841
    0.2712
    0.2539
    0.2395
    0.2237
    0.2047
    0.1908
    0.1706
    0.1502
    0.1315
    0.1143
    0.0940
    0.0737
    0.0458
    0.0148
   -0.0073
   -0.0321
   -0.0526
   -0.0786
   -0.1057
   -0.1330
   -0.1633
   -0.1953
   -0.2336
   -0.2847
   -0.3391
   -0.3947
   -0.4442
   -0.4978
   -0.5514
   -0.6046
   -0.6514
   -0.7011
   -0.7529
   -0.8075
   -0.8593
   -0.9113
   -0.9655
   -1.0231
   -1.0841
   -1.1453
   -1.2067
   -1.2731
   -1.3395
   -1.4075
   -1.4756
   -1.5437
   -1.6068
   -1.6638
   -1.7145
   -1.7649
   -1.8167
   -1.8749
   -1.9380
   -2.0028
   -2.0710
   -2.1378
   -2.2063
   -2.2633
   -2.3173
   -2.3744
   -2.4282
   -2.4898
   -2.5437
   -2.6022
   -2.6610
   -2.7120
   -2.7600
   -2.8018
   -2.8407
   -2.8826
   -2.9232
   -2.9585
   -2.9909
   -3.0253
   -3.0529
   -3.0925
   -3.1372
   -3.1814
   -3.2232
   -3.2665
   -3.3147
   -3.3616
   -3.4080
   -3.4560
   -3.4898
   -3.5216
   -3.5535
   -3.5887
   -3.6194
   -3.6580
   -3.6966
   -3.7432
   -3.7836
   -3.8256
   -3.8689
   -3.9123
   -3.9525
   -3.9943
   -4.0234
   -4.0525
   -4.0817
   -4.1028
   -4.1256
   -4.1481
   -4.1708
   -4.1950
   -4.2126
   -4.2274
   -4.2498
   -4.2831
   -4.3182
   -4.3518
   -4.3782
   -4.4028
   -4.4237
   -4.4461
   -4.4651
   -4.4713
   -4.4872
   -4.5046
   -4.5174
   -4.5268
   -4.5410
   -4.5648
   -4.5870
   -4.6029
   -4.6171
   -4.6392
   -4.6660
   -4.6912
   -4.7195
   -4.7527
   -4.7847
   -4.8232
   -4.8583
   -4.8886
   -4.9111
   -4.9274
   -4.9406
   -4.9555
   -4.9625
   -4.9681
   -4.9671
   -4.9632
   -4.9560
   -4.9537
   -4.9547
   -4.9478
   -4.9442
   -4.9391
   -4.9323
   -4.9208
   -4.9030
   -4.8836
   -4.8610
   -4.8353
   -4.8046
   -4.7790
   -4.7482
   -4.7226
   -4.6938
   -4.6601
   -4.6311
   -4.5938
   -4.5536
   -4.5166
   -4.4793
   -4.4440
   -4.4145
   -4.3822
   -4.3452
   -4.3049
   -4.2645
   -4.2247
   -4.1882
   -4.1504
   -4.1177
   -4.0833
   -4.0567
   -4.0253
   -3.9934
   -3.9596
   -3.9305
   -3.8930
   -3.8540
   -3.8101
   -3.7709
   -3.7330
   -3.6383
   -3.5483
   -3.4630
   -3.3634
   -3.2590
   -3.1623
   -3.0559
   -2.9433
   -2.8306
   -2.7178
   -2.6097
   -2.5047
   -2.4061
   -2.3107
   -2.2151
   -2.1229
   -2.0356
   -1.9499
   -1.8576
   -1.7686
   -1.6843
   -1.6062
   -1.5312
   -1.4578
   -1.3971
   -1.3428
   -1.2916
   -1.2499
   -1.2052
   -1.1539
