   -2.8659
   -2.8536
   -2.8482
   -2.8401
   -2.8322
   -2.8289
   -2.8291
   -2.8373
   -2.8432
   -2.8526
   -2.8552
   -2.8565
   -2.8764
   -2.8975
   -2.9252
   -2.9515
   -2.9841
   -3.0234
   -3.0559
   -3.0900
   -3.1267
   -3.1561
   -3.1860
   -3.2111
   -3.2301
   -3.2514
   -3.2714
   -3.2807
   -3.2882
   -3.2892
   -3.2907
   -3.2662
   -3.2414
   -3.2205
   -3.1922
   -3.1726
   -3.1539
   -3.1415
   -3.1302
   -3.1352
   -3.1338
   -3.1334
   -3.1310
   -3.1241
   -3.1271
   -3.1311
   -3.1394
   -3.1434
   -3.1446
   -3.1499
   -3.1539
   -3.1668
   -3.1790
   -3.1927
   -3.2051
   -3.2184
   -3.2364
   -3.2461
   -3.2509
   -3.2579
   -3.2659
   -3.2837
   -3.2979
   -3.3102
   -3.3351
   -3.3627
   -3.3928
   -3.4124
   -3.4292
   -3.4449
   -3.4583
   -3.4784
   -3.4975
   -3.5156
   -3.5422
   -3.5665
   -3.5879
   -3.6037
   -3.6144
   -3.6261
   -3.6326
   -3.6454
   -3.6580
   -3.6805
   -3.7086
   -3.7346
   -3.7601
   -3.7832
   -3.8106
   -3.8373
   -3.8696
   -3.9037
   -3.9353
   -3.9695
   -4.0044
   -4.0476
   -4.0882
   -4.1314
   -4.1754
   -4.2168
   -4.2517
   -4.2888
   -4.3208
   -4.3531
   -4.3829
   -4.4122
   -4.4403
   -4.4724
   -4.5137
   -4.5599
   -4.6067
   -4.6510
   -4.6924
   -4.7292
   -4.7612
   -4.7933
   -4.8265
   -4.8591
   -4.8944
   -4.9284
   -4.9684
   -5.0066
   -5.0405
   -5.0764
   -5.1131
   -5.1496
   -5.1849
   -5.2085
   -5.2437
   -5.2733
   -5.3034
   -5.3311
   -5.3543
   -5.3800
   -5.4058
   -5.4210
   -5.4406
   -5.4647
   -5.4859
   -5.5033
   -5.5186
   -5.5340
   -5.5428
   -5.5591
   -5.5634
   -5.5637
   -5.5622
   -5.5502
   -5.5333
   -5.5151
   -5.4917
   -5.4650
   -5.4395
   -5.4146
   -5.3916
   -5.3737
   -5.3381
   -5.2934
   -5.2542
   -5.2060
   -5.1564
   -5.1050
   -5.0558
   -5.0033
   -4.9506
   -4.8996
   -4.8399
   -4.7668
   -4.7013
   -4.6313
   -4.5552
   -4.4654
   -4.3746
   -4.2804
   -4.1923
   -4.1104
   -4.0263
   -3.9420
   -3.8526
   -3.7637
   -3.6798
   -3.5840
   -3.4911
   -3.3980
   -3.3082
   -3.2155
   -3.1205
   -3.0245
   -2.9339
   -2.8383
   -2.7511
   -2.6667
   -2.5783
   -2.5013
   -2.4273
   -2.3570
   -2.2957
   -2.2263
   -2.1546
   -2.0890
   -2.0255
   -1.9680
   -1.9150
   -1.8698
   -1.8195
   -1.7795
   -1.7437
   -1.7171
   -1.7049
   -1.6999
   -1.7033
   -1.7084
   -1.7193
   -1.7257
   -1.7245
   -1.7207
   -1.7096
   -1.7157
   -1.7267
   -1.7308
   -1.7392
   -1.7428
   -1.7472
   -1.7501
   -1.7542
   -1.7566
   -1.7639
   -1.7813
   -1.8134
   -1.8405
   -1.8673
   -1.8941
   -1.9323
   -1.9699
   -2.0124
   -2.0513
   -2.0825
   -2.1162
   -2.1556
   -2.1977
   -2.2413
   -2.2783
   -2.3176
   -2.3521
   -2.3816
   -2.4097
   -2.4357
   -2.4583
   -2.4808
   -2.4996
   -2.5147
   -2.5233
   -2.5283
   -2.5386
   -2.5394
   -2.5360
   -2.5312
   -2.5192
   -2.5098
   -2.4983
   -2.4809
   -2.4603
   -2.4393
   -2.4174
   -2.3863
   -2.3553
   -2.3163
   -2.2750
   -2.2356
   -2.1914
   -2.1558
   -2.1173
   -2.0817
   -2.0439
   -2.0059
   -1.9736
   -1.9413
   -1.9121
   -1.8816
   -1.8563
   -1.8321
   -1.8065
   -1.7881
   -1.7705
   -1.7484
   -1.7312
   -1.7129
   -1.6976
   -1.6736
   -1.6486
   -1.6160
   -1.5866
   -1.5578
   -1.5279
   -1.5013
   -1.4747
   -1.4542
   -1.4363
   -1.4209
   -1.4041
   -1.3878
   -1.3795
   -1.3711
   -1.3674
   -1.3653
   -1.3646
   -1.3604
   -1.3524
   -1.3449
   -1.3329
   -1.3212
   -1.3071
   -1.2947
   -1.2805
   -1.2650
   -1.2517
   -1.2383
   -1.2223
   -1.2066
   -1.1963
   -1.1885
   -1.1838
   -1.1823
   -1.1846
   -1.2047
   -1.2114
   -1.2050
   -1.1730
   -1.1449
   -1.1119
   -1.0733
   -1.0227
   -0.9689
   -0.9111
   -0.8530
   -0.7981
   -0.7428
   -0.6873
   -0.6316
   -0.5780
   -0.5237
   -0.4677
   -0.4162
   -0.3652
   -0.3163
   -0.2755
   -0.2348
   -0.2011
   -0.1626
   -0.1368
   -0.1118
   -0.0937
   -0.0726
   -0.0527
   -0.0332
   -0.0139
    0.0047
    0.0221
    0.0384
    0.0504
    0.0655
    0.0811
    0.1030
    0.1256
    0.1477
    0.1698
    0.1879
    0.2005
    0.2040
    0.2033
    0.1981
    0.1867
    0.1705
    0.1502
    0.1264
    0.1000
    0.0759
    0.0515
    0.0265
   -0.0000
   -0.0278
   -0.0563
   -0.0863
   -0.1152
   -0.1377
   -0.1381
   -0.1511
   -0.1741
   -0.2224
   -0.2662
   -0.3091
   -0.3550
   -0.4037
   -0.4521
   -0.5079
   -0.5675
   -0.6307
   -0.6989
   -0.7670
   -0.8357
   -0.9028
   -0.9720
   -1.0380
   -1.0986
   -1.1555
   -1.2086
   -1.2552
   -1.3023
   -1.3475
   -1.3943
   -1.4334
   -1.4728
   -1.5051
   -1.5372
   -1.5658
   -1.5916
   -1.6181
   -1.6450
   -1.6709
   -1.6968
   -1.7205
   -1.7427
   -1.7590
   -1.7746
   -1.7901
   -1.8044
   -1.8225
   -1.8424
   -1.8643
   -1.8849
   -1.9049
   -1.9233
   -1.9384
   -1.9547
   -1.9688
   -1.9871
   -2.0115
   -2.0404
   -2.0720
   -2.1009
   -2.1249
   -2.1400
   -2.1518
   -2.1573
   -2.1595
   -2.1596
   -2.1573
   -2.1528
   -2.1523
   -2.1509
   -2.1526
   -2.1572
   -2.1650
   -2.1715
   -2.1796
   -2.1822
   -2.1815
   -2.1782
   -2.1712
   -2.1687
   -2.1598
   -2.1461
   -2.1273
   -2.1092
   -2.0929
   -2.0829
   -2.0783
   -2.0767
   -2.0783
   -2.0816
   -2.0874
   -2.0975
   -2.1108
   -2.1297
   -2.1540
   -2.1802
   -2.2049
   -2.2257
   -2.2399
   -2.2508
   -2.2591
   -2.2697
   -2.2888
   -2.3141
   -2.3443
   -2.3806
   -2.4193
   -2.4577
   -2.4943
   -2.5311
   -2.5648
   -2.5993
   -2.6327
   -2.6662
   -2.6998
   -2.7315
   -2.7554
   -2.7747
   -2.7864
   -2.7908
   -2.7949
   -2.7965
   -2.8030
   -2.8106
   -2.8216
   -2.8378
   -2.8555
   -2.8748
   -2.8994
   -2.9173
   -2.9399
   -2.9569
   -2.9720
   -2.9879
   -3.0055
   -3.0251
   -3.0509
   -3.0771
   -3.0984
   -3.1194
   -3.1334
   -3.1450
   -3.1681
   -3.1776
   -3.1843
   -3.1835
   -3.1662
   -3.1447
   -3.1124
   -3.0719
   -3.0233
   -2.9685
   -2.9088
   -2.8469
   -2.7858
   -2.7171
   -2.6500
   -2.5843
   -2.5252
   -2.4746
   -2.4281
   -2.3832
   -2.3360
   -2.2823
   -2.2261
   -2.1675
   -2.1074
   -2.0432
   -1.9750
   -1.9040
   -1.8262
   -1.7459
   -1.6631
   -1.5852
   -1.5062
   -1.4242
   -1.3456
   -1.2762
   -1.2033
   -1.1350
   -1.0715
   -1.0105
   -0.9542
   -0.9001
   -0.8435
   -0.7881
   -0.7344
   -0.6812
   -0.6223
   -0.5695
   -0.5197
   -0.4701
   -0.4167
   -0.3625
   -0.3028
   -0.2428
   -0.1766
   -0.1020
   -0.0250
    0.0494
    0.1272
    0.2046
    0.2727
    0.3443
    0.4022
    0.4550
    0.5022
    0.5308
    0.5589
    0.5780
    0.5940
    0.6010
    0.6038
    0.6147
    0.6241
    0.6373
    0.6418
    0.6455
    0.6459
    0.6504
    0.6589
    0.6703
    0.6842
    0.6988
    0.7019
    0.7023
    0.7019
    0.7078
    0.7115
    0.7183
    0.7226
    0.7259
    0.7233
    0.7246
    0.7328
    0.7355
    0.7395
    0.7437
    0.7519
    0.7564
    0.7573
    0.7587
    0.7607
    0.7602
    0.7602
    0.7519
    0.7459
    0.7398
    0.7331
    0.7167
    0.7013
    0.6898
    0.6801
    0.6669
    0.6503
    0.6332
    0.6147
    0.5913
    0.5624
    0.5373
    0.5111
    0.4814
    0.4473
    0.4134
    0.3840
    0.3507
    0.3185
    0.2851
    0.2541
    0.2192
    0.1821
    0.1400
    0.1025
    0.0677
    0.0201
   -0.0226
   -0.0633
   -0.0990
   -0.1279
   -0.1563
   -0.1860
   -0.2207
   -0.2525
   -0.2910
   -0.3270
   -0.3547
   -0.3749
   -0.3873
   -0.4003
   -0.4194
   -0.4471
   -0.4692
   -0.4930
   -0.5168
   -0.5433
   -0.5740
   -0.5975
   -0.6261
   -0.6549
   -0.6856
   -0.7106
   -0.7317
   -0.7562
   -0.7794
   -0.7957
   -0.8096
   -0.8163
   -0.8321
   -0.8389
   -0.8437
   -0.8539
   -0.8545
   -0.8609
   -0.8734
   -0.8949
   -0.9131
   -0.9344
   -0.9522
   -0.9754
   -0.9939
   -1.0161
   -1.0415
   -1.0672
   -1.0895
   -1.1101
   -1.1311
   -1.1515
   -1.1710
   -1.1934
   -1.2099
   -1.2224
   -1.2287
   -1.2234
   -1.2171
   -1.2147
   -1.2086
   -1.2040
   -1.2076
   -1.2094
   -1.2146
   -1.2209
   -1.2220
   -1.2221
   -1.2190
   -1.2135
   -1.2015
   -1.1962
   -1.1955
   -1.2001
   -1.2014
   -1.1967
   -1.1826
   -1.1831
   -1.1845
   -1.1820
   -1.1907
   -1.1912
   -1.1990
   -1.2008
   -1.2027
   -1.1922
   -1.1829
   -1.1674
   -1.1513
   -1.1423
   -1.1442
   -1.1524
   -1.1597
   -1.1593
   -1.1686
   -1.1796
   -1.1854
   -1.1998
   -1.2144
   -1.2232
   -1.2181
   -1.2202
   -1.2275
   -1.2318
   -1.2287
   -1.2275
   -1.2296
   -1.2316
   -1.2301
   -1.2368
   -1.2435
   -1.2499
   -1.2600
   -1.2762
   -1.2876
   -1.3023
   -1.3218
   -1.3507
   -1.3839
   -1.4219
   -1.4586
   -1.5034
   -1.5371
   -1.5567
   -1.5844
   -1.6195
   -1.6405
   -1.6682
   -1.6960
   -1.7377
   -1.7792
   -1.8356
   -1.8882
   -1.9480
   -2.0094
   -2.0652
   -2.0943
   -2.1172
   -2.1306
   -2.1469
   -2.1686
   -2.1952
   -2.2219
   -2.2458
   -2.2626
   -2.2851
   -2.3093
   -2.3339
   -2.3692
   -2.3986
   -2.4223
   -2.4385
   -2.4530
   -2.4693
   -2.4809
   -2.4872
   -2.4945
   -2.4971
   -2.4940
   -2.4875
   -2.4786
   -2.4748
   -2.4625
   -2.4431
   -2.4263
   -2.4068
   -2.3875
   -2.3618
   -2.3318
   -2.3027
   -2.2650
   -2.2267
   -2.1868
   -2.1410
   -2.0897
   -2.0410
   -1.9920
   -1.9381
   -1.8792
   -1.8212
   -1.7586
   -1.6929
   -1.6192
   -1.5565
   -1.5018
   -1.4415
   -1.3747
   -1.3194
   -1.2613
   -1.2007
   -1.1309
   -1.0581
   -0.9788
   -0.8940
   -0.8015
   -0.7056
   -0.6184
   -0.5570
   -0.5047
   -0.4514
   -0.3943
   -0.3323
   -0.2554
   -0.1852
   -0.1135
   -0.0546
    0.0142
    0.0766
    0.1460
    0.2207
    0.2922
    0.3723
    0.4469
    0.5312
    0.6184
    0.7099
    0.8022
    0.9030
    1.0062
    1.1134
    1.2265
    1.3405
    1.4572
    1.5782
    1.6965
    1.8164
    1.9362
    2.0631
    2.1868
    2.3147
    2.4422
    2.5721
    2.7020
    2.8295
    2.9593
    3.0842
    3.2072
    3.3286
    3.4503
    3.5813
    3.7122
    3.8478
    3.9845
    4.1306
    4.2803
    4.4385
    4.6011
    4.7639
    4.9319
    5.0975
    5.2668
    5.4331
    5.5957
    5.7659
    5.9355
    6.1048
    6.2780
    6.4495
    6.6260
    6.8022
    6.9788
    7.1580
    7.3346
    7.5160
    7.6998
    7.8848
    8.0754
    8.2617
    8.4504
    8.6297
    8.8134
    8.9969
    9.1718
    9.3497
    9.5213
    9.6993
    9.8658
   10.0293
   10.1891
   10.3482
   10.4967
   10.6409
   10.7790
   10.9110
   11.0441
   11.1753
   11.2987
   11.4213
   11.5350
   11.6476
   11.7588
   11.8706
   11.9781
   12.0857
   12.1962
   12.3087
   12.4198
   12.5395
   12.6591
   12.7823
   12.8937
   13.0009
   13.1055
   13.2168
   13.3198
   13.4195
   13.5114
   13.5966
   13.6804
   13.7643
   13.8509
   13.9350
   14.0194
   14.1082
   14.1876
   14.2684
   14.3446
   14.4108
   14.4696
   14.5261
   14.5721
   14.6192
   14.6596
   14.7016
   14.7385
   14.7736
   14.8108
   14.8396
   14.8713
   14.9033
   14.9339
   14.9630
   14.9949
   15.0341
   15.0767
   15.1215
   15.1573
   15.1965
   15.2376
   15.2738
   15.3120
   15.3549
   15.3899
   15.4381
   15.4771
   15.5122
   15.5455
   15.5870
   15.6196
   15.6555
   15.6859
   15.7152
   15.7409
   15.7664
   15.7855
   15.8085
   15.8252
   15.8484
   15.8600
   15.8795
   15.8880
   15.9061
   15.9262
   15.9411
   15.9497
   15.9571
   15.9653
   15.9708
   15.9798
   15.9843
   15.9841
   15.9794
   15.9803
   15.9842
   15.9847
   15.9831
   15.9787
   15.9794
   15.9852
   15.9903
   15.9912
   15.9988
   16.0037
   16.0171
   16.0295
   16.0432
   16.0562
   16.0675
   16.0876
   16.1097
   16.1362
   16.1655
   16.1880
   16.2039
   16.2135
   16.2241
   16.2421
   16.2670
   16.2872
   16.3076
   16.3264
   16.3392
   16.3562
   16.3750
   16.3792
   16.3920
   16.3993
   16.4188
   16.4432
   16.4844
   16.5248
   16.5682
   16.6095
   16.6520
   16.6875
   16.7334
   16.7693
   16.8063
   16.8458
   16.8850
   16.9196
   16.9675
   17.0083
   17.0491
   17.0840
   17.1145
   17.1441
   17.1728
   17.2043
   17.2292
   17.2631
   17.2883
   17.3156
   17.3352
   17.3564
   17.3841
   17.4149
   17.4427
   17.4783
   17.5113
   17.5524
   17.5961
   17.6440
   17.6884
   17.7312
   17.7745
   17.8175
   17.8588
   17.9046
   17.9463
   17.9842
   18.0127
   18.0461
   18.0818
   18.1219
   18.1546
   18.1863
   18.2047
   18.2153
   18.2343
   18.2475
   18.2599
   18.2733
   18.2804
   18.2851
   18.2971
   18.3171
   18.3384
   18.3551
   18.3598
   18.3580
   18.3559
   18.3500
   18.3418
   18.3349
   18.3323
   18.3265
   18.3217
   18.3206
   18.3074
   18.3004
   18.2858
   18.2629
   18.2344
   18.2049
   18.1801
   18.1604
   18.1378
   18.1108
   18.0826
   18.0534
   18.0171
   17.9859
   17.9581
   17.9379
   17.9083
   17.8774
   17.8453
   17.8215
   17.7901
   17.7576
   17.7157
   17.6697
   17.6203
   17.5767
   17.5274
   17.4804
   17.4276
   17.3732
   17.3116
   17.2468
   17.1795
   17.1121
   17.0281
   16.9451
   16.8615
   16.7717
   16.6867
   16.6017
   16.5208
   16.4311
   16.3373
   16.2428
   16.1335
   16.0255
   15.9260
   15.8262
   15.7157
   15.5978
   15.4811
   15.3642
   15.2376
   15.1218
   15.0053
   14.8890
   14.7681
   14.6476
   14.5173
   14.3948
   14.2715
   14.1571
   14.0406
   13.9287
   13.8234
   13.7241
   13.6254
   13.5258
   13.4281
   13.3430
   13.2609
   13.1710
   13.0866
   13.0051
   12.9254
   12.8460
   12.7630
   12.6770
   12.5858
   12.4963
   12.3989
   12.3012
   12.1987
   12.1055
   12.0122
   11.9195
   11.8272
   11.7436
   11.6630
   11.5873
   11.5083
   11.4252
   11.3355
   11.2439
   11.1480
   11.0593
   10.9740
   10.8986
   10.8469
   10.7941
   10.7561
   10.7144
   10.6765
   10.6379
   10.5905
   10.5525
   10.5085
   10.4495
   10.3848
   10.3080
   10.2331
   10.1531
   10.0757
   10.0003
    9.9049
    9.8195
    9.7261
    9.6342
    9.5424
    9.4664
    9.3858
    9.3009
    9.2158
    9.1279
    9.0283
    8.9230
    8.8115
    8.6989
    8.5850
    8.4591
    8.3272
    8.1921
    8.0599
    7.9226
    7.7815
    7.6378
    7.4903
    7.3458
    7.2026
    7.0594
    6.9086
    6.7612
    6.6117
    6.4638
    6.3223
    6.1839
    6.0559
    5.9259
    5.7863
    5.6406
    5.4863
    5.3422
    5.2022
    5.0679
    4.9292
    4.7877
    4.6461
    4.5007
    4.3484
    4.1827
    4.0137
    3.8343
    3.6536
    3.4760
    3.3039
    3.1349
    2.9736
    2.8278
    2.6976
    2.5696
    2.4574
    2.3505
    2.2433
    2.1372
    2.0357
    1.9521
    1.8653
    1.7944
    1.7338
    1.6683
    1.5921
    1.5115
    1.4313
    1.3521
    1.2801
    1.2254
    1.1671
    1.1121
    1.0600
    1.0112
    0.9707
    0.9229
    0.8794
    0.8415
    0.8076
    0.7811
    0.7537
    0.7312
    0.7031
    0.6872
    0.6674
    0.6545
    0.6449
    0.6357
    0.6331
    0.6230
    0.6091
    0.5887
    0.5678
    0.5416
    0.5166
    0.4933
    0.4570
    0.4169
    0.3794
    0.3512
    0.3297
    0.3053
    0.2791
    0.2467
    0.2146
    0.1737
    0.1334
    0.0910
    0.0420
   -0.0084
   -0.0517
   -0.0924
   -0.1488
   -0.2096
   -0.2711
   -0.3370
   -0.4062
   -0.4717
   -0.5361
   -0.6017
   -0.6773
   -0.7535
   -0.8363
   -0.9258
   -1.0002
   -1.0747
   -1.1363
   -1.2008
   -1.2652
   -1.3275
   -1.3961
   -1.4593
   -1.5154
   -1.5737
   -1.6288
   -1.6883
   -1.7393
   -1.7947
   -1.8511
   -1.9074
   -1.9699
   -2.0148
   -2.0624
   -2.1047
   -2.1542
   -2.1983
   -2.2400
   -2.2884
   -2.3373
   -2.3845
   -2.4355
   -2.4826
   -2.5330
   -2.5854
   -2.6296
   -2.6748
   -2.7163
   -2.7518
   -2.7823
   -2.8106
   -2.8561
   -2.8977
   -2.9288
   -2.9577
   -2.9772
   -2.9909
   -2.9958
   -3.0013
   -2.9946
   -2.9873
   -2.9799
   -2.9720
   -2.9734
   -2.9599
   -2.9485
   -2.9278
   -2.9011
   -2.8732
   -2.8460
   -2.8232
   -2.7943
   -2.7632
   -2.7343
   -2.7021
   -2.6661
   -2.6378
   -2.6084
   -2.5950
   -2.5750
   -2.5588
