28056.1660
28056.2656
28055.8828
28055.9395
28055.5820
28055.7539
28056.5371
28056.6934
28057.3613
28057.6445
28058.5137
28058.5273
28058.8398
28058.9395
28058.9355
28058.6816
28058.6660
28058.5098
28058.5820
28058.2949
28058.2266
28057.8848
28057.8691
28057.6289
28057.7441
28057.5293
28057.6133
28057.6152
28057.7012
28057.7012
28058.1113
28057.9551
28058.0391
28058.2930
28058.0527
28058.2070
28058.0938
28057.8672
28057.3711
28056.8457
28056.5508
28056.4512
28055.9551
28056.0703
28056.0410
28056.1406
28056.0859
28056.3965
28056.4668
28056.6758
28057.1016
28057.0332
28057.3281
28057.1016
28057.3574
28057.6543
28057.8926
28057.9238
28058.6992
28058.3496
28058.0098
28058.0410
28058.2793
28057.9688
28058.2090
28058.1250
28058.2637
28058.1250
28058.0547
28058.0254
28058.2402
28058.0957
28058.0098
28058.1113
28058.0254
28057.8691
28057.9961
28058.2246
28058.0566
28057.9668
28058.4512
28057.8262
28057.8809
28057.5410
28057.7656
28057.4258
28057.4551
28056.9316
28057.0000
28056.7617
28056.9160
28056.8477
28056.8008
28057.0879
28056.9707
28056.8262
28057.3047
28057.6055
28058.0840
28057.8613
28058.2441
28058.7559
28058.9707
28059.2148
28059.2441
28059.5156
28060.0391
28060.6074
28061.0176
28060.8789
28060.4082
28060.9336
28060.9180
28060.9473
28060.5469
28060.3086
28060.1543
28059.8398
28060.0391
28059.7246
28059.9395
28059.6152
28059.5996
28059.2520
28059.0215
28058.5293
28058.5137
28057.9434
28057.6055
28057.1367
28057.0801
28056.6113
28056.4570
28056.5273
28056.6660
28056.8125
28056.7910
28056.9434
28057.0000
28056.7988
28057.0234
28056.8359
28056.8223
28056.8770
28057.0078
28056.8145
28056.9531
28057.0234
28057.0156
28056.6602
28056.7539
28056.5391
28056.6836
28056.4922
28056.5391
28056.8770
28056.7754
28056.6758
28056.8008
28057.1523
28056.6836
28056.8848
28057.1523
28057.3008
28057.5840
28057.8164
28058.0840
28057.9688
28058.3691
28058.5996
28058.3691
28058.3613
28058.9082
28058.4238
28058.4297
28058.4609
28058.5996
28058.4219
28058.6914
28058.6602
28058.8125
28058.9375
28059.1055
28059.6113
28059.7969
28059.8652
28060.1191
28060.1738
28060.2422
28060.4102
28060.4258
28060.3105
28060.3242
28060.0566
28060.2207
28060.1406
28059.9863
28060.1094
28060.0098
28059.9551
28060.1094
28060.1387
28059.9922
28060.3281
28060.0918
28060.3125
28059.8438
28060.0879
28059.8594
28059.9141
28059.7500
28059.5820
28059.5273
28059.2734
28059.4746
28059.4512
28059.3301
28059.7617
28059.8066
28060.3750
28060.6367
28060.5684
28060.9531
28060.8535
28060.7852
28060.6992
28060.6309
28060.5840
28060.4688
28060.1152
28060.1211
28059.8379
28059.7520
28059.9043
28059.8418
28060.0098
28059.7266
28059.9258
28059.8418
28059.7734
28059.8203
28059.9043
28060.0547
28059.9023
28059.9551
28059.8398
28059.8555
28059.9395
28059.8926
28059.7930
28059.9922
28059.9238
28059.8555
28059.8750
28059.8223
28059.7910
28059.8750
28059.7070
28059.5762
28059.8262
28059.5957
28059.6074
28059.8008
28059.6992
28059.6367
28059.5879
28059.7109
28059.5781
28059.3457
28059.4141
28059.2988
28059.2812
28059.2656
28059.4180
28059.3691
28059.5703
28059.9062
28059.9219
28060.0527
28059.9531
28059.8672
28059.7988
28059.9688
28059.7148
28060.0000
28059.9824
28060.2812
28060.3965
28060.7500
28060.8320
28061.1016
28061.3008
28061.5000
28061.7676
28061.6484
28061.8457
28061.7949
28061.8574
28061.8418
28061.9727
28062.0898
28062.2402
28062.2559
28062.1875
28062.0879
28062.2031
28061.9180
28061.7344
28061.7344
28061.4648
28061.2461
28061.1445
28060.9453
28061.0918
28060.8613
28060.6914
28060.6914
28060.6230
28060.5918
28060.4746
28060.4062
28060.3066
28060.1055
28060.1211
28059.9863
28059.9707
28059.9863
28060.2012
28060.2852
28060.2852
28060.4688
28060.3164
28060.2168
28060.0156
28059.9492
28059.8633
28059.8145
28059.8672
28060.0020
28059.9863
28059.9863
28059.9375
28059.9375
28059.9375
28059.9355
28059.6348
28059.4355
28059.6191
28059.7207
28059.6719
28059.5176
28059.1660
28058.8477
28058.5957
28058.5117
28058.6621
28058.6621
28058.8301
28058.9297
28058.8633
28058.9609
28059.3125
28059.5957
28059.7969
28059.8789
28059.9121
28059.7441
28059.7246
28059.6074
28059.4258
28059.3398
28059.2715
28059.0566
28059.2070
28059.2246
28059.5605
28059.7949
28059.9297
28060.1660
28059.9961
28060.2148
28060.0312
28060.2500
28060.2168
28060.1504
28059.9668
28059.7148
28059.4316
28059.1973
28058.8281
28058.4766
28058.0938
28057.8574
28057.5234
28057.4395
28057.3887
28057.3398
28057.5215
28057.5547
28057.5547
28057.6855
28057.6016
28057.6699
28057.7871
28057.8027
28057.8184
28057.8184
28057.8340
28057.8340
28057.9668
28058.1504
28058.2324
28058.1816
28058.1816
28058.2812
28058.2812
28058.4141
28058.3809
28058.3125
28058.2285
28058.2285
28058.5469
28058.4629
28058.6797
28058.8320
28059.0645
28058.5469
28059.1328
28059.0312
28059.6836
28059.9004
28059.5156
28059.5996
28059.5664
28059.5488
28059.6484
28059.7148
28059.7148
28059.4473
28059.6133
28059.8652
28059.4297
28060.0293
28060.5645
28060.5625
28061.0801
28060.8301
28061.1797
28061.2949
28061.2617
28061.1113
28061.2109
28061.1426
28061.1934
28061.4590
28061.5586
28062.0098
28061.7598
28061.8418
28061.8574
28061.5898
28061.6406
28061.6719
28061.6562
28061.9883
28061.7559
28061.8379
28061.9707
28061.6699
28061.5371
28061.5703
28061.3184
28061.3359
28061.2676
28061.1191
28061.0664
28061.0996
28061.2012
28061.3828
28061.4824
28061.5000
28061.4004
28061.3320
28061.1484
28061.1152
28060.6641
28060.4980
28060.1484
28060.1133
28059.5488
28059.3965
28059.0645
28059.0645
28058.9629
28058.9629
28058.8145
28058.7969
28059.1973
28059.3789
28059.5469
28059.7129
28059.7949
28059.9609
28060.2109
28060.2441
28060.3438
28060.4609
28060.8770
28060.8926
28061.0918
28061.5078
28061.6758
28061.8066
28061.9238
28061.7402
28061.6738
28061.5059
28061.4395
28061.5059
28061.4395
28061.4570
28061.4238
28061.3242
28061.2383
28061.2715
28061.4395
28061.4219
28061.3906
28061.2051
28061.2051
28061.2051
28061.1738
28061.1895
28061.2578
28061.4219
28061.3203
28061.4219
28061.4375
28061.5215
28061.5859
28061.5859
28061.4863
28061.4531
28061.3359
28061.2344
28061.1562
28061.1855
28061.1016
28060.8691
28060.7207
28060.6367
28060.4531
28060.3711
28060.1699
28060.2695
28060.1699
28060.0879
28059.9199
28059.7539
28059.5215
28059.1895
28058.9414
28058.6738
28058.5918
28058.6738
28058.8926
28058.9746
28058.8926
28058.9746
28059.0566
28059.1406
28059.0566
28059.0059
28059.0215
28059.0391
28058.9219
28059.0391
28058.8574
28059.0391
28059.0566
28059.0391
28058.9395
28058.8887
28058.8711
28058.8047
28058.6211
28058.6035
28058.6211
28058.6035
28058.6680
28058.5527
28058.6660
28058.5820
28058.5312
28058.5137
28058.4785
28058.4102
28058.2109
28057.9941
28057.8750
28057.8242
28057.7754
28057.8398
28057.8926
28057.7090
28057.8789
28057.7617
28057.7949
28057.7305
28057.7812
28057.7852
28057.8008
28057.8359
28057.9043
28057.9707
28058.0859
28057.9863
28058.0527
28058.0176
28058.2168
28058.4004
28058.8477
28059.1797
28059.2793
28060.0586
28060.0410
28060.5547
28060.6699
28060.8535
28060.4570
28060.1094
28059.5762
28059.0332
28058.4375
28058.6367
28058.6191
28058.7715
28058.8535
28058.4883
28058.7695
28058.3262
28058.6445
28058.7793
28058.8477
28058.8008
28059.0000
28059.2344
28059.1211
28058.9395
28058.9082
28058.7480
28058.5820
28058.5000
28058.6328
28058.6523
28058.6855
28058.6680
28059.2656
28059.3652
28058.9688
28058.8223
28059.0215
28058.8398
28058.8574
28058.6914
28058.6914
28058.4453
28058.7578
28058.6758
28058.7754
28058.8184
28059.1152
28059.2852
28059.4609
28059.7148
28059.6445
28059.9082
28059.8613
28059.9258
28059.9922
28059.8574
28059.9570
28059.6270
28059.2793
28058.9961
28058.5840
28058.4023
28058.2285
28058.1680
28058.1680
28058.2344
28057.8516
28058.0996
28057.8926
28058.0234
28057.9062
28058.0703
28058.0996
28058.1094
28057.9941
28057.8828
28057.6074
28057.4121
28057.4121
28057.1953
28057.1289
28057.1113
28057.1816
28057.0176
28056.9531
28056.6172
28056.7520
28056.9121
28056.7520
28056.5879
28056.6055
28056.4355
28056.8008
28056.6172
28056.6348
28056.6699
28056.5879
28056.5410
28056.6992
28056.4707
28056.4531
28056.4531
28056.6992
28056.5352
28056.7344
28056.7344
28056.7168
28056.7168
28056.8652
28056.8008
28056.9590
28056.6172
28056.5996
28056.5820
28056.4238
28056.3359
28056.6523
28056.2520
28056.2051
28056.3184
28056.0254
28056.2598
28055.8652
28055.9648
28055.7852
28056.0312
28056.1133
28055.9473
28055.8848
28055.8496
28056.1680
28056.3320
28056.2598
28056.3770
28056.3184
28056.5527
28056.5527
28056.7109
28056.5645
28056.7109
28056.8398
28057.3965
28057.3613
28057.6172
28057.8008
28057.8477
28057.9102
28057.9844
28058.2676
28058.0684
28058.1953
28058.4062
28058.4160
28058.1699
28058.1152
28057.8398
28058.0801
28058.0879
28058.1328
28058.5957
28058.3145
28058.2598
28058.4316
28058.3320
28058.4590
28058.5879
28058.8164
28058.5508
28058.7344
28058.9062
28059.0625
28059.0078
28058.8242
28059.0879
28058.6602
28058.7695
28058.9043
28059.0703
28058.8398
28058.9219
28058.6152
28058.7773
28059.0332
28059.3066
28059.0234
28059.3320
28058.9688
28059.4961
28059.0840
28059.1953
28059.2305
28059.2305
28059.4297
28059.3301
28059.4473
28059.5293
28059.4648
28059.6816
28059.5449
28059.6445
28059.7285
28059.3711
28060.6191
28059.7812
28060.0605
28060.1797
28060.0781
28060.4238
28060.1777
28060.6230
28060.3320
28060.4766
28060.5957
28060.7773
28060.8594
28061.3574
28061.0762
28061.4219
28061.5840
28061.7031
28061.8203
28061.8828
28062.1465
28062.2461
28062.4629
28062.4004
28062.4004
28062.5625
28062.3359
28062.3164
28062.5352
28062.5703
28062.8262
28062.8164
28062.8066
28062.9512
28063.0137
28063.0312
28063.2773
28063.2598
28063.2773
28063.4570
28063.6582
28063.6582
28063.6758
28063.4648
28064.0195
28063.9551
28064.0371
28064.2363
28064.3184
28064.5352
28064.6172
28064.8535
28065.1797
28065.2715
28065.5508
28065.7520
28065.3770
28065.6230
28066.1309
28065.8027
28066.1660
28066.1211
28066.3027
28066.4023
28066.6016
28066.8008
28066.9180
28067.0195
28067.4355
28067.4531
28067.5176
28067.9805
28067.8711
28068.0176
28068.0801
28068.3223
28068.4863
28068.3691
28068.9121
28068.6484
28068.6836
28068.8672
28069.1289
28069.1914
28069.3281
28069.3105
28069.5352
28069.6328
28069.8887
28069.9258
28070.2246
28070.3809
28070.1797
28070.7598
28070.9609
28070.9238
28071.1230
28071.0039
28071.1836
28071.1836
28071.3652
28071.3828
28071.2188
28071.5273
28071.8633
28071.7441
28071.9688
28072.1895
28072.5508
28072.6953
28072.6055
28072.4414
28072.7051
28072.7852
28072.9922
28072.7656
28072.6016
28072.7402
28073.1016
28073.3457
28073.4453
28073.3262
28073.4434
28073.3984
28073.6875
28074.1680
28073.8242
28074.2676
28073.8164
28074.0859
28073.9590
28073.9395
28074.0566
28074.0117
28073.8027
28074.0020
28074.2832
28074.3945
28074.3477
28074.6250
28074.2520
28074.1211
28074.3887
28074.3418
28074.8633
28074.5684
28074.4395
28074.8691
28074.9785
28075.0898
28075.2852
28074.9785
28075.0117
28074.8613
28074.8887
28074.9121
28074.2871
28074.4805
28074.0117
28074.5996
28073.8828
28073.8359
28074.0996
28073.7930
28073.6504
28073.9863
28074.0117
28074.5156
28074.6172
28074.7227
28074.6406
28074.6699
28074.9902
28075.1055
28074.8770
28075.2871
28075.6895
28076.0645
28076.4199
28076.7480
28077.0762
28077.3672
28077.6445
28077.8789
28078.1133
28078.3223
28078.5176
28078.6699
28078.8047
28078.9434
28079.0527
28079.1406
28079.1875
28079.2402
28079.2344
28079.2480
28079.2324
28079.1582
28079.1152
28079.0137
28078.9141
28078.7910
28078.6230
28078.4590
28078.2715
28078.0527
28077.8262
28077.5684
28077.2910
28077.3672
28077.5234
28077.5977
28077.5898
28077.5020
28077.6543
28077.7148
28077.8105
28077.6289
28077.3984
28077.4414
28077.1797
28077.4844
28077.1602
28077.3027
28076.6602
28076.8164
28076.6113
28076.4121
28076.3691
28076.2109
28076.3164
28076.6152
28076.4727
28076.6973
28076.8008
28077.0371
28077.2812
28077.0996
28077.4043
28077.2832
28077.7461
28077.7500
28077.7676
28077.9316
28077.5684
28077.7109
28077.8535
28077.8145
28077.8379
28077.9570
28077.6523
28077.4902
28077.4473
28077.6895
28077.3281
28077.5273
28077.3691
28077.4688
28077.5684
28077.4102
28077.8105
28077.3535
28077.6914
28077.6094
28077.4863
28077.5898
28077.8320
28077.6504
28077.6504
28077.8301
28077.6504
28077.9707
28078.1562
28078.0156
28078.3418
28078.3359
28078.6367
28078.9023
28078.7969
28078.6230
28078.6758
28078.7188
28078.7754
28078.9980
28079.2227
28079.0391
28079.2812
28079.4648
28079.2617
28079.8301
28079.8066
28079.8047
28079.8672
28079.6641
28079.8652
28079.7617
28079.8828
28079.8438
28079.8633
28079.6836
28079.8438
28079.9062
28079.8613
28079.7832
28079.5410
28079.6602
28079.8398
28079.9023
28079.7578
28079.7383
28079.8770
28079.5957
28079.3730
28079.6152
28079.3750
28079.6758
28078.9941
28079.0527
28079.0938
28078.9922
28078.8301
28078.8105
28078.8906
28078.7891
28078.4863
28078.1836
28077.8438
28078.0234
28077.9238
28077.6641
28077.7812
28077.7598
28077.7812
28077.6562
28077.7383
28077.4766
28077.5176
28077.4375
28077.3965
28077.3379
28077.1777
28077.6387
28077.4980
28077.4551
28077.3164
28077.2969
28077.2969
28077.3340
28076.8711
28076.4316
28076.2910
28075.9863
28075.6641
28075.2832
28074.9199
28074.6621
28074.4570
28074.0957
28073.9355
28073.4746
28073.4746
28073.4141
28073.2520
28073.3320
28073.0703
28073.1523
28072.7285
28072.6699
28072.5684
28072.4102
28071.9453
28071.8652
28071.7852
28071.4844
28071.3223
28071.0410
28070.9199
28071.0605
28070.7617
28070.6816
28070.6191
28070.3789
28070.2363
28070.3184
28070.2598
28070.1367
28069.8965
28069.9160
28069.9355
28069.9434
28069.8965
28069.8770
28069.7539
28069.8574
28069.6133
28069.7559
28069.7168
28069.6348
28069.7363
28069.3359
28069.7754
28069.1133
28069.0918
28069.1328
28068.9941
28069.1328
28069.1328
28069.0137
28068.9141
28068.6523
28068.8926
28068.7324
28068.7129
28068.5918
28068.6934
28068.7520
28068.6719
28068.6934
28068.8125
28068.7520
28069.2539
28069.1934
28069.4141
28069.6328
28069.9336
28070.0742
28069.9746
28069.7148
28069.6523
28069.3105
28069.1504
28068.8301
28068.8496
28068.3281
28068.3887
28068.7891
28068.3086
28068.4297
28068.7480
28068.9883
28068.9883
28069.4082
28069.5293
28069.5684
28069.8477
28069.5273
28069.8281
28069.2480
28069.6465
28069.3867
28069.1055
28069.1445
28069.0254
28068.7637
28068.7852
28068.7441
28068.7852
28069.0039
28068.7246
28068.7637
28068.7422
28068.3828
28068.3223
28068.0820
28068.1016
28068.0605
28068.0605
28067.7988
28068.0195
28068.0801
28068.3789
28068.1387
28068.0391
28068.6582
28068.5371
28068.4980
28068.4375
28068.4375
28068.7773
28069.0762
28069.2363
28069.0957
28069.2344
28069.2148
28069.1738
28069.4551
28069.3945
28069.3926
28069.2520
28069.2520
28069.2324
28069.3301
28069.2500
28069.1309
28069.3496
28069.0898
28069.4492
28069.5684
28069.7480
28069.4883
28069.7070
28070.0039
28069.9648
28069.8652
28069.8438
28070.0234
28070.1641
28070.1035
28069.9805
28069.7637
28069.3223
28068.8027
28068.0449
28067.6445
28067.5234
28067.5430
28067.6855
28067.4844
28067.5039
28067.4434
28067.5820
28067.8809
28068.0215
28067.9395
28067.6621
28067.7402
28067.3398
28067.4609
28067.4395
28067.3418
28067.3809
28067.3613
28067.0215
28067.0820
28066.8223
28066.9023
28067.1211
28067.4395
28067.5586
28067.6172
28067.6973
28067.5566
28067.5371
28067.2988
28067.2578
28067.2969
28067.3945
28067.0957
28067.0352
28067.0547
28067.1543
28066.9746
28067.2734
28067.1523
28067.2520
28067.4102
28067.3496
28067.2480
28067.5293
28067.3281
28067.4668
28067.1875
28067.4453
28067.3848
28067.4258
28067.4238
28067.5059
28067.3828
28067.4238
28067.4824
28067.3242
28067.0645
28067.2227
28067.0645
28067.1230
28066.7852
28066.8242
28066.9238
28066.8438
28066.8848
28066.7832
28066.8809
28066.8418
28066.9805
28066.9395
28066.6797
28066.7559
28066.4180
28066.5566
28066.4570
28066.3535
28066.1543
28066.2715
28066.0508
28066.2305
28066.2891
28066.1875
28065.9883
28066.2070
28066.2480
28066.2266
28066.1855
28066.1074
28066.0273
28066.0215
28066.0469
28066.2871
28066.2461
28066.2871
28066.2656
28066.2480
28066.3457
28065.9688
