   -0.8615
   -0.7258
   -0.5873
   -0.4498
   -0.3084
   -0.1592
   -0.0129
    0.1401
    0.2972
    0.4584
    0.6234
    0.7913
    0.9567
    1.1305
    1.3004
    1.4741
    1.6461
    1.8130
    1.9710
    2.1269
    2.2888
    2.4516
    2.6171
    2.7864
    2.9514
    3.1162
    3.2832
    3.4512
    3.6145
    3.7830
    3.9543
    3.9373
    3.9262
    3.9266
    3.9301
    3.9387
    3.9458
    3.9545
    3.9584
    3.9662
    3.9677
    3.9607
    3.9468
    3.9324
    3.9177
    3.8964
    3.8760
    3.8556
    3.8430
    3.8350
    3.8262
    3.8213
    3.8171
    3.8138
    3.8205
    3.8333
    3.8397
    3.8518
    3.8610
    3.8724
    3.8899
    3.8997
    3.9207
    3.9365
    3.9558
    3.9762
    4.0024
    4.0228
    4.0382
    4.0549
    4.0660
    4.0847
    4.0940
    4.1066
    4.1100
    4.1205
    4.1262
    4.1263
    4.1208
    4.1173
    4.1138
    4.1048
    4.0978
    4.0869
    4.0817
    4.0742
    4.0626
    4.0424
    4.0090
    3.9722
    3.9197
    3.8650
    3.8027
    3.7379
    3.6705
    3.6073
    3.5438
    3.4862
    3.4300
    3.3818
    3.3347
    3.2876
    3.2366
    3.1918
    3.1506
    3.1135
    3.0803
    3.0440
    3.0094
    2.9651
    2.9267
    2.8898
    2.8516
    2.8159
    2.7861
    2.7488
    2.7128
    2.6810
    2.6434
    2.6049
    2.5674
    2.5319
    2.5006
    2.4672
    2.4355
    2.3983
    2.3607
    2.3204
    2.2783
    2.2408
    2.2015
    2.1684
    2.1243
    2.0900
    2.0506
    2.0140
    1.9739
    1.9353
    1.8990
    1.8719
    1.8443
    1.8160
    1.7918
    1.7682
    1.7511
    1.7251
    1.7058
    1.6914
    1.6862
    1.6885
    1.6949
    1.7172
    1.7370
    1.7683
    1.7998
    1.8299
    1.8515
    1.8743
    1.8905
    1.9048
    1.9183
    1.9314
    1.9413
    1.9563
    1.9742
    1.9848
    2.0000
    2.0140
    2.0292
    2.0441
    2.0610
    2.0725
    2.0852
    2.0950
    2.1052
    2.1133
    2.1218
    2.1288
    2.1283
    2.1341
    2.1423
    2.1499
    2.1543
    2.1602
    2.1639
    2.1633
    2.1687
    2.1688
    2.1690
    2.1678
    2.1694
    2.1715
    2.1786
    2.1865
    2.1914
    2.1963
    2.2010
    2.2035
    2.2099
    2.2017
    2.1413
    2.0751
    2.0126
    1.9519
    1.8886
    1.8278
    1.7683
    1.7105
    1.6535
    1.5942
    1.5352
    1.4759
    1.4111
    1.3496
    1.2840
    1.2200
    1.1558
    1.0949
    1.0296
    0.9677
    0.9054
    0.8400
    0.7779
    0.7162
    0.6586
    0.5924
    0.5321
    0.4591
    0.3908
    0.3198
    0.2508
    0.1806
    0.1124
    0.0414
   -0.0325
   -0.1060
   -0.1800
   -0.2569
   -0.3385
   -0.4133
   -0.4943
   -0.5755
   -0.6633
   -0.7472
   -0.8349
   -0.9233
   -1.0106
   -1.1089
   -1.2029
   -1.2998
   -1.3927
   -1.4875
   -1.5810
   -1.6744
   -1.7622
   -1.8522
   -1.9424
   -2.0250
   -2.1105
   -2.1969
   -2.2656
   -2.2881
   -2.2984
   -2.3192
   -2.3354
   -2.3496
   -2.3686
   -2.3880
   -2.4050
   -2.4214
   -2.4319
   -2.4472
   -2.4541
   -2.4590
   -2.4654
   -2.4710
   -2.4789
   -2.4851
   -2.4985
   -2.5081
   -2.5222
   -2.5367
   -2.5522
   -2.5725
   -2.5929
   -2.6132
   -2.6286
   -2.6466
   -2.6544
   -2.6696
   -2.6820
   -2.6917
   -2.7025
   -2.7090
   -2.7167
   -2.7214
   -2.7263
   -2.7286
   -2.7301
   -2.7311
   -2.7355
   -2.7376
   -2.7412
   -2.7392
   -2.7384
   -2.7346
   -2.7299
   -2.7206
   -2.6985
   -2.6789
   -2.6512
   -2.6230
   -2.5969
   -2.5687
   -2.5416
   -2.5172
   -2.4925
   -2.4637
   -2.4420
   -2.4187
   -2.4038
   -2.3891
   -2.3758
   -2.3719
   -2.3622
   -2.3603
   -2.3538
   -2.3474
   -2.3376
   -2.3334
   -2.3314
   -2.3333
   -2.3357
   -2.3477
   -2.3595
   -2.3727
   -2.3856
   -2.4008
   -2.4205
   -2.4371
   -2.4595
   -2.4832
   -2.5051
   -2.5275
   -2.5512
   -2.5780
   -2.6095
   -2.6416
   -2.6705
   -2.7035
   -2.7352
   -2.7644
   -2.7961
   -2.8282
   -2.8663
   -2.9004
   -2.9337
   -2.9670
   -3.0041
   -3.0416
   -3.0788
   -3.1112
   -3.1430
   -3.1747
   -3.2066
   -3.2403
   -3.2724
   -3.3055
   -3.3417
   -3.3828
   -3.4208
   -3.4654
   -3.5070
   -3.5507
   -3.5967
   -3.6450
   -3.6951
   -3.7529
   -3.8153
   -3.8803
   -3.9397
   -3.9939
   -4.0440
   -4.0822
   -4.1177
   -4.1487
   -4.1525
   -4.1739
   -4.1856
   -4.1947
   -4.2147
   -4.2191
   -4.2274
   -4.2262
   -4.2213
   -4.2191
   -4.2112
   -4.2001
   -4.1852
   -4.1704
   -4.1479
   -4.1232
   -4.0971
   -4.0755
   -4.0499
   -4.0203
   -3.9889
   -3.9622
   -3.9310
   -3.9014
   -3.8696
   -3.8368
   -3.8036
   -3.7715
   -3.7322
   -3.6933
   -3.6516
   -3.6102
   -3.5675
   -3.5217
   -3.4676
   -3.4124
   -3.3656
   -3.3175
   -3.2758
   -3.2284
   -3.1826
   -3.1421
   -3.1006
   -3.0583
   -3.0072
   -2.9651
   -2.9129
   -2.8662
   -2.8106
   -2.7644
   -2.7186
   -2.6655
   -2.6104
   -2.5528
   -2.4933
   -2.4365
   -2.3829
   -2.3351
   -2.2959
   -2.2626
   -2.2288
   -2.2327
   -2.2130
   -2.2089
   -2.2018
   -2.1838
   -2.1806
   -2.1705
   -2.1691
   -2.1630
   -2.1516
   -2.1466
   -2.1395
   -2.1323
   -2.1300
   -2.1247
   -2.1203
   -2.1144
   -2.1085
   -2.1044
   -2.0979
   -2.0909
   -2.0792
   -2.0661
   -2.0615
   -2.0576
   -2.0500
   -2.0501
   -2.0469
   -2.0502
   -2.0504
   -2.0535
   -2.0624
   -2.0650
   -2.0730
   -2.0755
   -2.0835
   -2.0846
   -2.0878
   -2.0815
   -2.0764
   -2.0647
   -2.0532
   -2.0381
   -2.0206
   -2.0121
   -1.9987
   -1.9885
   -1.9791
   -1.9770
   -1.9708
   -1.9665
   -1.9691
   -1.9690
   -1.9746
   -1.9819
   -1.9910
   -1.9944
   -1.9969
   -2.0043
   -2.0010
   -1.9995
   -1.9846
   -1.9833
   -1.9681
   -1.9627
   -1.9547
   -1.9475
   -1.9448
   -1.9337
   -1.9251
   -1.9154
   -1.9045
   -1.8982
   -1.8921
   -1.8785
   -1.8749
   -1.8752
   -1.8728
   -1.8626
   -1.8465
   -1.8396
   -1.8292
   -1.8114
   -1.8036
   -1.7824
   -1.7628
   -1.7488
   -1.7306
   -1.7208
   -1.7091
   -1.6999
   -1.6960
   -1.6891
   -1.6907
   -1.6892
   -1.7007
   -1.7037
   -1.7107
   -1.7187
   -1.7246
   -1.7327
   -1.7423
   -1.7500
   -1.7627
   -1.7821
   -1.7990
   -1.8142
   -1.8346
   -1.8497
   -1.8656
   -1.8739
   -1.8783
   -1.8841
   -1.8886
   -1.8859
   -1.8793
   -1.8726
   -1.8707
   -1.8672
   -1.8582
   -1.8568
   -1.8538
   -1.8537
   -1.8487
   -1.8509
   -1.8538
   -1.8548
   -1.8574
   -1.8526
   -1.8558
   -1.8587
   -1.8684
   -1.8765
   -1.8828
   -1.8913
   -1.9017
   -1.9097
   -1.9097
   -1.9159
   -1.9235
   -1.9353
   -1.9451
   -1.9543
   -1.9664
   -1.9773
   -1.9880
   -2.0000
   -2.0056
   -2.0124
   -2.0137
   -2.0153
   -2.0137
   -2.0106
   -2.0093
   -2.0053
   -2.0016
   -1.9979
   -1.9982
   -1.9990
   -1.9940
   -1.9999
   -2.0019
   -2.0066
   -2.0018
   -2.0002
   -1.9894
   -1.9818
   -1.9711
   -1.9602
   -1.9453
   -1.9305
   -1.9148
   -1.9026
   -1.8816
   -1.8628
   -1.8558
   -1.8471
   -1.8410
   -1.8353
   -1.8304
   -1.8287
   -1.8309
   -1.8332
   -1.8348
   -1.8385
   -1.8403
   -1.8394
   -1.8413
   -1.8366
   -1.8367
   -1.8372
   -1.8308
   -1.8438
   -1.8546
   -1.8602
   -1.8649
   -1.8635
   -1.8596
   -1.8584
   -1.8521
   -1.8525
   -1.8508
   -1.8481
   -1.8470
   -1.8521
   -1.8513
   -1.8538
   -1.8505
   -1.8508
   -1.8485
   -1.8430
   -1.8368
   -1.8314
   -1.8211
   -1.8110
   -1.7973
   -1.7871
   -1.7780
   -1.7597
   -1.7440
   -1.7299
   -1.7135
   -1.7025
   -1.6873
   -1.6828
   -1.6721
   -1.6643
   -1.6549
   -1.6424
   -1.6342
   -1.6248
   -1.6193
   -1.6182
   -1.6160
   -1.6241
   -1.6309
   -1.6279
   -1.6261
   -1.6207
   -1.6078
   -1.6004
   -1.5920
   -1.5762
   -1.5606
   -1.5399
   -1.5218
   -1.4999
   -1.4744
   -1.4464
   -1.4260
   -1.4034
   -1.3758
   -1.3564
   -1.3149
   -1.2769
   -1.2420
   -1.2089
   -1.1809
   -1.1526
   -1.1215
   -1.0920
   -1.0558
   -1.0234
   -0.9927
   -0.9585
   -0.9208
   -0.8839
   -0.8447
   -0.8052
   -0.7652
   -0.7221
   -0.6829
   -0.6429
   -0.6055
   -0.5666
   -0.5164
   -0.4708
   -0.4219
   -0.3693
   -0.3256
   -0.2784
   -0.2362
   -0.1944
   -0.1479
   -0.1064
   -0.0623
   -0.0217
    0.0154
    0.0566
    0.0932
    0.1338
    0.1644
    0.2042
    0.2426
    0.2832
    0.3278
    0.3726
    0.4162
    0.4545
    0.4986
    0.5370
    0.5788
    0.6213
    0.6634
    0.7056
    0.7477
    0.7892
    0.8275
    0.8650
    0.8965
    0.9452
    1.0369
    1.1420
    1.2606
    1.3791
    1.4980
    1.6095
    1.7234
    1.8320
    1.9355
    2.0345
    2.1324
    2.2324
    2.3292
    2.4235
    2.5100
    2.5952
    2.6837
    2.7682
    2.8461
    2.9283
    3.0031
    3.0777
    3.1509
    3.2240
    3.2966
    3.3586
    3.4265
    3.4962
    3.5648
    3.6368
    3.7169
    3.8046
    3.8963
    3.9868
    4.0839
    4.1794
    4.2745
    4.3716
    4.4646
    4.5535
    4.6430
    4.7351
    4.8253
    4.9205
    5.0124
    5.1027
    5.1886
    5.2752
    5.3570
    5.4310
    5.5108
    5.5887
    5.6764
    5.7568
    5.8424
    5.9249
    6.0083
    6.0892
    6.1742
    6.2603
    6.3385
    6.3703
    6.3925
    6.4066
    6.4192
    6.4292
    6.4391
    6.4501
    6.4735
    6.4909
    6.5026
    6.5184
    6.5311
    6.5509
    6.5749
    6.6048
    6.6323
    6.6637
    6.6981
    6.7416
    6.7808
    6.8341
    6.8818
    6.9334
    6.9860
    7.0411
    7.1044
    7.1662
    7.2222
    7.2858
    7.3505
    7.4062
    7.4631
    7.5225
    7.5852
    7.6452
    7.7086
    7.7755
    7.8447
    7.9043
    7.9682
    8.0287
    8.0893
    8.1459
    8.2028
    8.2653
    8.3293
    8.3978
    8.4679
    8.5523
    8.6375
    8.7195
    8.8097
    8.8871
    8.9768
    9.0608
    9.1491
    9.2397
    9.3248
    9.4047
    9.4860
    9.5657
    9.6439
    9.7236
    9.7958
    9.8738
    9.9612
   10.0553
   10.1526
   10.2468
   10.3485
   10.4610
   10.5681
   10.6777
   10.7883
   10.8980
   11.0079
   11.1261
   11.2404
   11.3510
   11.4666
   11.5842
   11.6975
   11.8143
   11.9279
   12.0448
   12.1569
   12.2607
   12.3529
   12.4442
   12.5284
   12.6087
   12.6961
   12.7815
   12.8720
   12.9711
   13.0769
   13.1878
   13.3033
   13.4145
   13.5375
   13.6648
   13.7975
   13.9370
   14.0840
   14.2281
   14.3717
   14.5140
   14.6602
   14.7999
   14.9276
   15.0587
   15.1790
   15.2959
   15.4074
   15.4766
   15.5266
   15.5682
   15.5865
   15.6155
   15.6411
   15.6567
   15.6713
   15.6866
   15.7014
   15.7302
   15.7638
   15.7958
   15.8251
   15.8545
   15.8768
   15.9117
   15.9406
   15.9712
   16.0074
   16.0412
   16.0772
   16.1042
   16.1222
   16.1272
   16.1393
   16.1351
   16.1321
   16.1228
   16.1091
   16.0978
   16.0849
   16.0709
   16.0512
   16.0442
   16.0355
   16.0282
   16.0216
   16.0121
   15.9967
   15.9780
   15.9405
   15.8941
   15.8393
   15.7873
   15.7354
   15.6836
   15.6162
   15.5552
   15.4913
   15.4208
   15.3482
   15.2786
   15.2074
   15.1288
   15.0524
   14.9797
   14.9090
   14.8464
   14.7817
   14.7241
   14.6864
   14.6600
   14.6329
   14.6240
   14.6030
   14.5766
   14.5592
   14.5364
   14.5126
   14.4844
   14.4387
   14.3789
   14.3177
   14.2573
   14.1894
   14.1258
   14.0523
   13.9869
   13.9184
   13.8502
   13.7752
   13.7047
   13.6374
   13.5766
   13.5240
   13.4688
   13.4217
   13.3681
   13.3156
   13.2701
   13.2215
   13.1711
   13.1242
   13.0923
   13.0601
   13.0338
   12.9975
   12.9558
   12.9080
   12.8582
   12.8017
   12.7459
   12.6901
   12.6397
   12.5838
   12.5371
   12.4863
   12.4479
   12.4110
   12.3679
   12.3272
   12.2920
   12.2489
   12.2121
   12.1770
   12.1364
   12.1103
   12.0718
   12.0408
   12.0104
   11.9808
   11.9750
   11.9661
   11.9690
   11.9755
   11.9899
   12.0098
   12.0233
   12.0352
   12.0629
   12.0915
   12.1231
   12.1661
   12.2058
   12.2447
   12.2880
   12.3255
   12.3614
   12.3948
   12.4314
   12.4623
   12.5015
   12.5388
   12.5752
   12.6047
   12.6217
   12.6264
   12.6269
   12.6299
   12.6253
   12.6167
   12.6057
   12.6036
   12.5908
   12.5707
   12.5523
   12.5288
   12.5078
   12.4828
   12.4647
   12.4516
   12.4433
   12.4285
   12.4179
   12.4065
   12.3918
   12.3696
   12.3506
   12.3327
   12.3023
   12.2775
   12.2545
   12.2255
   12.1940
   12.1439
   12.1035
   12.0728
   12.0332
   12.0069
   11.9733
   11.9381
   11.9046
   11.8630
   11.8296
   11.7852
   11.7406
   11.6971
   11.6603
   11.6293
   11.5974
   11.5457
   11.4850
   11.4249
   11.3590
   11.2932
   11.2264
   11.1523
   11.0807
   11.0051
   10.9305
   10.8584
   10.7780
   10.6936
   10.6051
   10.5242
   10.4453
   10.3797
   10.3264
   10.2791
   10.2315
   10.1915
   10.1517
   10.1135
   10.0698
   10.0319
    9.9980
    9.9576
    9.9280
    9.9009
    9.8846
    9.8731
    9.8545
    9.8416
    9.8296
    9.8242
    9.8149
    9.8063
    9.8048
    9.7992
    9.7836
    9.7679
    9.7538
    9.7380
    9.7205
    9.7066
    9.7121
    9.7162
    9.7164
    9.7090
    9.6973
    9.6649
    9.6257
    9.5789
    9.5247
    9.4648
    9.4057
    9.3450
    9.2843
    9.2179
    9.1532
    9.1009
    9.0577
    9.0255
    8.9915
    8.9535
    8.9104
    8.8583
    8.8128
    8.7739
    8.7425
    8.7044
    8.6631
    8.6274
    8.6015
    8.5806
    8.5598
    8.5456
    8.5312
    8.5054
    8.4688
    8.4258
    8.3740
    8.3197
    8.2645
    8.2068
    8.1465
    8.0722
    8.0036
    7.9312
    7.8710
    7.8159
    7.7517
    7.6784
    7.5895
    7.5080
    7.4142
    7.3137
    7.2026
    7.0841
    6.9591
    6.8366
    6.7134
    6.5821
    6.4458
    6.3162
    6.1824
    6.0453
    5.9023
    5.7676
    5.6379
    5.5049
    5.3893
    5.2770
    5.1730
    5.0690
    4.9722
    4.8755
    4.7763
    4.6796
    4.5819
    4.4775
    4.3699
    4.2581
    4.1444
    4.0391
    3.9330
    3.8360
    3.7497
    3.6742
    3.5921
    3.5090
    3.4236
    3.3372
    3.2443
    3.1424
    3.0413
    2.9310
    2.8109
    2.6917
    2.5848
    2.4812
    2.3877
    2.3043
    2.2308
    2.1538
    2.0720
    1.9968
    1.9355
    1.8693
    1.8005
    1.7184
    1.6322
    1.5461
    1.4765
    1.4134
    1.3489
    1.2916
    1.2353
    1.1879
    1.1506
    1.1257
    1.0991
    1.0683
    1.0351
    1.0043
    0.9661
    0.9345
    0.8997
    0.8648
    0.8307
    0.7975
    0.7634
    0.7310
    0.6969
    0.6677
    0.6459
    0.6292
    0.6124
    0.6005
    0.5763
    0.5620
    0.5552
    0.5416
    0.5290
    0.5131
    0.4939
    0.4820
    0.4635
    0.4385
    0.3962
    0.3563
    0.3140
    0.2766
    0.2393
    0.2012
    0.1581
    0.1059
    0.0554
    0.0090
   -0.0359
   -0.0897
   -0.1394
   -0.1949
   -0.2560
   -0.3188
   -0.3848
   -0.4508
   -0.5192
   -0.5885
   -0.6561
   -0.7238
   -0.7857
   -0.8467
   -0.9087
   -0.9772
   -1.0423
   -1.1075
   -1.1760
   -1.2453
   -1.3195
   -1.4094
   -1.5043
   -1.5919
   -1.6752
   -1.7512
   -1.8288
   -1.8990
   -1.9758
   -2.0485
   -2.1227
   -2.2019
   -2.2819
   -2.3611
   -2.4403
   -2.5119
   -2.5894
   -2.6750
   -2.7737
   -2.8699
   -2.9678
   -3.0558
   -3.1504
   -3.2499
   -3.3461
   -3.4455
   -3.5401
   -3.6387
   -3.7389
   -3.8317
   -3.9262
   -4.0108
   -4.0945
   -4.1824
   -4.2694
   -4.3499
   -4.4222
   -4.4904
   -4.5519
   -4.6110
   -4.6701
   -4.7439
   -4.8046
   -4.8702
   -4.9367
   -5.0053
   -5.0791
   -5.1414
   -5.1946
   -5.2503
   -5.3076
   -5.3658
   -5.4189
   -5.4680
   -5.5114
   -5.5489
   -5.5856
   -5.6257
   -5.6665
   -5.7131
   -5.7515
   -5.7849
   -5.8142
   -5.8377
   -5.8620
   -5.8839
   -5.9082
   -5.7497
   -5.5971
   -5.4470
   -5.3012
   -5.1563
   -5.0124
   -4.8718
   -4.7281
   -4.5878
   -4.4395
   -4.2839
   -4.1194
   -3.9500
   -3.7857
   -3.6175
   -3.4502
   -3.2863
   -3.1184
   -2.9597
   -2.7970
   -2.6369
   -2.4794
   -2.3287
   -2.1853
   -2.0397
   -1.8926
   -1.7489
   -1.5979
   -1.4504
   -1.3144
