28049.0879
28048.6328
28048.2305
28048.1426
28048.0840
28048.1973
28048.1094
28048.1484
28047.9180
28048.4473
28048.7070
28048.7637
28048.6758
28048.4746
28048.6445
28048.6719
28048.4590
28048.6113
28048.1953
28048.1523
28048.2227
28047.8789
28047.7324
28047.4473
28047.2051
28047.4316
28047.3438
28047.4297
28047.2441
28046.7441
28046.9609
28046.5723
28046.7148
28046.6562
28046.7422
28046.4707
28046.7285
28046.8145
28046.7422
28046.8203
28046.7656
28047.2070
28047.2227
28047.6328
28047.4199
28047.7188
28047.7754
28047.7617
28047.6934
28047.6094
28047.6836
28047.6113
28047.5391
28047.4980
28047.3242
28047.2129
28047.1406
28047.3848
28047.0996
28047.4531
28047.5410
28047.5098
28047.6094
28047.9082
28047.9785
28048.1230
28047.9980
28047.8730
28047.6133
28047.6133
28047.7832
28047.5977
28047.3516
28047.1387
28047.0332
28046.7617
28046.8594
28046.6895
28047.2168
28047.0176
28046.9434
28047.2031
28047.0273
28046.8125
28047.1719
28047.2031
28047.2109
28047.3145
28047.2852
28047.3652
28047.2773
28046.9824
28047.2109
28047.0156
28047.0176
28047.2188
28047.1816
28047.2051
28046.9922
28047.0742
28046.6855
28047.1426
28046.9297
28047.1465
28046.8105
28047.1211
28047.1621
28046.8906
28046.5898
28046.8418
28046.7578
28046.5469
28046.8340
28046.3984
28046.6855
28046.3848
28046.0430
28045.2109
28044.6172
28044.0938
28043.2969
28043.1621
28042.6191
28042.5488
28042.8125
28043.1953
28043.3945
28043.8164
28043.9277
28044.0859
28044.1973
28044.4082
28043.9961
28044.0664
28044.1348
28044.1230
28044.1758
28044.1582
28044.0859
28044.0566
28044.2676
28044.2148
28044.4961
28044.3125
28044.4707
28044.3594
28044.5879
28044.6855
28044.5977
28044.4980
28044.6484
28044.6074
28044.7598
28044.7656
28044.8457
28044.5645
28044.8145
28044.7441
28044.6270
28044.7656
28044.6758
28044.6348
28044.5566
28044.9043
28044.9141
28044.8340
28044.9023
28045.0020
28044.8184
28045.1289
28045.2578
28045.1465
28045.2051
28045.3047
28045.4043
28045.2031
28045.3027
28045.3008
28045.3535
28045.2715
28045.1523
28045.4102
28045.2383
28045.4395
28045.4082
28045.4785
28045.2773
28045.4551
28045.4766
28045.4062
28045.5352
28045.5234
28045.5742
28045.5020
28045.6914
28045.3301
28045.6699
28045.6113
28045.5684
28045.4160
28045.5684
28045.3555
28045.4570
28045.4863
28045.3848
28045.4941
28045.3320
28045.5000
28045.0898
28045.3594
28045.3887
28045.3770
28045.1758
28045.3457
28045.3047
28045.0742
28045.2031
28045.0723
28045.0020
28044.6914
28045.0820
28045.0117
28045.2402
28045.0195
28045.2480
28045.2578
28045.1367
28045.1152
28045.2324
28044.1914
28040.3086
28040.0664
28040.2773
28040.4766
28040.3672
28040.6348
28040.4551
28040.6543
28040.6836
28040.4746
28040.4746
28040.2734
28040.2422
28040.2734
28040.2422
28040.2715
28040.3008
28040.3008
28040.3008
28040.3906
28040.3711
28040.3008
28040.4883
28040.4492
28040.6074
28040.3496
28040.3574
28039.9785
28040.1387
28040.0586
28040.0879
28040.0488
28040.0176
28040.0371
28039.9473
28039.9688
28039.9902
28039.8086
28039.7090
28039.7480
28039.6973
28039.6445
28039.3652
28039.3555
28039.3340
28039.2637
28039.1445
28038.6934
28038.8340
28038.6445
28038.7324
28038.9434
28038.8125
28039.0820
28039.1504
28039.2910
28039.1797
28039.5703
28039.2598
28039.4395
28039.5898
28039.4473
28039.8984
28039.4766
28039.8984
28039.9277
28039.9375
28039.8066
28040.0957
28040.1152
28040.2754
28039.9766
28040.3145
28040.2949
28040.2246
28040.2246
28040.1250
28040.2539
28039.8633
28040.1816
28040.0508
28039.9512
28039.7715
28039.6621
28039.6211
28039.8203
28039.8203
28039.6602
28039.8301
28039.6875
28039.6875
28039.9277
28039.9453
28040.2246
28040.0938
28040.1250
28040.0645
28040.1836
28039.9727
28039.7949
28039.6230
28039.6641
28039.5527
28039.6016
28039.6113
28039.7109
28039.7109
28039.8105
28040.0801
28040.0488
28040.3184
28040.3574
28040.3477
28040.4375
28040.5977
28040.5879
28040.6387
28040.7988
28040.7988
28040.5898
28040.3984
28040.4668
28040.3066
28040.3164
28040.2246
28040.2637
28040.5137
28040.4844
28040.5938
28040.5918
28040.5215
28040.4902
28040.2402
28040.0566
28040.0781
28039.9863
28040.0645
28039.8730
28039.8223
28039.5918
28039.5391
28039.4258
28039.4668
28039.3340
28039.2031
28039.0430
28038.9805
28039.0293
28039.0293
28038.9668
28038.8066
28038.9766
28039.0449
28038.9824
28038.8125
28038.8730
28038.9727
28038.9121
28038.8809
28038.7188
28038.6562
28038.7480
28038.7773
28038.7070
28038.6758
28038.5449
28038.7051
28038.6348
28038.5742
28038.5430
28038.6738
28038.5039
28038.7012
28038.6016
28038.6016
28038.6699
28038.5215
28038.1914
28038.1680
28037.9590
28038.0820
28038.0234
28038.4004
28038.6094
28038.6621
28038.7520
28039.8496
28039.3223
28039.6484
28039.7598
28039.2168
28039.8750
28039.6914
28039.9219
28039.8906
28039.8691
28040.1055
28040.3848
28040.3457
28040.2539
28040.3672
28040.4043
28040.3125
28040.1680
28040.2676
28040.3691
28040.3457
28040.0625
28040.2539
28040.1914
28040.1836
28040.1289
28040.2520
28040.3359
28040.6680
28040.4199
28040.6895
28040.7109
28040.8340
28040.9668
28041.3438
28041.1875
28040.9414
28041.1582
28040.7266
28041.0664
28040.8340
28040.7793
28040.8203
28040.7871
28041.2480
28040.8477
28041.3555
28041.2637
28041.6934
28041.2480
28041.3633
28041.6465
28041.5703
28041.6777
28041.6855
28041.7617
28041.5469
28041.5527
28041.5527
28041.3984
28041.4414
28040.8906
28041.3105
28041.1113
28041.3086
28041.3086
28041.2695
28041.3223
28041.1758
28041.3672
28041.5195
28041.4375
28041.7285
28041.7266
28041.3340
28041.7715
28041.7402
28041.7090
28041.5645
28041.5234
28041.7168
28041.6855
28041.6230
28041.8379
28041.3984
28041.3594
28041.4199
28041.2344
28041.2812
28041.2871
28041.3262
28041.3496
28041.2012
28041.4082
28041.3242
28041.7539
28041.5449
28041.5762
28041.5371
28041.5898
28041.7832
28041.9121
28041.8203
28041.9727
28042.0352
28041.9648
28041.8652
28042.1719
28042.0488
28042.0488
28041.8691
28041.8066
28041.7754
28041.7441
28041.4824
28041.3887
28041.2871
28041.4414
28041.4785
28041.2168
28041.4941
28041.6016
28041.7246
28041.6309
28042.0234
28041.8984
28042.0684
28041.9980
28041.8672
28042.0586
28042.1191
28042.3809
28042.2812
28042.3496
28042.3633
28042.3867
28042.1855
28041.9609
28041.9395
28042.1387
28042.5078
28042.0938
28042.2988
28042.5078
28042.2852
28042.4824
28042.3828
28042.1523
28042.2344
28041.9414
28042.1602
28042.0293
28041.8359
28041.8496
28041.6406
28041.7168
28041.5859
28041.7910
28041.5527
28041.4453
28041.7520
28041.8887
28041.9570
28041.9492
28041.8945
28041.4785
28041.5801
28041.5781
28041.5078
28041.6016
28041.5312
28041.6621
28041.7539
28041.6992
28041.6914
28041.7832
28041.8848
28041.7832
28041.7129
28041.8125
28041.8438
28041.8125
28042.0176
28042.0547
28042.2617
28042.2617
28041.9102
28042.2539
28042.0840
28042.4570
28042.1895
28042.3262
28042.1484
28042.1113
28042.3555
28042.2246
28042.1602
28042.0527
28042.2539
28041.9824
28042.1582
28042.2207
28042.0566
28042.2559
28042.3438
28042.1953
28042.3418
28042.2910
28042.3848
28042.2832
28042.2832
28042.3887
28042.4199
28042.2871
28042.0879
28042.1602
28042.1230
28041.9922
28042.0020
28041.8086
28042.0703
28041.6699
28041.9258
28041.7871
28042.3555
28042.0117
28042.2422
28042.1406
28042.2656
28042.3086
28042.5586
28042.4531
28042.6875
28042.5078
28042.9727
28042.8438
28042.3926
28042.5918
28042.2871
28042.3340
28042.4023
28042.2324
28042.0430
28042.2109
28042.2422
28042.2871
28042.4102
28042.2656
28042.3281
28042.5977
28042.4414
28042.2520
28042.6719
28041.6738
28041.6562
28042.0801
28042.0176
28042.1309
28042.2305
28042.1875
28042.2930
28041.9922
28042.0742
28042.0156
28042.1172
28041.9512
28042.1211
28042.1562
28042.2461
28042.2559
28042.3613
28042.4863
28042.6230
28042.6230
28042.7891
28042.5156
28042.8633
28042.5879
28042.5410
28042.9297
28042.5293
28042.6914
28042.3867
28042.3848
28042.5898
28042.4531
28042.6641
28042.8047
28042.8398
28043.0918
28042.7559
28043.2227
28042.9219
28042.8164
28042.8164
28042.6582
28042.5469
28042.7305
28042.7129
28042.7188
28043.0078
28042.8184
28042.7539
28042.7676
28042.8262
28043.2305
28042.9824
28043.3145
28043.4805
28043.7500
28043.4395
28043.6426
28043.7539
28043.7109
28043.7402
28043.7148
28044.0137
28043.7773
28043.8184
28043.7285
28044.0020
28043.9707
28044.1426
28044.1055
28043.9473
28044.2832
28044.1660
28044.3047
28044.3984
28044.5977
28044.5293
28044.7598
28044.7266
28044.8965
28044.6895
28044.8477
28045.2754
28045.0957
28045.0586
28045.0957
28044.9883
28044.8242
28044.7246
28044.4980
28044.7246
28044.5566
28044.6602
28044.5605
28044.3906
28044.7305
28044.7578
28044.6523
28044.4844
28044.7520
28044.6562
28044.7148
28044.7148
28044.7500
28044.7188
28044.4805
28044.8906
28044.8848
28044.9297
28044.8262
28044.9570
28045.1230
28045.4199
28045.2500
28045.3809
28045.5176
28045.3457
28046.3633
28050.0117
28051.0645
28052.3359
28052.2949
28052.1895
28051.9844
28051.8789
28051.4746
28051.2734
28051.1309
28050.9219
28051.1797
28050.8809
28050.5527
28050.2754
28050.1680
28050.4688
28050.4395
28050.2031
28050.4395
28050.2383
28050.1328
28050.2734
28050.0684
28050.2676
28050.0977
28050.3262
28050.4258
28050.3555
28050.4512
28050.7500
28051.1895
28051.2305
28051.5020
28051.8047
28051.8066
28051.8906
28051.6387
28051.7090
28051.4707
28051.3613
28051.3945
28051.4180
28051.6582
28051.5176
28051.4160
28051.0410
28051.0762
28050.5020
28050.3340
28050.6992
28050.4961
28050.9922
28050.7285
28051.3027
28051.4707
28051.4414
28051.3691
28051.7363
28051.7754
28052.1055
28052.0371
28052.3047
28052.7793
28052.6758
28052.3301
28052.1270
28052.1621
28052.5977
28051.8496
28051.4141
28051.4004
28051.4688
28051.5918
28051.5684
28051.6582
28051.4590
28051.9551
28051.9473
28052.2793
28052.1758
28052.9121
28052.5137
28052.8105
28052.7109
28053.1152
28053.4824
28053.6465
28053.3770
28053.8125
28054.1191
28053.9219
28054.2461
28054.3809
28054.8867
28054.9512
28055.2246
28055.2539
28055.3887
28054.6777
28054.7051
28054.3984
28054.3984
28054.2617
28054.2832
28054.7656
28054.7285
28054.7988
28054.8984
28055.3379
28055.2363
28055.4004
28055.7344
28055.5723
28056.1113
28056.3535
28056.8926
28056.9258
28056.5586
28056.5176
28056.5488
28056.7812
28056.7207
28056.9805
28056.9141
28057.2500
28057.6172
28057.9180
28058.0840
28058.4238
28058.1816
28058.4844
28058.2832
28058.4844
28058.7812
28058.6875
28058.8867
28059.2227
28059.5918
28059.5645
28060.2305
28060.4043
28060.8047
28060.7422
28060.8789
28061.0469
28061.1504
28060.9805
28060.3398
28059.9688
28059.7559
28059.8984
28059.9590
28060.4688
28060.9375
28062.2598
28062.9238
28063.4727
28063.9785
28063.8457
28063.9766
28064.3789
28064.6895
28065.1934
28065.5957
28065.6289
28065.8613
28065.8652
28066.1328
28065.8652
28065.3203
28065.4199
28064.9160
28064.9805
28064.2012
28061.4668
28059.9395
28059.7695
28058.2617
28058.5254
28058.2168
28057.5430
28057.6387
28057.5371
28057.9414
28058.7441
28059.3438
28059.6445
28059.6387
28059.8047
28059.4980
28060.0957
28059.9941
28059.8594
28060.3223
28060.5234
28060.3848
28060.0859
28059.8887
28059.4570
28059.7930
28059.4941
28059.5566
28059.6250
28059.1914
28059.4258
28059.4941
28059.4238
28058.8516
28059.2598
28058.7539
28058.8906
28059.0645
28059.1328
28059.2383
28059.4727
28059.3066
28059.2383
28059.3789
28059.8066
28059.7422
28059.9082
28059.3438
28059.9121
28060.0391
28060.0410
28060.0801
28060.4082
28060.2773
28060.0762
28059.8379
28059.7402
28060.1465
28060.1113
28060.2500
28060.2188
28059.2500
28058.8125
28058.6094
28058.3066
28057.9434
28057.4766
28057.4062
28057.3086
28057.0352
28056.9980
28056.5605
28056.2578
28056.4922
28056.6250
28056.2520
28056.2520
28056.2129
28056.5781
28056.3809
28056.9824
28056.7148
28057.0176
28056.8828
28057.0840
28057.1504
28057.2148
28057.3828
28057.1133
28057.2246
28057.1797
28057.2812
28057.1797
28057.4805
28057.9141
28058.1816
28058.1484
28057.5117
28057.1074
28056.5332
28056.2969
28056.0273
28055.7910
28055.6895
28055.9883
28056.2910
28056.8281
28056.8281
28056.9961
28057.6621
28057.5977
28057.7656
28057.9648
28057.9648
28058.1309
28057.9961
28057.5645
28058.2617
28057.7949
28058.3281
28058.3965
28058.3301
28058.8633
28058.3965
28059.0996
28059.2363
28059.2012
28058.8965
28058.4961
28058.3633
28059.1621
28059.2949
28059.2988
28059.7988
28059.7305
28059.8965
28059.9297
28059.5605
28059.3926
28059.5898
28059.6230
28059.8574
28060.1250
28060.2227
28059.9531
28059.4141
28058.5781
28057.8750
28057.7402
28057.6387
28057.2402
28056.9375
28056.8711
28057.2676
28056.9355
28056.9707
28057.3027
28056.9004
28056.3652
28055.8984
28055.9297
28055.9941
28055.9238
28055.3906
28055.5898
28055.8555
28055.8887
28055.9570
28056.1230
28056.5254
28056.3242
28056.5234
28056.8242
28056.5879
28056.2852
28055.5898
28055.9199
28055.9844
28056.2500
28056.7520
28056.8535
28056.9551
28057.0547
28057.0859
28057.1211
28056.9844
28056.9180
28057.1504
28057.4844
28057.4492
28057.1836
28056.6797
28056.2461
28056.0781
28056.2090
28056.2773
28056.2422
28055.7754
28055.6738
28055.3398
28055.8047
28055.9395
28055.7051
28055.7363
28055.6699
28055.9688
28055.8691
28056.0352
28056.0996
28056.5000
28056.3887
28056.4961
28056.2637
28056.3965
28056.5938
28056.6602
28056.8945
28056.9922
28057.2578
28057.0898
28057.1895
28057.6211
28057.3535
28057.7168
28057.2832
28057.9492
28058.0801
28058.1465
28058.5117
28058.2754
28057.8750
28057.5391
28057.8047
28057.9375
28057.5352
28057.6348
28058.0332
28058.3984
28058.2637
28057.9961
28057.9941
28056.5605
28055.9258
28055.3242
28054.8906
28054.6211
28054.4219
28054.3848
28054.5508
28054.4512
28054.6816
28055.2461
28055.4121
28055.8438
28055.5410
28055.4062
28054.9395
28054.3711
28054.3027
28054.6348
28054.9668
28054.7324
28054.6973
28054.6621
28055.2949
28055.5586
28055.9570
28056.2891
28056.2520
28055.6855
28055.1504
28054.4512
28053.6855
28053.1211
28053.0859
28053.0840
28052.7500
28052.0801
28052.4805
28052.7090
28053.3730
28053.8379
28053.7031
28052.5723
28052.0039
28051.9688
28051.7676
28051.4004
28050.7988
28050.6309
28050.0312
28049.8281
28049.6270
28049.3926
28049.2246
28049.3906
28049.0898
28049.0898
28049.1211
28049.5527
28049.5527
28049.4160
28049.2148
28048.7832
28048.9141
28048.3477
28048.2832
28048.2793
28047.9785
28048.2773
28048.0430
28047.6094
28047.9727
28047.8730
28047.9707
28048.2695
28048.0703
28048.3008
28048.4980
28049.1621
28049.1582
28049.1914
28048.8906
28048.5918
28048.2559
28048.3887
28048.6523
28048.2852
28047.9824
28048.1152
28048.2480
28048.0801
28048.3086
28048.2773
28048.5430
28048.0781
28047.7441
28047.8750
28048.1074
28048.2051
28048.1016
28047.7363
28047.8359
28047.7324
28047.8965
28047.7305
28047.7578
28047.9277
28047.6895
28047.7188
28048.4141
28048.6777
28048.3750
28047.8105
28047.4102
28047.2461
28047.0410
28047.0762
28046.9746
28046.9434
28047.4062
28047.5371
28047.2051
28047.0723
28046.5098
28046.8418
28046.8418
28047.2070
28047.0430
28046.9766
28046.4746
28046.9082
28047.1367
28046.8730
28046.8379
28046.8008
28046.9316
28047.0020
28046.7363
28046.5000
28046.0664
28046.0664
28045.9980
28046.0957
28045.8945
28045.5254
28045.2246
28044.7617
28044.4648
28044.4277
28044.4961
28044.2910
28044.2910
28044.0566
28043.8555
28044.0840
28043.3906
28042.9922
28042.9902
28043.1562
28043.2871
28043.1211
28043.1855
28043.4160
28043.0527
28042.9141
28043.0469
28042.8457
28042.9766
28042.5449
28042.1445
28041.6152
28041.3555
28041.4531
28041.2520
28041.3184
28041.0879
28041.1562
28040.8594
28040.9258
28040.9863
28040.9902
28041.0859
28040.7891
28040.7539
28040.6602
28040.6914
28040.1914
28039.5645
28039.6328
28039.4043
28039.5039
28039.5371
28039.3047
28039.3691
28039.1660
28039.3652
28039.1992
28039.4590
28039.5977
28039.2305
28039.4590
28039.3027
28039.0645
28039.1309
28039.2988
28039.3984
28039.3965
28039.4297
28039.4277
28039.2617
28038.4668
28038.9316
28038.6016
28038.2363
28037.8496
28037.6387
28037.8086
28038.0723
28037.9043
28038.0020
28038.0664
28038.2344
28038.6270
28039.3203
28039.4199
28039.1875
28039.0215
28038.7598
28038.4922
28038.5918
28038.4922
28038.2012
28038.4648
28038.5293
28038.4941
28038.4609
