   -8.1952
   -8.2514
   -8.3060
   -8.3789
   -8.4653
   -8.5675
   -8.6724
   -8.7845
   -8.8947
   -9.0075
   -9.1156
   -9.2172
   -9.3179
   -9.4139
   -9.5049
   -9.5964
   -9.6917
   -9.7953
   -9.9117
  -10.0418
  -10.1892
  -10.3546
  -10.5361
  -10.7249
  -10.9185
  -11.1052
  -11.2860
  -11.4543
  -11.6158
  -11.7699
  -11.9184
  -11.9176
  -11.9173
  -11.9175
  -11.9182
  -11.9177
  -11.9161
  -11.9084
  -11.8974
  -11.8870
  -11.8715
  -11.8534
  -11.8308
  -11.8054
  -11.7795
  -11.7558
  -11.7376
  -11.7245
  -11.7188
  -11.7137
  -11.7076
  -11.7012
  -11.6926
  -11.6756
  -11.6564
  -11.6318
  -11.6017
  -11.5705
  -11.5427
  -11.5106
  -11.4761
  -11.4436
  -11.4071
  -11.3675
  -11.3234
  -11.2787
  -11.2275
  -11.1729
  -11.1118
  -11.0491
  -10.9805
  -10.9121
  -10.8429
  -10.7734
  -10.7006
  -10.6266
  -10.5484
  -10.4672
  -10.3768
  -10.2821
  -10.1847
  -10.0847
   -9.9821
   -9.8773
   -9.7679
   -9.6552
   -9.5521
   -9.4498
   -9.3575
   -9.2745
   -9.2028
   -9.1330
   -9.0646
   -8.9899
   -8.9111
   -8.8255
   -8.7335
   -8.6378
   -8.5429
   -8.4551
   -8.3707
   -8.2937
   -8.2211
   -8.1540
   -8.0884
   -8.0249
   -7.9562
   -7.8874
   -7.8171
   -7.7405
   -7.6637
   -7.5909
   -7.5197
   -7.4437
   -7.3768
   -7.3102
   -7.2457
   -7.1843
   -7.1312
   -7.0761
   -7.0259
   -6.9830
   -6.9388
   -6.8978
   -6.8567
   -6.8188
   -6.7735
   -6.7287
   -6.6827
   -6.6379
   -6.5903
   -6.5445
   -6.4964
   -6.4529
   -6.4037
   -6.3533
   -6.3032
   -6.2540
   -6.2030
   -6.1649
   -6.1327
   -6.1076
   -6.0902
   -6.0776
   -6.0627
   -6.0501
   -6.0425
   -6.0260
   -6.0065
   -5.9823
   -5.9577
   -5.9304
   -5.9045
   -5.8787
   -5.8600
   -5.8385
   -5.8114
   -5.7868
   -5.7589
   -5.7304
   -5.6988
   -5.6633
   -5.6272
   -5.5922
   -5.5594
   -5.5293
   -5.4992
   -5.4729
   -5.4450
   -5.4089
   -5.3773
   -5.3479
   -5.3220
   -5.2944
   -5.2726
   -5.2435
   -5.2089
   -5.1697
   -5.1288
   -5.0836
   -5.0393
   -4.9956
   -4.9473
   -4.9011
   -4.8543
   -4.8129
   -4.7737
   -4.7443
   -4.7199
   -4.7025
   -4.6855
   -4.6746
   -4.6657
   -4.6605
   -4.6530
   -4.6504
   -4.6517
   -4.6575
   -4.6637
   -4.6747
   -4.6833
   -4.6840
   -4.6804
   -4.6734
   -4.6654
   -4.6636
   -4.6738
   -4.6757
   -4.6758
   -4.6748
   -4.6729
   -4.6553
   -4.6377
   -4.6204
   -4.6048
   -4.5867
   -4.5749
   -4.5745
   -4.5775
   -4.5910
   -4.6058
   -4.6177
   -4.6243
   -4.6247
   -4.6210
   -4.6123
   -4.5996
   -4.5876
   -4.5731
   -4.5506
   -4.5346
   -4.5113
   -4.4846
   -4.4500
   -4.4184
   -4.3799
   -4.3507
   -4.3267
   -4.3096
   -4.2936
   -4.2821
   -4.2685
   -4.2502
   -4.2297
   -4.2080
   -4.1842
   -4.1556
   -4.1265
   -4.0960
   -4.0615
   -4.0256
   -3.9910
   -3.9543
   -3.9154
   -3.8755
   -3.8293
   -3.7802
   -3.7272
   -3.6685
   -3.6076
   -3.5485
   -3.4877
   -3.4317
   -3.3821
   -3.3355
   -3.2906
   -3.2557
   -3.2118
   -3.1701
   -3.1293
   -3.0921
   -3.0445
   -3.0041
   -2.9601
   -2.9419
   -2.8944
   -2.8702
   -2.8299
   -2.7952
   -2.7656
   -2.7326
   -2.6992
   -2.6622
   -2.6265
   -2.5929
   -2.5595
   -2.5261
   -2.4993
   -2.4747
   -2.4541
   -2.4392
   -2.4237
   -2.4097
   -2.3984
   -2.3933
   -2.3881
   -2.3959
   -2.4065
   -2.4221
   -2.4335
   -2.4507
   -2.4610
   -2.4718
   -2.4884
   -2.5123
   -2.5370
   -2.5691
   -2.6086
   -2.6476
   -2.6855
   -2.7264
   -2.7645
   -2.8003
   -2.8339
   -2.8665
   -2.9008
   -2.9409
   -2.9845
   -3.0304
   -3.0745
   -3.1180
   -3.1544
   -3.1872
   -3.2171
   -3.2456
   -3.2740
   -3.3120
   -3.3400
   -3.3671
   -3.3941
   -3.4210
   -3.4361
   -3.4580
   -3.4862
   -3.5183
   -3.5558
   -3.5984
   -3.6106
   -3.6543
   -3.6977
   -3.7310
   -3.7588
   -3.7876
   -3.8175
   -3.8475
   -3.8769
   -3.9095
   -3.9490
   -3.9871
   -4.0206
   -4.0556
   -4.0912
   -4.1251
   -4.1571
   -4.1926
   -4.2236
   -4.2563
   -4.2873
   -4.3174
   -4.3429
   -4.3737
   -4.3993
   -4.4254
   -4.4494
   -4.4717
   -4.4874
   -4.5013
   -4.5128
   -4.5188
   -4.5234
   -4.5258
   -4.5247
   -4.5252
   -4.5277
   -4.5324
   -4.5404
   -4.5461
   -4.5511
   -4.5551
   -4.5606
   -4.5701
   -4.5836
   -4.6000
   -4.6188
   -4.6360
   -4.6489
   -4.6676
   -4.6752
   -4.6795
   -4.6831
   -4.6868
   -4.6810
   -4.6815
   -4.6860
   -4.6858
   -4.6846
   -4.6787
   -4.6722
   -4.6620
   -4.6542
   -4.6411
   -4.6319
   -4.6240
   -4.6159
   -4.6108
   -4.6073
   -4.6079
   -4.6121
   -4.6162
   -4.6175
   -4.6227
   -4.6275
   -4.6305
   -4.6313
   -4.6373
   -4.6378
   -4.6416
   -4.6426
   -4.6417
   -4.6339
   -4.6288
   -4.6175
   -4.6032
   -4.5883
   -4.5750
   -4.5594
   -4.5484
   -4.5430
   -4.5400
   -4.5416
   -4.5444
   -4.5497
   -4.5550
   -4.5574
   -4.5592
   -4.5603
   -4.5580
   -4.5556
   -4.5515
   -4.5469
   -4.5428
   -4.5392
   -4.5350
   -4.5347
   -4.5365
   -4.5414
   -4.5446
   -4.5385
   -4.5301
   -4.5216
   -4.5124
   -4.5047
   -4.5068
   -4.5111
   -4.5162
   -4.5258
   -4.5355
   -4.5474
   -4.5577
   -4.5680
   -4.5719
   -4.5781
   -4.5871
   -4.6021
   -4.6182
   -4.6347
   -4.6534
   -4.6691
   -4.6801
   -4.6887
   -4.6995
   -4.7080
   -4.7125
   -4.7172
   -4.7235
   -4.7291
   -4.7371
   -4.7413
   -4.7416
   -4.7339
   -4.7235
   -4.7078
   -4.6946
   -4.6835
   -4.6738
   -4.6658
   -4.6613
   -4.6551
   -4.6449
   -4.6345
   -4.6240
   -4.6145
   -4.6051
   -4.6018
   -4.6004
   -4.6007
   -4.6024
   -4.6087
   -4.6174
   -4.6254
   -4.6321
   -4.6357
   -4.6332
   -4.6262
   -4.6149
   -4.6030
   -4.5913
   -4.5855
   -4.5838
   -4.5854
   -4.5889
   -4.5936
   -4.5969
   -4.6000
   -4.5993
   -4.5957
   -4.5864
   -4.5709
   -4.5516
   -4.5300
   -4.5051
   -4.4797
   -4.4540
   -4.4255
   -4.3925
   -4.3592
   -4.3243
   -4.2875
   -4.2498
   -4.2104
   -4.1666
   -4.1211
   -4.0787
   -4.0370
   -3.9970
   -3.9589
   -3.9209
   -3.8801
   -3.8394
   -3.7997
   -3.7638
   -3.7296
   -3.6971
   -3.6836
   -3.6514
   -3.6192
   -3.5869
   -3.5518
   -3.5160
   -3.4815
   -3.4436
   -3.4052
   -3.3668
   -3.3282
   -3.2873
   -3.2466
   -3.2042
   -3.1596
   -3.1126
   -3.0638
   -3.0189
   -2.9764
   -2.9367
   -2.9016
   -2.8713
   -2.8393
   -2.8037
   -2.7648
   -2.7185
   -2.6662
   -2.6094
   -2.5519
   -2.4931
   -2.4324
   -2.3752
   -2.3210
   -2.2685
   -2.2152
   -2.1701
   -2.1257
   -2.0849
   -2.0466
   -2.0096
   -1.9710
   -1.9325
   -1.8970
   -1.8603
   -1.8232
   -1.7858
   -1.7496
   -1.7124
   -1.6776
   -1.6462
   -1.6107
   -1.5735
   -1.5344
   -1.4958
   -1.4555
   -1.4149
   -1.3731
   -1.3304
   -1.2865
   -1.2411
   -1.1967
   -1.1773
   -1.1393
   -1.1073
   -1.0780
   -1.0543
   -1.0345
   -1.0163
   -1.0023
   -0.9888
   -0.9743
   -0.9579
   -0.9405
   -0.9251
   -0.9109
   -0.9007
   -0.8977
   -0.8982
   -0.9008
   -0.9073
   -0.9155
   -0.9229
   -0.9311
   -0.9388
   -0.9452
   -0.9539
   -0.9701
   -0.9891
   -1.0167
   -1.0457
   -1.0752
   -1.1079
   -1.1355
   -1.1632
   -1.1903
   -1.2236
   -1.2532
   -1.2861
   -1.3211
   -1.3599
   -1.3960
   -1.4336
   -1.4730
   -1.5076
   -1.5413
   -1.5772
   -1.6122
   -1.6467
   -1.6837
   -1.7219
   -1.7543
   -1.7863
   -1.8199
   -1.8551
   -1.8896
   -1.9237
   -1.9589
   -1.9975
   -2.0344
   -2.0716
   -2.1077
   -2.1382
   -2.1632
   -2.1844
   -2.1974
   -2.2083
   -2.2163
   -2.2204
   -2.2240
   -2.2286
   -2.2332
   -2.2401
   -2.2483
   -2.2596
   -2.2671
   -2.2711
   -2.2710
   -2.2584
   -2.2326
   -2.1976
   -2.1524
   -2.1005
   -2.0468
   -1.9948
   -1.9461
   -1.9023
   -1.8609
   -1.8188
   -1.7746
   -1.7260
   -1.6768
   -1.6301
   -1.5813
   -1.5342
   -1.4875
   -1.4386
   -1.3829
   -1.3245
   -1.2640
   -1.1985
   -1.1275
   -1.0598
   -0.9905
   -0.9210
   -0.8529
   -0.7846
   -0.7153
   -0.6456
   -0.5769
   -0.5088
   -0.4411
   -0.3779
   -0.3196
   -0.2628
   -0.2058
   -0.1505
   -0.0951
   -0.0411
    0.0140
    0.0677
    0.1209
    0.1721
    0.2188
    0.2626
    0.3024
    0.3368
    0.3680
    0.3980
    0.4287
    0.4596
    0.4930
    0.5299
    0.5681
    0.6066
    0.6511
    0.6929
    0.7313
    0.7684
    0.7997
    0.8219
    0.8402
    0.8543
    0.8642
    0.8705
    0.8801
    0.8898
    0.9024
    0.9187
    0.9431
    0.9690
    0.9962
    1.0237
    1.0509
    1.0764
    1.1018
    1.1277
    1.1503
    1.1719
    1.1909
    1.2102
    1.2298
    1.2483
    1.2684
    1.2868
    1.3042
    1.3244
    1.3448
    1.3686
    1.3958
    1.4273
    1.4638
    1.5001
    1.5379
    1.5790
    1.6204
    1.6616
    1.7069
    1.7539
    1.8052
    1.8594
    1.9134
    1.9670
    2.0201
    2.0718
    2.1229
    2.1757
    2.2284
    2.2843
    2.3368
    2.3857
    2.4360
    2.4857
    2.5295
    2.5715
    2.6128
    2.6507
    2.6932
    2.7408
    2.7918
    2.8422
    2.8960
    2.9462
    2.9907
    3.0288
    3.0650
    3.0955
    3.1259
    3.1550
    3.1858
    3.2128
    3.2365
    3.2568
    3.2784
    3.3029
    3.3307
    3.3603
    3.3900
    3.4239
    3.4572
    3.4914
    3.5253
    3.5574
    3.5877
    3.6194
    3.6521
    3.6914
    3.7318
    3.7762
    3.8198
    3.8635
    3.9072
    3.9532
    4.0034
    4.0588
    4.1211
    4.1898
    4.2623
    4.3387
    4.4142
    4.4888
    4.5615
    4.6338
    4.7030
    4.7732
    4.8430
    4.9162
    4.9911
    5.0773
    5.1671
    5.2682
    5.3699
    5.4703
    5.5712
    5.6799
    5.7966
    5.9215
    6.0555
    6.1952
    6.3388
    6.4800
    6.6286
    6.7804
    6.9283
    7.0801
    7.2470
    7.4238
    7.6092
    7.8092
    8.0180
    8.2277
    8.4371
    8.6533
    8.8751
    9.0966
    9.3200
    9.5443
    9.7669
    9.9900
   10.2101
   10.4259
   10.6409
   10.8543
   11.0649
   11.2767
   11.4861
   11.7008
   11.9113
   12.1202
   12.3274
   12.5327
   12.7364
   12.9371
   13.1286
   13.3171
   13.4992
   13.6731
   13.8412
   14.0028
   14.1587
   14.3084
   14.4553
   14.6006
   14.7476
   14.9021
   15.0567
   15.2176
   15.3803
   15.5429
   15.6980
   15.8535
   16.0072
   16.1643
   16.3312
   16.5089
   16.6914
   16.8745
   17.0588
   17.2391
   17.4164
   17.5948
   17.7813
   17.9695
   18.1594
   18.3624
   18.5704
   18.7681
   18.9539
   19.1325
   19.2944
   19.4461
   19.5919
   19.7363
   19.8744
   20.0052
   20.1336
   20.2603
   20.3807
   20.5063
   20.6312
   20.7562
   20.8896
   21.0251
   21.1631
   21.3046
   21.4514
   21.6076
   21.7648
   21.9325
   22.1067
   22.2840
   22.4669
   22.6579
   22.8555
   23.0657
   23.2833
   23.5111
   23.7461
   23.9880
   24.2358
   24.4885
   24.7476
   25.0104
   25.2796
   25.5502
   25.8211
   26.0951
   26.3700
   26.6425
   26.9182
   27.1950
   27.4705
   27.7421
   28.0143
   28.2827
   28.5454
   28.8039
   29.0564
   29.2999
   29.5373
   29.7668
   29.9900
   30.2059
   30.4162
   30.6192
   30.8170
   31.0120
   31.2107
   31.4165
   31.6284
   31.8464
   32.0681
   32.2930
   32.5184
   32.7421
   32.9675
   33.1922
   33.4131
   33.6333
   33.8474
   34.0612
   34.2723
   34.4772
   34.6771
   34.8745
   35.0690
   35.2553
   35.4298
   35.5970
   35.7503
   35.8938
   36.0301
   36.1610
   36.2814
   36.3976
   36.5108
   36.6218
   36.7288
   36.8350
   36.9366
   37.0360
   37.1286
   37.2170
   37.3015
   37.3821
   37.4610
   37.5376
   37.6091
   37.6695
   37.7299
   37.7858
   37.8386
   37.8919
   37.9504
   38.0059
   38.0588
   38.1095
   38.1579
   38.2051
   38.2523
   38.3028
   38.3546
   38.4060
   38.4623
   38.5226
   38.5906
   38.6618
   38.7390
   38.8177
   38.8974
   38.9754
   39.0517
   39.1269
   39.1975
   39.2665
   39.3343
   39.3969
   39.4534
   39.5039
   39.5498
   39.5981
   39.6451
   39.6972
   39.7530
   39.8150
   39.8789
   39.9465
   40.0159
   40.0893
   40.1650
   40.2520
   40.3491
   40.4609
   40.5880
   40.7272
   40.8721
   41.0198
   41.1605
   41.2953
   41.4202
   41.5358
   41.6437
   41.7482
   41.8470
   41.9409
   42.0298
   42.1168
   42.2036
   42.2925
   42.3895
   42.4849
   42.5761
   42.6576
   42.7230
   42.7648
   42.7883
   42.7894
   42.7717
   42.7391
   42.6968
   42.6429
   42.5776
   42.5025
   42.4184
   42.3219
   42.2177
   42.1034
   41.9771
   41.8376
   41.6902
   41.5328
   41.3694
   41.2010
   41.0331
   40.8706
   40.7139
   40.5631
   40.4225
   40.2960
   40.1813
   40.0800
   39.9820
   39.8841
   39.7856
   39.6840
   39.5762
   39.4677
   39.3591
   39.2509
   39.1420
   39.0317
   38.9110
   38.7800
   38.6327
   38.4652
   38.2812
   38.0825
   37.8672
   37.6475
   37.4191
   37.1886
   36.9635
   36.7477
   36.5397
   36.3446
   36.1648
   35.9939
   35.8233
   35.6538
   35.4825
   35.3061
   35.1250
   34.9458
   34.7711
   34.6022
   34.4441
   34.2993
   34.1676
   34.0480
   33.9358
   33.8268
   33.7212
   33.6138
   33.5056
   33.4046
   33.3083
   33.2082
   33.1101
   33.0208
   32.9281
   32.8324
   32.7442
   32.6610
   32.5852
   32.5144
   32.4408
   32.3562
   32.2656
   32.1612
   32.0328
   31.8832
   31.7053
   31.5081
   31.3050
   31.1064
   30.9072
   30.7257
   30.5473
   30.3946
   30.2764
   30.1841
   30.0884
   30.0023
   29.8988
   29.7723
   29.6393
   29.5173
   29.4010
   29.2762
   29.1336
   28.9837
   28.8187
   28.6475
   28.4716
   28.2827
   28.0834
   27.8721
   27.6479
   27.4238
   27.2121
   27.0092
   26.8140
   26.6269
   26.4404
   26.2579
   26.0823
   25.9241
   25.7846
   25.6649
   25.5592
   25.4748
   25.4040
   25.3445
   25.2937
   25.2584
   25.2196
   25.1800
   25.1415
   25.0997
   25.0456
   24.9952
   24.9454
   24.8866
   24.8182
   24.7312
   24.6323
   24.5175
   24.4004
   24.2818
   24.1704
   24.0605
   23.9668
   23.8936
   23.8422
   23.8010
   23.7556
   23.7138
   23.6471
   23.5546
   23.4367
   23.2709
   23.0729
   22.8818
   22.6889
   22.5008
   22.3382
   22.1756
   22.0012
   21.8128
   21.6178
   21.4353
   21.2545
   21.0703
   20.8779
   20.6808
   20.4909
   20.3103
   20.1384
   19.9806
   19.8273
   19.6579
   19.4736
   19.2853
   19.0968
   18.9055
   18.7100
   18.5105
   18.2946
   18.0426
   17.7573
   17.4485
   17.1066
   16.7488
   16.3960
   16.0470
   15.6761
   15.2945
   14.8922
   14.4612
   14.0115
   13.5677
   13.1210
   12.6738
   12.2285
   11.7925
   11.3683
   10.9522
   10.5553
   10.1690
    9.7853
    9.4051
    9.0394
    8.6718
    8.3046
    7.9293
    7.5486
    7.1656
    6.7785
    6.4058
    6.0578
    5.7138
    5.3931
    5.0880
    4.7911
    4.4954
    4.2168
    3.9410
    3.6762
    3.4154
    3.1719
    2.9551
    2.7491
    2.5547
    2.3722
    2.1925
    2.0049
    1.8056
    1.5875
    1.3551
    1.1067
    0.8413
    0.5694
    0.2998
    0.0266
   -0.2460
   -0.5038
   -0.7439
   -0.9614
   -1.1597
   -1.3243
   -1.4623
   -1.5829
   -1.6945
   -1.8048
   -1.9186
   -2.0446
   -2.1659
   -2.2834
   -2.3820
   -2.4673
   -2.5382
   -2.6035
   -2.6607
   -2.7085
   -2.7485
   -2.7883
   -2.8259
   -2.8646
   -2.9064
   -2.9530
   -2.9964
   -3.0369
   -3.0733
   -3.1077
   -3.1372
   -3.1602
   -3.1766
   -3.1905
   -3.1942
   -3.1965
   -3.1996
   -3.2057
   -3.2278
   -3.2707
   -3.3470
   -3.4607
   -3.5996
   -3.7575
   -3.9196
   -4.0804
   -4.2247
   -4.3597
   -4.4795
   -4.5925
   -4.6891
   -4.7749
   -4.8465
   -4.9088
   -4.9644
   -5.0154
   -5.0630
   -5.1042
   -5.1384
   -5.1659
   -5.1823
   -5.1927
   -5.1978
   -5.1957
   -5.1923
   -5.1858
   -5.1832
   -5.1843
   -5.1950
   -5.2060
   -5.2173
   -5.2377
   -5.2477
   -5.2487
   -5.3681
   -5.4822
   -5.5765
   -5.6633
   -5.7530
   -5.8475
   -5.9508
   -6.0591
   -6.1710
   -6.2862
   -6.4037
   -6.5208
   -6.6345
   -6.7472
   -6.8614
   -6.9757
   -7.0874
   -7.2001
   -7.3160
   -7.4363
   -7.5596
   -7.6959
   -7.8425
   -7.9949
   -8.1556
   -8.3126
   -8.4567
   -8.5774
   -8.6663
   -8.7317
