27436.3711
27436.4219
27436.4082
27436.3301
27436.6797
27436.4395
27436.1621
27435.9727
27435.8711
27435.8828
27435.7910
27435.7383
27435.6621
27435.6445
27435.7539
27435.5117
27435.4355
27435.4570
27435.6973
27435.6445
27435.9297
27435.8887
27435.9629
27436.2617
27436.1855
27436.2832
27436.3340
27436.4316
27436.5195
27436.7188
27436.7422
27436.6523
27436.5859
27436.1680
27435.9805
27435.9902
27436.1523
27436.5273
27436.9902
27437.4922
27437.7051
27437.7031
27437.6270
27437.4492
27437.4863
27437.4102
27437.3809
27437.4785
27437.4023
27437.5645
27437.3008
27437.3105
27437.1973
27436.9316
27436.8555
27436.5781
27436.4883
27436.5000
27436.5352
27436.7207
27436.9082
27436.9199
27437.0059
27437.1172
27437.3164
27437.2793
27437.1875
27437.2754
27437.4375
27437.6113
27437.5234
27437.6992
27437.4824
27437.3184
27437.0918
27437.0391
27436.8633
27437.3750
27437.1855
27437.4727
27437.6992
27437.4980
27437.2461
27436.9551
27436.4395
27436.1875
27435.9863
27435.6348
27435.4707
27435.1934
27435.0801
27434.9258
27434.9902
27434.8125
27435.0996
27435.4375
27435.0977
27434.8066
27434.9941
27435.0566
27435.1797
27435.0039
27434.7383
27434.2734
27434.3359
27434.2480
27434.4980
27434.3828
27434.4824
27434.4824
27434.6309
27434.3418
27434.3535
27434.1641
27434.0020
27433.7988
27433.7969
27433.9844
27433.7949
27433.3809
27433.5547
27433.3906
27433.5410
27433.2891
27433.2988
27433.4609
27433.4961
27433.5078
27433.6211
27433.4551
27433.7168
27433.8281
27433.8516
27433.8379
27434.0117
27434.0117
27434.2734
27433.9219
27433.6719
27433.6582
27433.4922
27433.3926
27432.8652
27433.1504
27432.9746
27433.0605
27433.1348
27432.6953
27433.0332
27433.1191
27433.2949
27433.6309
27433.7188
27433.6289
27433.7285
27433.7012
27433.4629
27433.4609
27433.2734
27433.2715
27433.1836
27433.2832
27433.5059
27433.5039
27433.6797
27433.6543
27433.8887
27433.9512
27433.9121
27433.9863
27434.1738
27434.3086
27434.3711
27434.2559
27434.5059
27434.5293
27434.7148
27434.9648
27434.8145
27435.0996
27435.1367
27435.3477
27435.5332
27435.5703
27435.3066
27435.5176
27435.4551
27435.3535
27435.3398
27435.6387
27435.8242
27435.3613
27435.7109
27435.5215
27435.7324
27435.8438
27436.3184
27435.8555
27436.2422
27436.6035
27436.6406
27437.0508
27436.8887
27437.2363
27437.2734
27437.4844
27437.6465
27437.7832
27437.7812
27437.6426
27437.7422
27437.7539
27437.8652
27438.0254
27437.6875
27437.6738
27437.6113
27437.7598
27437.5957
27437.4707
27437.3691
27437.6426
27437.6152
27437.5156
27437.3398
27437.1641
27437.0762
27436.9004
27436.9727
27436.8848
27436.9453
27436.8457
27437.1055
27437.2188
27437.1152
27437.0898
27437.3887
27437.2012
27437.3125
27437.2988
27437.3711
27437.2832
27437.5195
27437.5293
27437.3672
27437.3926
27437.3047
27437.3770
27437.3770
27437.3867
27437.3867
27437.5723
27437.5703
27437.8203
27437.7578
27437.7695
27437.9551
27438.3145
27438.3281
27438.1523
27438.2500
27438.4355
27438.1992
27438.3730
27438.3711
27438.3086
27438.3828
27438.2207
27438.1055
27438.0781
27437.9160
27437.9023
27437.8398
27437.7148
27437.8262
27437.7988
27437.8848
27437.7832
27437.8691
27438.0547
27438.2422
27438.1543
27438.1660
27438.3652
27438.5488
27438.6621
27438.7363
27438.8086
27438.8809
27438.7188
27438.8047
27438.7168
27438.5918
27438.5391
27438.2754
27438.3613
27438.3477
27438.3203
27438.3926
27438.3535
27438.2656
27438.2129
27438.1113
27437.8477
27437.5625
27437.3848
27437.3105
27437.2090
27436.9844
27437.2324
27437.3320
27437.3184
27437.3164
27437.3027
27437.4004
27437.4004
27437.3984
27437.5605
27437.7070
27437.7910
27437.8926
27438.0996
27438.0977
27438.0840
27438.0820
27438.0547
27437.9414
27437.6523
27437.4922
27437.6895
27437.6406
27437.8398
27438.0137
27438.1855
27438.5449
27438.6309
27438.7051
27438.6641
27438.6641
27438.8613
27439.0332
27439.1348
27438.9453
27438.8438
27438.4082
27438.1328
27437.7461
27437.7305
27437.4688
27437.4668
27437.6387
27437.7266
27437.6367
27437.7109
27437.6348
27437.6465
27437.4863
27437.3848
27437.4824
27437.3828
27437.3945
27437.4805
27437.4648
27437.6367
27437.8105
27437.9102
27437.8086
27437.9805
27437.9922
27438.0039
27438.0176
27437.9414
27437.9414
27437.9395
27438.0117
27437.9844
27438.0566
27438.0566
27438.1172
27438.2148
27438.2871
27438.3848
27438.4844
27438.5098
27438.5215
27438.6211
27438.6328
27438.5312
27438.2832
27438.1953
27438.1074
27437.5977
27437.5977
27437.5234
27437.3613
27437.3730
27437.7324
27438.0059
27438.4238
27438.6719
27438.8301
27438.8418
27438.8262
27438.7402
27438.6523
27438.6641
27438.4746
27438.3145
27438.1523
27438.1777
27438.1895
27438.2148
27438.1270
27438.1523
27438.2246
27438.2246
27438.3379
27438.3223
27438.3086
27438.4805
27438.5527
27438.7988
27438.6973
27438.6973
27438.6953
27438.5938
27438.5312
27438.4570
27438.5430
27438.4688
27438.4688
27438.4062
27438.2793
27438.1777
27438.2637
27438.2637
27438.4082
27438.3340
27438.4648
27438.6523
27438.7969
27438.6953
27438.6074
27438.4453
27438.2578
27438.2441
27438.2422
27438.2422
27438.3145
27438.3984
27438.3984
27438.3965
27438.3359
27438.5215
27438.5195
27438.5449
27438.3711
27438.3711
27438.2969
27438.2949
27438.2949
27438.3926
27438.4648
27438.5352
27438.6816
27438.6680
27438.6660
27438.7656
27438.8496
27438.8613
27438.7754
27438.7461
27438.7461
27438.7578
27438.7559
27438.7422
27438.8125
27438.8672
27438.8242
27438.8633
27438.7773
27438.7480
27438.8340
27438.7461
27438.7305
27438.6855
27438.8242
27438.8223
27438.8613
27438.8477
27438.7871
27438.9844
27439.1113
27439.2109
27439.4375
27439.4180
27439.4570
27439.4375
27439.4160
27439.3965
27439.5215
27439.6367
27439.8340
27439.9336
27439.9043
27439.8770
27439.8359
27439.7344
27439.5605
27439.6152
27439.5391
27439.5664
27439.4785
27439.5645
27439.6504
27439.6484
27439.7344
27439.7461
27439.9180
27439.9180
27439.9160
27439.9277
27439.7871
27439.6914
27439.6348
27439.6211
27439.7598
27439.8848
27439.9863
27440.1250
27440.0664
27439.6328
27439.4590
27439.3164
27439.2031
27439.2188
27439.1777
27439.1621
27439.3340
27439.5332
27439.5586
27439.5859
27439.6250
27439.5801
27439.6348
27439.7871
27439.7695
27439.9531
27439.9219
27439.9648
27439.8203
27439.8633
27439.9082
27439.9648
27440.0078
27439.8359
27439.8477
27439.6895
27439.5430
27439.5547
27439.6680
27439.5938
27439.5938
27439.5918
27439.5918
27439.5898
27439.5898
27439.4180
27439.4883
27439.4160
27439.5137
27439.5410
27439.6113
27439.8125
27439.7363
27439.6953
27439.9766
27440.0352
27440.1191
27440.2051
27440.2500
27440.1328
27440.1191
27440.0176
27439.8320
27439.9023
27439.8027
27439.7734
27439.7715
27439.7852
27439.8125
27439.8672
27439.9922
27440.2324
27440.3008
27440.4434
27440.3965
27440.4824
27440.4082
27440.3359
27440.4062
27440.3789
27440.2773
27440.2480
27440.2344
27439.9766
27439.8867
27439.7148
27439.8711
27439.8848
27439.9707
27440.2129
27440.5293
27440.4844
27440.5703
27440.6816
27440.5234
27440.3633
27440.2188
27440.1328
27440.1172
27440.3730
27440.7168
27440.7891
27441.1602
27441.2305
27441.6309
27441.4023
27441.7461
27441.7578
27441.4844
27441.3828
27441.4688
27441.0957
27441.0938
27441.1797
27440.7480
27440.5762
27440.8340
27440.8613
27440.8457
27440.5996
27440.9160
27440.8574
27440.5410
27440.1660
27440.2227
27440.2363
27440.2637
27440.1621
27440.1191
27440.1328
27440.3887
27440.2148
27440.1875
27440.2852
27440.1270
27440.2129
27440.4707
27440.3809
27440.2793
27440.1074
27440.3633
27440.2910
27440.3184
27440.3047
27440.6035
27440.7734
27440.7598
27440.9570
27440.9141
27440.6699
27440.5254
27440.4258
27440.7246
27440.7520
27440.6367
27440.7637
27440.8359
27440.8906
27440.6484
27440.6191
27440.6465
27440.8301
27440.5996
27440.3711
27440.4707
27440.2109
27440.3828
27440.3672
27440.4102
27440.2949
27440.3945
27440.4355
27440.4219
27440.3906
27440.6777
27440.8906
27440.9609
27441.2324
27441.0879
27441.1445
27441.1289
27440.9277
27440.8125
27440.8555
27440.5527
27440.8965
27440.7246
27440.9219
27440.8926
27440.9492
27441.0195
27440.9766
27440.9766
27440.8887
27440.9023
27440.9023
27440.8301
27441.0000
27441.0137
27441.0117
27441.3125
27441.4258
27441.4531
27441.3223
27441.1367
27441.0664
27441.0215
27440.8633
27440.7480
27440.7051
27441.0625
27441.1895
27441.4023
27441.0449
27441.1719
27441.0996
27441.1133
27441.0430
27441.2969
27441.2109
27441.0391
27441.2812
27441.2227
27441.4238
27441.6074
27441.8066
27441.8633
27442.0469
27441.9902
27442.0039
27441.9746
27442.0156
27441.9434
27442.1992
27442.0000
27442.1543
27442.1973
27441.9961
27441.9531
27442.2520
27442.2949
27442.1523
27442.2500
27442.4082
27442.3496
27442.6484
27442.7207
27442.5645
27442.6777
27442.4473
27442.5762
27442.8770
27442.6777
27442.6758
27442.8203
27442.8770
27443.0469
27443.0488
27443.0625
27443.1035
27443.4453
27443.4746
27443.8867
27443.9297
27444.3125
27444.1133
27444.1406
27444.0703
27443.8965
27443.7402
27443.4121
27443.2695
27443.1406
27443.4102
27443.1543
27443.0527
27442.7969
27443.2520
27442.8945
27442.9238
27442.7812
27442.8086
27442.7520
27442.6797
27442.8496
27442.4082
27442.0098
27442.1074
27442.0527
27442.1953
27442.1094
27441.9805
27441.8105
27441.6953
27441.8945
27442.0938
27442.1934
27442.3066
27442.2656
27442.5215
27442.5918
27442.6914
27442.5039
27442.5195
27442.6602
27442.6328
27442.5469
27442.5605
27442.5898
27442.4883
27442.4180
27442.4316
27442.3066
27442.5059
27442.3906
27442.2480
27442.2207
27441.9766
27441.7930
27441.6777
27441.3066
27441.1523
27441.0508
27440.9648
27441.3496
27441.7754
27441.4785
27441.8047
27441.5938
27441.7773
27441.7070
27441.7090
27441.5684
27441.6230
27441.5820
27441.6367
27441.7109
27441.5547
27442.0098
27441.5723
27441.7715
27441.5859
27441.5312
27441.6855
27441.4883
27441.8145
27441.6484
27441.6621
27441.3066
27441.3066
27441.9727
27441.7324
27441.7754
27441.6484
27441.8789
27441.7656
27442.1660
27442.8223
27442.6367
27442.4961
27442.8066
27442.5801
27442.7793
27442.6953
27442.8379
27443.1953
27443.2246
27443.2090
27443.3945
27443.6934
27443.5938
27443.8223
27443.7070
27443.4980
27442.9004
27442.7051
27442.7051
27442.8047
27442.8340
27443.0781
27443.1074
27443.5586
27443.7754
27444.1152
27444.2695
27444.3691
27444.4141
27444.4141
27444.6152
27444.5273
27444.6738
27444.6895
27444.8887
27444.9473
27445.2031
27445.3867
27445.8574
27445.6719
27445.6875
27445.7715
27445.7871
27445.8027
27445.7871
27445.6602
27445.6309
27445.8008
27445.6309
27445.8164
27445.9707
27445.9707
27445.9004
27445.5449
27445.5742
27445.5449
27445.9297
27446.0000
27446.4102
27446.5801
27446.4785
27446.4941
27446.3691
27446.5137
27446.2754
27446.3984
27446.5977
27446.9824
27446.5820
27446.6387
27446.6270
27446.8984
27446.8125
27447.1074
27447.4219
27447.3516
27447.1270
27447.2422
27447.3418
27447.1562
27447.2227
27447.2578
27447.1074
27447.0527
27447.2520
27446.9121
27446.8965
27446.7891
27446.4883
27446.9434
27446.8418
27446.7578
27446.7129
27446.8359
27446.8281
27446.7676
27446.9375
27446.8516
27446.8613
27446.9062
27447.0449
27447.0156
27447.1914
27447.3691
27447.6289
27447.6680
27447.7930
27447.7246
27447.7852
27447.7598
27447.9453
27447.9980
27448.3535
27448.4766
27448.5215
27448.7773
27448.8535
27449.2168
27448.9766
27449.0293
27449.2383
27449.1543
27449.0547
27449.2090
27449.2617
27449.7773
27449.8301
27449.6621
27449.9785
27449.7754
27449.8066
27450.0625
27450.2070
27450.3066
27450.3223
27450.5449
27450.5996
27450.8535
27450.8535
27450.9531
27451.1055
27451.5371
27452.0293
27452.1133
27452.2305
27452.3145
27452.3828
27452.0898
27452.0117
27452.1113
27452.4277
27452.5117
27452.6113
27453.0039
27453.1270
27453.3496
27453.3340
27453.1816
27453.2500
27453.2871
27453.4863
27453.3633
27453.4785
27453.6035
27453.6875
27453.3711
27453.1562
27453.2324
27453.2539
27452.8164
27453.0547
27452.9004
27452.5605
27453.1836
27452.8828
27452.8672
27453.2383
27453.2910
27453.3594
27453.3730
27453.5977
27453.4980
27453.4668
27453.7891
27453.9570
27453.7891
27453.8730
27453.9102
27453.6016
27453.4863
27453.1484
27453.0332
27452.7773
27452.9473
27453.0469
27453.2148
27453.5215
27453.2305
27453.6836
27453.4688
27453.5137
27453.3457
27453.0527
27453.2207
27453.1211
27453.1055
27453.1738
27453.2051
27453.0039
27452.7031
27453.2559
27452.5664
27452.6348
27452.5879
27453.0312
27452.9473
27452.7012
27452.6855
27452.2852
27452.4238
27452.1914
27452.1992
27451.5449
27451.8047
27451.8477
27451.7168
27451.8086
27451.3164
27451.0996
27450.9473
27451.1309
27450.9766
27450.9922
27450.9785
27451.1094
27450.9180
27450.9707
27450.9707
27450.6016
27450.2324
27450.4961
27450.8477
27450.6211
27450.3281
27450.2441
27449.8848
27449.9688
27450.0996
27450.3613
27450.4824
27450.6660
27450.3359
27450.2930
27450.1621
27450.3301
27450.4609
27450.9141
27450.9355
27450.9727
27450.5664
27450.4512
27450.4863
27450.3242
27450.3926
27450.1074
27450.0547
27449.7363
27450.0742
27449.8066
27450.1094
27449.6250
27449.7109
27449.5938
27449.7930
27449.4922
27449.5234
27449.6445
27449.6289
27449.8125
27449.8652
27449.8477
27449.5586
27449.8633
27449.7793
27449.6270
27449.7773
27449.7148
27449.4980
27449.4121
27449.5137
27449.2598
27449.6113
27449.4102
27449.1426
27449.0430
27448.6211
27448.0137
27447.7773
27447.5762
27447.5078
27447.3086
27447.4766
27447.6582
27447.8652
27448.1172
27447.5469
27447.2109
27446.7949
27446.4414
27446.0195
27445.4160
27445.3984
27445.5664
27445.6699
27446.0273
27446.0645
27445.8945
27445.5957
27445.5625
27445.5000
27445.5879
27445.1016
27444.9062
27445.0215
27445.0566
27445.0762
27444.5918
27444.6973
27444.7324
27444.6172
27444.1797
27444.3828
27444.2148
27444.3613
27444.4414
27444.2734
27443.9316
27443.9824
27443.6816
27443.5684
27443.2383
27442.9727
27442.9883
27442.6367
27442.7715
27442.2520
27442.0137
27441.4941
27441.3770
27441.1074
27441.3125
27441.3789
27441.3477
27441.3789
27441.1465
27441.0977
27440.8086
27440.9922
27441.0918
27440.9746
27440.5742
27440.6582
27440.4414
27440.1406
27440.1602
27440.2109
27440.2266
27439.9570
27439.9570
27439.7578
27439.9199
27439.6699
27439.7715
27439.8203
27439.6348
27439.3027
27438.9824
27438.6133
27438.3301
27437.7129
27437.5273
27437.1113
27437.1641
27436.9492
27436.9004
27436.8320
27436.8164
27436.9629
27437.0586
27437.0547
27437.0508
27436.9199
27436.7344
27436.4531
27436.3184
27435.8496
27435.5684
27435.2305
27435.3359
27435.1172
27435.1484
27434.7500
27434.5137
27433.8945
27433.6250
27433.7734
27433.3242
27432.9922
27433.1270
27432.7539
27432.5684
27431.9453
27432.2578
27432.2402
27432.4609
27432.3281
27432.3457
27431.7793
27432.2285
27432.4121
27432.4434
27432.7305
27432.7988
27432.8516
27432.3320
27431.7793
27431.1270
27430.9570
27430.9746
27430.5879
27430.7246
27430.6758
27430.5215
27430.4062
27430.3066
27429.9043
27429.8535
27429.5527
27429.1660
27428.9160
27428.9004
27429.0332
27429.2520
27429.3340
27428.9824
27429.0332
27428.9844
27428.7012
27428.6348
27428.6680
27428.5352
27428.1016
27428.0684
27427.6836
27427.7832
27427.7148
27427.7305
27427.6152
27427.6133
27427.6133
27427.3457
27427.0586
27426.9746
27427.0723
27426.9043
27426.7539
27426.4531
27426.2363
27426.3535
27426.1504
27426.2324
27426.1309
27425.8457
27425.6094
27425.3770
27425.0254
27425.0762
27425.4082
27425.4414
27425.2266
27425.3750
27425.7090
27425.5078
27425.4414
27425.3730
27425.1055
27424.8398
27425.2051
27425.2363
27425.3223
27425.2852
27424.8672
27424.0645
27423.8477
27423.7969
27423.5781
27423.1270
27422.9258
27422.7422
27422.2754
27422.4238
27422.6426
27422.1230
27421.8730
27421.8242
27421.6914
27421.5215
27421.3223
27421.0391
27420.9219
27420.8223
27420.9219
27420.6738
27420.7227
27420.6562
27420.4883
27420.4707
27420.7031
27420.8535
27420.9375
27421.1875
27421.5039
27421.0703
27421.0547
27420.5039
27420.5703
27420.5371
27420.2188
27420.0352
27419.8047
27420.1035
27420.0039
27420.4707
27420.4199
27420.5859
27420.6016
27420.5684
27421.0859
27421.1855
27421.1523
27421.0684
27421.1523
27420.6836
27420.5840
27420.8848
27420.8008
27421.2500
27421.2344
27421.3164
27420.9844
27420.8008
27420.8828
27420.8672
27420.8008
27421.0332
27420.7500
27420.4336
27420.7832
27420.3164
27420.5000
