27995.4277
27995.5156
27996.4785
27996.3809
27996.9199
27996.7949
27996.6094
27996.9102
27997.4609
27997.6621
27997.5254
27997.2637
27997.8535
27998.6660
27998.8535
27999.0039
27999.0801
27999.4316
27999.2344
27999.3711
27999.1348
27999.6230
27999.5742
27999.7500
27999.5391
27999.6133
27999.3262
27999.4902
27999.2910
27999.4297
27999.0059
27998.8945
27999.2070
27999.4824
27998.9473
27998.8730
27999.0469
27999.0840
27999.2480
27999.5586
27999.9473
28000.1621
28000.4453
28000.2852
28000.2617
28000.5723
28000.2363
28000.1875
28000.1875
27999.8867
28000.0898
27999.9629
28000.0234
27999.9609
27999.4746
28000.3926
28000.4062
28000.4180
28000.7656
28001.1523
28001.3906
28000.9766
28000.6035
28000.6289
28000.4180
28000.2676
28000.8770
28000.7383
28001.3828
28001.8418
28003.0098
28003.1719
28003.9648
28004.6836
28004.8711
28004.2441
28004.5684
28004.4922
28003.9668
28003.4785
28003.0273
28002.3281
28001.7539
28001.0312
28000.9434
28000.3086
28000.1445
28000.4434
28000.4902
27999.8789
27999.9004
28000.2930
28001.0469
28001.5176
28001.8242
28002.4941
28003.1113
28003.1582
28003.1191
28002.8438
28003.2168
28002.9043
28002.6641
28002.1895
28001.2949
28000.8320
28000.6719
27999.9766
27999.7637
27999.9746
27999.8613
27999.8086
28000.0820
28000.3887
27999.9883
27999.9609
27999.6680
27999.3535
27999.4785
27999.4453
27999.4785
27999.8984
27999.4570
27999.8047
27999.4297
27999.0449
27998.4941
27998.5430
27998.3281
27998.0547
27998.4746
27998.9805
27998.4609
27998.4727
27998.5117
27998.7305
27998.9922
27999.1035
27998.9375
27999.4102
27998.8008
27999.1484
27999.0879
27999.4473
27998.9863
27998.9668
27998.7188
27998.4785
27998.6309
27998.3691
27998.0840
27998.1562
27997.7500
27997.2617
27996.8750
27996.3750
27996.2598
27996.3145
27995.8125
27995.2793
27995.5781
27994.9141
27994.9727
27994.7148
27994.8945
27994.7812
27993.9473
27994.3672
27994.1875
27994.0547
27994.0352
27993.8164
27994.1621
27994.0762
27994.0566
27994.1250
27994.3047
27994.1309
27994.2715
27994.0918
27994.0605
27994.4609
27994.5332
27994.4062
27994.5938
27994.7949
27995.6738
27995.6562
27995.6094
27995.3848
27995.0664
27995.0020
27995.0312
27994.9531
27994.6641
27994.7773
27994.7129
27994.6973
27994.6387
27994.6523
27994.2520
27993.9629
27993.5586
27993.4844
27993.0938
27993.0781
27993.0195
27992.9023
27993.5898
27993.9219
27994.7715
27995.4590
27996.0352
27995.7383
27996.3516
27996.3262
27996.6719
27996.5156
27996.5352
27996.0938
27996.1094
27995.5684
27995.6973
27995.5117
27995.8184
27995.1152
27995.2324
27995.2480
27994.8223
27994.6660
27994.4395
27994.1562
27993.7578
27993.4883
27993.4336
27993.1641
27993.3965
27993.2402
27993.2305
27993.0020
27993.2344
27993.4199
27993.1934
27993.3945
27993.5410
27993.4414
27993.3535
27993.7988
27993.8105
27993.8105
27993.9941
27994.6680
27994.4238
27994.5977
27994.5371
27994.5391
27994.1816
27994.2539
27994.2539
27993.9238
27994.1250
27993.8809
27993.4102
27993.5957
27993.6680
27994.0547
27994.1973
27993.9258
27993.9551
27993.8691
27993.7812
27993.5684
27993.3086
27994.2676
27994.9395
27995.9570
27995.8691
27995.2539
27994.9961
27995.4688
27996.1719
27996.3281
27995.5840
27995.4414
27994.9141
27995.1699
27995.4727
27995.9590
27996.0176
27996.5469
27997.3203
27997.6348
27998.1934
27997.9941
27997.6504
27997.5801
27998.0957
27998.1523
27997.9961
27998.3105
27998.1113
27998.0117
27998.0117
27998.3281
27998.8125
27998.9141
27999.4844
27998.5566
27998.4004
27998.4160
27998.9297
27999.1855
27999.1309
27999.0879
27998.8613
27999.1035
27998.7598
27998.5898
27998.2480
27998.3613
27998.1914
27998.0215
27998.0176
27997.9219
27998.1641
27998.4082
27998.5801
27998.7656
27998.9512
27999.2070
27999.4512
27999.6074
27999.8242
27999.9238
28000.2676
28000.3809
28000.4668
28000.5098
28000.8398
28001.1250
28001.3809
28001.3965
28001.4668
28001.6543
28001.8535
28001.8828
28001.8828
28001.6289
28001.5566
28001.4570
28001.5996
28001.6992
28001.9707
28001.9707
28002.0566
28002.1582
28002.1426
28002.2285
28002.1719
28001.9863
28001.9863
28001.9160
28002.0176
28001.9473
28001.8770
28001.7930
28001.7773
28001.6348
28001.5371
28001.4375
28001.3516
28001.4531
28001.5938
28001.8652
28001.6094
28001.4805
28001.2109
28001.4668
28001.6387
28001.6934
28002.0801
28002.0801
28002.1387
28001.9980
28001.8438
28001.9434
28002.1133
28002.5391
28002.8965
28003.1094
28003.0098
28003.0098
28002.7539
28002.6992
28002.4434
28002.3574
28002.3730
28002.5020
28002.7734
28002.7754
28002.7754
28002.5879
28002.6035
28002.6914
28002.3652
28002.1797
28001.7832
28001.5156
28001.5293
28001.8418
28002.1660
28002.5781
28002.6641
28002.3379
28002.0137
28002.0137
28002.3398
28002.1699
28002.6094
28002.7656
28002.7812
28002.8809
28002.9668
28003.0371
28002.6680
28002.8379
28003.0078
28002.7246
28003.1504
28003.1504
28003.4043
28003.2051
28003.2598
28003.2148
28003.5410
28003.7656
28003.5254
28003.5801
28003.4805
28003.2109
28003.2422
28003.3281
28003.0723
28002.9336
28003.0488
28002.9082
28002.8535
28002.9141
28003.0293
28003.2168
28003.2012
28003.3711
28003.3711
28003.1016
28003.0156
28002.6777
28002.3242
28002.1543
28001.7441
28001.3926
28001.5762
28001.7617
28001.3535
28001.4551
28001.3984
28001.3457
28001.3613
28001.3086
28001.2383
28001.1855
28001.0605
28001.3633
28000.8691
28000.5469
28000.1699
27999.8848
27999.7695
27999.6172
27999.5176
27999.1406
27999.0020
27998.7480
27998.8203
27998.8750
27998.5898
27998.5898
27998.8008
27998.2617
27998.2773
27998.2480
27998.2637
27997.8105
27998.0488
27998.1191
27998.1758
27998.4824
27998.7227
27999.4316
27999.3711
28000.2695
28000.3711
28000.5938
28000.7324
28000.7871
28001.2637
28001.6562
28001.8789
28001.9336
28001.7031
28001.6035
28001.5801
28001.5645
28001.6055
28001.4199
28001.5195
28001.4727
28001.5059
28001.5059
28001.6074
28001.5449
28001.7676
28002.2266
28002.7500
28002.8809
28003.1582
28003.3418
28003.4102
28003.8555
28004.2930
28004.6152
28004.6680
28004.8535
28004.9375
28004.8691
28005.0215
28004.7227
28004.7539
28004.6992
28004.6465
28004.3242
28004.3789
28004.1875
28003.9180
28003.7500
28003.3965
28002.7910
28002.6934
28002.4551
28002.0488
28002.0273
28002.2480
28002.0645
28001.9492
28002.1328
28002.0508
28002.1133
28002.3828
28002.1816
28002.2285
28002.2441
28002.4941
28002.4395
28002.2871
28002.0352
28001.7676
28001.6621
28001.4473
28001.5254
28001.5430
28001.6270
28001.8809
28002.3164
28002.9219
28003.1914
28003.4746
28003.4062
28003.1562
28002.9199
28002.9355
28002.8828
28003.0156
28003.2305
28003.1465
28003.1992
28003.2793
28003.3594
28003.2910
28003.2773
28003.4629
28003.3086
28002.9883
28002.7383
28002.5859
28002.4180
28002.4824
28002.5000
28002.5996
28002.7324
28002.9336
28002.9180
28003.0332
28002.7812
28002.4805
28002.3281
28001.9766
28001.5566
28001.1680
28000.9512
28000.9355
28001.0723
28001.3086
28001.3418
28001.4102
28001.6309
28001.6152
28001.5996
28001.5469
28001.4844
28001.6348
28001.7012
28001.5176
28001.5352
28001.5039
28001.3535
28001.4727
28001.5898
28001.5586
28001.4746
28001.2441
28001.2754
28001.5137
28001.6133
28001.5977
28001.6816
28001.6660
28001.6836
28001.8320
28001.9316
28001.9160
28001.9980
28002.0664
28002.3848
28002.3867
28002.4023
28002.5703
28002.5059
28002.6387
28002.6230
28002.7910
28002.6738
28002.7246
28002.5586
28002.4902
28002.6250
28002.5566
28002.6250
28002.6758
28002.6934
28002.6738
28002.8594
28002.9590
28003.0098
28003.3281
28003.3945
28003.3789
28003.2930
28003.6602
28003.6445
28003.2285
28003.5137
28003.6465
28003.6328
28003.6309
28003.6660
28003.9180
28003.5508
28003.6504
28003.6836
28003.3672
28003.7207
28003.8730
28003.8066
28003.9902
28004.0078
28004.2773
28004.1094
28003.9277
28003.5781
28003.6953
28003.5117
28003.6621
28003.8477
28003.8809
28003.9980
28003.9141
28004.0332
28004.0332
28003.9668
28003.9688
28004.1855
28003.8027
28003.8203
28004.0703
28004.1211
28004.1504
28004.1406
28004.2910
28003.8242
28003.6426
28003.6914
28003.6270
28003.7266
28003.3613
28003.5117
28003.6797
28003.6641
28004.0312
28003.8828
28004.0996
28004.1172
28004.3184
28004.0176
28004.0684
28003.5020
28003.6191
28003.5547
28003.7031
28003.8555
28004.2734
28004.4395
28004.1406
28004.5410
28004.6738
28004.5918
28004.8086
28004.7109
28004.8262
28005.1270
28005.2266
28005.1133
28004.7812
28004.6484
28004.5000
28004.5508
28004.4336
28004.3340
28004.8184
28004.3848
28004.6348
28004.8379
28004.6211
28004.5059
28004.4727
28004.1250
28003.9941
28004.3594
28004.1934
28004.3613
28004.4434
28004.4297
28004.5293
28004.6953
28004.3965
28005.1113
28004.6309
28004.8145
28004.7148
28004.5977
28005.5605
28004.9961
28004.9980
28004.6816
28005.1309
28004.7832
28004.9648
28005.0332
28004.8340
28004.9844
28005.1152
28005.1484
28005.5996
28005.3164
28005.5840
28005.5840
28005.5176
28005.3047
28005.6855
28005.5215
28005.4902
28005.5898
28005.3594
28005.2285
28005.1270
28004.7637
28005.0117
28005.0625
28005.1797
28005.4102
28005.2812
28005.5957
28005.2480
28005.4004
28005.1836
28005.0508
28004.6797
28004.6504
28004.4551
28004.6035
28004.3418
28005.0039
28004.9395
28004.5742
28004.5430
28004.5098
28004.5273
28004.5762
28004.1621
28004.4961
28004.4785
28004.7109
28004.7422
28005.0605
28004.7480
28004.9961
28004.9785
28004.7656
28004.6855
28004.6191
28004.8164
28004.3242
28004.4258
28004.4902
28004.2441
28004.2617
28004.2598
28004.1465
28004.1602
28003.9785
28003.8574
28004.1934
28004.1270
28003.8945
28004.1953
28004.1777
28004.4297
28004.1660
28004.3672
28004.3203
28004.2188
28004.1543
28004.7383
28004.6855
28005.0586
28005.2539
28005.0547
28005.4668
28005.3672
28005.4863
28005.7988
28006.1484
28006.1133
28006.3086
28006.3926
28006.6406
28006.4766
28006.8066
28007.0527
28007.2852
28007.3672
28007.2852
28007.4980
28007.8457
28008.1934
28008.0762
28008.1895
28008.3906
28008.2773
28008.4902
28008.6719
28008.9199
28009.2559
28009.5742
28010.1035
28010.1562
28010.3047
28010.7520
28011.1641
28011.0000
28011.8047
28012.5469
28011.7246
28011.1953
28011.3945
28011.5293
28011.7305
28011.7773
28012.1426
28012.1621
28011.8320
28012.3906
28012.2617
28012.2734
28012.4609
28013.0098
28012.9219
28012.9648
28013.2188
28013.1367
28013.2773
28013.6406
28013.9062
28013.7715
28013.7070
28014.0293
28014.3105
28014.2754
28014.0488
28014.4590
28014.1309
28014.2480
28014.2207
28014.6133
28014.4668
28014.4023
28014.3672
28014.5684
28015.0254
28014.9434
28015.1328
28014.7227
28015.1875
28015.6230
28015.5586
28015.5000
28015.0391
28015.5527
28015.4238
28015.4062
28015.4961
28015.6328
28015.4766
28016.0879
28015.9492
28016.0137
28015.8613
28015.9883
28015.8438
28015.7891
28015.9707
28016.0352
28015.6719
28015.6719
28015.5176
28015.3555
28015.3203
28015.1465
28015.1465
28015.3203
28015.6133
28015.7949
28015.5586
28015.6309
28015.6602
28015.5137
28015.9043
28015.7324
28015.8691
28015.5332
28015.8066
28015.6973
28015.6250
28015.6523
28015.6074
28015.8809
28016.0352
28015.9805
28016.2539
28016.3984
28016.7363
28016.6719
28016.8281
28017.0723
28017.2441
28017.2559
28017.5273
28017.2734
28016.8730
28017.0293
28017.2285
28017.0371
28017.1660
28016.7754
28017.0137
28016.9414
28016.9688
28016.6426
28016.9434
28016.6621
28016.3984
28016.5996
28016.5820
28016.3008
28016.1016
28016.0273
28016.1289
28016.1289
28016.2559
28016.1934
28015.9121
28015.9492
28015.9941
28015.9512
28015.6875
28016.0059
28016.0977
28016.1367
28016.2363
28016.4199
28016.4473
28016.3301
28016.8750
28016.8496
28016.7969
28017.1426
28017.0645
28017.3652
28017.3203
28017.5410
28017.3145
28017.2148
28017.4160
28017.0723
28017.1113
28017.1543
28017.0566
28016.8457
28016.8750
28017.2656
28016.9922
28016.9375
28016.6055
28016.9863
28016.6055
28016.4395
28016.4961
28016.6523
28016.3828
28016.4648
28016.1836
28015.8770
28015.7598
28015.5977
28015.7617
28015.3926
28015.6445
28015.5449
28015.6719
28016.0918
28015.9980
28016.1426
28015.9824
28016.3516
28016.2969
28015.9160
28016.0586
28016.2930
28016.1621
28016.4004
28016.6016
28016.6504
28016.8145
28016.9160
28016.9336
28017.1523
28017.0547
28017.2656
28016.7109
28017.0547
28017.0000
28017.0078
28017.3320
28017.3262
28017.5137
28017.5332
28017.4883
28017.3418
28016.8164
28017.1211
28016.8789
28017.1035
28016.7422
28016.9863
28017.0059
28017.1387
28017.2188
28017.2578
28016.7539
28016.7480
28016.5664
28016.7363
28016.7305
28017.0117
28017.1504
28016.8652
28017.2148
28017.1465
28017.2109
28017.5039
28017.3379
28017.3379
28017.4023
28017.2441
28017.3398
28017.0801
28017.1602
28017.3301
28017.6484
28017.6055
28017.5059
28018.1172
28018.2559
28018.5234
28018.7480
28018.6055
28018.8242
28019.2266
28019.7500
28019.8555
28019.6367
28019.5801
28019.6855
28019.4297
28019.1855
28019.0449
28019.1934
28018.7930
28018.5078
28018.6113
28018.5938
28018.8555
28019.2031
28018.7988
28018.1582
28018.9473
28018.4609
28017.9531
28018.5195
28019.6953
28019.2812
28019.5195
28018.8359
28018.1758
28017.4434
28019.0371
28019.0195
28018.9121
28018.7734
28018.4980
28018.0781
28017.9023
28017.6172
28017.4199
28017.3340
28017.2344
28017.2012
28017.0020
28016.9824
28017.2285
28017.5254
28017.3652
28017.5684
28017.2891
28017.3535
28017.5312
28017.4707
28017.4316
28017.1484
28017.3652
28016.9629
28017.3418
28017.2051
28017.2207
28017.6055
28017.0801
28017.1445
28016.9219
28016.8496
28016.7891
28016.7285
28016.4316
28016.5352
28015.7129
28015.9355
28015.5938
28015.1914
28015.3105
28015.1895
28014.8125
28014.7617
28014.7402
28014.8594
28014.5781
28014.4746
28014.4883
28014.3848
28014.1836
28014.3809
28014.3887
28013.8926
28013.7207
28013.8613
28014.2188
28014.6172
28014.3574
28014.3770
28014.4746
28014.3379
28014.5547
28014.4961
28014.4004
28014.2246
28014.3086
28014.0742
28014.1367
28014.1367
28014.2715
28014.1543
28014.2285
28014.4844
28014.0234
28014.1250
28013.8223
28013.5781
28013.9531
28013.7129
28013.2520
28013.4121
28012.5879
28013.3125
28012.9141
28012.7695
28012.2891
28012.6719
28012.3926
28012.1914
28012.5742
28012.1738
28012.5566
28012.0156
28011.8945
28011.8164
28011.5957
28011.5371
28010.9746
28010.9141
28010.8945
28010.6562
28010.2168
28009.6406
28009.1230
28009.1836
28009.5195
28010.1738
28010.7305
28010.8887
28010.6094
28010.2520
28010.0156
28010.0195
28009.4609
28009.4043
28008.9863
28008.7676
28008.4707
28008.0332
28008.0742
28007.7754
28007.4355
28007.0977
28007.2773
28006.8594
28007.1816
28006.8223
28006.9648
28006.9863
28006.7871
28006.9492
28006.4902
28006.3301
28006.5723
28006.4141
28006.5137
28006.2363
28006.1582
28005.9375
28005.5410
28005.6211
28005.4023
28005.5234
28004.9453
28004.8066
28004.4062
28003.9688
28004.0703
28003.4707
28003.6719
28003.5742
28003.3145
28003.6973
28003.8789
28003.9414
28003.8418
28003.8613
28003.9043
28003.9043
28003.8066
28004.0449
28003.8457
28004.0879
28003.3496
28003.5898
28002.7109
28003.1309
28003.0508
28003.0332
28002.8750
28002.7949
28002.8379
28002.4395
28001.7988
28001.9590
28000.9414
28000.5176
28000.5645
28001.0820
28001.4824
28001.1855
28001.0840
28000.9043
28000.9258
28000.8262
28001.0273
28001.1074
28001.5059
28001.4688
28001.4902
28001.7500
28001.8320
28001.7520
28001.3320
28001.3086
28000.9102
28001.0312
28000.6309
28001.0898
28000.5332
28000.4141
28000.2168
27999.8965
27999.5605
27999.5195
27999.4395
27999.7598
27999.7207
27999.4824
27999.0664
27999.5059
27999.5469
27999.3730
27999.2344
27999.1953
27999.1797
27998.9043
27998.8652
27998.6660
27997.6523
27997.4531
27997.1953
27997.8125
27997.8359
27998.0918
27997.5957
27997.0625
27996.9434
27997.4355
27997.4258
27997.2832
27997.4453
27997.3281
27997.3691
27996.9102
27997.4492
27997.4707
27997.3125
27997.4727
27996.9961
27997.2344
27997.3574
27997.2578
27997.4766
27996.7422
27997.0996
27997.0957
27997.2578
27996.9570
27997.3965
27996.9219
27997.0820
27996.8828
27997.0449
27997.0469
27996.9473
27996.8535
27996.5703
27997.1309
27997.0273
27996.8457
27996.7227
27996.7598
27997.1523
27997.0742
27996.9570
27996.8223
27996.8711
27997.1680
27997.0527
27996.9570
27997.0762
27996.9004
27996.9805
27996.9824
27996.9629
27997.1836
27997.1445
27996.9688
27997.3242
27997.1309
27996.9941
27996.9570
27996.9375
