28025.9688
28025.9648
28026.0742
28026.1660
28025.8730
28026.3672
28025.9727
28026.4648
28025.7871
28025.9824
28025.9766
28026.1797
28025.9766
28025.9824
28025.6914
28025.8828
28025.8828
28026.2812
28025.9922
28026.0801
28026.2773
28026.0840
28026.3789
28026.2832
28026.4746
28026.3789
28026.0879
28026.4766
28026.3770
28026.3691
28026.2695
28026.4746
28026.5684
28026.4688
28026.5566
28026.6582
28026.6582
28026.4609
28026.8398
28026.7480
28026.6406
28026.8418
28026.8359
28027.2285
28027.5215
28027.9062
28027.7051
28027.6172
28028.0957
28028.4863
28028.3809
28028.6738
28027.8906
28028.2754
28028.2715
28028.7637
28029.0566
28028.5605
28028.6582
28028.6504
28028.6445
28029.0449
28029.2402
28029.2344
28029.0410
28029.3281
28029.5352
28029.9180
28029.4258
28029.0332
28029.6758
28030.2617
28029.9805
28029.7930
28030.0840
28030.1660
28030.5684
28030.6680
28029.8848
28030.4785
28030.5742
28030.4746
28030.5703
28030.7695
28030.7773
28031.2676
28030.9766
28030.5762
28030.4941
28030.6875
28030.5859
28030.5957
28030.3086
28030.6953
28030.6992
28031.3809
28030.5078
28030.5059
28030.3809
28030.1133
28030.3184
28029.7324
28030.4219
28029.7422
28030.2363
28029.7539
28029.8594
28030.0547
28030.3555
28029.9648
28029.1992
28029.7754
28029.5801
28030.1641
28029.6855
28030.0664
28029.4648
28029.3750
28028.9746
28029.0625
28029.1582
28029.2500
28029.2559
28029.2520
28029.3516
28029.4473
28029.4531
28029.6367
28029.3535
28029.7383
28029.2402
28029.1484
28029.5332
28029.5352
28029.6348
28029.5332
28029.7246
28029.5215
28030.0156
28029.9199
28030.3047
28030.3125
28030.8945
28030.7012
28030.9941
28031.0020
28030.7969
28030.9941
28030.6992
28030.7051
28030.4102
28030.9043
28030.2207
28030.5137
28030.8086
28030.3242
28030.5195
28031.2051
28030.8203
28030.8203
28030.9199
28031.3105
28031.0156
28030.9258
28031.3242
28030.9238
28030.8359
28031.1348
28030.8379
28030.6445
28030.6445
28030.4492
28030.7402
28030.3555
28030.4453
28030.3535
28030.2500
28030.1543
28030.2500
28030.2969
28030.2949
28030.2422
28030.3359
28030.6309
28030.6270
28030.5352
28030.5371
28030.5371
28030.3457
28030.2402
28030.0449
28030.3398
28030.2402
28030.0391
28029.7500
28030.3379
28030.1348
28030.3301
28030.3281
28030.6172
28030.5195
28030.6191
28030.8125
28030.8203
28030.8164
28030.4199
28030.7129
28030.6172
28030.1172
28030.6152
28030.4160
28030.4180
28030.4199
28030.8086
28030.3203
28030.5215
28030.7207
28030.7285
28030.7344
28030.6367
28030.8301
28030.4336
28030.5352
28030.2383
28030.5273
28030.3301
28030.5176
28031.5977
28029.7227
28031.8887
28030.7070
28030.2109
28031.7852
28030.5078
28031.0918
28031.1953
28030.9961
28031.1895
28030.9941
28031.0918
28030.2969
28030.9863
28030.9844
28030.6875
28030.9824
28030.9766
28031.2715
28031.0664
28031.2637
28031.2578
28031.1582
28031.3574
28031.1562
28031.4492
28030.7637
28031.3535
28030.8613
28031.1562
28031.0605
28030.7676
28031.0645
28030.6719
28031.0723
28030.8789
28030.8906
28030.3965
28030.4980
28030.6934
28030.5039
28030.4102
28030.4141
28030.8125
28030.5156
28030.6152
28030.6094
28030.5176
28030.5176
28030.7090
28030.6152
28030.8086
28030.8066
28030.8027
28031.0020
28030.7012
28030.8125
28030.4141
28030.9082
28031.1055
28031.0078
28031.2070
28030.9102
28031.1074
28031.2012
28030.8965
28030.7930
28030.6875
28031.1777
28030.7812
28031.1777
28031.1797
28031.1875
28031.0879
28030.8984
28030.9883
28030.9922
28030.8984
28030.9062
28030.9062
28030.7012
28030.4102
28030.1055
28030.1113
28030.0117
28029.9141
28029.2188
28029.3223
28029.5137
28029.4199
28029.3184
28029.1211
28028.9238
28029.2188
28028.9219
28029.3125
28029.3066
28029.2012
28029.0996
28028.9961
28029.2871
28028.9941
28029.2871
28029.0898
28028.9941
28028.9980
28028.5078
28028.9082
28028.8105
28028.7148
28028.9219
28028.6270
28028.5293
28028.9238
28028.7246
28028.9199
28028.9160
28028.9141
28029.4062
28028.5156
28029.4062
28029.0059
28029.5957
28028.7012
28029.0957
28029.0918
28028.7969
28028.8926
28028.6934
28028.8906
28028.7930
28028.7949
28028.9043
28028.6973
28029.2012
28029.4922
28029.3027
28029.8926
28029.8047
28029.6035
28029.8066
28030.0078
28029.8125
28030.0117
28030.2090
28030.0176
28030.0117
28030.1172
28030.0156
28030.1191
28029.9199
28030.1230
28030.0234
28029.9277
28030.3223
28030.1250
28030.1230
28030.1230
28030.3242
28030.2227
28029.9297
28029.9316
28029.9316
28030.1270
28030.1250
28030.3184
28030.3145
28030.3105
28030.5039
28030.3047
28030.2988
28030.3945
28030.2930
28030.1895
28030.3887
28030.0898
28030.4883
28030.2910
28030.4902
28030.3926
28030.5938
28030.3984
28030.4023
28030.2031
28030.3066
28030.4062
28030.2090
28030.2090
28030.1113
28030.2109
28030.0176
28029.8223
28030.0195
28029.9238
28030.1211
28030.1211
28030.1211
28030.3184
28030.3184
28030.1191
28030.4180
28030.3203
28030.0234
28030.3203
28030.1191
28030.2188
28030.1191
28030.0195
28029.7227
28029.4277
28029.3281
28029.2285
28028.9336
28028.7324
28028.6328
28028.4355
28028.2344
28028.2344
28027.9375
28027.8398
28027.8438
28027.9414
28027.9453
28028.0469
28028.0488
28027.8555
28027.9551
28028.0566
28028.0605
28028.2559
28027.9688
28028.2637
28028.4629
28028.8555
28028.8496
28029.1387
28029.3379
28029.4316
28029.2285
28029.3281
28029.5234
28029.5234
28029.7207
28029.9199
28029.7188
28029.9199
28030.0215
28030.4180
28030.3203
28030.8164
28030.2188
28030.7129
28031.1074
28031.4082
28031.2051
28031.5020
28031.2031
28031.1016
28031.1992
28030.6016
28031.0996
28031.0977
28030.8008
28030.3047
28030.7012
28030.3066
28030.4082
28030.4082
28030.5098
28030.3125
28030.3145
28029.9180
28029.9180
28030.0176
28030.1172
28030.1172
28030.4160
28030.3184
28030.4160
28030.3184
28030.3184
28030.7129
28030.1191
28030.1191
28029.9219
28029.8242
28029.6270
28029.6250
28029.4277
28029.7246
28029.9258
28030.0254
28029.9258
28030.0254
28029.9258
28029.7285
28029.9258
28030.0254
28030.1250
28030.3242
28030.0215
28030.3203
28030.6152
28030.2168
28030.4141
28030.8105
28030.2109
28030.5098
28030.2090
28030.2070
28030.4043
28030.5039
28030.3047
28030.7012
28030.5996
28030.6973
28030.6973
28030.4961
28030.3965
28030.4941
28030.0957
28029.8984
28029.9961
28029.7988
28029.5996
28029.5039
28029.4043
28029.2070
28029.4121
28029.6113
28029.3164
28029.5137
28029.7168
28029.9180
28029.5234
28029.6250
28029.9258
28030.0566
28030.0273
28030.0273
28029.8320
28029.8320
28029.7305
28029.7324
28029.5332
28029.5352
28029.3359
28029.5352
28029.5352
28029.5352
28029.6328
28029.5352
28029.3340
28029.5312
28029.7305
28029.4316
28029.7266
28029.7285
28029.8281
28029.5293
28029.9297
28029.7285
28029.7305
28029.8320
28029.7324
28029.8320
28029.8320
28029.7324
28029.6328
28029.6348
28029.6348
28029.6348
28029.5352
28029.5332
28029.6328
28029.9316
28029.8340
28029.7324
28029.9316
28029.9336
28029.9316
28029.8320
28029.7305
28029.8301
28029.8301
28029.8301
28029.9297
28029.7285
28029.7305
28029.6309
28029.5293
28029.8301
28029.4297
28029.8281
28029.8262
28030.0254
28029.8242
28029.9238
28030.2188
28030.4199
28030.3184
28030.1172
28030.2168
28030.3184
28029.9180
28030.0176
28029.7188
28030.4180
28030.4160
28030.5176
28030.7168
28030.6172
28030.6152
28030.2148
28030.4141
28030.1133
28030.2129
28029.6133
28029.9121
28029.2129
28029.6113
28029.1133
28029.6113
28029.3125
28029.1113
28029.0117
28029.2109
28029.2109
28028.8125
28029.3125
28029.2090
28029.7070
28029.2090
28028.9102
28029.0098
28028.9102
28029.2090
28029.0098
28029.6094
28028.9102
28029.1113
28029.2109
28029.9102
28030.3105
28030.1094
28030.5098
28030.7070
28030.4082
28030.9082
28030.9062
28031.1074
28031.3086
28031.2070
28030.8086
28031.1074
28031.0078
28031.1074
28030.8086
28030.9082
28031.2051
28031.3066
28031.3066
28031.5059
28031.5059
28031.3066
28031.2051
28031.0059
28030.7051
28030.8047
28030.8047
28030.7031
28031.2031
28030.8047
28030.6035
28030.9023
28031.0371
28031.0020
28030.7012
28030.8027
28030.9023
28031.1016
28031.0020
28030.9023
28030.7012
28031.0020
28031.0000
28031.3008
28031.3008
28031.5000
28031.1992
28031.6992
28031.5996
28031.5996
28031.8008
28031.6992
28031.6992
28032.1992
28031.9004
28032.0000
28031.6973
28031.7988
28031.7988
28031.8984
28031.8984
28032.0977
28032.0977
28031.9980
28032.0977
28032.4980
28032.3984
28031.9961
28032.3965
28032.5957
28032.6953
28032.7969
28032.9961
28032.9961
28032.7969
28033.1953
28032.8945
28033.1934
28033.2949
28032.7949
28033.1934
28033.4941
28033.3945
28033.3945
28033.5938
28032.9922
28033.0918
28032.9922
28032.8926
28033.0918
28032.7910
28033.0918
28033.1895
28033.2910
28032.9902
28033.2910
28033.2910
28033.4902
28033.3906
28032.8906
28033.7930
28034.0898
28033.4902
28034.2930
28034.0898
28034.1895
28034.0918
28034.7930
28034.2930
28034.3926
28034.7930
28034.8926
28034.6914
28034.5898
28034.5781
28034.8789
28035.1777
28034.7793
28034.8789
28035.5781
28034.8789
28035.1777
28035.3789
28035.6777
28035.5762
28035.5762
28035.7793
28036.0781
28036.3789
28036.3789
28036.1777
28036.1758
28036.2773
28036.0762
28036.2773
28036.2793
28036.3789
28036.3789
28036.0781
28036.4785
28036.4805
28036.7793
28036.8828
28036.7832
28037.1816
28037.2852
28037.2832
28037.5820
28037.8809
28038.0801
28038.1816
28038.2832
28038.2832
28038.1855
28038.4883
28038.5879
28038.5879
28038.3867
28038.3867
28038.5859
28038.2871
28038.1836
28038.0840
28038.1836
28038.6855
28038.2852
28038.2832
28038.2832
28039.0859
28038.9844
28039.0820
28039.3848
28039.0801
28039.5820
28039.1777
28039.0762
28038.9766
28039.3770
28039.0723
28039.8750
28039.6738
28039.7754
28039.7715
28040.2734
28040.3711
28040.3691
28040.1660
28040.6680
28040.8672
28040.7676
28041.0664
28041.2676
28041.3652
28041.6660
28041.9648
28041.6602
28042.0625
28042.1582
28042.5605
28042.5586
28042.4570
28043.0586
28042.8555
28043.2539
28043.5547
28044.0547
28044.0508
28043.5469
28044.2480
28044.8457
28044.8438
28045.0430
28045.5430
28045.5488
28045.2500
28045.0469
28044.9473
28045.3457
28045.2461
28045.5449
28045.6426
28045.9434
28046.1387
28046.1387
28046.5391
28046.8379
28046.9355
28047.2363
28047.4375
28047.6348
28048.2363
28048.6367
28049.1387
28049.0371
28049.8398
28050.2383
28050.5391
28050.7402
28050.9395
28051.6426
28051.2383
28051.4355
28051.6348
28052.1348
28052.2383
28052.1328
28052.5332
28052.6309
28052.8340
28052.9316
28053.1270
28053.2246
28053.5234
28053.8242
28054.2266
28054.1230
28054.8281
28054.8301
28054.9258
28054.9238
28055.4297
28055.1230
28055.8281
28055.5234
28055.8223
28055.6191
28055.9199
28055.9199
28055.8164
28056.1172
28056.8223
28057.6289
28057.6270
28057.7305
28057.8281
28058.2305
28057.9258
28058.3320
28058.6270
28058.6289
28058.7285
28058.6250
28058.6270
28058.2227
28058.4219
28057.8145
28057.9180
28057.9180
28057.8184
28057.6172
28057.5117
28057.5039
28057.6973
28057.7891
28057.4883
28057.3867
28057.5879
28057.4863
28057.5859
28057.1816
28057.5742
28057.2598
28057.6621
28057.3457
28057.2422
28057.8398
28057.9375
28057.7383
28057.9316
28057.6289
28057.7266
28058.0234
28057.9160
28058.0156
28058.1113
28058.3047
28058.4102
28058.3105
28058.5098
28058.6152
28058.7129
28058.5039
28058.7129
28059.1191
28058.7070
28058.7070
28058.7031
28058.9082
28058.7031
28058.6035
28058.8027
28058.8066
28059.3125
28059.4141
28059.4141
28059.5117
28059.6172
28059.6113
28059.9180
28059.9180
28059.9180
28060.3281
28060.4258
28060.5254
28060.7285
28061.0312
28060.7305
28061.3320
28061.8398
28061.7383
28062.1406
28062.1387
28062.6426
28062.5391
28062.9473
28063.2539
28063.0547
28063.0566
28063.1582
28062.7559
28063.2637
28062.6562
28062.7578
28062.5566
28062.7559
28062.4590
28062.8613
28062.8613
28062.9590
28062.9590
28063.6621
28063.7598
28063.7598
28064.1660
28064.5762
28065.0762
28065.2852
28064.8770
28064.9785
28064.4688
28064.6719
28064.9766
28064.7793
28065.1836
28065.4863
28065.4863
28065.4902
28065.5918
28065.6895
28065.9922
28066.1895
28066.5957
28066.4961
28066.6016
28066.3887
28066.3887
28066.5879
28066.3789
28065.9707
28066.1758
28066.0703
28066.0703
28066.0781
28066.2773
28066.8926
28066.3848
28066.2910
28066.0918
28063.1621
28060.6953
28058.6914
28057.1621
28056.0820
28055.4746
28055.3438
28055.6738
28056.4688
28057.7227
28059.4512
28061.6465
28061.6504
28062.0781
28062.1953
28062.8086
28062.7168
28062.8242
28063.1230
28063.2246
28063.0098
28063.0020
28062.7949
28062.6875
28062.4805
28062.2715
28062.0605
28062.3574
28062.9609
28063.1582
28062.7461
28063.0488
28062.9453
28062.9395
28062.2285
28062.1270
28061.4199
28061.3145
28060.9082
28061.1172
28060.7109
28060.5020
28060.6035
28060.7051
28060.4023
28060.7070
28060.5039
28060.1992
28059.9922
28060.4980
28060.5020
28060.5039
28060.6094
28060.9102
28060.7090
28060.6094
28060.2129
28060.5234
28060.6309
28060.5410
28060.7461
28060.5469
28060.4492
28060.6543
28060.1523
28060.4551
28060.4570
28060.3516
28060.2520
28060.1465
28060.1406
28060.1387
28060.0312
28059.7266
28059.7305
28059.4219
28060.1387
28059.5371
28059.4434
28059.0430
28059.0469
28059.2578
28058.9512
28058.7598
28058.8613
28058.6641
28058.6602
28058.1523
28058.3555
28057.7441
28057.7363
28057.5293
28057.4238
28057.7402
28057.4316
28057.4395
28057.3418
28056.9492
28057.0547
28056.8594
28056.7578
28056.4512
28056.3496
28056.1406
28055.7344
28055.6309
28055.4277
28055.4297
28055.8398
28055.4258
28055.4336
28055.6426
28056.0547
28055.9551
28055.6504
28055.4492
28055.3457
28054.6387
28054.5449
28054.0488
28054.0547
28054.2676
28053.8574
28053.1562
28053.3516
28052.5410
28052.4316
28052.2246
28051.7227
28051.4160
28051.2188
28051.0195
28050.6113
28050.8105
28050.7070
28050.7012
28050.4902
28050.2832
28049.8730
28049.9766
28049.4668
28048.9629
28048.7617
28048.7520
28048.7559
28048.6543
28048.2539
28048.1543
28047.7539
28047.6582
28047.5586
28047.1582
28047.2598
28046.9590
28046.9590
28046.8555
28046.3555
28046.6602
28046.6582
28046.3574
28046.4668
28046.0645
28046.1699
28046.3652
28045.9590
28046.3730
28046.4766
28046.9883
28046.8887
28046.7852
28046.2852
28045.3652
28045.0664
28045.0684
28044.8633
28045.1660
28044.5586
28044.3535
28044.5625
28044.5547
28044.4590
28044.0547
28044.0566
28044.1543
28043.9629
28044.2754
28044.3809
28043.9805
28043.6660
28043.7676
28044.0781
28043.2637
28043.2598
28043.5645
28042.8516
28042.4531
28042.7773
28042.5879
28041.8809
28042.4941
28042.0859
28042.0801
28041.9629
28041.6641
28041.7734
28041.9590
28042.4824
28042.3828
28042.1797
28041.4668
28040.7578
28041.9785
28041.0605
28040.6445
28041.0352
28041.8516
28040.3164
28039.8906
28039.9902
28039.6816
28039.1719
28038.7598
28038.6562
28038.0508
28037.9531
28038.1680
28038.2715
28038.1699
28038.0742
28037.9785
28037.8926
28037.4902
28037.7891
28037.2773
28036.6562
28036.3418
28036.2168
28036.1152
28036.1133
28035.7051
28035.8086
28035.7227
28036.1328
28034.7910
28035.0918
28035.1934
28034.8848
28034.4707
28034.5703
28034.6660
28034.1582
28033.6484
28034.1582
28034.1602
28034.0605
28033.8555
28033.6582
28033.1426
28033.1426
28033.0371
28033.0488
28033.0469
28033.0332
28032.9355
28032.7285
28032.5332
28032.9414
28032.8398
28032.9375
28032.9395
28032.8242
28033.0156
28032.7012
28032.8047
28032.8027
28032.5957
28032.8008
28032.6055
28033.1094
28032.5957
28033.0098
28033.1055
28032.8926
28033.0957
28033.9102
28035.7402
28035.4473
28035.3340
28035.6484
28035.6465
28035.5449
28035.9551
28035.8535
28036.2539
28036.2598
28036.6602
28036.6602
28036.4551
28036.8672
28036.4609
28036.5566
28036.5645
28036.6660
28036.6602
28036.3516
28036.8672
28036.9688
28036.9688
28037.5801
28037.6797
28037.7734
28037.6621
28037.3613
28037.4707
28037.8750
28037.7656
28038.0664
28037.8574
28037.4492
28037.9551
28037.9512
28037.7461
28038.2520
28037.9531
28038.1562
28038.4609
28038.5586
28038.2480
28038.4414
28038.5352
28038.7246
28038.4297
28038.7305
28038.4336
28038.3398
28038.4121
28038.6504
28038.6523
28038.8711
28039.0723
28038.8652
28038.6738
28038.8789
28038.6641
28038.9609
28038.7461
28038.6562
28038.8594
28038.5449
28038.8320
28038.3262
28038.7285
28038.4375
28038.7480
28038.3398
28038.5293
28038.8359
28038.7422
28038.7441
28039.0508
28038.7500
