 -13.2439
 -13.2684
 -13.2972
 -13.3247
 -13.3594
 -13.3995
 -13.4509
 -13.5150
 -13.5860
 -13.6675
 -13.7597
 -13.8604
 -13.9600
 -14.0594
 -14.1560
 -14.2513
 -14.3476
 -14.4413
 -14.5288
 -14.6163
 -14.7079
 -14.8030
 -14.8930
 -14.9779
 -15.0563
 -15.1298
 -15.1980
 -15.2657
 -15.3380
 -15.4135
 -15.4936
 -15.5282
 -15.5586
 -15.5839
 -15.6010
 -15.6113
 -15.6194
 -15.6264
 -15.6272
 -15.6248
 -15.6207
 -15.6142
 -15.6018
 -15.5855
 -15.5632
 -15.5353
 -15.5033
 -15.4684
 -15.4321
 -15.3942
 -15.3581
 -15.3217
 -15.2841
 -15.2418
 -15.1951
 -15.1453
 -15.0896
 -15.0310
 -14.9706
 -14.9102
 -14.8508
 -14.7929
 -14.7319
 -14.6689
 -14.5987
 -14.5210
 -14.4371
 -14.3421
 -14.2300
 -14.1064
 -13.9681
 -13.8137
 -13.6498
 -13.4863
 -13.3185
 -13.1463
 -12.9709
 -12.7901
 -12.6064
 -12.4273
 -12.2479
 -12.0620
 -11.8704
 -11.6774
 -11.4863
 -11.2999
 -11.1211
 -10.9486
 -10.7809
 -10.6179
 -10.4606
 -10.3116
 -10.1657
 -10.0258
  -9.8897
  -9.7592
  -9.6299
  -9.4995
  -9.3706
  -9.2449
  -9.1194
  -8.9967
  -8.8761
  -8.7584
  -8.6450
  -8.5362
  -8.4320
  -8.3333
  -8.2376
  -8.1479
  -8.0641
  -7.9849
  -7.9084
  -7.8343
  -7.7662
  -7.7001
  -7.6387
  -7.5812
  -7.5265
  -7.4731
  -7.4238
  -7.3800
  -7.3389
  -7.3009
  -7.2661
  -7.2313
  -7.1991
  -7.1686
  -7.1417
  -7.1183
  -7.1003
  -7.0872
  -7.0776
  -7.0681
  -7.0592
  -7.0540
  -7.0513
  -7.0504
  -7.0511
  -7.0559
  -7.0579
  -7.0628
  -7.0730
  -7.0871
  -7.1073
  -7.1315
  -7.1566
  -7.1803
  -7.2042
  -7.2326
  -7.2619
  -7.2913
  -7.3153
  -7.3353
  -7.3494
  -7.3644
  -7.3698
  -7.3742
  -7.3815
  -7.3861
  -7.3915
  -7.3992
  -7.4066
  -7.4180
  -7.4320
  -7.4443
  -7.4569
  -7.4697
  -7.4825
  -7.4950
  -7.5029
  -7.5058
  -7.5067
  -7.5047
  -7.4997
  -7.4903
  -7.4815
  -7.4707
  -7.4618
  -7.4528
  -7.4456
  -7.4371
  -7.4272
  -7.4192
  -7.4126
  -7.4027
  -7.3914
  -7.3774
  -7.3630
  -7.3463
  -7.3287
  -7.3118
  -7.2951
  -7.2781
  -7.2640
  -7.2499
  -7.2325
  -7.2151
  -7.2002
  -7.1880
  -7.1747
  -7.1634
  -7.1522
  -7.1410
  -7.1315
  -7.1257
  -7.1214
  -7.1185
  -7.1154
  -7.0980
  -7.0752
  -7.0497
  -7.0212
  -6.9930
  -6.9681
  -6.9426
  -6.9139
  -6.8936
  -6.8772
  -6.8574
  -6.8400
  -6.8226
  -6.8026
  -6.7794
  -6.7515
  -6.7244
  -6.6998
  -6.6779
  -6.6558
  -6.6337
  -6.6114
  -6.5887
  -6.5658
  -6.5365
  -6.5041
  -6.4705
  -6.4374
  -6.4044
  -6.3708
  -6.3332
  -6.2943
  -6.2544
  -6.2151
  -6.1748
  -6.1317
  -6.0848
  -6.0386
  -5.9946
  -5.9523
  -5.9129
  -5.8758
  -5.8430
  -5.8099
  -5.7770
  -5.7427
  -5.7082
  -5.6745
  -5.6430
  -5.6125
  -5.5817
  -5.5495
  -5.5171
  -5.4868
  -5.4555
  -5.4252
  -5.3972
  -5.3674
  -5.3371
  -5.3047
  -5.2701
  -5.2453
  -5.2209
  -5.1982
  -5.1764
  -5.1528
  -5.1286
  -5.1065
  -5.0903
  -5.0743
  -5.0591
  -5.0489
  -5.0405
  -5.0299
  -5.0195
  -5.0113
  -5.0033
  -4.9936
  -4.9841
  -4.9746
  -4.9679
  -4.9625
  -4.9600
  -4.9608
  -4.9600
  -4.9635
  -4.9698
  -4.9781
  -4.9854
  -4.9923
  -5.0010
  -5.0123
  -5.0232
  -5.0321
  -5.0391
  -5.0447
  -5.0499
  -5.0574
  -5.0648
  -5.0744
  -5.0820
  -5.0858
  -5.0848
  -5.0804
  -5.0758
  -5.0674
  -5.0573
  -5.0451
  -5.0319
  -5.0193
  -5.0043
  -4.9890
  -4.9740
  -4.9623
  -4.9545
  -4.9498
  -4.9465
  -4.9402
  -4.9306
  -4.9194
  -4.9080
  -4.8976
  -4.8888
  -4.8774
  -4.8615
  -4.8433
  -4.8264
  -4.8081
  -4.7898
  -4.7686
  -4.7455
  -4.7217
  -4.6919
  -4.6591
  -4.6264
  -4.5921
  -4.5606
  -4.5336
  -4.5121
  -4.4908
  -4.4674
  -4.4422
  -4.4152
  -4.3882
  -4.3629
  -4.3393
  -4.3166
  -4.2943
  -4.2730
  -4.2553
  -4.2378
  -4.2218
  -4.2058
  -4.1901
  -4.1756
  -4.1595
  -4.1460
  -4.1326
  -4.1134
  -4.0873
  -4.0555
  -4.0253
  -3.9935
  -3.9666
  -3.9445
  -3.9270
  -3.9186
  -3.9102
  -3.8974
  -3.8825
  -3.8660
  -3.8484
  -3.8306
  -3.8136
  -3.7979
  -3.7813
  -3.7613
  -3.7359
  -3.7083
  -3.6803
  -3.6486
  -3.6177
  -3.5853
  -3.5524
  -3.5237
  -3.4965
  -3.4710
  -3.4431
  -3.4112
  -3.3778
  -3.3442
  -3.3136
  -3.2819
  -3.2546
  -3.2274
  -3.2014
  -3.1782
  -3.1551
  -3.1306
  -3.1015
  -3.0739
  -3.0493
  -3.0278
  -3.0066
  -2.9795
  -2.9497
  -2.9199
  -2.8900
  -2.8615
  -2.8356
  -2.8111
  -2.7882
  -2.7597
  -2.7281
  -2.6936
  -2.6564
  -2.6209
  -2.5842
  -2.5474
  -2.5136
  -2.4869
  -2.4646
  -2.4439
  -2.4287
  -2.4135
  -2.3954
  -2.3731
  -2.3446
  -2.3173
  -2.2942
  -2.2736
  -2.2543
  -2.2375
  -2.2204
  -2.2007
  -2.1786
  -2.1537
  -2.1306
  -2.1104
  -2.0920
  -2.0749
  -2.0606
  -2.0465
  -2.0358
  -2.0254
  -2.0153
  -2.0064
  -2.0004
  -1.9944
  -1.9853
  -1.9718
  -1.9511
  -1.9347
  -1.9112
  -1.8875
  -1.8640
  -1.8391
  -1.8156
  -1.7908
  -1.7629
  -1.7333
  -1.7010
  -1.6632
  -1.6228
  -1.5797
  -1.5398
  -1.4969
  -1.4531
  -1.4093
  -1.3647
  -1.3162
  -1.2651
  -1.2126
  -1.1644
  -1.1192
  -1.0786
  -1.0394
  -1.0029
  -0.9676
  -0.9336
  -0.9021
  -0.8705
  -0.8388
  -0.8044
  -0.7647
  -0.7206
  -0.6723
  -0.6226
  -0.5730
  -0.5252
  -0.4763
  -0.4258
  -0.3740
  -0.3225
  -0.2725
  -0.2248
  -0.1813
  -0.1404
  -0.0991
  -0.0592
  -0.0205
   0.0177
   0.0534
   0.0924
   0.1326
   0.1750
   0.2185
   0.2587
   0.3027
   0.3455
   0.3824
   0.4176
   0.4471
   0.4856
   0.5184
   0.5540
   0.5900
   0.6257
   0.6644
   0.7040
   0.7444
   0.7884
   0.8350
   0.8828
   0.9347
   0.9922
   1.0485
   1.1091
   1.1713
   1.2380
   1.3065
   1.3737
   1.4441
   1.5115
   1.5790
   1.6461
   1.7102
   1.7701
   1.8300
   1.8911
   1.9548
   2.0197
   2.0860
   2.1528
   2.2181
   2.2793
   2.3337
   2.3835
   2.4278
   2.4676
   2.5044
   2.5356
   2.5681
   2.6035
   2.6376
   2.6734
   2.7120
   2.7567
   2.8028
   2.8520
   2.9064
   2.9665
   3.0337
   3.1043
   3.1712
   3.2384
   3.3004
   3.3630
   3.4284
   3.4928
   3.5557
   3.6175
   3.6752
   3.7316
   3.7836
   3.8329
   3.8797
   3.9250
   3.9679
   4.0097
   4.0529
   4.0954
   4.1346
   4.1760
   4.2082
   4.2408
   4.2677
   4.2955
   4.3180
   4.3346
   4.3465
   4.3580
   4.3684
   4.3753
   4.3862
   4.3995
   4.4166
   4.4409
   4.4708
   4.5016
   4.5333
   4.5642
   4.5936
   4.6204
   4.6454
   4.6702
   4.6943
   4.7208
   4.7498
   4.7844
   4.8237
   4.8701
   4.9223
   4.9748
   5.0259
   5.0809
   5.1372
   5.1916
   5.2446
   5.3007
   5.3548
   5.4049
   5.4477
   5.4806
   5.5091
   5.5352
   5.5584
   5.5805
   5.6011
   5.6220
   5.6384
   5.6522
   5.6645
   5.6764
   5.6894
   5.7065
   5.7241
   5.7428
   5.7564
   5.7664
   5.7747
   5.7767
   5.7697
   5.7544
   5.7275
   5.7045
   5.6750
   5.6438
   5.6127
   5.5828
   5.5604
   5.5430
   5.5263
   5.5098
   5.4972
   5.4835
   5.4673
   5.4461
   5.4181
   5.3847
   5.3490
   5.3099
   5.2647
   5.2168
   5.1642
   5.1105
   5.0529
   4.9957
   4.9373
   4.8778
   4.8197
   4.7630
   4.7060
   4.6487
   4.5910
   4.5320
   4.4698
   4.4075
   4.3505
   4.2974
   4.2471
   4.2017
   4.1580
   4.1175
   4.0790
   4.0441
   4.0123
   3.9823
   3.9540
   3.9254
   3.8986
   3.8752
   3.8558
   3.8370
   3.8185
   3.8015
   3.7835
   3.7662
   3.7474
   3.7299
   3.7127
   3.6924
   3.6747
   3.6651
   3.6647
   3.6736
   3.6908
   3.7153
   3.7427
   3.7731
   3.8050
   3.8374
   3.8664
   3.8971
   3.9299
   3.9609
   3.9919
   4.0122
   4.0291
   4.0508
   4.0775
   4.1072
   4.1409
   4.1803
   4.2251
   4.2765
   4.3301
   4.3751
   4.4233
   4.4750
   4.5313
   4.5846
   4.6381
   4.6901
   4.7417
   4.7905
   4.8407
   4.8946
   4.9518
   5.0052
   5.0574
   5.1072
   5.1534
   5.2031
   5.2527
   5.3026
   5.3518
   5.4026
   5.4558
   5.5124
   5.5737
   5.6360
   5.6957
   5.7551
   5.8169
   5.8827
   5.9435
   5.9996
   6.0551
   6.1156
   6.1825
   6.2559
   6.3357
   6.4143
   6.4915
   6.5660
   6.6325
   6.6938
   6.7536
   6.8135
   6.8708
   6.9254
   6.9754
   7.0260
   7.0745
   7.1258
   7.1771
   7.2271
   7.2908
   7.3626
   7.4297
   7.4972
   7.5699
   7.6433
   7.7164
   7.7930
   7.8738
   7.9602
   8.0582
   8.1566
   8.2594
   8.3606
   8.4653
   8.5704
   8.6755
   8.7839
   8.8965
   9.0096
   9.1238
   9.2352
   9.3473
   9.4596
   9.5729
   9.6838
   9.7900
   9.8966
  10.0052
  10.1115
  10.2187
  10.3267
  10.4353
  10.5401
  10.6450
  10.7498
  10.8568
  10.9651
  11.0728
  11.1813
  11.2939
  11.4109
  11.5265
  11.6411
  11.7565
  11.8742
  11.9963
  12.1192
  12.2448
  12.3742
  12.5036
  12.6304
  12.7522
  12.8719
  12.9950
  13.1195
  13.2469
  13.3737
  13.4955
  13.6149
  13.7306
  13.8428
  13.9555
  14.0731
  14.1918
  14.3073
  14.4197
  14.5332
  14.6446
  14.7502
  14.8483
  14.9475
  15.0477
  15.1456
  15.2462
  15.3485
  15.4482
  15.5485
  15.6472
  15.7415
  15.8293
  15.9133
  15.9933
  16.0676
  16.1404
  16.2133
  16.2862
  16.3602
  16.4310
  16.5032
  16.5792
  16.6534
  16.7244
  16.7952
  16.8638
  16.9296
  16.9980
  17.0620
  17.1205
  17.1747
  17.2257
  17.2756
  17.3198
  17.3610
  17.3973
  17.4254
  17.4463
  17.4622
  17.4715
  17.4727
  17.4706
  17.4628
  17.4490
  17.4309
  17.4164
  17.4004
  17.3788
  17.3556
  17.3293
  17.3030
  17.2753
  17.2498
  17.2198
  17.1804
  17.1300
  17.0714
  17.0056
  16.9380
  16.8684
  16.7934
  16.7170
  16.6364
  16.5505
  16.4580
  16.3580
  16.2469
  16.1258
  15.9998
  15.8700
  15.7348
  15.6018
  15.4719
  15.3384
  15.1947
  15.0580
  14.9203
  14.7753
  14.6222
  14.4600
  14.2925
  14.1164
  13.9358
  13.7509
  13.5624
  13.3682
  13.1743
  12.9778
  12.7804
  12.5857
  12.3934
  12.2010
  12.0112
  11.8158
  11.6150
  11.4118
  11.2077
  11.0057
  10.8028
  10.5999
  10.4023
  10.2072
  10.0180
   9.8305
   9.6465
   9.4660
   9.2822
   9.0966
   8.9164
   8.7349
   8.5550
   8.3733
   8.1912
   8.0095
   7.8289
   7.6514
   7.4774
   7.3073
   7.1499
   7.0019
   6.8503
   6.6999
   6.5618
   6.4275
   6.2942
   6.1652
   6.0441
   5.9285
   5.8184
   5.7152
   5.6165
   5.5195
   5.4223
   5.3301
   5.2428
   5.1717
   5.0983
   5.0258
   4.9543
   4.8902
   4.8346
   4.7850
   4.7394
   4.6975
   4.6616
   4.6231
   4.5885
   4.5576
   4.5304
   4.5065
   4.4848
   4.4657
   4.4489
   4.4336
   4.4245
   4.4259
   4.4328
   4.4460
   4.4676
   4.5030
   4.5503
   4.6031
   4.6597
   4.7189
   4.7836
   4.8538
   4.9261
   5.0028
   5.0818
   5.1590
   5.2355
   5.3146
   5.4009
   5.4901
   5.5863
   5.6876
   5.7878
   5.8855
   5.9873
   6.0769
   6.1566
   6.2392
   6.3231
   6.3976
   6.4753
   6.5571
   6.6402
   6.7221
   6.8003
   6.8731
   6.9406
   7.0023
   7.0655
   7.1320
   7.2019
   7.2738
   7.3455
   7.4173
   7.4879
   7.5662
   7.6479
   7.7336
   7.8200
   7.9040
   7.9873
   8.0655
   8.1539
   8.2402
   8.3219
   8.4006
   8.4758
   8.5473
   8.6168
   8.6869
   8.7552
   8.8216
   8.8846
   8.9508
   9.0207
   9.0868
   9.1429
   9.1905
   9.2363
   9.2824
   9.3235
   9.3654
   9.4065
   9.4464
   9.4796
   9.5063
   9.5379
   9.5693
   9.5994
   9.6280
   9.6592
   9.6873
   9.7102
   9.7342
   9.7614
   9.7783
   9.7971
   9.8188
   9.8464
   9.8792
   9.9065
   9.9253
   9.9347
   9.9334
   9.9270
   9.9226
   9.9153
   9.9073
   9.8987
   9.8813
   9.8501
   9.7986
   9.7393
   9.6733
   9.6041
   9.5359
   9.4589
   9.3839
   9.3082
   9.2341
   9.1655
   9.1003
   9.0407
   8.9800
   8.9216
   8.8642
   8.8102
   8.7548
   8.6995
   8.6387
   8.5781
   8.5198
   8.4649
   8.4048
   8.3362
   8.2610
   8.1868
   8.1181
   8.0470
   7.9784
   7.9148
   7.8623
   7.8140
   7.7676
   7.7282
   7.6966
   7.6713
   7.6463
   7.6271
   7.6110
   7.5931
   7.5746
   7.5527
   7.5339
   7.5182
   7.5054
   7.4992
   7.4969
   7.4970
   7.4939
   7.4825
   7.4711
   7.4663
   7.4724
   7.4829
   7.4923
   7.5008
   7.5159
   7.5302
   7.5488
   7.5751
   7.6083
   7.6463
   7.6838
   7.7259
   7.7780
   7.8413
   7.9158
   7.9872
   8.0478
   8.0963
   8.1328
   8.1650
   8.1893
   8.2054
   8.2175
   8.2265
   8.2357
   8.2479
   8.2576
   8.2722
   8.2851
   8.2984
   8.3070
   8.3174
   8.3277
   8.3362
   8.3447
   8.3487
   8.3508
   8.3404
   8.3197
   8.2890
   8.2456
   8.1896
   8.1170
   8.0359
   7.9496
   7.8571
   7.7583
   7.6571
   7.5522
   7.4402
   7.3226
   7.2027
   7.0790
   6.9519
   6.8244
   6.6938
   6.5593
   6.4175
   6.2730
   6.1271
   5.9752
   5.8187
   5.6618
   5.5023
   5.3409
   5.1779
   5.0169
   4.8517
   4.6810
   4.5098
   4.3489
   4.1931
   4.0391
   3.8745
   3.6992
   3.5168
   3.3352
   3.1640
   3.0042
   2.8519
   2.6989
   2.5490
   2.4010
   2.2548
   2.1118
   1.9671
   1.8220
   1.6784
   1.5367
   1.3976
   1.2548
   1.1128
   0.9718
   0.8315
   0.6874
   0.5360
   0.3754
   0.2139
   0.0540
  -0.1114
  -0.2858
  -0.4598
  -0.6294
  -0.7939
  -0.9573
  -1.1225
  -1.2875
  -1.4497
  -1.6116
  -1.7750
  -1.9421
  -2.1063
  -2.2637
  -2.4132
  -2.5533
  -2.6907
  -2.8283
  -2.9678
  -3.1048
  -3.2359
  -3.3609
  -3.4778
  -3.5899
  -3.6977
  -3.8021
  -3.9070
  -4.0136
  -4.1223
  -4.2288
  -4.3271
  -4.4269
  -4.5332
  -4.6466
  -4.7693
  -4.8954
  -5.0265
  -5.1590
  -5.2963
  -5.4379
  -5.5822
  -5.7255
  -5.8685
  -6.0114
  -6.1485
  -6.2824
  -6.4100
  -6.5333
  -6.6560
  -6.7792
  -6.9078
  -7.0400
  -7.1725
  -7.3056
  -7.4355
  -7.5615
  -7.6791
  -7.7900
  -7.8918
  -7.9867
  -8.0731
  -8.1476
  -8.2091
  -8.2653
  -8.3163
  -8.3609
  -8.4008
  -8.4384
  -8.4704
  -8.5023
  -8.5377
  -8.5692
  -8.5955
  -8.6204
  -8.6552
  -8.6998
  -8.7511
  -8.8089
  -8.8650
  -8.9209
  -8.9738
  -9.0242
  -9.0737
  -9.1241
  -9.1748
  -9.2260
  -9.2730
  -9.3159
  -9.3560
  -9.3935
  -9.4279
  -9.4621
  -9.4900
  -9.5102
  -9.5217
  -9.5245
  -9.5191
  -9.5088
  -9.4966
  -9.4816
  -9.4680
  -9.4554
  -9.4342
  -9.4162
  -9.3978
  -9.3823
  -9.3693
  -9.3637
  -9.3631
  -9.3643
  -9.3659
  -9.3668
  -9.3693
  -9.3728
  -9.3756
  -9.3813
  -9.3869
  -9.3896
  -9.3916
  -9.3914
  -9.4000
  -9.4101
  -9.4221
  -9.4358
  -9.4506
  -9.4666
  -9.4835
  -9.5052
  -9.5247
  -9.5471
  -9.5728
  -9.6000
  -9.6287
  -9.6553
  -9.6811
  -9.7008
  -9.7123
  -9.7207
  -9.7231
  -9.7260
  -9.7264
  -9.7257
  -9.7258
  -9.7277
  -9.7240
  -9.7141
  -9.6957
  -9.6705
  -9.6978
  -9.7262
  -9.7534
  -9.7859
  -9.8247
  -9.8689
  -9.9184
  -9.9737
 -10.0332
 -10.0936
 -10.1548
 -10.2161
 -10.2775
 -10.3370
 -10.3936
 -10.4567
 -10.5165
 -10.5766
 -10.6380
 -10.6977
 -10.7553
 -10.8124
 -10.8702
 -10.9264
 -10.9790
 -11.0308
 -11.0771
 -11.1202
 -11.1571
 -11.1902
