   -8.5444
   -8.4632
   -8.3869
   -8.2989
   -8.2125
   -8.1277
   -8.0512
   -7.9763
   -7.9014
   -7.8280
   -7.7498
   -7.6751
   -7.6019
   -7.5321
   -7.4639
   -7.3956
   -7.3358
   -7.2826
   -7.2243
   -7.1693
   -7.1145
   -7.0492
   -6.9805
   -6.9033
   -6.8192
   -6.7314
   -6.6453
   -6.5457
   -6.4494
   -6.3465
   -6.2419
   -6.1405
   -6.0374
   -5.9411
   -5.8331
   -5.7331
   -5.6367
   -5.5469
   -5.4588
   -5.3888
   -5.3106
   -5.2358
   -5.1541
   -5.0639
   -4.9871
   -4.9103
   -4.8349
   -4.7546
   -4.6657
   -4.5765
   -4.4820
   -4.3939
   -4.3042
   -4.2179
   -4.1299
   -4.0437
   -3.9607
   -3.8695
   -3.7699
   -3.6700
   -3.5702
   -3.4767
   -3.3781
   -3.2763
   -3.1894
   -3.1058
   -3.0255
   -2.9284
   -2.8281
   -2.7261
   -2.6242
   -2.5272
   -2.4231
   -2.3191
   -2.2251
   -2.1278
   -2.0290
   -1.9218
   -1.8079
   -1.6975
   -1.5804
   -1.4681
   -1.3630
   -1.2713
   -1.1881
   -1.1032
   -1.0273
   -0.9446
   -0.8739
   -0.8050
   -0.7393
   -0.6769
   -0.6095
   -0.5471
   -0.4830
   -0.4306
   -0.3767
   -0.3243
   -0.2737
   -0.2215
   -0.1628
   -0.1093
   -0.0491
    0.0058
    0.0587
    0.1151
    0.1678
    0.2121
    0.2481
    0.2705
    0.2893
    0.3061
    0.3209
    0.3389
    0.3636
    0.3847
    0.4024
    0.4201
    0.4326
    0.4450
    0.4455
    0.4459
    0.4441
    0.4408
    0.4357
    0.4324
    0.4307
    0.4387
    0.4317
    0.4313
    0.4274
    0.4269
    0.4225
    0.4113
    0.3930
    0.3898
    0.3817
    0.3686
    0.3554
    0.3436
    0.3334
    0.3196
    0.3125
    0.2954
    0.2898
    0.2838
    0.2741
    0.2691
    0.2655
    0.2618
    0.2654
    0.2681
    0.2691
    0.2667
    0.2609
    0.2450
    0.2296
    0.2224
    0.2032
    0.1975
    0.1917
    0.1823
    0.1678
    0.1531
    0.1366
    0.1184
    0.1050
    0.0942
    0.0857
    0.0786
    0.0850
    0.1082
    0.1313
    0.1559
    0.1704
    0.1713
    0.1774
    0.1817
    0.1857
    0.1932
    0.1941
    0.2065
    0.2155
    0.2281
    0.2287
    0.2325
    0.2362
    0.2434
    0.2491
    0.2633
    0.2640
    0.2685
    0.2779
    0.2793
    0.2827
    0.2864
    0.2784
    0.2787
    0.2857
    0.2915
    0.2991
    0.3071
    0.3137
    0.3137
    0.3239
    0.3278
    0.3302
    0.3280
    0.3232
    0.3137
    0.2977
    0.2813
    0.2622
    0.2516
    0.2510
    0.2555
    0.2717
    0.2856
    0.2910
    0.3083
    0.3118
    0.3203
    0.3323
    0.3478
    0.3651
    0.3875
    0.4049
    0.4143
    0.4193
    0.4189
    0.4185
    0.4145
    0.3991
    0.3853
    0.3701
    0.3599
    0.3613
    0.3612
    0.3545
    0.3480
    0.3347
    0.3279
    0.3177
    0.3125
    0.3087
    0.3083
    0.3096
    0.3124
    0.3117
    0.3108
    0.3097
    0.3151
    0.3186
    0.3155
    0.3257
    0.3356
    0.3490
    0.3672
    0.3837
    0.3984
    0.4179
    0.4407
    0.4565
    0.4722
    0.4961
    0.5165
    0.5435
    0.5737
    0.5971
    0.6237
    0.6370
    0.6535
    0.6668
    0.6816
    0.6913
    0.6909
    0.6870
    0.6781
    0.6709
    0.6606
    0.6486
    0.6434
    0.6301
    0.6184
    0.6117
    0.6001
    0.5901
    0.5752
    0.5718
    0.5685
    0.5768
    0.5818
    0.5869
    0.5919
    0.5937
    0.5954
    0.5906
    0.5842
    0.5727
    0.5647
    0.5566
    0.5421
    0.5276
    0.5099
    0.4906
    0.4714
    0.4606
    0.4531
    0.4491
    0.4499
    0.4525
    0.4585
    0.4662
    0.4772
    0.4900
    0.4977
    0.5054
    0.5147
    0.5257
    0.5285
    0.5296
    0.5257
    0.5151
    0.5012
    0.4608
    0.4386
    0.4363
    0.4706
    0.4964
    0.5306
    0.5714
    0.6271
    0.6861
    0.7501
    0.8123
    0.8730
    0.9354
    0.9995
    1.0653
    1.1295
    1.1954
    1.2629
    1.3254
    1.3880
    1.4456
    1.4949
    1.5443
    1.5836
    1.6297
    1.6592
    1.6870
    1.7048
    1.7242
    1.7402
    1.7546
    1.7672
    1.7782
    1.7875
    1.7952
    1.7997
    1.8091
    1.8186
    1.8363
    1.8557
    1.8751
    1.8946
    1.9090
    1.9135
    1.9065
    1.8928
    1.8741
    1.8472
    1.8136
    1.7734
    1.7282
    1.6815
    1.6380
    1.5947
    1.5513
    1.5064
    1.4597
    1.4114
    1.3615
    1.3133
    1.2734
    1.2649
    1.2400
    1.2000
    1.1236
    1.0555
    0.9874
    0.9143
    0.8379
    0.7632
    0.6803
    0.5925
    0.4997
    0.4002
    0.3025
    0.2031
    0.1053
    0.0060
   -0.0867
   -0.1710
   -0.2486
   -0.3196
   -0.3840
   -0.4485
   -0.5095
   -0.5723
   -0.6267
   -0.6795
   -0.7222
   -0.7633
   -0.7994
   -0.8322
   -0.8666
   -0.9044
   -0.9423
   -0.9800
   -1.0162
   -1.0507
   -1.0770
   -1.1015
   -1.1245
   -1.1457
   -1.1719
   -1.1996
   -1.2290
   -1.2551
   -1.2811
   -1.3055
   -1.3266
   -1.3493
   -1.3704
   -1.3981
   -1.4358
   -1.4801
   -1.5294
   -1.5771
   -1.6199
   -1.6527
   -1.6823
   -1.7036
   -1.7216
   -1.7346
   -1.7426
   -1.7490
   -1.7604
   -1.7718
   -1.7899
   -1.8113
   -1.8359
   -1.8572
   -1.8802
   -1.8966
   -1.9063
   -1.9110
   -1.9124
   -1.9187
   -1.9168
   -1.9066
   -1.8898
   -1.8747
   -1.8630
   -1.8595
   -1.8642
   -1.8740
   -1.8870
   -1.9016
   -1.9213
   -1.9441
   -1.9703
   -2.0030
   -2.0407
   -2.0782
   -2.1108
   -2.1351
   -2.1444
   -2.1470
   -2.1480
   -2.1523
   -2.1666
   -2.1890
   -2.2197
   -2.2570
   -2.2992
   -2.3416
   -2.3822
   -2.4195
   -2.4518
   -2.4824
   -2.5114
   -2.5421
   -2.5693
   -2.5932
   -2.6038
   -2.6045
   -2.5936
   -2.5710
   -2.5452
   -2.5143
   -2.4884
   -2.4641
   -2.4431
   -2.4254
   -2.4127
   -2.4050
   -2.4056
   -2.3979
   -2.3935
   -2.3825
   -2.3681
   -2.3555
   -2.3461
   -2.3401
   -2.3424
   -2.3480
   -2.3486
   -2.3510
   -2.3434
   -2.3308
   -2.3348
   -2.3207
   -2.3033
   -2.2794
   -2.2341
   -2.1822
   -2.1154
   -2.0405
   -1.9591
   -1.8693
   -1.7747
   -1.6785
   -1.5839
   -1.4828
   -1.3833
   -1.2905
   -1.2093
   -1.1429
   -1.0833
   -1.0236
   -0.9622
   -0.8942
   -0.8247
   -0.7518
   -0.6790
   -0.5996
   -0.5152
   -0.4275
   -0.3349
   -0.2424
   -0.1483
   -0.0590
    0.0302
    0.1177
    0.2002
    0.2695
    0.3405
    0.4048
    0.4609
    0.5121
    0.5566
    0.5979
    0.6408
    0.6803
    0.7149
    0.7478
    0.7890
    0.8236
    0.8533
    0.8813
    0.9159
    0.9505
    0.9934
    1.0363
    1.0858
    1.1451
    1.2094
    1.2720
    1.3429
    1.4104
    1.4648
    1.5241
    1.5653
    1.5999
    1.6279
    1.6329
    1.6329
    1.6231
    1.6100
    1.5870
    1.5608
    1.5461
    1.5315
    1.5201
    1.5005
    1.4776
    1.4564
    1.4402
    1.4306
    1.4243
    1.4230
    1.4233
    1.4087
    1.3909
    1.3699
    1.3571
    1.3426
    1.3298
    1.3154
    1.3025
    1.2832
    1.2688
    1.2593
    1.2482
    1.2404
    1.2344
    1.2333
    1.2255
    1.2146
    1.2052
    1.1959
    1.1817
    1.1674
    1.1450
    1.1242
    1.1034
    1.0810
    1.0454
    1.0099
    0.9793
    0.9519
    0.9180
    0.8808
    0.8387
    0.7932
    0.7428
    0.6859
    0.6323
    0.5737
    0.5135
    0.4450
    0.3782
    0.3164
    0.2463
    0.1763
    0.1046
    0.0361
   -0.0355
   -0.1105
   -0.1904
   -0.2638
   -0.3355
   -0.4219
   -0.5034
   -0.5799
   -0.6500
   -0.7118
   -0.7785
   -0.8485
   -0.9235
   -0.9951
   -1.0783
   -1.1614
   -1.2314
   -1.2899
   -1.3352
   -1.3805
   -1.4340
   -1.4941
   -1.5476
   -1.6044
   -1.6595
   -1.7180
   -1.7796
   -1.8331
   -1.8931
   -1.9498
   -2.0115
   -2.0600
   -2.1053
   -2.1538
   -2.1990
   -2.2360
   -2.2680
   -2.2918
   -2.3238
   -2.3443
   -2.3598
   -2.3803
   -2.3877
   -2.4000
   -2.4188
   -2.4491
   -2.4761
   -2.5032
   -2.5269
   -2.5555
   -2.5808
   -2.6078
   -2.6332
   -2.6618
   -2.6854
   -2.7075
   -2.7328
   -2.7531
   -2.7736
   -2.7939
   -2.8143
   -2.8281
   -2.8353
   -2.8294
   -2.8235
   -2.8177
   -2.8085
   -2.8043
   -2.8083
   -2.8140
   -2.8245
   -2.8351
   -2.8342
   -2.8332
   -2.8290
   -2.8215
   -2.8025
   -2.7917
   -2.7875
   -2.7866
   -2.7873
   -2.7781
   -2.7575
   -2.7549
   -2.7524
   -2.7498
   -2.7603
   -2.7577
   -2.7650
   -2.7608
   -2.7582
   -2.7393
   -2.7219
   -2.6965
   -2.6710
   -2.6569
   -2.6543
   -2.6600
   -2.6623
   -2.6549
   -2.6573
   -2.6662
   -2.6685
   -2.6823
   -2.6977
   -2.7050
   -2.6958
   -2.6949
   -2.7020
   -2.7043
   -2.7001
   -2.6958
   -2.6998
   -2.7037
   -2.7060
   -2.7131
   -2.7236
   -2.7324
   -2.7477
   -2.7713
   -2.7899
   -2.8069
   -2.8337
   -2.8704
   -2.9104
   -2.9536
   -2.9985
   -3.0580
   -3.0979
   -3.1248
   -3.1597
   -3.2045
   -3.2264
   -3.2614
   -3.2964
   -3.3494
   -3.3991
   -3.4652
   -3.5329
   -3.6104
   -3.6928
   -3.7588
   -3.7922
   -3.8174
   -3.8312
   -3.8498
   -3.8734
   -3.9067
   -3.9417
   -3.9718
   -3.9969
   -4.0335
   -4.0684
   -4.1066
   -4.1595
   -4.2010
   -4.2360
   -4.2579
   -4.2781
   -4.2968
   -4.3137
   -4.3258
   -4.3314
   -4.3340
   -4.3270
   -4.3186
   -4.3090
   -4.3030
   -4.2878
   -4.2617
   -4.2379
   -4.2130
   -4.1858
   -4.1527
   -4.1157
   -4.0764
   -4.0284
   -3.9765
   -3.9226
   -3.8601
   -3.7890
   -3.7211
   -3.6512
   -3.5715
   -3.4867
   -3.4053
   -3.3190
   -3.2295
   -3.1257
   -3.0383
   -2.9596
   -2.8714
   -2.7739
   -2.6949
   -2.6084
   -2.5176
   -2.4145
   -2.3105
   -2.1993
   -2.0775
   -1.9453
   -1.8125
   -1.6971
   -1.6173
   -1.5517
   -1.4842
   -1.4132
   -1.3339
   -1.2332
   -1.1407
   -1.0482
   -0.9705
   -0.8764
   -0.7937
   -0.7030
   -0.6056
   -0.5147
   -0.4108
   -0.3183
   -0.2128
   -0.1071
    0.0066
    0.1251
    0.2488
    0.3758
    0.5016
    0.6342
    0.7640
    0.8990
    1.0427
    1.1836
    1.3268
    1.4755
    1.6315
    1.7915
    1.9541
    2.1159
    2.2805
    2.4444
    2.6063
    2.7694
    2.9241
    3.0753
    3.2214
    3.3674
    3.5279
    3.6869
    3.8540
    4.0228
    4.2001
    4.3825
    4.5750
    4.7681
    4.9615
    5.1620
    5.3567
    5.5601
    5.7592
    5.9560
    6.1585
    6.3588
    6.5552
    6.7591
    6.9594
    7.1689
    7.3829
    7.5982
    7.8180
    8.0361
    8.2605
    8.4882
    8.7191
    8.9582
    9.1923
    9.4314
    9.6606
    9.8946
   10.1270
   10.3513
   10.5821
   10.8031
   11.0353
   11.2497
   11.4591
   11.6669
   11.8763
   12.0806
   12.2815
   12.4808
   12.6735
   12.8647
   13.0541
   13.2353
   13.4117
   13.5783
   13.7368
   13.8969
   14.0523
   14.2027
   14.3499
   14.5004
   14.6525
   14.8046
   14.9649
   15.1284
   15.2936
   15.4378
   15.5801
   15.7144
   15.8569
   15.9896
   16.1126
   16.2258
   16.3310
   16.4312
   16.5283
   16.6303
   16.7210
   16.8150
   16.9154
   17.0044
   17.0982
   17.1903
   17.2710
   17.3482
   17.4207
   17.4752
   17.5314
   17.5779
   17.6260
   17.6661
   17.7044
   17.7428
   17.7699
   17.7954
   17.8177
   17.8353
   17.8529
   17.8737
   17.8979
   17.9270
   17.9577
   17.9706
   17.9869
   18.0032
   18.0067
   18.0102
   18.0155
   18.0094
   18.0180
   18.0120
   18.0011
   17.9854
   17.9779
   17.9606
   17.9466
   17.9325
   17.9104
   17.8882
   17.8690
   17.8466
   17.8275
   17.8003
   17.7843
   17.7617
   17.7457
   17.7150
   17.6989
   17.6829
   17.6636
   17.6361
   17.6103
   17.5907
   17.5680
   17.5517
   17.5352
   17.5171
   17.4940
   17.4774
   17.4673
   17.4523
   17.4357
   17.4158
   17.4040
   17.4002
   17.3934
   17.3847
   17.3905
   17.3883
   17.3975
   17.4083
   17.4223
   17.4330
   17.4421
   17.4610
   17.4863
   17.5165
   17.5579
   17.5895
   17.6145
   17.6283
   17.6421
   17.6658
   17.7038
   17.7385
   17.7749
   17.8190
   17.8582
   17.9055
   17.9575
   17.9901
   18.0356
   18.0746
   18.1298
   18.1884
   18.2697
   18.3478
   18.4259
   18.5024
   18.5806
   18.6474
   18.7240
   18.7877
   18.8530
   18.9184
   18.9790
   19.0315
   19.1068
   19.1690
   19.2282
   19.2777
   19.3223
   19.3669
   19.4067
   19.4513
   19.4878
   19.5372
   19.5705
   19.6040
   19.6308
   19.6577
   19.6911
   19.7310
   19.7660
   19.8092
   19.8444
   19.8878
   19.9299
   19.9751
   20.0202
   20.0668
   20.1119
   20.1600
   20.2066
   20.2595
   20.3123
   20.3619
   20.4015
   20.4445
   20.4924
   20.5435
   20.5928
   20.6405
   20.6750
   20.6967
   20.7312
   20.7546
   20.7732
   20.7933
   20.8101
   20.8205
   20.8421
   20.8652
   20.8872
   20.9013
   20.9039
   20.8920
   20.8833
   20.8729
   20.8655
   20.8628
   20.8619
   20.8609
   20.8599
   20.8669
   20.8625
   20.8661
   20.8631
   20.8503
   20.8296
   20.8102
   20.7990
   20.7958
   20.7893
   20.7764
   20.7604
   20.7442
   20.7137
   20.6882
   20.6691
   20.6581
   20.6342
   20.6071
   20.5768
   20.5563
   20.5291
   20.5019
   20.4696
   20.4323
   20.3871
   20.3532
   20.3111
   20.2738
   20.2253
   20.1751
   20.1153
   20.0459
   19.9686
   19.8976
   19.8086
   19.7180
   19.6259
   19.5242
   19.4242
   19.3150
   19.2059
   19.0855
   18.9572
   18.8334
   18.6965
   18.5642
   18.4449
   18.3193
   18.1814
   18.0362
   17.8943
   17.7477
   17.5944
   17.4495
   17.3014
   17.1563
   17.0049
   16.8581
   16.7046
   16.5686
   16.4310
   16.2938
   16.1565
   16.0164
   15.8736
   15.7466
   15.6197
   15.4865
   15.3488
   15.2149
   15.0889
   14.9516
   14.8209
   14.6934
   14.5738
   14.4573
   14.3314
   14.1991
   14.0635
   13.9310
   13.7873
   13.6373
   13.4841
   13.3391
   13.1940
   13.0491
   12.9025
   12.7627
   12.6230
   12.4867
   12.3441
   12.1935
   12.0348
   11.8792
   11.7217
   11.5739
   11.4309
   11.2885
   11.1491
   10.9958
   10.8589
   10.7202
   10.5926
   10.4742
   10.3461
   10.2278
   10.0967
    9.9554
    9.8153
    9.6716
    9.5342
    9.3887
    9.2526
    9.1152
    8.9519
    8.8000
    8.6338
    8.4660
    8.2999
    8.1516
    7.9922
    7.8310
    7.6776
    7.5178
    7.3527
    7.1889
    7.0139
    6.8374
    6.6639
    6.4820
    6.3043
    6.1249
    5.9503
    5.7678
    5.5805
    5.3960
    5.2052
    5.0253
    4.8517
    4.6765
    4.4932
    4.3178
    4.1423
    3.9669
    3.7949
    3.6216
    3.4598
    3.2871
    3.1091
    2.9247
    2.7335
    2.5615
    2.3974
    2.2460
    2.0866
    1.9147
    1.7382
    1.5615
    1.3921
    1.2357
    1.0900
    0.9436
    0.7941
    0.6401
    0.4942
    0.3499
    0.2138
    0.0971
   -0.0064
   -0.1097
   -0.1968
   -0.2804
   -0.3610
   -0.4384
   -0.5064
   -0.5471
   -0.5880
   -0.6110
   -0.6165
   -0.6332
   -0.6704
   -0.7140
   -0.7592
   -0.8058
   -0.8413
   -0.8512
   -0.8597
   -0.8634
   -0.8609
   -0.8519
   -0.8333
   -0.8274
   -0.8166
   -0.7993
   -0.7726
   -0.7331
   -0.6999
   -0.6618
   -0.6317
   -0.5870
   -0.5471
   -0.5038
   -0.4587
   -0.4151
   -0.3650
   -0.3214
   -0.2781
   -0.2413
   -0.2046
   -0.1789
   -0.1516
   -0.1227
   -0.1145
   -0.1112
   -0.1077
   -0.0975
   -0.0761
   -0.0610
   -0.0521
   -0.0529
   -0.0566
   -0.0732
   -0.0898
   -0.1065
   -0.1328
   -0.1653
   -0.1912
   -0.2185
   -0.2713
   -0.3305
   -0.3928
   -0.4600
   -0.5320
   -0.6022
   -0.6739
   -0.7472
   -0.8334
   -0.9228
   -1.0172
   -1.1242
   -1.2073
   -1.2904
   -1.3544
   -1.4246
   -1.4902
   -1.5588
   -1.6400
   -1.7193
   -1.7904
   -1.8618
   -1.9344
   -2.0105
   -2.0707
   -2.1343
   -2.1934
   -2.2526
   -2.3213
   -2.3674
   -2.4183
   -2.4688
   -2.5304
   -2.5856
   -2.6375
   -2.6961
   -2.7561
   -2.8114
   -2.8716
   -2.9239
   -2.9810
   -3.0352
   -3.0811
   -3.1286
   -3.1744
   -3.2136
   -3.2479
   -3.2790
   -3.4008
   -3.5192
   -3.6232
   -3.7225
   -3.8105
   -3.8875
   -3.9487
   -4.0099
   -4.0551
   -4.0942
   -4.1318
   -4.1709
   -4.2199
   -4.2480
   -4.2748
   -4.2918
   -4.3022
   -4.3111
   -4.3232
   -4.3401
   -4.3505
   -4.3562
   -4.3636
   -4.3693
   -4.3673
   -4.3778
   -4.3839
   -4.4123
   -4.4297
   -4.4520
