   -2.9550
   -3.1575
   -3.3574
   -3.5684
   -3.7885
   -4.0193
   -4.2535
   -4.4952
   -4.7373
   -4.9839
   -5.2304
   -5.4753
   -5.7234
   -5.9715
   -6.2195
   -6.4705
   -6.7256
   -6.9890
   -7.2617
   -7.5435
   -7.8375
   -8.1457
   -8.4664
   -8.7936
   -9.1268
   -9.4575
   -9.7874
  -10.1100
  -10.4291
  -10.7449
  -11.0568
  -11.0785
  -11.1010
  -11.1244
  -11.1487
  -11.1733
  -11.1960
  -11.2141
  -11.2289
  -11.2445
  -11.2552
  -11.2625
  -11.2657
  -11.2676
  -11.2686
  -11.2711
  -11.2783
  -11.2895
  -11.3051
  -11.3207
  -11.3344
  -11.3453
  -11.3536
  -11.3557
  -11.3554
  -11.3492
  -11.3383
  -11.3266
  -11.3162
  -11.3018
  -11.2858
  -11.2695
  -11.2501
  -11.2274
  -11.2006
  -11.1730
  -11.1399
  -11.1035
  -11.0605
  -11.0149
  -10.9625
  -10.9083
  -10.8502
  -10.7883
  -10.7192
  -10.6446
  -10.5629
  -10.4759
  -10.3789
  -10.2770
  -10.1717
  -10.0630
   -9.9499
   -9.8352
   -9.7176
   -9.5976
   -9.4837
   -9.3687
   -9.2625
   -9.1653
   -9.0758
   -8.9907
   -8.9093
   -8.8253
   -8.7390
   -8.6492
   -8.5557
   -8.4580
   -8.3592
   -8.2669
   -8.1769
   -8.0914
   -8.0099
   -7.9342
   -7.8612
   -7.7907
   -7.7182
   -7.6468
   -7.5728
   -7.4950
   -7.4183
   -7.3448
   -7.2739
   -7.2009
   -7.1351
   -7.0711
   -7.0106
   -6.9545
   -6.9065
   -6.8588
   -6.8160
   -6.7797
   -6.7436
   -6.7108
   -6.6790
   -6.6514
   -6.6194
   -6.5882
   -6.5563
   -6.5251
   -6.4916
   -6.4587
   -6.4232
   -6.3907
   -6.3545
   -6.3184
   -6.2853
   -6.2539
   -6.2228
   -6.2020
   -6.1869
   -6.1791
   -6.1787
   -6.1842
   -6.1882
   -6.1937
   -6.2030
   -6.2054
   -6.2073
   -6.2071
   -6.2051
   -6.2007
   -6.1950
   -6.1874
   -6.1823
   -6.1749
   -6.1626
   -6.1498
   -6.1338
   -6.1179
   -6.0977
   -6.0733
   -6.0491
   -6.0266
   -6.0056
   -5.9871
   -5.9695
   -5.9551
   -5.9390
   -5.9196
   -5.9042
   -5.8893
   -5.8767
   -5.8624
   -5.8510
   -5.8341
   -5.8124
   -5.7876
   -5.7612
   -5.7308
   -5.7020
   -5.6742
   -5.6433
   -5.6149
   -5.5866
   -5.5641
   -5.5440
   -5.5328
   -5.5265
   -5.5277
   -5.5307
   -5.5393
   -5.5515
   -5.5678
   -5.5836
   -5.6043
   -5.6282
   -5.6550
   -5.6827
   -5.7125
   -5.7407
   -5.7637
   -5.7826
   -5.7981
   -5.8120
   -5.8305
   -5.8566
   -5.8744
   -5.8916
   -5.9080
   -5.9216
   -5.9236
   -5.9256
   -5.9228
   -5.9264
   -5.9294
   -5.9382
   -5.9548
   -5.9747
   -6.0045
   -6.0350
   -6.0631
   -6.0881
   -6.1085
   -6.1255
   -6.1386
   -6.1485
   -6.1572
   -6.1615
   -6.1593
   -6.1599
   -6.1539
   -6.1446
   -6.1288
   -6.1145
   -6.0945
   -6.0807
   -6.0700
   -6.0638
   -6.0595
   -6.0582
   -6.0544
   -6.0475
   -6.0390
   -6.0287
   -6.0159
   -5.9970
   -5.9763
   -5.9518
   -5.9242
   -5.8928
   -5.8602
   -5.8251
   -5.7874
   -5.7480
   -5.7038
   -5.6570
   -5.6070
   -5.5522
   -5.4948
   -5.4380
   -5.3796
   -5.3233
   -5.2708
   -5.2197
   -5.1694
   -5.1241
   -5.0716
   -5.0217
   -4.9736
   -4.9268
   -4.8740
   -4.8277
   -4.7801
   -4.7571
   -4.7101
   -4.6900
   -4.6476
   -4.6111
   -4.5785
   -4.5427
   -4.5060
   -4.4669
   -4.4286
   -4.3918
   -4.3540
   -4.3162
   -4.2812
   -4.2478
   -4.2175
   -4.1922
   -4.1670
   -4.1435
   -4.1244
   -4.1100
   -4.0966
   -4.0937
   -4.0943
   -4.0998
   -4.1031
   -4.1104
   -4.1129
   -4.1163
   -4.1236
   -4.1365
   -4.1492
   -4.1676
   -4.1914
   -4.2144
   -4.2367
   -4.2593
   -4.2795
   -4.2982
   -4.3144
   -4.3287
   -4.3436
   -4.3625
   -4.3838
   -4.4065
   -4.4286
   -4.4508
   -4.4693
   -4.4865
   -4.5023
   -4.5182
   -4.5351
   -4.5601
   -4.5800
   -4.6019
   -4.6249
   -4.6489
   -4.6661
   -4.6889
   -4.7165
   -4.7472
   -4.7811
   -4.8189
   -4.8308
   -4.8677
   -4.9028
   -4.9300
   -4.9523
   -4.9754
   -5.0002
   -5.0241
   -5.0481
   -5.0753
   -5.1072
   -5.1392
   -5.1691
   -5.2017
   -5.2341
   -5.2659
   -5.2970
   -5.3304
   -5.3608
   -5.3919
   -5.4222
   -5.4499
   -5.4745
   -5.5021
   -5.5256
   -5.5500
   -5.5719
   -5.5922
   -5.6069
   -5.6210
   -5.6334
   -5.6421
   -5.6509
   -5.6582
   -5.6632
   -5.6708
   -5.6809
   -5.6935
   -5.7094
   -5.7237
   -5.7381
   -5.7518
   -5.7671
   -5.7845
   -5.8052
   -5.8273
   -5.8499
   -5.8699
   -5.8859
   -5.9047
   -5.9140
   -5.9189
   -5.9211
   -5.9224
   -5.9157
   -5.9127
   -5.9129
   -5.9100
   -5.9063
   -5.9006
   -5.8949
   -5.8879
   -5.8824
   -5.8739
   -5.8687
   -5.8642
   -5.8596
   -5.8565
   -5.8551
   -5.8558
   -5.8580
   -5.8601
   -5.8608
   -5.8636
   -5.8656
   -5.8669
   -5.8657
   -5.8675
   -5.8644
   -5.8637
   -5.8615
   -5.8586
   -5.8521
   -5.8479
   -5.8401
   -5.8308
   -5.8216
   -5.8140
   -5.8049
   -5.7988
   -5.7966
   -5.7949
   -5.7963
   -5.7986
   -5.8041
   -5.8106
   -5.8148
   -5.8189
   -5.8232
   -5.8252
   -5.8281
   -5.8294
   -5.8298
   -5.8310
   -5.8331
   -5.8343
   -5.8398
   -5.8476
   -5.8597
   -5.8712
   -5.8775
   -5.8822
   -5.8879
   -5.8937
   -5.9020
   -5.9165
   -5.9324
   -5.9473
   -5.9653
   -5.9833
   -6.0028
   -6.0206
   -6.0385
   -6.0526
   -6.0683
   -6.0863
   -6.1100
   -6.1355
   -6.1618
   -6.1906
   -6.2180
   -6.2432
   -6.2679
   -6.2941
   -6.3197
   -6.3422
   -6.3636
   -6.3868
   -6.4099
   -6.4337
   -6.4542
   -6.4707
   -6.4779
   -6.4818
   -6.4799
   -6.4776
   -6.4741
   -6.4694
   -6.4654
   -6.4637
   -6.4603
   -6.4547
   -6.4501
   -6.4464
   -6.4435
   -6.4406
   -6.4423
   -6.4448
   -6.4480
   -6.4510
   -6.4560
   -6.4616
   -6.4646
   -6.4668
   -6.4647
   -6.4570
   -6.4461
   -6.4302
   -6.4134
   -6.3957
   -6.3809
   -6.3683
   -6.3580
   -6.3484
   -6.3387
   -6.3263
   -6.3149
   -6.2993
   -6.2824
   -6.2615
   -6.2359
   -6.2061
   -6.1748
   -6.1402
   -6.1047
   -6.0674
   -6.0277
   -5.9839
   -5.9383
   -5.8910
   -5.8431
   -5.7935
   -5.7421
   -5.6868
   -5.6297
   -5.5732
   -5.5166
   -5.4607
   -5.4054
   -5.3492
   -5.2907
   -5.2321
   -5.1742
   -5.1205
   -5.0684
   -5.0170
   -4.9963
   -4.9468
   -4.8983
   -4.8498
   -4.7988
   -4.7479
   -4.6968
   -4.6434
   -4.5891
   -4.5338
   -4.4766
   -4.4169
   -4.3562
   -4.2939
   -4.2299
   -4.1645
   -4.0983
   -4.0353
   -3.9739
   -3.9150
   -3.8592
   -3.8056
   -3.7513
   -3.6947
   -3.6347
   -3.5691
   -3.4995
   -3.4268
   -3.3542
   -3.2817
   -3.2086
   -3.1378
   -3.0685
   -3.0009
   -2.9306
   -2.8648
   -2.7989
   -2.7344
   -2.6705
   -2.6064
   -2.5407
   -2.4740
   -2.4087
   -2.3428
   -2.2759
   -2.2062
   -2.1372
   -2.0666
   -1.9975
   -1.9308
   -1.8619
   -1.7912
   -1.7198
   -1.6492
   -1.5780
   -1.5078
   -1.4377
   -1.3687
   -1.2999
   -1.2313
   -1.1653
   -1.1370
   -1.0797
   -1.0281
   -0.9799
   -0.9366
   -0.8964
   -0.8579
   -0.8216
   -0.7852
   -0.7481
   -0.7102
   -0.6717
   -0.6356
   -0.6002
   -0.5671
   -0.5405
   -0.5162
   -0.4943
   -0.4757
   -0.4587
   -0.4428
   -0.4296
   -0.4191
   -0.4088
   -0.4038
   -0.4081
   -0.4175
   -0.4369
   -0.4598
   -0.4864
   -0.5172
   -0.5440
   -0.5746
   -0.6042
   -0.6396
   -0.6735
   -0.7108
   -0.7506
   -0.7945
   -0.8386
   -0.8865
   -0.9377
   -0.9876
   -1.0387
   -1.0922
   -1.1467
   -1.2014
   -1.2594
   -1.3182
   -1.3731
   -1.4271
   -1.4828
   -1.5401
   -1.5974
   -1.6539
   -1.7112
   -1.7708
   -1.8288
   -1.8858
   -1.9410
   -1.9914
   -2.0370
   -2.0784
   -2.1117
   -2.1424
   -2.1707
   -2.1958
   -2.2200
   -2.2460
   -2.2719
   -2.2994
   -2.3267
   -2.3545
   -2.3782
   -2.3959
   -2.4086
   -2.4081
   -2.3945
   -2.3709
   -2.3367
   -2.2958
   -2.2506
   -2.2070
   -2.1631
   -2.1230
   -2.0845
   -2.0461
   -2.0051
   -1.9601
   -1.9143
   -1.8690
   -1.8202
   -1.7730
   -1.7240
   -1.6725
   -1.6154
   -1.5558
   -1.4938
   -1.4269
   -1.3551
   -1.2829
   -1.2081
   -1.1315
   -1.0538
   -0.9733
   -0.8911
   -0.8081
   -0.7258
   -0.6443
   -0.5637
   -0.4872
   -0.4156
   -0.3466
   -0.2785
   -0.2111
   -0.1446
   -0.0780
   -0.0096
    0.0589
    0.1275
    0.1954
    0.2602
    0.3235
    0.3837
    0.4380
    0.4890
    0.5394
    0.5896
    0.6379
    0.6878
    0.7391
    0.7903
    0.8395
    0.8917
    0.9405
    0.9833
    1.0227
    1.0544
    1.0762
    1.0911
    1.1001
    1.1041
    1.1030
    1.1052
    1.1064
    1.1101
    1.1180
    1.1350
    1.1546
    1.1777
    1.2027
    1.2295
    1.2546
    1.2807
    1.3077
    1.3314
    1.3534
    1.3720
    1.3888
    1.4046
    1.4187
    1.4317
    1.4431
    1.4528
    1.4649
    1.4760
    1.4895
    1.5063
    1.5271
    1.5529
    1.5796
    1.6089
    1.6415
    1.6759
    1.7112
    1.7487
    1.7879
    1.8285
    1.8706
    1.9108
    1.9493
    1.9869
    2.0219
    2.0561
    2.0919
    2.1287
    2.1687
    2.2064
    2.2427
    2.2816
    2.3206
    2.3566
    2.3919
    2.4273
    2.4604
    2.4966
    2.5368
    2.5793
    2.6219
    2.6668
    2.7104
    2.7500
    2.7858
    2.8210
    2.8522
    2.8844
    2.9167
    2.9498
    2.9796
    3.0062
    3.0295
    3.0536
    3.0791
    3.1080
    3.1376
    3.1662
    3.1971
    3.2281
    3.2608
    3.2954
    3.3292
    3.3624
    3.3981
    3.4356
    3.4796
    3.5244
    3.5725
    3.6215
    3.6696
    3.7177
    3.7674
    3.8193
    3.8743
    3.9340
    3.9985
    4.0662
    4.1381
    4.2110
    4.2848
    4.3589
    4.4348
    4.5103
    4.5874
    4.6664
    4.7487
    4.8316
    4.9234
    5.0175
    5.1203
    5.2231
    5.3260
    5.4298
    5.5399
    5.6565
    5.7813
    5.9124
    6.0483
    6.1874
    6.3259
    6.4700
    6.6174
    6.7615
    6.9088
    7.0664
    7.2291
    7.3956
    7.5705
    7.7508
    7.9328
    8.1130
    8.2989
    8.4896
    8.6785
    8.8709
    9.0660
    9.2594
    9.4536
    9.6464
    9.8351
   10.0239
   10.2110
   10.3957
   10.5812
   10.7625
   10.9495
   11.1315
   11.3119
   11.4907
   11.6660
   11.8397
   12.0119
   12.1779
   12.3423
   12.5030
   12.6591
   12.8112
   12.9595
   13.1039
   13.2435
   13.3807
   13.5163
   13.6526
   13.7944
   13.9353
   14.0810
   14.2274
   14.3747
   14.5165
   14.6601
   14.8030
   14.9482
   15.1006
   15.2609
   15.4234
   15.5868
   15.7500
   15.9110
   16.0704
   16.2307
   16.3965
   16.5639
   16.7331
   16.9117
   17.0951
   17.2707
   17.4375
   17.6006
   17.7528
   17.8970
   18.0346
   18.1696
   18.2999
   18.4210
   18.5415
   18.6603
   18.7707
   18.8851
   18.9969
   19.1078
   19.2260
   19.3466
   19.4679
   19.5916
   19.7184
   19.8541
   19.9879
   20.1315
   20.2817
   20.4334
   20.5900
   20.7547
   20.9234
   21.1006
   21.2835
   21.4743
   21.6689
   21.8683
   22.0706
   22.2752
   22.4837
   22.6935
   22.9073
   23.1210
   23.3328
   23.5461
   23.7585
   23.9693
   24.1807
   24.3929
   24.6025
   24.8080
   25.0144
   25.2166
   25.4150
   25.6111
   25.8015
   25.9847
   26.1622
   26.3332
   26.4995
   26.6603
   26.8162
   26.9656
   27.1120
   27.2559
   27.4040
   27.5595
   27.7207
   27.8876
   28.0587
   28.2340
   28.4128
   28.5909
   28.7734
   28.9560
   29.1343
   29.3137
   29.4901
   29.6684
   29.8468
   30.0206
   30.1894
   30.3575
   30.5241
   30.6853
   30.8368
   30.9827
   31.1156
   31.2387
   31.3553
   31.4662
   31.5646
   31.6571
   31.7454
   31.8286
   31.9059
   31.9806
   32.0495
   32.1159
   32.1767
   32.2325
   32.2851
   32.3345
   32.3823
   32.4285
   32.4707
   32.5059
   32.5411
   32.5732
   32.6037
   32.6351
   32.6705
   32.7044
   32.7377
   32.7694
   32.7995
   32.8289
   32.8582
   32.8908
   32.9234
   32.9550
   32.9890
   33.0252
   33.0661
   33.1076
   33.1521
   33.1956
   33.2382
   33.2791
   33.3185
   33.3570
   33.3924
   33.4261
   33.4591
   33.4890
   33.5158
   33.5396
   33.5603
   33.5825
   33.6039
   33.6267
   33.6509
   33.6800
   33.7098
   33.7410
   33.7730
   33.8082
   33.8450
   33.8915
   33.9460
   34.0126
   34.0913
   34.1823
   34.2809
   34.3845
   34.4871
   34.5892
   34.6888
   34.7846
   34.8794
   34.9745
   35.0684
   35.1609
   35.2512
   35.3416
   35.4329
   35.5268
   35.6262
   35.7240
   35.8194
   35.9077
   35.9840
   36.0437
   36.0898
   36.1192
   36.1341
   36.1378
   36.1344
   36.1230
   36.1029
   36.0756
   36.0410
   35.9986
   35.9498
   35.8948
   35.8283
   35.7487
   35.6627
   35.5678
   35.4636
   35.3518
   35.2383
   35.1269
   35.0194
   34.9133
   34.8116
   34.7185
   34.6324
   34.5549
   34.4780
   34.4002
   34.3225
   34.2432
   34.1592
   34.0752
   33.9921
   33.9099
   33.8277
   33.7456
   33.6565
   33.5602
   33.4529
   33.3313
   33.1969
   33.0503
   32.8909
   32.7274
   32.5549
   32.3789
   32.2060
   32.0358
   31.8693
   31.7106
   31.5613
   31.4165
   31.2709
   31.1259
   30.9793
   30.8287
   30.6749
   30.5217
   30.3717
   30.2257
   30.0875
   29.9589
   29.8398
   29.7294
   29.6246
   29.5230
   29.4237
   29.3237
   29.2237
   29.1302
   29.0399
   28.9480
   28.8585
   28.7782
   28.7007
   28.6244
   28.5562
   28.4983
   28.4495
   28.4074
   28.3664
   28.3174
   28.2680
   28.2117
   28.1396
   28.0542
   27.9488
   27.8308
   27.7088
   27.5908
   27.4746
   27.3720
   27.2736
   27.1943
   27.1405
   27.1050
   27.0672
   27.0365
   26.9939
   26.9344
   26.8702
   26.8112
   26.7563
   26.6939
   26.6188
   26.5398
   26.4505
   26.3564
   26.2592
   26.1541
   26.0418
   25.9199
   25.7901
   25.6595
   25.5367
   25.4195
   25.3069
   25.1999
   25.0928
   24.9863
   24.8872
   24.8009
   24.7290
   24.6731
   24.6269
   24.5957
   24.5733
   24.5596
   24.5523
   24.5562
   24.5578
   24.5602
   24.5635
   24.5635
   24.5555
   24.5491
   24.5425
   24.5288
   24.5069
   24.4723
   24.4281
   24.3709
   24.3121
   24.2508
   24.1933
   24.1348
   24.0847
   24.0481
   24.0248
   24.0069
   23.9841
   23.9601
   23.9159
   23.8489
   23.7610
   23.6363
   23.4874
   23.3407
   23.1906
   23.0427
   22.9124
   22.7820
   22.6445
   22.4975
   22.3475
   22.2071
   22.0674
   21.9253
   21.7776
   21.6267
   21.4797
   21.3390
   21.2048
   21.0792
   20.9577
   20.8241
   20.6794
   20.5314
   20.3817
   20.2295
   20.0751
   19.9147
   19.7406
   19.5393
   19.3131
   19.0718
   18.8101
   18.5390
   18.2719
   18.0089
   17.7326
   17.4499
   17.1520
   16.8350
   16.5054
   16.1796
   15.8515
   15.5224
   15.1941
   14.8721
   14.5572
   14.2479
   13.9521
   13.6651
   13.3789
   13.0950
   12.8216
   12.5474
   12.2740
   11.9950
   11.7129
   11.4293
   11.1433
   10.8677
   10.6105
   10.3566
   10.1212
    9.8970
    9.6810
    9.4684
    9.2695
    9.0757
    8.8925
    8.7151
    8.5532
    8.4122
    8.2800
    8.1584
    8.0465
    7.9370
    7.8236
    7.7022
    7.5690
    7.4271
    7.2758
    7.1134
    6.9497
    6.7902
    6.6292
    6.4707
    6.3244
    6.1917
    6.0751
    5.9720
    5.8920
    5.8286
    5.7745
    5.7224
    5.6701
    5.6129
    5.5442
    5.4760
    5.4085
    5.3528
    5.3067
    5.2710
    5.2400
    5.2147
    5.1957
    5.1832
    5.1708
    5.1599
    5.1482
    5.1350
    5.1168
    5.1020
    5.0896
    5.0821
    5.0780
    5.0789
    5.0863
    5.1002
    5.1175
    5.1438
    5.1725
    5.2013
    5.2286
    5.2438
    5.2438
    5.2189
    5.1658
    5.0934
    5.0039
    4.9068
    4.8069
    4.7148
    4.6264
    4.5458
    4.4683
    4.4010
    4.3400
    4.2877
    4.2417
    4.1988
    4.1590
    4.1200
    4.0848
    4.0518
    4.0219
    4.0000
    3.9813
    3.9657
    3.9549
    3.9466
    3.9426
    3.9379
    3.9343
    3.9279
    3.9258
    3.9272
    3.9265
    3.9365
    3.9563
    3.7144
    3.4783
    3.2556
    3.0386
    2.8191
    2.5937
    2.3602
    2.1217
    1.8808
    1.6365
    1.3907
    1.1456
    0.9055
    0.6671
    0.4286
    0.1902
   -0.0476
   -0.2871
   -0.5299
   -0.7777
   -1.0296
   -1.2931
   -1.5646
   -1.8402
   -2.1213
   -2.3985
   -2.6642
   -2.9124
   -3.1372
   -3.3445
