27416.6602
27416.8809
27416.9434
27416.8438
27416.3789
27416.6113
27416.5781
27416.4805
27416.5137
27416.3809
27416.5156
27416.3828
27416.3164
27416.7461
27416.9473
27417.2773
27417.2754
27417.7734
27417.8398
27418.0723
27418.0684
27418.3984
27418.5625
27419.2578
27418.9258
27419.0918
27418.4297
27418.4297
27418.8262
27419.2871
27418.9551
27418.9258
27418.9883
27419.1230
27419.1211
27419.2539
27419.2539
27419.1855
27419.4863
27419.7188
27419.6172
27419.4844
27419.4512
27419.4180
27419.3867
27419.5195
27419.5195
27419.6816
27419.6836
27419.6855
27419.5859
27419.5508
27419.7832
27419.9512
27419.9180
27419.6504
27419.5527
27419.2520
27419.4863
27419.7520
27419.5820
27419.8477
27419.8809
27420.1465
27420.3770
27420.5059
27420.8379
27421.2676
27421.3008
27421.4316
27421.3984
27421.2305
27421.4277
27421.0625
27421.0605
27420.9258
27420.6582
27420.5938
27420.4590
27420.0938
27420.0605
27419.5625
27419.2988
27419.0977
27419.0977
27418.8984
27418.6992
27418.7656
27418.5020
27418.6699
27418.7695
27418.5039
27418.4727
27418.2715
27418.2383
27418.1719
27418.0703
27418.2363
27418.0703
27418.2695
27418.3027
27418.5703
27418.9004
27418.7344
27418.8008
27418.5684
27418.7344
27419.0000
27418.8672
27419.1328
27418.8008
27418.6016
27418.8008
27418.6680
27418.7695
27418.4707
27418.4355
27418.6035
27418.2363
27418.1367
27417.9355
27417.8691
27417.9023
27417.7695
27417.5020
27417.4688
27416.9395
27416.8711
27416.6074
27416.3398
27416.1074
27415.6758
27416.0059
27415.8730
27415.8379
27415.8711
27416.0703
27415.9707
27415.9023
27416.0684
27416.2656
27416.7988
27417.0312
27417.6270
27417.6934
27417.6602
27417.6934
27418.0586
27418.4902
27418.7227
27419.1543
27419.2539
27419.2520
27418.9551
27418.2246
27417.9258
27417.8906
27417.8594
27417.6914
27417.3574
27416.8262
27416.9238
27416.5898
27416.2578
27415.4922
27415.2910
27415.2578
27414.9902
27415.0234
27415.1895
27414.8906
27414.9238
27415.0215
27414.6230
27414.8887
27414.7871
27414.7891
27414.8867
27414.6875
27414.5547
27414.4531
27414.4531
27414.0176
27414.3184
27413.9492
27413.8184
27413.8496
27413.8828
27413.9160
27414.1152
27414.0820
27413.8809
27413.8477
27414.1133
27414.1797
27414.1445
27414.1797
27414.1445
27414.1113
27414.0781
27414.0781
27414.0430
27413.9102
27413.9102
27413.9414
27413.9082
27413.8398
27413.8066
27413.7051
27413.8398
27414.0059
27413.7715
27413.8711
27413.6387
27413.8047
27413.6387
27413.7363
27413.8691
27413.8027
27413.8379
27413.9043
27414.0039
27413.9688
27413.9688
27413.6680
27413.8027
27413.4688
27413.7012
27413.6348
27413.4336
27413.3340
27413.3672
27413.3340
27413.1328
27412.7676
27412.8672
27412.8340
27412.5332
27412.5000
27412.5000
27412.2344
27412.1992
27412.3672
27412.5332
27412.3320
27412.3672
27412.2656
27412.3984
27412.4316
27412.3652
27412.5312
27412.1309
27412.3984
27412.2305
27412.2637
27411.8320
27412.0977
27412.2969
27412.0977
27412.0977
27411.8613
27411.6953
27411.5625
27411.5293
27411.3945
27411.6621
27411.6953
27411.6289
27411.7285
27411.8613
27411.8281
27411.7285
27411.4277
27411.6602
27411.6953
27411.6270
27411.6270
27411.7617
27411.6621
27411.3945
27411.5273
27411.5938
27411.5605
27411.5273
27411.7930
27411.6270
27412.3613
27412.1602
27412.5938
27412.5273
27412.6602
27412.5938
27412.2266
27412.2578
27411.9902
27412.0898
27412.1250
27412.0254
27412.2246
27412.0254
27412.3262
27412.8262
27412.8926
27412.9258
27412.9590
27413.3945
27413.4277
27413.3945
27413.1270
27413.1270
27413.1270
27412.9277
27412.9043
27413.0605
27413.0938
27412.9609
27412.8594
27412.8574
27412.8262
27412.7910
27412.8574
27412.7910
27412.5566
27412.5234
27412.1914
27412.2891
27412.1562
27412.1543
27412.0879
27411.8555
27411.9551
27411.7871
27411.9531
27411.7852
27412.1855
27411.8184
27412.3516
27412.0840
27412.2520
27411.8164
27412.0820
27412.5156
27412.8828
27412.4121
27412.5801
27413.0449
27413.0117
27413.2461
27413.2109
27413.3105
27413.4434
27413.5781
27413.9121
27414.2109
27414.1113
27414.5078
27414.5039
27414.4688
27414.7656
27414.7324
27414.4980
27414.7949
27414.5957
27414.7949
27414.6953
27415.0332
27414.7324
27414.6328
27414.5664
27414.6328
27414.6328
27414.4688
27414.5352
27414.4004
27414.5000
27414.4707
27414.3359
27414.5020
27414.3672
27414.3340
27414.2695
27414.5703
27414.4707
27414.5371
27414.5039
27414.5391
27414.4414
27414.5762
27414.5781
27414.8809
27414.6465
27414.7812
27414.6836
27414.9492
27415.0469
27415.0801
27415.4766
27415.5801
27415.4727
27416.1055
27416.0723
27416.1367
27416.1699
27416.0352
27416.2344
27416.2344
27416.3320
27416.5312
27416.6660
27416.7988
27417.0977
27417.2324
27417.7305
27417.4629
27418.0312
27417.8965
27418.2656
27418.4316
27418.4648
27418.4316
27418.3672
27418.4355
27418.4668
27418.6328
27418.5664
27418.6660
27418.7988
27418.6309
27418.6973
27418.6973
27418.4297
27418.3652
27418.2637
27418.1641
27418.0664
27418.0332
27417.8340
27417.8652
27417.6328
27417.6328
27417.4004
27417.3984
27417.2988
27417.1660
27417.1328
27417.1348
27417.0000
27417.1016
27417.1367
27417.1699
27417.2383
27417.2734
27417.3066
27417.2051
27417.2695
27417.3359
27417.1699
27417.2012
27417.1992
27417.3652
27417.5293
27417.5625
27417.6289
27417.5312
27417.6328
27417.6348
27417.4707
27417.2695
27417.1738
27417.1055
27417.2070
27417.2754
27417.3789
27417.6152
27417.6152
27417.6152
27417.7500
27417.8516
27417.7207
27417.6543
27417.6211
27417.5879
27417.5527
27417.5527
27417.5859
27417.4512
27417.6211
27417.7227
27417.5898
27417.5918
27417.3906
27417.3926
27417.3242
27417.1562
27417.0898
27416.9238
27416.8867
27416.9199
27416.8516
27416.7168
27416.7500
27416.7480
27416.7832
27416.7168
27416.5508
27416.4551
27416.4551
27416.2891
27416.2559
27416.1875
27416.0879
27415.8574
27415.8574
27415.8887
27415.8535
27415.8535
27415.8535
27416.0195
27416.2168
27416.3809
27416.4805
27416.6816
27416.7480
27416.7480
27416.7949
27416.8867
27416.6855
27416.6523
27416.6191
27416.5547
27416.3555
27416.1914
27416.1934
27416.1934
27416.2891
27416.2227
27416.4531
27416.5879
27416.9199
27417.1523
27417.1855
27417.2852
27417.2852
27417.2852
27417.2852
27417.0469
27416.8477
27416.7793
27416.6133
27416.6445
27416.5117
27416.4453
27416.7129
27416.5820
27416.5820
27416.7480
27416.6816
27416.6816
27416.5469
27416.7129
27416.5098
27416.5430
27416.5430
27416.8105
27416.8750
27416.8086
27416.9082
27416.8086
27416.8047
27417.1035
27417.3047
27417.2051
27417.1074
27417.1387
27417.2070
27417.1387
27417.2402
27417.1758
27417.1758
27417.3066
27417.2773
27417.2129
27417.2090
27417.3086
27417.4062
27417.4355
27417.5352
27417.4004
27417.4941
27417.4941
27417.4609
27417.5957
27417.4590
27417.4258
27417.5293
27417.3574
27417.3926
27417.2227
27417.3574
27417.2910
27417.4258
27417.4902
27417.3223
27417.4219
27417.5566
27417.6543
27417.8906
27417.7539
27417.8223
27417.7227
27418.2617
27417.7168
27418.3906
27418.2559
27418.3223
27418.2207
27418.2207
27418.1895
27418.2871
27418.3555
27418.4551
27418.2168
27418.3848
27418.4883
27418.4863
27418.4883
27418.4902
27418.6230
27418.8281
27418.7031
27418.8965
27419.1699
27418.7695
27419.1738
27418.9160
27419.0508
27419.1250
27418.8535
27419.0039
27419.0742
27419.0078
27419.1543
27419.0957
27419.0938
27419.3828
27419.2422
27419.3730
27419.4766
27419.6035
27419.5586
27419.6934
27419.5684
27419.5859
27419.8633
27420.1523
27419.8945
27420.0234
27419.8535
27419.9219
27419.9316
27420.1543
27420.2988
27420.3926
27420.3320
27420.2090
27420.0977
27420.0430
27419.9180
27420.0059
27419.9551
27420.1113
27419.9902
27420.0059
27420.2246
27420.2480
27420.5430
27420.3633
27420.4434
27420.3945
27420.2109
27419.8965
27420.0508
27420.0723
27419.8340
27419.9980
27419.8652
27420.0664
27420.0293
27419.6289
27420.0332
27419.5566
27420.0332
27420.0273
27420.1348
27420.0957
27420.2324
27420.5703
27420.4297
27420.6348
27420.7988
27421.1777
27421.2383
27421.5059
27421.4746
27421.6055
27421.6094
27421.5371
27421.8125
27421.8418
27422.1504
27422.1855
27422.1523
27422.1836
27422.2480
27422.0840
27421.9121
27421.9355
27422.0391
27421.9727
27422.2754
27422.2402
27422.4473
27422.4531
27422.7871
27423.1953
27423.2930
27423.8672
27423.8379
27423.6992
27423.5684
27422.9551
27422.8555
27422.6582
27422.9590
27423.5273
27423.3301
27423.4902
27423.6230
27423.8984
27424.0996
27424.6113
27424.7793
27424.8438
27424.7422
27424.6426
27424.5938
27424.4258
27424.3574
27424.2168
27424.0781
27424.0488
27423.7773
27424.0137
27424.0801
27424.2168
27424.3262
27424.5664
27424.8691
27424.9004
27425.3340
27425.1660
27425.4336
27425.7695
27425.7695
27426.0645
27426.2090
27426.6504
27426.8906
27427.2949
27427.2949
27427.3965
27427.7266
27427.7598
27427.9629
27428.0547
27428.3965
27428.4629
27428.8320
27428.9004
27429.3359
27429.3965
27429.9004
27429.9277
27430.2539
27429.8262
27429.8535
27429.9863
27429.8867
27429.9492
27430.3145
27429.9727
27430.2324
27430.1641
27430.2578
27430.1914
27430.4629
27430.5176
27430.6855
27430.6133
27430.9805
27430.7852
27431.1445
27431.4160
27431.4492
27431.5840
27431.5117
27431.4121
27431.6836
27431.8438
27431.7109
27431.7695
27432.0391
27432.1055
27432.1387
27432.0371
27432.0332
27432.1387
27432.1641
27432.2285
27432.3730
27432.5703
27432.9102
27432.7461
27432.8477
27432.6738
27433.2051
27433.4453
27433.6465
27434.1816
27434.3555
27435.1387
27434.9336
27434.8965
27434.7285
27434.9551
27435.0176
27435.0449
27435.1445
27435.2500
27435.3066
27435.4863
27435.5859
27435.3457
27435.4023
27435.4336
27435.3281
27435.4609
27435.4863
27435.2871
27435.3125
27435.1777
27435.0352
27434.9980
27435.0234
27434.7773
27434.9883
27434.8086
27434.9023
27434.5352
27434.6660
27434.3926
27434.1543
27434.1230
27433.6758
27433.4336
27432.7812
27433.0234
27432.8262
27433.0957
27432.9277
27433.0625
27432.7695
27432.7266
27432.4688
27432.0625
27432.2676
27431.7305
27431.9355
27431.9668
27432.0703
27432.0762
27432.1758
27432.1133
27432.0703
27432.0176
27431.7754
27431.5059
27431.6641
27431.2969
27431.4277
27431.6055
27431.4043
27431.4414
27431.2109
27430.8359
27430.5566
27430.3262
27429.7773
27429.5449
27429.6816
27429.4121
27429.2852
27429.5020
27429.4648
27429.2969
27429.3965
27429.2656
27429.3379
27429.7129
27429.2441
27429.4863
27429.4492
27429.3496
27429.2109
27429.4492
27429.2480
27429.3164
27429.2969
27429.3691
27429.4395
27429.5059
27429.4629
27429.3125
27429.5547
27429.4219
27429.4668
27429.5703
27429.7656
27429.6660
27429.5645
27429.4902
27429.0332
27429.0391
27428.8789
27428.8164
27429.1270
27428.8887
27429.0957
27429.2012
27429.3633
27428.8887
27428.7832
27428.8574
27429.0137
27429.3203
27429.2871
27429.3926
27429.6621
27429.9434
27429.9434
27430.5039
27430.4980
27430.4980
27430.7598
27430.8652
27430.9023
27430.9922
27431.1914
27430.7734
27430.7734
27430.6797
27430.6094
27430.5781
27430.2031
27430.3672
27430.2109
27430.1152
27429.9023
27429.9395
27429.6719
27429.5762
27429.6836
27429.6895
27429.3145
27429.1582
27428.8633
27428.7012
27429.1699
27428.9277
27429.3262
27429.1699
27429.1934
27429.0254
27428.9883
27429.3633
27428.7441
27428.5195
27428.2617
27428.2500
27428.1250
27428.1562
27428.1562
27427.8320
27427.8379
27428.0430
27427.8750
27428.0996
27427.8750
27428.4688
27428.3379
27428.6367
27428.5352
27428.4980
27428.6426
27428.4785
27428.5723
27428.5234
27428.2539
27428.3105
27428.2402
27428.5332
27428.6582
27428.5957
27428.6270
27428.7344
27428.7637
27429.0391
27428.9082
27428.7324
27428.8398
27428.8320
27428.4512
27427.7305
27426.9355
27427.2793
27427.0176
27427.1484
27426.5098
27426.4023
27426.0020
27425.6270
27425.4961
27425.3711
27425.6465
27425.8457
27426.0156
27426.0508
27426.0312
27425.7695
27425.8613
27425.6230
27425.3555
27425.4180
27425.4238
27425.2773
27425.0469
27424.6719
27424.5703
27424.6699
27424.8008
27425.0527
27424.9707
27424.9316
27425.1387
27425.3770
27425.6133
27425.9199
27425.5449
27425.4688
27425.1680
27425.2051
27424.8281
27424.4219
27424.2910
27424.5430
27424.6484
27425.5977
27426.0234
27426.1230
27425.8613
27425.1094
27424.7402
27424.0117
27423.8750
27423.6055
27423.6973
27423.6602
27423.8906
27423.8145
27423.8770
27423.9688
27423.8535
27423.7402
27423.8477
27424.4844
27424.9062
27424.7969
27424.7285
27424.3516
27424.3145
27423.8750
27423.7988
27423.9434
27424.2812
27424.2578
27424.2637
27424.4102
27424.4707
27424.4785
27424.7930
27424.6230
27424.4609
27424.0391
27424.0449
27424.0918
27424.0977
27424.3906
27424.1895
27423.9746
27424.1055
27423.2910
27423.3223
27422.9316
27423.1758
27422.8613
27422.7070
27422.6367
27422.3984
27422.5137
27421.8203
27421.4590
27421.4199
27421.0273
27420.9414
27420.9570
27420.8184
27420.9180
27420.8477
27420.3945
27420.6953
27420.8633
27421.3008
27421.4160
27421.1387
27420.9316
27420.6230
27420.7695
27420.5234
27420.1836
27419.8066
27419.7383
27419.7383
27419.2461
27419.2539
27419.2520
27419.2148
27418.8750
27418.7129
27418.8438
27418.5430
27418.6738
27418.2949
27418.3262
27418.4043
27418.1719
27418.5645
27418.4941
27418.3633
27417.8008
27417.6777
27417.1934
27417.2148
27417.0078
27416.6914
27417.0312
27417.0059
27417.0996
27417.0117
27417.0293
27417.1973
27417.0664
27417.2949
27417.3730
27417.0488
27416.9336
27416.4395
27416.3320
27415.9238
27415.6543
27415.4844
27415.2832
27415.1816
27415.2441
27415.1211
27415.1660
27415.1348
27415.2812
27414.6738
27414.7344
27414.1699
27414.4473
27413.7461
27413.4844
27413.4160
27413.3750
27412.9668
27413.1055
27413.5273
27413.4570
27413.2266
27413.2715
27413.0254
27412.7168
27412.7168
27412.7070
27412.4082
27412.2988
27412.3906
27412.0215
27411.9414
27412.1582
27412.0957
27412.4277
27412.7500
27412.5410
27412.5879
27412.7109
27412.7637
27412.6777
27412.8086
27412.4375
27412.3750
27412.4668
27412.6758
27412.7363
27412.5352
27412.9121
27413.0586
27412.7422
27412.9180
27412.9277
27412.5801
27412.3477
27411.8535
27411.6836
27411.8613
27412.1074
27412.3535
27411.8359
27411.3027
27411.1016
27411.5566
27412.5684
27411.8340
27411.3867
27411.7715
27412.0488
27411.8711
27411.4609
27411.2734
27410.7188
27410.7266
27410.4082
27410.4316
27409.9219
27409.9512
27409.9512
27410.3750
27410.2070
27409.9277
27409.7188
27409.2168
27409.0859
27409.1465
27409.5938
27409.2227
27409.4395
27409.0605
27409.1133
27408.8516
27409.1582
27408.9414
27409.3105
27409.1094
27409.2773
27409.3262
27409.0469
27409.1348
27409.0332
27408.9023
27408.7324
27409.1016
27408.6523
27408.7422
27408.7559
27408.9199
27409.5273
27409.7363
27409.5664
27409.5527
27409.9434
27409.9219
27409.7734
27409.8105
27409.8711
27410.0801
27410.1406
27410.4707
27410.5312
27411.1387
27411.3672
27411.4082
27411.5195
27411.2793
27411.4707
27411.4688
27411.4766
27411.6367
27411.8457
27411.7461
27411.8672
27411.6445
27411.1953
27411.2051
27411.0645
27411.0117
27410.7500
27410.5371
27410.4980
27410.4941
27410.6328
27410.6504
27410.7480
27410.3398
27410.4883
27410.3086
27410.4688
27410.0547
27410.4648
27410.3418
27410.0117
27410.1035
27409.7422
27410.1504
27409.9805
27409.8887
27409.7695
27409.9082
27409.8691
27409.9082
27409.8066
27409.5273
27409.5078
27409.1660
27409.3262
27409.0762
27408.9863
27408.7773
27408.6758
27408.6953
27408.6836
27408.4961
27408.4434
27408.6426
27408.8516
27408.9902
27408.7988
27408.9395
27409.0684
27409.0859
27408.9863
27409.0547
27409.1953
27409.3848
27409.3633
27409.3633
27409.5000
27409.4219
27409.7969
27409.4863
27409.5273
27409.3965
27409.5273
27409.1660
27409.2734
27409.0742
27408.7246
27408.7539
27408.4727
27408.5430
27408.6426
27408.9004
27408.7793
27408.8984
27408.9980
27409.0762
27409.0469
27409.0664
27409.0352
27408.8438
27408.8535
27409.0215
27409.1406
27409.2715
27409.0801
27409.1504
27409.2598
27409.2109
27409.5293
27409.5781
27409.8184
27409.8066
27409.7754
27409.6074
27409.4863
27409.4941
27409.5156
27409.9453
27409.6738
27409.8535
27409.9746
27410.3535
27410.2637
27410.4336
27410.2930
27409.9316
27410.0723
27410.2812
27410.1523
27409.9121
27410.2031
27410.3809
27410.4199
27410.3906
27410.6602
27410.7012
27410.7305
27410.6113
27410.7305
27411.1406
27411.0801
27411.2520
27411.4805
27411.2012
27411.6211
27411.3691
27411.5801
27411.4395
27411.2090
27411.4004
