27472.7520
27473.1328
27473.2617
27473.1348
27473.1777
27473.0488
27473.2617
27473.0605
27473.2910
27473.2500
27473.3652
27472.9785
27473.2812
27473.1523
27473.1523
27473.1660
27473.3242
27473.1699
27473.3125
27473.3828
27473.4707
27473.4395
27473.4688
27473.4980
27473.5840
27473.4160
27473.3340
27473.4746
27473.5195
27473.5742
27473.5781
27473.6250
27473.7539
27473.8809
27473.8398
27473.6836
27473.3574
27473.4727
27473.5977
27473.4180
27473.2598
27473.5020
27473.4766
27473.3770
27473.5020
27473.7539
27473.6973
27473.6484
27473.4062
27473.5898
27473.9746
27474.1328
27474.4902
27474.5332
27474.6895
27474.9473
27474.9902
27475.4180
27475.5176
27475.2578
27475.5586
27475.4883
27475.3301
27475.2871
27475.1328
27474.9316
27474.8203
27474.7070
27474.4648
27474.6074
27474.3828
27474.4238
27474.6230
27474.5664
27474.9082
27474.7500
27474.6230
27474.7715
27474.9824
27474.7402
27474.7676
27474.4824
27474.7383
27475.0078
27475.2227
27475.2344
27475.0645
27475.1641
27475.5195
27475.2930
27475.4941
27475.5215
27475.2676
27475.2812
27475.3223
27475.3066
27475.1074
27475.3203
27475.1211
27474.8652
27475.2344
27475.1641
27475.2773
27475.4355
27475.1797
27475.3359
27475.1211
27474.9512
27474.6797
27474.3398
27474.2539
27474.3398
27473.9688
27474.2246
27474.0234
27474.2383
27474.1797
27474.2227
27474.2637
27474.0078
27474.2070
27474.2637
27474.0918
27474.0059
27473.8184
27474.0332
27473.9473
27473.5312
27473.5605
27473.4727
27473.4297
27473.5566
27473.4570
27473.4707
27473.8730
27473.7266
27473.7129
27473.4707
27473.3574
27473.4297
27473.4160
27473.4297
27473.2891
27473.3027
27473.6035
27473.2734
27473.2031
27473.3164
27473.1875
27473.0879
27472.9316
27472.8320
27472.6758
27472.5312
27472.6309
27472.4883
27472.4160
27472.3008
27472.4297
27472.4297
27472.6445
27472.7578
27472.7285
27472.5586
27472.6426
27472.6152
27472.5703
27472.6719
27472.4844
27472.3711
27472.2852
27472.2012
27472.1445
27471.8301
27471.7305
27471.2441
27471.5469
27471.4727
27471.5020
27471.6875
27471.8301
27471.8438
27472.0293
27471.8730
27471.9434
27472.0430
27471.9727
27472.0859
27471.8438
27472.0312
27471.9453
27472.1875
27472.1445
27472.1875
27472.3438
27472.3008
27472.3301
27472.3730
27472.3457
27472.2441
27471.7871
27471.9453
27471.9023
27471.6465
27471.9746
27471.6191
27471.6328
27471.8184
27471.2617
27471.4043
27471.1465
27471.0195
27471.2461
27471.1348
27471.0488
27471.2773
27471.1914
27471.4492
27471.3340
27471.3203
27471.2207
27471.1211
27471.2207
27471.1211
27471.2793
27471.2500
27471.2090
27471.3223
27470.8516
27471.0508
27471.0801
27470.9805
27470.8652
27470.8516
27470.7949
27470.8945
27470.9941
27470.7949
27470.9531
27470.9238
27470.8379
27470.8945
27470.7812
27470.9512
27470.5371
27470.5820
27470.3242
27470.5527
27470.3809
27470.5684
27470.3105
27470.0664
27470.2109
27470.1543
27470.3691
27470.2402
27470.3984
27470.8555
27470.8418
27470.7422
27470.8418
27470.7852
27470.9004
27470.8867
27471.1309
27471.1738
27471.0605
27471.2031
27471.2305
27471.3027
27471.1465
27471.2461
27471.1191
27470.8457
27470.9609
27470.7891
27470.7617
27470.8633
27470.9492
27470.8770
27471.0918
27471.2637
27471.4219
27471.6797
27471.7656
27471.8945
27471.8359
27471.8516
27471.4941
27471.6660
27471.6660
27471.5234
27471.4531
27471.4082
27471.1250
27471.1680
27471.1250
27471.0117
27470.9258
27470.9121
27470.6836
27470.4980
27470.5137
27470.2695
27470.2852
27470.2285
27469.9414
27469.9570
27469.8281
27469.7715
27470.0020
27469.8730
27469.7715
27469.8594
27469.6016
27469.7734
27469.6895
27469.5469
27469.4043
27469.4609
27469.4609
27469.2773
27469.2207
27469.0781
27468.9219
27468.8652
27468.8652
27469.0781
27468.7520
27468.7520
27468.6504
27468.7383
27468.8965
27468.9941
27469.0391
27469.0527
27469.2969
27469.3105
27469.5117
27469.5254
27469.4414
27469.4688
27469.3848
27469.5566
27469.5273
27469.4141
27469.4707
27469.5430
27469.4297
27469.5293
27469.4883
27469.4883
27469.4160
27469.3887
27469.4180
27469.4180
27469.4180
27469.4473
27469.5039
27469.6914
27469.7773
27469.7051
27469.7910
27469.6777
27469.5918
27469.5918
27469.7344
27469.7930
27469.7188
27469.8340
27469.8340
27469.9199
27470.0625
27470.0352
27470.0918
27469.9785
27469.9785
27469.9375
27469.9531
27469.9238
27469.7969
27469.8535
27469.8262
27469.7246
27469.6250
27469.6250
27469.5273
27469.6543
27469.5977
27469.7129
27469.6699
27469.8281
27469.7266
27469.8691
27469.8984
27469.9570
27470.0703
27470.0000
27470.0566
27469.9121
27470.0430
27470.1855
27470.2422
27470.4121
27470.4531
27470.5840
27470.6836
27470.7695
27470.7832
27470.9395
27470.9551
27470.9414
27471.0410
27471.1133
27471.1133
27471.2129
27471.2285
27471.3145
27471.3418
27471.5137
27471.5293
27471.6855
27471.6582
27471.7598
27471.6875
27471.6719
27471.6719
27471.6445
27471.5742
27471.6309
27471.6738
27471.7246
27471.7285
27471.6562
27471.5684
27471.2891
27471.4609
27471.3594
27471.4609
27471.3613
27471.3750
27471.5312
27471.6328
27471.7324
27471.8047
27471.7754
27471.8750
27471.7480
27471.7773
27471.8047
27471.8047
27471.8496
27471.9766
27472.0059
27471.8496
27471.8066
27471.7500
27471.6523
27471.7520
27472.2500
27472.4219
27472.5059
27472.5195
27472.4336
27472.3477
27472.5781
27472.3203
27472.1797
27472.0801
27471.7812
27471.5508
27471.4668
27471.3516
27471.1680
27471.2402
27471.1406
27471.2109
27471.3125
27471.3828
27471.6426
27471.8145
27471.9160
27472.0859
27472.1582
27472.0879
27472.0449
27472.1289
27472.1309
27472.0586
27472.0879
27472.0137
27472.0430
27471.9863
27471.8848
27471.9551
27472.0410
27472.1680
27472.2969
27472.3262
27472.3262
27472.4102
27472.3535
27472.5391
27472.4961
27472.4258
27472.3965
27472.6387
27472.6816
27472.7676
27472.8379
27472.9668
27473.1680
27473.2383
27473.5117
27473.3984
27473.4707
27473.3984
27473.5117
27473.5410
27473.4238
27473.4824
27473.5508
27473.7207
27473.8047
27473.7500
27473.8906
27473.8906
27473.9043
27473.7617
27473.6758
27473.5469
27473.5488
27473.4199
27473.3477
27473.3633
27473.3359
27473.3516
27473.3223
27473.2949
27473.1953
27473.0684
27473.0684
27472.9688
27472.9844
27473.1680
27473.1973
27473.3242
27473.5820
27473.6387
27473.6816
27473.8672
27473.9375
27473.8945
27473.8379
27473.8945
27473.9512
27473.9082
27473.9922
27473.7090
27473.7207
27473.6504
27473.9180
27473.9375
27474.1875
27474.2734
27474.4297
27474.7422
27475.0273
27475.3242
27475.6484
27475.8750
27475.7461
27475.6777
27475.1797
27475.1230
27475.0801
27475.2930
27475.3652
27475.3535
27475.5527
27475.5371
27475.4961
27475.3691
27475.3125
27475.2852
27475.2285
27475.2988
27475.3711
27475.4453
27475.5879
27475.6172
27475.8047
27475.7773
27475.6602
27475.7598
27475.8164
27475.7734
27475.5293
27475.5859
27475.5586
27475.4980
27475.6426
27475.6426
27475.4707
27475.4707
27475.4414
27475.4707
27475.4707
27475.2715
27475.1992
27475.2383
27475.2363
27475.1230
27475.3086
27475.3770
27475.3613
27475.4492
27475.2461
27475.2129
27475.1855
27475.5586
27475.6152
27475.4980
27475.6699
27475.3945
27475.6094
27475.5820
27475.4941
27475.4668
27475.7109
27475.6387
27475.5234
27475.5801
27475.4473
27475.6914
27475.9473
27475.6328
27476.0039
27475.9922
27475.7754
27475.7031
27475.9805
27475.8184
27475.8809
27475.8672
27475.8242
27475.8555
27475.9980
27475.9824
27475.7676
27475.8965
27475.8242
27475.8809
27475.9805
27475.9648
27475.8066
27475.7363
27475.7520
27475.6797
27475.6953
27475.8809
27475.8242
27475.9121
27475.9844
27476.0273
27476.1445
27476.1289
27476.2129
27476.3164
27476.2715
27476.1738
27476.3164
27476.1562
27476.2734
27476.1289
27476.1855
27476.2129
27476.2285
27476.0957
27476.3242
27476.2930
27476.2480
27476.2051
27476.1895
27476.1895
27476.1602
27476.3164
27476.4043
27476.2598
27476.2051
27476.2207
27476.1641
27475.9922
27476.1211
27475.9199
27475.8203
27475.8477
27475.7637
27475.7090
27475.6094
27475.6523
27475.6973
27475.5801
27475.5977
27476.0840
27476.0859
27476.0254
27476.1855
27476.0527
27476.1816
27476.1816
27476.1367
27475.7773
27475.7051
27475.6777
27475.4043
27475.5215
27475.5215
27475.5938
27475.8359
27475.8359
27476.0684
27476.3262
27475.9707
27476.1699
27476.0859
27476.1406
27476.0137
27475.8867
27475.7988
27475.7578
27475.5859
27475.8027
27475.8477
27475.9023
27475.9023
27475.9590
27475.7871
27475.6699
27475.5859
27475.6035
27475.5312
27475.3027
27475.3750
27475.3906
27475.5801
27475.8535
27475.9980
27476.0684
27476.3027
27476.3145
27476.2969
27476.2422
27476.2422
27476.2148
27476.1699
27476.0703
27475.9531
27476.1250
27476.1973
27476.1250
27476.2539
27476.1094
27476.0215
27476.2363
27476.1816
27476.0820
27476.2090
27476.2090
27476.0371
27476.2363
27476.6934
27476.4980
27476.5547
27476.8594
27476.7754
27476.7598
27476.6758
27476.8320
27476.9707
27476.8438
27477.1113
27477.2109
27477.3926
27477.3496
27477.5879
27477.6152
27477.7441
27477.5156
27477.5273
27477.6543
27477.5059
27477.5781
27477.5059
27477.7559
27477.7441
27477.4844
27477.4395
27477.5547
27477.4551
27477.0664
27477.3223
27477.7617
27477.8281
27477.8281
27478.0000
27478.2773
27478.4746
27478.5117
27478.5820
27478.6934
27478.6934
27478.3926
27478.5938
27478.5781
27478.4590
27478.4980
27478.6094
27478.5820
27478.6484
27478.7480
27478.6602
27478.8301
27478.5684
27478.5977
27478.6973
27478.6680
27478.5684
27478.6250
27478.7344
27478.8242
27478.6523
27478.9141
27478.5840
27478.6035
27478.6035
27478.6016
27478.7305
27478.8398
27478.8125
27478.8672
27479.1387
27478.9668
27479.2129
27479.2402
27479.4570
27479.3125
27479.4395
27479.5176
27479.7461
27479.8066
27480.1289
27480.1016
27479.9668
27479.9824
27479.9316
27480.0586
27480.3027
27480.6309
27480.7148
27480.9141
27481.0586
27481.0918
27481.1094
27481.1094
27481.4824
27481.5527
27481.7266
27481.8262
27481.7090
27481.8652
27482.0195
27482.0918
27482.1914
27482.1641
27482.2461
27481.9473
27482.2637
27482.3359
27482.2461
27482.2168
27482.6699
27483.4199
27483.5098
27483.4199
27483.5039
27483.3750
27483.8203
27484.2266
27484.2656
27484.1641
27484.2363
27483.9922
27484.2637
27484.2637
27484.3359
27484.3926
27484.5254
27484.5605
27484.8594
27484.8770
27484.6211
27484.7031
27484.7109
27484.7949
27484.8223
27484.5762
27484.4883
27484.5703
27484.5059
27484.4414
27484.3965
27484.3418
27484.0977
27484.1426
27484.2422
27484.2578
27484.2754
27484.4863
27484.5039
27484.8203
27484.7656
27484.9004
27484.8008
27485.0176
27485.1504
27485.3516
27485.2695
27485.4590
27485.4316
27485.5488
27485.5586
27485.6758
27485.5586
27485.5215
27485.7930
27485.5664
27485.6543
27485.7207
27485.7656
27485.7207
27485.8574
27485.8203
27485.8574
27485.9570
27486.1133
27486.1855
27486.1680
27486.3848
27486.4785
27486.4336
27486.8145
27486.9258
27487.2539
27487.2637
27487.1738
27487.6914
27487.6289
27487.5293
27487.6113
27487.8555
27487.8730
27487.7988
27488.1621
27488.2168
27488.0723
27488.1445
27488.2539
27488.2539
27488.3516
27488.4688
27488.4414
27488.5879
27488.5801
27488.7422
27488.7969
27489.0156
27489.2148
27489.3594
27489.2324
27489.3867
27489.5039
27489.8320
27490.0605
27490.1602
27490.3867
27490.7617
27490.7793
27490.9219
27491.2598
27491.0879
27491.2148
27491.4766
27491.6211
27491.8125
27491.7402
27491.9395
27492.2031
27492.4941
27492.7520
27492.5566
27493.0215
27493.2754
27493.2852
27493.5039
27493.5762
27493.4316
27493.6855
27493.8711
27493.7227
27493.7129
27493.8047
27493.9062
27494.0957
27494.1953
27494.1328
27494.4062
27494.6875
27494.7324
27494.8867
27495.0039
27495.1875
27495.3418
27495.5859
27495.5957
27495.8965
27495.7949
27495.6230
27496.1406
27495.9688
27495.8770
27496.3965
27496.8691
27496.6055
27497.0137
27497.2148
27496.9688
27497.1699
27497.2969
27497.7246
27497.9961
27497.9961
27498.3516
27498.4316
27498.6699
27498.7871
27499.2949
27499.3770
27499.3770
27499.7949
27499.6504
27499.9492
27500.1328
27499.9121
27500.1406
27500.1055
27500.2207
27500.1035
27500.4023
27500.1211
27500.3848
27500.4844
27500.6758
27500.6934
27500.7480
27500.4102
27500.6387
27500.7383
27500.3926
27500.6387
27500.8203
27500.4473
27500.5469
27500.5391
27500.4844
27500.4668
27500.4766
27500.4492
27500.4219
27500.6035
27500.7031
27500.7559
27500.9121
27500.7754
27500.7559
27500.8281
27500.7910
27500.6738
27500.3008
27500.2363
27500.3105
27500.0273
27499.9648
27500.0000
27500.2832
27500.2285
27500.2090
27500.0273
27500.1094
27499.7637
27499.8008
27499.6914
27499.4922
27499.4199
27499.2363
27498.9922
27498.9199
27498.8008
27498.7012
27498.3086
27498.1445
27497.6816
27497.5273
27497.5645
27497.5078
27497.4355
27496.9180
27497.0547
27497.1738
27497.0176
27497.2266
27497.3262
27497.5449
27497.8457
27498.0625
27498.1348
27498.0996
27497.9180
27497.8457
27497.5645
27497.2188
27497.1543
27497.2266
27497.2363
27497.1543
27497.2539
27497.1465
27496.8457
27497.0195
27496.7461
27496.5000
27496.5469
27496.4277
27496.2734
27496.3652
27496.3281
27496.4199
27496.2480
27496.4922
27496.4844
27496.5742
27496.1465
27496.4668
27496.4023
27496.2852
27496.3398
27496.4121
27496.3750
27496.1758
27495.9688
27495.8672
27495.8125
27495.8125
27495.6680
27495.4043
27495.0957
27494.8691
27494.4961
27494.2520
27493.8789
27493.6973
27493.4707
27493.3535
27493.1172
27492.9551
27492.5820
27492.5820
27492.4102
27492.4004
27492.2734
27491.8477
27491.5293
27491.7754
27491.7285
27491.6465
27491.7012
27491.5391
27491.5859
27491.8223
27491.6680
27491.4863
27491.4141
27491.4863
27491.3340
27491.4785
27491.3516
27491.4629
27491.2246
27491.2617
27491.3086
27491.2266
27491.1270
27491.0000
27490.6660
27490.7852
27490.5039
27490.3027
27490.1582
27490.2031
27489.9961
27489.8340
27489.7246
27489.6719
27489.5996
27489.5078
27489.4980
27489.5723
27489.1914
27489.1641
27488.9297
27488.9199
27488.8203
27488.7324
27488.6680
27488.6602
27488.5137
27488.6504
27488.5781
27488.7520
27488.7598
27488.6250
27488.6445
27488.6621
27488.3262
27488.4648
27488.0371
27487.9648
27487.9375
27487.8027
27487.7305
27487.9023
27487.9766
27487.9141
27487.9336
27487.9062
27487.6250
27487.4902
27487.3184
27487.1836
27486.9844
27486.9043
27486.9043
27486.9043
27486.8848
27486.8574
27486.7129
27486.7773
27486.4512
27486.2598
27486.3535
27486.5801
27486.6074
27486.5352
27486.4082
27486.5449
27486.4004
27486.2812
27485.9277
27485.9473
27485.6465
27485.6133
27485.4668
27485.6250
27485.5703
27485.7637
27485.7109
27485.7559
27485.4102
27485.2305
27485.5957
27485.7871
27485.5801
27486.0645
27486.1758
27485.9766
27485.6855
27485.1387
27484.4824
27484.0918
27483.2168
27482.7891
27483.0996
27483.1191
27482.7734
27482.4629
27482.3379
27482.1914
27482.0000
27481.5078
27481.2539
27481.0547
27481.1621
27481.0254
27480.8438
27480.8184
27480.3535
27480.3457
27480.3809
27480.1074
27479.8887
27479.4902
27479.4102
27479.4004
27478.9277
27478.4102
27478.1309
27477.8496
27477.2930
27477.1191
27476.4238
27476.4434
27476.6367
27476.5801
27476.2812
27475.6777
27475.9902
27475.8105
27475.6836
27475.7754
27475.9941
27476.1934
27476.0996
27476.2285
27476.2891
27476.1445
27476.1719
27476.2266
27475.7520
27475.6270
27475.8379
27475.5840
27475.2383
27474.9375
27474.6777
27474.5176
27474.3438
27474.1719
27474.2715
27473.9727
27473.9980
27473.8457
27474.2617
27474.3848
27474.9941
27475.0645
27475.1348
27475.2871
27475.4766
27475.4219
27475.3027
27474.9316
27474.3887
27474.2207
27473.9277
27473.4297
27473.1230
27472.9473
27472.4395
27472.4316
27472.1797
27471.6992
27471.6074
27471.3691
27471.2812
27471.4531
27471.1094
27471.3359
27471.4824
27471.3750
27471.7676
27471.6602
27472.0352
27472.0547
27471.9629
27471.6777
27471.9238
27471.8047
27471.7852
27471.5664
27471.9316
27471.7129
27471.6328
27471.8730
27472.1387
27471.4805
27472.0469
27472.1094
27471.9941
27471.6211
27471.5020
27471.7090
27471.2891
27471.1367
27471.2422
27471.0488
27470.9492
27470.9688
27470.9160
27470.1309
27469.8457
27470.5098
27469.9805
27469.8066
27470.2129
27469.9922
27469.8477
27469.8594
27469.5938
27469.6680
27469.5410
27469.1953
27469.3418
27469.0898
27468.9941
27468.8965
27468.8965
27468.9785
27468.9668
27469.2578
27469.1660
27469.0742
27468.7090
27468.4805
27468.3164
27468.1152
27467.6953
27467.8496
27468.0234
27467.4512
27467.3320
