28026.2441
28026.2637
28026.2656
28026.2461
28026.1113
28026.1875
28026.1699
28026.4297
28026.3262
28026.3301
28026.4668
28026.4941
28026.6074
28026.8086
28026.6680
28026.9141
28026.8320
28026.8203
28026.7754
28026.7969
28026.6816
28026.5801
28026.5996
28026.6289
28026.5645
28026.7871
28026.7871
28026.6641
28026.7070
28026.7422
28026.9316
28027.2441
28027.6035
28027.7969
28028.2695
28028.6387
28028.5762
28028.6641
28028.5508
28028.5762
28028.4941
28028.4414
28028.3242
28028.3887
28028.2070
28028.6074
28028.5312
28028.6973
28028.5488
28028.7500
28028.5918
28028.8926
28029.1094
28029.0566
28029.2695
28029.6523
28029.8105
28029.7637
28029.8047
28029.7227
28029.9746
28029.9648
28029.9941
28030.0586
28029.9492
28029.6914
28029.6074
28029.9082
28029.7500
28029.9258
28030.1094
28030.0918
28029.9590
28030.1406
28030.2012
28030.1191
28030.2012
28030.2773
28030.2188
28030.3184
28030.5020
28030.6934
28030.6523
28030.4180
28030.4766
28030.4688
28030.8613
28030.4746
28030.6270
28030.5527
28030.3594
28030.5527
28030.4551
28030.6133
28030.4727
28030.3555
28030.3652
28030.3066
28030.6660
28030.7090
28030.6836
28030.5488
28030.7930
28030.6094
28030.7695
28030.4355
28030.2852
28030.3027
28030.4355
28030.6289
28030.5293
28030.4961
28030.4727
28030.4961
28030.4316
28030.3730
28030.3164
28030.5488
28030.7246
28030.5996
28030.7910
28030.9844
28030.7598
28030.9766
28031.0762
28031.3184
28031.0703
28031.5039
28031.3457
28031.5703
28031.3379
28031.6113
28031.5293
28031.4121
28031.4805
28031.2715
28031.2812
28031.1484
28031.2246
28031.3145
28031.2988
28031.6152
28031.4746
28031.3926
28031.2578
28031.2910
28031.1758
28031.1504
28031.1660
28031.0820
28031.0410
28031.0684
28031.0840
28031.0684
28031.0840
28031.1270
28031.2441
28031.2598
28031.2441
28031.0215
28031.2949
28031.2480
28031.2754
28031.2168
28031.2168
28030.9766
28031.1230
28031.2090
28031.4414
28031.6152
28031.5879
28031.6152
28031.5059
28031.5273
28031.4160
28031.1699
28031.2949
28031.2637
28031.3652
28031.1387
28031.1797
28031.3027
28031.2871
28031.4629
28031.3203
28031.4512
28031.2031
28031.3477
28031.5781
28031.4473
28031.4492
28031.6953
28031.5898
28031.5488
28031.4492
28031.5645
28031.5664
28031.6973
28031.7227
28031.6133
28031.8555
28031.7871
28031.7578
28031.8145
28032.2461
28031.9883
28032.2012
28032.2793
28032.3359
28032.1836
28032.0820
28032.2129
28032.2031
28032.3027
28032.3340
28032.2871
28032.4023
28032.0449
28032.2305
28032.1719
28032.4570
28032.3887
28032.4004
28032.5586
28032.4883
28032.5742
28032.4590
28032.2734
28032.5430
28032.4121
28032.4277
28032.2715
28032.3145
28032.6602
28032.7754
28032.1602
28032.6172
28032.0605
28032.4609
28032.4043
28032.0332
28032.4883
28032.3730
28032.1895
28032.4980
28032.2695
28031.7012
28032.1816
28032.0391
28031.6992
28032.0117
28031.8555
28032.1582
28031.9883
28032.5586
28032.1191
28032.1348
28032.4336
28032.7363
28032.4785
28032.5781
28032.6367
28032.8066
28032.7930
28032.7207
28032.4902
28032.6211
28032.3340
28032.1484
28031.9922
28032.1934
28032.1934
28032.0938
28032.1230
28032.3242
28031.9102
28032.0527
28032.0820
28032.2656
28032.1973
28032.4824
28032.6973
28032.4531
28032.4395
28032.4531
28032.7539
28032.5840
28032.6816
28032.9688
28032.8262
28032.7695
28032.9258
28032.7832
28033.1699
28032.8125
28033.0566
28033.0273
28033.1699
28033.1992
28033.0410
28033.1562
28032.9004
28033.2852
28033.0859
28032.9844
28033.0137
28032.9863
28033.0703
28032.9434
28032.8438
28033.0586
28032.8574
28032.6719
28032.8145
28032.8008
28032.6719
28032.8008
28032.4004
28032.5879
28032.3574
28032.2305
28032.5020
28032.2578
28032.4453
28032.1016
28032.4453
28032.2578
28032.0312
28032.0879
28032.2871
28032.1172
28032.2168
28032.0469
28032.1191
28031.9199
28032.1035
28032.0195
28032.0195
28032.0195
28032.0762
28032.2910
28032.2910
28032.2188
28032.2637
28031.9062
28031.8926
28031.8359
28031.8223
28031.6074
28031.8496
28032.0234
28032.1230
28032.0371
28032.1172
28031.8066
28032.0645
28032.1660
28031.8633
28032.2656
28031.9375
28031.9375
28031.8652
28031.7227
28031.7676
28031.7109
28031.7676
28031.6543
28031.6973
28031.6973
28031.9141
28032.0137
28031.9004
28031.9297
28031.9531
28032.0605
28031.9473
28031.9902
28032.1484
28032.1484
28032.1758
28032.1328
28031.8496
28031.9043
28031.7598
28031.6035
28031.7168
28031.8652
28031.7480
28031.6777
28031.8477
28031.5508
28031.4082
28031.5098
28031.4219
28031.4668
28031.4961
28031.5273
28031.4141
28031.2148
28031.3711
28031.3457
28031.4336
28031.3770
28031.3340
28031.2344
28031.0469
28030.9180
28031.0039
28030.8887
28030.8887
28030.8457
28030.6191
28030.5625
28030.6250
28030.4512
28030.3945
28030.2676
28030.3398
28030.3398
28030.4512
28030.4824
28030.5840
28030.5723
28030.7715
28030.6543
28030.7285
28030.9727
28030.8867
28031.0176
28030.8301
28030.8301
28030.8613
28030.9062
28030.7754
28030.7500
28030.8691
28030.9141
28031.1016
28031.4824
28031.4395
28031.4277
28031.5273
28031.5840
28031.9102
28031.7539
28031.7422
28031.7559
28031.7793
28031.8125
28031.8008
28031.6895
28031.7188
28031.6504
28031.5762
28031.3770
28031.0215
28030.9902
28030.8281
28030.5410
28030.4648
28030.4531
28030.4219
28030.3672
28030.3242
28030.3809
28030.3672
28030.5684
28030.7930
28031.1133
28030.9668
28031.3594
28031.8047
28031.7734
28031.8730
28032.0098
28032.1230
28032.2344
28032.0215
28032.3027
28032.4160
28032.2715
28032.2031
28032.3594
28032.2461
28032.4473
28032.3359
28032.4355
28032.2793
28032.3926
28032.4473
28032.4473
28032.3926
28032.5488
28032.4688
28032.5234
28032.3008
28032.4023
28032.4688
28032.4453
28032.4902
28032.6016
28032.3574
28032.3105
28032.3105
28032.0996
28032.1113
28031.9551
28031.9121
28031.9004
28031.5879
28031.4883
28031.4219
28031.3652
28031.6230
28031.4902
28031.5449
28031.6582
28031.5469
28031.4355
28031.4355
28031.3359
28031.3477
28031.3477
28031.2461
28031.2910
28031.2480
28031.1816
28031.0820
28031.0820
28030.9590
28030.8926
28030.6914
28030.8477
28030.9043
28030.8594
28030.9609
28030.9609
28030.8945
28030.8398
28030.7832
28030.6719
28030.7285
28030.5723
28030.5293
28030.3066
28030.2617
28030.1074
28030.1074
28030.1191
28030.0645
28030.1309
28029.9648
28029.9082
28029.8535
28029.6426
28029.5430
28029.6426
28029.5996
28029.3770
28029.3789
28029.3789
28029.2773
28029.2676
28029.2676
28029.2578
28029.4023
28029.4473
28029.5918
28029.6934
28029.6367
28029.9492
28029.9941
28030.0039
28029.9824
28030.1172
28030.0391
28030.0742
28030.2734
28030.3848
28030.2734
28030.4844
28030.4961
28030.8730
28030.5078
28030.5078
28030.8652
28030.9082
28031.0625
28030.9082
28031.1309
28031.1758
28031.1758
28031.2441
28031.2422
28031.0879
28031.1094
28031.2324
28031.1328
28031.0391
28031.3750
28031.1855
28031.0176
28031.1973
28031.4395
28031.4043
28031.4160
28031.4258
28031.7148
28031.9258
28031.9160
28031.9160
28032.0059
28032.1172
28032.2051
28032.2715
28032.0723
28032.0273
28032.1934
28032.0723
28032.3379
28032.2715
28032.1387
28032.1035
28032.0039
28032.0488
28032.0371
28031.9277
28032.0391
28032.0391
28031.8945
28031.8848
28031.8281
28031.8730
28032.0938
28031.9941
28031.9746
28032.1484
28031.9395
28032.0039
28031.9844
28031.9492
28031.8730
28032.0293
28031.9297
28031.9746
28031.9453
28032.0449
28032.0449
28032.2344
28032.2344
28032.1797
28032.1895
28031.8066
28032.2461
28032.1270
28032.0820
28032.0625
28031.8066
28031.9062
28031.9961
28031.7070
28031.8184
28031.8184
28031.7266
28031.7812
28031.9473
28032.0293
28032.1133
28032.0938
28031.8828
28031.7832
28032.1016
28031.9395
28031.9492
28031.8594
28031.9141
28032.1328
28031.6777
28031.7773
28031.9688
28031.8691
28032.0879
28031.9336
28032.0684
28031.8145
28032.0254
28032.0039
28032.1152
28032.0039
28032.2598
28032.1602
28032.1699
28032.1504
28031.9414
28032.1504
28032.1504
28032.0430
28031.9336
28032.1055
28032.0234
28032.0703
28032.0879
28032.0605
28031.7344
28031.6348
28032.0605
28031.8262
28032.2168
28032.2891
28032.1992
28032.2891
28032.2344
28032.0898
28032.2266
28032.2441
28032.3457
28032.2891
28032.4258
28032.4629
28032.2090
28032.4277
28032.3457
28032.3633
28032.7812
28032.4102
28032.8105
28032.5547
28032.6289
28032.8105
28032.7461
28032.7012
28032.8555
28032.5645
28032.6016
28032.6465
28032.6660
28032.8027
28032.6914
28032.8477
28032.6934
28032.7109
28032.6543
28032.5938
28032.5938
28032.7109
28032.4824
28032.7109
28032.8281
28032.4922
28032.5742
28032.5840
28032.9629
28032.5996
28032.5996
28032.6074
28032.4082
28032.6797
28032.6172
28032.6973
28032.5430
28032.7422
28032.3984
28032.7520
28032.6230
28032.5957
28032.6230
28032.7676
28032.4219
28032.5312
28032.2480
28032.4473
28031.8926
28032.1719
28032.2012
28031.8965
28032.2637
28032.3516
28032.3516
28032.5039
28032.2383
28032.3301
28032.3711
28032.3906
28032.2988
28032.2148
28031.9062
28031.7773
28031.7852
28031.9453
28032.0215
28031.6699
28031.3457
28031.7070
28031.3320
28031.5996
28031.4297
28031.0918
28031.3457
28031.5293
28031.3906
28031.5605
28031.5312
28031.0840
28031.4121
28031.2363
28031.1680
28031.4355
28031.2363
28030.9902
28031.2988
28031.2344
28031.0137
28031.0586
28031.3730
28031.1328
28031.2344
28031.5703
28031.1406
28031.3086
28031.6152
28031.4922
28031.6309
28031.7207
28031.7676
28032.0273
28031.9727
28032.3262
28032.2324
28032.6543
28032.6934
28032.8613
28033.2598
28033.2754
28033.1211
28033.3887
28033.4414
28033.7168
28033.4785
28033.8770
28033.7676
28033.8125
28034.1367
28033.7949
28034.1172
28034.4082
28034.1836
28034.3438
28034.5430
28034.4570
28034.4707
28034.6094
28034.9141
28035.2676
28035.0742
28035.2109
28035.3789
28035.1914
28035.4824
28035.5273
28035.8809
28035.7402
28035.7852
28035.9453
28035.9688
28036.0078
28036.1523
28036.2578
28036.3359
28036.4727
28036.4492
28036.7324
28036.3848
28036.6484
28036.9082
28036.9609
28037.0449
28037.0508
28037.0098
28037.0684
28037.6152
28037.6074
28037.4004
28037.7969
28038.0039
28037.7949
28037.8945
28038.1992
28038.0059
28038.2363
28038.5293
28038.8281
28039.1953
28039.3398
28039.2930
28039.4062
28039.5762
28039.7891
28040.1816
28040.4062
28040.5254
28040.6445
28041.1816
28041.5469
28042.0000
28041.8867
28041.7852
28041.9238
28042.0293
28042.3301
28042.3887
28042.7480
28042.4473
28042.7461
28042.7578
28042.8574
28043.2363
28043.5352
28043.8340
28043.8730
28043.7793
28044.0254
28044.2168
28044.3105
28044.3965
28044.2363
28044.5879
28044.7227
28044.9863
28045.5801
28045.7402
28046.1523
28046.1113
28046.1621
28046.3340
28046.4609
28046.9082
28046.7871
28047.1328
28046.8867
28047.0254
28047.2363
28047.2305
28047.2305
28047.4688
28047.8086
28048.1914
28048.3613
28048.6660
28048.7715
28049.0527
28049.4707
28049.7695
28049.5039
28049.8281
28050.0430
28050.2363
28050.5820
28050.9570
28051.5273
28051.8320
28051.9902
28052.0469
28052.5664
28052.8984
28052.9395
28053.2012
28053.5684
28053.8301
28053.9551
28054.0039
28053.7832
28054.2461
28054.2852
28054.2402
28054.5527
28054.5605
28054.9746
28055.1348
28054.7891
28055.2363
28055.3672
28055.4629
28055.8047
28055.4062
28055.6016
28055.8867
28055.6934
28055.5312
28055.9160
28056.0586
28055.9453
28055.9707
28055.9902
28056.1504
28056.0703
28055.9824
28055.7070
28055.5664
28055.5977
28055.4785
28055.4531
28055.3613
28055.5625
28055.3848
28054.8535
28054.9043
28054.5527
28054.8164
28054.4902
28054.4297
28054.0566
28053.9707
28053.8359
28053.6582
28053.5137
28053.7383
28053.4453
28053.6074
28053.5371
28053.5078
28053.2793
28053.1895
28052.8262
28052.7090
28052.7207
28052.6602
28052.6602
28052.8008
28052.9004
28052.8789
28053.1250
28053.2188
28053.5195
28053.6270
28053.6211
28053.9355
28053.9824
28053.9727
28054.2051
28054.0664
28054.1973
28054.4004
28054.4473
28054.5469
28054.4375
28054.4980
28054.8555
28055.0117
28055.0117
28055.0488
28055.2246
28055.3711
28055.2539
28055.5078
28055.5059
28055.8145
28055.8809
28055.9141
28055.4746
28055.5586
28055.3008
28055.4570
28054.8516
28054.9512
28054.8027
28054.7598
28054.8574
28055.0234
28055.4141
28055.8750
28055.9121
28056.3672
28056.7324
28057.2188
28057.6172
28057.9141
28057.8164
28057.9199
28058.0762
28058.3086
28058.7480
28059.0410
28059.0312
28059.0742
28059.2207
28059.3730
28059.4668
28059.4141
28059.5137
28059.6211
28059.3730
28059.1855
28059.0410
28058.8398
28058.6875
28058.8965
28058.7910
28058.8496
28058.7012
28058.8691
28058.5645
28058.1250
28057.7715
28058.0352
28057.8262
28057.5684
28057.5195
28057.4102
28057.6016
28057.7031
28057.5918
28057.6426
28057.2637
28057.3672
28057.3594
28057.7188
28057.9727
28057.4082
28057.6758
28057.5840
28057.7422
28057.6973
28057.8125
28057.7715
28057.6738
28057.5293
28057.5352
28057.3867
28057.1172
28057.0605
28057.2031
28057.1914
28057.1270
28057.3223
28057.2148
28057.1602
28057.0078
28056.9082
28056.7031
28057.0996
28056.9414
28057.0215
28057.0781
28057.1621
28057.0078
28057.0527
28056.7520
28056.5879
28056.1328
28056.1270
28055.6270
28055.7812
28055.4395
28055.3281
28055.2832
28055.1191
28054.8164
28054.8711
28054.6250
28054.4688
28054.5801
28054.7402
28054.6445
28054.4941
28054.3945
28054.1895
28054.1934
28054.2441
28054.3809
28054.6230
28054.7129
28054.6074
28054.6133
28054.3184
28053.7188
28053.2871
28052.8438
28052.6543
28052.6074
28052.6113
28052.6094
28052.7598
28052.7969
28052.9863
28052.8359
28053.1895
28053.0410
28053.2852
28053.4355
28053.5273
28053.4219
28053.2109
28053.1660
28053.2676
28053.0039
28053.1992
28053.3438
28053.5938
28053.7461
28053.7383
28053.7363
28053.7871
28053.4316
28053.0957
28053.1328
28053.0840
28052.9297
28052.8281
28052.7305
28052.9414
28053.2500
28053.5469
28053.5996
28053.4121
28053.6016
28053.8984
28054.1855
28054.1777
28054.2656
28054.0527
28053.8945
28053.5879
28053.4844
28053.0469
28052.5488
28052.0723
28051.6719
28051.3184
28051.3184
28051.2656
28051.4160
28051.4258
28050.8691
28050.5840
28050.3340
28050.1426
28050.0312
28049.7305
28049.3809
28048.9277
28048.8242
28048.5098
28048.2559
28048.0547
28047.8477
28048.1523
28048.0449
28048.6426
28048.6719
28049.0645
28048.9570
28049.4023
28049.3926
28048.6562
28048.2129
28047.9043
28048.3027
28048.1875
28048.2324
28047.8828
28047.6328
28047.1309
28047.1895
28046.9395
28047.1387
28046.9883
28046.9434
28047.0430
28047.0469
28047.2988
28047.3848
28047.9277
28048.1230
28047.9316
28047.8828
28047.8398
28047.6816
28047.5820
28047.6348
28047.2246
28047.7246
28047.1738
28046.9277
28047.4727
28047.2734
28047.0254
28047.0781
28046.7832
28046.5840
28046.3320
28046.5840
28046.1270
28046.1758
28045.6738
28045.7148
28045.4141
28045.4629
28045.4102
28045.1602
28045.0605
28045.3145
28045.3184
28045.4180
28045.2148
28045.4121
28045.4121
28045.1133
28045.2617
28044.7617
28044.6152
28044.6094
28044.7070
28044.3027
28044.1562
28044.2070
28044.8516
28045.0996
28045.4941
28045.2949
28044.8926
28044.5918
28044.3359
28044.1387
28043.8398
28043.7930
28043.0977
28043.2969
28042.9980
28043.2422
28042.8887
28042.8887
28042.7910
28042.9961
28042.6895
28042.7910
28043.1855
28042.9902
28042.7383
28042.6348
28042.5371
28042.7363
28042.6855
28042.3828
28042.2344
28042.1836
28042.4277
28042.8223
28043.0195
28043.0703
28043.0215
28042.3770
28041.8789
28041.7793
28041.6309
28041.7285
28041.7285
28041.7773
28041.6289
28041.5273
28041.7227
28041.7227
28041.6738
28041.2773
28041.3281
28041.3770
28041.7266
28041.0723
28040.5215
28040.0176
28039.6133
28039.1133
28039.0645
28038.1660
28038.2188
28038.0176
28038.2676
28038.2695
28038.1680
28038.5195
28038.6191
28038.8184
28038.6699
28038.3223
28038.2734
28038.5703
28038.5215
28038.6211
28038.6191
28038.4668
28038.3691
28037.9707
28038.0195
28037.7207
28037.7227
28037.7734
28037.5254
28037.8770
28037.8301
28037.7266
28037.6289
28037.6289
28037.2793
28037.2285
28037.0801
28036.9785
28037.1270
28037.0293
28037.3789
28037.3281
28037.3770
28037.8770
28037.8750
28037.9258
28037.8770
28037.7773
28037.2793
28036.5820
28036.3848
28036.2832
28036.6836
28037.0332
28037.1348
28037.2852
28037.5352
28037.6855
28037.8379
28037.8867
28037.9395
28037.8906
28037.8398
28037.9414
28037.4922
28037.8926
28037.8945
28037.7949
28037.7461
28037.7461
28037.9980
28037.8496
28038.1016
