27402.7969
27402.4219
27402.5156
27403.0859
27403.2695
27403.0234
27403.3848
27403.6719
27403.9570
27404.1562
27403.9570
27403.8711
27403.5020
27403.6797
27403.5957
27403.5957
27403.3242
27403.2324
27403.4316
27403.0488
27402.9551
27402.4922
27402.3984
27402.1309
27401.6816
27401.4043
27401.3184
27400.8555
27401.1328
27401.5879
27402.2383
27402.8789
27403.6270
27403.9980
27404.4766
27403.8262
27403.0215
27401.9961
27401.5332
27401.5410
27401.9199
27402.3906
27402.5957
27403.1172
27403.2383
27403.3457
27403.7246
27403.3672
27403.2676
27402.9902
27402.9824
27402.8125
27402.8047
27402.8906
27402.8613
27403.0449
27403.2402
27403.3242
27403.4395
27403.4238
27403.3242
27403.3320
27403.3184
27403.1406
27402.9609
27403.0469
27403.1621
27402.9609
27403.0762
27403.4551
27403.6191
27403.8965
27404.0039
27404.2754
27404.2891
27403.9961
27403.6562
27403.0898
27402.4199
27401.9922
27401.9707
27402.0918
27402.5859
27403.3203
27404.2773
27404.7207
27405.1211
27404.6719
27404.4277
27403.8789
27403.4297
27403.4434
27403.5508
27403.7422
27403.8574
27403.7852
27403.9648
27403.8789
27403.7988
27403.9004
27403.7207
27403.5508
27403.4648
27403.5508
27403.7285
27403.7344
27403.7285
27403.9141
27404.0996
27403.5215
27403.6074
27403.6992
27403.9707
27403.9863
27403.9785
27403.9648
27403.8711
27403.4219
27403.1562
27403.0430
27403.1270
27402.8613
27402.9785
27403.2402
27403.1348
27403.1406
27403.1484
27403.0625
27402.5898
27402.6816
27402.4043
27402.2891
27402.2891
27402.2188
27402.2031
27402.0195
27401.9180
27402.1113
27402.2031
27402.0898
27402.5469
27402.6465
27402.9121
27402.7188
27403.0195
27402.8184
27403.0332
27402.8457
27402.6602
27402.3809
27402.1953
27402.2949
27402.0312
27402.0312
27401.9082
27401.9492
27401.9297
27401.4707
27401.5645
27401.7363
27401.4492
27401.5430
27401.1426
27401.3359
27401.1289
27401.2285
27400.9336
27400.7422
27400.7637
27400.9414
27400.5625
27400.3887
27400.2969
27400.0977
27400.3027
27400.2109
27400.1035
27399.8301
27399.9160
27399.7363
27399.9082
27399.9082
27399.8086
27399.4492
27399.8145
27399.4570
27399.2051
27398.9102
27398.6445
27398.8105
27399.1973
27399.0234
27399.3027
27399.6895
27400.4336
27401.1738
27401.4512
27401.8047
27402.1836
27402.7363
27403.0098
27403.0156
27403.1602
27402.6016
27402.5098
27402.3145
27402.3008
27401.8340
27402.0957
27401.9961
27401.8145
27401.7070
27401.7012
27401.3145
27401.5938
27401.4219
27401.2207
27401.1211
27401.0020
27400.9082
27400.6211
27400.6074
27400.2344
27400.2480
27400.2266
27399.9277
27400.1074
27400.0137
27400.0605
27400.2598
27400.2402
27400.3477
27400.4473
27400.5332
27400.7402
27400.4277
27400.3340
27400.3398
27399.7520
27399.9395
27399.7461
27399.5723
27399.5605
27399.4668
27399.2656
27399.0605
27398.9727
27399.2383
27399.0391
27399.4199
27400.0723
27398.5723
27399.4062
27399.5859
27399.4062
27399.7539
27399.7812
27399.5723
27399.8672
27399.9609
27400.0410
27399.9414
27399.5664
27400.0215
27399.2812
27399.2754
27399.5605
27399.1855
27399.3750
27399.4551
27399.2754
27399.7344
27398.9141
27399.2754
27399.2676
27399.4668
27399.2812
27399.5469
27399.3672
27399.2676
27399.0000
27398.9863
27398.8945
27399.1797
27399.3613
27399.5605
27399.0000
27399.1934
27399.5000
27399.6855
27399.8809
27399.9668
27399.7051
27399.9863
27399.9062
27399.5195
27399.4258
27398.9453
27398.8457
27398.8516
27398.6504
27398.7246
27398.9258
27399.5000
27399.2129
27399.2383
27398.8789
27398.3398
27398.0684
27398.0605
27397.8594
27398.1484
27398.1406
27398.1348
27398.7832
27398.7754
27398.9590
27399.2246
27399.6934
27400.5234
27400.3496
27400.3555
27400.5352
27400.6426
27400.2695
27399.7949
27399.8125
27399.5195
27399.1504
27398.6074
27397.5664
27396.6484
27396.1855
27396.1855
27396.0098
27396.0977
27396.2109
27396.1289
27396.0352
27395.5723
27395.4785
27395.4785
27395.0977
27395.1855
27394.8047
27394.7285
27394.3477
27394.0723
27393.9785
27393.5957
27393.6074
27393.3223
27393.3223
27392.9453
27392.4766
27392.5645
27392.2012
27391.6250
27391.5391
27391.4375
27391.9062
27392.6621
27392.8438
27393.2051
27393.4043
27393.3926
27393.5039
27393.6719
27393.3984
27393.4043
27393.6895
27393.7031
27393.9902
27394.5703
27394.5840
27394.7969
27394.8965
27394.7129
27394.5312
27394.6250
27394.8066
27395.0059
27395.0000
27395.2812
27395.3750
27395.4746
27395.5801
27395.9668
27396.3438
27396.5352
27396.8301
27396.8359
27396.8418
27397.1309
27397.1406
27397.2480
27397.3594
27397.2598
27397.5332
27397.4395
27397.4277
27397.0508
27396.7637
27396.8574
27397.0566
27397.1562
27397.4453
27397.6309
27397.7383
27398.0430
27398.0605
27398.2559
27398.1660
27398.2598
27398.8145
27399.0801
27399.3633
27399.2812
27399.0957
27398.2480
27397.3887
27396.8887
27396.6055
27396.7969
27396.6113
27396.7109
27396.7168
27396.7285
27397.2930
27396.8301
27396.6426
27396.7383
27397.0332
27396.8516
27396.7676
27396.7793
27396.7852
27397.0684
27397.1738
27396.8926
27396.8984
27396.8086
27396.9023
27397.0957
27396.9141
27397.3906
27397.2070
27397.3945
27397.1992
27397.3047
27397.4941
27397.5938
27397.5859
27397.5859
27397.6738
27397.8574
27397.9512
27398.0371
27397.9434
27398.2305
27398.1426
27398.4258
27398.3438
27398.4414
27398.5352
27398.6289
27398.4414
27398.5234
27398.6113
27398.4160
27398.3281
27398.2324
27398.2383
27398.3340
27398.5391
27398.7246
27398.9141
27398.9082
27398.8145
27398.9082
27398.8203
27398.9121
27398.9062
27398.8125
27399.0938
27399.2715
27399.2832
27399.3770
27399.2871
27399.3750
27399.3750
27399.5566
27399.5684
27399.5742
27399.4863
27399.2969
27399.0195
27398.8203
27398.8145
27398.9023
27398.8965
27398.8906
27398.8828
27398.8770
27398.7832
27399.1641
27399.3535
27399.4473
27399.7188
27399.8125
27399.8008
27399.8008
27399.7129
27399.9941
27399.7949
27399.9004
27400.0879
27400.1836
27400.1816
27400.0742
27399.9863
27400.1816
27400.1816
27400.1875
27400.1875
27400.0898
27400.0078
27400.0078
27400.0195
27399.9023
27399.9961
27400.0723
27400.0664
27400.1504
27400.0430
27400.1445
27400.0547
27400.2656
27400.2598
27400.4590
27400.4707
27400.2988
27400.1426
27400.2949
27400.4375
27400.4102
27400.5039
27400.5547
27400.5547
27400.4824
27400.5918
27400.3242
27400.2129
27400.3340
27400.3281
27400.3125
27400.4082
27400.3965
27400.2988
27400.1172
27400.0215
27400.1387
27400.4277
27400.5098
27400.6094
27400.6152
27400.6035
27400.7910
27400.9688
27401.0527
27401.0469
27401.0449
27401.1348
27401.2344
27401.8008
27401.9844
27402.0938
27402.1875
27402.1777
27402.1719
27402.5430
27402.6426
27402.8379
27403.1270
27403.2266
27403.3203
27403.2266
27403.3047
27403.1074
27403.0078
27402.8262
27402.8203
27402.9141
27403.0020
27403.1074
27403.2031
27403.1055
27403.1973
27403.0898
27403.1855
27402.9902
27402.8945
27402.9941
27402.9941
27403.0879
27403.3672
27403.5547
27403.4707
27403.5703
27403.4863
27403.4043
27403.3145
27403.2305
27403.2363
27403.3457
27403.4609
27403.6816
27403.8203
27404.1230
27404.2012
27404.1582
27404.2324
27404.0273
27404.0371
27404.0430
27404.1523
27404.1777
27404.1719
27404.0938
27404.2852
27404.2793
27404.2773
27404.3672
27404.3516
27404.3457
27404.3457
27404.2500
27404.3555
27404.4434
27404.5488
27404.5488
27404.3750
27404.4746
27404.4902
27404.5938
27404.5938
27404.6934
27404.7891
27404.8887
27404.8887
27404.8926
27404.8984
27404.7988
27404.9805
27404.9590
27404.7598
27404.8535
27404.8496
27405.0332
27404.9277
27405.0527
27404.9688
27404.8730
27404.8945
27404.7988
27404.8086
27404.8340
27404.7441
27404.8496
27404.8594
27404.7676
27404.9629
27404.8730
27404.9570
27405.0469
27405.0566
27405.2500
27405.2441
27405.4395
27405.3047
27405.1621
27404.9414
27404.7012
27404.8789
27404.8887
27404.7988
27404.9980
27405.0195
27405.1172
27405.2285
27405.5137
27405.8926
27405.7930
27406.1777
27406.0918
27406.0898
27405.9902
27406.0898
27406.2109
27406.2109
27406.2012
27406.3047
27406.7793
27407.0742
27407.8379
27408.8086
27409.4961
27410.0723
27410.3613
27410.5273
27410.5215
27410.3301
27410.5918
27410.6113
27410.3301
27410.1504
27409.8594
27409.5762
27409.1914
27409.1016
27408.6406
27408.4492
27407.8945
27407.4238
27407.1426
27406.9473
27406.6777
27406.5723
27406.4961
27406.3262
27406.1602
27406.1797
27406.0938
27406.0938
27406.0879
27406.0977
27406.1973
27406.3984
27406.4883
27406.5820
27406.9414
27407.3086
27407.3047
27407.2148
27407.6855
27407.7090
27407.7148
27407.9160
27407.9141
27408.1133
27408.2793
27408.2852
27408.3750
27408.1777
27408.2832
27408.1016
27407.9922
27408.1152
27408.1250
27408.2188
27408.3105
27408.3047
27408.4004
27408.3945
27408.2988
27408.3984
27408.2754
27408.2891
27408.1875
27408.4824
27408.8496
27408.7773
27408.5195
27408.3262
27408.2227
27408.3945
27408.4141
27408.6934
27408.7031
27408.7070
27408.6211
27408.5312
27408.6348
27408.3652
27408.3652
27408.3535
27408.1953
27408.7520
27408.7363
27408.9277
27409.0234
27408.9980
27409.0078
27409.0020
27408.6250
27408.4355
27408.6348
27408.3496
27408.6328
27408.2324
27408.3379
27408.2559
27408.1641
27408.6406
27408.9375
27409.4121
27409.7109
27409.8926
27409.7285
27409.8066
27410.3828
27410.5000
27410.1230
27410.2324
27410.3418
27410.2500
27410.2539
27410.4355
27410.7305
27410.6113
27410.7246
27411.0742
27411.1816
27411.1582
27410.9863
27411.1758
27410.9863
27411.6797
27411.5625
27411.5703
27411.5742
27411.4648
27411.1836
27411.3789
27411.3750
27411.5508
27411.6309
27412.0078
27412.3047
27412.6895
27412.7949
27413.0840
27413.0020
27413.1191
27413.5020
27413.4062
27413.5918
27413.3379
27413.3457
27413.0957
27413.2910
27413.1934
27413.5801
27413.6582
27413.4570
27413.4746
27414.0605
27414.1738
27413.8887
27414.0098
27414.0195
27414.1035
27414.3008
27414.5996
27414.5039
27414.6074
27414.6973
27414.7891
27414.5918
27414.9746
27414.8613
27415.0156
27414.7559
27415.0371
27414.6758
27414.6719
27414.8457
27414.9141
27414.9141
27415.0996
27415.1875
27415.0977
27415.1074
27415.2910
27414.9082
27415.0879
27414.8105
27414.7988
27414.9785
27414.5000
27414.7012
27414.7930
27414.8789
27414.7793
27415.1562
27415.1562
27414.8730
27415.1465
27414.9414
27414.9414
27414.4629
27414.6504
27414.0840
27413.6895
27413.4883
27413.7754
27413.3867
27413.7695
27413.5645
27413.0898
27412.9902
27413.4453
27413.1562
27413.1562
27413.8066
27414.3848
27415.0391
27414.9492
27414.9414
27415.2246
27415.4316
27415.4180
27415.4141
27415.2266
27415.2148
27415.2148
27414.9355
27415.1152
27415.2129
27415.4805
27415.3828
27414.9668
27414.7695
27414.8652
27415.0332
27415.1230
27415.1113
27415.0371
27414.9355
27414.9414
27414.9141
27414.7305
27414.8633
27414.5820
27414.7930
27414.5977
27414.8066
27414.9395
27414.8438
27414.7480
27415.2383
27414.7598
27415.2344
27415.3340
27415.1562
27415.4375
27415.3535
27415.6543
27415.4570
27415.5625
27415.7539
27415.5625
27415.7461
27415.6367
27416.0254
27416.0488
27416.3320
27416.3281
27416.7109
27416.6270
27416.5977
27416.4980
27416.4863
27416.5977
27416.5723
27416.4902
27416.5059
27416.7852
27416.7754
27416.6836
27416.7715
27416.7637
27416.7461
27417.2344
27416.8535
27416.7617
27416.5723
27416.3750
27416.3691
27416.5703
27416.7656
27416.7656
27417.3379
27416.2852
27416.8652
27416.8652
27416.8008
27416.7969
27416.9082
27417.0059
27416.8203
27416.7246
27416.6250
27416.8086
27416.6133
27416.1250
27416.5000
27416.2129
27415.9199
27415.7441
27415.7363
27415.2676
27415.6348
27415.5352
27415.8301
27415.7344
27415.7266
27415.5312
27415.7188
27415.6895
27415.3965
27414.9980
27414.9551
27414.8379
27414.7344
27414.7207
27414.9980
27415.0938
27415.3047
27415.6016
27415.7051
27416.0898
27415.7969
27415.5859
27414.8711
27414.7266
27414.5996
27414.4727
27414.5645
27414.2734
27414.3574
27414.2695
27414.2773
27414.2930
27414.1074
27414.4004
27414.6152
27414.5078
27414.3203
27414.1113
27413.9316
27413.7266
27414.1074
27413.8281
27413.9199
27414.2070
27414.1152
27414.6875
27414.5000
27414.3047
27414.1992
27414.2031
27414.1992
27414.0117
27413.9082
27413.7148
27413.4160
27413.3242
27413.0332
27413.1230
27413.2324
27412.9297
27412.7559
27412.8379
27412.7266
27412.6289
27412.7227
27412.7148
27412.7148
27412.3242
27412.3262
27412.4199
27412.5156
27412.4219
27412.5332
27412.6445
27412.2520
27412.3574
27412.2578
27412.2520
27411.9570
27412.0449
27411.6699
27411.8672
27411.6914
27411.5625
27411.5625
27411.3750
27411.2812
27411.3711
27411.1777
27411.0762
27411.0039
27411.1211
27411.0723
27411.1875
27410.9902
27410.6230
27410.4258
27410.6230
27410.3262
27410.7109
27410.2070
27409.9941
27410.3730
27409.7637
27409.8516
27409.7598
27409.3730
27409.0918
27408.8945
27408.8125
27408.8125
27408.9004
27408.6973
27408.6016
27408.5059
27408.4141
27408.2031
27407.9062
27408.2031
27407.9062
27407.8145
27407.7246
27407.5293
27407.5273
27407.6133
27407.1230
27406.5410
27406.5488
27406.0723
27406.1621
27405.8789
27405.8711
27405.8887
27405.7031
27405.6133
27405.3242
27405.1230
27405.3008
27405.1973
27404.9941
27404.8926
27404.8828
27404.9707
27404.3965
27404.5801
27404.2930
27404.3027
27404.2051
27404.3008
27404.0996
27403.7148
27403.7109
27403.4277
27403.7285
27403.5371
27403.6523
27403.9375
27403.6543
27403.6621
27403.5664
27403.8535
27403.7676
27403.6660
27403.6621
27403.7441
27403.7305
27403.5156
27403.6992
27403.9512
27404.2168
27403.9980
27403.8965
27403.8613
27403.9824
27403.9434
27403.8477
27404.0547
27404.0547
27404.2402
27403.9648
27404.1582
27404.0645
27403.8711
27403.8672
27403.5703
27403.7695
27403.8770
27403.8789
27403.8867
27403.8789
27403.8887
27404.1758
27403.9590
27403.8555
27404.0469
27403.6484
27403.9395
27404.0156
27404.1289
27404.0312
27403.9414
27404.2188
27404.2207
27404.3105
27404.0957
27404.0156
27403.9961
27404.1738
27404.1582
27403.9648
27403.7539
27403.8750
27404.0449
27403.6738
27403.8750
27403.9102
27403.6387
27403.6445
27403.6582
27403.4805
27403.5840
27403.5703
27403.6641
27403.6602
27403.5547
27403.3555
27403.2656
27403.2617
27403.1562
27403.1504
27403.3262
27403.5273
27403.6172
27403.9277
27403.6387
27403.3457
27403.0449
27403.1543
27402.9492
27402.8340
27403.2090
27403.1387
27403.2188
27402.9414
27402.7441
27402.7559
27402.5703
27402.6660
27402.7656
27402.8711
27402.6719
27402.6836
27402.5098
27402.1035
27402.5371
27402.5625
27402.4336
27402.3906
27402.3906
27402.4980
27402.2129
27402.0215
27401.9180
27401.1367
27401.0273
27400.7324
27401.0312
27400.7559
27400.9375
27400.9453
27401.1445
27400.7520
27400.7500
27400.7422
27400.5469
27400.7363
27400.6367
27400.1543
27399.9551
27399.9590
27399.7676
27399.5684
27399.5469
27399.5469
27399.5410
27399.4336
27399.5332
27399.8203
27400.2051
27400.1113
27400.0215
27399.8105
27399.7051
27399.6992
27399.8008
27399.5977
27399.1953
27399.6035
27399.8906
27399.4980
27399.5859
27399.4863
27399.8789
27399.6758
27399.3887
27399.6641
27399.8594
27400.0469
27400.3281
27400.2402
27400.4277
27400.5449
27400.7383
27400.4434
27400.4453
27400.1562
27399.8672
27399.7695
27399.8691
27399.7812
27399.5840
27399.3887
27399.2168
27399.0234
27399.1094
27399.1152
27398.8164
27398.9180
27398.9121
27398.6113
27398.6211
27398.3281
27398.3223
27398.2168
27398.1328
27397.9219
27398.3184
27398.1133
27398.4102
27398.2168
27398.2051
27398.5098
27398.2031
27398.2031
27398.1895
27398.0957
27398.3887
27398.6641
27398.4844
27398.2031
27398.0020
27398.0059
27398.2266
27398.2344
27398.4551
27398.4629
27398.4629
27398.8496
27398.6641
27398.8535
27398.7480
27399.0410
27398.6484
27398.4570
27398.3555
27398.4434
27398.8281
27398.5391
27398.4375
27398.8203
27398.5352
27398.4336
27398.6270
27398.4199
27398.3281
27398.6230
27398.8164
27398.9023
27398.9902
27398.9883
27399.3809
27399.2734
27399.4766
27399.4863
27399.4863
27399.2793
27399.0859
27399.2656
27399.1602
27399.2520
27399.0527
27399.3457
27399.4453
27399.5371
27399.6250
27399.7305
27399.8184
27399.9102
27400.0176
27400.0020
27400.0020
27400.2891
27400.3047
27400.5059
27400.6855
27400.4805
27400.3926
27400.5723
27400.4844
27400.4844
27400.4844
27400.4863
27400.4922
27400.6836
27400.4902
27400.7852
27400.4883
27400.5859
27400.5020
27400.6035
27400.8262
27400.8398
27400.8457
27400.9570
27400.8652
27401.0605
27400.8594
27401.1680
