28057.0820
28057.1816
28056.9414
28056.9453
28056.6426
28056.7773
28057.4199
28057.5215
28058.0312
28058.2988
28059.0078
28059.0391
28059.2461
28059.3457
28059.2188
28059.0156
28058.9844
28058.8809
28058.9160
28058.6484
28058.6133
28058.3438
28058.3105
28058.1406
28058.2754
28058.0410
28058.1094
28058.1094
28058.1777
28058.1777
28058.4824
28058.3789
28058.3203
28058.5215
28058.3535
28058.4551
28058.3223
28058.1855
28057.8125
28057.3750
28057.2031
28057.1035
28056.7324
28056.8652
28056.7988
28056.9004
28056.8965
28057.1035
28057.1367
28057.2422
28057.5781
28057.5449
28057.7168
28057.5781
28057.7812
28057.9531
28058.1230
28058.1875
28058.8164
28058.5254
28058.2559
28058.3223
28058.4922
28058.2871
28058.4570
28058.3906
28058.4590
28058.3906
28058.3555
28058.2910
28058.5215
28058.3242
28058.2578
28058.3574
28058.2910
28058.1875
28058.2246
28058.4902
28058.3555
28058.1602
28058.6270
28058.0898
28058.0918
28057.8242
28057.9590
28057.6895
28057.7559
28057.3203
28057.3535
28057.1855
28057.2871
28057.2539
28057.1543
28057.4219
28057.2891
28057.0898
28057.4297
28057.7285
28058.0664
28057.9316
28058.2969
28058.7031
28058.9355
28059.2324
28059.2969
28059.5332
28059.9688
28060.5020
28060.8066
28060.7383
28060.3027
28060.7383
28060.7070
28060.7715
28060.3711
28060.2031
28060.1016
28059.7695
28059.9688
28059.6367
28059.8691
28059.6328
28059.5996
28059.4277
28059.1621
28058.7930
28058.7598
28058.2266
28057.9590
28057.5234
28057.5215
28057.0879
28056.9863
28057.0215
28057.0898
28057.2891
28057.1250
28057.2266
28057.2285
28057.0273
28057.1641
28056.9961
28056.9629
28056.9648
28057.1309
28057.0605
28057.1309
28057.1641
28057.2617
28056.7324
28056.7012
28056.4668
28056.6660
28056.5977
28056.6973
28056.9648
28056.8633
28056.7637
28056.8008
28057.1016
28056.6660
28056.8672
28057.0996
28057.3008
28057.5664
28057.8340
28058.0664
28057.9336
28058.3340
28058.5996
28058.3340
28058.4316
28058.8027
28058.3340
28058.2363
28058.3027
28058.3711
28058.1035
28058.3379
28058.2715
28058.3711
28058.4082
28058.5410
28058.9414
28059.1094
28059.1426
28059.3438
28059.3438
28059.3770
28059.5098
28059.5430
28059.4102
28059.4434
28059.2090
28059.3320
28059.2754
28059.1738
28059.2090
28059.1094
28059.1074
28059.2090
28059.2754
28059.0742
28059.3418
28059.1738
28059.3066
28058.8730
28059.0527
28058.9062
28058.9082
28058.6738
28058.5391
28058.5391
28058.3398
28058.5391
28058.6035
28058.5703
28059.0371
28059.1367
28059.6699
28060.0020
28059.9688
28060.3359
28060.2363
28060.2031
28060.1348
28060.1016
28060.0020
28059.8672
28059.5684
28059.4668
28059.2012
28059.1348
28059.2344
28059.1016
28059.2344
28058.9668
28059.1680
28059.0996
28059.0664
28059.1660
28059.2324
28059.3320
28059.2324
28059.2324
28059.0996
28059.1328
28059.1992
28059.0977
28058.9980
28059.1973
28059.1641
28059.1309
28059.0645
28059.0645
28058.9961
28059.0625
28058.9297
28058.7637
28058.9629
28058.6953
28058.6836
28058.7949
28058.6934
28058.5605
28058.4590
28058.4922
28058.3242
28058.0586
28058.0898
28057.9570
28057.9238
28057.8887
28057.9883
28057.8887
28058.0879
28058.3535
28058.3867
28058.5527
28058.4531
28058.3848
28058.3516
28058.4863
28058.2852
28058.5527
28058.5176
28058.8184
28058.9492
28059.2500
28059.3145
28059.5488
28059.7480
28059.9473
28060.1797
28060.1484
28060.3457
28060.3477
28060.4824
28060.4473
28060.6133
28060.7480
28060.8457
28060.8789
28060.8477
28060.7461
28060.8809
28060.6133
28060.4473
28060.4453
28060.2129
28060.0820
28059.9805
28059.7812
28059.9805
28059.7129
28059.5801
28059.5801
28059.5469
28059.4805
28059.3457
28059.3125
28059.2129
28059.0117
28059.0449
28058.9805
28058.9473
28058.9805
28059.2129
28059.2793
28059.2793
28059.4453
28059.3457
28059.2461
28059.0469
28059.0137
28058.9453
28058.8438
28058.8438
28058.9082
28058.8730
28058.8730
28058.7734
28058.7715
28058.7715
28058.7715
28058.4707
28058.2715
28058.4375
28058.5371
28058.4355
28058.3359
28058.0371
28057.8066
28057.6074
28057.5410
28057.6387
28057.6387
28057.7715
28057.8711
28057.8379
28057.9375
28058.2363
28058.5020
28058.7031
28058.7676
28058.8359
28058.7031
28058.7715
28058.6367
28058.4727
28058.4043
28058.3730
28058.1387
28058.2363
28058.1660
28058.4297
28058.5957
28058.6602
28058.8242
28058.6914
28058.8203
28058.6543
28058.7852
28058.7168
28058.5801
28058.4141
28058.2148
28057.9492
28057.7852
28057.4531
28057.1523
28056.7871
28056.6230
28056.3574
28056.2930
28056.2930
28056.1914
28056.3574
28056.4238
28056.4238
28056.5918
28056.5254
28056.5586
28056.6914
28056.7266
28056.7598
28056.7598
28056.7930
28056.7930
28056.9609
28057.1270
28057.1914
28057.1934
28057.1934
28057.2930
28057.2930
28057.4609
28057.3926
28057.3594
28057.2949
28057.2949
28057.5234
28057.4570
28057.5859
28057.6855
28057.8477
28057.4180
28057.8789
28057.7773
28058.2715
28058.4004
28058.1387
28058.2051
28058.1367
28058.1016
28058.2012
28058.2324
28058.2324
28058.0000
28058.1309
28058.3281
28057.9648
28058.4590
28058.9219
28058.9219
28059.3496
28059.1543
28059.4512
28059.5840
28059.5156
28059.4160
28059.5176
28059.4844
28059.4824
28059.7129
28059.8125
28060.2090
28060.0117
28060.0781
28060.1113
28059.8789
28059.9805
28060.0488
28060.0137
28060.2773
28060.1152
28060.1797
28060.3477
28060.1523
28060.0898
28060.1582
28059.9609
28059.9941
28059.9629
28059.8652
28059.8672
28059.9355
28060.0352
28060.2012
28060.3008
28060.3340
28060.2344
28060.2031
28060.0371
28059.9668
28059.5703
28059.4395
28059.1426
28059.0723
28058.6484
28058.5508
28058.2891
28058.2891
28058.1875
28058.1875
28058.0898
28058.0566
28058.3496
28058.5137
28058.6465
28058.7773
28058.8418
28058.9746
28059.1699
28059.2383
28059.3379
28059.4727
28059.8008
28059.8340
28060.0332
28060.3613
28060.4922
28060.5547
28060.6875
28060.5234
28060.4922
28060.3594
28060.3281
28060.3594
28060.3281
28060.3633
28060.4004
28060.3008
28060.2324
28060.3027
28060.4336
28060.3984
28060.4375
28060.2715
28060.2715
28060.2695
28060.3086
28060.3418
28060.3750
28060.5039
28060.4023
28060.5039
28060.5391
28060.6035
28060.6328
28060.6328
28060.5332
28060.4648
28060.3301
28060.2285
28060.1758
28060.2324
28060.1660
28060.0039
28059.9082
28059.8438
28059.6777
28059.6113
28059.4121
28059.5117
28059.4121
28059.3457
28059.2148
28059.0840
28058.9219
28058.6602
28058.4648
28058.2324
28058.1680
28058.2324
28058.4688
28058.5332
28058.4688
28058.5332
28058.5977
28058.6641
28058.5977
28058.4941
28058.5273
28058.5625
28058.4277
28058.5625
28058.3984
28058.5625
28058.5977
28058.5625
28058.4629
28058.3574
28058.3242
28058.2930
28058.1270
28058.0918
28058.1270
28058.0918
28058.1211
28057.9883
28058.0137
28057.9473
28057.8438
28057.8086
28057.7383
28057.5996
28057.4004
28057.1641
28057.0293
28056.9238
28056.9297
28056.9590
28057.0625
28056.8984
28057.1367
28057.0020
28057.0723
28057.0410
28057.1465
28057.2559
28057.2891
28057.3594
28057.4980
28057.5293
28057.6621
28057.5625
28057.5938
28057.5234
28057.7227
28057.8887
28058.2832
28058.5430
28058.6445
28059.2988
28059.2637
28059.6895
28059.8242
28059.9883
28059.6973
28059.4043
28058.9414
28058.5566
28058.0664
28058.2656
28058.2305
28058.4355
28058.5000
28058.1719
28058.4355
28058.1504
28058.4863
28058.6543
28058.7949
28058.8008
28059.0000
28059.2695
28059.2441
28059.0801
28059.1191
28059.1016
28058.9707
28058.9062
28059.0742
28059.1113
28059.1797
28059.1465
28059.6367
28059.7363
28059.4453
28059.3516
28059.5508
28059.3867
28059.4219
28059.2930
28059.2930
28059.0977
28059.3223
28059.2578
28059.3574
28059.2422
28059.4316
28059.6719
28059.7266
28060.0312
28059.8926
28060.1211
28060.1270
28060.1562
28060.1875
28060.0156
28060.1172
28059.8574
28059.5625
28059.2969
28058.9727
28058.8086
28058.4570
28058.5391
28058.5391
28058.5684
28058.2031
28058.3984
28058.0859
28058.1465
28058.0117
28058.1406
28058.0996
28058.0859
28057.8887
28057.8652
28057.4121
28057.3242
28057.3242
28057.0879
28057.0586
28057.0234
28057.1641
28057.0352
28057.0059
28056.6348
28056.8047
28056.8242
28056.8047
28056.6758
28056.7109
28056.4707
28056.8008
28056.6348
28056.6699
28056.7402
28056.6758
28056.6816
28056.6992
28056.5410
28056.5059
28056.5059
28056.6992
28056.5703
28056.7695
28056.7695
28056.7344
28056.7344
28056.8301
28056.8008
28056.8164
28056.6348
28056.5996
28056.5645
28056.5488
28056.3711
28056.7051
28056.3047
28056.3125
28056.3359
28056.1484
28056.4180
28056.1309
28056.2305
28056.0664
28056.2617
28056.3262
28056.1953
28056.1660
28056.0957
28056.4316
28056.5605
28056.4180
28056.5547
28056.3359
28056.6074
28056.6074
28056.6230
28056.5293
28056.6230
28056.6797
28057.0957
28057.0254
28057.1406
28057.3066
28057.3008
28057.3281
28057.2793
28057.5449
28057.3438
28057.4023
28057.5254
28057.4453
28057.2520
28057.1445
28056.9941
28057.0742
28057.1875
28057.1797
28057.6094
28057.3457
28057.3027
28057.4785
28057.3789
28057.4355
28057.4941
28057.6504
28057.4219
28057.5859
28057.6367
28057.8438
28057.7363
28057.5703
28057.8008
28057.4434
28057.4629
28057.6348
28057.7637
28057.6055
28057.6680
28057.2559
28057.3828
28057.6270
28057.8418
28057.5762
28057.7969
28057.4688
28057.9238
28057.6016
28057.6250
28057.6953
28057.6953
28057.8945
28057.7949
28057.9297
28057.9941
28057.9648
28058.1992
28058.0273
28058.1270
28058.1914
28057.9785
28058.9766
28058.2988
28058.5605
28058.6973
28058.5957
28058.8887
28058.6953
28059.0879
28058.9023
28058.9941
28059.1309
28059.2949
28059.3594
28059.8574
28059.5938
28059.8867
28060.0137
28060.1504
28060.2852
28060.3125
28060.5410
28060.6406
28060.8750
28060.8477
28060.8457
28060.9746
28060.8184
28060.7812
28061.0176
28061.0879
28061.3965
28061.2793
28061.3594
28061.4512
28061.4785
28061.5137
28061.7070
28061.6699
28061.7051
28061.8691
28062.0703
28062.0703
28062.1055
28061.9824
28062.3945
28062.3672
28062.4297
28062.6309
28062.6953
28062.9297
28062.9941
28063.2656
28063.5215
28063.7012
28063.9629
28064.1641
28063.7188
28063.9102
28064.3320
28064.0742
28064.4023
28064.4102
28064.5723
28064.6719
28064.8730
28065.0723
28065.2070
28065.3066
28065.7422
28065.7773
28065.8066
28066.2344
28066.2129
28066.3047
28066.3320
28066.5234
28066.6523
28066.5156
28067.0059
28066.7773
28066.8496
28067.0137
28067.2402
28067.2676
28067.4395
28067.4043
28067.5586
28067.6582
28067.9668
28068.0371
28068.3359
28068.5449
28068.3438
28068.9062
28069.1074
28069.0352
28069.2344
28069.0977
28069.2617
28069.2598
28069.4238
28069.4609
28069.3320
28069.5508
28069.9219
28069.7852
28069.9395
28070.1777
28070.5020
28070.6602
28070.6113
28070.4824
28070.7109
28070.7734
28070.8926
28070.7363
28070.6074
28070.7812
28071.1074
28071.2988
28071.3984
28071.2617
28071.3965
28071.4043
28071.5879
28072.0508
28071.7598
28072.1504
28071.8398
28071.9863
28071.9297
28071.8926
28072.0273
28072.0352
28071.9121
28072.1094
28072.3730
28072.4980
28072.5000
28072.7578
28072.5059
28072.4395
28072.6777
28072.6797
28073.1270
28072.9336
28072.8711
28073.2363
28073.3535
28073.4766
28073.6680
28073.4492
28073.5137
28073.4102
28073.4629
28073.5078
28073.0508
28073.2363
28072.8945
28073.3750
28072.8301
28072.8359
28073.0645
28072.8457
28072.7559
28073.0332
28073.0840
28073.4980
28073.5996
28073.7070
28073.6465
28073.7031
28073.9492
28074.0781
28073.9141
28074.2402
28074.5781
28074.8828
28075.1777
28075.4395
28075.7168
28075.9551
28076.1738
28076.3750
28076.5723
28076.7344
28076.9082
28077.0254
28077.1426
28077.2559
28077.3477
28077.4277
28077.4648
28077.5234
28077.5098
28077.5312
28077.5176
28077.4629
28077.4355
28077.3457
28077.2734
28077.1777
28077.0410
28076.9102
28076.7656
28076.5898
28076.4102
28076.2031
28075.9766
28076.0332
28076.1484
28076.1992
28076.1855
28076.1074
28076.4004
28076.4277
28076.6094
28076.4473
28076.3750
28076.3652
28076.1387
28076.3555
28076.1016
28076.1914
28075.6016
28075.8105
28075.6934
28075.4941
28075.5039
28075.2930
28075.3086
28075.6094
28075.5195
28075.6719
28075.6875
28075.9609
28076.1504
28075.9883
28076.2031
28076.0664
28076.4922
28076.4082
28076.4453
28076.5723
28076.2441
28076.3340
28076.4238
28076.3496
28076.3027
28076.4395
28076.2227
28076.0957
28076.1055
28076.2949
28075.9688
28076.1680
28075.9570
28076.0566
28076.1562
28075.9453
28076.3457
28075.8359
28076.2090
28076.1445
28076.0918
28076.1074
28076.2969
28076.1328
28076.1328
28076.2949
28076.1328
28076.3828
28076.4629
28076.3730
28076.6367
28076.6250
28076.9238
28077.0664
28077.0488
28076.7168
28076.9121
28076.9004
28077.0098
28077.1641
28077.3164
28077.1523
28077.3418
28077.4180
28077.3027
28077.6582
28077.7051
28077.7051
28077.7305
28077.6172
28077.7305
28077.7148
28077.7656
28077.6914
28077.7285
28077.5645
28077.6895
28077.7168
28077.7266
28077.5781
28077.3887
28077.5254
28077.6875
28077.7148
28077.6230
28077.5859
28077.7598
28077.4961
28077.3438
28077.5332
28077.2578
28077.5566
28076.8945
28077.0039
28076.9922
28076.8926
28076.7656
28076.7285
28076.7910
28076.6895
28076.4746
28076.2617
28075.8848
28076.0469
28075.9473
28075.7227
28075.8574
28075.9062
28075.8574
28075.8047
28075.8672
28075.6406
28075.6289
28075.5664
28075.4902
28075.3789
28075.2539
28075.6797
28075.5039
28075.5137
28075.3398
28075.3027
28075.3027
28075.3770
28075.0352
28074.5605
28074.4727
28074.2578
28074.0059
28073.6426
28073.4023
28073.0898
28072.9746
28072.6504
28072.5234
28072.0977
28072.0977
28072.0723
28071.9453
28072.0098
28071.7832
28071.7598
28071.4941
28071.3828
28071.3672
28071.1562
28070.8164
28070.7539
28070.6914
28070.3887
28070.3516
28070.0879
28069.9492
28070.0371
28069.7383
28069.6758
28069.6484
28069.4609
28069.3730
28069.4355
28069.3242
28069.2715
28069.0840
28069.1211
28069.0723
28069.0547
28068.9961
28068.9590
28068.9082
28068.9219
28068.8203
28068.8203
28068.7461
28068.6816
28068.7832
28068.3828
28068.7695
28068.2305
28068.2812
28068.2676
28068.0938
28068.1816
28068.1797
28068.0430
28067.9434
28067.7168
28067.9043
28067.7793
28067.7422
28067.6035
28067.6172
28067.7285
28067.6660
28067.6172
28067.7539
28067.6406
28068.0527
28068.0273
28068.1777
28068.3281
28068.5391
28068.6270
28068.5273
28068.3027
28068.3633
28068.0742
28067.9512
28067.6992
28067.7383
28067.1992
28067.2246
28067.6230
28067.1602
28067.2109
28067.4609
28067.7363
28067.6484
28067.9961
28068.0469
28068.1211
28068.2949
28068.1328
28068.2578
28067.7832
28068.1816
28067.9570
28067.6934
28067.7695
28067.7188
28067.4941
28067.4434
28067.3672
28067.4434
28067.5918
28067.3301
28067.3164
28067.2773
28067.0410
28067.0156
28066.7402
28066.7773
28066.7910
28066.7910
28066.5645
28066.7148
28066.8262
28067.0391
28066.8516
28066.7500
28067.2109
28067.1621
28067.1738
28067.0605
28067.0605
28067.3477
28067.5586
28067.6816
28067.5957
28067.6816
28067.6445
28067.5684
28067.8301
28067.7168
28067.7168
28067.6289
28067.6289
28067.5898
28067.6895
28067.6270
28067.4883
28067.6387
28067.4121
28067.7363
28067.7852
28067.9473
28067.7227
28067.8711
28068.0820
28068.0938
28068.0840
28067.9570
28068.1172
28068.2051
28068.1797
28068.0410
28067.8926
28067.5039
28067.1445
28066.5098
28066.1973
28066.0586
28066.0977
28066.2734
28066.0723
28066.1094
28066.0859
28066.1699
28066.3809
28066.4688
28066.4043
28066.2324
28066.2930
28065.8945
28066.1211
28065.9922
28065.9824
28066.0586
28066.0195
28065.8223
28065.8457
28065.7109
28065.6836
28065.9199
28066.1699
28066.2168
28066.2402
28066.3027
28066.2168
28066.1777
28065.9922
28065.9160
28065.9922
28066.0000
28065.7891
28065.6758
28065.7129
28065.8125
28065.6504
28065.8613
28065.7227
28065.8223
28065.9453
28065.8320
28065.7305
28065.9922
28065.7930
28065.9668
28065.7051
28065.9277
28065.8145
28065.8906
28065.8008
28065.9531
28065.8125
28065.8887
28065.8223
28065.7891
28065.5645
28065.6875
28065.5645
28065.5879
28065.3906
28065.3770
28065.4766
28065.4141
28065.4902
28065.3906
28065.3984
28065.4121
28065.4980
28065.4219
28065.1973
28065.1680
28064.8828
28064.9688
28064.8672
28064.7656
28064.5664
28064.6133
28064.3750
28064.5352
28064.5605
28064.4590
28064.2578
28064.4961
28064.4824
28064.4434
28064.4570
28064.3945
28064.3340
28064.3496
28064.3711
28064.6465
28064.5684
28064.6445
28064.6074
28064.6582
28064.7578
28064.3984
