    0.0294
    0.0927
    0.1514
    0.2091
    0.2718
    0.3227
    0.3774
    0.4300
    0.4886
    0.5490
    0.6190
    0.6926
    0.7521
    0.8111
    0.8555
    0.8983
    0.9379
    0.9677
    1.0022
    1.0300
    1.0589
    1.0803
    1.1006
    1.1146
    1.1289
    1.1290
    1.1327
    1.1323
    1.1317
    1.1345
    1.1361
    1.0453
    0.9526
    0.8605
    0.7691
    0.6683
    0.5702
    0.4666
    0.3626
    0.2453
    0.1315
    0.0202
   -0.0964
   -0.2143
   -0.3371
   -0.4623
   -0.5962
   -0.7265
   -0.8629
   -1.0100
   -1.1618
   -1.3261
   -1.4912
   -1.6548
   -1.8180
   -1.9805
   -2.1498
   -2.3110
   -2.4724
   -2.6397
   -2.8094
   -2.9941
   -3.1774
   -3.3611
   -3.5536
   -3.7482
   -3.9437
   -4.1384
   -4.3310
   -4.5232
   -4.7095
   -4.9054
   -5.1090
   -5.3104
   -5.5179
   -5.7246
   -5.9262
   -6.1267
   -6.3242
   -6.5191
   -6.7109
   -6.9113
   -7.1005
   -7.2944
   -7.4894
   -7.6816
   -7.8593
   -8.0413
   -8.2156
   -8.3857
   -8.5650
   -8.7440
   -8.9240
   -9.1031
   -9.2864
   -9.4730
   -9.6555
   -9.8421
  -10.0280
  -10.2098
  -10.3850
  -10.5581
  -10.7282
  -10.8913
  -11.0453
  -11.2032
  -11.3525
  -11.4992
  -11.6565
  -11.8055
  -11.9507
  -12.0866
  -12.2124
  -12.3313
  -12.4484
  -12.5604
  -12.6698
  -12.7779
  -12.8851
  -12.9886
  -13.0893
  -13.1853
  -13.2674
  -13.3523
  -13.4365
  -13.5226
  -13.6083
  -13.6794
  -13.7568
  -13.8302
  -13.8996
  -13.9682
  -14.0196
  -14.0670
  -14.1041
  -14.1372
  -14.1741
  -14.2146
  -14.2479
  -14.2737
  -14.2966
  -14.3145
  -14.3258
  -14.3408
  -14.3432
  -14.3349
  -14.3167
  -14.2791
  -14.2315
  -14.1803
  -14.1272
  -14.0647
  -14.0025
  -13.9366
  -13.8703
  -13.8018
  -13.6897
  -13.5671
  -13.4404
  -13.3113
  -13.1786
  -13.0360
  -12.8911
  -12.7378
  -12.5814
  -12.4266
  -12.2573
  -12.0583
  -11.8817
  -11.6962
  -11.5156
  -11.3257
  -11.1335
  -10.9348
  -10.7363
  -10.5329
  -10.3319
  -10.1276
   -9.9101
   -9.6990
   -9.4907
   -9.2698
   -9.0510
   -8.8372
   -8.6134
   -8.3875
   -8.1555
   -7.9263
   -7.7083
   -7.4906
   -7.2739
   -7.0695
   -6.8626
   -6.6723
   -6.4923
   -6.3220
   -6.1570
   -5.9839
   -5.8150
   -5.6598
   -5.5125
   -5.3808
   -5.2579
   -5.1452
   -5.0347
   -4.9403
   -4.8547
   -4.7849
   -4.7471
   -4.7202
   -4.7048
   -4.6930
   -4.6916
   -4.6917
   -4.6879
   -4.6851
   -4.6817
   -4.7176
   -4.7532
   -4.7894
   -4.8158
   -4.8374
   -4.8664
   -4.8969
   -4.9331
   -4.9727
   -5.0172
   -5.0748
   -5.1624
   -5.2297
   -5.2959
   -5.3569
   -5.4294
   -5.5027
   -5.5860
   -5.6681
   -5.7482
   -5.8324
   -5.9208
   -6.0163
   -6.1052
   -6.1875
   -6.2706
   -6.3489
   -6.4172
   -6.4869
   -6.5538
   -6.6142
   -6.6695
   -6.7153
   -6.7513
   -6.7808
   -6.7988
   -6.8197
   -6.8370
   -6.8436
   -6.8517
   -6.8488
   -6.8500
   -6.8433
   -6.8292
   -6.8119
   -6.7830
   -6.7518
   -6.7100
   -6.6630
   -6.6059
   -6.5480
   -6.4845
   -6.4142
   -6.3450
   -6.2737
   -6.2044
   -6.1323
   -6.0518
   -5.9704
   -5.8839
   -5.7974
   -5.7105
   -5.6316
   -5.5531
   -5.4814
   -5.4154
   -5.3538
   -5.2885
   -5.2282
   -5.1674
   -5.1067
   -5.0417
   -4.9743
   -4.9051
   -4.8392
   -4.7748
   -4.7077
   -4.6438
   -4.5799
   -4.5214
   -4.4669
   -4.4114
   -4.3573
   -4.3045
   -4.2619
   -4.2191
   -4.1833
   -4.1491
   -4.1185
   -4.0918
   -4.0606
   -4.0357
   -4.0072
   -3.9818
   -3.9556
   -3.9361
   -3.9171
   -3.8975
   -3.8757
   -3.8539
   -3.8279
   -3.8052
   -3.7834
   -3.7656
   -3.7480
   -3.7285
   -3.7135
   -3.7028
   -3.6863
   -3.6670
   -3.6383
   -3.6068
   -3.5757
   -3.5404
   -3.4976
   -3.4515
   -3.4029
   -3.3511
   -3.3046
   -3.2601
   -3.2175
   -3.1769
   -3.1392
   -3.1022
   -3.0636
   -3.0287
   -2.9950
   -2.9590
   -2.9312
   -2.9033
   -2.8781
   -2.8511
   -2.8309
   -2.8099
   -2.7914
   -2.7678
   -2.7422
   -2.7149
   -2.6857
   -2.6557
   -2.6260
   -2.5969
   -2.5735
   -2.5499
   -2.5251
   -2.4970
   -2.4697
   -2.4435
   -2.4174
   -2.3937
   -2.3690
   -2.3497
   -2.3309
   -2.3158
   -2.3041
   -2.2941
   -2.2846
   -2.2763
   -2.2722
   -2.2672
   -2.2633
   -2.2607
   -2.2597
   -2.2591
   -2.2578
   -2.2581
   -2.2579
   -2.2543
   -2.2426
   -2.2377
   -2.2354
   -2.2413
   -2.2488
   -2.2538
   -2.2589
   -2.2660
   -2.2752
   -2.2901
   -2.3075
   -2.3261
   -2.3477
   -2.3712
   -2.3940
   -2.4151
   -2.4391
   -2.4650
   -2.4900
   -2.5157
   -2.5421
   -2.5619
   -2.5830
   -2.6043
   -2.6274
   -2.6435
   -2.6627
   -2.6794
   -2.6980
   -2.7154
   -2.7307
   -2.7453
   -2.7558
   -2.7638
   -2.7719
   -2.7771
   -2.7806
   -2.7820
   -2.7842
   -2.7885
   -2.7923
   -2.7986
   -2.8065
   -2.8172
   -2.8295
   -2.8406
   -2.8501
   -2.8562
   -2.8628
   -2.8665
   -2.8707
   -2.8750
   -2.8810
   -2.8859
   -2.8867
   -2.8825
   -2.8709
   -2.8560
   -2.8378
   -2.8164
   -2.7972
   -2.7793
   -2.7585
   -2.7401
   -2.7194
   -2.6967
   -2.6761
   -2.6587
   -2.6429
   -2.6288
   -2.6106
   -2.5943
   -2.5791
   -2.5595
   -2.5436
   -2.5243
   -2.5054
   -2.4835
   -2.4608
   -2.4379
   -2.4182
   -2.3995
   -2.3808
   -2.3653
   -2.3516
   -2.3367
   -2.3275
   -2.3216
   -2.3197
   -2.3241
   -2.3333
   -2.3460
   -2.3615
   -2.3830
   -2.4064
   -2.4257
   -2.4458
   -2.4722
   -2.5019
   -2.5312
   -2.5659
   -2.5995
   -2.6318
   -2.6625
   -2.6984
   -2.7343
   -2.7746
   -2.8145
   -2.8524
   -2.8955
   -2.9390
   -2.9827
   -3.0300
   -3.0755
   -3.1205
   -3.1696
   -3.2198
   -3.2749
   -3.3304
   -3.3893
   -3.4563
   -3.5197
   -3.5795
   -3.6402
   -3.6964
   -3.7595
   -3.8185
   -3.8778
   -3.9364
   -3.9946
   -4.0525
   -4.1136
   -4.1708
   -4.2231
   -4.2720
   -4.3185
   -4.3662
   -4.4181
   -4.4629
   -4.5057
   -4.5395
   -4.5642
   -4.5885
   -4.6078
   -4.6189
   -4.6198
   -4.6173
   -4.6099
   -4.5996
   -4.5886
   -4.5685
   -4.5502
   -4.5249
   -4.4990
   -4.4720
   -4.4454
   -4.4226
   -4.3968
   -4.3645
   -4.3281
   -4.2909
   -4.2500
   -4.2086
   -4.1647
   -4.1188
   -4.0631
   -4.0013
   -3.9354
   -3.8744
   -3.8110
   -3.7370
   -3.6643
   -3.5949
   -3.5190
   -3.4448
   -3.3702
   -3.2944
   -3.2204
   -3.1471
   -3.0698
   -2.9908
   -2.9082
   -2.8249
   -2.7394
   -2.6592
   -2.5792
   -2.4971
   -2.4157
   -2.3320
   -2.2472
   -2.1613
   -2.0701
   -1.9728
   -1.8766
   -1.7844
   -1.6963
   -1.6042
   -1.5154
   -1.4253
   -1.3424
   -1.2623
   -1.1863
   -1.1223
   -1.0522
   -0.9895
   -0.9301
   -0.8780
   -0.8317
   -0.7825
   -0.7369
   -0.6868
   -0.6462
   -0.6027
   -0.5698
   -0.5344
   -0.4985
   -0.4606
   -0.4239
   -0.3880
   -0.3583
   -0.3306
   -0.3000
   -0.2661
   -0.2352
   -0.1989
   -0.1667
   -0.1389
   -0.1165
   -0.0916
   -0.0569
   -0.0336
   -0.0119
    0.0077
    0.0299
    0.0528
    0.0713
    0.0889
    0.1078
    0.1279
    0.1492
    0.1624
    0.1784
    0.1944
    0.2113
    0.2236
    0.2383
    0.2556
    0.2724
    0.2901
    0.3045
    0.3249
    0.3470
    0.3641
    0.3772
    0.3948
    0.4173
    0.4332
    0.4507
    0.4662
    0.4854
    0.5074
    0.5319
    0.5560
    0.5810
    0.6014
    0.6210
    0.6357
    0.6520
    0.6724
    0.6830
    0.6985
    0.7116
    0.7275
    0.7480
    0.7770
    0.8077
    0.8335
    0.8613
    0.8899
    0.9246
    0.9603
    0.9976
    1.0345
    1.0702
    1.1025
    1.1235
    1.1486
    1.1740
    1.1974
    1.2188
    1.2345
    1.2558
    1.2744
    1.2876
    1.3033
    1.3136
    1.3286
    1.3402
    1.3502
    1.3647
    1.3780
    1.3970
    1.4055
    1.4192
    1.4305
    1.4357
    1.4454
    1.4477
    1.4448
    1.4365
    1.4314
    1.4189
    1.4099
    1.3946
    1.3863
    1.3715
    1.3460
    1.3246
    1.3044
    1.2859
    1.2715
    1.2509
    1.2328
    1.2073
    1.1966
    1.1862
    1.1812
    1.1857
    1.1925
    1.1896
    1.1912
    1.1964
    1.1934
    1.1974
    1.2002
    1.2005
    1.1962
    1.1946
    1.1961
    1.1985
    1.2001
    1.1971
    1.1925
    1.1797
    1.1775
    1.1754
    1.1798
    1.1747
    1.1673
    1.1696
    1.1638
    1.1587
    1.1500
    1.1392
    1.1305
    1.1283
    1.1257
    1.1263
    1.1282
    1.1297
    1.1210
    1.1090
    1.0941
    1.0841
    1.0643
    1.0503
    1.0391
    1.0238
    1.0106
    0.9994
    0.9985
    0.9918
    0.9844
    0.9769
    0.9784
    0.9751
    0.9758
    0.9765
    0.9838
    0.9776
    0.9767
    0.9737
    0.9716
    0.9663
    0.9658
    0.9547
    0.9461
    0.9288
    0.9059
    0.8755
    0.8513
    0.8283
    0.8041
    0.7955
    0.7786
    0.7581
    0.7384
    0.7216
    0.7048
    0.6798
    0.6507
    0.6089
    0.5790
    0.5455
    0.5157
    0.4751
    0.4525
    0.4331
    0.4203
    0.4074
    0.3885
    0.3721
    0.3577
    0.3433
    0.3387
    0.3375
    0.3293
    0.3252
    0.3162
    0.3051
    0.2981
    0.2907
    0.2848
    0.2720
    0.2682
    0.2706
    0.2610
    0.2583
    0.2555
    0.2592
    0.2669
    0.2676
    0.2755
    0.2848
    0.2912
    0.3027
    0.3098
    0.3246
    0.3440
    0.3578
    0.3800
    0.3982
    0.4169
    0.4377
    0.4594
    0.4791
    0.4968
    0.5120
    0.5321
    0.5550
    0.5821
    0.6120
    0.6405
    0.6662
    0.6848
    0.7033
    0.7240
    0.7439
    0.7594
    0.7747
    0.7944
    0.8205
    0.8520
    0.8812
    0.9142
    0.9547
    0.9997
    1.0333
    1.0659
    1.0977
    1.1341
    1.1701
    1.2114
    1.2481
    1.2886
    1.3193
    1.3502
    1.3821
    1.4196
    1.4600
    1.5025
    1.5470
    1.5948
    1.6471
    1.7068
    1.7648
    1.8178
    1.8844
    1.9518
    2.0312
    2.1149
    2.2052
    2.2944
    2.3815
    2.4659
    2.5509
    2.6273
    2.7104
    2.7797
    2.8558
    2.9317
    3.0094
    3.0883
    3.1642
    3.2440
    3.3243
    3.4049
    3.4893
    3.5748
    3.6615
    3.7502
    3.8384
    3.9271
    4.0264
    4.1270
    4.2338
    4.3506
    4.4676
    4.5866
    4.7088
    4.8269
    4.9439
    5.0554
    5.1770
    5.3005
    5.4293
    5.5562
    5.6847
    5.8117
    5.9312
    6.0496
    6.1680
    6.2823
    6.3993
    6.5171
    6.6332
    6.7513
    6.8657
    6.9788
    7.0833
    7.1915
    7.3018
    7.4026
    7.5013
    7.5988
    7.6953
    7.7899
    7.8845
    7.9726
    8.0560
    8.1209
    8.1800
    8.2263
    8.2672
    8.3132
    8.3570
    8.3938
    8.4357
    8.4702
    8.5138
    8.5517
    8.5982
    8.6411
    8.6894
    8.7398
    8.7930
    8.8425
    8.9015
    8.9550
    9.0152
    9.0776
    9.1322
    9.1922
    9.2567
    9.3151
    9.3798
    9.4396
    9.4950
    9.5542
    9.6184
    9.6817
    9.7559
    9.8259
    9.8975
    9.9626
   10.0238
   10.0760
   10.1205
   10.1517
   10.1843
   10.2174
   10.2510
   10.2822
   10.3150
   10.3470
   10.3774
   10.4128
   10.4443
   10.4852
   10.5316
   10.5818
   10.6282
   10.6767
   10.7384
   10.8013
   10.8671
   10.9373
   11.0108
   11.0892
   11.1745
   11.2647
   11.3641
   11.4607
   11.5683
   11.6749
   11.7789
   11.8856
   12.0005
   12.1081
   12.2189
   12.3160
   12.4224
   12.5201
   12.6123
   12.6938
   12.7799
   12.8627
   12.9445
   13.0073
   13.0804
   13.1474
   13.2168
   13.2912
   13.3573
   13.4202
   13.4773
   13.5272
   13.5751
   13.6221
   13.6579
   13.6846
   13.7075
   13.7346
   13.7595
   13.7833
   13.8041
   13.8229
   13.8425
   13.8626
   13.8858
   13.9011
   13.9112
   13.9268
   13.9464
   13.9614
   13.9747
   13.9909
   14.0055
   14.0274
   14.0447
   14.0657
   14.0768
   14.0857
   14.0880
   14.0913
   14.0971
   14.1065
   14.1119
   14.1103
   14.1066
   14.0874
   14.0607
   14.0323
   14.0012
   13.9630
   13.9267
   13.8863
   13.8524
   13.8253
   13.8063
   13.7903
   13.7817
   13.7702
   13.7591
   13.7477
   13.7475
   13.7416
   13.7362
   13.7370
   13.7440
   13.7517
   13.7586
   13.7673
   13.7803
   13.7934
   13.8029
   13.8099
   13.8219
   13.8339
   13.8414
   13.8520
   13.8649
   13.8829
   13.8919
   13.9045
   13.9237
   13.9408
   13.9578
   13.9819
   14.0115
   14.0493
   14.0955
   14.1474
   14.1905
   14.2279
   14.2685
   14.3036
   14.3371
   14.3721
   14.3971
   14.4176
   14.4295
   14.4484
   14.4660
   14.4893
   14.4973
   14.5049
   14.4993
   14.4932
   14.4889
   14.4869
   14.4900
   14.4934
   14.4860
   14.4821
   14.4796
   14.4950
   14.5151
   14.5357
   14.5437
   14.5569
   14.5647
   14.5658
   14.5564
   14.5431
   14.5378
   14.5249
   14.5145
   14.5011
   14.4749
   14.4519
   14.4198
   14.3817
   14.3416
   14.2970
   14.2517
   14.2072
   14.1606
   14.1124
   14.0660
   14.0171
   13.9723
   13.9324
   13.8916
   13.8576
   13.8194
   13.7829
   13.7481
   13.7194
   13.6816
   13.6413
   13.5848
   13.5259
   13.4700
   13.4119
   13.3518
   13.2903
   13.2312
   13.1704
   13.1060
   13.0481
   12.9958
   12.9338
   12.8575
   12.7857
   12.7149
   12.6431
   12.5804
   12.5318
   12.4932
   12.4494
   12.4075
   12.3567
   12.2891
   12.2174
   12.1477
   12.0865
   12.0173
   11.9402
   11.8613
   11.7889
   11.7023
   11.6303
   11.5613
   11.4879
   11.4130
   11.3318
   11.2364
   11.1340
   11.0324
   10.9522
   10.8669
   10.7972
   10.7482
   10.6904
   10.6340
   10.5847
   10.5470
   10.5351
   10.5189
   10.5001
   10.4853
   10.4725
   10.4529
   10.4290
   10.4103
   10.3940
   10.3693
   10.3441
   10.3163
   10.2970
   10.2707
   10.2551
   10.2395
   10.2252
   10.2142
   10.2149
   10.2230
   10.2383
   10.2546
   10.2727
   10.2865
   10.2910
   10.2875
   10.2876
   10.2888
   10.3139
   10.3936
   10.4915
   10.6020
   10.7059
   10.8023
   10.8834
   10.9572
   11.0395
   11.1263
   11.1906
   11.2389
   11.2626
   11.2815
   11.2998
   11.3103
   11.3280
   11.3345
   11.3488
   11.3647
   11.3865
   11.4061
   11.4387
   11.4761
   11.5057
   11.5232
   11.5430
   11.5416
   11.5242
   11.5079
   11.4912
   11.4666
   11.4249
   11.3616
   11.2929
   11.2242
   11.1548
   11.0830
   11.0006
   10.9179
   10.8265
   10.7291
   10.6338
   10.5316
   10.4262
   10.3158
   10.2091
   10.1133
   10.0272
    9.9501
    9.8842
    9.8020
    9.7146
    9.6156
    9.5134
    9.4095
    9.3009
    9.1930
    9.0972
    9.0078
    8.9096
    8.7830
    8.6030
    8.3993
    8.1703
    7.9430
    7.7298
    7.5184
    7.3124
    7.1133
    6.9238
    6.7536
    6.5885
    6.4385
    6.2969
    6.1496
    6.0006
    5.8488
    5.7008
    5.5453
    5.4027
    5.2592
    5.1206
    4.9860
    4.8498
    4.7171
    4.5890
    4.4623
    4.3403
    4.2073
    4.0754
    3.9412
    3.8059
    3.6768
    3.5483
    3.4235
    3.3028
    3.1780
    3.0524
    2.9341
    2.8206
    2.7054
    2.5985
    2.4892
    2.3920
    2.3003
    2.2120
    2.1303
    2.0395
    1.9398
    1.8336
    1.7262
    1.6225
    1.5191
    1.4172
    1.3144
    1.2091
    1.1102
    1.0242
    0.9383
    0.8546
    0.7758
    0.6960
    0.6214
    0.5442
    0.4682
    0.3873
    0.3040
    0.2269
    0.1576
    0.0967
    0.0349
   -0.0284
   -0.0886
   -0.1526
   -0.2175
   -0.2759
   -0.3295
   -0.3835
   -0.4431
   -0.4997
   -0.5650
   -0.6282
   -0.6896
   -0.7510
   -0.8093
   -0.8652
   -0.9275
   -0.9805
   -1.0302
   -1.0694
   -1.1029
   -1.1415
   -1.1703
   -1.2050
   -1.2423
   -1.2854
   -1.3376
   -1.3898
   -1.4429
   -1.4858
   -1.5285
   -1.5585
   -1.5899
   -1.6172
   -1.6438
   -1.6769
   -1.7091
   -1.7440
   -1.7813
   -1.8205
   -1.8609
   -1.9106
   -1.9522
   -1.9940
   -2.0292
   -2.0590
   -2.0839
   -2.1081
   -2.0391
   -1.9655
   -1.8872
   -1.8104
   -1.7271
   -1.6459
   -1.5665
   -1.4883
   -1.4039
   -1.3269
   -1.2519
   -1.1736
   -1.1038
   -1.0278
   -0.9592
   -0.8819
   -0.7993
   -0.7163
   -0.6302
   -0.5478
   -0.4600
   -0.3737
   -0.2902
   -0.2013
   -0.1144
   -0.0278
    0.0547
    0.1309
    0.2072
    0.2810
