27408.7676
27408.5547
27408.4746
27408.5293
27408.6133
27408.7070
27408.5605
27408.4395
27408.3379
27408.4141
27408.3926
27408.6055
27408.6621
27409.1094
27409.2871
27409.3789
27409.4355
27409.5918
27409.4961
27409.7109
27409.9297
27410.2227
27410.1641
27410.4609
27410.5195
27410.6172
27410.4004
27410.4980
27410.5195
27410.7188
27410.8750
27410.8516
27410.9863
27411.0352
27410.9141
27410.9902
27410.9531
27411.1953
27411.4590
27411.4258
27411.7051
27411.7031
27411.7598
27411.7148
27411.4199
27411.4766
27411.8477
27411.9473
27412.0020
27411.9648
27411.9004
27411.9785
27411.7969
27411.7324
27411.7891
27411.6445
27411.6211
27411.7012
27411.9355
27412.0547
27412.1758
27412.2539
27412.2734
27412.4492
27412.6504
27412.4121
27412.3887
27412.4082
27412.3711
27412.4121
27412.3906
27412.4316
27412.6816
27412.7168
27412.3574
27412.5723
27412.5293
27412.5742
27412.4531
27412.6738
27412.4980
27412.2988
27412.3125
27412.0879
27412.0410
27412.0547
27411.8516
27411.7676
27411.8027
27411.6582
27411.4785
27411.5918
27411.4551
27411.4121
27411.6309
27411.6367
27411.6289
27411.4082
27411.5273
27411.3906
27411.6465
27411.6035
27411.5371
27411.2734
27411.1367
27411.1152
27411.0977
27410.9160
27411.0156
27411.0156
27410.8984
27410.6758
27410.7539
27410.6309
27410.6680
27410.4648
27410.4648
27410.5840
27410.4609
27410.5137
27410.5547
27410.5918
27410.4727
27410.4883
27410.5664
27410.5293
27410.7637
27410.8418
27411.0195
27411.0547
27411.1172
27411.2949
27411.4531
27411.3730
27411.4141
27411.4121
27411.4746
27411.3887
27411.4043
27411.3242
27411.3594
27411.2598
27411.1328
27411.3516
27411.3086
27411.3281
27411.2695
27411.1641
27411.1680
27411.1875
27411.2285
27411.2305
27411.2500
27411.2285
27411.3281
27411.1680
27411.2637
27411.2617
27411.1387
27411.1387
27411.1152
27411.2168
27411.5723
27411.5703
27411.6113
27411.4531
27411.3574
27411.2168
27410.9805
27410.9199
27411.0410
27410.8418
27410.7051
27410.5234
27410.5059
27410.6621
27410.7832
27410.7637
27410.8809
27411.0996
27411.3359
27411.6133
27411.7344
27412.5039
27411.9062
27412.1855
27412.3203
27412.2207
27412.1406
27412.4375
27412.5586
27412.2949
27412.9102
27412.7871
27413.0664
27413.2441
27413.5840
27413.8555
27414.1758
27414.3359
27414.5723
27415.0508
27415.0879
27415.1699
27415.4062
27415.6855
27415.6465
27415.9824
27415.9805
27416.1758
27416.2754
27416.3535
27416.5312
27416.4941
27416.4883
27416.4082
27416.5449
27416.4277
27416.4629
27416.2031
27416.1035
27416.2422
27416.0840
27415.9824
27415.9414
27415.8984
27415.8770
27415.8340
27415.7734
27415.7520
27415.6133
27415.5117
27415.5723
27415.7500
27415.6504
27415.4902
27415.7891
27415.6680
27415.8457
27415.7656
27415.7051
27415.6836
27416.1211
27415.6641
27415.7012
27415.8574
27415.8359
27415.7773
27415.7754
27415.8535
27415.8535
27415.9727
27415.9727
27415.9531
27416.0898
27416.1680
27416.2871
27416.4473
27416.5273
27416.4863
27416.5840
27416.7031
27416.7988
27416.8379
27416.8379
27416.9766
27416.9160
27416.9531
27416.7715
27416.6133
27416.6504
27416.5684
27416.7070
27416.4473
27416.6250
27416.4648
27416.4844
27416.3848
27416.4043
27416.5234
27416.6426
27416.6211
27416.6992
27416.8984
27417.0176
27417.1953
27417.1348
27417.0762
27417.0156
27417.0527
27417.0723
27417.0508
27416.7910
27416.4707
27416.4082
27416.4277
27416.3477
27416.1875
27416.1270
27415.8867
27415.8652
27415.5449
27415.4453
27415.3828
27415.1621
27415.1191
27415.1777
27415.0762
27415.2520
27415.2324
27415.3320
27415.2520
27415.2500
27415.1699
27415.2676
27415.2676
27415.2656
27415.2266
27415.1055
27415.1250
27415.2246
27414.9668
27414.9648
27414.8848
27414.8828
27414.7227
27414.5430
27414.3203
27414.3594
27414.5566
27414.7754
27414.9727
27415.0137
27415.0527
27415.2109
27415.2305
27415.1719
27414.9297
27414.9297
27415.1289
27415.1680
27415.2676
27415.1445
27415.0449
27414.9414
27414.7988
27414.4785
27414.3984
27414.3359
27414.3340
27414.3730
27414.3926
27414.3711
27414.3105
27414.3691
27414.4473
27414.4863
27414.3848
27414.4824
27414.3828
27414.4609
27414.4805
27414.3984
27414.4375
27414.4785
27414.5762
27414.4766
27414.5156
27414.5938
27414.6719
27414.7500
27414.8086
27414.8086
27414.8066
27414.7441
27414.5840
27414.5234
27414.5234
27414.3828
27414.4824
27414.4199
27414.5195
27414.6172
27414.7754
27414.8535
27414.9551
27415.0332
27414.9316
27414.9492
27414.9297
27414.9082
27414.8652
27414.8633
27414.9219
27414.9609
27415.0410
27415.1992
27415.3379
27415.3574
27415.3379
27415.2949
27415.3750
27415.2930
27415.2715
27415.2500
27415.3301
27415.2090
27415.2480
27415.2871
27415.4453
27415.5234
27415.6816
27415.6621
27415.8203
27415.7578
27415.7578
27415.9355
27415.8555
27415.7754
27415.8145
27415.7520
27415.7324
27415.6289
27415.6289
27415.6270
27415.5273
27415.6660
27415.7246
27415.7441
27415.8027
27415.8008
27415.9395
27415.6797
27415.5781
27415.5977
27415.5957
27415.4746
27415.5332
27415.3320
27415.4512
27415.3301
27415.2285
27415.2070
27415.2461
27415.1250
27415.0430
27415.0430
27415.0410
27414.9805
27415.0000
27414.9980
27414.9961
27415.1348
27415.2559
27415.2539
27415.4121
27415.3711
27415.3711
27415.4297
27415.4277
27415.4277
27415.5254
27415.4648
27415.4023
27415.2832
27415.1992
27415.1992
27415.2988
27415.3164
27415.3965
27415.3750
27415.2129
27415.2109
27415.2910
27415.2910
27415.2090
27415.1465
27415.3125
27415.2246
27415.4648
27415.4434
27415.2832
27415.3008
27415.2793
27415.1973
27415.4180
27415.7578
27415.7559
27415.9941
27415.9141
27416.0547
27416.2520
27416.5117
27416.6113
27416.9707
27417.3516
27417.5898
27417.9688
27418.3496
27418.7305
27418.9902
27419.1680
27419.3691
27419.4668
27419.3047
27419.1445
27418.9023
27418.8008
27418.7598
27419.0801
27419.1387
27419.3008
27419.2793
27419.2988
27419.3164
27419.3164
27419.3340
27419.4141
27419.4512
27419.4512
27419.4492
27419.5293
27419.1875
27418.6250
27418.3008
27418.2207
27418.5605
27418.8184
27418.9180
27419.2578
27419.3984
27419.3008
27419.2598
27418.9180
27418.7344
27418.3516
27418.1113
27418.0293
27418.0684
27418.2656
27418.4258
27418.5859
27418.8242
27419.0469
27419.3672
27419.7871
27420.1680
27420.2871
27420.5879
27420.3652
27420.4863
27420.2637
27420.0410
27419.8984
27419.6758
27419.6348
27419.7148
27419.7559
27419.8750
27419.9551
27420.1348
27420.1953
27420.1934
27420.1934
27420.1914
27420.1914
27420.1895
27420.1504
27420.0879
27420.1484
27420.2461
27420.4082
27420.3438
27420.5449
27420.6035
27420.3613
27421.0430
27420.9023
27420.9199
27420.9395
27420.7148
27420.5352
27420.4512
27420.3516
27420.2305
27420.1699
27420.0684
27419.9062
27419.9043
27419.9844
27420.1445
27420.4668
27420.7266
27421.1660
27421.5684
27421.9102
27422.1309
27422.1504
27422.2090
27422.2695
27422.2070
27422.0449
27421.9434
27421.7832
27421.7012
27421.6426
27421.6211
27421.5820
27421.5391
27421.6191
27421.6387
27421.6133
27421.5293
27421.7520
27421.7695
27421.9492
27421.9902
27422.0293
27422.1523
27422.1328
27422.0508
27422.1074
27422.1855
27422.1211
27422.3594
27422.2988
27422.2324
27422.3359
27422.4121
27422.4922
27422.3516
27422.2500
27422.2676
27422.0293
27422.0273
27422.0469
27421.9492
27421.9102
27421.9668
27422.1270
27422.0449
27422.0664
27421.9824
27422.1230
27421.7422
27421.9668
27421.8242
27421.9023
27422.0645
27421.9629
27422.1855
27422.2656
27422.3223
27422.2812
27422.1211
27422.2188
27422.2598
27422.2793
27422.3359
27422.3145
27422.6797
27422.6406
27422.6973
27422.7578
27422.9199
27422.8379
27423.1367
27423.1738
27423.0918
27423.2910
27423.0488
27423.0703
27423.1914
27423.0918
27423.3906
27423.5508
27423.3711
27423.6309
27423.5684
27423.4258
27423.4473
27423.2852
27423.4453
27423.5645
27423.6680
27423.7715
27423.8691
27423.8105
27423.8496
27423.7676
27424.0098
27423.8281
27423.9258
27423.7031
27423.6211
27423.4570
27423.6777
27423.4902
27423.4277
27423.5645
27423.6875
27424.0098
27423.9297
27424.1953
27424.0117
27423.7891
27423.9531
27424.0293
27423.9902
27424.1895
27424.0254
27424.3496
27424.2871
27424.5098
27424.5098
27424.4902
27424.5703
27424.5684
27424.6289
27424.6660
27424.7461
27424.7461
27425.0449
27425.2246
27425.3867
27425.5898
27425.4707
27425.5312
27425.2891
27425.3301
27425.1484
27425.3711
27425.5273
27425.3223
27425.6016
27425.4453
27425.2383
27425.3008
27425.3809
27425.4414
27425.4980
27425.4785
27425.4395
27425.8809
27425.5566
27425.7559
27425.8750
27426.0723
27425.9297
27426.0469
27426.1895
27426.2715
27426.1074
27425.8828
27425.9434
27426.0000
27426.2676
27426.2207
27425.9980
27425.7949
27426.0195
27426.3203
27426.5605
27426.6855
27426.7852
27426.7422
27426.8828
27427.1836
27427.5879
27427.6309
27427.8105
27427.9160
27428.1758
27428.9434
27429.2109
27429.2109
27430.0215
27429.8770
27429.9141
27430.3828
27430.4629
27430.2363
27430.7793
27430.9414
27430.9531
27431.1953
27431.0469
27430.8457
27431.0078
27431.0703
27431.0312
27431.0742
27431.0781
27431.2031
27430.9414
27431.0762
27431.0195
27430.9199
27430.8633
27431.1172
27430.9609
27431.1250
27431.2480
27430.9414
27431.0840
27431.1465
27431.1836
27431.0078
27431.0762
27431.1738
27431.3184
27431.6602
27431.6426
27431.8477
27431.8105
27431.6289
27431.8281
27432.0273
27432.1270
27432.3066
27432.5332
27432.5879
27432.5234
27432.6250
27432.5039
27432.5859
27432.4590
27432.7656
27432.7461
27432.8281
27432.9902
27432.8887
27432.9531
27433.0332
27433.2383
27433.4395
27433.2559
27433.3809
27433.6875
27433.2441
27433.5938
27433.4121
27433.1738
27433.2188
27433.1172
27433.0977
27433.4160
27433.5078
27433.6777
27433.6719
27433.8594
27433.9785
27434.0410
27434.5098
27434.6348
27434.4902
27434.7148
27434.5703
27434.9766
27435.0215
27435.2773
27435.5723
27435.7715
27435.6523
27435.7969
27435.7520
27436.0215
27436.0156
27436.4473
27436.5273
27436.3730
27436.3730
27436.4395
27436.4648
27436.7090
27436.9160
27437.2793
27437.5664
27437.9668
27438.4219
27438.3027
27438.4297
27438.3398
27438.4473
27438.6465
27438.6289
27438.9727
27439.1289
27439.2910
27439.2090
27439.3262
27439.6270
27439.5273
27439.8906
27439.7070
27439.8984
27439.7676
27440.0391
27440.0391
27440.1387
27440.3008
27440.7461
27440.9082
27440.6934
27440.9746
27441.0469
27441.0020
27441.1016
27441.3477
27441.3477
27441.5469
27441.5273
27441.8730
27441.9551
27442.1543
27442.4805
27442.5371
27442.6543
27442.9902
27442.8711
27442.9531
27442.9707
27443.0547
27443.1348
27443.0547
27443.2598
27443.0977
27443.1348
27443.0977
27443.2168
27443.1719
27443.1699
27443.2344
27443.0781
27443.2422
27443.0781
27443.3965
27443.3320
27443.3438
27443.3789
27443.2793
27443.3613
27443.5703
27443.9141
27443.9414
27443.7324
27443.9316
27444.2500
27443.8496
27443.7051
27444.0957
27444.2305
27444.2129
27444.0410
27444.4219
27444.4844
27444.5938
27444.7754
27444.8750
27444.7559
27445.5566
27444.8555
27445.3750
27445.5195
27445.7207
27445.6465
27445.5645
27445.8555
27445.5547
27445.8105
27445.7090
27445.6914
27445.4453
27445.2383
27445.6289
27445.3008
27445.3379
27445.3184
27444.9277
27445.1719
27445.0449
27444.8828
27445.3906
27445.0371
27445.5625
27445.3359
27445.1270
27445.1895
27445.5176
27445.8262
27445.9453
27445.7988
27445.9531
27445.7441
27445.9902
27446.0449
27446.4531
27446.2168
27446.2422
27446.0977
27445.9062
27445.8887
27445.7871
27445.7422
27445.5957
27446.1777
27446.0312
27445.9961
27446.3770
27446.1758
27446.3398
27446.3945
27446.7402
27446.8398
27446.9219
27446.8125
27446.6660
27446.7188
27446.7188
27446.8184
27446.7734
27447.3359
27447.3633
27447.3809
27447.5645
27447.5820
27447.5156
27447.6895
27448.1445
27448.2441
27448.6270
27448.6445
27448.7441
27448.6699
27448.4590
27448.3496
27448.2676
27448.3145
27448.2500
27448.0215
27448.2207
27448.4297
27448.6133
27448.4023
27448.4199
27448.0371
27447.7559
27448.1660
27447.8555
27447.6836
27447.6543
27447.7012
27447.6289
27447.9180
27447.6172
27447.5352
27447.7715
27447.6230
27447.5586
27447.6406
27447.5312
27447.4316
27447.2656
27447.2559
27447.2910
27447.2539
27447.2715
27447.0430
27447.1367
27446.9531
27446.8809
27446.6992
27446.6445
27446.6797
27446.7793
27446.8145
27446.7227
27446.8965
27447.1504
27446.8672
27447.1152
27447.0781
27447.2520
27447.2871
27447.1875
27447.1055
27447.0410
27447.2051
27447.0039
27446.7031
27447.0566
27446.8340
27446.7676
27446.5215
27446.2988
27446.2812
27446.7012
27446.6191
27446.2188
27446.0898
27445.7246
27445.3320
27444.8770
27444.5371
27443.9160
27443.6504
27443.2754
27443.2500
27442.9668
27443.0137
27443.1309
27443.1758
27443.2578
27444.0449
27444.3086
27444.5859
27444.4375
27444.4375
27444.2012
27443.9668
27444.4961
27444.6484
27443.8887
27443.1953
27443.1777
27443.4160
27443.4336
27443.6992
27444.2285
27444.0176
27444.1328
27443.6680
27443.0273
27442.7637
27442.7988
27443.0605
27443.3145
27443.0020
27442.7715
27442.7656
27442.5840
27442.3535
27441.9238
27441.8574
27441.6406
27441.7871
27441.4043
27441.4746
27441.3379
27441.2441
27440.8262
27440.8438
27440.6602
27440.8594
27440.5586
27440.7246
27440.5117
27440.4297
27440.5449
27440.3984
27440.3164
27440.4922
27440.3965
27440.3789
27440.4258
27440.3789
27440.0469
27439.7637
27439.7461
27439.8477
27439.7930
27439.9453
27439.7441
27439.6094
27439.5078
27439.4199
27439.2148
27439.2441
27439.0449
27439.1094
27438.9082
27438.9414
27439.0605
27438.8652
27438.9160
27438.4805
27438.4102
27437.9277
27437.7754
27437.6875
27437.4824
27437.3984
27437.4336
27437.1367
27436.8945
27436.6641
27436.6270
27436.3281
27436.1621
27435.8320
27435.4551
27435.0352
27434.4395
27434.6211
27434.3906
27434.0762
27433.6602
27433.3633
27433.1328
27432.9492
27432.7793
27432.5840
27432.5488
27432.8945
27433.3086
27433.2734
27433.5977
27433.4492
27433.1484
27432.5684
27432.1035
27431.5723
27431.6543
27431.5020
27431.3711
27431.1855
27431.2148
27431.0273
27430.8438
27430.7090
27430.5117
27430.4453
27430.2812
27430.4453
27430.0781
27429.8320
27430.0078
27430.1270
27430.2246
27430.0410
27429.6426
27429.6582
27429.3750
27429.0742
27428.7617
27428.6113
27428.6934
27428.5586
27428.5566
27428.3574
27428.7871
27428.7363
27428.4375
27428.6875
27428.5684
27428.1016
27428.1152
27427.8789
27427.6621
27426.9785
27426.8613
27426.3770
27426.2305
27425.5488
27425.3008
27425.3652
27425.2832
27425.6289
27426.1270
27426.5234
27426.9180
27426.6523
27426.5352
27425.9199
27426.0508
27425.7148
27425.1016
27425.0312
27424.7344
27424.4512
27424.6172
27424.2168
27424.2461
27423.9609
27423.8262
27424.1719
27423.5234
27423.0586
27422.9277
27423.0879
27423.3672
27423.4785
27424.2578
27424.1738
27424.0605
27423.7949
27423.4785
27423.0449
27423.2949
27423.4121
27423.5781
27423.3965
27422.9336
27422.7832
27422.5977
27422.2480
27422.1934
27422.1582
27421.8418
27421.9219
27421.7910
27421.5410
27421.5898
27421.4062
27421.3066
27420.9043
27421.0547
27420.7539
27420.8320
27420.7812
27420.3008
27420.5664
27420.4512
27420.4668
27420.3164
27420.1680
27419.9180
27419.7012
27419.3672
27419.1348
27418.8691
27418.7012
27418.5332
27418.2168
27418.3164
27418.3809
27418.4629
27418.2812
27418.2812
27418.2793
27418.1465
27418.3262
27418.3086
27418.8047
27418.7715
27418.8203
27418.5195
27418.2363
27418.4199
27418.6172
27419.0312
27418.9316
27419.1133
27419.1445
27419.1758
27419.0254
27418.8770
27419.3418
27419.1094
27418.8242
27418.7754
27419.2422
27419.0410
27419.1074
27419.1719
27419.0391
27418.9062
27419.1387
27419.3047
27419.3223
27419.5527
27419.4668
27419.4648
27419.5801
27419.7285
27419.8457
27419.5938
27419.7930
27419.6758
27419.7402
27419.6914
27419.9746
27419.7891
27419.3398
27419.4902
27419.2227
27419.1895
27418.9902
27418.7715
27418.5898
27418.4902
27418.1895
27417.7402
27417.9902
27418.0566
27418.4219
27418.7383
27418.7031
27419.0527
27419.0703
27419.1211
27419.1035
27418.9375
27418.8555
27418.5039
27418.4375
27418.2695
27418.2871
27418.1680
27417.8047
27417.7031
27417.6035
27417.9375
27418.0859
27418.5195
27418.6016
27418.8359
27419.0195
27419.1191
27418.9531
27418.9355
27418.9531
27419.0176
27418.9180
27419.2188
27419.2012
27419.4512
27419.7676
27419.7852
27419.7168
27420.0020
27420.0176
27420.3320
27420.4004
27420.3652
27420.1504
27420.1660
27420.3164
27419.9844
27420.0996
