28091.5547
28091.5684
28091.4785
28091.2031
28090.8496
28090.4863
28090.3984
28090.2344
28090.2109
28090.3086
28090.3203
28090.3203
28090.4199
28090.4434
28090.5547
28090.4668
28090.3047
28090.2383
28090.1738
28090.0000
28089.9102
28089.8340
28089.7461
28089.6445
28089.7207
28089.6328
28089.5566
28089.5449
28089.6445
28089.8301
28089.8184
28089.7305
28089.8301
28089.8418
28089.7539
28089.8418
28089.8535
28090.0293
28089.9180
28090.0918
28090.2676
28090.2559
28090.2676
28090.3555
28090.5430
28090.6191
28090.6934
28090.8945
28090.7051
28090.6172
28090.4414
28090.2754
28090.1758
28090.3652
28090.6523
28090.9160
28091.2793
28091.7324
28092.0957
28092.2832
28092.5586
28092.6484
28092.7598
28092.7715
28092.6953
28092.5293
28092.3770
28092.3887
28092.3242
28092.3359
28092.2461
28092.1699
28092.0703
28091.8047
28091.5176
28091.3398
28091.0000
28090.8984
28091.0000
28091.0996
28091.2734
28091.6270
28091.8906
28092.0664
28092.3320
28092.5938
28092.5820
28092.7480
28092.6465
28092.6445
28092.8340
28092.8457
28092.8574
28092.8691
28092.8691
28092.8047
28092.8047
28092.8164
28092.7383
28092.7363
28092.9023
28092.9141
28092.9023
28093.0762
28093.0645
28093.1523
28093.2422
28093.2539
28093.2539
28093.3398
28093.4395
28093.5156
28093.4922
28093.5801
28093.4805
28093.5547
28093.5430
28093.5430
28093.5195
28093.5195
28093.5078
28093.4180
28093.4180
28093.3828
28093.3711
28093.2598
28093.3457
28093.4102
28093.4102
28093.5762
28093.6641
28093.7285
28093.6289
28093.6035
28093.5039
28093.4805
28093.4922
28093.4922
28093.5918
28093.6914
28093.7031
28093.7129
28093.8906
28093.9902
28094.1660
28094.1660
28094.2656
28094.2656
28094.2656
28094.2539
28094.2422
28094.0645
28094.0879
28094.0000
28094.0117
28094.0352
28094.0352
28094.0586
28093.9805
28094.0801
28094.1035
28094.1387
28094.1504
28094.1621
28094.1738
28094.0840
28094.0059
28093.7422
28093.5527
28093.2012
28092.8340
28092.6562
28092.4805
28092.2930
28092.2129
28092.2129
28092.4023
28092.3906
28092.4902
28092.7559
28092.9199
28092.9316
28093.0195
28093.0293
28092.9531
28092.8770
28092.7891
28092.8750
28092.8750
28092.9395
28093.1035
28093.2695
28093.4336
28093.6113
28093.8750
28094.0410
28094.3066
28094.3047
28094.3047
28094.1172
28094.0410
28093.8516
28093.5859
28093.2969
28093.0312
28092.9316
28092.7305
28092.6191
28092.7070
28092.7715
28092.8477
28092.9355
28092.9355
28092.7598
28092.7598
28092.6816
28092.6699
28092.6816
28092.6816
28092.6582
28092.6465
28092.5703
28092.5703
28092.4805
28092.4785
28092.5176
28092.5801
28092.5918
28092.6797
28092.6895
28092.7891
28092.8008
28092.9004
28092.8340
28092.7461
28092.7461
28092.6465
28092.5684
28092.4902
28092.4785
28092.4023
28092.2246
28092.2363
28092.2246
28092.2246
28092.3125
28092.4766
28092.5645
28092.7969
28092.9609
28093.0391
28093.0273
28093.1816
28093.1797
28093.0918
28093.0801
28093.0801
28093.0801
28093.0684
28093.0684
28093.0684
28092.8887
28092.8770
28092.7773
28092.7656
28092.6777
28092.6777
28092.6777
28092.6113
28092.5996
28092.6230
28092.5449
28092.5566
28092.5684
28092.6660
28092.5898
28092.6133
28092.6230
28092.6348
28092.6348
28092.8105
28092.8223
28092.8223
28092.9199
28093.0078
28092.9316
28093.0312
28093.0312
28093.0977
28093.0078
28092.9961
28092.8965
28092.8965
28092.8730
28092.8613
28092.6836
28092.6719
28092.6602
28092.6602
28092.5840
28092.5723
28092.6719
28092.6816
28092.6816
28092.7812
28092.8574
28092.8809
28092.9570
28093.0586
28093.0586
28093.0684
28093.0684
28093.1797
28093.1797
28093.2793
28093.3008
28093.3008
28093.2344
28093.2227
28093.1230
28092.9453
28092.8555
28092.7559
28092.6680
28092.4883
28092.3008
28092.2227
28092.1328
28091.9434
28092.0430
28092.2207
28092.4863
28092.8535
28093.2305
28093.3301
28093.3398
28093.1641
28092.8965
28092.7070
28092.5508
28092.6387
28092.8184
28092.9941
28093.1719
28093.4258
28093.2500
28093.0820
28092.6367
28092.2832
28092.0156
28091.5723
28091.3828
28091.2930
28091.2051
28091.3828
28091.3828
28091.3828
28091.3809
28091.3809
28091.3809
28091.3809
28091.3691
28091.4570
28091.4570
28091.5449
28091.7109
28091.8008
28091.7988
28091.7988
28091.7090
28091.8105
28091.8105
28091.7188
28091.6309
28091.6309
28091.6289
28091.7070
28091.7969
28091.9727
28092.0508
28091.9609
28092.0488
28092.1387
28092.3164
28092.5820
28093.0254
28093.2031
28093.1152
28092.8477
28092.6699
28092.4902
28092.5020
28092.6914
28092.9570
28093.5117
28093.8672
28094.3125
28094.6895
28094.9668
28095.0566
28095.0566
28095.0664
28095.2441
28095.3320
28095.0664
28094.4414
28093.8203
28093.0078
28092.2871
28091.9199
28091.8184
28091.9844
28092.2402
28092.3184
28092.4941
28092.7617
28093.1172
28093.4727
28093.9062
28094.0840
28094.0840
28093.9941
28093.8262
28093.7598
28093.7812
28093.7031
28093.8027
28093.8145
28093.8926
28093.8809
28093.8691
28093.8691
28093.7793
28093.6797
28093.6797
28093.7891
28093.7012
28093.8008
28093.9004
28094.0898
28094.1777
28094.5449
28094.7227
28094.8984
28095.0781
28095.2773
28095.3652
28095.5449
28095.6211
28095.6328
28095.6328
28095.5430
28095.4551
28095.3750
28095.1855
28094.9980
28094.8066
28094.6289
28094.6172
28094.6074
28094.6836
28094.6504
28094.5508
28094.4512
28094.3613
28094.1836
28094.1836
28094.1816
28094.0820
28094.0703
28094.0488
28094.0488
28094.3047
28094.3828
28094.5605
28094.6484
28094.6270
28094.5371
28094.4707
28094.3809
28094.3027
28094.4023
28094.4238
28094.4238
28094.4355
28094.2656
28094.0879
28094.0000
28093.9082
28093.9199
28094.1094
28094.2871
28094.3867
28094.4863
28094.4863
28094.3066
28094.2285
28094.1289
28094.0410
28094.0391
28094.0391
28094.0508
28094.1387
28094.2383
28094.4375
28094.5488
28094.7383
28094.8594
28094.9688
28094.9902
28095.0117
28094.9336
28094.8223
28094.7012
28094.6797
28094.8457
28095.0039
28095.1699
28095.3242
28095.4941
28095.6602
28095.5605
28095.5488
28095.3711
28095.2812
28095.1914
28095.0020
28094.8125
28094.7227
28094.7227
28094.6445
28094.7324
28094.8320
28094.9336
28095.0215
28095.1992
28095.3789
28095.6445
28095.5566
28095.8145
28095.9023
28095.9902
28096.1680
28096.6152
28096.8828
28097.1621
28097.3398
28097.2500
28096.9922
28096.9238
28096.6660
28096.5781
28096.4102
28096.3223
28096.1523
28095.9844
28095.8965
28095.8047
28095.8145
28095.8145
28095.6484
28095.4805
28095.3008
28095.0449
28094.9531
28094.9414
28094.9316
28094.8418
28094.9199
28094.9199
28094.9082
28094.9980
28095.0879
28095.2754
28095.3652
28095.3535
28095.4551
28095.7207
28095.7988
28095.9785
28096.0781
28096.2461
28096.4141
28096.5918
28096.6816
28096.9277
28097.1973
28097.4746
28097.6543
28097.9199
28098.1895
28098.2988
28098.3203
28098.3301
28098.3418
28098.2617
28098.3516
28098.4297
28098.5176
28098.6875
28098.9531
28099.3125
28099.7480
28100.0059
28100.3633
28100.4531
28100.7090
28100.8887
28101.0664
28101.1562
28101.4238
28101.6133
28101.8809
28102.2402
28102.4180
28102.5977
28102.8750
28103.2324
28103.4102
28103.7793
28104.3047
28104.6523
28105.0000
28105.1562
28105.3262
28105.4043
28105.3047
28105.4629
28105.5293
28105.5996
28105.7461
28105.8359
28105.9258
28105.9258
28106.0938
28106.1055
28106.1055
28106.1055
28106.0156
28105.9258
28105.7480
28105.6484
28105.5586
28105.5586
28105.5488
28105.6367
28105.6367
28105.6367
28105.6270
28105.6172
28105.7051
28105.7051
28105.8730
28105.8730
28105.8066
28105.6172
28105.3477
28104.9004
28104.5527
28104.2949
28104.1367
28104.0586
28104.2598
28104.3477
28104.6250
28104.8066
28104.9844
28104.8945
28104.9160
28105.0059
28105.0059
28105.0840
28105.1641
28105.4121
28105.5703
28105.6289
28105.7188
28105.8066
28105.9062
28105.9180
28106.0293
28105.9375
28105.9590
28106.0508
28105.9590
28105.7812
28105.7812
28105.6816
28105.5820
28105.6602
28105.5723
28105.4805
28105.4590
28105.3711
28105.3711
28105.3711
28105.3711
28105.3809
28105.4805
28105.6621
28105.9297
28106.1875
28106.1875
28106.1777
28106.2676
28106.0781
28105.9902
28105.8984
28105.8984
28105.8887
28105.9688
28106.0586
28106.0586
28105.9688
28105.9590
28105.8574
28105.8574
28105.8477
28106.0273
28106.0078
28106.0859
28106.2539
28106.3457
28106.5449
28106.6445
28106.8359
28106.8457
28106.9453
28106.9570
28107.1445
28107.2344
28107.3477
28107.6348
28107.9941
28108.1152
28108.3262
28108.5156
28108.6152
28108.7051
28108.9746
28109.1641
28109.4434
28109.7148
28109.9922
28110.3418
28110.4316
28110.6230
28110.8906
28110.9004
28110.9121
28110.9004
28110.6230
28110.4531
28110.2637
28110.0840
28110.0039
28110.0840
28110.3438
28110.6133
28110.8613
28111.1211
28111.2109
28111.1328
28111.2227
28111.1328
28111.2227
28111.2422
28111.5137
28111.5234
28111.6328
28111.7227
28111.8809
28111.8926
28112.0723
28111.9941
28112.0840
28112.2734
28112.2637
28112.3633
28112.4531
28112.5430
28112.6328
28112.5547
28112.3730
28112.2949
28112.2949
28112.2949
28112.3848
28112.6660
28112.5547
28112.4766
28112.3965
28112.4160
28112.4258
28112.1680
28111.8301
28111.5000
28111.0410
28110.5918
28110.3535
28110.1934
28110.2930
28110.5352
28110.9160
28111.2930
28111.5742
28111.7637
28111.5938
28111.1348
28110.6855
28110.2578
28109.9766
28110.0586
28110.1367
28110.3164
28110.6758
28110.9570
28111.0469
28111.3359
28111.4473
28111.3555
28111.3652
28111.2070
28111.0488
28110.9863
28111.0176
28111.1387
28111.3184
28111.6895
28112.2285
28113.0469
28113.8672
28114.2266
28114.3477
28114.2773
28114.3770
28114.4668
28114.9277
28115.8164
28116.7266
28117.2754
28117.8164
28117.8359
28117.4863
28117.0254
28116.8672
28116.6992
28116.6992
28116.8887
28117.3281
28117.5879
28117.9473
28117.6777
28117.3184
28116.6992
28116.6191
28116.4492
28116.3789
28116.4785
28116.6582
28116.6582
28116.6484
28117.0293
28117.5801
28117.8496
28118.0391
28118.3203
28118.6816
28118.6914
28118.5195
28118.3516
28118.1914
28117.7812
28117.6309
28117.6699
28117.5215
28117.1914
28116.7812
28116.4297
28115.9102
28115.4707
28115.0195
28114.4004
28113.5098
28112.5273
28111.5469
28110.8379
28110.1172
28109.7461
28109.3848
28109.3047
28109.0254
28108.7637
28108.5742
28108.5039
28108.2344
28108.1641
28108.0820
28108.1836
28108.1113
28107.6602
28107.3223
28106.7988
28106.1094
28105.4961
28105.0645
28104.6152
28104.4453
28104.6230
28104.8145
28105.2656
28105.9141
28106.2852
28106.3945
28106.2344
28105.8027
28105.5703
28105.1387
28104.9102
28104.8379
28105.1465
28105.0762
28105.1855
28105.3750
28105.5762
28105.6641
28105.5840
28105.5938
28105.3418
28104.8906
28104.5586
28104.1172
28103.7676
28103.6953
28103.8965
28103.3652
28102.8418
28102.7695
28102.8984
28102.5586
28102.7676
28103.4180
28103.4258
28102.9844
28103.0957
28103.2051
28103.1934
28103.6641
28104.0254
28104.4746
28104.7539
28105.2246
28105.6934
28106.0645
28106.3555
28106.8340
28107.3047
28107.7852
28108.0840
28108.2832
28108.5820
28108.6211
28108.0195
28107.0547
28106.3711
28105.3086
28104.5234
28104.2812
28104.7422
28105.1309
28105.5020
28105.6914
28105.8809
28106.1602
28105.9102
28105.5664
28105.3145
28105.3223
28105.2324
28105.1523
28105.1504
28105.5020
28105.9629
28106.5039
28107.5957
28108.5879
28109.4004
28110.0430
28110.5840
28111.0332
28111.5840
28111.6836
28111.7637
28112.0352
28111.9531
28110.8594
28108.8906
28106.7227
28104.8359
28103.2168
28102.5859
28102.5938
28102.7031
28102.6406
28102.4902
28102.5977
28102.8770
28103.3379
28103.8789
28104.1680
28104.5586
28104.9297
28105.4980
28106.0586
28106.6094
28107.1816
28107.7520
28108.1230
28108.3223
28108.7012
28109.0645
28109.4102
28109.7559
28110.0977
28110.4258
28110.7070
28111.0176
28111.3184
28111.5801
28111.8496
28112.1230
28112.4414
28112.6699
28112.9785
28113.2227
28113.4785
28113.7266
28113.9785
28114.1387
28114.3652
28114.5391
28114.6875
28114.8926
28115.0840
28115.2598
28115.4648
28115.5703
28115.7598
28115.9180
28116.0645
28116.1797
28116.3262
28116.4824
28116.6035
28116.7168
28116.7949
28116.8867
28116.9160
28116.9727
28117.0820
28117.1270
28117.1816
28117.2422
28117.2480
28117.2637
28117.2617
28117.2852
28117.2812
28117.2695
28117.2754
28117.2871
28117.2695
28117.2168
28117.1660
28117.0820
28117.0273
28116.9336
28116.8496
28116.7441
28116.6191
28116.4883
28116.5879
28116.4062
28116.5156
28116.5332
28116.3613
28116.2910
28116.2988
28116.2168
28116.1250
28116.4062
28116.7598
28116.8301
28116.7109
28116.6816
28116.8516
28116.8320
28116.9023
28117.2461
28117.4160
28117.3066
28117.1172
28116.9434
28116.9434
28116.6621
28116.5703
28116.3887
28116.3789
28116.3691
28116.2676
28116.0684
28116.2383
28116.5020
28116.4902
28116.7422
28117.0859
28117.0859
28116.9043
28117.1133
28117.3203
28117.0859
28116.7422
28116.2266
28115.4297
28114.6113
28114.3223
28114.2109
28114.4727
28114.7266
28114.8066
28114.9863
28114.8145
28114.3418
28114.0605
28113.5957
28113.2324
28112.8613
28112.3984
28112.1055
28112.0059
28111.6953
28111.3027
28110.7305
28110.1777
28109.3418
28108.6895
28108.0527
28107.5879
28107.2266
28106.7715
28106.6074
28106.4258
28106.0625
28105.7891
28105.6074
28105.0527
28104.4805
28104.1973
28103.8242
28103.5527
28103.6230
28103.7949
28103.7754
28103.6641
28103.5645
28103.3711
28103.2715
28103.1797
28103.3594
28103.4512
28103.5410
28103.7207
28103.7109
28103.7012
28103.8730
28103.9355
28104.0156
28104.1953
28104.4688
28104.6484
28104.6465
28104.8379
28105.1270
28105.5000
28105.9434
28106.6777
28106.9395
28106.9297
28106.5664
28106.2832
28105.8105
28105.5371
28105.3281
28105.2188
28105.0078
28104.6270
28104.2344
28104.0234
28103.8242
28103.7051
28103.5859
28103.3750
28103.4375
28103.2383
28102.8457
28102.5547
28102.4434
28102.1523
28102.0527
28101.9512
28102.0430
28102.0508
28102.1406
28102.1309
28102.3105
28102.3203
28102.2188
28101.9629
28101.7812
28101.5176
28101.1367
28100.7520
28100.4609
28100.3594
28100.4414
28100.4316
28100.7031
28101.0488
28101.1914
28101.4277
28101.4727
28101.3535
28101.2422
28101.2324
28100.9609
28100.7773
28100.5957
28100.6680
28100.6309
28100.6738
28100.8301
28100.8828
28100.9453
28100.8359
28100.6445
28100.3613
28100.1621
28100.0781
28099.7793
28099.5684
28099.4316
28099.1230
28098.9219
28098.8848
28098.8652
28098.6660
28098.6465
28098.9004
28098.9746
28099.2441
28099.5078
28099.7988
28100.0527
28100.3262
28100.5059
28100.5156
28100.8789
28101.0605
28101.1504
28101.2422
28101.1582
28101.1484
28100.9570
28100.7578
28100.7480
28100.8105
28100.9746
28101.2207
28101.6562
28101.8105
28102.1738
28102.5195
28102.7012
28102.6914
28102.6914
28102.5918
28102.3164
28102.1348
28101.9531
28101.8613
28101.5059
28101.2227
28101.3867
28101.3672
28101.2051
28101.3887
28101.6445
28101.6367
28101.8281
28101.8672
28101.9297
28102.0020
28101.8125
28101.4297
28101.1367
28100.7539
28100.1094
28099.4453
28098.8789
28098.5879
28098.1973
28097.7227
28097.4141
28097.1055
28096.7129
28096.6035
28096.4863
28096.3672
28096.3398
28096.4043
28096.3965
28096.3867
28096.2852
28096.1133
28096.0293
28096.0215
28096.1113
28096.1191
28096.3008
28096.1191
28096.0273
28095.9375
28095.8359
28095.6445
28095.4629
28095.1973
28095.1426
28095.0020
28094.9551
28094.8359
28094.6953
28094.5234
28094.1660
28093.6934
28093.4023
28092.9844
28092.5566
28092.1211
28091.8672
28091.7148
28091.6523
28091.7812
28092.0195
28092.3730
28092.8027
28093.2852
28093.6758
28093.8184
28094.1367
28094.2715
28094.3887
28094.6543
28094.7266
28094.7812
28094.7383
28094.7031
28094.5664
28094.4414
28094.4316
28094.4141
28094.4863
28094.4961
28094.3965
28094.4863
28094.3867
28094.2773
28094.2773
28094.1777
28094.1855
28094.2031
28094.3027
28094.3105
28094.4023
28094.4023
28094.5840
28094.6660
28094.7578
28094.7480
28094.6582
28094.5566
28094.7227
28094.6309
28094.3555
28094.0723
28093.7988
28093.5332
28093.3418
28093.3418
28093.1680
28092.9023
28092.6289
28092.5547
28092.3711
28092.4531
28092.4531
28092.5352
28092.3535
28092.1602
28091.8867
28091.7031
28091.7031
28091.7852
28091.8691
28091.9590
28092.1406
28092.3164
28092.2988
28092.2988
28092.1973
28091.9062
28091.7969
28091.8613
28092.1094
28092.0918
28092.0645
28091.8750
28091.9648
28092.1309
28092.4863
28092.8438
28093.1172
28093.2168
28093.1250
28092.9414
28092.7598
28092.5859
28092.5938
28092.6035
28092.8750
28093.0586
