   -4.4435
   -4.3311
   -4.2236
   -4.1120
   -4.0033
   -3.8903
   -3.7711
   -3.6552
   -3.5372
   -3.4133
   -3.2876
   -3.1678
   -3.0510
   -2.9350
   -2.8188
   -2.7049
   -2.5912
   -2.4759
   -2.3578
   -2.2421
   -2.1341
   -2.0255
   -1.9159
   -1.8060
   -1.6925
   -1.5895
   -1.4846
   -1.3874
   -1.2845
   -1.1734
   -1.0674
   -1.0173
   -0.9696
   -0.9187
   -0.8626
   -0.7977
   -0.7310
   -0.6575
   -0.5821
   -0.5051
   -0.4266
   -0.3535
   -0.2756
   -0.2021
   -0.1356
   -0.0750
   -0.0238
    0.0266
    0.0666
    0.0998
    0.1288
    0.1504
    0.1627
    0.1693
    0.1651
    0.1631
    0.1554
    0.1591
    0.1586
    0.1551
    0.1463
    0.1388
    0.1310
    0.1193
    0.1048
    0.0895
    0.0701
    0.0533
    0.0352
    0.0152
   -0.0082
   -0.0249
   -0.0346
   -0.0462
   -0.0564
   -0.0698
   -0.0824
   -0.0913
   -0.1043
   -0.1134
   -0.1279
   -0.1437
   -0.1559
   -0.1736
   -0.1925
   -0.2155
   -0.2347
   -0.2497
   -0.2658
   -0.2873
   -0.3165
   -0.3435
   -0.3745
   -0.4078
   -0.4496
   -0.4952
   -0.5508
   -0.6128
   -0.6849
   -0.7619
   -0.8446
   -0.9335
   -1.0144
   -1.1004
   -1.1812
   -1.2612
   -1.3357
   -1.4076
   -1.4796
   -1.5467
   -1.6052
   -1.6548
   -1.6933
   -1.7183
   -1.7389
   -1.7600
   -1.7773
   -1.7861
   -1.7897
   -1.7851
   -1.7771
   -1.7693
   -1.7575
   -1.7495
   -1.7495
   -1.7536
   -1.7572
   -1.7593
   -1.7667
   -1.7773
   -1.7993
   -1.8205
   -1.8519
   -1.8934
   -1.9448
   -2.0005
   -2.0531
   -2.1127
   -2.1756
   -2.2342
   -2.3019
   -2.3638
   -2.4212
   -2.4881
   -2.5488
   -2.6129
   -2.6722
   -2.7292
   -2.7923
   -2.8517
   -2.9114
   -2.9680
   -3.0309
   -3.0893
   -3.1521
   -3.2125
   -3.2720
   -3.3228
   -3.3721
   -3.4146
   -3.4531
   -3.4912
   -3.5235
   -3.5565
   -3.5863
   -3.6163
   -3.6461
   -3.6796
   -3.7123
   -3.7445
   -3.7797
   -3.8183
   -3.8678
   -3.9207
   -3.9831
   -4.0470
   -4.1117
   -4.1779
   -4.2512
   -4.3288
   -4.4081
   -4.4975
   -4.5871
   -4.6806
   -4.7670
   -4.8454
   -4.9174
   -4.9867
   -5.0572
   -5.1242
   -5.1845
   -5.2349
   -5.2871
   -5.3341
   -5.3806
   -5.4128
   -5.4468
   -5.4761
   -5.5023
   -5.5332
   -5.5680
   -5.5974
   -5.6280
   -5.6634
   -5.6991
   -5.7374
   -5.7747
   -5.8176
   -5.8625
   -5.9040
   -5.9479
   -5.9901
   -6.0293
   -6.0587
   -6.0962
   -6.1268
   -6.1571
   -6.1856
   -6.2145
   -6.2445
   -6.2755
   -6.3121
   -6.3412
   -6.3719
   -6.4059
   -6.4476
   -6.4843
   -6.5185
   -6.5551
   -6.5910
   -6.6299
   -6.6711
   -6.7137
   -6.7546
   -6.7976
   -6.8363
   -6.8740
   -6.9117
   -6.9471
   -6.9786
   -7.0130
   -7.0509
   -7.0900
   -7.1269
   -7.1596
   -7.1958
   -7.2292
   -7.2625
   -7.2994
   -7.3393
   -7.3779
   -7.4166
   -7.4575
   -7.4981
   -7.5345
   -7.5683
   -7.5928
   -7.6154
   -7.6350
   -7.6547
   -7.6679
   -7.6809
   -7.6998
   -7.7177
   -7.7364
   -7.7469
   -7.7591
   -7.7721
   -7.7767
   -7.7841
   -7.7872
   -7.7777
   -7.7668
   -7.7582
   -7.7518
   -7.7351
   -7.7189
   -7.7014
   -7.6904
   -7.6799
   -7.6683
   -7.6623
   -7.6504
   -7.6405
   -7.6277
   -7.6177
   -7.6026
   -7.5916
   -7.5845
   -7.5747
   -7.5639
   -7.5502
   -7.5378
   -7.5234
   -7.5142
   -7.5009
   -7.4940
   -7.4877
   -7.4811
   -7.4798
   -7.4788
   -7.4798
   -7.4765
   -7.4711
   -7.4628
   -7.4605
   -7.4489
   -7.4416
   -7.4333
   -7.4305
   -7.4188
   -7.4016
   -7.3798
   -7.3644
   -7.3459
   -7.3239
   -7.2999
   -7.2837
   -7.2647
   -7.2510
   -7.2343
   -7.2178
   -7.1948
   -7.1610
   -7.1296
   -7.0868
   -7.0450
   -7.0036
   -6.9553
   -6.9106
   -6.8660
   -6.8209
   -6.7870
   -6.7510
   -6.7175
   -6.6795
   -6.6531
   -6.6290
   -6.6055
   -6.5768
   -6.5481
   -6.5225
   -6.4926
   -6.4643
   -6.4370
   -6.4109
   -6.3852
   -6.3549
   -6.3270
   -6.2992
   -6.2722
   -6.2413
   -6.2114
   -6.1765
   -6.1420
   -6.1016
   -6.0647
   -6.0240
   -5.9834
   -5.9374
   -5.8913
   -5.8451
   -5.7981
   -5.7495
   -5.6966
   -5.6497
   -5.5899
   -5.5372
   -5.4812
   -5.4172
   -5.3470
   -5.2797
   -5.2194
   -5.1669
   -5.1039
   -5.0435
   -4.9890
   -4.9309
   -4.8744
   -4.8153
   -4.7527
   -4.6901
   -4.6213
   -4.5622
   -4.4992
   -4.4363
   -4.3750
   -4.3116
   -4.2474
   -4.1892
   -4.1315
   -4.0697
   -4.0121
   -3.9486
   -3.8892
   -3.8263
   -3.7664
   -3.7041
   -3.6388
   -3.5726
   -3.5115
   -3.4514
   -3.3901
   -3.3315
   -3.2725
   -3.2157
   -3.1613
   -3.1041
   -3.0537
   -3.0011
   -2.9517
   -2.9010
   -2.8569
   -2.8132
   -2.7712
   -2.7287
   -2.6887
   -2.6453
   -2.6031
   -2.5603
   -2.5210
   -2.4775
   -2.4355
   -2.3934
   -2.3542
   -2.3157
   -2.2806
   -2.2519
   -2.2241
   -2.1927
   -2.1692
   -2.1442
   -2.1198
   -2.0977
   -2.0719
   -2.0498
   -2.0305
   -2.0163
   -2.0073
   -2.0014
   -1.9961
   -1.9952
   -1.9949
   -1.9993
   -1.9993
   -2.0085
   -2.0136
   -2.0230
   -2.0373
   -2.0532
   -2.0691
   -2.0844
   -2.1009
   -2.1182
   -2.1377
   -2.1582
   -2.1778
   -2.1979
   -2.2178
   -2.2388
   -2.2632
   -2.2833
   -2.3032
   -2.3241
   -2.3444
   -2.3657
   -2.3867
   -2.4038
   -2.4225
   -2.4394
   -2.4557
   -2.4680
   -2.4798
   -2.4912
   -2.5030
   -2.5161
   -2.5291
   -2.5426
   -2.5584
   -2.5757
   -2.5950
   -2.6191
   -2.6436
   -2.6682
   -2.6914
   -2.7161
   -2.7418
   -2.7619
   -2.7792
   -2.7941
   -2.8099
   -2.8253
   -2.8403
   -2.8562
   -2.8698
   -2.8836
   -2.9004
   -2.9151
   -2.9270
   -2.9381
   -2.9515
   -2.9693
   -2.9880
   -3.0081
   -3.0298
   -3.0528
   -3.0717
   -3.0906
   -3.1055
   -3.1141
   -3.1210
   -3.1257
   -3.1298
   -3.1335
   -3.1372
   -3.1449
   -3.1539
   -3.1664
   -3.1831
   -3.1970
   -3.2130
   -3.2269
   -3.2361
   -3.2468
   -3.2548
   -3.2591
   -3.2616
   -3.2638
   -3.2687
   -3.2699
   -3.2722
   -3.2744
   -3.2767
   -3.2753
   -3.2713
   -3.2658
   -3.2567
   -3.2492
   -3.2386
   -3.2226
   -3.2023
   -3.1819
   -3.1595
   -3.1365
   -3.1130
   -3.0902
   -3.0656
   -3.0423
   -3.0218
   -3.0025
   -2.9867
   -2.9739
   -2.9641
   -2.9537
   -2.9415
   -2.9292
   -2.9166
   -2.9027
   -2.8864
   -2.8694
   -2.8518
   -2.8287
   -2.8049
   -2.7815
   -2.7566
   -2.7361
   -2.7141
   -2.6985
   -2.6829
   -2.6740
   -2.6668
   -2.6590
   -2.6556
   -2.6504
   -2.6432
   -2.6342
   -2.6180
   -2.6005
   -2.5810
   -2.5604
   -2.5321
   -2.5097
   -2.4754
   -2.4478
   -2.4166
   -2.3871
   -2.3602
   -2.3329
   -2.3039
   -2.2718
   -2.2407
   -2.2101
   -2.1774
   -2.1432
   -2.1133
   -2.0846
   -2.0548
   -2.0245
   -1.9894
   -1.9565
   -1.9253
   -1.8932
   -1.8656
   -1.8299
   -1.7989
   -1.7667
   -1.7323
   -1.7037
   -1.6717
   -1.6386
   -1.6085
   -1.5756
   -1.5423
   -1.5091
   -1.4732
   -1.4409
   -1.4072
   -1.3739
   -1.3363
   -1.3014
   -1.2643
   -1.2285
   -1.1947
   -1.1545
   -1.1092
   -1.0694
   -1.0248
   -0.9835
   -0.9384
   -0.8952
   -0.8475
   -0.7995
   -0.7514
   -0.7015
   -0.6549
   -0.6123
   -0.5722
   -0.5377
   -0.4997
   -0.4634
   -0.4231
   -0.3930
   -0.3543
   -0.3228
   -0.2888
   -0.2514
   -0.2152
   -0.1776
   -0.1400
   -0.1070
   -0.0797
   -0.0517
   -0.0197
    0.0060
    0.0331
    0.0580
    0.0861
    0.1137
    0.1327
    0.1549
    0.1718
    0.1929
    0.2098
    0.2344
    0.2523
    0.2764
    0.3035
    0.3276
    0.3589
    0.3908
    0.4272
    0.4658
    0.5065
    0.5475
    0.5906
    0.6293
    0.6690
    0.7104
    0.7515
    0.7950
    0.8397
    0.8816
    0.9261
    0.9715
    1.0097
    1.0409
    1.0770
    1.1123
    1.1494
    1.1901
    1.2300
    1.2696
    1.3067
    1.3479
    1.3962
    1.4481
    1.5108
    1.5735
    1.6360
    1.6950
    1.7453
    1.7915
    1.8362
    1.8854
    1.9404
    1.9917
    2.0413
    2.0960
    2.1533
    2.2147
    2.2866
    2.3661
    2.4444
    2.5206
    2.5987
    2.6740
    2.7488
    2.8193
    2.8882
    2.9618
    3.0282
    3.0978
    3.1637
    3.2306
    3.2982
    3.3675
    3.4384
    3.5088
    3.5817
    3.6587
    3.7302
    3.8004
    3.8748
    3.9448
    4.0204
    4.0956
    4.1780
    4.2648
    4.3540
    4.4425
    4.5280
    4.6185
    4.7103
    4.8046
    4.8995
    5.0026
    5.1093
    5.2211
    5.3325
    5.4519
    5.5679
    5.6924
    5.8146
    5.9426
    6.0579
    6.1676
    6.2778
    6.3775
    6.4790
    6.5885
    6.6950
    6.8156
    6.9368
    7.0631
    7.1835
    7.2988
    7.4190
    7.5389
    7.6557
    7.7743
    7.8863
    7.9967
    8.1086
    8.2199
    8.3349
    8.4507
    8.5649
    8.6860
    8.8111
    8.9359
    9.0640
    9.1972
    9.3356
    9.4709
    9.6035
    9.7342
    9.8650
    9.9929
   10.1171
   10.2426
   10.3644
   10.4941
   10.6168
   10.7357
   10.8520
   10.9720
   11.0938
   11.2120
   11.3353
   11.4547
   11.5863
   11.7131
   11.8339
   11.9515
   12.0698
   12.1875
   12.3006
   12.4143
   12.5235
   12.6330
   12.7380
   12.8433
   12.9368
   13.0309
   13.1200
   13.2149
   13.3113
   13.4061
   13.4993
   13.5920
   13.6766
   13.7643
   13.8471
   13.9316
   14.0107
   14.0940
   14.1707
   14.2477
   14.3160
   14.3875
   14.4488
   14.5098
   14.5639
   14.6071
   14.6460
   14.6728
   14.7043
   14.7339
   14.7637
   14.7879
   14.8164
   14.8386
   14.8560
   14.8679
   14.8728
   14.8824
   14.8833
   14.8858
   14.8882
   14.8910
   14.8918
   14.8908
   14.8833
   14.8784
   14.8704
   14.8613
   14.8391
   14.8162
   14.7841
   14.7455
   14.7069
   14.6527
   14.6022
   14.5483
   14.4912
   14.4260
   14.3559
   14.2765
   14.1917
   14.1075
   14.0176
   13.9230
   13.8296
   13.7395
   13.6453
   13.5522
   13.4585
   13.3634
   13.2735
   13.1793
   13.0880
   12.9984
   12.9092
   12.8183
   12.7305
   12.6429
   12.5534
   12.4654
   12.3767
   12.2951
   12.2123
   12.1333
   12.0551
   11.9811
   11.9117
   11.8463
   11.7924
   11.7384
   11.6860
   11.6277
   11.5711
   11.5046
   11.4431
   11.3802
   11.3207
   11.2724
   11.2171
   11.1738
   11.1287
   11.0859
   11.0340
   10.9807
   10.9268
   10.8769
   10.8323
   10.7884
   10.7497
   10.7197
   10.6910
   10.6682
   10.6515
   10.6323
   10.6166
   10.6047
   10.5983
   10.5983
   10.6042
   10.6172
   10.6325
   10.6516
   10.6668
   10.6853
   10.7056
   10.7172
   10.7319
   10.7465
   10.7577
   10.7680
   10.7779
   10.7775
   10.7830
   10.7865
   10.7903
   10.7900
   10.7888
   10.7788
   10.7693
   10.7664
   10.7607
   10.7605
   10.7565
   10.7520
   10.7452
   10.7409
   10.7390
   10.7296
   10.7159
   10.6962
   10.6733
   10.6496
   10.6283
   10.6079
   10.5897
   10.5716
   10.5583
   10.5435
   10.5280
   10.5123
   10.5033
   10.4906
   10.4800
   10.4753
   10.4716
   10.4690
   10.4618
   10.4515
   10.4414
   10.4255
   10.4065
   10.3824
   10.3632
   10.3381
   10.3117
   10.2859
   10.2572
   10.2275
   10.2017
   10.1717
   10.1359
   10.1079
   10.0799
   10.0480
   10.0059
    9.9522
    9.9097
    9.8599
    9.8152
    9.7620
    9.7104
    9.6516
    9.5914
    9.5307
    9.4661
    9.4058
    9.3547
    9.3092
    9.2693
    9.2324
    9.1834
    9.1398
    9.0859
    9.0306
    8.9757
    8.9235
    8.8697
    8.8062
    8.7463
    8.6887
    8.6374
    8.5880
    8.5446
    8.4997
    8.4542
    8.4176
    8.3848
    8.3527
    8.3280
    8.2935
    8.2621
    8.2157
    8.1720
    8.1176
    8.0583
    7.9973
    7.9378
    7.8817
    7.8380
    7.8008
    7.7696
    7.7327
    7.6851
    7.6265
    7.5545
    7.4815
    7.4036
    7.3259
    7.2470
    7.1678
    7.0899
    7.0156
    6.9416
    6.8660
    6.7947
    6.7362
    6.7002
    6.6652
    6.6331
    6.5977
    6.5667
    6.5368
    6.5065
    6.4810
    6.4597
    6.4463
    6.4278
    6.4061
    6.3837
    6.3619
    6.3398
    6.3269
    6.3096
    6.2933
    6.2751
    6.2556
    6.2366
    6.2195
    6.2113
    6.2057
    6.1987
    6.1922
    6.1705
    6.1459
    6.1164
    6.0911
    6.0578
    6.0179
    5.9732
    5.9198
    5.8739
    5.8173
    5.7596
    5.7011
    5.6417
    5.5879
    5.5361
    5.4787
    5.4213
    5.3487
    5.2629
    5.1805
    5.1052
    5.0487
    4.9997
    4.9576
    4.9144
    4.8707
    4.8273
    4.7808
    4.7250
    4.6642
    4.6013
    4.5367
    4.4661
    4.3969
    4.3261
    4.2446
    4.1513
    4.0568
    3.9656
    3.8753
    3.7878
    3.7014
    3.6165
    3.5306
    3.4355
    3.3476
    3.2588
    3.1657
    3.0630
    2.9589
    2.8426
    2.7296
    2.6162
    2.5043
    2.3980
    2.2914
    2.1858
    2.0743
    1.9659
    1.8633
    1.7563
    1.6661
    1.5764
    1.4877
    1.3930
    1.2956
    1.1995
    1.0979
    0.9958
    0.8896
    0.7916
    0.6979
    0.6059
    0.5183
    0.4321
    0.3454
    0.2629
    0.1690
    0.0774
   -0.0159
   -0.1098
   -0.2179
   -0.3374
   -0.4595
   -0.5779
   -0.6995
   -0.8141
   -0.9236
   -1.0305
   -1.1358
   -1.2348
   -1.3364
   -1.4428
   -1.5419
   -1.6408
   -1.7446
   -1.8495
   -1.9473
   -2.0483
   -2.1525
   -2.2487
   -2.3481
   -2.4362
   -2.5201
   -2.6082
   -2.6920
   -2.7802
   -2.8670
   -2.9525
   -3.0273
   -3.1066
   -3.1793
   -3.2512
   -3.3166
   -3.3763
   -3.4446
   -3.5072
   -3.5685
   -3.6337
   -3.6961
   -3.7613
   -3.8296
   -3.9056
   -3.9901
   -4.0725
   -4.1499
   -4.2163
   -4.2773
   -4.3399
   -4.4061
   -4.4729
   -4.5294
   -4.5688
   -4.6205
   -4.6769
   -4.7279
   -4.7740
   -4.8249
   -4.8725
   -4.9239
   -4.9753
   -5.0310
   -5.0801
   -5.1241
   -5.1752
   -5.2252
   -5.2687
   -5.3080
   -5.3571
   -5.4095
   -5.4613
   -5.5217
   -5.5806
   -5.6334
   -5.6793
   -5.7313
   -5.7752
   -5.8234
   -5.8721
   -5.9192
   -5.9605
   -6.0081
   -6.0486
   -6.0978
   -6.1492
   -6.1967
   -6.2490
   -6.3026
   -6.3582
   -6.4150
   -6.4768
   -6.5266
   -6.5825
   -6.6382
   -6.6965
   -6.7538
   -6.7981
   -6.8451
   -6.8968
   -6.9445
   -6.9881
   -7.0324
   -7.0733
   -7.1099
   -7.1380
   -7.1600
   -7.1836
   -7.2054
   -7.2298
   -7.2364
   -7.2311
   -7.2221
   -7.2177
   -7.2326
   -7.2330
   -7.2263
   -7.2256
   -7.2264
   -7.2212
   -7.2113
   -7.1965
   -7.1769
   -7.1644
   -7.1471
   -7.1325
   -7.1110
   -7.0944
   -7.0818
   -7.0761
   -7.0684
   -7.0542
   -7.0369
   -7.0098
   -6.9869
   -6.9631
   -6.9489
   -6.9260
   -6.9134
   -6.8884
   -6.8668
   -6.8464
   -6.8290
   -6.8145
   -6.7995
   -6.7839
   -6.7725
   -6.7633
   -6.7477
   -6.7336
   -6.7172
   -6.7003
   -6.6851
   -6.6764
   -6.6661
   -6.6547
   -6.6479
   -6.6448
   -6.6548
   -6.6697
   -6.6813
   -6.6930
   -6.7140
   -6.7356
   -6.7519
   -6.7655
   -6.7782
   -6.7975
   -6.8158
   -6.8375
   -6.8604
   -6.8948
   -6.9320
   -6.9677
   -7.0024
   -7.0340
   -7.0689
   -7.1024
   -7.1370
   -7.1692
   -7.2095
   -7.2477
   -7.2904
   -7.3271
   -7.3629
   -7.3970
   -7.4324
   -7.4721
   -7.5069
   -7.5427
   -7.5771
   -7.6092
   -7.6397
   -7.6725
   -7.7054
   -7.7302
   -7.7561
   -7.7800
   -7.8068
   -7.8270
   -7.8571
   -7.8851
   -7.9056
   -7.9263
   -7.9388
   -7.9612
   -7.9799
   -7.9953
   -8.0097
   -8.0215
   -8.0323
   -8.0399
   -8.0466
   -8.0496
   -8.0547
   -8.0568
   -8.0617
   -8.0621
   -8.0545
   -8.0479
   -8.0371
   -8.0246
   -8.0055
   -7.9855
   -7.9616
   -7.9430
   -7.9338
   -7.9245
   -7.9086
   -7.8972
   -7.8917
   -7.8818
   -7.8677
   -7.8540
   -7.8431
   -7.8311
   -7.8180
   -7.8043
   -7.7944
   -7.7811
   -7.7666
   -7.7484
   -7.7279
   -7.7020
   -7.6826
   -7.6508
   -7.6243
   -7.5912
   -7.5549
   -7.5230
   -7.4835
   -7.3954
   -7.3054
   -7.2181
   -7.1302
   -7.0515
   -6.9706
   -6.8913
   -6.8131
   -6.7342
   -6.6570
   -6.5743
   -6.4936
   -6.4161
   -6.3332
   -6.2492
   -6.1564
   -6.0647
   -5.9665
   -5.8668
   -5.7681
   -5.6699
   -5.5702
   -5.4670
   -5.3520
   -5.2397
   -5.1225
   -5.0161
   -4.9102
   -4.8044
   -4.6866
