28052.4805
28052.8633
28052.9746
28053.1406
28053.3867
28053.4141
28053.7324
28053.7500
28054.0898
28054.1367
28054.0176
28053.9531
28053.9805
28053.9629
28054.0254
28054.0176
28053.8887
28053.9375
28054.0000
28054.0000
28054.0996
28054.3359
28054.5254
28054.4434
28054.3047
28054.3125
28054.5059
28054.6211
28054.1934
28054.7832
28054.9551
28054.7539
28054.9023
28054.6367
28054.5293
28054.4004
28054.4082
28054.3867
28054.6934
28054.6387
28054.4980
28054.5527
28054.5371
28054.3438
28054.4785
28054.3594
28054.5938
28054.6367
28054.7930
28054.8008
28055.1719
28055.3340
28055.4414
28055.6055
28055.7344
28055.7891
28055.7246
28055.7891
28055.9238
28055.9375
28055.8008
28055.7656
28055.8945
28056.2363
28055.8789
28055.8145
28055.7695
28055.5977
28055.6973
28055.2539
28054.9199
28054.6816
28054.7520
28054.3242
28054.3535
28054.4883
28054.3164
28054.1426
28054.1504
28054.1855
28053.9629
28053.7988
28053.8613
28053.7266
28053.5977
28053.9043
28053.9473
28053.9883
28054.2305
28054.0723
28054.2500
28054.1152
28054.3848
28054.2129
28054.3691
28054.3047
28054.7402
28054.7324
28055.0957
28055.2676
28055.2793
28055.2715
28054.9492
28054.8711
28054.8281
28054.7988
28054.7031
28054.5742
28054.5449
28054.8086
28054.7793
28054.8496
28054.8848
28054.7930
28054.7832
28054.7559
28054.6172
28054.4238
28054.4961
28054.5586
28054.6582
28054.4219
28054.5840
28054.6914
28054.8770
28054.5977
28054.7188
28054.5176
28054.5039
28054.4668
28054.4961
28054.4160
28054.5508
28054.6348
28054.5625
28054.3848
28054.4824
28054.2812
28054.5176
28054.4805
28054.5156
28054.6152
28054.7559
28055.0566
28055.3047
28055.3750
28055.4375
28055.7246
28055.5293
28055.6289
28055.5703
28055.7285
28055.9043
28056.0742
28056.0801
28055.9883
28056.1172
28056.0039
28055.9668
28055.9883
28055.9453
28056.2168
28056.0098
28056.0449
28056.2441
28056.3789
28056.3848
28056.4258
28056.4961
28056.5020
28056.7285
28056.6348
28056.4570
28056.4863
28056.2793
28056.0293
28056.0156
28056.0156
28056.0859
28056.1211
28056.1621
28056.1895
28056.1602
28056.0605
28055.8945
28055.6934
28055.6934
28055.7285
28055.7559
28055.8906
28055.8262
28055.7598
28055.8301
28055.7949
28055.9648
28055.8984
28055.7988
28055.7695
28055.5332
28055.7266
28055.5605
28055.8125
28055.7754
28055.7402
28055.6992
28055.7695
28055.8613
28055.8906
28055.8262
28055.8184
28055.4883
28055.6895
28055.7637
28055.6582
28055.5977
28055.4199
28055.4551
28055.2852
28055.2188
28055.1230
28055.0879
28054.9160
28054.9688
28054.8750
28055.0391
28054.9746
28055.2266
28055.1953
28055.4316
28055.4004
28055.2988
28055.4648
28055.2754
28055.3730
28055.4141
28055.3555
28055.3594
28055.3691
28055.3047
28055.3809
28055.3477
28055.5137
28055.2773
28055.2461
28055.2051
28055.2988
28055.3691
28055.6387
28055.8965
28056.6289
28056.5664
28056.8047
28056.6699
28056.7051
28056.6094
28056.8633
28056.7324
28056.8262
28056.7266
28056.7246
28056.6543
28056.5234
28056.4883
28056.6172
28056.4863
28056.3262
28056.2656
28056.1855
28056.2910
28056.6133
28056.9023
28056.5762
28056.4355
28056.8125
28056.9395
28056.9453
28056.8477
28057.1367
28057.0273
28057.2207
28057.2500
28057.1445
28057.0781
28056.9824
28056.9883
28056.9551
28057.0957
28057.1406
28057.2383
28057.2090
28057.0781
28056.8477
28056.9062
28056.7695
28056.6348
28056.4980
28056.2676
28056.0684
28055.8652
28055.7305
28055.5312
28055.2637
28054.8379
28054.5762
28054.3496
28054.2246
28054.1973
28054.2324
28054.1016
28054.0352
28053.9688
28053.7031
28053.5059
28053.3418
28053.0449
28052.7793
28052.6777
28052.5117
28052.4766
28052.4043
28052.3047
28052.2285
28051.9629
28051.7266
28051.5215
28051.6113
28051.5410
28051.4355
28051.4004
28051.3281
28051.1543
28051.3145
28051.4082
28051.5996
28051.7598
28052.0938
28051.9883
28052.1133
28052.1387
28052.1016
28052.1934
28051.9395
28051.8047
28051.8691
28051.9648
28051.9688
28052.1797
28052.2539
28052.3535
28052.4844
28052.7461
28052.6914
28052.7285
28052.8984
28053.0977
28053.2969
28053.4297
28053.5293
28053.6289
28053.6973
28053.9277
28054.1270
28054.1602
28054.2930
28054.2637
28054.2617
28054.2305
28054.2305
28054.1348
28054.1328
28053.9668
28054.0000
28053.8301
28053.6992
28053.6602
28053.5605
28053.4883
28053.2910
28053.3555
28053.4590
28053.5898
28053.5898
28053.4570
28053.2910
28053.0547
28052.9551
28052.7852
28052.7500
28052.6797
28052.6133
28052.4824
28052.4160
28052.4160
28052.2871
28052.1895
28052.1582
28052.2969
28052.6035
28052.8750
28052.9805
28053.2188
28053.4531
28053.6211
28053.6543
28053.7227
28053.8164
28053.8828
28053.8828
28053.9160
28054.0840
28054.1855
28054.2930
28054.3926
28054.5254
28054.4590
28054.4277
28054.3574
28054.3223
28054.1504
28054.0801
28053.9766
28053.9395
28053.9043
28053.7637
28053.6602
28053.6562
28053.9434
28053.9062
28054.3301
28054.3281
28054.5234
28054.5918
28054.7910
28054.8262
28054.9277
28055.0645
28055.0996
28055.0996
28055.1660
28055.6543
28055.8828
28056.0449
28056.1367
28056.2988
28056.3281
28056.2285
28056.3242
28056.3223
28056.3184
28056.2520
28056.2188
28056.2168
28056.1855
28056.3184
28056.3535
28056.4199
28056.4844
28056.4199
28056.3809
28056.3105
28056.0762
28056.1035
28056.0352
28055.9980
28055.8945
28056.1211
28055.8555
28056.0488
28056.0801
28055.9473
28056.0781
28055.9121
28055.8770
28055.6426
28055.4727
28055.3711
28055.0996
28055.0996
28054.9648
28055.2012
28054.9707
28054.9043
28054.8008
28054.6992
28054.3594
28054.2910
28054.3555
28054.4551
28054.4551
28054.3887
28054.3867
28054.4883
28054.4531
28054.6172
28054.5508
28054.6504
28054.9531
28055.1836
28055.3809
28055.7090
28055.9062
28055.9316
28056.3262
28056.1953
28056.4922
28056.5586
28056.8535
28056.8535
28056.8867
28056.9531
28057.1191
28056.9531
28056.7520
28056.6855
28056.6836
28056.4863
28056.4844
28056.5176
28056.4512
28056.3535
28056.4199
28056.3555
28056.5898
28056.6230
28056.6875
28056.9199
28056.8203
28056.9141
28056.9453
28056.9434
28056.9766
28056.9766
28056.7754
28056.6113
28056.5469
28056.4512
28056.5566
28056.4883
28056.3613
28056.2246
28056.0879
28055.9570
28056.0273
28055.9609
28055.9297
28055.8945
28055.7598
28055.7578
28055.5918
28055.5566
28055.6562
28055.6543
28055.6895
28055.6895
28055.7871
28055.7871
28055.7207
28055.7520
28055.7207
28055.7188
28055.6191
28055.7188
28055.8496
28055.9824
28056.1777
28056.2461
28056.2109
28056.3809
28056.4453
28056.4473
28056.3789
28056.3457
28056.3438
28056.2793
28056.3125
28056.3145
28056.3145
28056.3809
28056.4434
28056.4434
28056.6094
28056.5078
28056.4395
28056.5059
28056.5039
28056.2695
28056.4043
28056.3691
28056.3984
28056.4961
28056.2969
28056.2617
28056.3281
28056.3262
28056.3594
28056.4609
28056.5605
28056.5273
28056.5938
28056.6602
28056.6934
28056.7930
28056.9238
28057.0254
28056.8926
28056.9590
28056.9277
28056.8594
28056.6934
28056.6270
28056.6582
28056.6895
28056.6895
28056.7539
28056.8203
28056.8203
28056.8203
28056.8535
28056.9199
28056.9844
28056.9844
28057.0840
28057.0820
28057.0801
28057.0820
28057.2148
28057.1465
28057.0469
28057.1113
28056.9453
28056.7793
28056.7441
28056.7773
28056.7441
28056.7441
28056.7773
28056.8418
28056.8418
28056.9746
28057.0410
28057.1055
28057.2734
28057.2402
28057.1719
28057.1406
28057.3047
28057.2715
28057.3711
28057.3379
28057.5371
28057.3359
28057.4336
28057.5332
28057.5000
28057.5996
28057.5312
28057.7324
28057.6992
28057.6309
28057.5977
28057.3965
28057.3965
28057.4941
28057.8301
28057.8965
28058.1621
28058.2070
28058.0273
28057.7930
28057.8242
28057.7578
28057.6582
28057.6230
28057.6230
28057.6250
28057.6230
28057.5566
28057.5879
28057.5547
28057.7207
28057.9531
28058.1855
28058.2852
28058.1836
28058.2520
28058.2188
28058.1172
28058.1504
28058.1484
28058.0488
28057.9473
28058.0488
28057.9805
28057.9805
28058.0137
28057.9121
28057.8789
28057.8438
28057.9785
28058.0430
28057.9766
28058.1758
28058.2422
28058.1758
28058.2754
28058.2734
28058.3730
28058.2734
28058.2383
28058.4043
28058.4375
28058.4375
28058.5371
28058.5703
28058.6367
28058.5684
28058.6680
28058.6348
28058.8008
28058.8340
28058.8984
28059.0996
28059.2324
28059.1309
28059.3633
28059.3633
28059.3633
28059.3965
28059.2617
28059.4277
28059.1602
28058.9590
28058.8262
28058.7266
28058.7910
28058.9570
28059.2910
28059.3555
28059.6562
28059.7227
28059.8555
28060.3555
28060.3555
28060.4883
28060.6875
28060.7871
28060.6191
28060.6191
28060.6855
28060.6523
28060.6855
28060.6504
28060.5176
28060.4824
28060.4844
28060.4824
28060.4141
28060.3809
28060.3145
28060.3477
28060.3457
28060.3125
28060.1777
28060.1758
28060.3105
28060.2773
28060.0410
28060.3730
28060.3066
28060.4062
28060.4043
28060.5059
28060.3066
28060.4375
28060.3047
28060.3047
28060.7031
28060.6367
28060.6348
28060.8359
28060.8691
28060.8691
28061.0039
28061.0371
28061.1055
28061.0039
28061.1699
28061.3027
28061.5020
28061.3027
28061.4023
28061.5371
28061.6035
28062.0039
28061.9375
28062.0371
28062.3359
28062.2695
28062.5020
28062.5020
28062.2363
28062.5371
28062.6367
28062.7695
28063.1035
28063.0371
28062.9707
28063.0703
28063.2363
28063.2383
28063.4707
28063.4395
28063.7695
28063.7715
28063.9707
28064.0723
28064.2363
28064.3359
28064.3711
28064.6699
28064.5371
28064.7383
28064.6719
28064.9375
28064.9707
28065.1387
28065.1719
28065.5059
28065.6719
28065.7715
28065.8379
28066.0742
28066.0391
28066.2734
28066.4062
28066.5078
28066.6758
28066.9414
28066.4707
28066.4707
28066.2012
28066.1680
28065.9648
28066.5703
28066.4336
28066.9062
28066.7695
28067.3066
28067.0684
28067.5723
28067.4375
28067.7402
28068.0430
28068.3105
28068.4121
28069.1504
28069.4531
28069.6875
28070.2598
28070.5957
28070.1250
28070.1250
28069.6875
28069.5215
28069.0508
28069.6191
28069.3516
28069.8535
28070.1562
28070.8633
28070.5273
28071.1641
28070.7969
28070.4980
28070.6289
28071.2676
28071.6035
28072.3418
28072.7109
28072.9121
28072.9141
28073.0840
28073.2207
28073.2578
28073.4219
28073.6250
28073.6934
28073.8633
28074.1953
28074.3301
28074.4316
28074.7285
28074.5996
28074.9004
28075.0664
28075.0332
28074.9316
28075.3652
28075.1680
28075.2910
28075.5391
28075.5684
28075.6387
28075.7031
28075.8379
28075.7363
28076.0391
28076.0391
28076.0723
28076.3047
28076.3398
28076.3750
28076.5410
28076.6445
28076.6758
28076.9453
28077.0449
28077.2773
28077.2461
28077.5137
28077.4473
28077.7109
28077.8770
28077.6152
28077.6465
28077.8477
28078.0156
28078.1152
28078.1504
28078.1211
28078.1543
28078.2520
28078.1836
28078.1875
28078.2871
28078.3223
28078.2930
28078.3242
28078.5605
28078.5273
28078.6289
28078.5938
28078.6621
28078.6992
28078.8320
28078.8340
28078.9043
28078.8672
28078.8359
28078.9375
28079.0039
28079.0078
28079.2402
28079.3965
28079.4785
28079.6484
28079.5176
28079.5195
28079.8223
28080.0234
28080.1914
28080.0898
28080.2598
28080.3633
28080.2988
28080.5000
28080.5703
28080.7031
28080.7012
28080.9395
28080.8379
28081.1719
28081.2109
28081.5469
28081.6094
28082.0547
28082.1855
28081.9883
28082.0781
28082.1152
28082.2500
28082.3496
28082.6270
28082.5898
28082.7891
28082.7910
28082.7949
28082.8945
28082.8320
28082.9668
28082.9297
28082.7578
28082.5918
28082.5625
28082.5625
28082.5312
28082.4297
28082.7637
28082.7383
28082.8105
28082.8066
28082.9805
28083.0117
28083.1855
28083.1836
28083.1523
28083.2891
28083.4570
28083.2617
28083.5605
28083.2910
28083.3613
28083.2637
28083.4668
28083.6035
28083.6445
28083.8027
28083.3477
28083.7441
28083.5801
28083.7520
28083.3848
28083.5781
28083.6816
28083.8203
28083.9141
28083.8809
28084.2812
28084.1465
28084.4160
28084.4199
28084.2285
28084.2930
28084.5332
28084.3301
28084.3008
28084.0625
28084.3672
28084.0605
28083.9922
28084.1211
28084.4219
28084.2578
28084.2188
28084.0156
28084.2500
28084.5137
28084.2422
28084.1465
28083.8809
28084.3086
28084.4102
28083.9805
28084.2188
28084.3105
28084.2422
28084.4805
28084.4434
28084.2793
28084.4180
28083.9492
28084.1152
28083.8828
28083.8145
28083.6113
28083.4805
28083.5449
28083.4727
28083.3770
28083.2012
28083.1016
28083.2031
28083.1035
28083.1914
28083.2285
28083.2324
28083.2656
28083.2695
28083.0254
28083.1309
28083.1543
28083.1289
28083.0957
28083.1602
28083.2656
28083.3008
28083.2617
28083.2305
28083.2676
28083.3359
28083.0684
28083.1035
28083.1445
28083.4141
28083.3477
28083.3867
28083.3477
28083.4551
28083.4883
28083.4883
28083.1484
28083.1172
28082.9141
28083.1816
28083.1191
28083.1230
28082.9570
28082.9531
28082.8887
28083.1953
28083.1582
28082.9551
28083.0859
28082.7871
28082.6836
28082.9883
28082.7832
28082.8164
28082.6172
28082.7578
28082.7266
28082.7227
28082.5879
28082.5508
28082.6152
28082.6152
28082.6152
28082.7168
28082.9160
28082.9844
28082.8848
28083.2188
28083.1504
28083.3184
28083.4512
28083.4824
28083.3828
28083.4785
28083.5527
28083.6797
28083.5488
28083.4082
28083.3398
28083.1621
28083.4297
28083.4941
28083.4629
28083.3945
28083.3594
28083.1230
28083.1855
28083.1543
28082.9824
28082.9453
28082.7734
28082.4688
28082.1953
28082.0273
28082.2324
28081.8965
28082.1953
28082.3652
28082.3340
28082.2969
28082.2012
28082.1230
28081.8184
28081.8867
28081.6836
28081.8516
28081.8145
28081.7832
28081.5098
28081.3730
28081.0684
28081.0684
28081.0430
28080.5898
28080.2949
28080.4961
28080.4961
28080.3594
28080.1973
28080.4766
28080.3398
28080.4395
28080.1074
28080.0723
28080.2285
28080.2715
28080.2344
28080.0723
28080.0684
28079.8672
28080.0371
28079.8086
28079.7305
28079.5430
28079.4434
28079.6016
28079.4121
28079.2070
28078.9688
28078.6699
28078.9629
28078.6328
28078.5957
28078.6328
28078.5215
28078.2656
28078.2285
28078.0586
28078.0586
28077.9961
28077.9668
28077.8672
28077.6289
28077.3926
28077.2305
28077.1172
28076.9238
28076.8301
28076.6934
28076.6992
28076.5996
28076.7793
28076.5117
28076.4805
28076.5762
28076.3125
28076.4199
28076.0918
28075.8496
28075.5137
28075.4883
28075.5625
28075.4004
28075.3633
28075.0684
28075.0391
28074.9707
28075.0020
28074.7344
28074.7402
28074.7148
28074.6152
28074.5527
28074.6895
28074.2480
28074.2148
28074.1855
28074.1855
28073.8301
28073.5723
28073.7793
28073.4102
28073.4375
28073.2695
28073.0508
28072.8008
28072.8691
28072.7070
28072.4434
28072.5137
28072.2070
28072.6074
28072.5137
28072.3457
28072.3145
28072.3145
28072.0840
28072.1777
28072.1797
28071.9727
28071.8672
28071.8047
28071.7285
28071.1914
28071.1484
28071.0781
28070.8477
28070.6094
28070.6094
28070.3418
28070.1738
28069.9727
28069.7969
28069.4160
28069.4219
28069.4863
28069.2930
28069.1094
28069.0410
28068.8418
28068.8730
28068.7734
28068.4609
28068.5293
28068.2656
28068.6172
28067.9434
28067.9297
28067.8594
28067.8594
28067.9844
28068.0059
28067.8535
28067.7617
28067.7539
28067.6309
28067.2480
28067.3730
28067.2852
28067.2734
28067.1172
28066.7559
28066.7480
28066.9180
28066.7676
28066.5566
28066.5254
28066.3184
28066.0781
28066.1660
28065.7520
28065.5762
28065.1758
28065.3008
28065.1992
28065.2383
28065.0000
28064.9629
28065.0625
28065.0234
28064.7480
28064.6328
28064.6641
28064.8652
28064.6270
28064.5801
28064.4355
28064.5801
28064.3047
28064.3594
28064.3125
28064.3203
28064.3613
28064.2598
28063.9883
28064.1973
28064.2676
28063.9355
28063.8730
28063.7598
28063.8594
28063.8594
28063.4590
28063.6973
28063.5195
28063.6426
28063.5059
28063.3594
28063.3828
28063.4434
28063.3438
28063.4980
28063.4355
28063.2969
28063.3496
28063.4414
28063.4492
28063.4414
28063.5098
28063.3652
28063.2969
28063.4941
28063.3652
28063.3867
28063.4082
28063.5098
28063.3691
28063.2246
28063.1777
28063.1465
28063.2754
28063.1621
28063.1602
28062.9824
28062.7832
28062.7832
28062.6602
28062.5586
28062.6270
28062.5273
28062.6035
28062.2754
28062.2344
28062.3867
28062.2852
28062.4082
28062.2852
28062.3223
28062.2520
28062.3750
28062.1133
28062.1445
28061.8730
28061.9199
28061.9121
28061.8789
28062.0645
28061.7559
28061.8164
28061.7383
28061.7676
28061.6680
28061.5605
28061.6211
28061.4121
28061.4805
28061.4023
28061.4551
28061.0312
28061.1992
28061.1758
28061.1191
28061.0801
28061.1406
28061.0098
28061.2461
28061.1230
28061.0605
28061.1523
28060.9805
28060.7422
28060.8730
28060.8535
28060.5957
28060.3711
28060.4609
