27417.1719
27417.3594
27417.4062
27417.3066
27416.8711
27417.0957
27417.0586
27416.9844
27417.0098
27416.8848
27417.0352
27416.9121
27416.8359
27417.2461
27417.4590
27417.7676
27417.7676
27418.2539
27418.3164
27418.5391
27418.5254
27418.8340
27418.9824
27419.6406
27419.3164
27419.4785
27418.8594
27418.8574
27419.2305
27419.6641
27419.3398
27419.3281
27419.3770
27419.5156
27419.5020
27419.6387
27419.6387
27419.5625
27419.8750
27420.0996
27419.9844
27419.8613
27419.8223
27419.7969
27419.7734
27419.8984
27419.9102
27420.0449
27420.0586
27420.0723
27419.9844
27419.9473
27420.1719
27420.3477
27420.3223
27420.0469
27419.9590
27419.6719
27419.8965
27420.1602
27419.9824
27420.2305
27420.2695
27420.5176
27420.7285
27420.8379
27421.1621
27421.5469
27421.5840
27421.7090
27421.6699
27421.4941
27421.6680
27421.3203
27421.3047
27421.1543
27420.8906
27420.8418
27420.6914
27420.3418
27420.3047
27419.8438
27419.5820
27419.3809
27419.3809
27419.1953
27419.0078
27419.0820
27418.8203
27419.0098
27419.1230
27418.8730
27418.8477
27418.6602
27418.6230
27418.5605
27418.4473
27418.6094
27418.4473
27418.6465
27418.6699
27418.9590
27419.2578
27419.1074
27419.1680
27418.9453
27419.1191
27419.3555
27419.2422
27419.4922
27419.1797
27419.0059
27419.1934
27419.0801
27419.1816
27418.9062
27418.8555
27419.0312
27418.6816
27418.5684
27418.3672
27418.3184
27418.3301
27418.2168
27417.9551
27417.9297
27417.4316
27417.3672
27417.1309
27416.8691
27416.6426
27416.2305
27416.5430
27416.4043
27416.3672
27416.4043
27416.5898
27416.4902
27416.4277
27416.5762
27416.7500
27417.2617
27417.4746
27418.0352
27418.0977
27418.0723
27418.1230
27418.4473
27418.8457
27419.0820
27419.4824
27419.5820
27419.5801
27419.3184
27418.6445
27418.3574
27418.3320
27418.3066
27418.1445
27417.7930
27417.2930
27417.3672
27417.0312
27416.7188
27415.9668
27415.7676
27415.7305
27415.4785
27415.5156
27415.6660
27415.3652
27415.4023
27415.5020
27415.1152
27415.3770
27415.2754
27415.2891
27415.3867
27415.1875
27415.0625
27414.9375
27414.9238
27414.4863
27414.7734
27414.3984
27414.2852
27414.3105
27414.3477
27414.3711
27414.5605
27414.5352
27414.3340
27414.2832
27414.5469
27414.6074
27414.5566
27414.6074
27414.5684
27414.5195
27414.4824
27414.4570
27414.4199
27414.2695
27414.2695
27414.2578
27414.2324
27414.1562
27414.1074
27414.0059
27414.1445
27414.2695
27414.0566
27414.1445
27413.9062
27414.0684
27413.8945
27413.9941
27414.1289
27414.0312
27414.0820
27414.1445
27414.2422
27414.2051
27414.1934
27413.9043
27414.0312
27413.7168
27413.9668
27413.9043
27413.6543
27413.5664
27413.5918
27413.5664
27413.3652
27412.9551
27413.0664
27413.0176
27412.6934
27412.6680
27412.6797
27412.4062
27412.3789
27412.5547
27412.7168
27412.5039
27412.5547
27412.4531
27412.5918
27412.6055
27412.5547
27412.6914
27412.3145
27412.5781
27412.4277
27412.4883
27412.0762
27412.3359
27412.5371
27412.3496
27412.3496
27412.1230
27411.9590
27411.8340
27411.7969
27411.6602
27411.9102
27411.9473
27411.8711
27411.9609
27412.0977
27412.0605
27411.9727
27411.6836
27411.9082
27411.9238
27411.8711
27411.8711
27411.9727
27411.8848
27411.6094
27411.7363
27411.7988
27411.7617
27411.7363
27411.9863
27411.8477
27412.5488
27412.3477
27412.7734
27412.7109
27412.8594
27412.7852
27412.4453
27412.4824
27412.2305
27412.3184
27412.3340
27412.2344
27412.4219
27412.2227
27412.4980
27412.9863
27413.0488
27413.0859
27413.1113
27413.5254
27413.5527
27413.5254
27413.2637
27413.2500
27413.2637
27413.0625
27413.0371
27413.1875
27413.2129
27413.0996
27412.9980
27413.0098
27412.9727
27412.9473
27413.0098
27412.9590
27412.7207
27412.7070
27412.3594
27412.4707
27412.3320
27412.3320
27412.2676
27412.0430
27412.1543
27412.0020
27412.1641
27412.0137
27412.4141
27412.0625
27412.5762
27412.3125
27412.4746
27412.0488
27412.3223
27412.7832
27413.1230
27412.6934
27412.8555
27413.3301
27413.3027
27413.5293
27413.5039
27413.6035
27413.7285
27413.8555
27414.1797
27414.5020
27414.3926
27414.8359
27414.8574
27414.8535
27415.1738
27415.1367
27414.9336
27415.2441
27415.0430
27415.2305
27415.1211
27415.4238
27415.1250
27415.0137
27414.9492
27415.0020
27414.9902
27414.8164
27414.8789
27414.7520
27414.8398
27414.7949
27414.6562
27414.8301
27414.7031
27414.6543
27414.5801
27414.8809
27414.7695
27414.8320
27414.7949
27414.8105
27414.7012
27414.8047
27414.7930
27415.0625
27414.8359
27414.9609
27414.8516
27415.1133
27415.2227
27415.2598
27415.6914
27415.7715
27415.7129
27416.3613
27416.3125
27416.4082
27416.4453
27416.3086
27416.5176
27416.5176
27416.6289
27416.8281
27416.9551
27417.0898
27417.4004
27417.5273
27418.0273
27417.7637
27418.3262
27418.2012
27418.5527
27418.7051
27418.7402
27418.7051
27418.6309
27418.6836
27418.7305
27418.8926
27418.8301
27418.9297
27419.0547
27418.9023
27418.9668
27418.9648
27418.7012
27418.6289
27418.5273
27418.4277
27418.3184
27418.2812
27418.0820
27418.1172
27417.8809
27417.8809
27417.6426
27417.6426
27417.5430
27417.4043
27417.3691
27417.3594
27417.2207
27417.3223
27417.3477
27417.3750
27417.4277
27417.4551
27417.4902
27417.3906
27417.4727
27417.5352
27417.3730
27417.4102
27417.4297
27417.5938
27417.7656
27417.8027
27417.8652
27417.7559
27417.8457
27417.8359
27417.6621
27417.4609
27417.3418
27417.2773
27417.3789
27417.4199
27417.5117
27417.7266
27417.7266
27417.7266
27417.8535
27417.9434
27417.7969
27417.7324
27417.6973
27417.6602
27417.6328
27417.6328
27417.6699
27417.5430
27417.6973
27417.7852
27417.6484
27417.6387
27417.4395
27417.4297
27417.3770
27417.2129
27417.1484
27416.9766
27416.9590
27416.9961
27416.9316
27416.8047
27416.8418
27416.8516
27416.8789
27416.8047
27416.6426
27416.5215
27416.5215
27416.3496
27416.3125
27416.2480
27416.1484
27415.9121
27415.9121
27415.9492
27415.9219
27415.9219
27415.9219
27416.0957
27416.3047
27416.4766
27416.5762
27416.7773
27416.8418
27416.8398
27416.8789
27416.9590
27416.7578
27416.7207
27416.6836
27416.6113
27416.4121
27416.2383
27416.2285
27416.2285
27416.3477
27416.2754
27416.5215
27416.6465
27416.9844
27417.2207
27417.2578
27417.3555
27417.3555
27417.3555
27417.3555
27417.1387
27416.9395
27416.8750
27416.7129
27416.7480
27416.6113
27416.5391
27416.8125
27416.6660
27416.6660
27416.8281
27416.7656
27416.7656
27416.6387
27416.8008
27416.6094
27416.6465
27416.6465
27416.9102
27416.9824
27416.9199
27417.0195
27416.9199
27416.9297
27417.2285
27417.4297
27417.3281
27417.2188
27417.2559
27417.3203
27417.2559
27417.3555
27417.2832
27417.2832
27417.4180
27417.3730
27417.3008
27417.3105
27417.4102
27417.5195
27417.5645
27417.6641
27417.5371
27417.6543
27417.6543
27417.6172
27417.7559
27417.6270
27417.5898
27417.6816
27417.5254
27417.5527
27417.3984
27417.5254
27417.4629
27417.5898
27417.6621
27417.4980
27417.5977
27417.7246
27417.8340
27418.0625
27417.9355
27417.9980
27417.8984
27418.4062
27417.9062
27418.5508
27418.4238
27418.4980
27418.3965
27418.3965
27418.3613
27418.4609
27418.5234
27418.6230
27418.4043
27418.5684
27418.6602
27418.6602
27418.6602
27418.6621
27418.7871
27418.9805
27418.8652
27419.0449
27419.3008
27418.9258
27419.3086
27419.0684
27419.1934
27419.2637
27419.0098
27419.1523
27419.2207
27419.1582
27419.2969
27419.2441
27419.2422
27419.5176
27419.3848
27419.5078
27419.6094
27419.7285
27419.6895
27419.8164
27419.6992
27419.7207
27419.9844
27420.2578
27420.0195
27420.1387
27419.9844
27420.0488
27420.0605
27420.2734
27420.4102
27420.5039
27420.4473
27420.3359
27420.2344
27420.1855
27420.0684
27420.1562
27420.1133
27420.2617
27420.1523
27420.1699
27420.3770
27420.4043
27420.6836
27420.5215
27420.5996
27420.5547
27420.3867
27420.0957
27420.2441
27420.2695
27420.0488
27420.2207
27420.0840
27420.2852
27420.2559
27419.8574
27420.2480
27419.8008
27420.2480
27420.2559
27420.3398
27420.3203
27420.4473
27420.7676
27420.6465
27420.8379
27421.0117
27421.3516
27421.4297
27421.6934
27421.6582
27421.7949
27421.7852
27421.7305
27421.9766
27422.0215
27422.3047
27422.3320
27422.2969
27422.3320
27422.4043
27422.2324
27422.0762
27422.1289
27422.2207
27422.1562
27422.4473
27422.4199
27422.6035
27422.5957
27422.9238
27423.3086
27423.4160
27423.9629
27423.9180
27423.7988
27423.6641
27423.0879
27422.9863
27422.7773
27423.0781
27423.6426
27423.4355
27423.6152
27423.7500
27423.9980
27424.1992
27424.6738
27424.8398
27424.9121
27424.8105
27424.7109
27424.7051
27424.5410
27424.4785
27424.3574
27424.2383
27424.1934
27423.9355
27424.1641
27424.2285
27424.3555
27424.4414
27424.6621
27424.9531
27424.9883
27425.4258
27425.2617
27425.5254
27425.8535
27425.8535
27426.1621
27426.2734
27426.6953
27426.9141
27427.3066
27427.3066
27427.4082
27427.7441
27427.7793
27427.9727
27428.0879
27428.4082
27428.4727
27428.8359
27428.9004
27429.3281
27429.4082
27429.9004
27429.9434
27430.2871
27429.8418
27429.8867
27430.0215
27429.9219
27429.9941
27430.3652
27430.0449
27430.3242
27430.2598
27430.3672
27430.3027
27430.5586
27430.6445
27430.8086
27430.7520
27431.1172
27430.9102
27431.2871
27431.5449
27431.5801
27431.7090
27431.6523
27431.5527
27431.8086
27431.9863
27431.8516
27431.9297
27432.1934
27432.2578
27432.2949
27432.1934
27432.2012
27432.2949
27432.3359
27432.4082
27432.5215
27432.7305
27433.0508
27432.8789
27432.9785
27432.8203
27433.3574
27433.5781
27433.7773
27434.3066
27434.4629
27435.2070
27435.0137
27434.9844
27434.8203
27435.0625
27435.1348
27435.1777
27435.2773
27435.3711
27435.4473
27435.5977
27435.6973
27435.4766
27435.5547
27435.5898
27435.4961
27435.6328
27435.6758
27435.4766
27435.5176
27435.3887
27435.2656
27435.2383
27435.2812
27435.0645
27435.2520
27435.0996
27435.2070
27434.8418
27434.9766
27434.7207
27434.4902
27434.4551
27434.0410
27433.8184
27433.2090
27433.4316
27433.2227
27433.4883
27433.3223
27433.4512
27433.1445
27433.1211
27432.8438
27432.4492
27432.6426
27432.1133
27432.3066
27432.3418
27432.4355
27432.4297
27432.5293
27432.4570
27432.4336
27432.3496
27432.1270
27431.8613
27432.0391
27431.6758
27431.8105
27431.9629
27431.7617
27431.7891
27431.5547
27431.1953
27430.9434
27430.7090
27430.1934
27429.9570
27430.0859
27429.8203
27429.6777
27429.8574
27429.8281
27429.6641
27429.7637
27429.6289
27429.6875
27430.0449
27429.5801
27429.8027
27429.7734
27429.6738
27429.5430
27429.7715
27429.5723
27429.6367
27429.5879
27429.6445
27429.7109
27429.7754
27429.7520
27429.5684
27429.7891
27429.6543
27429.6777
27429.7715
27429.9766
27429.8770
27429.7773
27429.7188
27429.2422
27429.2344
27429.1309
27429.0605
27429.3477
27429.1172
27429.3125
27429.4043
27429.5742
27429.1172
27429.0234
27429.0801
27429.2578
27429.5527
27429.5156
27429.6094
27429.8750
27430.1270
27430.1270
27430.6309
27430.6387
27430.6387
27430.9082
27431.0020
27431.0312
27431.1426
27431.3438
27430.9609
27430.9609
27430.8555
27430.7891
27430.7539
27430.3945
27430.5664
27430.3906
27430.2832
27430.0957
27430.1250
27429.8594
27429.7520
27429.8477
27429.8418
27429.4824
27429.3047
27429.0000
27428.8281
27429.2930
27429.0703
27429.4707
27429.2930
27429.3340
27429.1699
27429.1406
27429.5000
27428.9160
27428.6758
27428.3984
27428.4102
27428.2695
27428.3047
27428.3047
27427.9629
27427.9570
27428.1504
27427.9863
27428.2266
27427.9863
27428.5918
27428.4570
27428.7559
27428.6562
27428.6270
27428.7520
27428.6426
27428.7480
27428.7305
27428.4648
27428.5410
27428.4766
27428.7812
27428.9219
27428.8516
27428.8867
27428.9824
27429.0156
27429.2754
27429.1406
27428.9805
27429.0742
27429.0801
27428.7266
27428.0430
27427.2988
27427.6230
27427.3535
27427.4883
27426.8574
27426.7617
27426.3613
27426.0020
27425.8672
27425.7266
27425.9863
27426.1855
27426.3516
27426.3789
27426.3945
27426.1250
27426.2305
27426.0000
27425.7363
27425.8047
27425.7988
27425.6738
27425.4395
27425.0781
27424.9785
27425.0781
27425.2129
27425.4316
27425.3789
27425.3477
27425.5430
27425.7715
27426.0020
27426.2969
27425.9355
27425.8770
27425.5762
27425.6055
27425.2441
27424.8496
27424.7148
27424.9336
27425.0273
27425.8926
27426.2715
27426.3711
27426.1016
27425.3828
27425.0156
27424.3359
27424.2070
27423.9414
27424.0449
27424.0156
27424.2500
27424.1914
27424.2598
27424.3652
27424.2734
27424.1855
27424.2793
27424.9082
27425.2930
27425.1973
27425.1328
27424.7715
27424.7422
27424.3125
27424.2520
27424.3770
27424.7051
27424.6660
27424.6602
27424.7852
27424.8555
27424.8496
27425.1406
27424.9746
27424.8047
27424.4180
27424.4141
27424.4395
27424.4336
27424.7383
27424.5371
27424.3477
27424.4824
27423.6914
27423.7266
27423.3750
27423.5996
27423.3086
27423.1348
27423.0684
27422.8379
27422.9297
27422.2227
27421.8535
27421.8242
27421.4180
27421.3613
27421.3535
27421.2227
27421.3223
27421.2559
27420.8359
27421.1348
27421.2988
27421.7285
27421.8203
27421.5605
27421.3633
27421.0684
27421.1934
27420.9668
27420.6367
27420.2754
27420.2090
27420.2090
27419.7578
27419.7539
27419.7520
27419.7227
27419.3906
27419.2207
27419.3555
27419.0547
27419.1895
27418.8281
27418.8613
27418.9238
27418.6875
27419.0918
27419.0273
27418.8926
27418.3730
27418.2852
27417.8301
27417.8672
27417.6719
27417.3809
27417.7109
27417.7227
27417.7754
27417.7168
27417.7090
27417.8730
27417.7383
27417.9707
27418.0332
27417.7441
27417.6016
27417.1484
27417.0527
27416.6562
27416.3887
27416.2246
27416.0234
27415.9219
27415.9922
27415.8516
27415.8770
27415.8418
27415.9688
27415.3730
27415.4414
27414.9219
27415.1836
27414.4824
27414.2129
27414.1465
27414.1152
27413.7188
27413.8496
27414.2871
27414.2207
27413.9863
27414.0117
27413.7852
27413.4902
27413.4883
27413.4922
27413.1914
27413.0938
27413.1973
27412.8320
27412.7695
27412.9609
27412.8926
27413.2266
27413.5137
27413.3164
27413.3438
27413.4824
27413.5039
27413.4473
27413.5801
27413.2148
27413.1621
27413.2480
27413.4434
27413.5117
27413.3105
27413.6719
27413.7988
27413.5059
27413.6660
27413.6621
27413.3359
27413.0996
27412.6465
27412.4785
27412.6406
27412.8672
27413.0938
27412.5996
27412.1152
27411.9141
27412.3359
27413.2832
27412.5977
27412.1699
27412.5273
27412.7891
27412.6270
27412.2305
27412.0703
27411.5469
27411.5430
27411.2500
27411.2871
27410.7891
27410.8242
27410.8223
27411.2109
27411.0469
27410.7832
27410.5859
27410.0859
27409.9492
27410.0195
27410.4453
27410.0781
27410.2715
27409.9102
27409.9805
27409.7129
27410.0078
27409.8145
27410.1777
27409.9785
27410.1289
27410.1699
27409.9082
27409.9668
27409.8652
27409.7305
27409.5645
27409.9297
27409.5000
27409.6016
27409.6426
27409.7637
27410.3594
27410.5566
27410.3906
27410.3496
27410.7520
27410.7129
27410.5840
27410.6152
27410.6836
27410.8809
27410.9473
27411.2832
27411.3516
27411.9453
27412.1797
27412.2109
27412.3516
27412.1191
27412.3223
27412.3223
27412.3164
27412.4863
27412.6816
27412.5820
27412.7188
27412.4805
27412.0508
27412.0488
27411.9160
27411.8438
27411.5742
27411.3340
27411.3027
27411.2578
27411.3887
27411.3828
27411.4805
27411.0840
27411.2109
27411.0469
27411.2168
27410.7754
27411.1719
27411.0352
27410.7012
27410.8027
27410.4336
27410.8301
27410.6641
27410.5605
27410.4668
27410.5957
27410.5645
27410.5957
27410.4961
27410.2324
27410.1953
27409.8633
27410.0312
27409.8008
27409.6973
27409.5000
27409.4004
27409.4355
27409.3965
27409.2363
27409.1641
27409.3613
27409.5586
27409.6895
27409.4883
27409.6191
27409.7520
27409.7461
27409.6465
27409.7109
27409.8438
27410.0449
27410.0078
27410.0078
27410.0957
27410.0332
27410.3535
27410.0547
27410.0879
27409.9512
27410.0859
27409.7168
27409.8145
27409.6133
27409.2852
27409.3184
27409.0137
27409.0781
27409.1777
27409.4043
27409.2676
27409.3613
27409.4609
27409.5254
27409.4902
27409.4863
27409.4512
27409.2480
27409.2461
27409.3691
27409.4648
27409.5996
27409.3945
27409.4629
27409.5586
27409.5293
27409.8242
27409.8535
27410.0859
27410.0469
27410.0117
27409.8477
27409.7109
27409.7070
27409.7441
27410.1367
27409.8691
27410.0332
27410.1699
27410.5332
27410.4316
27410.5977
27410.4648
27410.0957
27410.2285
27410.4258
27410.2910
27410.0605
27410.3223
27410.4844
27410.5156
27410.4824
27410.7480
27410.7812
27410.8145
27410.6777
27410.8145
27411.2129
27411.1445
27411.3105
27411.5039
27411.2402
27411.6367
27411.4062
27411.6035
27411.4707
27411.2383
27411.4004
