    0.9614
    0.8692
    0.7754
    0.6873
    0.5992
    0.5159
    0.4294
    0.3436
    0.2554
    0.1648
    0.0733
   -0.0158
   -0.1114
   -0.2046
   -0.2978
   -0.3861
   -0.4777
   -0.5668
   -0.6552
   -0.7444
   -0.8288
   -0.9123
   -0.9956
   -1.0800
   -1.1668
   -1.2513
   -1.3358
   -1.4179
   -1.4937
   -1.5750
   -1.6538
   -1.6457
   -1.6376
   -1.6294
   -1.6187
   -1.6048
   -1.5926
   -1.5886
   -1.5853
   -1.5894
   -1.5936
   -1.6108
   -1.6297
   -1.6486
   -1.6699
   -1.6880
   -1.7044
   -1.7150
   -1.7265
   -1.7430
   -1.7479
   -1.7603
   -1.7701
   -1.7824
   -1.7923
   -1.8079
   -1.8177
   -1.8341
   -1.8505
   -1.8693
   -1.8873
   -1.9086
   -1.9315
   -1.9470
   -1.9675
   -1.9904
   -2.0109
   -2.0240
   -2.0331
   -2.0389
   -2.0333
   -2.0219
   -2.0049
   -1.9780
   -1.9519
   -1.9209
   -1.8858
   -1.8434
   -1.7993
   -1.7553
   -1.7177
   -1.6786
   -1.6402
   -1.6011
   -1.5676
   -1.5382
   -1.5104
   -1.4900
   -1.4679
   -1.4595
   -1.4432
   -1.4259
   -1.4112
   -1.3981
   -1.3882
   -1.3840
   -1.3799
   -1.3838
   -1.3911
   -1.4048
   -1.4162
   -1.4381
   -1.4567
   -1.4745
   -1.4940
   -1.5085
   -1.5272
   -1.5443
   -1.5672
   -1.5916
   -1.6104
   -1.6390
   -1.6611
   -1.6832
   -1.6987
   -1.7141
   -1.7263
   -1.7402
   -1.7450
   -1.7614
   -1.7787
   -1.8009
   -1.8190
   -1.8337
   -1.8500
   -1.8606
   -1.8688
   -1.8818
   -1.9006
   -1.9185
   -1.9423
   -1.9684
   -1.9962
   -2.0240
   -2.0534
   -2.0795
   -2.1056
   -2.1399
   -2.1758
   -2.2100
   -2.2492
   -2.2785
   -2.3103
   -2.3486
   -2.3920
   -2.4271
   -2.4607
   -2.4993
   -2.5289
   -2.5634
   -2.5914
   -2.6243
   -2.6533
   -2.6766
   -2.6975
   -2.7134
   -2.7230
   -2.7325
   -2.7339
   -2.7305
   -2.7197
   -2.7122
   -2.6973
   -2.6849
   -2.6712
   -2.6580
   -2.6497
   -2.6372
   -2.6272
   -2.6155
   -2.5997
   -2.5830
   -2.5681
   -2.5490
   -2.5307
   -2.5150
   -2.5067
   -2.4966
   -2.4873
   -2.4823
   -2.4707
   -2.4582
   -2.4407
   -2.4298
   -2.4165
   -2.4031
   -2.3921
   -2.3712
   -2.3462
   -2.3121
   -2.2755
   -2.2323
   -2.1867
   -2.1460
   -2.1093
   -2.0776
   -2.0508
   -2.0297
   -2.0087
   -1.9982
   -1.9961
   -1.9931
   -1.9942
   -1.9978
   -1.9973
   -1.9919
   -1.9922
   -1.9891
   -1.9811
   -1.9763
   -1.9674
   -1.9584
   -1.9477
   -1.9395
   -1.9370
   -1.9393
   -1.9408
   -1.9440
   -1.9488
   -1.9552
   -1.9599
   -1.9654
   -1.9684
   -1.9748
   -1.9771
   -1.9823
   -1.9863
   -1.9910
   -1.9982
   -2.0013
   -2.0103
   -2.0206
   -2.0321
   -2.0411
   -2.0567
   -2.0732
   -2.0913
   -2.1062
   -2.1279
   -2.1487
   -2.1711
   -2.1893
   -2.2068
   -2.2244
   -2.2420
   -2.2596
   -2.2766
   -2.2936
   -2.3155
   -2.3416
   -2.3766
   -2.4183
   -2.4584
   -2.5065
   -2.5490
   -2.5923
   -2.6300
   -2.6651
   -2.6938
   -2.7191
   -2.7372
   -2.7486
   -2.7527
   -2.7527
   -2.7526
   -2.7459
   -2.7398
   -2.7264
   -2.7170
   -2.7036
   -2.6877
   -2.6735
   -2.6593
   -2.6459
   -2.6332
   -2.6173
   -2.6030
   -2.5919
   -2.5816
   -2.5721
   -2.5617
   -2.5561
   -2.5539
   -2.5475
   -2.5436
   -2.5422
   -2.5390
   -2.5366
   -2.5343
   -2.5311
   -2.5304
   -2.5263
   -2.5249
   -2.5231
   -2.5196
   -2.5136
   -2.5042
   -2.4898
   -2.4713
   -2.4478
   -2.4219
   -2.3942
   -2.3674
   -2.3429
   -2.3192
   -2.2938
   -2.2742
   -2.2586
   -2.2439
   -2.2335
   -2.2214
   -2.2110
   -2.2006
   -2.1919
   -2.1807
   -2.1785
   -2.1788
   -2.1816
   -2.1851
   -2.1952
   -2.2069
   -2.2259
   -2.2504
   -2.2806
   -2.3149
   -2.3493
   -2.3870
   -2.4239
   -2.4626
   -2.5004
   -2.5399
   -2.5778
   -2.6124
   -2.6446
   -2.6761
   -2.7041
   -2.7363
   -2.7618
   -2.7874
   -2.8153
   -2.8408
   -2.8655
   -2.8928
   -2.9160
   -2.9460
   -2.9677
   -2.9864
   -3.0052
   -3.0224
   -3.0395
   -3.0536
   -3.0700
   -3.0842
   -3.0967
   -3.1135
   -3.1328
   -3.1536
   -3.1794
   -3.2108
   -3.2478
   -3.2889
   -3.3381
   -3.3881
   -3.4396
   -3.4886
   -3.5368
   -3.5868
   -3.6318
   -3.6742
   -3.7166
   -3.7547
   -3.7936
   -3.8300
   -3.8640
   -3.8971
   -3.9293
   -3.9567
   -3.9798
   -4.0055
   -4.0295
   -4.0484
   -4.0659
   -4.0784
   -4.0885
   -4.0947
   -4.1000
   -4.1028
   -4.1072
   -4.1132
   -4.1216
   -4.1301
   -4.1378
   -4.1504
   -4.1664
   -4.1849
   -4.2027
   -4.2278
   -4.2457
   -4.2679
   -4.2821
   -4.2931
   -4.3056
   -4.3175
   -4.3268
   -4.3378
   -4.3445
   -4.3545
   -4.3660
   -4.3806
   -4.3952
   -4.4058
   -4.4219
   -4.4292
   -4.4308
   -4.4306
   -4.4215
   -4.4123
   -4.3967
   -4.3746
   -4.3527
   -4.3266
   -4.2949
   -4.2574
   -4.2192
   -4.1747
   -4.1277
   -4.0760
   -4.0241
   -3.9738
   -3.9244
   -3.8782
   -3.8328
   -3.7849
   -3.7378
   -3.6900
   -3.6446
   -3.5992
   -3.5505
   -3.5041
   -3.4576
   -3.4127
   -3.3726
   -3.3324
   -3.2931
   -3.2545
   -3.2166
   -3.1770
   -3.1391
   -3.0971
   -3.0535
   -3.0082
   -2.9646
   -2.9233
   -2.8836
   -2.8462
   -2.8152
   -2.7873
   -2.7578
   -2.7356
   -2.7164
   -2.7034
   -2.6942
   -2.6827
   -2.6737
   -2.6629
   -2.6521
   -2.6437
   -2.6322
   -2.6182
   -2.5994
   -2.5807
   -2.5635
   -2.5400
   -2.5205
   -2.5057
   -2.4893
   -2.4759
   -2.4562
   -2.4397
   -2.4224
   -2.3994
   -2.3742
   -2.3507
   -2.3248
   -2.3005
   -2.2792
   -2.2611
   -2.2486
   -2.2339
   -2.2198
   -2.2057
   -2.1866
   -2.1717
   -2.1593
   -2.1444
   -2.1309
   -2.1169
   -2.1018
   -2.0926
   -2.0818
   -2.0711
   -2.0605
   -2.0465
   -2.0335
   -2.0189
   -2.0052
   -1.9908
   -1.9772
   -1.9645
   -1.9543
   -1.9457
   -1.9396
   -1.9335
   -1.9300
   -1.9257
   -1.9202
   -1.9076
   -1.8942
   -1.8783
   -1.8614
   -1.8405
   -1.8214
   -1.7999
   -1.7817
   -1.7602
   -1.7403
   -1.7205
   -1.7013
   -1.6868
   -1.6762
   -1.6703
   -1.6684
   -1.6704
   -1.6747
   -1.6806
   -1.6840
   -1.6883
   -1.6958
   -1.7065
   -1.7173
   -1.7305
   -1.7484
   -1.7705
   -1.7915
   -1.8141
   -1.8368
   -1.8571
   -1.8782
   -1.8970
   -1.9148
   -1.9335
   -1.9547
   -1.9803
   -2.0051
   -2.0289
   -2.0569
   -2.0874
   -2.1161
   -2.1474
   -2.1764
   -2.2079
   -2.2403
   -2.2753
   -2.3138
   -2.3530
   -2.3956
   -2.4399
   -2.4892
   -2.5434
   -2.6009
   -2.6609
   -2.7200
   -2.7775
   -2.8308
   -2.8839
   -2.9303
   -2.9787
   -3.0268
   -3.0740
   -3.1172
   -3.1561
   -3.1934
   -3.2265
   -3.2554
   -3.2811
   -3.3059
   -3.3308
   -3.3549
   -3.3793
   -3.3987
   -3.4142
   -3.4210
   -3.4223
   -3.4187
   -3.4057
   -3.3943
   -3.3815
   -3.3670
   -3.3493
   -3.3354
   -3.3262
   -3.3242
   -3.3252
   -3.3299
   -3.3321
   -3.3361
   -3.3334
   -3.3324
   -3.3338
   -3.3335
   -3.3362
   -3.3322
   -3.3232
   -3.3082
   -3.2914
   -3.2714
   -3.2439
   -3.2146
   -3.1885
   -3.1597
   -3.1289
   -3.0971
   -3.0651
   -3.0289
   -2.9892
   -2.9470
   -2.9038
   -2.8510
   -2.7932
   -2.7343
   -2.6736
   -2.6070
   -2.5437
   -2.4795
   -2.4194
   -2.3569
   -2.3018
   -2.2420
   -2.1846
   -2.1257
   -2.0739
   -2.0242
   -1.9703
   -1.9192
   -1.8657
   -1.8156
   -1.7648
   -1.7113
   -1.6579
   -1.6028
   -1.5543
   -1.5067
   -1.4677
   -1.4358
   -1.4097
   -1.3960
   -1.3840
   -1.3861
   -1.3870
   -1.3903
   -1.3908
   -1.3929
   -1.3863
   -1.3828
   -1.3733
   -1.3695
   -1.3632
   -1.3630
   -1.3642
   -1.3652
   -1.3691
   -1.3813
   -1.3990
   -1.4200
   -1.4486
   -1.4782
   -1.5118
   -1.5470
   -1.5847
   -1.6200
   -1.6636
   -1.7059
   -1.7487
   -1.7887
   -1.8335
   -1.8784
   -1.9301
   -1.9761
   -2.0309
   -2.0864
   -2.1371
   -2.1879
   -2.2411
   -2.2939
   -2.3489
   -2.4033
   -2.4577
   -2.5075
   -2.5610
   -2.6105
   -2.6616
   -2.7091
   -2.7579
   -2.8112
   -2.8632
   -2.9231
   -2.9799
   -3.0408
   -3.1036
   -3.1642
   -3.2290
   -3.2847
   -3.3486
   -3.4084
   -3.4653
   -3.5195
   -3.5648
   -3.6107
   -3.6463
   -3.6879
   -3.7273
   -3.7658
   -3.8001
   -3.8367
   -3.8681
   -3.8935
   -3.9149
   -3.9413
   -3.9634
   -3.9911
   -4.0091
   -4.0282
   -4.0391
   -4.0509
   -4.0620
   -4.0691
   -4.0719
   -4.0755
   -4.0830
   -4.0866
   -4.0912
   -4.0893
   -4.0936
   -4.0918
   -4.0953
   -4.0974
   -4.0999
   -4.1000
   -4.1072
   -4.1147
   -4.1234
   -4.1352
   -4.1426
   -4.1520
   -4.1528
   -4.1563
   -4.1594
   -4.1595
   -4.1635
   -4.1662
   -4.1724
   -4.1771
   -4.1842
   -4.1889
   -4.1954
   -4.1978
   -4.2008
   -4.2057
   -4.2067
   -4.2114
   -4.2194
   -4.2196
   -4.2240
   -4.2234
   -4.2229
   -4.2300
   -4.2341
   -4.2394
   -4.2392
   -4.2447
   -4.2456
   -4.2537
   -4.2561
   -4.2609
   -4.2669
   -4.2693
   -4.2776
   -4.2842
   -4.2889
   -4.2935
   -4.2913
   -4.2940
   -4.2924
   -4.2923
   -4.2899
   -4.2873
   -4.2858
   -4.2764
   -4.2737
   -4.2667
   -4.2595
   -4.2530
   -4.2425
   -4.2314
   -4.2188
   -4.2043
   -4.1889
   -4.1715
   -4.1490
   -4.1234
   -4.0870
   -4.0542
   -4.0161
   -3.9802
   -3.9407
   -3.9052
   -3.8658
   -3.8227
   -3.7809
   -3.7334
   -3.6855
   -3.6375
   -3.5893
   -3.5394
   -3.4928
   -3.4408
   -3.3914
   -3.3333
   -3.2765
   -3.2201
   -3.1584
   -3.0957
   -3.0355
   -2.9745
   -2.9130
   -2.8513
   -2.7788
   -2.7045
   -2.6339
   -2.5651
   -2.4928
   -2.4181
   -2.3386
   -2.2646
   -2.1835
   -2.1006
   -2.0152
   -1.9291
   -1.8413
   -1.7487
   -1.6543
   -1.5566
   -1.4557
   -1.3674
   -1.2734
   -1.1756
   -1.0816
   -0.9816
   -0.8930
   -0.7935
   -0.6963
   -0.5984
   -0.4956
   -0.3942
   -0.2888
   -0.1816
   -0.0721
    0.0366
    0.1491
    0.2604
    0.3716
    0.4744
    0.5836
    0.6904
    0.7931
    0.9005
    1.0022
    1.1058
    1.2087
    1.3130
    1.4131
    1.5165
    1.6190
    1.7214
    1.8268
    1.9390
    2.0488
    2.1618
    2.2731
    2.3848
    2.5027
    2.6233
    2.7422
    2.8635
    2.9800
    3.0998
    3.2187
    3.3376
    3.4541
    3.5691
    3.6853
    3.8088
    3.9253
    4.0431
    4.1643
    4.2870
    4.4117
    4.5321
    4.6502
    4.7665
    4.8805
    4.9906
    5.0953
    5.1952
    5.3069
    5.4211
    5.5322
    5.6479
    5.7563
    5.8663
    5.9749
    6.0831
    6.1953
    6.3003
    6.4084
    6.5120
    6.6087
    6.7046
    6.7999
    6.8912
    6.9823
    7.0723
    7.1656
    7.2605
    7.3563
    7.4554
    7.5512
    7.6480
    7.7430
    7.8393
    7.9333
    8.0333
    8.1283
    8.2241
    8.3237
    8.4237
    8.5199
    8.6171
    8.7077
    8.7952
    8.8858
    8.9685
    9.0492
    9.1267
    9.2036
    9.2795
    9.3594
    9.4336
    9.5057
    9.5800
    9.6539
    9.7250
    9.7934
    9.8652
    9.9410
   10.0143
   10.0842
   10.1515
   10.2196
   10.2930
   10.3647
   10.4341
   10.5073
   10.5862
   10.6706
   10.7554
   10.8389
   10.9235
   11.0096
   11.1010
   11.1927
   11.2858
   11.3799
   11.4688
   11.5633
   11.6539
   11.7487
   11.8443
   11.9405
   12.0384
   12.1343
   12.2295
   12.3253
   12.4178
   12.5061
   12.5914
   12.6751
   12.7539
   12.8338
   12.9122
   12.9852
   13.0557
   13.1181
   13.1798
   13.2391
   13.2905
   13.3404
   13.3894
   13.4361
   13.4843
   13.5301
   13.5834
   13.6353
   13.6905
   13.7483
   13.8048
   13.8638
   13.9132
   13.9706
   14.0247
   14.0762
   14.1209
   14.1705
   14.2157
   14.2568
   14.2936
   14.3244
   14.3525
   14.3855
   14.4172
   14.4464
   14.4730
   14.5063
   14.5374
   14.5620
   14.5847
   14.6010
   14.6202
   14.6333
   14.6442
   14.6536
   14.6557
   14.6558
   14.6544
   14.6491
   14.6401
   14.6320
   14.6204
   14.6062
   14.5920
   14.5794
   14.5615
   14.5466
   14.5273
   14.5098
   14.4942
   14.4749
   14.4630
   14.4428
   14.4305
   14.4189
   14.4093
   14.4004
   14.3957
   14.3910
   14.3888
   14.3917
   14.3917
   14.3934
   14.3943
   14.3949
   14.3998
   14.3972
   14.3998
   14.3982
   14.4001
   14.3927
   14.3917
   14.3928
   14.3944
   14.4004
   14.4072
   14.4204
   14.4315
   14.4426
   14.4566
   14.4719
   14.4935
   14.5163
   14.5339
   14.5517
   14.5686
   14.5879
   14.6019
   14.6118
   14.6249
   14.6336
   14.6463
   14.6525
   14.6625
   14.6680
   14.6698
   14.6789
   14.6898
   14.6999
   14.7112
   14.7236
   14.7368
   14.7482
   14.7597
   14.7723
   14.7777
   14.7927
   14.7939
   14.8021
   14.8077
   14.8099
   14.8150
   14.8126
   14.8202
   14.8194
   14.8174
   14.8130
   14.8030
   14.7932
   14.7842
   14.7720
   14.7599
   14.7523
   14.7397
   14.7277
   14.7172
   14.7002
   14.6825
   14.6592
   14.6338
   14.6044
   14.5816
   14.5598
   14.5355
   14.5097
   14.4791
   14.4461
   14.4156
   14.3846
   14.3506
   14.3087
   14.2638
   14.2148
   14.1630
   14.1056
   14.0468
   13.9816
   13.9147
   13.8434
   13.7724
   13.6942
   13.6183
   13.5411
   13.4625
   13.3837
   13.3054
   13.2271
   13.1446
   13.0570
   12.9707
   12.8808
   12.7882
   12.6914
   12.5980
   12.5009
   12.4031
   12.3062
   12.2020
   12.1088
   12.0081
   11.9077
   11.8091
   11.7098
   11.6109
   11.5119
   11.4119
   11.3142
   11.2164
   11.1263
   11.0318
   10.9383
   10.8468
   10.7518
   10.6553
   10.5594
   10.4640
   10.3655
   10.2683
   10.1714
   10.0770
    9.9777
    9.8867
    9.7904
    9.6896
    9.5912
    9.4883
    9.3894
    9.2915
    9.1910
    9.0871
    8.9836
    8.8907
    8.7969
    8.7043
    8.6121
    8.5243
    8.4412
    8.3633
    8.2838
    8.2117
    8.1383
    8.0766
    8.0151
    7.9548
    7.8972
    7.8410
    7.7884
    7.7363
    7.6829
    7.6352
    7.5824
    7.5325
    7.4832
    7.4356
    7.3795
    7.3283
    7.2822
    7.2328
    7.1857
    7.1409
    7.1061
    7.0692
    7.0367
    7.0061
    6.9778
    6.9500
    6.9248
    6.8984
    6.8682
    6.8436
    6.8180
    6.7889
    6.7628
    6.7380
    6.7097
    6.6807
    6.6492
    6.6218
    6.5975
    6.5700
    6.5397
    6.5151
    6.4831
    6.4581
    6.4261
    6.3960
    6.3704
    6.3443
    6.3150
    6.2896
    6.2686
    6.2527
    6.2324
    6.2120
    6.1974
    6.1856
    6.1762
    6.1614
    6.1474
    6.1391
    6.1303
    6.1257
    6.1153
    6.1051
    6.0928
    6.0774
    6.0639
    6.0472
    6.0321
    6.0195
    6.0040
    5.9913
    5.9818
    5.9745
    5.9637
    5.9634
    5.9600
    5.9549
    5.9567
    5.9612
    5.9597
    5.9543
    5.9539
    5.9500
    5.9477
    5.9398
    5.9331
    5.9270
    5.9219
    5.9204
    5.9110
    5.8992
    5.8882
    5.8669
    5.8417
    5.8171
    5.7953
    5.7788
    5.7572
    5.7351
    5.7173
    5.7010
    5.6876
    5.6766
    5.6646
    5.6566
    5.6484
    5.6326
    5.6221
    5.6109
    5.5997
    5.5875
    5.5724
    5.5584
    5.5459
    5.5283
    5.5081
    5.4910
    5.4794
    5.4674
    5.4514
    5.4340
    5.4146
    5.3949
    5.3724
    5.3489
    5.3290
    5.3038
    5.2793
    5.2520
    5.2262
    5.2019
    5.1762
    5.1508
    5.1235
    5.1004
    5.0775
    5.0548
    5.0257
    5.0010
    4.9706
    4.9467
    4.9175
    4.8894
    4.8573
    4.8258
    4.7951
    4.7658
    4.7332
    4.7023
    4.6708
    4.6420
    4.6156
    4.5938
    4.5790
    4.5676
    4.5577
    4.5459
    4.5322
    4.5211
    4.5109
    4.4989
    4.4850
    4.4702
    4.4554
    4.4394
    4.4215
    4.4007
    4.3826
    4.3595
    4.3387
    4.3150
    4.2861
    4.2577
    4.2261
    4.1971
    4.1680
    4.1394
    4.1034
    4.0687
    4.0333
    3.9971
    3.9613
    3.9253
    3.8895
    3.8565
    3.8256
    3.7979
    3.7698
    3.7454
    3.7229
    3.7015
    3.6801
    3.6554
    3.5527
    3.4541
    3.3530
    3.2494
    3.1446
    3.0429
    2.9447
    2.8502
    2.7571
    2.6720
    2.5919
    2.5155
    2.4383
    2.3656
    2.2845
    2.2038
    2.1203
    2.0393
    1.9567
    1.8731
    1.7883
    1.7020
    1.6150
    1.5276
    1.4437
    1.3541
    1.2659
    1.1759
    1.0882
    1.0017
