   11.1697
   10.8922
   10.6140
   10.3342
   10.0633
    9.7916
    9.5232
    9.2650
    8.9982
    8.7382
    8.4743
    8.1983
    7.9243
    7.6491
    7.3962
    7.1585
    6.9396
    6.7222
    6.5138
    6.2831
    6.0233
    5.7420
    5.4357
    5.1046
    4.7510
    4.3801
    4.0096
    3.6378
    3.2741
    2.9218
    2.5686
    2.5862
    2.5992
    2.6112
    2.6168
    2.6272
    2.6352
    2.6520
    2.6656
    2.6779
    2.6946
    2.7146
    2.7296
    2.7455
    2.7630
    2.7816
    2.7950
    2.8207
    2.8407
    2.8673
    2.8939
    2.9275
    2.9569
    2.9893
    3.0241
    3.0619
    3.0956
    3.1357
    3.1682
    3.2105
    3.2528
    3.2901
    3.3279
    3.3684
    3.4061
    3.4352
    3.4707
    3.5018
    3.5250
    3.5503
    3.5675
    3.5867
    3.6091
    3.6282
    3.6469
    3.6677
    3.6872
    3.7039
    3.7168
    3.7286
    3.7371
    3.7408
    3.7436
    3.7371
    3.7265
    3.7139
    3.6975
    3.6771
    3.6584
    3.6408
    3.6215
    3.6093
    3.5990
    3.5985
    3.5999
    3.6079
    3.6134
    3.6242
    3.6272
    3.6290
    3.6280
    3.6249
    3.6232
    3.6140
    3.6081
    3.6022
    3.5899
    3.5815
    3.5601
    3.5505
    3.5332
    3.5212
    3.5002
    3.4837
    3.4639
    3.4421
    3.4218
    3.4025
    3.3800
    3.3712
    3.3519
    3.3334
    3.3206
    3.3062
    3.2963
    3.2893
    3.2848
    3.2831
    3.2761
    3.2785
    3.2761
    3.2838
    3.2957
    3.3063
    3.3227
    3.3415
    3.3522
    3.3576
    3.3589
    3.3598
    3.3529
    3.3546
    3.3616
    3.3726
    3.3922
    3.4170
    3.4415
    3.4761
    3.5091
    3.5473
    3.5853
    3.6187
    3.6541
    3.6826
    3.7053
    3.7293
    3.7512
    3.7687
    3.7829
    3.8007
    3.8136
    3.8257
    3.8401
    3.8513
    3.8706
    3.8813
    3.8937
    3.9092
    3.9236
    3.9481
    3.9682
    3.9903
    4.0080
    4.0277
    4.0446
    4.0659
    4.0860
    4.1000
    4.1139
    4.1250
    4.1345
    4.1423
    4.1513
    4.1567
    4.1645
    4.1617
    4.1604
    4.1605
    4.1503
    4.1491
    4.1361
    4.1287
    4.1148
    4.0898
    4.0619
    4.0255
    3.9887
    3.9515
    3.9280
    3.9051
    3.8817
    3.8737
    3.8601
    3.8497
    3.8369
    3.8167
    3.7986
    3.7792
    3.7571
    3.7316
    3.7009
    3.6697
    3.6406
    3.6095
    3.5837
    3.5599
    3.5325
    3.5001
    3.4706
    3.4411
    3.4168
    3.4040
    3.3770
    3.3622
    3.3367
    3.3121
    3.2871
    3.2571
    3.2374
    3.2091
    3.2013
    3.1779
    3.1638
    3.1493
    3.1361
    3.1232
    3.1132
    3.1000
    3.0863
    3.0837
    3.0815
    3.0793
    3.0816
    3.0831
    3.0775
    3.0765
    3.0747
    3.0688
    3.0571
    3.0517
    3.0507
    3.0542
    3.0573
    3.0698
    3.0807
    3.1034
    3.1229
    3.1394
    3.1564
    3.1558
    3.1535
    3.1512
    3.1375
    3.1234
    3.1040
    3.0862
    3.0713
    3.0518
    3.0283
    2.9978
    2.9623
    2.9273
    2.8963
    2.8657
    2.8446
    2.8231
    2.7953
    2.7652
    2.7367
    2.7070
    2.6801
    2.6504
    2.6204
    2.6062
    2.5790
    2.5624
    2.5396
    2.5222
    2.5105
    2.4951
    2.4933
    2.4652
    2.4539
    2.4308
    2.4167
    2.4009
    2.3937
    2.3805
    2.3712
    2.3632
    2.3385
    2.3097
    2.2755
    2.2331
    2.1968
    2.1688
    2.1277
    2.0926
    2.0691
    2.0402
    2.0305
    2.0069
    1.9748
    1.9476
    1.9155
    1.8895
    1.8520
    1.8248
    1.7959
    1.7761
    1.7628
    1.7597
    1.7566
    1.7568
    1.7619
    1.7694
    1.7754
    1.7821
    1.7917
    1.8104
    1.8384
    1.8804
    1.9306
    1.9767
    2.0150
    2.0398
    2.0625
    2.0861
    2.1121
    2.1422
    2.1723
    2.2007
    2.2256
    2.2446
    2.2576
    2.2676
    2.2769
    2.2910
    2.3039
    2.3140
    2.3183
    2.3181
    2.3200
    2.3165
    2.3163
    2.3104
    2.3025
    2.2884
    2.2743
    2.2589
    2.2436
    2.2336
    2.2256
    2.2217
    2.2236
    2.2193
    2.2364
    2.2567
    2.2968
    2.3225
    2.3687
    2.3887
    2.4193
    2.4758
    2.5150
    2.5666
    2.6190
    2.6755
    2.7308
    2.7885
    2.8475
    2.9146
    2.9724
    3.0412
    3.1113
    3.1769
    3.2400
    3.3056
    3.3707
    3.4343
    3.4900
    3.5367
    3.5834
    3.6174
    3.6555
    3.6945
    3.7436
    3.7866
    3.8362
    3.8870
    3.9333
    3.9805
    4.0255
    4.0677
    4.1091
    4.1533
    4.2000
    4.2446
    4.2848
    4.3229
    4.3622
    4.4015
    4.4400
    4.4748
    4.5096
    4.5416
    4.5718
    4.6034
    4.6361
    4.6693
    4.7024
    4.7380
    4.7747
    4.8111
    4.8471
    4.8811
    4.9109
    4.9202
    4.9337
    4.9258
    4.9211
    4.9049
    4.8934
    4.8785
    4.8464
    4.8303
    4.7994
    4.7665
    4.7315
    4.6932
    4.6551
    4.6127
    4.5650
    4.5231
    4.4775
    4.4290
    4.3842
    4.3385
    4.2917
    4.2460
    4.2016
    4.1629
    4.1316
    4.0975
    4.0699
    4.0353
    4.0081
    3.9773
    3.9550
    3.9319
    3.9128
    3.8991
    3.8833
    3.8713
    3.8622
    3.8550
    3.8488
    3.8449
    3.8456
    3.8512
    3.8593
    3.8695
    3.8841
    3.9016
    3.9241
    3.9531
    3.9867
    4.0256
    4.0649
    4.1045
    4.1496
    4.1938
    4.2368
    4.2807
    4.3295
    4.3779
    4.4226
    4.4686
    4.5162
    4.5638
    4.6122
    4.6602
    4.7095
    4.7603
    4.8104
    4.8616
    4.9096
    4.9567
    5.0046
    5.0521
    5.1009
    5.1500
    5.2003
    5.2500
    5.3004
    5.3475
    5.3921
    5.4342
    5.4776
    5.5182
    5.5562
    5.5923
    5.6262
    5.6598
    5.6888
    5.7203
    5.7514
    5.7834
    5.8150
    5.8478
    5.8810
    5.9098
    5.9378
    5.9666
    5.9905
    6.0155
    6.0415
    6.0711
    6.0961
    6.1253
    6.1532
    6.1824
    6.2083
    6.2346
    6.2584
    6.2830
    6.3055
    6.3260
    6.3428
    6.3624
    6.3788
    6.3816
    6.3894
    6.3972
    6.4132
    6.4277
    6.4416
    6.4645
    6.4966
    6.5303
    6.5632
    6.5948
    6.6319
    6.6739
    6.7193
    6.7655
    6.8088
    6.8481
    6.8844
    6.9178
    6.9500
    6.9773
    7.0057
    7.0334
    7.0606
    7.0882
    7.1162
    7.1475
    7.1822
    7.2155
    7.2510
    7.2853
    7.3207
    7.3583
    7.3934
    7.4264
    7.4528
    7.4817
    7.5049
    7.5260
    7.5496
    7.5695
    7.5902
    7.6129
    7.6345
    7.6569
    7.6788
    7.6941
    7.7066
    7.7232
    7.7332
    7.7420
    7.7561
    7.7739
    7.7889
    7.8067
    7.8241
    7.8412
    7.8635
    7.8900
    7.9165
    7.9488
    7.9869
    8.0278
    8.0697
    8.1107
    8.1546
    8.2006
    8.2478
    8.2839
    8.3133
    8.3452
    8.3742
    8.3990
    8.4242
    8.4471
    8.4680
    8.4942
    8.5180
    8.5558
    8.5961
    8.6355
    8.6874
    8.7314
    8.7783
    8.8269
    8.8785
    8.9316
    8.9786
    9.0281
    9.0739
    9.1167
    9.1620
    9.2025
    9.2405
    9.2772
    9.3210
    9.3627
    9.4069
    9.4543
    9.5046
    9.5530
    9.6025
    9.6437
    9.6886
    9.7322
    9.7784
    9.8167
    9.8620
    9.9102
    9.9564
   10.0009
   10.0550
   10.0927
   10.1357
   10.1646
   10.2018
   10.2305
   10.2629
   10.2816
   10.3066
   10.3250
   10.3480
   10.3664
   10.3730
   10.3910
   10.3870
   10.3838
   10.3689
   10.3596
   10.3446
   10.3407
   10.3270
   10.3194
   10.3061
   10.2929
   10.2748
   10.2605
   10.2424
   10.2314
   10.2085
   10.1889
   10.1714
   10.1469
   10.1286
   10.1049
   10.0857
   10.0570
   10.0251
   10.0038
    9.9811
    9.9693
    9.9581
    9.9460
    9.9420
    9.9412
    9.9479
    9.9497
    9.9531
    9.9577
    9.9597
    9.9638
    9.9658
    9.9687
    9.9815
    9.9894
    9.9994
   10.0076
   10.0249
   10.0434
   10.0682
   10.0951
   10.1220
   10.1409
   10.1735
   10.1937
   10.2181
   10.2345
   10.2633
   10.2875
   10.3255
   10.3539
   10.3868
   10.4121
   10.4500
   10.4890
   10.5168
   10.5608
   10.5989
   10.6522
   10.6869
   10.7399
   10.7854
   10.8416
   10.9090
   10.9830
   11.0515
   11.1234
   11.1902
   11.2604
   11.3342
   11.4018
   11.4690
   11.5350
   11.6005
   11.6686
   11.7419
   11.8096
   11.8841
   11.9625
   12.0355
   12.1106
   12.1745
   12.2458
   12.3218
   12.3925
   12.4694
   12.5401
   12.6169
   12.6962
   12.7764
   12.8609
   12.9450
   13.0265
   13.1123
   13.1939
   13.2783
   13.3632
   13.4558
   13.5396
   13.6247
   13.7015
   13.7786
   13.8608
   13.9464
   14.0270
   14.1121
   14.2068
   14.2990
   14.3917
   14.4905
   14.5855
   14.6798
   14.7752
   14.8660
   14.9571
   15.0556
   15.1530
   15.2513
   15.3546
   15.4534
   15.5576
   15.6585
   15.7564
   15.8594
   15.9468
   16.0351
   16.1253
   16.2140
   16.3102
   16.4035
   16.4948
   16.5939
   16.6886
   16.7824
   16.8796
   16.9702
   17.0597
   17.1504
   17.2425
   17.3270
   17.4116
   17.4965
   17.5865
   17.6735
   17.7528
   17.8373
   17.9145
   17.9922
   18.0654
   18.1424
   18.2135
   18.2889
   18.3605
   18.4412
   18.5123
   18.5905
   18.6622
   18.7354
   18.7991
   18.8698
   18.9343
   19.0038
   19.0668
   19.1318
   19.1938
   19.2575
   19.3279
   19.3904
   19.4528
   19.5158
   19.5796
   19.6440
   19.7090
   19.7748
   19.8441
   19.9116
   19.9815
   20.0511
   20.1198
   20.1905
   20.2616
   20.3361
   20.4060
   20.4777
   20.5472
   20.6163
   20.6897
   20.7575
   20.8290
   20.8971
   20.9702
   21.0374
   21.1042
   21.1714
   21.2343
   21.2936
   21.3590
   21.4184
   21.4811
   21.5414
   21.6085
   21.6724
   21.7304
   21.7914
   21.8470
   21.9075
   21.9650
   22.0205
   22.0769
   22.1302
   22.1815
   22.2358
   22.2841
   22.3335
   22.3712
   22.4167
   22.4519
   22.4900
   22.5257
   22.5604
   22.5854
   22.6178
   22.6403
   22.6664
   22.6848
   22.6989
   22.7078
   22.7112
   22.7199
   22.7296
   22.7334
   22.7260
   22.7191
   22.7139
   22.7070
   22.7028
   22.6940
   22.6848
   22.6712
   22.6594
   22.6393
   22.6213
   22.5983
   22.5756
   22.5529
   22.5303
   22.5112
   22.4904
   22.4705
   22.4492
   22.4215
   22.3898
   22.3575
   22.3268
   22.2933
   22.2669
   22.2413
   22.2153
   22.1968
   22.1713
   22.1454
   22.1232
   22.1007
   22.0798
   22.0560
   22.0348
   22.0102
   21.9853
   21.9607
   21.9364
   21.9141
   21.8911
   21.8701
   21.8457
   21.8222
   21.8036
   21.7813
   21.7653
   21.7471
   21.7371
   21.7234
   21.7189
   21.7119
   21.7060
   21.7009
   21.7005
   21.7046
   21.7140
   21.7231
   21.7355
   21.7483
   21.7653
   21.7814
   21.8008
   21.8194
   21.8351
   21.8490
   21.8675
   21.8849
   21.9048
   21.9189
   21.9391
   21.9565
   21.9833
   22.0074
   22.0323
   22.0550
   22.0791
   22.0963
   22.1122
   22.1325
   22.1536
   22.1748
   22.2008
   22.2287
   22.2592
   22.2881
   22.3178
   22.3442
   22.3727
   22.4052
   22.4401
   22.4696
   22.5065
   22.5438
   22.5780
   22.6211
   22.6628
   22.7048
   22.7477
   22.7888
   22.8326
   22.8754
   22.9177
   22.9616
   23.0092
   23.0557
   23.1026
   23.1496
   23.2035
   23.2513
   23.3041
   23.3651
   23.4237
   23.4878
   23.5508
   23.6077
   23.6621
   23.7137
   23.7635
   23.8082
   23.8551
   23.8999
   23.9524
   24.0001
   24.0517
   24.1077
   24.1617
   24.2055
   24.2490
   24.2961
   24.3366
   24.3816
   24.4250
   24.4647
   24.5081
   24.5472
   24.5886
   24.6294
   24.6715
   24.7212
   24.7633
   24.8133
   24.8607
   24.9091
   24.9573
   25.0008
   25.0482
   25.0876
   25.1291
   25.1663
   25.2013
   25.2307
   25.2589
   25.2846
   25.3061
   25.3295
   25.3544
   25.3777
   25.4026
   25.4252
   25.4469
   25.4665
   25.4848
   25.4989
   25.5096
   25.5079
   25.4979
   25.4916
   25.4868
   25.4823
   25.4777
   25.4734
   25.4541
   25.4365
   25.4185
   25.4016
   25.3839
   25.3694
   25.3566
   25.3476
   25.3471
   25.3499
   25.3376
   25.3089
   25.2680
   25.2174
   25.1665
   25.1142
   25.0759
   25.0430
   25.0190
   25.0108
   24.9923
   24.9711
   24.9440
   24.9048
   24.8650
   24.8139
   24.7597
   24.7032
   24.6499
   24.6002
   24.5502
   24.5036
   24.4499
   24.3924
   24.3321
   24.2637
   24.2008
   24.1347
   24.0637
   23.9912
   23.9197
   23.8509
   23.7747
   23.7063
   23.6372
   23.5572
   23.4811
   23.4041
   23.3363
   23.2662
   23.2081
   23.1536
   23.1063
   23.0658
   23.0332
   23.0109
   22.9799
   22.9392
   22.8940
   22.8447
   22.7950
   22.7488
   22.6979
   22.6490
   22.5960
   22.5516
   22.5046
   22.4589
   22.4107
   22.3532
   22.2952
   22.2495
   22.2124
   22.1846
   22.1593
   22.1354
   22.1174
   22.0926
   22.0621
   22.0150
   21.9590
   21.9019
   21.8487
   21.7974
   21.7582
   21.7225
   21.6893
   21.6550
   21.6183
   21.5700
   21.5168
   21.4536
   21.3900
   21.3295
   21.2677
   21.2130
   21.1612
   21.1086
   21.0636
   21.0223
   20.9852
   20.9507
   20.9157
   20.8821
   20.8472
   20.8119
   20.7804
   20.7489
   20.7141
   20.6697
   20.6278
   20.5718
   20.5111
   20.4458
   20.3795
   20.3104
   20.2428
   20.1798
   20.1219
   20.0661
   20.0112
   19.9596
   19.9121
   19.8619
   19.8075
   19.7569
   19.7011
   19.6447
   19.5872
   19.5307
   19.4785
   19.4237
   19.3706
   19.3209
   19.2731
   19.2232
   19.1713
   19.1162
   19.0555
   18.9909
   18.9363
   18.8778
   18.8199
   18.7614
   18.7080
   18.6504
   18.5928
   18.5401
   18.4851
   18.4375
   18.3918
   18.3504
   18.3169
   18.2828
   18.2530
   18.2263
   18.1959
   18.1676
   18.1408
   18.1147
   18.0874
   18.0559
   18.0243
   17.9991
   17.9757
   17.9509
   17.9285
   17.9044
   17.8803
   17.8570
   17.8395
   17.8233
   17.8111
   17.7996
   17.7853
   17.7649
   17.7411
   17.7174
   17.6941
   17.6670
   17.6338
   17.5902
   17.5448
   17.4944
   17.4500
   17.4031
   17.3575
   17.3220
   17.2949
   17.2660
   17.2339
   17.2047
   17.1729
   17.1411
   17.1174
   17.0977
   17.0828
   17.0680
   17.0528
   17.0417
   17.0267
   17.0136
   17.0056
   17.0025
   17.0010
   16.9945
   16.9820
   16.9747
   16.9593
   16.9509
   16.9429
   16.9341
   16.9258
   16.9206
   16.9115
   16.9015
   16.8905
   16.8857
   16.8769
   16.8692
   16.8553
   16.8435
   16.8266
   16.8063
   16.7820
   16.7564
   16.7319
   16.7069
   16.6842
   16.6680
   16.6501
   16.6306
   16.6175
   16.6090
   16.6109
   16.6210
   16.6348
   16.6485
   16.6560
   16.6567
   16.6599
   16.6666
   16.6856
   16.7065
   16.7260
   16.7459
   16.7701
   16.7961
   16.8165
   16.8334
   16.8484
   16.8594
   16.8742
   16.8874
   16.8985
   16.9019
   16.9012
   16.8970
   16.8960
   16.8890
   16.8822
   16.8810
   16.8749
   16.8705
   16.8663
   16.8646
   16.8581
   16.8625
   16.8673
   16.8750
   16.8863
   16.8944
   16.9070
   16.9192
   16.9342
   16.9479
   16.9621
   16.9800
   16.9963
   17.0118
   17.0333
   17.0527
   17.0707
   17.0970
   17.1263
   17.1535
   17.1887
   17.2186
   17.2483
   17.2724
   17.2892
   17.3060
   17.3184
   17.3252
   17.3312
   17.3290
   17.3279
   17.3286
   17.3393
   17.3494
   17.3694
   17.3818
   17.4013
   17.4216
   17.4444
   17.4768
   17.5198
   17.5587
   17.5989
   17.6332
   17.6609
   17.6929
   17.7255
   17.7581
   17.7882
   17.8271
   17.8784
   17.9329
   17.9905
   18.0228
   18.0462
   18.0533
   18.0587
   18.0585
   18.0773
   18.1267
   18.1941
   18.3000
   18.4293
   18.5801
   18.7505
   18.9223
   19.0936
   19.2544
   19.4088
   19.5480
   19.3212
   19.0925
   18.8604
   18.6269
   18.3997
   18.1655
   17.9339
   17.7038
   17.4783
   17.2475
   17.0134
   16.7788
   16.5475
   16.3124
   16.0807
   15.8514
   15.6191
   15.3889
   15.1561
   14.9122
   14.6688
   14.4181
   14.1654
   13.9087
   13.6564
   13.4027
   13.1587
   12.9051
   12.6505
   12.3918
