28014.8691
28015.0508
28015.1406
28014.9473
28015.2324
28014.9512
28014.5703
28014.7520
28014.3652
28013.9824
28013.8906
28013.6992
28013.5000
28013.2969
28013.0195
28012.7344
28012.5449
28012.7383
28012.9238
28012.5293
28012.8164
28013.2754
28013.0879
28013.0840
28013.5527
28013.6562
28013.9316
28014.5977
28015.1660
28015.4297
28015.6387
28015.4238
28015.2324
28015.1504
28015.1465
28015.1328
28015.3242
28015.3105
28015.1328
28014.9551
28014.7422
28014.6660
28014.7461
28014.4629
28014.5664
28014.4570
28014.3438
28014.4492
28014.2422
28014.2441
28014.2344
28014.2422
28014.0508
28013.9453
28013.9473
28013.6543
28013.6465
28013.5527
28013.6387
28013.4395
28013.6387
28013.6191
28013.5156
28013.5078
28013.6191
28013.6113
28013.7910
28013.6094
28013.7988
28013.8867
28013.8770
28013.8848
28013.9766
28013.9785
28013.9805
28014.1719
28014.2578
28014.4551
28014.5527
28014.7383
28014.6309
28014.7168
28014.6230
28014.8965
28014.9082
28014.8887
28014.9902
28014.8691
28014.9785
28015.2500
28015.6289
28015.0547
28014.7695
28015.1387
28014.9453
28014.9473
28014.5566
28014.7383
28014.3555
28014.4473
28014.1445
28014.2402
28013.9531
28013.9492
28013.7500
28013.9473
28013.8398
28013.7539
28013.8418
28013.5664
28013.5488
28013.6445
28013.5469
28013.2422
28013.4551
28013.5371
28013.5332
28013.5293
28013.5215
28013.3184
28013.0254
28013.1211
28012.8320
28012.9102
28013.0059
28013.1934
28013.3770
28013.2871
28013.0879
28013.0801
28012.7871
28012.5996
28012.3066
28012.1250
28012.0176
28012.0059
28012.2109
28012.1016
28012.1992
28012.0000
28012.0957
28011.4199
28011.6113
28011.0273
28010.9316
28011.0410
28011.0293
28011.1250
28011.2168
28010.9277
28011.0117
28010.5430
28010.6211
28010.5176
28010.4746
28010.5195
28010.5156
28010.5996
28010.8867
28010.8750
28010.9629
28011.2520
28010.8652
28011.2402
28011.4180
28011.6055
28011.6953
28011.5039
28011.0215
28011.0176
28011.1094
28013.4922
28013.7773
28013.9805
28013.9688
28014.3496
28014.4414
28014.4297
28014.3398
28014.4336
28013.9512
28014.6230
28015.0957
28016.4258
28014.5938
28014.2773
28015.4297
28015.2500
28014.8594
28015.1445
28014.9414
28013.8906
28013.8828
28014.7598
28014.2734
28013.2070
28013.2305
28014.3555
28014.5195
28014.9375
28014.6133
28014.9121
28015.0000
28015.0723
28014.9863
28014.9863
28015.0605
28015.0605
28014.7812
28014.6426
28014.5586
28014.3809
28013.9805
28014.2461
28014.1777
28014.3477
28014.4492
28014.6250
28014.4629
28014.2383
28014.2441
28014.0645
28014.0410
28014.1504
28014.1504
28014.6328
28014.7207
28014.8047
28014.8086
28014.8086
28014.6055
28014.4141
28014.5957
28014.6758
28014.4785
28014.3711
28014.3652
28014.2578
28014.0625
28013.8633
28013.8594
28013.8613
28013.8574
28014.0312
28014.1250
28014.3223
28014.1406
28014.1309
28014.0977
28014.1133
28014.0254
28014.1250
28014.2168
28014.1055
28014.0020
28014.0039
28014.1289
28014.0176
28013.9199
28013.7344
28013.6270
28013.6172
28013.3242
28013.3262
28013.2305
28013.1211
28013.0332
28013.1328
28012.9160
28012.8301
28012.7168
28012.5312
28012.7109
28012.7227
28012.7188
28012.9121
28012.7227
28012.7129
28012.6191
28012.8125
28012.4219
28012.2168
28012.0195
28011.8340
28011.9121
28011.8145
28011.8105
28011.9023
28012.1914
28012.2832
28012.4727
28012.7637
28012.8633
28012.8535
28012.8477
28012.5605
28012.2578
28012.2559
28012.0547
28012.1523
28011.7578
28011.5547
28011.0762
28010.7676
28010.8574
28010.8477
28010.7480
28010.4609
28010.4512
28010.3594
28010.1738
28010.2793
28010.3652
28010.5527
28010.5625
28011.0391
28011.2344
28011.4297
28011.6094
28011.5039
28011.5039
28011.5898
28011.4883
28011.4883
28011.5742
28011.6680
28011.6641
28011.3672
28010.9785
28010.8867
28010.6816
28010.1934
28010.1895
28010.0820
28009.8926
28010.2676
28010.1738
28010.2617
28010.5508
28010.3516
28010.5527
28010.8477
28011.0430
28011.3242
28011.5273
28011.7324
28011.7285
28011.4297
28011.4219
28011.1289
28010.9297
28011.0293
28011.0293
28011.1211
28011.0312
28011.3301
28011.2188
28011.1289
28011.3145
28011.3145
28011.5000
28011.3945
28011.2930
28011.1875
28010.9902
28010.7871
28010.6816
28010.7754
28010.5762
28010.7656
28010.5645
28010.8477
28010.9414
28010.7344
28010.9316
28011.2207
28011.3145
28011.0176
28012.4766
28011.3047
28012.4648
28011.8848
28012.0742
28012.2656
28012.3613
28012.9355
28012.9336
28013.1270
28013.5117
28013.2148
28013.5000
28013.2988
28013.6836
28013.6777
28013.9707
28014.7500
28013.9668
28014.9414
28014.5488
28014.9414
28015.2305
28014.8359
28015.4180
28015.4121
28015.4062
28015.1055
28015.1016
28015.0020
28014.9023
28014.7070
28014.6055
28014.5996
28014.4043
28014.4023
28014.4961
28014.3965
28014.3008
28014.3945
28014.2930
28014.2852
28014.2832
28014.2812
28014.2734
28014.2715
28014.3672
28014.3613
28014.3574
28014.6484
28014.7461
28014.3555
28014.5449
28014.4434
28014.5449
28014.5469
28014.6426
28014.5430
28014.3457
28014.5352
28014.1426
28014.1406
28014.2363
28013.9375
28013.8418
28013.8340
28013.3438
28013.1484
28013.1445
28013.1426
28013.1406
28013.0410
28013.3340
28013.3340
28012.9355
28012.8379
28012.9277
28012.6328
28012.8242
28012.8164
28013.1094
28013.0098
28013.4023
28013.5000
28013.6953
28013.6934
28013.7891
28013.7871
28013.9824
28014.1758
28014.2715
28014.4648
28014.5625
28014.4590
28014.4551
28014.3574
28014.5527
28014.9395
28014.9316
28015.1250
28015.0195
28014.7168
28014.8086
28014.7012
28014.5977
28014.3965
28014.3926
28014.2852
28014.2852
28014.3789
28014.1797
28014.0781
28013.6816
28013.5820
28013.5762
28013.3770
28013.4766
28013.3730
28013.4707
28013.6621
28013.9531
28014.1465
28014.1426
28014.0430
28014.2324
28014.3242
28014.6113
28014.5137
28014.4121
28014.4102
28014.6074
28014.8984
28014.7969
28014.5996
28014.4023
28014.5020
28014.4004
28014.3965
28014.4922
28014.5898
28014.5918
28014.8887
28014.9863
28014.8828
28014.8789
28014.7754
28014.8730
28014.7793
28014.8809
28014.7812
28014.7812
28014.8828
28014.5879
28014.6836
28014.7773
28014.7754
28014.5762
28014.5723
28014.5684
28014.8613
28015.2441
28015.6348
28015.7246
28015.9219
28016.2109
28016.5039
28016.5996
28016.4961
28016.2988
28016.1973
28016.1035
28015.9062
28016.1035
28016.0996
28016.1973
28016.1953
28016.1914
28016.1895
28016.0820
28015.9785
28015.9766
28015.8770
28016.0742
28016.2656
28016.2617
28016.4570
28016.6504
28016.5527
28016.6445
28016.7422
28016.7383
28016.7344
28016.7305
28016.7266
28016.7246
28016.8203
28016.8184
28016.7168
28016.7129
28016.6094
28016.3086
28016.3379
28016.6934
28016.8848
28016.8809
28016.8750
28016.8691
28017.1621
28017.1543
28016.9531
28016.8496
28016.5488
28016.2480
28016.0469
28016.5391
28016.7363
28017.3281
28017.4258
28017.5234
28017.6211
28017.5176
28017.6152
28017.6133
28017.6113
28017.7070
28017.6074
28017.6035
28017.5020
28017.5000
28017.3008
28017.4980
28017.3965
28017.4902
28017.5879
28017.5879
28017.4824
28017.3828
28017.3789
28017.2773
28017.1758
28017.2715
28017.1680
28017.0664
28016.9648
28016.6641
28016.7598
28016.3594
28016.3555
28016.6523
28016.8457
28016.6465
28016.7441
28016.6426
28016.7383
28016.8340
28016.9297
28016.9277
28016.9258
28017.0215
28017.2188
28017.4141
28017.5117
28017.4082
28017.6055
28017.8008
28018.0977
28018.5938
28018.8867
28018.7871
28018.4863
28018.3828
28018.1816
28018.0820
28018.1777
28018.3730
28018.5703
28018.3691
28018.4668
28018.4648
28018.5605
28018.6582
28018.7539
28018.5527
28018.6504
28018.6465
28018.7441
28018.9414
28018.9395
28019.1348
28019.0332
28018.8301
28018.7285
28018.6270
28018.5254
28018.6211
28018.4199
28018.2168
28018.5137
28018.3105
28018.2090
28018.1074
28018.1035
28018.0020
28017.9004
28017.9961
28017.9941
28017.6914
28017.6895
28017.3887
28017.4844
28017.2812
28017.0801
28017.2773
28017.3750
28017.1719
28017.2676
28017.2656
28017.5625
28017.3613
28017.4590
28017.2559
28017.4531
28017.4512
28017.5488
28017.5449
28017.6426
28017.4414
28017.6367
28017.3359
28017.7324
28017.4297
28017.4277
28017.4258
28017.3223
28017.6191
28017.5156
28017.2129
28017.4121
28017.0078
28017.3066
28017.4023
28017.6992
28017.4980
28017.5938
28017.5918
28017.8887
28017.6855
28017.8828
28018.3809
28018.1777
28017.9746
28017.9727
28018.0684
28017.9668
28017.9648
28017.8613
28018.1582
28018.5566
28018.4531
28017.8496
28018.2480
28017.6426
28018.1406
28017.7402
28017.7363
28017.6328
28017.7305
28017.7285
28018.1250
28017.6211
28017.5195
28017.6152
28017.8145
28018.4121
28018.1074
28018.0059
28017.9043
28018.5020
28018.3008
28018.7969
28018.7949
28018.6934
28018.4883
28018.3867
28018.3828
28018.8809
28019.4824
28019.5781
28019.8770
28019.2734
28019.3691
28019.2676
28019.0625
28019.1621
28018.6582
28018.7559
28018.8516
28018.7480
28018.9473
28019.1465
28019.3438
28019.2422
28019.2402
28018.7344
28018.4297
28018.6289
28018.6250
28019.3262
28018.7207
28018.6211
28018.2148
28018.4121
28018.6113
28018.3047
28018.7070
28018.4043
28018.0996
28018.7012
28018.3965
28018.8926
28017.9863
28018.0859
28017.9785
28017.9766
28017.9766
28017.9668
28017.7617
28018.1680
28018.1602
28018.6582
28018.9609
28019.0605
28018.8535
28019.1543
28018.9531
28018.4473
28018.4434
28018.5449
28018.8438
28018.8398
28018.5371
28018.3320
28018.3301
28018.5273
28018.4238
28018.6250
28018.6211
28018.6094
28018.6152
28018.4141
28018.6133
28018.5098
28018.3027
28018.4043
28017.8945
28018.6973
28018.1895
28018.6895
28018.6855
28018.6816
28018.8789
28018.9785
28019.6816
28020.0840
28020.3828
28020.5781
28020.0684
28019.8672
28019.4590
28019.5566
28019.7578
28019.8555
28019.9551
28019.3457
28019.7500
28019.8438
28019.8438
28019.8379
28020.0371
28019.8320
28019.7246
28019.7246
28019.8184
28019.9160
28019.7109
28020.0098
28020.4102
28020.5078
28020.2988
28019.8965
28020.0977
28019.7832
28019.9805
28020.1816
28020.0703
28020.0664
28020.0605
28020.2578
28020.2578
28020.0547
28020.2539
28020.4512
28020.4141
28020.1367
28020.7422
28020.2266
28020.0234
28020.5234
28020.4160
28020.3125
28020.0078
28020.7090
28020.4043
28020.6992
28020.2930
28020.3906
28020.3867
28020.4824
28020.5781
28020.3711
28020.3633
28020.4570
28020.5527
28020.2480
28020.5508
28019.9434
28020.3516
28019.8496
28020.2500
28019.8398
28019.7383
28019.5273
28019.3184
28020.7402
28019.2129
28019.0078
28018.9004
28018.9980
28018.7891
28018.9824
28018.7715
28018.5645
28018.1582
28018.5586
28018.5547
28018.4531
28018.4473
28018.1348
28017.9297
28018.0273
28017.9043
28017.6992
28017.6133
28017.5137
28017.5000
28017.4004
28017.2930
28017.9980
28016.7695
28016.7656
28016.7539
28016.0352
28016.2285
28015.9180
28015.9102
28016.1113
28016.0977
28015.9961
28015.7832
28015.6797
28015.7812
28015.6738
28015.5703
28015.8672
28016.0645
28016.1582
28015.6484
28015.9492
28015.8340
28015.8223
28015.9355
28016.1426
28015.8301
28016.2305
28015.8105
28015.2988
28015.9062
28015.5996
28016.1992
28015.6895
28015.9902
28015.6816
28015.7832
28015.6758
28016.2773
28016.3750
28016.0586
28016.4805
28016.1660
28016.4824
28016.4785
28016.0527
28016.2500
28016.4434
28015.7520
28016.5254
28016.4355
28016.3262
28016.3223
28016.5176
28015.8105
28013.8633
28014.3730
28014.0625
28014.5703
28014.2695
28014.2539
28014.7676
28014.4570
28014.3535
28014.4512
28013.8379
28014.6543
28014.6504
28014.8535
28014.5430
28014.6445
28014.8457
28015.0430
28014.8301
28015.4414
28015.8379
28015.7676
28015.2246
28015.7285
28015.8301
28015.6152
28015.8164
28016.4180
28016.5059
28016.8262
28016.9004
28016.0586
28016.1582
28015.9512
28015.7441
28015.8418
28015.7363
28015.8320
28016.0469
28016.0469
28015.3359
28015.9492
28016.0410
28016.4766
28016.1719
28015.9395
28015.8340
28015.7246
28016.3320
28016.1387
28016.4316
28016.5273
28016.6289
28016.8281
28016.5176
28016.1094
28016.2109
28016.3145
28016.4160
28015.9980
28015.8906
28016.5059
28016.2988
28016.1973
28016.3047
28016.2031
28016.1953
28016.5039
28016.4004
28016.5996
28016.9062
28017.0098
28017.5176
28017.4199
28017.2188
28017.3262
28017.5273
28017.4355
28017.5176
28017.2129
28017.6230
28017.3223
28017.3203
28017.4512
28017.7285
28017.9355
28017.9258
28017.9336
28017.6191
28017.9297
28017.7188
28017.9023
28017.8184
28018.1270
28017.7188
28017.7109
28017.3965
28017.6055
28017.5039
28017.1992
28017.1875
28016.7773
28016.5801
28016.3711
28016.1621
28015.5527
28015.0273
28014.9336
28014.9355
28014.3066
28014.2090
28014.2070
28014.0137
28013.7988
28013.2969
28012.7812
28012.6875
28012.8887
28012.5840
28012.1738
28011.4648
28011.7656
28011.5645
28011.5664
28010.9512
28011.3672
28011.4746
28011.3750
28011.5898
28011.3730
28011.2637
28011.0547
28011.0449
28010.8379
28010.8398
28011.0469
28010.7344
28010.9434
28010.7207
28010.8301
28010.2051
28010.5059
28010.1074
28009.9922
28010.1016
28010.1016
28009.8789
28009.6719
28009.6699
28009.7695
28010.0938
28009.9043
28009.5996
28009.3086
28009.3125
28008.9668
28008.8086
28008.5840
28008.4844
28008.2656
28008.2188
28007.9531
28008.4668
28007.9531
28007.9844
28008.0762
28007.8711
28007.3535
28007.2461
28007.1406
28007.1367
28007.5547
28007.1367
28007.0371
28006.7188
28006.7188
28006.6094
28006.4043
28006.7090
28006.6758
28006.3691
28006.0508
28006.1582
28006.2598
28006.1641
28006.1543
28006.2520
28006.3633
28006.5703
28006.1523
28006.8848
28006.6738
28006.6836
28006.5625
28006.2754
28006.5078
28006.3789
28005.8789
28005.8867
28005.8652
28005.5508
28005.4375
28005.2383
28005.1328
28005.2285
28005.4395
28005.3281
28004.9180
28005.5625
28005.5371
28005.2188
28005.7500
28005.0039
28005.2969
28005.1914
28004.9746
28004.9648
28004.9434
28004.6328
28004.7363
28004.6074
28004.4902
28004.6914
28004.3691
28004.4766
28004.2539
28004.3574
28004.5605
28004.5527
28004.7637
28004.7598
28004.7598
28005.0625
28005.1699
28005.0664
28005.0742
28005.3770
28005.3672
28005.5840
28005.5566
28005.7852
28005.4531
28005.7422
28005.6699
28005.8828
28005.8672
28005.9590
28005.8594
28006.1855
28006.1738
28006.1660
28006.0566
28006.4746
28007.0898
28007.1816
28007.2832
28007.3750
28007.5723
28007.6855
28007.9922
28007.8867
28007.6797
28007.8750
28007.7695
28007.7578
28008.0664
28008.1758
28008.1895
28008.6191
28008.5918
28008.9043
28009.0137
28008.8066
28008.7070
28009.1133
28008.4668
28009.0781
28008.8555
28009.2754
28009.2793
28008.9629
28009.2734
28009.4492
28009.5508
28009.7559
28010.1875
28010.1836
28010.4844
28010.5742
28010.7832
28011.5234
28011.4160
28011.9219
28012.0215
28012.3418
28012.3301
28012.6504
28012.8340
28013.0332
28012.8281
28012.9160
28013.0156
28013.3145
28013.2031
28013.3984
28013.6055
28013.8164
28013.8262
28013.9219
28014.5469
28014.4121
28014.6367
28014.7441
28014.7363
28014.6523
28014.5430
28014.5352
28014.3555
28014.0020
28013.4902
28013.5898
28013.5996
28013.9102
28013.7031
28013.7090
28014.0098
28014.3398
28014.7461
28014.6484
28015.0625
28015.0645
28014.9434
28015.4746
28015.0527
28015.1426
28015.0566
28014.9004
28014.6016
28014.7285
28014.7070
28014.8008
28014.8164
28015.0078
28015.2305
28015.3379
28015.1289
28015.3320
28015.5430
28015.8555
28015.9375
28016.2598
28016.2578
28016.1445
28016.0371
28016.3555
28015.9180
28016.0391
28016.0371
28016.0488
28016.1504
28016.2559
28016.0469
28016.0391
28016.0566
28015.7344
28016.2480
28016.3496
28016.3613
28016.3652
28016.4082
28016.5781
28016.4766
28016.3457
28016.2637
28016.5898
28016.5957
28016.3711
28016.3770
28016.3848
28016.4824
28016.2656
28016.6777
28016.3555
28016.4590
28016.6543
28016.6523
28016.7578
28017.0742
28016.8516
28017.3750
28017.3418
28017.5449
28017.5469
28017.7559
28017.5371
28017.8301
28017.4551
28017.4375
28017.6465
28017.3281
28017.5508
28017.5527
28017.4395
28017.3340
28017.3359
28017.1074
28017.4414
28017.1133
28017.1270
28017.2246
28017.2266
28017.0176
28017.0156
28016.7969
28016.9004
28017.1992
28017.2012
28017.1836
28017.2793
28017.1680
28017.3809
28017.0566
28017.4746
28017.3555
28017.1660
28017.5801
28017.3301
28017.5527
28017.5566
28017.4336
28017.3418
28017.3281
28017.3320
28017.4395
28017.4316
28016.9902
28018.2598
28017.4414
28017.4062
28017.8359
28018.0332
28017.9375
28018.4570
28018.2344
28018.4531
28018.6836
28018.4199
28018.9453
28019.2656
28019.4570
28019.6680
