27475.4375
27475.9199
27476.0234
27475.7441
27475.8379
27475.7344
27476.0254
27475.8242
27476.0293
27475.9355
27475.9492
27475.6387
27475.7637
27475.6602
27475.6602
27475.7500
27475.8574
27475.5762
27475.7676
27475.8633
27475.8750
27476.0488
27476.0527
27476.0547
27476.0664
27475.6934
27475.5078
27475.7012
27475.6172
27475.8008
27475.6250
27475.5430
27475.6465
27475.7500
27475.6562
27475.5508
27475.0703
27475.0840
27475.3633
27474.9004
27474.7949
27475.0879
27474.9082
27474.8086
27475.0898
27475.2520
27475.2461
27475.1055
27474.8125
27475.0996
27475.5859
27475.6934
27475.9980
27476.0938
27476.1992
27476.4062
27476.4980
27477.0801
27477.1797
27476.9727
27477.2734
27477.1777
27477.0703
27476.9766
27476.6934
27476.4922
27476.3047
27476.1152
27475.8203
27476.0137
27475.6348
27475.7285
27475.9277
27475.9219
27476.3145
27476.2090
27475.9277
27476.0332
27476.2363
27475.9414
27476.1230
27475.7363
27476.1191
27476.4160
27476.7051
27476.7949
27476.5996
27476.6992
27477.1836
27476.8027
27477.0020
27477.0059
27476.6230
27476.7129
27476.8066
27476.8926
27476.6934
27476.9824
27476.7832
27476.4004
27476.9727
27476.8770
27477.0684
27477.1738
27476.7910
27477.0742
27476.7852
27476.5879
27476.2910
27475.7207
27475.7109
27475.7227
27475.3242
27475.7090
27475.5078
27475.7988
27475.7930
27475.8848
27475.9785
27475.7734
27475.9727
27476.1562
27475.9590
27475.9492
27475.8398
27476.1309
27476.1211
27475.8066
27475.8105
27475.8008
27475.8848
27476.1660
27476.0664
27476.1562
27476.3789
27476.5410
27476.4512
27476.1562
27475.9688
27476.0645
27475.9746
27475.8867
27475.6934
27475.7832
27476.0840
27475.7812
27475.6855
27475.8750
27475.7715
27475.6719
27475.5664
27475.4668
27475.1816
27475.1660
27475.2656
27475.2500
27475.1543
27475.1406
27475.2441
27475.2441
27475.5352
27475.7246
27475.7227
27475.5273
27475.7129
27475.7109
27475.7930
27475.8945
27475.7852
27475.5957
27475.5859
27475.4004
27475.3926
27475.0020
27474.9023
27474.3145
27474.6152
27474.6973
27474.6992
27474.9883
27475.1816
27475.2715
27475.5586
27475.4531
27475.5508
27475.6504
27475.5547
27475.7441
27475.4512
27475.5605
27475.5508
27475.8457
27475.7520
27476.0234
27476.1309
27476.2148
27476.2168
27476.3125
27476.3105
27476.2090
27475.6250
27475.7305
27475.8164
27475.4336
27475.9141
27475.4297
27475.5215
27475.8086
27475.1230
27475.3184
27475.1113
27474.8320
27475.2109
27475.0215
27475.0137
27475.2148
27475.2070
27475.4141
27475.4023
27475.3125
27475.2109
27475.1113
27475.2109
27475.1113
27475.3965
27475.3945
27475.3008
27475.4922
27474.9941
27475.1934
27475.1973
27475.0977
27475.0859
27474.9961
27474.9902
27475.0898
27475.1895
27475.1680
27475.2773
27475.4512
27475.2637
27475.4492
27475.4375
27475.6328
27475.3223
27475.2383
27475.2109
27475.4141
27475.3945
27475.5039
27475.2988
27475.3613
27475.3770
27475.3711
27475.3066
27475.3828
27475.3105
27475.5371
27475.6250
27475.5254
27475.6250
27475.6191
27475.6328
27475.7227
27475.8379
27475.9316
27475.7422
27475.9355
27475.9375
27476.0352
27475.9297
27475.8516
27475.7500
27475.6289
27475.6426
27475.6250
27475.6211
27475.5430
27475.7324
27475.6348
27475.7480
27475.7676
27475.8730
27476.0781
27476.2676
27476.3711
27476.3652
27476.2773
27476.1484
27476.1680
27476.1680
27476.1523
27476.2363
27476.1426
27475.9336
27476.0273
27475.9336
27475.9219
27475.9141
27475.8242
27475.6191
27475.3340
27475.4238
27475.1289
27475.2227
27475.2168
27475.0078
27475.0977
27474.9961
27474.9902
27475.1953
27475.0898
27474.9902
27475.1797
27474.9746
27475.1719
27475.1641
27475.1484
27474.9551
27475.1406
27475.3203
27475.2109
27475.2070
27475.1914
27475.0859
27475.0801
27475.2598
27475.3711
27475.0703
27475.0703
27474.9688
27474.9785
27475.0859
27475.0059
27475.1016
27475.0137
27475.1289
27475.0410
27475.2422
27475.1543
27475.1465
27475.1484
27475.1406
27475.3379
27475.3340
27475.3242
27475.3301
27475.4258
27475.4160
27475.5156
27475.6016
27475.6035
27475.5039
27475.5020
27475.5059
27475.5059
27475.5059
27475.5098
27475.5156
27475.6270
27475.6348
27475.5371
27475.5469
27475.3555
27475.1680
27475.1699
27475.1836
27475.1895
27475.0918
27475.1035
27475.1035
27475.1133
27475.1270
27475.1250
27475.1309
27475.1211
27475.1211
27475.2070
27475.2988
27475.2969
27475.1953
27475.2012
27475.1973
27475.0977
27474.9980
27474.9980
27474.8984
27475.0020
27474.9961
27475.0078
27474.9141
27475.0195
27474.9199
27474.9355
27474.9395
27474.9453
27474.9570
27474.8594
27474.8652
27474.6699
27474.7754
27474.7891
27474.7949
27474.8125
27474.7266
27474.8301
27474.9297
27474.9395
27474.8516
27474.9570
27475.0488
27474.9570
27475.0566
27475.1543
27475.1543
27475.2539
27475.3477
27475.3555
27475.3594
27475.5566
27475.6465
27475.7539
27475.7500
27475.8516
27475.7539
27475.6621
27475.6621
27475.6602
27475.5645
27475.5703
27475.6641
27475.6973
27475.6660
27475.5703
27475.4141
27475.1758
27475.3750
27475.2734
27475.3750
27475.2734
27475.1855
27475.2910
27475.3926
27475.4922
27475.5898
27475.5879
27475.6875
27475.5859
27475.5879
27475.5918
27475.5918
27475.6855
27475.7891
27475.7910
27475.6875
27475.5918
27475.5879
27475.6680
27475.7676
27476.0879
27476.1055
27476.1133
27476.0254
27475.8359
27475.6465
27476.0312
27475.8242
27475.8105
27475.7109
27475.4141
27475.2090
27475.2012
27475.0117
27474.9023
27475.0000
27474.9004
27474.9980
27475.0977
27475.1953
27475.5820
27475.7793
27475.8809
27476.0781
27476.1738
27476.0781
27475.9844
27475.9922
27475.9922
27475.8965
27475.8984
27475.8008
27475.8027
27475.6172
27475.5176
27475.4355
27475.4434
27475.5449
27475.6484
27475.6504
27475.6523
27475.6602
27475.6543
27475.7617
27475.6680
27475.5723
27475.5684
27475.6816
27475.7773
27475.7852
27475.8828
27475.9863
27476.1855
27476.2832
27476.5820
27476.5703
27476.6680
27476.5723
27476.5820
27476.5859
27476.3926
27476.3984
27476.3145
27476.3301
27476.3379
27476.3320
27476.3457
27476.3457
27476.2578
27476.0645
27476.0566
27475.9512
27475.9512
27475.8496
27475.7539
27475.8457
27475.8418
27475.9336
27475.9316
27475.9297
27475.8301
27475.7285
27475.7285
27475.6289
27475.7207
27475.8281
27475.8320
27475.9336
27476.1406
27476.1445
27476.2402
27476.3477
27476.4453
27476.3496
27476.3457
27476.3516
27476.3555
27476.2617
27476.2695
27476.0625
27475.9727
27475.8750
27475.9902
27476.0527
27476.1055
27476.1152
27476.2207
27476.4297
27476.6387
27476.7559
27476.8770
27476.8965
27476.7949
27476.8789
27476.5605
27476.5566
27476.4609
27476.5723
27476.6699
27476.7598
27476.9590
27476.8672
27476.9551
27476.8516
27476.8477
27476.8457
27476.8398
27476.9375
27477.0352
27477.1328
27477.3281
27477.3301
27477.6211
27477.6191
27477.4258
27477.5254
27477.5293
27477.4355
27477.1426
27477.1465
27477.1445
27476.9570
27477.1523
27477.1523
27476.9531
27476.9531
27476.9512
27476.9551
27476.9551
27476.7559
27476.6582
27476.5684
27476.3867
27476.3770
27476.4844
27476.4004
27476.3086
27476.4980
27476.1152
27475.9297
27475.9277
27476.3262
27476.3301
27476.1367
27476.3359
27475.8555
27476.1465
27476.1445
27475.9551
27475.9531
27476.2480
27476.1504
27475.9590
27475.9629
27475.6777
27475.9727
27476.1777
27475.7852
27476.1816
27476.2734
27475.9805
27475.8828
27476.3633
27476.0742
27476.2637
27476.3535
27476.2598
27476.4434
27476.6387
27476.5469
27476.2539
27476.3574
27476.2598
27476.2637
27476.3633
27476.2715
27476.1660
27476.0684
27476.1602
27476.0625
27476.1562
27476.2637
27476.2598
27476.4492
27476.5469
27476.6406
27476.8359
27476.7422
27476.7500
27477.0312
27476.9375
27476.8379
27477.0332
27476.7461
27476.9375
27476.7441
27476.7480
27476.7500
27476.8438
27476.5566
27476.7598
27476.5742
27476.4785
27476.3828
27476.2910
27476.2910
27476.2891
27476.3926
27476.5820
27476.3887
27476.3828
27476.4766
27476.4707
27476.2754
27476.3770
27476.1758
27476.0762
27476.0781
27476.0723
27476.0664
27475.9668
27476.0625
27476.1562
27475.9648
27476.0566
27476.6484
27476.6484
27476.4609
27476.7500
27476.4629
27476.5645
27476.5645
27476.4688
27475.9805
27475.8848
27475.8809
27475.5840
27475.7773
27475.7773
27475.8750
27476.1699
27476.1699
27476.5547
27476.7617
27476.4551
27476.6543
27476.6484
27476.6523
27476.5508
27476.4492
27476.2598
27476.3477
27476.1484
27476.4434
27476.5371
27476.5430
27476.5430
27476.5469
27476.3496
27476.1562
27476.1484
27476.2441
27476.1445
27475.9434
27476.0410
27476.1328
27476.4238
27476.7227
27476.9180
27477.0156
27477.4023
27477.3125
27477.2188
27477.2148
27477.2148
27477.2129
27477.1152
27477.0156
27476.8242
27477.0195
27477.1172
27477.0215
27477.1230
27476.9277
27476.7383
27477.0293
27477.0254
27476.9258
27477.0273
27477.0273
27476.8301
27477.0293
27477.4355
27477.4199
27477.4238
27477.9082
27477.9023
27477.8086
27477.8027
27477.9062
27477.9180
27477.8164
27477.9297
27478.0293
27478.1348
27478.0391
27478.1504
27478.1523
27478.2559
27478.0527
27477.9629
27478.0645
27477.6836
27477.7832
27477.6836
27477.7031
27477.7969
27477.4062
27477.3125
27477.5039
27477.4043
27476.9141
27477.1172
27477.4297
27477.3418
27477.3418
27477.5391
27477.5605
27477.5449
27477.4883
27477.5859
27477.5938
27477.5938
27477.2930
27477.4941
27477.4004
27477.2051
27477.1172
27477.1250
27477.1230
27477.0371
27477.1367
27476.9453
27477.1426
27476.7520
27476.7539
27476.8535
27476.8516
27476.7520
27476.7559
27476.7656
27476.9570
27476.7578
27477.1484
27476.8457
27476.9395
27476.9395
27476.9395
27477.0410
27477.0488
27477.0469
27477.0508
27477.3477
27477.1504
27477.4473
27477.4492
27477.7422
27477.5469
27477.6484
27477.9316
27478.1328
27478.3223
27478.4395
27478.4375
27478.1504
27478.2422
27477.9629
27478.0645
27478.3594
27478.6621
27478.6680
27478.8672
27479.0645
27479.2500
27479.3438
27479.3438
27479.7422
27479.8398
27480.0391
27480.1367
27479.9453
27480.0488
27480.1523
27480.2500
27480.3496
27480.3457
27480.3535
27480.0547
27480.4473
27480.5449
27480.3516
27480.3496
27481.0332
27482.0137
27482.2051
27482.0137
27482.0195
27481.9180
27482.4141
27482.9980
27482.9102
27482.8086
27482.9082
27482.6113
27482.9082
27482.9082
27483.0059
27483.0098
27483.2969
27483.4863
27483.7852
27483.8809
27483.6738
27483.6816
27483.8672
27483.8730
27483.8750
27483.5781
27483.3887
27483.3945
27483.2949
27483.2891
27483.1953
27483.1895
27482.8945
27482.9902
27483.0898
27483.1836
27483.2773
27483.3867
27483.4805
27483.8750
27483.8711
27484.1582
27484.0586
27484.3535
27484.6387
27484.8398
27484.8340
27485.1250
27485.1230
27485.3184
27485.2246
27485.4199
27485.2246
27485.3164
27485.6133
27485.4121
27485.6035
27485.5156
27485.6113
27485.5156
27485.5254
27485.6152
27485.5254
27485.6250
27485.7285
27485.8281
27485.7324
27486.0273
27485.9414
27485.8457
27486.1504
27486.1582
27486.4609
27486.3691
27486.1758
27486.7695
27486.5801
27486.4805
27486.4863
27486.7812
27486.8770
27486.7773
27487.2676
27487.2715
27487.0762
27487.1719
27487.3672
27487.4609
27487.5586
27487.7539
27487.7520
27487.9492
27487.7598
27488.0508
27488.0547
27488.3496
27488.5488
27488.7441
27488.6426
27488.7461
27488.9414
27489.2422
27489.4453
27489.5449
27489.7461
27489.8672
27489.9609
27490.4355
27490.6445
27490.4473
27490.5488
27490.9395
27491.1348
27491.4277
27491.3301
27491.5293
27491.6406
27492.0332
27491.9590
27492.2227
27492.5352
27492.7383
27492.6465
27492.9414
27493.0391
27492.8438
27493.0469
27492.8730
27492.9570
27493.0488
27492.9609
27493.0605
27493.3535
27493.4531
27493.2617
27493.5605
27493.7656
27493.8633
27493.9668
27494.1602
27494.2656
27494.3711
27494.6660
27494.5742
27494.8750
27494.7715
27494.5742
27495.1699
27494.9707
27494.7773
27495.3730
27495.8711
27495.4805
27495.7871
27495.9883
27495.6895
27495.8906
27495.9922
27496.3945
27496.6914
27496.6914
27496.9961
27497.2812
27497.3906
27497.5840
27498.2715
27498.2773
27498.2773
27498.7715
27498.5762
27498.8750
27498.9805
27498.9668
27498.8887
27498.9785
27499.1719
27498.9785
27499.2773
27499.0723
27499.4648
27499.5645
27499.8574
27499.9512
27499.9551
27499.7461
27499.9473
27500.0469
27499.6504
27499.9473
27500.0527
27499.6543
27499.7539
27499.5664
27499.5625
27499.4688
27499.3750
27499.3750
27499.3730
27499.4766
27499.5762
27499.5801
27499.6836
27499.6738
27499.5801
27499.6777
27499.7676
27499.5742
27499.1758
27499.2656
27499.3652
27499.1582
27498.9668
27499.1562
27499.3633
27499.3594
27499.2637
27499.1582
27499.1621
27498.7656
27498.6758
27498.6680
27498.4688
27498.3711
27498.2637
27497.9688
27497.8711
27497.6738
27497.5742
27497.0820
27497.0703
27496.4805
27496.3770
27496.5664
27496.5625
27496.4648
27495.8691
27496.1582
27496.3555
27496.2500
27496.6387
27496.7383
27497.0332
27497.3340
27497.6289
27497.7266
27497.8184
27497.7129
27497.6152
27497.4102
27497.0137
27497.1035
27497.2012
27497.3906
27497.3848
27497.4844
27497.4785
27497.1777
27497.3770
27497.0781
27496.7832
27496.8789
27496.6836
27496.5801
27496.7754
27496.8652
27497.0586
27496.8613
27497.1562
27497.2520
27497.4453
27497.0430
27497.4375
27497.2480
27497.3340
27497.3379
27497.4355
27497.5273
27497.3281
27497.2207
27497.1211
27497.1172
27497.1172
27496.9219
27496.8125
27496.6055
27496.4043
27496.0059
27495.9902
27495.5918
27495.4883
27495.2871
27495.3750
27495.2676
27495.2578
27494.8594
27494.8594
27494.6621
27494.7539
27494.6543
27494.2520
27493.8555
27494.1543
27494.0566
27494.0508
27494.0547
27494.0449
27494.1445
27494.5332
27494.4297
27494.3262
27494.2285
27494.3262
27494.2246
27494.4199
27494.3203
27494.6094
27494.2188
27494.4082
27494.5059
27494.5020
27494.4023
27494.3008
27494.0938
27494.2891
27494.0859
27493.8848
27493.6875
27493.7852
27493.6797
27493.6699
27493.6641
27493.6621
27493.5645
27493.6523
27493.4629
27493.5625
27493.2578
27493.2578
27493.1504
27493.2441
27493.1445
27493.2344
27493.0430
27493.1367
27492.9375
27493.2305
27493.1328
27493.3301
27493.2363
27493.2305
27493.3262
27493.4199
27492.9297
27493.2227
27492.8203
27492.7227
27492.7207
27492.7148
27492.6172
27492.8145
27492.9141
27492.9102
27493.1016
27493.0996
27492.8945
27492.8887
27492.6914
27492.6836
27492.4844
27492.4805
27492.4805
27492.4805
27492.3848
27492.3828
27492.1875
27492.3789
27492.0801
27491.8789
27491.9805
27492.1816
27492.1836
27492.0859
27491.9844
27492.2754
27492.0801
27491.8828
27491.5820
27491.6777
27491.3770
27491.4727
27491.2734
27491.5684
27491.6602
27491.9551
27491.9531
27492.0488
27491.6523
27491.5488
27492.0430
27492.3359
27492.2305
27492.9219
27493.2109
27493.0117
27492.6172
27492.0215
27491.1348
27490.6406
27489.4570
27489.0566
27489.5469
27489.6426
27489.2461
27488.7559
27488.6562
27488.4590
27488.1641
27487.5703
27487.3672
27487.1680
27487.1738
27486.8828
27486.7793
27486.7773
27486.1855
27486.2793
27486.1875
27485.8887
27485.5938
27485.1934
27485.1914
27485.2852
27484.7871
27484.1914
27483.9883
27483.7832
27482.9980
27482.7988
27481.7188
27481.8145
27482.1113
27482.0586
27481.6641
27480.9219
27481.4141
27481.3105
27481.2090
27481.4043
27481.6055
27481.6172
27481.4219
27481.5234
27481.4316
27481.2344
27481.2363
27481.2402
27480.7402
27480.6406
27481.0312
27480.8281
27480.4316
27480.1641
27480.0234
27480.0176
27479.8184
27479.6211
27479.7207
27479.4199
27479.4219
27479.3203
27479.5312
27479.3477
27479.4707
27479.2852
27479.0996
27479.2012
27479.2109
27479.2090
27479.0117
27478.6152
27478.3027
27478.3906
27478.3438
27478.1621
27477.9570
27478.1406
27477.7344
27477.8301
27477.6289
27477.2246
27477.0312
27476.7344
27476.7305
27476.9277
27476.5332
27476.7324
27476.9297
27476.9258
27477.4199
27477.4160
27477.8164
27477.9121
27477.7188
27477.2285
27477.5273
27477.3301
27477.2344
27476.9375
27477.4316
27477.1367
27477.1328
27477.5273
27477.9199
27477.0332
27477.7266
27477.6348
27477.7246
27477.3262
27477.1309
27477.6172
27477.1211
27477.0195
27477.0254
27477.1113
27477.0117
27477.1094
27477.1074
27476.1172
27475.6270
27476.4199
27475.6328
27475.4336
27476.1230
27475.8262
27475.6289
27475.8203
27475.4258
27475.5273
27475.4238
27475.0293
27475.2266
27475.0254
27474.8594
27474.7285
27474.7305
27474.7344
27474.5430
27474.9375
27474.7422
27474.5488
27474.0547
27473.7578
27473.5605
27473.3594
27472.8633
27472.9648
27473.1660
27472.5684
27472.3711
