28034.4023
28034.6035
28034.6289
28034.6484
28035.0957
28035.0176
28034.9102
28034.7422
28034.3652
28033.9414
28034.1348
28034.4512
28034.4727
28034.2715
28034.0449
28033.8926
28033.9121
28034.0371
28034.0156
28033.9102
28034.0625
28034.1934
28034.3613
28034.4336
28034.4922
28034.4434
28034.5215
28034.6309
28034.7148
28034.8672
28034.6992
28034.6445
28034.4434
28034.4180
28034.5645
28034.4160
28034.5410
28034.5410
28034.7832
28034.5098
28034.2344
28034.4297
28034.3066
28034.3770
28034.5488
28034.3750
28034.1270
28034.0781
28034.0996
28034.0996
28034.3926
28034.1719
28033.9707
28033.9434
28033.5762
28033.4004
28033.5684
28032.9531
28033.7891
28033.3672
28033.3457
28033.1973
28033.5391
28033.6133
28033.7109
28033.5645
28033.7637
28033.5625
28033.7617
28033.7871
28033.6406
28033.6406
28033.5938
28033.7383
28033.4434
28033.2031
28033.3008
28033.2070
28033.2324
28033.0645
28032.8887
28032.7676
28032.8145
28032.8203
28032.8203
28032.5254
28032.2559
28032.5977
28032.6230
28032.6289
28032.7344
28032.3555
28032.2754
28032.2324
28032.1055
28032.4004
28032.3672
28032.3457
28032.4609
28032.4121
28032.4805
28032.4316
28032.4277
28032.6465
28032.4453
28032.6445
28032.4727
28032.7383
28032.6914
28032.3906
28032.5371
28032.4160
28032.5352
28032.2363
28032.2891
28032.3887
28031.9473
28032.1660
28031.9453
28031.8184
28031.8125
28032.0586
28031.7578
28031.6367
28031.5898
28031.4199
28031.4004
28031.8145
28031.7598
28032.0547
28031.0918
28031.7734
28031.8418
28031.8613
28031.6875
28031.6875
28031.5664
28031.1973
28031.5176
28031.3164
28031.6367
28031.3789
28031.6504
28031.4902
28031.4629
28031.7109
28031.9297
28031.8086
28031.8359
28031.7559
28031.8535
28031.6484
28031.6016
28031.5000
28031.7109
28031.7188
28031.7188
28031.8926
28032.4121
28032.4102
28031.9961
28030.3125
28031.9688
28032.0742
28033.0820
28032.1055
28032.2070
28031.7109
28032.0195
28031.5762
28032.8516
28032.2656
28032.5664
28032.4727
28032.6172
28032.5781
28032.8223
28032.8945
28033.0898
28032.6016
28032.6152
28032.4336
28032.6387
28033.1582
28032.4316
28032.2695
28032.5234
28032.4707
28032.2891
28032.1484
28032.1680
28031.7285
28031.8750
28031.8203
28031.9805
28031.4668
28031.6953
28031.9316
28031.9863
28032.2383
28032.0117
28032.3848
28032.3359
28032.5820
28032.7773
28032.9219
28032.8750
28032.5078
28032.5742
28032.4746
28032.3730
28032.3203
28032.0645
28032.2930
28032.2656
28032.2461
28032.6387
28032.7637
28032.8555
28032.7285
28033.0957
28033.1875
28033.3359
28033.6543
28033.9473
28033.8613
28034.1055
28033.8398
28033.9121
28033.7637
28033.6367
28033.6562
28033.8574
28034.0293
28033.8301
28033.8027
28033.8750
28034.7266
28034.3809
28035.1328
28036.0859
28035.7930
28036.5996
28036.2109
28037.0430
28036.6582
28037.3359
28037.4082
28037.4082
28037.6270
28037.6738
28038.0664
28038.0938
28038.0645
28037.8906
28037.8164
28037.6230
28037.5957
28037.2012
28037.0020
28036.5352
28036.3145
28036.0137
28036.3047
28035.6934
28035.5918
28035.6387
28035.9570
28035.6113
28035.6562
28035.5566
28035.4277
28035.4824
28035.4062
28035.2598
28035.1680
28035.1133
28035.1855
28034.9375
28035.0645
28035.1758
28035.1953
28035.2891
28035.6016
28035.5039
28034.8672
28035.2324
28035.5508
28035.4121
28035.1445
28035.1973
28034.9844
28034.8652
28034.7910
28034.6426
28034.3438
28034.0430
28033.9688
28033.6934
28033.6484
28033.3945
28033.0469
28032.7656
28032.7578
28032.7852
28032.9297
28033.0488
28033.1875
28033.3320
28033.5254
28033.3262
28033.4980
28033.5977
28033.5762
28033.5762
28033.4902
28033.3965
28033.0840
28033.1367
28033.0371
28033.0371
28032.6973
28032.5957
28032.4492
28032.4746
28032.5020
28032.2070
28031.9805
28031.6523
28031.2598
28031.2051
28030.9258
28030.9980
28030.9707
28031.1367
28031.2422
28031.3613
28031.3145
28031.1758
28030.9023
28031.0273
28030.8145
28030.7949
28030.8027
28030.7090
28030.8359
28030.8359
28030.6797
28030.6797
28030.7461
28030.4707
28030.3516
28030.1328
28030.0859
28029.8379
28029.6992
28029.5254
28029.1328
28029.4062
28029.2598
28029.2383
28029.1387
28029.0371
28029.0840
28029.1016
28028.9746
28028.9473
28029.0469
28029.0664
28029.1934
28029.0664
28029.2910
28029.3184
28029.1191
28029.0977
28029.1055
28029.2031
28029.1230
28029.5254
28029.2031
28029.5254
28029.2910
28029.6367
28029.8359
28029.7168
28030.0234
28030.0977
28030.2227
28030.5488
28030.6152
28030.5488
28030.4941
28030.7480
28030.8926
28030.8281
28031.0430
28031.0449
28031.1680
28030.9883
28031.1680
28031.2480
28031.0684
28031.2285
28031.2285
28031.0820
28031.0000
28030.9258
28030.8984
28030.8711
28030.8184
28030.9375
28031.0820
28031.0273
28031.1738
28031.2734
28031.7578
28031.9492
28032.3418
28032.3145
28032.3867
28032.4590
28032.7500
28032.9668
28033.1133
28033.2129
28033.2852
28033.6504
28034.2422
28034.6348
28035.6211
28036.1113
28036.9590
28037.1328
28037.4980
28037.6699
28038.1523
28038.1719
28038.5156
28038.2617
28038.2617
28038.2148
28038.0605
28037.8867
28037.5938
28037.2402
28036.8203
28036.5273
28036.3066
28036.1621
28035.6953
28035.6309
28035.4844
28035.0840
28035.0547
28034.8633
28034.9277
28034.7617
28034.9805
28035.1348
28035.1797
28035.5781
28035.6055
28035.7324
28035.8047
28035.7578
28035.7578
28035.8848
28036.0840
28036.0371
28036.0176
28036.2637
28036.2344
28036.2344
28036.2793
28036.3340
28036.5879
28036.5879
28036.7129
28036.6855
28036.6035
28036.6309
28036.4570
28036.3555
28036.1562
28036.0098
28035.9082
28035.9082
28035.9336
28035.8809
28035.8516
28035.5977
28035.4980
28035.2773
28035.1504
28035.1055
28034.9297
28034.9570
28034.8652
28034.8008
28034.8555
28034.8535
28034.7539
28034.8066
28034.8320
28034.8418
28034.8867
28034.7871
28034.9316
28034.9121
28035.1406
28035.2578
28035.2031
28035.1484
28035.2461
28035.3652
28035.4375
28035.3926
28035.4902
28035.4180
28035.5000
28035.6699
28035.7148
28035.5703
28035.5410
28035.5684
28035.5410
28035.6406
28035.6133
28035.5391
28035.6387
28035.6289
28035.7305
28035.9746
28036.1191
28036.2109
28036.2090
28036.4277
28036.5098
28036.7617
28036.7988
28036.8965
28036.8789
28037.1055
28037.1133
28037.2129
28037.2578
28036.9121
28036.8848
28036.7832
28036.8027
28037.0020
28037.0723
28037.3906
28037.6816
28037.8984
28038.1172
28038.0898
28038.2812
28038.3535
28038.3984
28038.5234
28038.7246
28038.8691
28038.9219
28039.0488
28039.0938
28039.0488
28039.0020
28039.1465
28039.3652
28039.1465
28039.2910
28039.2188
28039.3184
28039.0254
28039.8711
28038.8535
28039.1875
28038.9590
28039.0410
28039.0684
28039.1934
28039.4844
28040.4297
28039.5566
28039.7109
28039.7832
28039.8008
28039.5547
28039.7617
28039.6074
28040.2793
28040.1973
28039.9609
28040.1973
28040.2246
28040.3945
28040.1309
28040.1758
28040.2031
28040.4922
28040.5664
28039.8652
28039.8164
28040.4902
28040.1738
28040.2441
28041.1348
28041.4785
28041.6699
28041.6973
28041.9414
28042.2305
28042.0586
28042.4668
28042.6836
28042.9453
28043.2812
28043.4551
28043.6426
28043.7617
28043.8789
28043.8691
28044.3320
28044.4395
28044.5840
28045.0293
28045.5195
28045.3906
28045.7812
28045.6797
28045.9961
28046.2422
28046.3398
28046.4844
28046.4844
28046.4395
28046.4922
28046.4746
28046.5742
28046.6914
28046.5996
28046.9434
28046.8809
28047.1621
28047.0234
28047.0703
28046.9141
28047.0312
28046.7578
28046.8750
28046.9023
28046.7383
28046.8652
28046.7363
28046.8359
28046.9082
28047.0801
28046.8164
28046.9883
28046.4961
28046.6699
28046.7422
28046.6211
28046.6758
28046.8223
28046.5859
28046.2656
28046.2832
28046.2559
28046.3008
28046.2734
28046.2266
28046.3887
28046.1152
28046.1973
28046.2871
28046.0410
28045.8672
28045.9395
28045.6934
28045.4473
28045.4023
28045.3281
28044.9551
28045.0273
28044.8730
28044.6094
28044.7695
28044.4980
28044.4062
28044.5781
28044.4512
28044.4766
28044.4766
28044.5586
28044.5762
28044.3848
28044.4746
28044.7461
28044.6719
28044.5781
28044.4082
28044.5801
28044.4512
28044.5801
28044.6406
28044.6777
28044.8125
28044.5215
28044.8848
28044.5664
28044.6465
28044.6191
28044.4629
28044.5176
28044.5527
28044.4902
28044.8047
28045.0332
28045.0488
28045.2949
28045.0039
28045.0137
28045.0293
28045.0840
28045.0742
28045.0918
28044.8906
28044.8184
28044.9180
28044.5996
28044.6719
28044.8613
28044.5801
28044.6895
28044.5898
28044.2793
28044.2422
28044.1484
28043.9980
28044.0312
28044.2480
28044.2207
28044.3926
28044.2461
28043.9941
28044.0723
28043.6816
28043.7812
28043.6914
28044.2891
28043.9160
28043.9609
28043.8594
28043.8809
28043.8965
28044.1074
28044.3965
28043.7148
28043.8047
28043.8496
28043.7773
28043.8418
28043.7656
28043.3809
28044.1152
28043.7324
28043.8320
28043.8027
28043.9648
28043.7031
28044.1445
28043.6621
28043.9082
28044.0234
28044.0781
28044.2793
28044.3320
28044.3047
28044.4492
28044.3105
28043.9355
28044.2090
28043.7734
28044.0391
28044.2344
28044.1348
28043.6621
28043.6680
28043.9863
28043.7598
28044.2305
28043.8574
28043.7734
28044.3008
28044.0000
28044.5000
28044.3242
28044.3516
28044.2480
28044.4648
28044.3203
28044.4648
28044.3359
28044.5195
28044.3730
28044.3652
28044.4473
28044.4746
28044.7090
28044.9121
28044.8066
28044.3789
28044.3066
28045.0566
28044.8496
28045.1387
28044.8398
28044.9980
28045.0703
28045.0527
28045.0957
28045.0801
28045.1504
28045.3672
28045.5840
28045.2383
28046.3789
28046.5918
28045.9316
28046.5371
28046.1094
28046.4746
28046.1914
28046.6172
28046.4004
28046.6152
28046.6699
28046.9160
28047.3262
28047.5078
28047.9512
28048.0078
28048.0840
28048.1738
28048.0625
28047.9434
28047.9258
28048.0254
28048.1250
28047.6680
28047.3457
28048.1680
28048.0215
28048.2383
28048.2930
28048.0195
28048.2812
28048.0645
28048.5234
28048.4062
28048.6387
28048.4316
28048.7598
28048.6445
28048.5859
28048.3301
28048.6016
28048.2285
28048.5020
28048.6270
28048.3828
28048.5996
28048.3809
28048.6523
28048.5801
28048.8125
28048.9395
28048.8496
28048.3340
28049.1270
28049.5566
28049.0801
28048.8066
28049.0195
28048.7012
28048.7441
28048.5879
28048.8535
28048.7715
28048.9961
28048.8848
28048.6973
28048.6953
28048.7227
28048.7500
28048.7656
28048.6934
28048.9355
28048.8184
28048.8066
28048.8184
28048.5781
28049.0508
28048.8379
28048.9492
28048.5488
28048.7363
28048.4629
28048.4062
28048.7969
28048.1602
28048.0312
28048.2207
28047.8867
28047.9492
28048.6074
28047.8301
28047.6270
28047.5879
28047.4824
28047.4102
28047.2363
28047.0195
28047.5117
28047.0234
28046.9785
28047.0938
28047.1836
28047.1543
28046.8359
28047.1250
28046.8789
28046.9941
28047.1172
28046.9980
28046.9258
28046.9980
28046.4414
28046.5684
28046.4824
28047.0605
28046.6816
28046.9688
28046.5801
28046.9551
28046.5664
28046.5215
28046.5645
28046.6094
28046.6191
28047.1094
28046.9902
28046.7793
28047.0059
28046.9043
28046.9043
28047.0039
28046.9863
28046.9023
28047.0840
28047.0195
28046.9043
28047.0723
28047.2754
28047.0801
28046.9414
28047.0234
28047.0840
28046.8945
28047.0117
28047.2500
28047.2773
28047.2637
28047.4473
28047.4336
28047.5176
28047.7324
28047.6211
28047.6035
28047.8027
28047.5352
28047.6855
28048.2324
28048.4434
28048.3477
28047.9707
28047.7754
28046.9551
28047.5254
28047.4395
28047.7227
28047.5664
28047.5664
28047.6328
28047.7656
28047.8086
28047.8359
28047.6660
28047.8184
28048.0312
28047.9434
28047.8594
28048.0293
28048.0859
28048.1406
28048.0840
28048.2500
28048.5078
28048.4863
28048.2637
28048.2598
28048.4316
28048.2305
28049.2227
28048.6699
28048.8398
28049.2129
28049.2383
28049.0137
28048.9707
28048.7676
28048.9277
28048.9551
28048.9980
28048.8828
28048.9375
28048.9355
28048.5938
28048.8340
28049.0059
28049.3320
28049.1758
28049.1191
28048.9473
28048.8457
28049.3008
28049.0293
28049.3262
28049.2832
28049.6699
28049.6523
28049.7109
28049.9590
28049.8418
28049.8691
28049.9688
28049.7109
28050.0430
28049.9219
28050.2246
28050.4121
28050.4395
28050.5547
28050.7695
28051.2129
28051.3281
28050.9512
28051.3945
28051.4941
28051.6328
28051.8926
28051.6914
28052.1504
28052.2051
28052.1035
28052.0586
28052.2617
28052.1582
28052.2891
28052.1445
28052.1074
28052.4707
28052.5254
28052.5957
28052.7402
28052.5098
28052.6660
28052.6816
28052.8086
28052.9219
28052.9355
28053.0371
28052.4609
28052.8789
28052.7910
28052.6895
28052.6055
28052.7480
28052.4902
28052.6504
28052.3047
28052.6074
28051.9336
28052.0801
28052.1211
28052.1211
28051.8789
28051.7070
28051.8496
28051.8652
28051.8066
28051.5215
28051.5234
28051.5684
28051.4062
28051.4648
28051.2070
28050.9375
28051.0938
28051.0371
28051.1777
28051.0078
28051.1191
28051.1484
28051.0469
28050.9590
28050.8301
28050.5859
28050.6719
28050.5273
28050.4688
28050.3965
28050.3086
28050.0801
28049.9922
28049.9355
28050.0332
28049.9355
28049.8750
28049.7617
28049.7324
28049.7598
28049.3281
28049.4141
28048.7109
28048.8535
28048.3066
28048.1738
28048.0469
28047.7441
28047.7305
28047.5156
28047.1426
28046.8691
28046.8848
28046.7832
28046.7266
28046.7676
28046.4238
28046.3477
28045.9199
28046.0625
28045.9473
28045.6016
28045.3887
28045.1426
28045.2578
28045.2559
28045.1543
28044.8965
28044.8672
28044.6387
28044.4219
28044.3203
28044.0488
28043.6309
28043.8457
28043.4727
28043.0996
28042.9121
28042.4375
28042.2656
28041.8340
28041.7891
28041.3867
28041.4414
28041.1133
28041.2383
28041.1816
28040.9668
28040.9375
28040.6367
28040.6914
28040.5195
28040.2324
28040.0898
28039.9453
28040.0020
28039.6875
28039.7734
28039.6719
28039.7715
28039.6836
28039.3672
28038.9688
28039.3516
28039.0625
28038.8359
28038.9766
28038.7051
28038.8613
28038.5449
28038.4883
28038.4160
28037.9844
28037.9707
28038.0703
28037.5391
28037.7246
28037.7090
28037.6230
28037.5078
28037.0918
28037.2617
28037.2480
28037.4629
28037.4453
28037.1582
28037.1582
28037.3848
28037.2695
28037.2422
28036.8828
28037.2520
28037.3242
28037.3809
28037.1641
28037.1484
28037.4199
28037.5762
28037.5469
28037.6035
28037.6035
28037.9180
28037.8887
28037.7578
28037.7559
28037.6836
28037.8711
28037.5527
28037.9375
28037.6797
28037.7773
28038.0215
28037.9355
28038.1758
28038.3320
28038.3027
28038.1738
28038.0156
28037.9141
28037.6992
28037.9980
28037.8125
28037.8125
28037.9961
28037.9238
28038.1504
28038.5371
28038.4082
28038.5215
28038.4219
28038.3926
28038.4902
28038.0039
28038.3301
28038.5449
28038.6016
28038.4727
28038.3145
28038.4863
28038.6836
28038.7266
28038.8691
28038.6660
28038.9102
28038.8242
28038.9492
28038.7773
28039.1348
28039.0898
28039.1738
28039.2461
28039.2598
28039.2441
28039.2285
28039.0293
28038.9844
28039.0840
28039.3125
28039.2129
28039.1973
28039.0391
28039.0234
28038.8086
28038.9805
28039.0059
28038.9062
28039.1777
28039.1328
28039.2773
28039.1035
28038.9316
28039.0020
28038.9453
28038.4297
28038.4297
28038.3867
28038.7441
28038.6855
28038.6992
28038.6992
28038.7832
28038.7969
28038.8398
28038.8828
28039.0664
28039.1367
28039.0371
28039.3223
28039.2539
28039.2363
28038.9922
28039.0059
28038.7773
28038.8770
28038.6621
28039.0469
28038.8320
28038.9609
28039.0176
28039.1875
28038.8438
28038.9004
28038.8848
28039.1855
28038.9980
28039.0137
28039.1543
28038.9824
28038.9297
28039.1113
28038.8535
28039.0938
28038.8809
28039.0938
28039.1211
28039.0781
28038.8789
28039.0195
28039.3066
28039.0059
28039.1484
28039.1035
28039.2480
28039.2461
28038.9180
28039.0176
28039.0586
28038.9590
28039.1426
28039.5137
28039.5137
28039.5273
28039.3848
28039.6699
28039.4824
28039.5684
28039.7539
28039.8105
28039.6953
28040.0371
28040.1094
28040.1367
28040.1504
28040.2363
28040.2363
28040.3066
28040.5059
28040.3633
28040.7051
28040.7188
28040.5898
28040.5742
28040.9297
28040.9160
28040.9727
28040.8867
28040.8848
28040.9277
28040.9707
28040.8262
28041.1250
28041.0684
28041.1953
28041.0527
28041.1523
28041.4375
28041.3789
28041.3789
28041.2500
28041.2070
28041.2930
28041.4336
28041.4336
28041.2461
28041.3613
28041.4883
28041.3320
28041.6582
28041.5586
28041.3574
28041.9004
28041.5996
28041.5840
28041.3711
28041.8398
28042.0254
28041.8809
28041.8809
28041.9805
28041.8379
28041.8633
28042.1367
28042.1914
28042.1211
28042.5195
28042.0781
28042.2617
28042.2617
28041.9199
28041.8340
28041.8906
28041.4766
28041.8340
28041.9902
28042.0488
28042.1055
