28003.7598
28003.8164
28004.4121
28004.3145
28004.6855
28004.4961
28004.3418
28004.3770
28004.7949
28004.7285
28004.4922
28004.3320
28004.6191
28005.1992
28005.0859
28005.3711
28005.3809
28005.5977
28005.6680
28005.6387
28005.5684
28005.7559
28005.5742
28005.6836
28005.4395
28005.4473
28005.1934
28005.2578
28005.0586
28005.0293
28004.8066
28004.6602
28004.7402
28004.9492
28004.5801
28004.3047
28004.4141
28004.2832
28004.3477
28004.4258
28004.7793
28005.0273
28005.0137
28004.9531
28004.8613
28004.9395
28004.7695
28004.5859
28004.5879
28004.2871
28004.4883
28004.0293
28003.9902
28003.7617
28003.3066
28003.4922
28003.5391
28003.3164
28003.5312
28003.8867
28003.9570
28003.5098
28003.2031
28003.2969
28003.0508
28002.7676
28003.1426
28002.9043
28003.1504
28003.2422
28003.8086
28003.8711
28004.1309
28004.3848
28004.5371
28003.8438
28003.9668
28003.9590
28003.3672
28002.9121
28002.3281
28001.6270
28001.1191
28000.5977
28000.5449
28000.0762
27999.7441
28000.0430
27999.9570
27999.3125
27999.1328
27998.9922
27999.3809
27999.5176
27999.5918
27999.9277
28000.0781
27999.9922
27999.8516
27999.6445
27999.9512
27999.6035
27999.2637
27998.8574
27998.2285
27997.8652
27997.8047
27997.3750
27997.1309
27997.3750
27997.2285
27997.0430
27997.2480
27997.3223
27996.9219
27996.8281
27996.8008
27996.4531
27996.6445
27996.7773
27996.6445
27996.8652
27996.3242
27996.5391
27996.2305
27995.8770
27995.4609
27995.3770
27995.1289
27994.9219
27995.1426
27995.4141
27995.0938
27995.1406
27995.2793
27995.2988
27995.4590
27995.6035
27995.2695
27995.6758
27995.3008
27995.5137
27995.5547
27995.8145
27995.4531
27995.6328
27995.5176
27995.1777
27995.4648
27995.3027
27995.0488
27995.0566
27994.8828
27994.4297
27994.0742
27993.5742
27993.4277
27993.6133
27993.1133
27992.7461
27993.0449
27992.7129
27993.1738
27993.0156
27993.3945
27993.2480
27992.5820
27992.8008
27992.9219
27992.9551
27993.1348
27993.1172
27993.3301
27993.2754
27993.4570
27993.6914
27994.0723
27994.6973
27994.9375
27995.0586
27995.1934
27995.5938
27995.6016
27995.4062
27995.5605
27995.7617
27997.5742
27997.7559
27997.8438
27997.5508
27997.4316
27997.7031
27997.7969
27998.0195
27997.9961
27998.1445
27998.4141
27999.3301
27998.6387
27998.6855
27998.2852
27998.2637
27998.0938
27998.3164
27998.1953
27998.3770
27998.4199
27998.5020
27999.1562
27999.3223
27999.8047
28000.4590
28000.7363
28000.4375
28001.0859
28000.9922
28001.2051
28000.9160
28000.7344
28000.1934
28000.2422
27999.6016
27999.7969
27999.6445
27999.4863
27999.0156
27998.9336
27998.9805
27998.4883
27998.1992
27997.9062
27997.4238
27997.0234
27996.5879
27996.4004
27995.9648
27996.0293
27995.7402
27995.4648
27995.1699
27995.2344
27995.3867
27995.0918
27995.0605
27995.0742
27994.9746
27994.9219
27995.2324
27995.5098
27995.5098
27995.8945
27996.5020
27996.3906
27996.4961
27996.5371
27996.5391
27996.2812
27996.2871
27996.2871
27996.1250
27996.3242
27996.2148
27995.8105
27995.9629
27995.9668
27996.3223
27996.5645
27996.3594
27996.4551
27996.4023
27996.5820
27996.5684
27996.6426
27997.2676
27997.8730
27998.6895
27998.6367
27998.4551
27998.2969
27998.7031
27999.1719
27999.4629
27999.0840
27999.0762
27998.7129
27998.8711
27998.9395
27999.3926
27999.3496
27999.7129
28000.1855
28000.3027
28000.7598
28000.5605
28000.3516
28000.3457
28000.6621
28000.6191
28000.5625
28000.6777
28000.4766
28000.3789
28000.3789
28000.4941
28000.9473
28001.0469
28001.5527
28001.0234
28000.9668
28001.0156
28001.3301
28001.4863
28001.5312
28001.3867
28001.3262
28001.4355
28001.2266
28001.1230
28000.9141
28001.0625
28000.9590
28000.8555
28000.8379
28000.7539
28000.8652
28000.9746
28001.0801
28001.2324
28001.3848
28001.5410
28001.6504
28001.7090
28001.9570
28002.0566
28002.2676
28002.4141
28002.4668
28002.6113
28002.7734
28003.0254
28003.1816
28003.2285
28003.2344
28003.3867
28003.5879
28003.6836
28003.6836
28003.5273
28003.5234
28003.4238
28003.4336
28003.5332
28003.7363
28003.7383
28003.7910
28003.8906
28003.8438
28003.8945
28003.9395
28003.7871
28003.7871
28003.7832
28003.8848
28003.8809
28003.8770
28003.8262
28003.7773
28003.7695
28003.6699
28003.5703
28003.5195
28003.6191
28003.6270
28003.8320
28003.6758
28003.4805
28003.2773
28003.4336
28003.5371
28003.4941
28003.8457
28003.8457
28004.0391
28004.0312
28003.9766
28004.0762
28004.1797
28004.4395
28004.6973
28004.7090
28004.6094
28004.6094
28004.4531
28004.4980
28004.3438
28004.2910
28004.3398
28004.5352
28004.7402
28004.7422
28004.7422
28004.5879
28004.6387
28004.6914
28004.5312
28004.3809
28004.2168
28004.0156
28003.9844
28004.1758
28004.3320
28004.5449
28004.5957
28004.4375
28004.2812
28004.2812
28004.4395
28004.3359
28004.6445
28004.6992
28004.7480
28004.8477
28004.9004
28004.9043
28004.6016
28004.7051
28004.8086
28004.5566
28004.8164
28004.8164
28004.9707
28004.7715
28004.7266
28004.5820
28004.7402
28004.7988
28004.6934
28004.6484
28004.5469
28004.3438
28004.4414
28004.4941
28004.3398
28004.3340
28004.4805
28004.4746
28004.5215
28004.7148
28004.8633
28005.0156
28004.9668
28005.0703
28005.0703
28004.8691
28004.8164
28004.6113
28004.3574
28004.2539
28004.0449
28003.7930
28003.9434
28004.0938
28003.8867
28003.9883
28004.0332
28004.0801
28004.1289
28004.1738
28004.1719
28004.2188
28004.2617
28004.5625
28004.3027
28004.1465
28004.0352
28003.7852
28003.6367
28003.5840
28003.4844
28003.3730
28003.3691
28003.2148
28003.2188
28003.1738
28002.9219
28002.9238
28002.9336
28002.5293
28002.5781
28002.4805
28002.5312
28002.1777
28002.2832
28002.2852
28002.2422
28002.3496
28002.4551
28002.9648
28002.7695
28003.2363
28003.3379
28003.3945
28003.4004
28003.3535
28003.5645
28003.7227
28003.7793
28003.7344
28003.4355
28003.3379
28003.4805
28003.4316
28003.3379
28003.1875
28003.2871
28003.1406
28003.2383
28003.2383
28003.3398
28003.1445
28003.2012
28003.3613
28003.7168
28003.9141
28003.9238
28004.0742
28004.0781
28004.1875
28004.4941
28004.6484
28004.6016
28004.7539
28004.8047
28004.8027
28004.8555
28004.5566
28004.6543
28004.6992
28004.7461
28004.5918
28004.5449
28004.5879
28004.3848
28004.2832
28004.0312
28003.6250
28003.5254
28003.4219
28003.2148
28003.3613
28003.4141
28003.2656
28003.1172
28003.2676
28003.2168
28003.4141
28003.6152
28003.4160
28003.5625
28003.6113
28003.9590
28004.0059
28003.9551
28003.8008
28003.6016
28003.6953
28003.4473
28003.6934
28003.7422
28003.7930
28003.9473
28004.2500
28004.6562
28004.8574
28005.1074
28005.1074
28004.9551
28004.8535
28004.9023
28004.9492
28005.1484
28005.3965
28005.3477
28005.3008
28005.5469
28005.7930
28005.7910
28005.7441
28005.8945
28005.8418
28005.6895
28005.5391
28005.4863
28005.3848
28005.5840
28005.6328
28005.7324
28005.9316
28006.1328
28006.0840
28006.2344
28006.0820
28005.9805
28005.9277
28005.6758
28005.4238
28005.2695
28005.2168
28005.1680
28005.1719
28005.2754
28005.3750
28005.3770
28005.4297
28005.3809
28005.3320
28005.3809
28005.1836
28005.4336
28005.4355
28005.2852
28005.3340
28005.2363
28005.1855
28005.1387
28005.2910
28005.1914
28005.1406
28004.8438
28004.9434
28005.0469
28005.1465
28005.0977
28005.1484
28005.0996
28005.1504
28005.3984
28005.5000
28005.4512
28005.6992
28005.6992
28005.8516
28005.8535
28005.9023
28006.2031
28006.0059
28006.2051
28006.1562
28006.2578
28006.3066
28006.2578
28006.1582
28006.1562
28006.3574
28006.3574
28006.3594
28006.5098
28006.5586
28006.7070
28006.8594
28006.9590
28007.1094
28007.2617
28007.4609
28007.4121
28007.5605
28007.8613
28007.8125
28007.5605
28007.8125
28008.0117
28007.7656
28007.9648
28007.8652
28008.0176
28007.9160
28008.0176
28008.1172
28007.7676
28008.0195
28008.0723
28007.8730
28008.0234
28008.0742
28008.0781
28007.9766
28007.8281
28007.5781
28007.7285
28007.7773
28008.0273
28007.9805
28008.0801
28008.2305
28008.3809
28008.3320
28008.3340
28008.3340
28008.3340
28008.3848
28008.0352
28008.0859
28008.2383
28008.1895
28008.2070
28008.2402
28008.2910
28008.0898
28007.7422
28007.8926
28007.6934
28007.7949
28007.4941
28007.5449
28007.8457
28007.7969
28008.0977
28007.8496
28008.0996
28008.1484
28008.1504
28008.0508
28008.0020
28007.5020
28007.6523
28007.6543
28007.7031
28007.9551
28008.0059
28008.3066
28008.0078
28008.0078
28008.0078
28008.1582
28008.2090
28008.3105
28008.2598
28008.5605
28008.4609
28008.7129
28008.5137
28008.5156
28008.4668
28008.6172
28008.2676
28008.1680
28008.6191
28008.1172
28008.4688
28008.6699
28008.6211
28008.4727
28008.3711
28008.3242
28008.3262
28008.6270
28008.3262
28008.4277
28008.2754
28008.6289
28008.5293
28008.6289
28008.3301
28008.6777
28008.6309
28008.5801
28008.4805
28008.3301
28008.8281
28008.3301
28008.5312
28008.1816
28008.5312
28008.2832
28008.4316
28008.4336
28008.2344
28008.2832
28008.2832
28008.1816
28008.7324
28008.4824
28008.6836
28008.6855
28008.4844
28008.6387
28008.7852
28008.6875
28008.7891
28008.8906
28008.7930
28008.7949
28008.4922
28008.3965
28008.3438
28008.4961
28008.6465
28008.7441
28008.7480
28008.8965
28008.6465
28008.9004
28008.6504
28008.4492
28008.1348
28008.0508
28008.0547
28008.1035
28008.1074
28008.5039
28008.5059
28008.2070
28008.3105
28008.2090
28008.2617
28008.2109
28007.7617
28008.1621
28008.1113
28008.2109
28008.1094
28008.4609
28008.3145
28008.4629
28008.4121
28008.3652
28008.3184
28008.3203
28008.3164
28008.2246
28008.3242
28008.3242
28008.1777
28008.2285
28008.0254
28008.0801
28007.9258
28007.7773
28007.4238
28007.8262
28007.8281
28007.5273
28007.8281
28007.7773
28008.1309
28007.9316
28008.1328
28008.1855
28008.0859
28008.0879
28008.6387
28008.4863
28008.9922
28008.9863
28008.7871
28009.0352
28008.9336
28009.0859
28009.2324
28009.4805
28009.3789
28009.3750
28009.4258
28009.5742
28009.4766
28009.6738
28009.8203
28009.9180
28009.9668
28009.9199
28009.9648
28010.2109
28010.4609
28010.3105
28010.2559
28010.4570
28010.5117
28010.5566
28010.7051
28010.8535
28011.2559
28011.6074
28012.0039
28012.1562
28012.2051
28012.5527
28012.7969
28012.6992
28013.1387
28013.5801
28013.0898
28012.6953
28012.8945
28013.0977
28013.2969
28013.2441
28013.5430
28013.5938
28013.3984
28013.6895
28013.6953
28013.5391
28013.8945
28014.3438
28014.6543
28014.9648
28015.3184
28015.2695
28015.2988
28015.4082
28015.6055
28015.4043
28015.4082
28015.3965
28015.6445
28015.5430
28015.4492
28015.6934
28015.4980
28015.6484
28015.7539
28015.9473
28015.9004
28015.9023
28015.8008
28016.0020
28016.1914
28016.1445
28016.5000
28016.2559
28016.6543
28017.1562
28017.1582
28017.1777
28016.9727
28016.9531
28016.9570
28016.9062
28017.1621
28017.3652
28017.4766
28017.9199
28018.0820
28018.0801
28017.8262
28017.8223
28017.7773
28017.6230
28017.7715
28017.7695
28017.4707
28017.4727
28017.2188
28017.1211
28017.0195
28017.0801
28017.0801
28017.0195
28017.1133
28017.2617
28016.9590
28017.1641
28017.0586
28017.0137
28017.2051
28016.9004
28017.1035
28016.7012
28016.7402
28016.7969
28016.5918
28016.4863
28016.5410
28016.5801
28016.8359
28016.6797
28017.0879
28017.1328
28017.5352
28017.5391
28017.7930
28017.9395
28018.2441
28018.0898
28018.4941
28018.5078
28018.1074
28018.3633
28018.5625
28018.5723
28018.9336
28018.7422
28019.0469
28019.2070
28019.4688
28019.2754
28019.5762
28019.3281
28019.1328
28019.3340
28019.2812
28019.0352
28018.8340
28018.6289
28018.7285
28018.7285
28018.7227
28018.7266
28018.4785
28018.5820
28018.5273
28018.5840
28018.3867
28018.7383
28018.9980
28019.1035
28019.2031
28019.3516
28019.6133
28019.4629
28019.9082
28020.0156
28020.2305
28020.4766
28020.7969
28021.0996
28021.1543
28021.4062
28021.3145
28021.2148
28021.4160
28021.1719
28021.2773
28021.2207
28021.1230
28020.7129
28020.9766
28021.1660
28020.7578
28020.6035
28020.5723
28020.9199
28020.5723
28020.1074
28020.2617
28020.5195
28020.4824
28020.5312
28020.2832
28020.1445
28019.9941
28019.8965
28019.9941
28019.8594
28019.8457
28019.7441
28019.7383
28020.1914
28019.9316
28019.9766
28019.8809
28020.0176
28019.8633
28019.5156
28019.5586
28019.4922
28019.1289
28019.4336
28019.6348
28019.4180
28019.5156
28019.6152
28019.6680
28019.9199
28019.8203
28020.2324
28019.5762
28019.8223
28019.6660
28020.0410
28020.2324
28020.3926
28020.3809
28020.4336
28020.3652
28020.0742
28019.6836
28019.8223
28019.6797
28019.7715
28019.4766
28019.6211
28019.6719
28020.0371
28020.0859
28020.1914
28019.8535
28020.0137
28019.8672
28019.8027
28019.9629
28020.2129
28020.4180
28020.3320
28020.4141
28020.5801
28020.5762
28021.0371
28021.1035
28021.1055
28021.1016
28020.8438
28021.1074
28020.9121
28020.9609
28020.8965
28021.2480
28021.3047
28021.2070
28021.4844
28021.6895
28021.7227
28021.8145
28021.7734
28022.0254
28022.4258
28022.8164
28022.7559
28022.5039
28022.3477
28022.2852
28021.9297
28021.7852
28021.7441
28021.6250
28021.2246
28021.1406
28021.0781
28021.0273
28021.2227
28021.3047
28021.0664
28020.5234
28020.9473
28020.6621
28020.4863
28020.8203
28021.4277
28020.8145
28021.1191
28020.6348
28020.7422
28020.4785
28021.5371
28021.4863
28021.7109
28021.5078
28021.0977
28020.6465
28020.3359
28020.2520
28020.0527
28020.1680
28020.0684
28019.8008
28019.6016
28019.5488
28019.5293
28019.9922
28019.8984
28019.9355
28019.6875
28019.5195
28019.8301
28019.8359
28019.7324
28019.6484
28020.0645
28019.8281
28020.1758
28019.9707
28020.1875
28020.3730
28020.1465
28019.9785
28019.8887
28019.5176
28019.5215
28019.5273
28019.0664
28019.0020
28018.3125
28018.4023
28018.1621
28017.9258
28018.0781
28018.0898
28017.5801
28017.0938
28017.2051
28017.3594
28017.1113
28017.3418
28017.7227
28017.9512
28017.7520
28018.1152
28017.7871
28016.9609
28016.3203
28016.5273
28016.9863
28017.5508
28017.3574
28017.4102
28017.6758
28017.4707
28017.8887
28017.7305
28017.3008
28016.9902
28016.8750
28016.2402
28016.0703
28016.0703
28016.6055
28016.2891
28016.8281
28017.5176
28017.1250
28017.2246
28017.2559
28017.4453
28018.2871
28018.1465
28017.9180
28018.0117
28017.6562
28018.0801
28017.6797
28017.9707
28017.6895
28017.8711
28017.6270
28017.5918
28017.9395
28017.5410
28017.7227
28017.4492
28017.4629
28017.2500
28017.3301
28017.3359
28017.1758
28017.1816
28017.2949
28017.1562
28016.6504
28015.7734
28015.0566
28015.2168
28016.2871
28018.3730
28019.6973
28020.4551
28020.3750
28019.7520
28019.2812
28018.7852
28018.1289
28017.8027
28017.0195
28016.6016
28015.9707
28015.4668
28015.5742
28015.2754
28015.2031
28015.1309
28015.2773
28014.8262
28015.0137
28014.5566
28014.4316
28014.4863
28014.1211
28014.2148
28013.8223
28013.5645
28013.7051
28013.6133
28013.7148
28013.4688
28013.2578
28013.0059
28012.6074
28012.6543
28012.5684
28012.7246
28012.0117
28011.8066
28011.5742
28011.0684
28011.1699
28010.5703
28010.6055
28010.5059
28010.3145
28010.8301
28011.3105
28011.6406
28011.8750
28011.5957
28011.5371
28011.3711
28011.1055
28011.2461
28010.8789
28010.8535
28010.3828
28010.3574
28009.6777
28009.7969
28009.5840
28009.7012
28009.4414
28009.5625
28009.6699
28009.1055
28008.3984
28008.3242
28007.6094
28007.3613
28007.2637
28007.4824
28007.7168
28007.4180
28007.1504
28007.0059
28007.0605
28006.7930
28006.9941
28006.8730
28007.1074
28007.1680
28007.2227
28007.2500
28007.4648
28007.2520
28006.7988
28006.4082
28006.1777
28006.1641
28005.7656
28005.9902
28005.6680
28005.5137
28005.4844
28005.1309
28004.8926
28004.7871
28004.7402
28004.9258
28004.8203
28004.6836
28004.5664
28004.9062
28005.0137
28005.0391
28005.0000
28005.0625
28005.1797
28005.2715
28005.1660
28004.9668
28004.2520
28004.0527
28003.8613
28004.1777
28004.4023
28004.4258
28004.0957
28003.8281
28003.6758
28003.9902
28004.1250
28003.9180
28004.0117
28004.0273
28003.9688
28003.5781
28004.0156
28004.0703
28003.9785
28004.0723
28003.6289
28003.7676
28003.9238
28003.8242
28003.9102
28003.4414
28003.5664
28003.3965
28003.4902
28003.1914
28003.5312
28003.2559
28003.3477
28003.1504
28003.4121
28003.4141
28003.3145
28003.3867
28002.9707
28003.4629
28003.1953
28002.8789
28002.5566
28002.3262
28002.3867
28002.3418
28002.3574
28002.3223
28002.7715
28002.9023
28002.9199
28002.9902
28002.9746
28003.0000
28003.0469
28003.0488
28002.9961
28003.2500
28003.1445
28003.1699
28003.2910
28003.2637
28003.2266
28003.2910
28003.2383
