 -11.2493
 -11.4799
 -11.7066
 -11.9436
 -12.1722
 -12.3984
 -12.6179
 -12.8375
 -13.0614
 -13.2737
 -13.4937
 -13.7051
 -13.9212
 -14.1366
 -14.3505
 -14.5627
 -14.7787
 -14.9938
 -15.2075
 -15.4287
 -15.6465
 -15.8681
 -16.0845
 -16.3024
 -16.5216
 -16.7399
 -16.9546
 -17.1659
 -17.3704
 -17.5673
 -17.7669
 -17.6875
 -17.6070
 -17.5285
 -17.4490
 -17.3721
 -17.2946
 -17.2160
 -17.1406
 -17.0657
 -16.9877
 -16.9072
 -16.8202
 -16.7337
 -16.6474
 -16.5648
 -16.4811
 -16.3979
 -16.3157
 -16.2310
 -16.1499
 -16.0653
 -15.9755
 -15.8857
 -15.7943
 -15.7033
 -15.6125
 -15.5241
 -15.4251
 -15.3240
 -15.2219
 -15.1236
 -15.0206
 -14.9258
 -14.8290
 -14.7323
 -14.6427
 -14.5668
 -14.4963
 -14.4356
 -14.3894
 -14.3474
 -14.3179
 -14.2900
 -14.2694
 -14.2531
 -14.2381
 -14.2219
 -14.2107
 -14.2013
 -14.1875
 -14.1738
 -14.1577
 -14.1464
 -14.1368
 -14.1239
 -14.1096
 -14.1003
 -14.0923
 -14.0861
 -14.0791
 -14.0695
 -14.0668
 -14.0625
 -14.0572
 -14.0510
 -14.0438
 -14.0393
 -14.0284
 -14.0182
 -14.0047
 -13.9861
 -13.9654
 -13.9446
 -13.9285
 -13.9108
 -13.8938
 -13.8800
 -13.8695
 -13.8551
 -13.8408
 -13.8291
 -13.8230
 -13.8148
 -13.8075
 -13.8084
 -13.8109
 -13.8184
 -13.8232
 -13.8342
 -13.8496
 -13.8634
 -13.8767
 -13.8947
 -13.9025
 -13.9163
 -13.9274
 -13.9355
 -13.9338
 -13.9250
 -13.9062
 -13.8808
 -13.8467
 -13.8066
 -13.7683
 -13.7263
 -13.6791
 -13.6338
 -13.5836
 -13.5368
 -13.4841
 -13.4342
 -13.3853
 -13.3356
 -13.2838
 -13.2285
 -13.1751
 -13.1220
 -13.0704
 -13.0227
 -12.9758
 -12.9379
 -12.9014
 -12.8608
 -12.8257
 -12.7911
 -12.7561
 -12.7256
 -12.6890
 -12.6629
 -12.6358
 -12.6110
 -12.5927
 -12.5754
 -12.5626
 -12.5437
 -12.5251
 -12.5074
 -12.4902
 -12.4644
 -12.4480
 -12.4339
 -12.4166
 -12.3936
 -12.3785
 -12.3640
 -12.3519
 -12.3363
 -12.3216
 -12.3109
 -12.2967
 -12.2897
 -12.2827
 -12.2764
 -12.2695
 -12.2667
 -12.2565
 -12.2525
 -12.2510
 -12.2431
 -12.2428
 -12.2408
 -12.2370
 -12.2353
 -12.2303
 -12.2189
 -12.2120
 -12.2069
 -12.2012
 -12.1981
 -12.1912
 -12.1900
 -12.1856
 -12.1818
 -12.1802
 -12.1779
 -12.1810
 -12.1848
 -12.1907
 -12.1957
 -12.1967
 -12.1883
 -12.1907
 -12.1904
 -12.1913
 -12.1804
 -12.1717
 -12.1607
 -12.1474
 -12.1414
 -12.1269
 -12.1070
 -12.0862
 -12.0713
 -12.0490
 -12.0242
 -12.0074
 -11.9870
 -11.9600
 -11.9354
 -11.9142
 -11.8866
 -11.8562
 -11.8292
 -11.8046
 -11.7855
 -11.7687
 -11.7525
 -11.7394
 -11.7294
 -11.7210
 -11.7119
 -11.6979
 -11.6865
 -11.6760
 -11.6627
 -11.6477
 -11.6337
 -11.6139
 -11.5942
 -11.5815
 -11.5655
 -11.5509
 -11.5376
 -11.5228
 -11.5090
 -11.4939
 -11.4762
 -11.4617
 -11.4466
 -11.4346
 -11.4236
 -11.4125
 -11.4068
 -11.4018
 -11.4015
 -11.4005
 -11.3954
 -11.3895
 -11.3843
 -11.3749
 -11.3648
 -11.3670
 -11.3552
 -11.3464
 -11.3389
 -11.3422
 -11.3445
 -11.3491
 -11.3527
 -11.3531
 -11.3635
 -11.3778
 -11.3903
 -11.3952
 -11.4084
 -11.4265
 -11.4363
 -11.4515
 -11.4715
 -11.4891
 -11.5095
 -11.5304
 -11.5540
 -11.5729
 -11.5937
 -11.6093
 -11.6219
 -11.6323
 -11.6304
 -11.6277
 -11.6142
 -11.5892
 -11.5712
 -11.5422
 -11.4944
 -11.4609
 -11.4204
 -11.3762
 -11.3320
 -11.2905
 -11.2491
 -11.1981
 -11.1536
 -11.1089
 -11.0677
 -11.0252
 -10.9903
 -10.9546
 -10.9085
 -10.8607
 -10.8100
 -10.7464
 -10.6842
 -10.6129
 -10.5432
 -10.4716
 -10.4049
 -10.3419
 -10.2786
 -10.2435
 -10.1998
 -10.1549
 -10.1050
 -10.0624
 -10.0255
  -9.9890
  -9.9535
  -9.9168
  -9.8822
  -9.8494
  -9.8168
  -9.7823
  -9.7525
  -9.7229
  -9.6968
  -9.6662
  -9.6371
  -9.6148
  -9.5928
  -9.5714
  -9.5441
  -9.5108
  -9.4866
  -9.4596
  -9.4275
  -9.3952
  -9.3670
  -9.3397
  -9.3107
  -9.2954
  -9.2809
  -9.2706
  -9.2707
  -9.2672
  -9.2700
  -9.2875
  -9.2934
  -9.3021
  -9.3144
  -9.3298
  -9.3441
  -9.3544
  -9.3743
  -9.3893
  -9.4061
  -9.4210
  -9.4418
  -9.4549
  -9.4657
  -9.4815
  -9.4972
  -9.5128
  -9.5382
  -9.5576
  -9.5828
  -9.6049
  -9.6245
  -9.6418
  -9.6537
  -9.6641
  -9.6463
  -9.6390
  -9.6354
  -9.6339
  -9.6351
  -9.6284
  -9.6163
  -9.6010
  -9.5942
  -9.5878
  -9.5838
  -9.5802
  -9.5765
  -9.5715
  -9.5724
  -9.5664
  -9.5637
  -9.5538
  -9.5442
  -9.5287
  -9.5157
  -9.5022
  -9.4981
  -9.4834
  -9.4683
  -9.4528
  -9.4345
  -9.3977
  -9.3586
  -9.3267
  -9.2890
  -9.2524
  -9.2228
  -9.1952
  -9.1626
  -9.1350
  -9.1093
  -9.0808
  -9.0537
  -9.0252
  -8.9996
  -8.9679
  -8.9438
  -8.9214
  -8.8972
  -8.8715
  -8.8498
  -8.8276
  -8.8156
  -8.8064
  -8.7993
  -8.7916
  -8.7840
  -8.7753
  -8.7682
  -8.7581
  -8.7466
  -8.7294
  -8.7061
  -8.7092
  -8.6927
  -8.6759
  -8.6564
  -8.6396
  -8.6289
  -8.6079
  -8.5812
  -8.5572
  -8.5432
  -8.5206
  -8.4994
  -8.4710
  -8.4435
  -8.4150
  -8.3866
  -8.3492
  -8.3174
  -8.2824
  -8.2499
  -8.2145
  -8.1836
  -8.1485
  -8.1193
  -8.0872
  -8.0571
  -8.0296
  -8.0081
  -7.9878
  -7.9832
  -7.9773
  -7.9700
  -7.9671
  -7.9601
  -7.9508
  -7.9371
  -7.9252
  -7.9072
  -7.8893
  -7.8700
  -7.8548
  -7.8398
  -7.8144
  -7.7947
  -7.7692
  -7.7422
  -7.7153
  -7.6883
  -7.6616
  -7.6321
  -7.5997
  -7.5628
  -7.5288
  -7.4961
  -7.4637
  -7.4310
  -7.3986
  -7.3659
  -7.3333
  -7.3066
  -7.2770
  -7.2202
  -7.1835
  -7.1484
  -7.1162
  -7.0824
  -7.0428
  -7.0046
  -6.9718
  -6.9419
  -6.9063
  -6.8709
  -6.8344
  -6.8008
  -6.7671
  -6.7349
  -6.7040
  -6.6781
  -6.6520
  -6.6261
  -6.6001
  -6.5708
  -6.5405
  -6.5073
  -6.4756
  -6.4392
  -6.4005
  -6.3610
  -6.3213
  -6.2820
  -6.2421
  -6.2053
  -6.1641
  -6.1187
  -6.0750
  -6.0300
  -5.9873
  -5.9419
  -5.8977
  -5.8565
  -5.8166
  -5.7756
  -5.7363
  -5.7055
  -5.6722
  -5.6404
  -5.6116
  -5.5828
  -5.5538
  -5.5175
  -5.4811
  -5.4412
  -5.4031
  -5.3585
  -5.3103
  -5.2618
  -5.2101
  -5.1602
  -5.1135
  -5.0666
  -5.0225
  -4.9875
  -4.9552
  -4.9264
  -4.8969
  -4.8630
  -4.8274
  -4.7935
  -4.7593
  -4.7288
  -4.6983
  -4.6652
  -4.6303
  -4.5966
  -4.5643
  -4.5304
  -4.4967
  -4.4614
  -4.4259
  -4.3908
  -4.3551
  -4.3180
  -4.2823
  -4.2477
  -4.2134
  -4.1782
  -4.1477
  -4.1229
  -4.1033
  -4.0866
  -4.0700
  -4.0518
  -4.0337
  -4.0153
  -4.0013
  -3.9859
  -3.9660
  -3.9498
  -3.9352
  -3.9222
  -3.9035
  -3.8863
  -3.8661
  -3.8403
  -3.8100
  -3.7793
  -3.7483
  -3.7143
  -3.6833
  -3.6643
  -3.6600
  -3.6676
  -3.6807
  -3.6985
  -3.7199
  -3.7445
  -3.7670
  -3.7918
  -3.8132
  -3.8327
  -3.8522
  -3.8656
  -3.8779
  -3.8913
  -3.9030
  -3.9138
  -3.9276
  -3.9346
  -3.9362
  -3.9331
  -3.9275
  -3.9200
  -3.9080
  -3.8974
  -3.8822
  -3.8624
  -3.8395
  -3.8125
  -3.7814
  -3.7503
  -3.7161
  -3.6847
  -3.6563
  -3.6291
  -3.6050
  -3.5850
  -3.5665
  -3.5460
  -3.5240
  -3.4919
  -3.4529
  -3.4139
  -3.3736
  -3.3330
  -3.2922
  -3.2530
  -3.2160
  -3.1859
  -3.1572
  -3.1295
  -3.1005
  -3.0751
  -3.0499
  -3.0288
  -3.0122
  -3.0043
  -3.0004
  -3.0024
  -3.0061
  -3.0078
  -2.9972
  -2.9762
  -2.9452
  -2.9092
  -2.8767
  -2.8460
  -2.8187
  -2.7981
  -2.7757
  -2.7560
  -2.7366
  -2.7176
  -2.7004
  -2.6839
  -2.6681
  -2.6543
  -2.6389
  -2.6236
  -2.6131
  -2.6087
  -2.6107
  -2.6168
  -2.6227
  -2.6341
  -2.6510
  -2.6682
  -2.6863
  -2.7118
  -2.7398
  -2.7695
  -2.7977
  -2.8306
  -2.8617
  -2.8910
  -2.9196
  -2.9452
  -2.9696
  -2.9900
  -3.0184
  -3.0512
  -3.0904
  -3.1292
  -3.1702
  -3.2172
  -3.2596
  -3.3024
  -3.3424
  -3.3740
  -3.4032
  -3.4280
  -3.4548
  -3.4845
  -3.5189
  -3.5577
  -3.5971
  -3.6358
  -3.6722
  -3.7076
  -3.7338
  -3.7613
  -3.7924
  -3.8213
  -3.8456
  -3.8715
  -3.8978
  -3.9202
  -3.9395
  -3.9569
  -3.9656
  -3.9739
  -3.9839
  -4.0039
  -4.0270
  -4.0512
  -4.0757
  -4.1006
  -4.1250
  -4.1509
  -4.1854
  -4.2185
  -4.2547
  -4.2936
  -4.3267
  -4.3660
  -4.4058
  -4.4359
  -4.4753
  -4.5160
  -4.5526
  -4.5941
  -4.6382
  -4.6825
  -4.7258
  -4.7590
  -4.8082
  -4.8551
  -4.8996
  -4.9258
  -4.9760
  -5.0070
  -5.0367
  -5.0697
  -5.1027
  -5.1379
  -5.1696
  -5.2054
  -5.2423
  -5.2787
  -5.3187
  -5.3621
  -5.4067
  -5.4508
  -5.4931
  -5.5309
  -5.5638
  -5.5968
  -5.6309
  -5.6681
  -5.7065
  -5.7483
  -5.7959
  -5.8344
  -5.8810
  -5.9275
  -5.9727
  -6.0119
  -6.0512
  -6.0841
  -6.1114
  -6.1488
  -6.1863
  -6.2190
  -6.2385
  -6.2546
  -6.2705
  -6.2851
  -6.2957
  -6.3002
  -6.3067
  -6.3035
  -6.3033
  -6.3029
  -6.2974
  -6.3081
  -6.3144
  -6.3206
  -6.3317
  -6.3330
  -6.3312
  -6.3181
  -6.2986
  -6.2730
  -6.2506
  -6.2132
  -6.2047
  -6.1790
  -6.1421
  -6.1004
  -6.0871
  -6.0577
  -6.0262
  -5.9872
  -5.9434
  -5.9016
  -5.8468
  -5.7844
  -5.7221
  -5.6561
  -5.5880
  -5.5332
  -5.4720
  -5.4120
  -5.3478
  -5.2808
  -5.2125
  -5.1342
  -5.0674
  -4.9962
  -4.9243
  -4.8438
  -4.7672
  -4.6785
  -4.5957
  -4.5054
  -4.4193
  -4.3283
  -4.2384
  -4.1424
  -4.0546
  -3.9670
  -3.8631
  -3.7462
  -3.6293
  -3.5173
  -3.4050
  -3.2918
  -3.1766
  -3.0642
  -2.9565
  -2.8437
  -2.7346
  -2.6225
  -2.5051
  -2.3923
  -2.2640
  -2.1317
  -1.9992
  -1.8664
  -1.7354
  -1.6136
  -1.4985
  -1.3867
  -1.2733
  -1.1595
  -1.0548
  -0.9320
  -0.8082
  -0.6976
  -0.5904
  -0.4716
  -0.3411
  -0.2273
  -0.1192
  -0.0078
   0.1037
   0.2087
   0.3068
   0.4078
   0.5072
   0.6107
   0.7250
   0.8357
   0.9473
   1.0547
   1.1636
   1.2709
   1.3678
   1.4777
   1.5858
   1.7029
   1.8141
   1.9338
   2.0473
   2.1668
   2.2888
   2.4103
   2.5317
   2.6530
   2.7713
   2.8948
   3.0055
   3.0957
   3.1753
   3.2534
   3.3408
   3.4360
   3.5182
   3.5965
   3.6775
   3.7601
   3.8401
   3.9292
   4.0176
   4.1168
   4.2321
   4.3306
   4.4205
   4.5155
   4.6052
   4.7029
   4.8054
   4.9336
   5.0679
   5.2005
   5.3334
   5.4433
   5.5455
   5.6418
   5.7450
   5.8528
   5.9600
   6.0814
   6.2115
   6.3435
   6.4695
   6.5946
   6.7194
   6.8351
   6.9374
   7.0425
   7.1326
   7.2268
   7.3244
   7.4193
   7.5212
   7.6193
   7.7206
   7.8189
   7.9222
   8.0298
   8.1395
   8.2573
   8.3773
   8.4911
   8.6050
   8.7093
   8.8156
   8.9206
   9.0241
   9.1258
   9.2253
   9.3329
   9.4492
   9.5585
   9.6661
   9.7593
   9.8434
   9.9362
  10.0282
  10.1200
  10.2031
  10.2892
  10.3661
  10.4397
  10.5000
  10.5485
  10.6099
  10.6742
  10.7316
  10.7929
  10.8443
  10.8909
  10.9121
  10.9290
  10.9383
  10.9472
  10.9758
  11.0145
  11.0530
  11.0875
  11.1130
  11.1334
  11.1365
  11.1324
  11.1308
  11.1300
  11.1275
  11.1270
  11.1356
  11.1586
  11.1795
  11.2092
  11.2345
  11.2544
  11.2758
  11.2912
  11.3029
  11.3175
  11.3323
  11.3452
  11.3538
  11.3551
  11.3490
  11.3360
  11.3306
  11.3193
  11.3099
  11.3041
  11.3011
  11.2924
  11.2872
  11.2762
  11.2679
  11.2560
  11.2444
  11.2301
  11.2180
  11.2025
  11.1944
  11.1882
  11.1779
  11.1745
  11.1647
  11.1569
  11.1475
  11.1410
  11.1346
  11.1316
  11.1224
  11.1148
  11.1090
  11.1015
  11.0943
  11.0852
  11.0699
  11.0561
  11.0362
  11.0179
  10.9864
  10.9587
  10.9312
  10.9058
  10.8761
  10.8438
  10.8114
  10.7738
  10.7375
  10.7044
  10.6607
  10.6154
  10.5615
  10.5092
  10.4536
  10.3979
  10.3376
  10.2834
  10.2291
  10.1691
  10.1122
  10.0403
   9.9747
   9.9048
   9.8092
   9.7194
   9.6860
   9.6348
   9.5659
   9.4722
   9.4132
   9.3493
   9.3021
   9.2542
   9.2113
   9.1679
   9.1110
   9.0609
   9.0050
   8.9738
   8.9347
   8.8793
   8.8296
   8.7789
   8.7273
   8.6755
   8.6225
   8.5696
   8.5138
   8.4572
   8.3968
   8.3430
   8.2849
   8.2271
   8.1713
   8.1138
   8.0582
   8.0057
   7.9545
   7.9099
   7.8633
   7.8290
   7.7899
   7.7498
   7.7051
   7.6709
   7.6398
   7.6046
   7.5746
   7.5433
   7.5054
   7.4785
   7.4485
   7.4246
   7.3995
   7.3712
   7.3426
   7.3192
   7.2892
   7.2553
   7.2301
   7.1985
   7.1770
   7.1449
   7.1142
   7.1096
   7.1016
   7.0355
   6.9849
   6.9562
   6.9510
   6.9087
   6.8668
   6.8125
   6.7539
   6.6954
   6.6370
   6.5940
   6.5454
   6.5022
   6.4330
   6.3777
   6.3302
   6.2812
   6.2286
   6.1745
   6.1202
   6.0715
   6.0180
   5.9659
   5.9113
   5.8533
   5.7947
   5.7381
   5.6796
   5.6211
   5.5661
   5.5050
   5.4490
   5.3872
   5.3266
   5.2637
   5.1915
   5.1207
   5.0442
   4.9709
   4.8943
   4.8131
   4.7360
   4.6515
   4.5637
   4.4857
   4.4037
   4.3219
   4.2315
   4.1396
   4.0599
   3.9844
   3.9194
   3.8421
   3.7704
   3.6956
   3.6258
   3.5640
   3.4926
   3.4150
   3.3375
   3.2537
   3.1701
   3.0841
   2.9998
   2.9137
   2.8341
   2.7467
   2.6628
   2.5746
   2.4878
   2.3995
   2.3115
   2.2233
   2.1400
   2.0587
   1.9781
   1.9037
   1.8222
   1.7429
   1.6649
   1.5808
   1.4904
   1.4016
   1.3076
   1.2143
   1.1215
   1.0351
   0.9485
   0.8653
   0.7791
   0.6968
   0.6168
   0.5387
   0.4659
   0.3946
   0.3166
   0.2405
   0.1620
   0.0852
   0.0035
  -0.0775
  -0.1573
  -0.2358
  -0.3078
  -0.3707
  -0.4399
  -0.5017
  -0.5640
  -0.6169
  -0.6714
  -0.7306
  -0.7967
  -0.8784
  -0.9506
  -1.0198
  -1.0898
  -1.1681
  -1.2468
  -1.3146
  -1.3752
  -1.4391
  -1.4978
  -1.5548
  -1.6093
  -1.6682
  -1.7237
  -1.7878
  -1.8416
  -1.8993
  -1.9526
  -2.0020
  -2.0504
  -2.0964
  -2.1441
  -2.1933
  -2.2416
  -2.2969
  -2.3541
  -2.4077
  -2.4579
  -2.5055
  -2.5483
  -2.5933
  -2.6338
  -2.6727
  -2.7095
  -2.7455
  -2.7862
  -2.8269
  -2.8730
  -2.9160
  -2.9632
  -3.0079
  -3.0614
  -3.1097
  -3.1604
  -3.2052
  -3.2401
  -3.2715
  -3.3011
  -3.3251
  -3.3497
  -3.3724
  -3.4047
  -3.4301
  -3.4659
  -3.5032
  -3.5468
  -3.5792
  -3.6176
  -3.6468
  -3.6842
  -3.7101
  -3.7332
  -3.7551
  -3.7774
  -3.7915
  -3.8087
  -3.8225
  -3.8319
  -3.8396
  -3.8382
  -3.8329
  -3.8299
  -3.8185
  -3.8092
  -3.8067
  -3.7976
  -3.7977
  -3.7976
  -3.7896
  -3.7908
  -3.7949
  -3.8039
  -3.8050
  -3.8033
  -3.7989
  -3.7856
  -3.7789
  -3.7705
  -3.7640
  -3.7569
  -3.7471
  -3.7370
  -3.7254
  -3.7151
  -3.7081
  -3.6926
  -3.6849
  -3.6699
  -3.6550
  -3.6372
  -3.6135
  -3.5960
  -3.5720
  -3.5494
  -3.5280
  -3.4956
  -3.4739
  -3.4471
  -3.4236
  -3.3963
  -3.3643
  -3.3374
  -3.2956
  -3.2676
  -3.2310
  -3.1899
  -3.1529
  -3.1244
  -3.0925
  -3.0684
  -3.0378
  -3.0114
  -2.9807
  -2.9460
  -2.9160
  -2.8874
  -2.8550
  -2.8231
  -2.7971
  -2.7753
  -2.7626
  -2.7549
  -2.7422
  -3.0433
  -3.3394
  -3.6245
  -3.9155
  -4.1956
  -4.4739
  -4.7554
  -5.0288
  -5.3007
  -5.5692
  -5.8501
  -6.1371
  -6.4239
  -6.7178
  -7.0021
  -7.2863
  -7.5684
  -7.8489
  -8.1291
  -8.4043
  -8.6822
  -8.9526
  -9.2193
  -9.4839
  -9.7408
  -9.9945
 -10.2433
 -10.5015
 -10.7592
 -11.0173
