 -24.3404
 -25.0735
 -25.7865
 -26.4873
 -27.1895
 -27.9043
 -28.6241
 -29.3545
 -30.0861
 -30.8070
 -31.5162
 -32.2171
 -32.9130
 -33.6087
 -34.3016
 -34.9988
 -35.6884
 -36.3785
 -37.0716
 -37.7698
 -38.4683
 -39.1697
 -39.8696
 -40.5529
 -41.2115
 -41.8400
 -42.4568
 -43.0123
 -43.5166
 -43.9752
 -44.3933
 -44.2178
 -44.0376
 -43.8680
 -43.6961
 -43.5238
 -43.3190
 -43.0784
 -42.7686
 -42.4175
 -42.0424
 -41.6637
 -41.2906
 -40.9572
 -40.6259
 -40.3300
 -40.0223
 -39.6997
 -39.3527
 -39.0180
 -38.6521
 -38.2971
 -37.9627
 -37.6382
 -37.3027
 -36.9696
 -36.6281
 -36.2676
 -35.8823
 -35.4924
 -35.0822
 -34.6734
 -34.2883
 -33.9164
 -33.5437
 -33.1947
 -32.8412
 -32.4641
 -32.0729
 -31.6856
 -31.2837
 -30.8879
 -30.5076
 -30.1627
 -29.8183
 -29.4793
 -29.1247
 -28.7564
 -28.3576
 -27.9599
 -27.5547
 -27.1661
 -26.7985
 -26.4423
 -26.1038
 -25.8059
 -25.5291
 -25.2524
 -25.0418
 -24.8990
 -24.8106
 -24.7904
 -24.7910
 -24.8270
 -24.8672
 -24.9119
 -24.9507
 -25.0200
 -25.0971
 -25.2159
 -25.3676
 -25.5278
 -25.6596
 -25.7561
 -25.8057
 -25.8471
 -25.8541
 -25.8632
 -25.8939
 -25.9491
 -25.9772
 -26.0285
 -26.0986
 -26.1429
 -26.1854
 -26.2468
 -26.3223
 -26.4069
 -26.5352
 -26.7015
 -26.8891
 -27.1032
 -27.3371
 -27.5552
 -27.7804
 -28.0198
 -28.2355
 -28.4338
 -28.6588
 -28.8875
 -29.1134
 -29.3642
 -29.6207
 -29.8618
 -30.0739
 -30.2892
 -30.4976
 -30.7193
 -30.9701
 -31.2473
 -31.5142
 -31.7804
 -32.0279
 -32.2404
 -32.4288
 -32.6070
 -32.7653
 -32.9001
 -33.0283
 -33.1369
 -33.2153
 -33.2933
 -33.3533
 -33.4005
 -33.4246
 -33.4344
 -33.4307
 -33.4231
 -33.4071
 -33.4054
 -33.4162
 -33.4272
 -33.4360
 -33.4519
 -33.4830
 -33.5196
 -33.5759
 -33.6428
 -33.7296
 -33.8078
 -33.8867
 -33.9598
 -34.0392
 -34.0942
 -34.1636
 -34.2238
 -34.2795
 -34.3174
 -34.3485
 -34.3498
 -34.3403
 -34.3173
 -34.2955
 -34.2657
 -34.2437
 -34.2233
 -34.2074
 -34.1777
 -34.1593
 -34.1275
 -34.0917
 -34.0481
 -34.0022
 -33.9459
 -33.8942
 -33.8398
 -33.7769
 -33.7101
 -33.6475
 -33.5702
 -33.4865
 -33.4079
 -33.3350
 -33.2650
 -33.2071
 -33.1698
 -33.1423
 -33.1053
 -33.0877
 -33.0841
 -33.0929
 -33.1226
 -33.1472
 -33.1731
 -33.1902
 -33.2016
 -33.2052
 -33.2203
 -33.2399
 -33.2741
 -33.3185
 -33.3548
 -33.3776
 -33.3860
 -33.3788
 -33.3484
 -33.3074
 -33.2538
 -33.2023
 -33.1373
 -33.0686
 -33.0002
 -32.9475
 -32.8687
 -32.7933
 -32.7184
 -32.6487
 -32.5645
 -32.4880
 -32.4122
 -32.3377
 -32.2561
 -32.1821
 -32.0916
 -31.9927
 -31.8816
 -31.7547
 -31.5923
 -31.4358
 -31.2750
 -31.1149
 -30.9686
 -30.8355
 -30.7080
 -30.6078
 -30.5149
 -30.4164
 -30.3227
 -30.2409
 -30.1368
 -30.0336
 -29.9364
 -29.8435
 -29.7464
 -29.6541
 -29.5588
 -29.4637
 -29.3501
 -29.2296
 -29.1097
 -28.9892
 -28.8757
 -28.7582
 -28.6453
 -28.5246
 -28.4047
 -28.2817
 -28.1681
 -28.0546
 -27.9416
 -27.8317
 -27.7137
 -27.5919
 -27.4689
 -27.3523
 -27.2386
 -27.1378
 -27.0319
 -26.9312
 -26.8092
 -26.6740
 -26.5289
 -26.3995
 -26.2464
 -26.1103
 -25.9851
 -25.8673
 -25.7316
 -25.6135
 -25.4970
 -25.3818
 -25.2729
 -25.1912
 -25.1069
 -25.0306
 -24.9615
 -24.8916
 -24.8028
 -24.7367
 -24.6768
 -24.6147
 -24.5661
 -24.5176
 -24.4696
 -24.4349
 -24.3896
 -24.3392
 -24.3054
 -24.2907
 -24.2662
 -24.2649
 -24.2733
 -24.2938
 -24.3085
 -24.3289
 -24.3564
 -24.3939
 -24.4159
 -24.4564
 -24.5243
 -24.6005
 -24.6890
 -24.7769
 -24.8652
 -24.9513
 -25.0383
 -25.1346
 -25.2467
 -25.3738
 -25.5074
 -25.6619
 -25.8120
 -25.9620
 -26.1166
 -26.2820
 -26.4502
 -26.6294
 -26.8123
 -27.0101
 -27.2085
 -27.4183
 -27.6392
 -27.8744
 -28.0794
 -28.2934
 -28.5073
 -28.7196
 -28.9311
 -29.1653
 -29.3931
 -29.6206
 -29.8477
 -30.0751
 -30.2853
 -30.4773
 -30.6647
 -30.8372
 -30.9956
 -31.1783
 -31.3706
 -31.5552
 -31.7475
 -31.9243
 -32.0751
 -32.2037
 -32.3050
 -32.3859
 -32.4684
 -32.5496
 -32.6134
 -32.6781
 -32.7330
 -32.7772
 -32.8068
 -32.8365
 -32.8642
 -32.8822
 -32.8848
 -32.8898
 -32.8971
 -32.8922
 -32.8913
 -32.8901
 -32.8867
 -32.8858
 -32.8836
 -32.8886
 -32.8952
 -32.9025
 -32.8997
 -32.9024
 -32.8812
 -32.8523
 -32.8197
 -32.7866
 -32.7412
 -32.6955
 -32.6464
 -32.5974
 -32.5449
 -32.4907
 -32.4426
 -32.3986
 -32.3476
 -32.3115
 -32.2759
 -32.2352
 -32.1911
 -32.1397
 -32.0724
 -32.0081
 -31.9440
 -31.8906
 -31.8325
 -31.7619
 -31.7066
 -31.6513
 -31.5922
 -31.5553
 -31.5337
 -31.5045
 -31.4852
 -31.4604
 -31.4351
 -31.4191
 -31.4124
 -31.4095
 -31.4278
 -31.4571
 -31.4836
 -31.5155
 -31.5503
 -31.5861
 -31.6216
 -31.6604
 -31.7020
 -31.7452
 -31.7750
 -31.8023
 -31.8355
 -31.8575
 -31.8908
 -31.9237
 -31.9618
 -32.0064
 -32.0536
 -32.1097
 -32.1722
 -32.2318
 -32.2889
 -32.3604
 -32.4191
 -32.4770
 -32.5333
 -32.5879
 -32.6236
 -32.6626
 -32.7020
 -32.7434
 -32.7830
 -32.8238
 -32.8641
 -32.8976
 -32.9215
 -32.9445
 -32.9678
 -32.9891
 -33.0215
 -33.0504
 -33.0728
 -33.0993
 -33.1180
 -33.1352
 -33.1352
 -33.1172
 -33.0988
 -33.0651
 -33.0067
 -32.9563
 -32.9054
 -32.8437
 -32.7948
 -32.7523
 -32.7139
 -32.6855
 -32.6630
 -32.6385
 -32.6222
 -32.6090
 -32.5804
 -32.5504
 -32.5165
 -32.4789
 -32.4375
 -32.3997
 -32.3642
 -32.3304
 -32.2857
 -32.2458
 -32.2199
 -32.1885
 -32.1692
 -32.1463
 -32.1266
 -32.0994
 -32.0663
 -32.0293
 -31.9869
 -31.9280
 -31.8589
 -31.7929
 -31.7011
 -31.6056
 -31.5161
 -31.4349
 -31.3410
 -31.2596
 -31.1708
 -31.0737
 -30.9647
 -30.8537
 -30.7385
 -30.6260
 -30.5081
 -30.3962
 -30.2915
 -30.1798
 -30.0678
 -29.9442
 -29.8104
 -29.6777
 -29.5504
 -29.4420
 -29.3407
 -29.2504
 -29.1812
 -29.1172
 -29.0476
 -29.0002
 -28.9622
 -28.9166
 -28.8833
 -28.8481
 -28.8093
 -28.7761
 -28.7448
 -28.7118
 -28.6904
 -28.6766
 -28.6491
 -28.6220
 -28.5898
 -28.5528
 -28.5132
 -28.4793
 -28.4510
 -28.4264
 -28.3896
 -28.3511
 -28.3165
 -28.2666
 -28.2259
 -28.1847
 -28.1452
 -28.1030
 -28.0567
 -28.0147
 -27.9737
 -27.9269
 -27.8823
 -27.8434
 -27.7897
 -27.7455
 -27.6972
 -27.6455
 -27.5807
 -27.5172
 -27.4367
 -27.3582
 -27.2720
 -27.1928
 -27.1123
 -27.0305
 -26.9440
 -26.8545
 -26.7680
 -26.6728
 -26.5845
 -26.4891
 -26.3907
 -26.2907
 -26.1902
 -26.0827
 -25.9588
 -25.8282
 -25.6940
 -25.5557
 -25.4107
 -25.2819
 -25.1546
 -25.0175
 -24.8864
 -24.7448
 -24.6006
 -24.4567
 -24.3180
 -24.1633
 -24.0202
 -23.8754
 -23.7177
 -23.5585
 -23.4130
 -23.2781
 -23.1486
 -23.0331
 -22.9240
 -22.8133
 -22.6918
 -22.5779
 -22.4758
 -22.3797
 -22.2992
 -22.2193
 -22.1377
 -22.0549
 -21.9719
 -21.8951
 -21.8180
 -21.7432
 -21.6756
 -21.6138
 -21.5515
 -21.4941
 -21.4342
 -21.3749
 -21.3119
 -21.2516
 -21.1974
 -21.1607
 -21.1339
 -21.1281
 -21.1335
 -21.1467
 -21.1650
 -21.1816
 -21.2024
 -21.2108
 -21.2182
 -21.2201
 -21.2259
 -21.2343
 -21.2525
 -21.2700
 -21.2791
 -21.2824
 -21.2810
 -21.2799
 -21.2834
 -21.3067
 -21.3398
 -21.3804
 -21.4282
 -21.4716
 -21.5098
 -21.5417
 -21.5703
 -21.5927
 -21.6333
 -21.6700
 -21.7105
 -21.7594
 -21.8156
 -21.8629
 -21.9039
 -21.9422
 -21.9732
 -21.9994
 -22.0251
 -22.0564
 -22.0927
 -22.1294
 -22.1641
 -22.1968
 -22.2278
 -22.2568
 -22.2818
 -22.3008
 -22.3132
 -22.3159
 -22.3103
 -22.2953
 -22.2732
 -22.2436
 -22.2094
 -22.1709
 -22.1327
 -22.0933
 -22.0551
 -22.0163
 -21.9718
 -21.9178
 -21.8524
 -21.7719
 -21.6802
 -21.5803
 -21.4801
 -21.3810
 -21.2851
 -21.1941
 -21.1102
 -21.0281
 -20.9504
 -20.8746
 -20.8061
 -20.7501
 -20.7044
 -20.6621
 -20.6202
 -20.5708
 -20.5054
 -20.4246
 -20.3300
 -20.2227
 -20.1064
 -19.9857
 -19.8657
 -19.7497
 -19.6370
 -19.5266
 -19.4187
 -19.3075
 -19.1924
 -19.0772
 -18.9635
 -18.8559
 -18.7574
 -18.6658
 -18.5722
 -18.4729
 -18.3694
 -18.2545
 -18.1294
 -18.0007
 -17.8637
 -17.7180
 -17.5644
 -17.4087
 -17.2534
 -17.1056
 -16.9700
 -16.8454
 -16.7321
 -16.6241
 -16.5207
 -16.4166
 -16.3102
 -16.2015
 -16.0936
 -15.9865
 -15.8816
 -15.7791
 -15.6798
 -15.5810
 -15.4838
 -15.3871
 -15.2867
 -15.1740
 -15.0436
 -14.9061
 -14.7663
 -14.6287
 -14.5038
 -14.3882
 -14.2788
 -14.1731
 -14.0703
 -13.9699
 -13.8749
 -13.7822
 -13.6913
 -13.6061
 -13.5337
 -13.4748
 -13.4315
 -13.4058
 -13.3909
 -13.3757
 -13.3537
 -13.3202
 -13.2751
 -13.2181
 -13.1572
 -13.0934
 -13.0257
 -12.9548
 -12.8775
 -12.7921
 -12.6986
 -12.6064
 -12.5198
 -12.4365
 -12.3612
 -12.2940
 -12.2300
 -12.1719
 -12.1202
 -12.0779
 -12.0335
 -11.9870
 -11.9334
 -11.8751
 -11.8100
 -11.7390
 -11.6679
 -11.5977
 -11.5272
 -11.4556
 -11.3833
 -11.3083
 -11.2320
 -11.1528
 -11.0725
 -10.9917
 -10.9121
 -10.8364
 -10.7675
 -10.7092
 -10.6676
 -10.6488
 -10.6374
 -10.6274
 -10.6074
 -10.5761
 -10.5283
 -10.4739
 -10.4121
 -10.3469
 -10.2752
 -10.1964
 -10.1154
 -10.0349
  -9.9583
  -9.8784
  -9.8002
  -9.7226
  -9.6420
  -9.5582
  -9.4736
  -9.3899
  -9.3126
  -9.2410
  -9.1730
  -9.1016
  -9.0273
  -8.9459
  -8.8584
  -8.7680
  -8.6801
  -8.5946
  -8.5131
  -8.4326
  -8.3564
  -8.2820
  -8.2060
  -8.1294
  -8.0533
  -7.9796
  -7.9032
  -7.8292
  -7.7595
  -7.6919
  -7.6241
  -7.5582
  -7.4907
  -7.4235
  -7.3542
  -7.2861
  -7.2198
  -7.1547
  -7.0909
  -7.0237
  -6.9555
  -6.8875
  -6.8185
  -6.7517
  -6.6862
  -6.6203
  -6.5542
  -6.4886
  -6.4191
  -6.3506
  -6.2795
  -6.2075
  -6.1320
  -6.0607
  -5.9859
  -5.9107
  -5.8350
  -5.7589
  -5.6832
  -5.6093
  -5.5384
  -5.4677
  -5.3980
  -5.3230
  -5.2413
  -5.1515
  -5.0573
  -4.9576
  -4.8547
  -4.7450
  -4.6298
  -4.5133
  -4.4008
  -4.2917
  -4.1899
  -4.0956
  -4.0028
  -3.9068
  -3.8112
  -3.7109
  -3.6052
  -3.4964
  -3.3879
  -3.2793
  -3.1697
  -3.0642
  -2.9554
  -2.8469
  -2.7426
  -2.6379
  -2.5333
  -2.4294
  -2.3206
  -2.2111
  -2.0972
  -1.9793
  -1.8580
  -1.7362
  -1.6136
  -1.4918
  -1.3698
  -1.2496
  -1.1247
  -0.9968
  -0.8641
  -0.7276
  -0.5868
  -0.4427
  -0.2929
  -0.1405
   0.0189
   0.1841
   0.3502
   0.5208
   0.6949
   0.8657
   1.0351
   1.2055
   1.3735
   1.5441
   1.7201
   1.8974
   2.0762
   2.2527
   2.4244
   2.5873
   2.7424
   2.8966
   3.0447
   3.1907
   3.3357
   3.4825
   3.6317
   3.7817
   3.9259
   4.0561
   4.1738
   4.2769
   4.3721
   4.4703
   4.5799
   4.6944
   4.8203
   4.9527
   5.0834
   5.2093
   5.3360
   5.4527
   5.5671
   5.6813
   5.8026
   5.9227
   6.0494
   6.1705
   6.2984
   6.4282
   6.5558
   6.6796
   6.8049
   6.9273
   7.0471
   7.1675
   7.2921
   7.4114
   7.5181
   7.6163
   7.7067
   7.7894
   7.8662
   7.9378
   8.0050
   8.0599
   8.0999
   8.1282
   8.1485
   8.1606
   8.1685
   8.1725
   8.1762
   8.1777
   8.1714
   8.1600
   8.1463
   8.1317
   8.1187
   8.1073
   8.0980
   8.0886
   8.0715
   8.0466
   8.0153
   7.9782
   7.9327
   7.8778
   7.8209
   7.7663
   7.7177
   7.6784
   7.6462
   7.6125
   7.5739
   7.5195
   7.4635
   7.3959
   7.3231
   7.2486
   7.1742
   7.0923
   7.0150
   6.9358
   6.8553
   6.7645
   6.6749
   6.5750
   6.4705
   6.3546
   6.2371
   6.1151
   5.9992
   5.8862
   5.7810
   5.6836
   5.5870
   5.4865
   5.3871
   5.2969
   5.2131
   5.1365
   5.0675
   5.0087
   4.9565
   4.9100
   4.8714
   4.8462
   4.8317
   4.8225
   4.8218
   4.8272
   4.8360
   4.8454
   4.8561
   4.8703
   4.8849
   4.9030
   4.9178
   4.9310
   4.9371
   4.9369
   4.9305
   4.9247
   4.9249
   4.9317
   4.9417
   4.9577
   4.9782
   4.9939
   5.0063
   5.0204
   5.0298
   5.0325
   5.0345
   5.0326
   5.0272
   5.0112
   4.9991
   4.9912
   4.9883
   4.9916
   5.0060
   5.0197
   5.0314
   5.0402
   5.0467
   5.0498
   5.0611
   5.0844
   5.1125
   5.1448
   5.1882
   5.2319
   5.2811
   5.3336
   5.3823
   5.4257
   5.4679
   5.5072
   5.5441
   5.5874
   5.6426
   5.6985
   5.7457
   5.7852
   5.8191
   5.8428
   5.8564
   5.8616
   5.8571
   5.8450
   5.8271
   5.8118
   5.8026
   5.8047
   5.8120
   5.8215
   5.8297
   5.8444
   5.8608
   5.8865
   5.9217
   5.9649
   6.0072
   6.0490
   6.0907
   6.1288
   6.1661
   6.2017
   6.2478
   6.2971
   6.3497
   6.4057
   6.4793
   6.5576
   6.6458
   6.7436
   6.8546
   6.9702
   7.0918
   7.2157
   7.3446
   7.4765
   7.6139
   7.7559
   7.8962
   8.0447
   8.1919
   8.3307
   8.4630
   8.6004
   8.7378
   8.8775
   9.0264
   9.1744
   9.3107
   9.4331
   9.5556
   9.6695
   9.7792
   9.8954
  10.0115
  10.1033
  10.1819
  10.2546
  10.3234
  10.3932
  10.4708
  10.5646
  10.6662
  10.7745
  10.8886
  11.0008
  11.1061
  11.2124
  11.3146
  11.4141
  11.5081
  11.6007
  11.6924
  11.7862
  11.8861
  11.9891
  12.0895
  12.1837
  12.2685
  12.3436
  12.4178
  12.4859
  12.5526
  12.6100
  12.6648
  12.7177
  12.7773
  12.8363
  12.9027
  12.9684
  13.0291
  13.0731
  13.0966
  13.1005
  13.0954
  13.0841
  13.0747
  13.0652
  13.0605
  13.0697
  13.0831
  13.1019
  13.1297
  13.1564
  13.1784
  13.1919
  13.1964
  13.1917
  13.1806
  13.1676
  13.1624
  13.1539
  13.1454
  13.1356
  13.1149
  13.0824
  13.0575
  13.0384
  13.0281
  13.0191
  13.0036
  12.9841
  12.9524
  12.9141
  12.8737
  12.8273
  12.7751
  12.7184
  12.6428
  12.5513
  12.4472
  12.3387
  12.2229
  12.1011
  11.9737
  11.8355
  11.6894
  11.5428
  11.4000
  11.2688
  11.1481
  11.0363
  10.9320
  10.8362
  10.7500
  10.6654
  10.5806
  10.4905
  10.3922
  10.2869
  10.1746
  10.0610
   9.9517
   9.8500
   9.7538
   9.6584
   9.5571
   9.4453
   9.3272
   9.2002
   9.0631
   8.9142
   8.7603
   8.6011
   8.4421
   8.2782
   8.1138
   7.9432
   7.7625
   7.5729
   7.3836
   7.1959
   7.0094
   6.8287
   6.6538
   6.4809
   6.3064
   6.1310
   5.9566
   5.7801
   5.6097
   5.4462
   5.2889
   5.1316
   4.9762
   4.8216
   4.6679
   4.5237
   4.3879
   4.2617
   4.1440
   4.0341
   3.9294
   3.8310
   3.7354
   3.6390
   3.5399
   3.4410
   3.3418
   3.2425
   3.1424
   3.0380
   2.9277
   2.8079
   2.6803
   2.5429
   2.4059
   2.2707
   2.1375
   2.0071
   1.8795
   1.7539
   1.6310
   1.5070
   1.3831
   1.2570
   1.1326
   1.0078
   0.8873
   0.7696
   0.6547
   0.5409
   0.4312
   0.3281
   0.2315
   0.1428
   0.0604
  -0.0189
  -0.0965
  -0.1746
  -0.2559
  -0.3410
  -0.4290
  -0.5169
  -0.6075
  -0.6996
  -0.7928
  -0.8844
  -0.9738
  -1.0611
  -1.1480
  -1.2370
  -1.3266
  -1.4195
  -1.5112
  -1.5999
  -1.6834
  -1.7602
  -1.8347
  -1.9070
  -1.9803
  -2.0546
  -2.1270
  -2.1958
  -2.2594
  -2.3194
  -2.3728
  -2.4197
  -2.4642
  -2.5090
  -2.5455
  -2.5809
  -2.6110
  -2.6349
  -2.6472
  -3.2504
  -3.8458
  -4.4399
  -5.0401
  -5.6498
  -6.2665
  -6.9040
  -7.5725
  -8.2618
  -8.9713
  -9.7082
 -10.4629
 -11.2238
 -11.9750
 -12.7241
 -13.4824
 -14.2479
 -15.0141
 -15.8044
 -16.6143
 -17.4165
 -18.2152
 -19.0184
 -19.8204
 -20.6133
 -21.4052
 -22.1929
 -22.9717
 -23.7391
 -24.5055
