  -1.9050
  -2.0300
  -2.1426
  -2.2600
  -2.3747
  -2.4928
  -2.6108
  -2.7287
  -2.8436
  -2.9569
  -3.0798
  -3.1960
  -3.3077
  -3.4195
  -3.5269
  -3.6407
  -3.7470
  -3.8531
  -3.9541
  -4.0556
  -4.1508
  -4.2424
  -4.3339
  -4.4223
  -4.5045
  -4.5788
  -4.6560
  -4.7290
  -4.7952
  -4.8655
  -4.9372
  -4.8614
  -4.7918
  -4.7250
  -4.6752
  -4.6352
  -4.5957
  -4.5648
  -4.5357
  -4.5304
  -4.5343
  -4.5366
  -4.5372
  -4.5471
  -4.5584
  -4.5698
  -4.5847
  -4.5981
  -4.6179
  -4.6388
  -4.6659
  -4.6977
  -4.7311
  -4.7709
  -4.8091
  -4.8426
  -4.8752
  -4.9141
  -4.9491
  -4.9812
  -5.0240
  -5.0692
  -5.1079
  -5.1537
  -5.1900
  -5.2275
  -5.2550
  -5.2873
  -5.3102
  -5.3346
  -5.3590
  -5.3739
  -5.3921
  -5.4114
  -5.4246
  -5.4404
  -5.4545
  -5.4752
  -5.4958
  -5.5165
  -5.5373
  -5.5627
  -5.5914
  -5.6239
  -5.6576
  -5.6965
  -5.7401
  -5.7872
  -5.8361
  -5.8852
  -5.9295
  -5.9758
  -6.0189
  -6.0652
  -6.1087
  -6.1460
  -6.1773
  -6.2131
  -6.2450
  -6.2781
  -6.2973
  -6.3184
  -6.3349
  -6.3547
  -6.3665
  -6.3799
  -6.3931
  -6.4079
  -6.4179
  -6.4264
  -6.4349
  -6.4356
  -6.4329
  -6.4273
  -6.4200
  -6.4096
  -6.4008
  -6.3829
  -6.3680
  -6.3535
  -6.3373
  -6.3164
  -6.2945
  -6.2741
  -6.2538
  -6.2338
  -6.2090
  -6.1892
  -6.1632
  -6.1401
  -6.1168
  -6.0874
  -6.0614
  -6.0353
  -6.0081
  -5.9807
  -5.9531
  -5.9237
  -5.8911
  -5.8586
  -5.8262
  -5.7953
  -5.7644
  -5.7322
  -5.6980
  -5.6656
  -5.6285
  -5.5899
  -5.5466
  -5.5034
  -5.4634
  -5.4234
  -5.3820
  -5.3447
  -5.3105
  -5.2860
  -5.2596
  -5.2379
  -5.2115
  -5.1865
  -5.1631
  -5.1424
  -5.1153
  -5.0893
  -5.0588
  -5.0295
  -5.0019
  -4.9774
  -4.9527
  -4.9265
  -4.9033
  -4.8720
  -4.8427
  -4.8134
  -4.7870
  -4.7605
  -4.7308
  -4.7010
  -4.6806
  -4.6539
  -4.6354
  -4.6105
  -4.5919
  -4.5732
  -4.5592
  -4.5437
  -4.5328
  -4.5267
  -4.5237
  -4.5238
  -4.5273
  -4.5340
  -4.5393
  -4.5459
  -4.5494
  -4.5572
  -4.5586
  -4.5604
  -4.5577
  -4.5565
  -4.5552
  -4.5560
  -4.5598
  -4.5619
  -4.5664
  -4.5725
  -4.5803
  -4.5926
  -4.6077
  -4.6258
  -4.6454
  -4.6585
  -4.6766
  -4.6947
  -4.7100
  -4.7191
  -4.7248
  -4.7277
  -4.7245
  -4.7212
  -4.7120
  -4.6999
  -4.6882
  -4.6769
  -4.6691
  -4.6552
  -4.6433
  -4.6266
  -4.6100
  -4.5903
  -4.5756
  -4.5609
  -4.5543
  -4.5442
  -4.5373
  -4.5370
  -4.5400
  -4.5540
  -4.5659
  -4.5724
  -4.5728
  -4.5748
  -4.5796
  -4.5796
  -4.5765
  -4.5718
  -4.5698
  -4.5600
  -4.5467
  -4.5277
  -4.5040
  -4.4798
  -4.4559
  -4.4398
  -4.4220
  -4.4089
  -4.3950
  -4.3921
  -4.3855
  -4.3828
  -4.3818
  -4.3840
  -4.3857
  -4.3826
  -4.3825
  -4.3831
  -4.3852
  -4.3885
  -4.3934
  -4.3973
  -4.4011
  -4.4079
  -4.4289
  -4.4527
  -4.4810
  -4.5157
  -4.5564
  -4.5973
  -4.6442
  -4.6988
  -4.7568
  -4.8273
  -4.9041
  -4.9825
  -5.0669
  -5.1532
  -5.2490
  -5.3450
  -5.4444
  -5.5424
  -5.6421
  -5.7404
  -5.8403
  -5.9436
  -6.0522
  -6.1532
  -6.2493
  -6.3422
  -6.4271
  -6.5159
  -6.6086
  -6.7042
  -6.7888
  -6.8674
  -6.9445
  -7.0201
  -7.0942
  -7.1610
  -7.2327
  -7.3065
  -7.3799
  -7.4518
  -7.5257
  -7.5962
  -7.6605
  -7.7249
  -7.7896
  -7.8555
  -7.9171
  -7.9778
  -8.0329
  -8.0896
  -8.1432
  -8.1988
  -8.2502
  -8.2973
  -8.3416
  -8.3800
  -8.4140
  -8.4451
  -8.4698
  -8.4886
  -8.5026
  -8.5057
  -8.5042
  -8.4965
  -8.4858
  -8.4723
  -8.4619
  -8.4483
  -8.4365
  -8.4228
  -8.4057
  -8.3868
  -8.3629
  -8.3341
  -8.3005
  -8.2701
  -8.2346
  -8.1989
  -8.1600
  -8.1192
  -8.0827
  -8.0445
  -8.0062
  -7.9678
  -7.9359
  -7.9042
  -7.8728
  -7.8432
  -7.8164
  -7.7909
  -7.7700
  -7.7568
  -7.7529
  -7.7555
  -7.7628
  -7.7683
  -7.7769
  -7.7901
  -7.8016
  -7.8143
  -7.8287
  -7.8415
  -7.8557
  -7.8699
  -7.8807
  -7.8896
  -7.8968
  -7.9037
  -7.9135
  -7.9296
  -7.9392
  -7.9456
  -7.9547
  -7.9681
  -7.9844
  -8.0017
  -8.0218
  -8.0433
  -8.0645
  -8.0887
  -8.1161
  -8.1436
  -8.1727
  -8.1987
  -8.2154
  -8.2287
  -8.2307
  -8.2293
  -8.2232
  -8.2135
  -8.2007
  -8.1863
  -8.1686
  -8.1522
  -8.1342
  -8.1174
  -8.0940
  -8.0595
  -8.0185
  -7.9761
  -7.9290
  -7.8740
  -7.8142
  -7.7526
  -7.6859
  -7.6171
  -7.5466
  -7.4773
  -7.4065
  -7.3326
  -7.2587
  -7.1835
  -7.1036
  -7.0208
  -6.9349
  -6.8508
  -6.7668
  -6.6845
  -6.6039
  -6.5218
  -6.4431
  -6.3648
  -6.2867
  -6.2028
  -6.1271
  -6.0468
  -5.9651
  -5.8865
  -5.8063
  -5.7294
  -5.6510
  -5.5774
  -5.5068
  -5.4347
  -5.3643
  -5.2937
  -5.2251
  -5.1536
  -5.0869
  -5.0220
  -4.9590
  -4.8977
  -4.8378
  -4.7779
  -4.7177
  -4.6654
  -4.6147
  -4.5768
  -4.5392
  -4.5048
  -4.4706
  -4.4364
  -4.4040
  -4.3701
  -4.3335
  -4.2919
  -4.2440
  -4.1898
  -4.1435
  -4.0987
  -4.0490
  -4.0066
  -3.9627
  -3.9202
  -3.8681
  -3.8194
  -3.7711
  -3.7226
  -3.6695
  -3.6196
  -3.5731
  -3.5269
  -3.4810
  -3.4398
  -3.3983
  -3.3582
  -3.3177
  -3.2818
  -3.2442
  -3.2065
  -3.1688
  -3.1310
  -3.0930
  -3.0501
  -3.0149
  -2.9701
  -2.9295
  -2.8892
  -2.8458
  -2.8060
  -2.7661
  -2.7312
  -2.6965
  -2.6648
  -2.6344
  -2.6023
  -2.5768
  -2.5494
  -2.5253
  -2.4996
  -2.4738
  -2.4489
  -2.4255
  -2.3996
  -2.3749
  -2.3501
  -2.3302
  -2.3102
  -2.2873
  -2.2644
  -2.2433
  -2.2220
  -2.2024
  -2.1814
  -2.1636
  -2.1473
  -2.1377
  -2.1327
  -2.1376
  -2.1454
  -2.1546
  -2.1703
  -2.1787
  -2.1915
  -2.2065
  -2.2278
  -2.2474
  -2.2684
  -2.2929
  -2.3221
  -2.3467
  -2.3713
  -2.3943
  -2.4202
  -2.4414
  -2.4627
  -2.4809
  -2.4977
  -2.5097
  -2.5216
  -2.5303
  -2.5418
  -2.5515
  -2.5643
  -2.5815
  -2.5971
  -2.6142
  -2.6302
  -2.6510
  -2.6720
  -2.6912
  -2.7074
  -2.7188
  -2.7254
  -2.7259
  -2.7265
  -2.7256
  -2.7165
  -2.7076
  -2.6950
  -2.6760
  -2.6555
  -2.6370
  -2.6154
  -2.5962
  -2.5777
  -2.5643
  -2.5492
  -2.5328
  -2.5163
  -2.4996
  -2.4814
  -2.4618
  -2.4437
  -2.4256
  -2.4062
  -2.3868
  -2.3644
  -2.3423
  -2.3169
  -2.2920
  -2.2705
  -2.2536
  -2.2381
  -2.2262
  -2.2139
  -2.2000
  -2.1907
  -2.1846
  -2.1753
  -2.1643
  -2.1563
  -2.1450
  -2.1338
  -2.1194
  -2.1032
  -2.0870
  -2.0724
  -2.0560
  -2.0396
  -2.0265
  -2.0151
  -2.0054
  -1.9944
  -1.9819
  -1.9695
  -1.9554
  -1.9410
  -1.9312
  -1.9165
  -1.8996
  -1.8859
  -1.8701
  -1.8527
  -1.8351
  -1.8190
  -1.8014
  -1.7838
  -1.7710
  -1.7599
  -1.7490
  -1.7399
  -1.7291
  -1.7122
  -1.6956
  -1.6774
  -1.6575
  -1.6343
  -1.6110
  -1.5924
  -1.5752
  -1.5596
  -1.5470
  -1.5345
  -1.5236
  -1.5126
  -1.4999
  -1.4870
  -1.4708
  -1.4513
  -1.4297
  -1.4082
  -1.3881
  -1.3682
  -1.3533
  -1.3384
  -1.3204
  -1.3076
  -1.2916
  -1.2722
  -1.2542
  -1.2360
  -1.2149
  -1.1954
  -1.1760
  -1.1585
  -1.1431
  -1.1260
  -1.1108
  -1.0941
  -1.0773
  -1.0605
  -1.0406
  -1.0173
  -0.9972
  -0.9769
  -0.9566
  -0.9346
  -0.9156
  -0.8950
  -0.8746
  -0.8558
  -0.8321
  -0.8118
  -0.7929
  -0.7740
  -0.7536
  -0.7330
  -0.7108
  -0.6822
  -0.6504
  -0.6217
  -0.5926
  -0.5649
  -0.5418
  -0.5183
  -0.4979
  -0.4757
  -0.4566
  -0.4425
  -0.4265
  -0.4138
  -0.3994
  -0.3801
  -0.3543
  -0.3253
  -0.2898
  -0.2523
  -0.2134
  -0.1727
  -0.1319
  -0.0945
  -0.0553
  -0.0146
   0.0260
   0.0653
   0.1110
   0.1549
   0.2008
   0.2465
   0.2937
   0.3391
   0.3860
   0.4313
   0.4767
   0.5193
   0.5621
   0.6069
   0.6468
   0.6885
   0.7224
   0.7530
   0.7883
   0.8222
   0.8464
   0.8768
   0.9079
   0.9404
   0.9677
   0.9979
   1.0269
   1.0562
   1.0838
   1.1083
   1.1409
   1.1735
   1.2045
   1.2402
   1.2775
   1.3133
   1.3473
   1.3846
   1.4266
   1.4655
   1.5057
   1.5508
   1.5991
   1.6473
   1.6969
   1.7560
   1.8221
   1.8959
   1.9744
   2.0546
   2.1364
   2.2104
   2.2858
   2.3549
   2.4174
   2.4829
   2.5436
   2.6042
   2.6711
   2.7365
   2.8002
   2.8672
   2.9388
   3.0105
   3.0839
   3.1586
   3.2382
   3.3193
   3.4053
   3.4913
   3.5789
   3.6697
   3.7650
   3.8651
   3.9635
   4.0680
   4.1710
   4.2833
   4.3988
   4.5125
   4.6295
   4.7590
   4.8855
   5.0127
   5.1402
   5.2755
   5.4060
   5.5423
   5.6784
   5.8192
   5.9646
   6.1066
   6.2373
   6.3680
   6.4858
   6.6005
   6.7087
   6.8313
   6.9443
   7.0667
   7.1858
   7.3160
   7.4350
   7.5635
   7.6904
   7.8237
   7.9586
   8.0981
   8.2347
   8.3855
   8.5442
   8.7011
   8.8724
   9.0484
   9.2132
   9.3812
   9.5317
   9.6789
   9.8118
   9.9494
  10.0789
  10.2211
  10.3695
  10.5338
  10.6853
  10.8479
  11.0024
  11.1475
  11.2925
  11.4485
  11.6106
  11.7872
  11.9700
  12.1560
  12.3385
  12.5259
  12.7151
  12.9073
  13.0961
  13.2880
  13.4799
  13.6732
  13.8661
  14.0593
  14.2542
  14.4505
  14.6407
  14.8371
  15.0319
  15.2235
  15.4101
  15.5985
  15.7820
  15.9806
  16.1835
  16.3909
  16.6028
  16.8212
  17.0268
  17.2340
  17.4348
  17.6405
  17.8334
  18.0377
  18.2309
  18.4305
  18.6223
  18.8109
  18.9930
  19.1781
  19.3490
  19.5136
  19.6749
  19.8266
  19.9688
  20.1252
  20.2831
  20.4505
  20.6197
  20.8033
  20.9791
  21.1628
  21.3369
  21.5048
  21.6553
  21.8136
  21.9576
  22.1098
  22.2683
  22.4268
  22.5726
  22.7090
  22.8358
  22.9530
  23.0686
  23.1811
  23.2904
  23.3980
  23.5042
  23.6087
  23.7119
  23.8103
  23.9057
  23.9981
  24.0890
  24.1782
  24.2677
  24.3602
  24.4512
  24.5442
  24.6374
  24.7339
  24.8290
  24.9308
  25.0320
  25.1260
  25.2268
  25.3277
  25.4289
  25.5302
  25.6378
  25.7409
  25.8425
  25.9505
  26.0523
  26.1588
  26.2669
  26.3800
  26.4867
  26.6082
  26.7249
  26.8370
  26.9426
  27.0501
  27.1563
  27.2657
  27.3819
  27.4934
  27.6098
  27.7262
  27.8411
  27.9545
  28.0666
  28.1805
  28.2897
  28.3943
  28.4956
  28.6006
  28.7038
  28.8057
  28.9030
  29.0055
  29.1129
  29.2172
  29.3217
  29.4282
  29.5363
  29.6494
  29.7578
  29.8647
  29.9750
  30.0855
  30.1976
  30.3132
  30.4208
  30.5299
  30.6361
  30.7437
  30.8516
  30.9608
  31.0639
  31.1652
  31.2700
  31.3681
  31.4661
  31.5546
  31.6463
  31.7364
  31.8265
  31.9147
  31.9998
  32.0883
  32.1719
  32.2618
  32.3469
  32.4351
  32.5167
  32.6015
  32.6750
  32.7517
  32.8090
  32.8711
  32.9285
  32.9873
  33.0444
  33.1030
  33.1581
  33.2007
  33.2417
  33.2830
  33.3273
  33.3636
  33.3985
  33.4283
  33.4596
  33.4956
  33.5313
  33.5752
  33.6156
  33.6542
  33.6976
  33.7425
  33.7788
  33.8149
  33.8398
  33.8679
  33.8877
  33.9060
  33.9128
  33.9197
  33.9267
  33.9269
  33.9241
  33.9161
  33.9017
  33.8949
  33.8842
  33.8714
  33.8555
  33.8379
  33.8159
  33.7967
  33.7726
  33.7470
  33.7224
  33.6922
  33.6683
  33.6443
  33.6203
  33.5947
  33.5678
  33.5405
  33.5086
  33.4815
  33.4449
  33.4082
  33.3746
  33.3459
  33.3093
  33.2806
  33.2471
  33.2247
  33.1960
  33.1752
  33.1479
  33.1206
  33.0838
  33.0531
  33.0256
  33.0044
  32.9757
  32.9429
  32.9169
  32.8964
  32.8795
  32.8531
  32.8270
  32.8011
  32.7673
  32.7414
  32.7126
  32.6789
  32.6436
  32.6148
  32.5829
  32.5572
  32.5266
  32.4978
  32.4704
  32.4479
  32.4267
  32.4071
  32.3941
  32.3826
  32.3760
  32.3760
  32.3731
  32.3741
  32.3802
  32.3847
  32.3861
  32.3871
  32.3898
  32.4007
  32.4064
  32.4081
  32.4089
  32.4031
  32.4020
  32.3978
  32.3919
  32.3874
  32.3812
  32.3684
  32.3537
  32.3438
  32.3274
  32.3061
  32.2750
  32.2391
  32.1936
  32.1481
  32.1025
  32.0505
  32.0032
  31.9671
  31.9310
  31.8981
  31.8605
  31.8180
  31.7670
  31.7219
  31.6726
  31.6261
  31.5724
  31.5196
  31.4652
  31.4057
  31.3443
  31.2861
  31.2229
  31.1515
  31.0766
  31.0080
  30.9347
  30.8581
  30.7816
  30.7162
  30.6489
  30.5832
  30.5128
  30.4406
  30.3667
  30.2929
  30.2158
  30.1388
  30.0553
  29.9701
  29.8851
  29.7968
  29.7036
  29.6119
  29.5187
  29.4223
  29.3258
  29.2262
  29.1263
  29.0232
  28.9298
  28.8267
  28.7220
  28.6188
  28.5126
  28.4065
  28.3034
  28.1973
  28.0911
  27.9896
  27.8900
  27.7935
  27.6985
  27.6049
  27.5129
  27.4111
  27.3140
  27.2119
  27.1033
  26.9964
  26.8892
  26.7885
  26.6876
  26.5932
  26.4971
  26.4024
  26.3078
  26.2115
  26.1087
  26.0058
  25.9076
  25.8189
  25.7285
  25.6350
  25.5512
  25.4708
  25.3856
  25.3002
  25.2133
  25.1294
  25.0393
  24.9507
  24.8604
  24.7780
  24.6876
  24.5970
  24.5031
  24.4107
  24.3165
  24.2142
  24.1199
  24.0157
  23.9114
  23.8088
  23.7060
  23.5969
  23.4892
  23.3795
  23.2716
  23.1701
  23.0671
  22.9674
  22.8724
  22.7760
  22.6780
  22.5848
  22.4899
  22.3967
  22.3065
  22.2116
  22.1136
  22.0153
  21.9156
  21.8109
  21.7079
  21.6050
  21.5038
  21.3993
  21.2949
  21.1891
  21.0785
  20.9666
  20.8432
  20.7150
  20.5884
  20.4617
  20.3369
  20.2021
  20.0691
  19.9395
  19.8163
  19.6901
  19.5529
  19.4190
  19.2834
  19.1527
  19.0172
  18.8802
  18.7417
  18.6078
  18.4724
  18.3403
  18.2033
  18.0664
  17.9248
  17.7929
  17.6516
  17.5104
  17.3707
  17.2310
  17.1013
  16.9618
  16.8271
  16.6974
  16.5724
  16.4412
  16.3181
  16.1886
  16.0561
  15.9253
  15.7833
  15.6427
  15.4893
  15.3359
  15.1841
  15.0338
  14.8786
  14.7252
  14.5736
  14.4204
  14.2657
  14.1093
  13.9530
  13.8033
  13.6585
  13.5135
  13.3653
  13.2253
  13.0837
  12.9406
  12.7991
  12.6624
  12.5241
  12.3957
  12.2721
  12.1456
  12.0208
  11.8927
  11.7711
  11.6464
  11.5264
  11.4063
  11.2814
  11.1693
  11.0507
  10.9354
  10.8153
  10.6951
  10.5766
  10.4596
  10.3413
  10.2230
  10.1000
   9.9803
   9.8589
   9.7394
   9.6216
   9.5117
   9.4033
   9.2885
   9.1754
   9.0654
   8.9587
   8.8521
   8.7407
   8.6294
   8.5213
   8.4083
   8.2970
   8.1905
   8.0872
   7.9887
   7.8950
   7.8030
   7.7076
   7.6138
   7.5183
   7.4261
   7.3368
   7.2443
   7.1568
   7.0692
   6.9864
   6.9036
   6.8159
   6.7331
   6.6471
   6.5675
   6.4816
   6.4021
   6.3210
   6.2432
   6.1589
   6.0826
   5.9997
   5.9218
   5.8455
   5.7610
   5.6815
   5.5988
   5.5209
   5.4399
   5.3556
   5.2779
   5.1906
   5.1098
   5.0258
   4.9433
   4.8609
   4.7768
   4.6944
   4.6089
   4.5218
   4.4345
   4.3490
   4.2635
   4.1779
   4.0907
   4.0053
   3.9152
   3.8251
   3.7382
   3.6451
   3.5488
   3.4543
   3.3614
   3.1126
   2.8766
   2.6520
   2.4401
   2.2365
   2.0331
   1.8426
   1.6554
   1.4844
   1.3215
   1.1538
   0.9846
   0.8186
   0.6542
   0.4933
   0.3305
   0.1712
   0.0167
  -0.1361
  -0.2873
  -0.4369
  -0.5767
  -0.7131
  -0.8528
  -0.9941
  -1.1339
  -1.2689
  -1.4007
  -1.5438
  -1.6737
