 -20.7927
 -20.7665
 -20.7385
 -20.7054
 -20.6692
 -20.6277
 -20.5863
 -20.5400
 -20.4936
 -20.4455
 -20.3975
 -20.3444
 -20.2864
 -20.2283
 -20.1702
 -20.1054
 -20.0389
 -19.9741
 -19.9027
 -19.8328
 -19.7630
 -19.6864
 -19.6183
 -19.5417
 -19.4636
 -19.3820
 -19.2988
 -19.2172
 -19.1355
 -19.0490
 -18.9605
 -18.8737
 -18.7901
 -18.7099
 -18.6261
 -18.5425
 -18.4588
 -18.3786
 -18.3018
 -18.2300
 -18.1650
 -18.1017
 -18.0434
 -17.9767
 -17.9134
 -17.8502
 -17.7885
 -17.7221
 -17.6488
 -17.5640
 -17.4792
 -17.3862
 -17.2998
 -17.2068
 -17.1138
 -17.0092
 -16.9061
 -16.8066
 -16.7036
 -16.5957
 -16.4878
 -16.3849
 -16.2803
 -16.1792
 -16.0846
 -15.9949
 -15.9138
 -15.8259
 -15.7495
 -15.6748
 -15.6033
 -15.5286
 -15.4606
 -15.3959
 -15.3278
 -15.2615
 -15.2001
 -15.1354
 -15.0706
 -15.0058
 -14.9442
 -14.8776
 -14.8143
 -14.7441
 -14.6806
 -14.6153
 -14.5551
 -14.4963
 -14.4360
 -14.3807
 -14.3271
 -14.2703
 -14.2101
 -14.1502
 -14.0970
 -14.0474
 -13.9977
 -13.9514
 -13.9016
 -13.8569
 -13.8088
 -13.7539
 -13.6990
 -13.6441
 -13.5959
 -13.5427
 -13.4911
 -13.4378
 -13.3877
 -13.3394
 -13.2928
 -13.2445
 -13.1977
 -13.1477
 -13.1010
 -13.0576
 -13.0126
 -12.9642
 -12.9091
 -12.8526
 -12.7992
 -12.7426
 -12.6827
 -12.6194
 -12.5529
 -12.4798
 -12.4067
 -12.3270
 -12.2539
 -12.1726
 -12.0863
 -11.9985
 -11.9090
 -11.8146
 -11.7169
 -11.6193
 -11.5199
 -11.4170
 -11.3208
 -11.2212
 -11.1232
 -11.0203
 -10.9209
 -10.8249
 -10.7290
 -10.6317
 -10.5360
 -10.4388
 -10.3383
 -10.2412
 -10.1357
 -10.0335
  -9.9380
  -9.8458
  -9.7568
  -9.6628
  -9.5671
  -9.4747
  -9.3805
  -9.2965
  -9.2174
  -9.1416
  -9.0758
  -9.0134
  -8.9477
  -8.8869
  -8.8295
  -8.7689
  -8.7132
  -8.6560
  -8.5922
  -8.5300
  -8.4661
  -8.3989
  -8.3333
  -8.2645
  -8.1956
  -8.1316
  -8.0727
  -8.0204
  -7.9647
  -7.9107
  -7.8567
  -7.8027
  -7.7487
  -7.6979
  -7.6505
  -7.5980
  -7.5571
  -7.5146
  -7.4753
  -7.4378
  -7.4018
  -7.3706
  -7.3410
  -7.3164
  -7.2934
  -7.2671
  -7.2444
  -7.2200
  -7.1972
  -7.1815
  -7.1640
  -7.1482
  -7.1323
  -7.1164
  -7.0971
  -7.0779
  -7.0503
  -7.0260
  -6.9932
  -6.9671
  -6.9378
  -6.9067
  -6.8740
  -6.8381
  -6.8071
  -6.7761
  -6.7484
  -6.7208
  -6.6915
  -6.6658
  -6.6381
  -6.6057
  -6.5715
  -6.5439
  -6.5131
  -6.4871
  -6.4596
  -6.4320
  -6.4064
  -6.3838
  -6.3681
  -6.3490
  -6.3350
  -6.3194
  -6.3071
  -6.2881
  -6.2708
  -6.2436
  -6.2148
  -6.1910
  -6.1640
  -6.1403
  -6.1198
  -6.1010
  -6.0806
  -6.0618
  -6.0463
  -6.0208
  -5.9971
  -5.9701
  -5.9448
  -5.9163
  -5.8895
  -5.8644
  -5.8377
  -5.8127
  -5.7909
  -5.7756
  -5.7619
  -5.7532
  -5.7460
  -5.7355
  -5.7265
  -5.7160
  -5.7038
  -5.6949
  -5.6876
  -5.6934
  -5.6993
  -5.7135
  -5.7210
  -5.7320
  -5.7447
  -5.7541
  -5.7684
  -5.7777
  -5.7903
  -5.7930
  -5.7990
  -5.8017
  -5.7960
  -5.7956
  -5.7932
  -5.7928
  -5.7923
  -5.7901
  -5.7798
  -5.7743
  -5.7642
  -5.7503
  -5.7383
  -5.7245
  -5.7141
  -5.7054
  -5.6918
  -5.6831
  -5.6778
  -5.6726
  -5.6704
  -5.6698
  -5.6658
  -5.6651
  -5.6644
  -5.6638
  -5.6631
  -5.6625
  -5.6603
  -5.6598
  -5.6613
  -5.6642
  -5.6719
  -5.6797
  -5.6875
  -5.6953
  -5.7047
  -5.7175
  -5.7319
  -5.7448
  -5.7512
  -5.7560
  -5.7558
  -5.7524
  -5.7540
  -5.7557
  -5.7591
  -5.7640
  -5.7723
  -5.7791
  -5.7827
  -5.7849
  -5.7838
  -5.7843
  -5.7864
  -5.7833
  -5.7835
  -5.7804
  -5.7774
  -5.7728
  -5.7731
  -5.7701
  -5.7671
  -5.7673
  -5.7625
  -5.7592
  -5.7544
  -5.7496
  -5.7448
  -5.7466
  -5.7467
  -5.7500
  -5.7549
  -5.7616
  -5.7649
  -5.7715
  -5.7764
  -5.7863
  -5.7911
  -5.7959
  -5.8007
  -5.8089
  -5.8188
  -5.8322
  -5.8422
  -5.8521
  -5.8574
  -5.8676
  -5.8781
  -5.8917
  -5.9022
  -5.9140
  -5.9227
  -5.9268
  -5.9306
  -5.9345
  -5.9351
  -5.9341
  -5.9330
  -5.9321
  -5.9310
  -5.9318
  -5.9308
  -5.9299
  -5.9291
  -5.9265
  -5.9189
  -5.9064
  -5.8906
  -5.8764
  -5.8638
  -5.8477
  -5.8317
  -5.8123
  -5.7912
  -5.7718
  -5.7558
  -5.7398
  -5.7271
  -5.7145
  -5.7101
  -5.7024
  -5.6981
  -5.6953
  -5.6909
  -5.6848
  -5.6788
  -5.6761
  -5.6766
  -5.6805
  -5.6794
  -5.6733
  -5.6656
  -5.6628
  -5.6600
  -5.6588
  -5.6543
  -5.6449
  -5.6305
  -5.6145
  -5.5935
  -5.5676
  -5.5368
  -5.5027
  -5.4702
  -5.4409
  -5.4133
  -5.3888
  -5.3627
  -5.3380
  -5.3150
  -5.2936
  -5.2739
  -5.2574
  -5.2457
  -5.2342
  -5.2276
  -5.2192
  -5.2092
  -5.1975
  -5.1857
  -5.1757
  -5.1622
  -5.1505
  -5.1388
  -5.1237
  -5.1086
  -5.0969
  -5.0901
  -5.0833
  -5.0716
  -5.0566
  -5.0417
  -5.0235
  -5.0086
  -4.9970
  -4.9756
  -4.9492
  -4.9228
  -4.8899
  -4.8553
  -4.8142
  -4.7763
  -4.7385
  -4.7040
  -4.6711
  -4.6351
  -4.5990
  -4.5597
  -4.5154
  -4.4663
  -4.4187
  -4.3779
  -4.3354
  -4.2880
  -4.2390
  -4.1868
  -4.1329
  -4.0774
  -4.0203
  -3.9665
  -3.9160
  -3.8705
  -3.8316
  -3.7977
  -3.7653
  -3.7330
  -3.7008
  -3.6668
  -3.6329
  -3.6006
  -3.5651
  -3.5295
  -3.4923
  -3.4485
  -3.3948
  -3.3394
  -3.2774
  -3.2171
  -3.1584
  -3.0998
  -3.0395
  -2.9792
  -2.9222
  -2.8619
  -2.8000
  -2.7429
  -2.6859
  -2.6289
  -2.5735
  -2.5181
  -2.4660
  -2.4172
  -2.3700
  -2.3262
  -2.2823
  -2.2401
  -2.2045
  -2.1755
  -2.1464
  -2.1208
  -2.0983
  -2.0792
  -2.0617
  -2.0443
  -2.0268
  -2.0060
  -1.9852
  -1.9628
  -1.9387
  -1.9147
  -1.8906
  -1.8699
  -1.8474
  -1.8201
  -1.7894
  -1.7571
  -1.7280
  -1.6990
  -1.6732
  -1.6508
  -1.6283
  -1.6108
  -1.5933
  -1.5725
  -1.5484
  -1.5210
  -1.4920
  -1.4614
  -1.4341
  -1.4052
  -1.3762
  -1.3456
  -1.3200
  -1.2960
  -1.2787
  -1.2679
  -1.2587
  -1.2512
  -1.2404
  -1.2296
  -1.2138
  -1.1981
  -1.1807
  -1.1649
  -1.1475
  -1.1334
  -1.1160
  -1.1003
  -1.0846
  -1.0705
  -1.0564
  -1.0407
  -1.0234
  -1.0061
  -0.9920
  -0.9796
  -0.9721
  -0.9629
  -0.9571
  -0.9512
  -0.9453
  -0.9412
  -0.9336
  -0.9310
  -0.9202
  -0.9061
  -0.8986
  -0.8927
  -0.8851
  -0.8792
  -0.8782
  -0.8707
  -0.8632
  -0.8523
  -0.8448
  -0.8390
  -0.8298
  -0.8191
  -0.8067
  -0.7943
  -0.7885
  -0.7794
  -0.7736
  -0.7695
  -0.7687
  -0.7662
  -0.7604
  -0.7546
  -0.7438
  -0.7347
  -0.7207
  -0.7033
  -0.6826
  -0.6505
  -0.6068
  -0.5565
  -0.5096
  -0.4626
  -0.4091
  -0.3606
  -0.3104
  -0.2652
  -0.2167
  -0.1764
  -0.1344
  -0.1008
  -0.0605
  -0.0202
   0.0201
   0.0604
   0.1040
   0.1425
   0.1746
   0.2034
   0.2322
   0.2594
   0.2881
   0.3218
   0.3538
   0.3925
   0.4278
   0.4631
   0.5051
   0.5470
   0.5939
   0.6358
   0.6761
   0.7196
   0.7599
   0.7968
   0.8322
   0.8658
   0.8929
   0.9217
   0.9488
   0.9694
   0.9801
   0.9908
   1.0015
   1.0073
   1.0114
   1.0140
   1.0132
   1.0141
   1.0216
   1.0307
   1.0382
   1.0375
   1.0352
   1.0345
   1.0337
   1.0281
   1.0224
   1.0135
   0.9947
   0.9710
   0.9374
   0.9088
   0.8735
   0.8301
   0.7899
   0.7482
   0.7031
   0.6581
   0.6163
   0.5779
   0.5411
   0.4960
   0.4543
   0.4059
   0.3674
   0.3207
   0.2855
   0.2585
   0.2397
   0.2208
   0.2020
   0.1849
   0.1726
   0.1653
   0.1563
   0.1489
   0.1449
   0.1359
   0.1269
   0.1212
   0.1188
   0.1180
   0.1172
   0.1164
   0.1140
   0.1115
   0.1173
   0.1230
   0.1239
   0.1215
   0.1272
   0.1428
   0.1552
   0.1675
   0.1815
   0.1938
   0.2159
   0.2381
   0.2603
   0.2874
   0.3145
   0.3481
   0.3932
   0.4334
   0.4719
   0.5154
   0.5621
   0.6089
   0.6622
   0.7187
   0.7687
   0.8285
   0.8867
   0.9548
   1.0179
   1.0843
   1.1458
   1.2105
   1.2703
   1.3417
   1.4048
   1.4761
   1.5474
   1.6122
   1.6851
   1.7434
   1.8163
   1.8779
   1.9328
   1.9878
   2.0427
   2.1075
   2.1674
   2.2256
   2.2757
   2.3290
   2.3824
   2.4275
   2.4759
   2.5260
   2.5727
   2.6098
   2.6467
   2.6837
   2.7222
   2.7625
   2.8027
   2.8364
   2.8702
   2.9072
   2.9425
   2.9730
   3.0100
   3.0470
   3.0824
   3.1161
   3.1385
   3.1575
   3.1831
   3.2185
   3.2391
   3.2582
   3.2773
   3.2882
   3.3056
   3.3197
   3.3322
   3.3447
   3.3491
   3.3420
   3.3431
   3.3425
   3.3371
   3.3349
   3.3246
   3.3208
   3.3088
   3.2985
   3.2866
   3.2730
   3.2447
   3.2213
   3.1930
   3.1647
   3.1364
   3.1098
   3.0880
   3.0598
   3.0298
   3.0016
   2.9684
   2.9319
   2.8874
   2.8427
   2.7997
   2.7536
   2.7122
   2.6676
   2.6296
   2.5899
   2.5437
   2.5040
   2.4659
   2.4262
   2.3865
   2.3469
   2.3007
   2.2578
   2.2181
   2.1801
   2.1388
   2.1009
   2.0628
   2.0216
   1.9787
   1.9341
   1.8961
   1.8663
   1.8415
   1.8084
   1.7753
   1.7407
   1.7126
   1.6828
   1.6547
   1.6250
   1.5969
   1.5656
   1.5358
   1.5094
   1.4960
   1.4695
   1.4529
   1.4329
   1.4179
   1.4045
   1.3944
   1.3809
   1.3757
   1.3704
   1.3701
   1.3763
   1.3857
   1.3951
   1.4128
   1.4320
   1.4480
   1.4607
   1.4766
   1.4975
   1.5216
   1.5425
   1.5666
   1.5890
   1.6131
   1.6340
   1.6613
   1.6773
   1.6964
   1.7172
   1.7315
   1.7474
   1.7584
   1.7758
   1.7835
   1.7912
   1.7989
   1.8066
   1.8126
   1.8170
   1.8148
   1.8158
   1.8185
   1.8195
   1.8173
   1.8150
   1.8095
   1.8007
   1.7951
   1.7749
   1.7613
   1.7459
   1.7387
   1.7283
   1.7145
   1.6991
   1.6886
   1.6798
   1.6709
   1.6571
   1.6531
   1.6361
   1.6337
   1.6200
   1.6111
   1.5956
   1.5834
   1.5614
   1.5492
   1.5354
   1.5248
   1.5126
   1.5054
   1.4899
   1.4728
   1.4558
   1.4371
   1.4200
   1.4014
   1.3827
   1.3607
   1.3371
   1.3201
   1.3046
   1.2973
   1.2868
   1.2746
   1.2641
   1.2567
   1.2543
   1.2470
   1.2349
   1.2341
   1.2367
   1.2343
   1.2386
   1.2428
   1.2470
   1.2593
   1.2652
   1.2744
   1.2901
   1.3042
   1.3167
   1.3308
   1.3466
   1.3591
   1.3798
   1.3972
   1.4130
   1.4369
   1.4592
   1.4766
   1.4941
   1.5082
   1.5273
   1.5448
   1.5704
   1.5895
   1.6070
   1.6309
   1.6500
   1.6723
   1.6832
   1.7023
   1.7198
   1.7372
   1.7595
   1.7949
   1.8205
   1.8494
   1.8767
   1.9055
   1.9327
   1.9665
   2.0052
   2.0422
   2.0890
   2.1325
   2.1842
   2.2359
   2.2925
   2.3508
   2.4074
   2.4672
   2.5222
   2.5836
   2.6483
   2.7147
   2.7860
   2.8523
   2.9203
   2.9997
   3.0711
   3.1374
   3.2039
   3.2737
   3.3434
   3.4100
   3.4668
   3.5349
   3.6029
   3.6645
   3.7341
   3.8037
   3.8717
   3.9365
   4.0013
   4.0677
   4.1341
   4.2039
   4.2752
   4.3465
   4.4210
   4.4955
   4.5683
   4.6444
   4.7237
   4.7933
   4.8678
   4.9454
   5.0166
   5.0959
   5.1703
   5.2449
   5.3193
   5.4003
   5.4813
   5.5558
   5.6190
   5.6886
   5.7533
   5.8163
   5.8826
   5.9522
   6.0233
   6.0862
   6.1491
   6.2071
   6.2635
   6.3166
   6.3714
   6.4245
   6.4792
   6.5291
   6.5757
   6.6238
   6.6606
   6.6958
   6.7325
   6.7594
   6.7829
   6.8065
   6.8252
   6.8456
   6.8708
   6.8976
   6.9243
   6.9526
   6.9793
   7.0109
   7.0441
   7.0805
   7.1186
   7.1519
   7.1837
   7.2187
   7.2487
   7.2833
   7.3146
   7.3522
   7.3882
   7.4242
   7.4555
   7.4885
   7.5215
   7.5581
   7.5880
   7.6227
   7.6590
   7.6919
   7.7280
   7.7688
   7.7966
   7.8309
   7.8732
   7.9043
   7.9338
   7.9568
   7.9814
   8.0059
   8.0288
   8.0499
   8.0727
   8.0874
   8.0971
   8.1004
   8.1085
   8.1118
   8.1101
   8.1150
   8.1167
   8.1150
   8.1084
   8.1035
   8.1003
   8.0923
   8.0876
   8.0927
   8.0963
   8.0918
   8.0940
   8.1027
   8.1064
   8.1117
   8.1136
   8.1139
   8.1125
   8.1161
   8.1099
   8.1070
   8.1024
   8.0866
   8.0594
   8.0322
   8.0001
   7.9712
   7.9342
   7.9070
   7.8687
   7.8320
   7.7906
   7.7491
   7.7061
   7.6615
   7.6134
   7.5588
   7.5088
   7.4492
   7.3847
   7.3122
   7.2430
   7.1723
   7.0968
   7.0164
   6.9359
   6.8440
   6.7634
   6.6778
   6.5953
   6.5210
   6.4467
   6.3758
   6.3064
   6.2339
   6.1614
   6.0939
   6.0232
   5.9525
   5.8850
   5.8128
   5.7405
   5.6666
   5.5927
   5.5237
   5.4465
   5.3661
   5.2904
   5.2033
   5.1226
   5.0386
   4.9610
   4.8818
   4.8042
   4.7299
   4.6557
   4.5799
   4.5026
   4.4236
   4.3398
   4.2609
   4.1803
   4.0998
   4.0240
   3.9563
   3.8837
   3.8209
   3.7549
   3.7050
   3.6406
   3.5908
   3.5329
   3.4605
   3.3962
   3.3317
   3.2721
   3.2124
   3.1739
   3.1078
   3.0498
   2.9838
   2.9291
   2.8615
   2.7938
   2.7311
   2.6635
   2.6009
   2.5415
   2.4822
   2.4262
   2.3622
   2.2950
   2.2246
   2.1494
   2.0725
   2.0021
   1.9399
   1.8727
   1.8087
   1.7448
   1.6809
   1.6251
   1.5629
   1.5055
   1.4465
   1.3875
   1.3318
   1.2794
   1.2270
   1.1811
   1.1272
   1.0781
   1.0240
   0.9714
   0.9141
   0.8583
   0.8025
   0.7531
   0.6970
   0.6489
   0.5960
   0.5528
   0.5095
   0.4663
   0.4233
   0.3837
   0.3472
   0.3026
   0.2597
   0.2055
   0.1512
   0.0939
   0.0432
  -0.0027
  -0.0486
  -0.0992
  -0.1450
  -0.2021
  -0.2673
  -0.3162
  -0.3602
  -0.4026
  -0.4498
  -0.4908
  -0.5365
  -0.5839
  -0.6231
  -0.6608
  -0.7016
  -0.7441
  -0.7800
  -0.8112
  -0.8457
  -0.8688
  -0.8919
  -0.9102
  -0.9349
  -0.9646
  -0.9958
  -1.0271
  -1.0568
  -1.0931
  -1.1294
  -1.1608
  -1.1939
  -1.2285
  -1.2566
  -1.2863
  -1.3176
  -1.3488
  -1.3815
  -1.4125
  -1.4464
  -1.4755
  -1.5158
  -1.5498
  -1.5856
  -1.6165
  -1.6537
  -1.6811
  -1.7116
  -1.7423
  -1.7825
  -1.8146
  -1.8338
  -1.8660
  -1.8966
  -1.9192
  -1.9370
  -1.9500
  -1.9581
  -1.9486
  -1.9392
  -1.9316
  -1.9062
  -1.8889
  -1.8701
  -1.8561
  -1.8227
  -1.8055
  -1.7753
  -1.7500
  -1.7134
  -1.6817
  -1.6465
  -1.6034
  -1.5650
  -1.5216
  -1.4864
  -1.4479
  -1.4062
  -1.3741
  -1.3307
  -1.2857
  -1.2519
  -1.2085
  -1.1795
  -1.1408
  -1.1006
  -1.0555
  -1.0071
  -0.9618
  -0.9150
  -0.8663
  -0.8243
  -0.7774
  -0.7386
  -0.7096
  -0.6806
  -0.6485
  -0.6245
  -0.5925
  -0.5639
  -0.5304
  -0.5000
  -0.4535
  -0.4150
  -0.3778
  -0.3457
  -0.3102
  -0.2715
  -0.2440
  -0.2018
  -0.1577
  -0.1202
  -0.0939
  -0.0548
  -0.0223
   0.0070
   0.0332
   0.0594
   0.0806
   0.0957
   0.1046
   0.1216
   0.1306
   0.1391
   0.1586
   0.1729
   0.1857
   0.2015
   0.2177
   0.2346
   0.2471
   0.2732
   0.2967
   0.3254
   0.3514
   0.3839
   0.4195
   0.4533
   0.4870
   0.5204
   0.1758
  -0.1655
  -0.4940
  -0.8289
  -1.1525
  -1.4793
  -1.7997
  -2.1136
  -2.4241
  -2.7300
  -3.0278
  -3.3224
  -3.6137
  -3.9051
  -4.1866
  -4.4634
  -4.7417
  -5.0280
  -5.3143
  -5.6104
  -5.9097
  -6.2075
  -6.5086
  -6.8161
  -7.1266
  -7.4372
  -7.7443
  -8.0548
  -8.3749
  -8.6854
