 990.8202
1021.3693
1051.8464
1082.2579
1112.6038
1142.8842
1173.0989
1203.2482
1233.3153
1263.3170
1293.2531
1323.1235
1352.9285
1382.6678
1412.3252
1441.9170
1471.4431
1500.9038
1530.2988
1559.6283
1588.8759
1618.0577
1647.1741
1676.2249
1705.2101
1734.1298
1762.9739
1791.7460
1820.4524
1849.0934
1877.6687
1873.5048
1869.3473
1865.1833
1861.0194
1856.8555
1852.6915
1848.5276
1844.3701
1840.2062
1836.0422
1831.8783
1827.7144
1823.5504
1819.4030
1815.2390
1811.0751
1806.9111
1802.7472
1798.5833
1794.4357
1790.2782
1786.1143
1781.9503
1777.7864
1773.6226
1769.4750
1765.3175
1761.1536
1756.9896
1752.8257
1748.6617
1744.5078
1740.3503
1736.1864
1732.0225
1727.8585
1723.6946
1719.5306
1715.3732
1711.2092
1707.0453
1702.8813
1698.7174
1694.5535
1690.3960
1686.2385
1682.0747
1677.9108
1673.7468
1669.5829
1665.4353
1661.2778
1657.1139
1652.9500
1648.7860
1644.6221
1640.4681
1636.3107
1632.1467
1627.9828
1623.8188
1619.6549
1615.5009
1611.3435
1607.1796
1603.0156
1598.8517
1594.6877
1590.5337
1586.3762
1582.2188
1578.0549
1573.8910
1569.7271
1565.5631
1561.4056
1557.2482
1553.0842
1548.9203
1544.7563
1540.5924
1536.4285
1532.2711
1528.1072
1523.9432
1519.7793
1515.6154
1511.4613
1507.3038
1503.1399
1498.9760
1494.8120
1490.6482
1486.4941
1482.3367
1478.1792
1474.0153
1469.8513
1465.6874
1461.5334
1457.3760
1453.2185
1449.0546
1444.8906
1440.7267
1436.5728
1432.4088
1428.2513
1424.0874
1419.9235
1415.7595
1411.5956
1407.4316
1403.2743
1399.1104
1394.9464
1390.7825
1386.6185
1382.4546
1378.2971
1374.1398
1369.9758
1365.8119
1361.6479
1357.4939
1353.3364
1349.1790
1345.0151
1340.8512
1336.6873
1332.5332
1328.3693
1324.2118
1320.0479
1315.8839
1311.7200
1307.5660
1303.4021
1299.2446
1295.0807
1290.9167
1286.7528
1282.5989
1278.4349
1274.2775
1270.1200
1265.9561
1261.7921
1257.6282
1253.4644
1249.3069
1245.1494
1240.9855
1236.8215
1232.6576
1228.4938
1224.3298
1220.1724
1216.0084
1211.8445
1207.6805
1203.5265
1199.3627
1195.2052
1191.0413
1186.8773
1182.7134
1178.5593
1174.3954
1170.2380
1166.0806
1161.9166
1157.7527
1153.5986
1149.4348
1145.2773
1141.1199
1136.9559
1132.7920
1128.6381
1124.4741
1120.3102
1116.1527
1111.9888
1107.8248
1103.6609
1099.4971
1095.3331
1091.1757
1087.0117
1082.8478
1078.6838
1074.5200
1070.3561
1066.1986
1062.0413
1057.8773
1053.7134
1049.5593
1045.3954
1041.2379
1037.0806
1032.9166
1028.7527
1024.5986
1020.4347
1016.2708
1012.1133
1007.9495
1003.7855
 999.6315
 995.4675
 991.3036
 987.1462
 982.9822
 978.8184
 974.6643
 970.5004
 966.3364
 962.1790
 958.0151
 953.8511
 949.6873
 945.5233
 941.3594
 937.2020
 933.0446
 928.8806
 924.7167
 920.5528
 916.3889
 912.2249
 908.0675
 903.9036
 899.7397
 895.5856
 891.4217
 887.2578
 883.1003
 878.9364
 874.7725
 870.6184
 866.4545
 862.2906
 858.1332
 853.9692
 849.8053
 845.6512
 841.4874
 837.3234
 833.1660
 829.0086
 824.8447
 820.6906
 816.5267
 812.3628
 808.1989
 804.0414
 799.8775
 795.7136
 791.5497
 787.3857
 783.2219
 779.0645
 774.9005
 770.7366
 766.5726
 762.4088
 758.2448
 754.0874
 749.9235
 745.7595
 741.6055
 737.4415
 733.2776
 729.1202
 724.9628
 720.7989
 716.6448
 712.4809
 708.3170
 704.1596
 700.0022
 695.8383
 691.6842
 687.5203
 683.3564
 679.1924
 675.0350
 670.8711
 666.7170
 662.5532
 658.3892
 654.2253
 650.0679
 645.9040
 641.7401
 637.5761
 633.4122
 629.2483
 625.0909
 620.9335
 616.7695
 612.6057
 608.4417
 604.2778
 600.1204
 595.9630
 591.7991
 587.6450
 583.4811
 579.3171
 575.1533
 570.9958
 566.8319
 562.6779
 558.5139
 554.3500
 550.1861
 546.0287
 541.8647
 537.7107
 533.5468
 529.3829
 525.2189
 521.0615
 516.9042
 512.7501
 508.5862
 504.4222
 500.2583
 496.1010
 491.9435
 487.7796
 483.6157
 479.4518
 475.2879
 471.1239
 466.9666
 462.8026
 458.6387
 454.4748
 450.3109
 446.1469
 441.9896
 437.8256
 433.6715
 429.5076
 425.3437
 421.1798
 417.0224
 412.8650
 408.7109
 404.5470
 400.3831
 396.2192
 392.0618
 387.9044
 383.7503
 379.5864
 375.4225
 371.2586
 367.0947
 362.9373
 358.7832
 354.6193
 350.4554
 346.2914
 342.1275
 337.9702
 333.8062
 329.6423
 325.4784
 321.3145
 317.1505
 312.9932
 308.8358
 304.6719
 300.5079
 296.3440
 292.1801
 288.0227
 283.8654
 279.7113
 275.5474
 271.3834
 267.2195
 263.0556
 258.8982
 254.7441
 250.5802
 246.4163
 242.2524
 238.0885
 233.9311
 229.7770
 225.6131
 221.4492
 217.2852
 213.1213
 208.9639
 204.8164
 200.6525
 196.4886
 192.3247
 188.1607
 184.0034
 179.8460
 175.6821
 171.5182
 167.3542
 163.1903
 159.0264
 154.8690
 150.7051
 146.5412
 142.3773
 138.2134
 134.0494
 129.8921
 125.8003
 121.7741
 117.8135
 113.9184
 110.0889
 106.3316
 102.6496
  99.0333
  95.4825
  91.9973
  88.5776
  85.2301
  81.9580
  78.7515
  75.6105
  72.5351
  69.5253
  66.5811
  63.7189
  60.9222
  58.1910
  55.5255
  52.9255
  50.3911
  47.9289
  45.5420
  43.2208
  40.9650
  38.7749
  36.6504
  34.5979
  32.6209
  30.7095
  28.8636
  27.0833
  25.3686
  23.7260
  22.1588
  20.6572
  19.2278
  17.8639
  16.5656
  15.3329
  14.1821
  13.0969
  12.0773
  11.1233
  10.2348
   9.4119
   8.6710
   7.9957
   7.3859
   6.8417
   6.3631
   5.9500
   5.6190
   5.3534
   5.1535
   5.0192
   4.9504
   4.9472
   4.9538
   4.9604
   4.9670
   4.9736
   4.9802
   4.9868
   4.9935
   5.0001
   5.0067
   5.0133
   5.0199
   5.0265
   5.0332
   5.0398
   5.0464
   5.0530
   5.0596
   5.0728
   5.0860
   5.0992
   5.1125
   5.1257
   5.1389
   5.1521
   5.1653
   5.1785
   5.1917
   5.2049
   5.2181
   5.2313
   5.2446
   5.2578
   5.2710
   5.2842
   5.2974
   5.3106
   5.3238
   5.3371
   5.3503
   5.3569
   5.3636
   5.3702
   5.3768
   5.3835
   5.3901
   5.3967
   5.4034
   5.4100
   5.4167
   5.4233
   5.4299
   5.4366
   5.4432
   5.4499
   5.4565
   5.4632
   5.4698
   5.4830
   5.4963
   5.5095
   5.5228
   5.5360
   5.5492
   5.5625
   5.5757
   5.5890
   5.6022
   5.6155
   5.6287
   5.6420
   5.6552
   5.6685
   5.6817
   5.6950
   5.7082
   5.7214
   5.7347
   5.7479
   5.7546
   5.7613
   5.7679
   5.7746
   5.7813
   5.7879
   5.7946
   5.8013
   5.8079
   5.8146
   5.8212
   5.8279
   5.8346
   5.8412
   5.8479
   5.8546
   5.8612
   5.8679
   5.8812
   5.8945
   5.9077
   5.9210
   5.9343
   5.9476
   5.9608
   5.9741
   5.9874
   6.0007
   6.0139
   6.0272
   6.0405
   6.0538
   6.0671
   6.0804
   6.0936
   6.1069
   6.1202
   6.1335
   6.1468
   6.1600
   6.1667
   6.1734
   6.1801
   6.1868
   6.1935
   6.2002
   6.2069
   6.2135
   6.2202
   6.2269
   6.2336
   6.2403
   6.2470
   6.2537
   6.2604
   6.2671
   6.2738
   6.2871
   6.3004
   6.3137
   6.3270
   6.3403
   6.3536
   6.3669
   6.3802
   6.3935
   6.4069
   6.4202
   6.4335
   6.4468
   6.4601
   6.4734
   6.4867
   6.5001
   6.5134
   6.5267
   6.5400
   6.5533
   6.5666
   6.5734
   6.5801
   6.5868
   6.5935
   6.6002
   6.6069
   6.6136
   6.6203
   6.6270
   6.6338
   6.6405
   6.6472
   6.6539
   6.6606
   6.6673
   6.6740
   6.6808
   6.6875
   6.7008
   6.7142
   6.7275
   6.7408
   6.7542
   6.7675
   6.7809
   6.7942
   6.8076
   6.8209
   6.8343
   6.8476
   6.8610
   6.8743
   6.8877
   6.9010
   6.9144
   6.9277
   6.9411
   6.9544
   6.9678
   6.9745
   6.9812
   6.9880
   6.9947
   7.0014
   7.0082
   7.0149
   7.0216
   7.0284
   7.0351
   7.0419
   7.0486
   7.0553
   7.0621
   7.0688
   7.0755
   7.0823
   7.0890
   7.1024
   7.1158
   7.1292
   7.1425
   7.1559
   7.1693
   7.1827
   7.1960
   7.2094
   7.2228
   7.2362
   7.2496
   7.2629
   7.2763
   7.2897
   7.3031
   7.3165
   7.3299
   7.3432
   7.3566
   7.3700
   7.3834
   7.3902
   7.3969
   7.4037
   7.4104
   7.4172
   7.4240
   7.4307
   7.4375
   7.4442
   7.4510
   7.4578
   7.4645
   7.4713
   7.4781
   7.4848
   7.4916
   7.4983
   7.5051
   7.5185
   7.5319
   7.5453
   7.5588
   7.5722
   7.5856
   7.5990
   7.6124
   7.6258
   7.6392
   7.6526
   7.6661
   7.6795
   7.6929
   7.7063
   7.7197
   7.7331
   7.7466
   7.7600
   7.7734
   7.7868
   7.7936
   7.8004
   7.8072
   7.8140
   7.8207
   7.8275
   7.8343
   7.8411
   7.8479
   7.8547
   7.8615
   7.8682
   7.8750
   7.8818
   7.8886
   7.8954
   7.9022
   7.9090
   7.9224
   7.9359
   7.9493
   7.9627
   7.9762
   7.9896
   8.0031
   8.0165
   8.0300
   8.0434
   8.0569
   8.0703
   8.0838
   8.0972
   8.1107
   8.1241
   8.1376
   8.1510
   8.1645
   8.1779
   8.1914
   8.2048
   8.2116
   8.2185
   8.2253
   8.2321
   8.2389
   8.2457
   8.2525
   8.2593
   8.2661
   8.2729
   8.2797
   8.2865
   8.2934
   8.3002
   8.3070
   8.3138
   8.3206
   8.3341
   8.3476
   8.3610
   8.3745
   8.3880
   8.4015
   8.4150
   8.4284
   8.4419
   8.4554
   8.4689
   8.4824
   8.4958
   8.5093
   8.5228
   8.5363
   8.5498
   8.5633
   8.5768
   8.5902
   8.6037
   8.6172
   8.6240
   8.6309
   8.6377
   8.6445
   8.6514
   8.6582
   8.6650
   8.6719
   8.6787
   8.6856
   8.6924
   8.6992
   8.7061
   8.7129
   8.7197
   8.7266
   8.7334
   8.7402
   8.7538
   8.7673
   8.7808
   8.7943
   8.8078
   8.8213
   8.8348
   8.8483
   8.8619
   8.8754
   8.8889
   8.9024
   8.9159
   8.9294
   8.9430
   8.9565
   8.9700
   8.9835
   8.9970
   9.0106
   9.0241
   9.0309
   9.0378
   9.0446
   9.0515
   9.0584
   9.0652
   9.0721
   9.0789
   9.0858
   9.0927
   9.0995
   9.1064
   9.1132
   9.1201
   9.1270
   9.1338
   9.1407
   9.1475
   9.1611
   9.1746
   9.1882
   9.2017
   9.2153
   9.2288
   9.2424
   9.2626
   9.2828
   9.3031
   9.3233
   9.3435
   9.3638
   9.3840
   9.4043
   9.4245
   9.4447
   9.4650
   9.4852
   9.5055
   9.5257
   9.5459
   9.5595
   9.5731
   9.5867
   9.6002
   9.6138
   9.6274
   9.6409
   9.6545
   9.6681
   9.6817
   9.6952
   9.7088
   9.7224
   9.7360
   9.7496
   9.7631
   9.7767
   9.7903
   9.8039
   9.8174
   9.8310
   9.8446
   9.8582
   9.8718
   9.8854
   9.8989
   9.9125
   9.9261
   9.9397
   9.9533
   9.9669
   9.9804
   9.9940
  10.0076
  10.0212
  10.0348
  10.0484
  10.0620
  10.0755
  10.0825
  10.0894
  10.0963
  10.1032
  10.1101
  10.1170
  10.1239
  10.1241
  10.1243
  10.1246
  10.1248
  10.1250
  10.1252
  10.1254
  10.1257
  10.1259
  10.1261
  10.1263
  10.1266
  10.1268
  10.1270
  10.1272
  10.1274
  10.1277
  10.1279
  10.1281
  10.1283
  10.1285
  10.1288
  10.1290
  10.1292
  10.1294
  10.1297
  10.1299
  10.1301
  10.1303
  10.1305
  10.1308
  10.1310
  10.1312
  10.1314
  10.1316
  10.1319
  10.1321
  10.1323
  10.1325
  10.1328
  10.1330
  10.1332
  10.1334
  10.1336
  10.1339
  10.1341
  10.1343
  10.1345
  10.1348
  10.1350
  10.1352
  10.1354
  10.1356
  10.1359
  10.1361
  10.1363
  10.1365
  10.1367
  10.1370
  10.1372
  10.1374
  10.1376
  10.1379
  10.1381
  10.1383
  10.1385
  10.1387
  10.1390
  10.1392
  10.1394
  10.1396
  10.1398
  10.1401
  10.1403
  10.1405
  10.1407
  10.1410
  10.1412
  10.1414
  10.1416
  10.1418
  10.1421
  10.1423
  10.1425
  10.1427
  10.1430
  10.1432
  10.1434
  10.1436
  10.1438
  10.1441
  10.1443
  10.1445
  10.1447
  10.1449
  10.1452
  10.1454
  10.1456
  10.1458
  10.1461
  10.1463
  10.1465
  10.1467
  10.1469
  10.1472
  10.1474
  10.1476
  10.1478
  10.1480
  10.1483
  10.1485
  10.1487
  10.1489
  10.1492
  10.1494
  10.1496
  10.1498
  10.1500
  10.1503
  10.1505
  10.1507
  10.1509
  10.1512
  10.1514
  10.1516
  10.1518
  10.1520
  10.1523
  10.1525
  10.1527
  10.1529
  10.1531
  10.1534
  10.1536
  10.1538
  10.1540
  10.1543
  10.1545
  10.1547
  10.1549
  10.1551
  10.1554
  10.1556
  10.1558
  10.1560
  10.1562
  10.1565
  10.1567
  10.1569
  10.1571
  10.1574
  10.1576
  10.1578
  10.1580
  10.1582
  10.1585
  10.1587
  10.1589
  10.1591
  10.1594
  10.1596
  10.1598
  10.1600
  10.1602
  10.1605
  10.1607
  10.1609
  10.1611
  10.1613
  10.1616
  10.1618
  10.1620
  10.1622
  10.1625
  10.1627
  10.1629
  10.1631
  10.1633
  10.1636
  10.1638
  10.1640
  10.1642
  10.1645
  10.1647
  10.1649
  10.1651
  10.1653
  10.1656
  10.1658
  10.1660
  10.1662
  10.1664
  10.1667
  10.1669
  10.1671
  10.1673
  10.1676
  10.1678
  10.1680
  10.1682
  10.1684
  10.1687
  10.1689
  10.1691
  10.1693
  10.1695
  10.1698
  10.1700
  10.1702
  10.1704
  10.1707
  10.1709
  10.1711
  10.1713
  10.1715
  10.1718
  10.1720
  10.1722
  10.1724
  10.1727
  10.1729
  10.1731
  10.1733
  10.1735
  10.1738
  10.1740
  10.1742
  10.1744
  10.1746
  10.1749
  10.1751
  10.1753
  10.1755
  10.1758
  10.1760
  10.1762
  10.1764
  10.1766
  10.1769
  10.1771
  10.1773
  10.1775
  10.1777
  10.1780
  10.1782
  10.1784
  10.1786
  10.1789
  10.1791
  10.1793
  10.1795
  10.1797
  10.1800
  10.1802
  10.1804
  10.1806
  10.1809
  10.1811
  10.1813
  10.1815
  10.1817
  10.1820
  10.1822
  10.1824
  10.1826
  10.1828
  10.1831
  10.1833
  10.1835
  10.1837
  10.1840
  10.1842
  10.1844
  10.1846
  10.1848
  10.1851
  10.1853
  10.1855
  10.1857
  10.1859
  10.1862
  10.1864
  10.1866
  10.1868
  10.1871
  10.1873
  10.1875
  10.1877
  10.1879
  10.1882
  10.1884
  10.1886
  10.1888
  10.1891
  10.1893
  10.1895
  10.1897
  10.1899
  10.1902
  10.1904
  10.1906
  10.1908
  10.1910
  10.1913
  10.1915
  10.1917
  10.1919
  10.1922
  10.1924
  10.1926
  10.1928
  10.1930
  10.1933
  10.1935
  10.1937
  10.1939
  10.1941
  10.1944
  10.1946
  10.1948
  10.1950
  10.1953
  10.1955
  10.1957
  10.1959
  10.1961
  10.1964
  10.1966
  10.1968
  10.1970
  10.1973
  10.1975
  10.1977
  10.1979
  10.1981
  10.1984
  10.1986
  10.1988
  10.1990
  10.1992
  10.1995
  10.1997
  10.1999
  10.2001
  10.2004
  10.2006
  10.2008
  10.2010
  10.2012
  10.2015
  10.2017
  10.2019
  10.2021
  10.2023
  10.2026
  10.2028
  10.2030
  10.2032
  10.2035
  10.2037
  10.2039
  10.2041
  10.2043
  10.2046
  10.2048
  10.2050
  10.2052
  10.2055
  10.2057
  10.2059
  10.2061
  10.2063
  10.2066
  10.2068
  10.2070
  10.2072
  10.2074
  10.2077
  10.2079
  10.2081
  10.2083
  10.2086
  10.2088
  10.2090
  10.2092
  10.2094
  10.2097
  10.2099
  10.2101
  10.2103
  10.2105
  10.2108
  10.2110
  10.2112
  10.2114
  10.2117
  10.2119
  10.2121
  10.2123
  10.2125
  10.2128
  10.2130
  10.2132
  10.2134
  10.2137
  10.2139
  10.2141
  10.2143
  10.2145
  10.2148
  10.2150
  10.2152
  10.2154
  10.2156
  10.2159
  10.2161
  10.2163
  10.2165
  10.2168
  42.8854
  75.4722
 107.9933
 140.4489
 172.8388
 205.1633
 237.4221
 269.5989
 301.7102
 333.7559
 365.7361
 397.6506
 429.4996
 461.2666
 492.9680
 524.6038
 556.1741
 587.6788
 619.1179
 650.4750
 681.7666
 712.9926
 744.1530
 775.2479
 806.2771
 837.2244
 868.1061
 898.9222
 929.6728
 960.3577
