  23.6074
  23.3445
  23.0801
  22.8110
  22.5533
  22.2924
  22.0364
  21.7918
  21.5374
  21.2912
  21.0403
  20.7701
  20.5032
  20.2347
  19.9952
  19.7766
  19.5808
  19.3897
  19.2068
  18.9965
  18.7476
  18.4682
  18.1612
  17.8173
  17.4459
  17.0490
  16.6536
  16.2582
  15.8726
  15.5014
  15.1288
  15.1290
  15.1227
  15.1148
  15.0972
  15.0861
  15.0717
  15.0702
  15.0654
  15.0605
  15.0636
  15.0715
  15.0744
  15.0759
  15.0805
  15.0868
  15.0866
  15.1009
  15.1057
  15.1156
  15.1254
  15.1418
  15.1549
  15.1696
  15.1877
  15.2059
  15.2192
  15.2422
  15.2539
  15.2770
  15.3001
  15.3183
  15.3365
  15.3595
  15.3808
  15.3923
  15.4150
  15.4297
  15.4378
  15.4491
  15.4507
  15.4539
  15.4635
  15.4698
  15.4745
  15.4824
  15.4903
  15.4934
  15.4916
  15.4882
  15.4815
  15.4668
  15.4521
  15.4229
  15.3904
  15.3546
  15.3156
  15.2717
  15.2295
  15.1904
  15.1497
  15.1170
  15.0860
  15.0680
  15.0547
  15.0510
  15.0441
  15.0452
  15.0351
  15.0249
  15.0099
  14.9901
  14.9720
  14.9441
  14.9226
  14.8996
  14.8685
  14.8422
  14.7997
  14.7734
  14.7373
  14.7077
  14.6668
  14.6308
  14.5915
  14.5505
  14.5112
  14.4720
  14.4263
  14.3984
  14.3576
  14.3168
  14.2826
  14.2451
  14.2125
  14.1817
  14.1541
  14.1282
  14.0973
  14.0762
  14.0471
  14.0310
  14.0198
  14.0054
  13.9975
  13.9929
  13.9769
  13.9529
  13.9256
  13.8966
  13.8580
  13.8291
  13.8083
  13.7938
  13.7907
  13.7941
  13.7974
  13.8137
  13.8268
  13.8480
  13.8659
  13.8791
  13.8969
  13.9067
  13.9099
  13.9132
  13.9133
  13.9085
  13.8988
  13.8972
  13.8905
  13.8839
  13.8836
  13.8799
  13.8861
  13.8825
  13.8821
  13.8848
  13.8876
  13.9033
  13.9110
  13.9219
  13.9264
  13.9326
  13.9354
  13.9432
  13.9493
  13.9489
  13.9501
  13.9496
  13.9459
  13.9405
  13.9368
  13.9282
  13.9228
  13.9044
  13.8893
  13.8741
  13.8492
  13.8356
  13.8074
  13.7872
  13.7590
  13.7177
  13.6731
  13.6188
  13.5645
  13.5085
  13.4720
  13.4354
  13.3989
  13.3849
  13.3628
  13.3456
  13.3252
  13.2950
  13.2665
  13.2364
  13.1999
  13.1600
  13.1107
  13.0628
  13.0166
  12.9672
  12.9242
  12.8830
  12.8384
  12.7873
  12.7411
  12.6949
  12.6551
  12.6315
  12.5885
  12.5602
  12.5172
  12.4775
  12.4361
  12.3898
  12.3566
  12.3120
  12.2949
  12.2583
  12.2363
  12.2126
  12.1921
  12.1716
  12.1560
  12.1339
  12.1119
  12.1013
  12.0907
  12.0817
  12.0776
  12.0734
  12.0611
  12.0552
  12.0477
  12.0354
  12.0166
  12.0027
  11.9952
  11.9927
  11.9902
  11.9990
  12.0062
  12.0296
  12.0482
  12.0635
  12.0803
  12.0760
  12.0701
  12.0657
  12.0468
  12.0262
  11.9992
  11.9737
  11.9516
  11.9245
  11.8926
  11.8556
  11.8121
  11.7718
  11.7348
  11.6993
  11.6769
  11.6529
  11.6223
  11.5869
  11.5548
  11.5178
  11.4857
  11.4488
  11.4087
  11.3912
  11.3560
  11.3353
  11.3065
  11.2842
  11.2669
  11.2463
  11.2420
  11.2019
  11.1846
  11.1511
  11.1306
  11.1084
  11.0960
  11.0771
  11.0646
  11.0537
  11.0217
  10.9849
  10.9399
  10.8851
  10.8385
  10.7975
  10.7444
  10.6994
  10.6690
  10.6321
  10.6212
  10.5924
  10.5538
  10.5217
  10.4831
  10.4527
  10.4075
  10.3770
  10.3449
  10.3242
  10.3099
  10.3087
  10.3059
  10.3064
  10.3149
  10.3267
  10.3369
  10.3487
  10.3653
  10.3933
  10.4328
  10.4900
  10.5571
  10.6193
  10.6717
  10.7047
  10.7360
  10.7674
  10.8019
  10.8414
  10.8824
  10.9203
  10.9532
  10.9797
  10.9965
  11.0099
  11.0218
  11.0402
  11.0570
  11.0720
  11.0790
  11.0810
  11.0863
  11.0850
  11.0871
  11.0826
  11.0749
  11.0607
  11.0448
  11.0274
  11.0099
  11.0006
  10.9944
  10.9947
  11.0016
  11.0004
  11.0309
  11.0622
  11.1195
  11.1588
  11.2243
  11.2556
  11.2999
  11.3768
  11.4309
  11.5013
  11.5718
  11.6471
  11.7209
  11.7978
  11.8764
  11.9664
  12.0434
  12.1350
  12.2283
  12.3151
  12.3970
  12.4806
  12.5626
  12.6429
  12.7135
  12.7712
  12.8288
  12.8686
  12.9132
  12.9595
  13.0204
  13.0731
  13.1356
  13.1997
  13.2604
  13.3212
  13.3804
  13.4363
  13.4905
  13.5480
  13.6088
  13.6680
  13.7222
  13.7747
  13.8274
  13.8784
  13.9278
  13.9739
  14.0200
  14.0628
  14.1024
  14.1421
  14.1818
  14.2215
  14.2595
  14.2993
  14.3390
  14.3772
  14.4154
  14.4519
  14.4835
  14.4891
  14.4995
  14.4823
  14.4700
  14.4430
  14.4225
  14.3988
  14.3538
  14.3300
  14.2882
  14.2433
  14.1950
  14.1419
  14.0888
  14.0309
  13.9648
  13.9068
  13.8439
  13.7762
  13.7134
  13.6505
  13.5877
  13.5264
  13.4652
  13.4104
  13.3655
  13.3157
  13.2756
  13.2274
  13.1857
  13.1376
  13.1008
  13.0609
  13.0258
  12.9956
  12.9638
  12.9369
  12.9148
  12.8960
  12.8772
  12.8617
  12.8511
  12.8454
  12.8414
  12.8405
  12.8478
  12.8584
  12.8739
  12.8975
  12.9261
  12.9612
  12.9962
  13.0313
  13.0745
  13.1177
  13.1609
  13.2072
  13.2617
  13.3162
  13.3659
  13.4171
  13.4699
  13.5228
  13.5773
  13.6302
  13.6847
  13.7409
  13.7938
  13.8452
  13.8916
  13.9349
  13.9798
  14.0246
  14.0711
  14.1176
  14.1658
  14.2139
  14.2621
  14.3053
  14.3469
  14.3852
  14.4252
  14.4618
  14.4953
  14.5270
  14.5571
  14.5872
  14.6124
  14.6409
  14.6693
  14.7010
  14.7342
  14.7691
  14.8056
  14.8373
  14.8689
  14.9021
  14.9288
  14.9572
  14.9855
  15.0188
  15.0455
  15.0772
  15.1071
  15.1387
  15.1671
  15.1955
  15.2190
  15.2425
  15.2627
  15.2813
  15.2950
  15.3136
  15.3288
  15.3262
  15.3316
  15.3371
  15.3524
  15.3644
  15.3749
  15.3967
  15.4300
  15.4666
  15.5015
  15.5348
  15.5746
  15.6227
  15.6755
  15.7317
  15.7861
  15.8357
  15.8820
  15.9234
  15.9631
  15.9947
  16.0280
  16.0596
  16.0912
  16.1228
  16.1560
  16.1925
  16.2339
  16.2737
  16.3167
  16.3581
  16.4019
  16.4466
  16.4880
  16.5278
  16.5593
  16.5958
  16.6241
  16.6508
  16.6807
  16.7057
  16.7324
  16.7607
  16.7890
  16.8157
  16.8407
  16.8593
  16.8745
  16.8946
  16.9066
  16.9185
  16.9354
  16.9571
  16.9740
  16.9958
  17.0175
  17.0377
  17.0643
  17.0959
  17.1274
  17.1688
  17.2167
  17.2695
  17.3240
  17.3785
  17.4362
  17.4956
  17.5566
  17.6013
  17.6378
  17.6760
  17.7093
  17.7360
  17.7595
  17.7765
  17.7886
  17.8088
  17.8259
  17.8592
  17.8974
  17.9340
  17.9886
  18.0317
  18.0813
  18.1326
  18.1904
  18.2483
  18.2979
  18.3509
  18.3989
  18.4421
  18.4901
  18.5324
  18.5738
  18.6136
  18.6632
  18.7096
  18.7576
  18.8105
  18.8650
  18.9180
  18.9726
  19.0140
  19.0604
  19.1035
  19.1515
  19.1897
  19.2361
  19.2874
  19.3370
  19.3850
  19.4461
  19.4875
  19.5355
  19.5655
  19.6085
  19.6434
  19.6831
  19.7049
  19.7365
  19.7599
  19.7898
  19.8149
  19.8236
  19.8454
  19.8377
  19.8316
  19.8125
  19.8015
  19.7824
  19.7780
  19.7621
  19.7544
  19.7401
  19.7291
  19.7131
  19.7054
  19.6911
  19.6882
  19.6723
  19.6596
  19.6502
  19.6326
  19.6232
  19.6056
  19.5929
  19.5671
  19.5397
  19.5254
  19.5111
  19.5083
  19.5087
  19.5043
  19.5080
  19.5134
  19.5286
  19.5372
  19.5475
  19.5578
  19.5632
  19.5718
  19.5772
  19.5826
  19.6027
  19.6162
  19.6315
  19.6434
  19.6667
  19.6918
  19.7250
  19.7615
  19.7980
  19.8214
  19.8629
  19.8895
  19.9227
  19.9429
  19.9761
  20.0044
  20.0507
  20.0839
  20.1237
  20.1504
  20.1934
  20.2381
  20.2664
  20.3161
  20.3558
  20.4120
  20.4452
  20.5030
  20.5494
  20.6088
  20.6830
  20.7638
  20.8363
  20.9155
  20.9847
  21.0589
  21.1348
  21.2040
  21.2717
  21.3393
  21.4053
  21.4762
  21.5505
  21.6198
  21.6956
  21.7764
  21.8523
  21.9281
  21.9941
  22.0650
  22.1458
  22.2217
  22.3057
  22.3816
  22.4624
  22.5481
  22.6354
  22.7309
  22.8249
  22.9155
  23.0143
  23.1066
  23.2022
  23.2994
  23.4097
  23.5086
  23.6091
  23.6981
  23.7872
  23.8828
  23.9850
  24.0806
  24.1812
  24.2948
  24.4068
  24.5172
  24.6358
  24.7495
  24.8632
  24.9819
  25.0956
  25.2077
  25.3263
  25.4482
  25.5718
  25.7019
  25.8288
  25.9606
  26.0891
  26.2143
  26.3461
  26.4599
  26.5786
  26.6973
  26.8143
  26.9429
  27.0666
  27.1902
  27.3221
  27.4507
  27.5777
  27.7096
  27.8333
  27.9603
  28.0873
  28.2176
  28.3381
  28.4585
  28.5790
  28.7044
  28.8281
  28.9420
  29.0625
  29.1748
  29.2887
  29.3994
  29.5150
  29.6224
  29.7364
  29.8438
  29.9644
  30.0701
  30.1858
  30.2948
  30.4039
  30.4999
  30.6056
  30.7032
  30.8074
  30.9050
  31.0042
  31.0985
  31.1945
  31.3003
  31.3946
  31.4931
  31.5890
  31.6867
  31.7859
  31.8836
  31.9795
  32.0787
  32.1781
  32.2806
  32.3832
  32.4825
  32.5850
  32.6876
  32.7951
  32.8960
  33.0003
  33.1012
  33.2005
  33.3014
  33.3990
  33.4983
  33.5943
  33.6952
  33.7879
  33.8789
  33.9716
  34.0560
  34.1355
  34.2215
  34.2977
  34.3771
  34.4533
  34.5360
  34.6138
  34.6850
  34.7611
  34.8290
  34.9019
  34.9698
  35.0360
  35.1023
  35.1653
  35.2249
  35.2896
  35.3443
  35.4040
  35.4472
  35.5003
  35.5419
  35.5868
  35.6301
  35.6700
  35.7001
  35.7401
  35.7669
  35.7987
  35.8205
  35.8375
  35.8495
  35.8533
  35.8637
  35.8716
  35.8770
  35.8677
  35.8599
  35.8555
  35.8478
  35.8484
  35.8407
  35.8331
  35.8172
  35.8045
  35.7820
  35.7628
  35.7353
  35.7079
  35.6804
  35.6546
  35.6304
  35.6079
  35.5820
  35.5578
  35.5238
  35.4864
  35.4474
  35.4134
  35.3727
  35.3419
  35.3111
  35.2803
  35.2577
  35.2286
  35.1994
  35.1752
  35.1510
  35.1284
  35.1026
  35.0800
  35.0542
  35.0283
  35.0008
  34.9733
  34.9457
  34.9182
  34.8939
  34.8647
  34.8354
  34.8111
  34.7835
  34.7658
  34.7415
  34.7270
  34.7093
  34.7014
  34.6902
  34.6807
  34.6694
  34.6665
  34.6684
  34.6753
  34.6822
  34.6940
  34.7058
  34.7225
  34.7393
  34.7576
  34.7760
  34.7911
  34.8013
  34.8180
  34.8347
  34.8548
  34.8682
  34.8883
  34.9050
  34.9316
  34.9566
  34.9831
  35.0048
  35.0298
  35.0448
  35.0616
  35.0816
  35.1033
  35.1249
  35.1515
  35.1763
  35.2078
  35.2360
  35.2658
  35.2906
  35.3188
  35.3502
  35.3833
  35.4097
  35.4426
  35.4773
  35.5053
  35.5448
  35.5810
  35.6172
  35.6550
  35.6895
  35.7290
  35.7650
  35.7995
  35.8356
  35.8750
  35.9143
  35.9537
  35.9897
  36.0373
  36.0783
  36.1259
  36.1834
  36.2376
  36.3001
  36.3643
  36.4169
  36.4661
  36.5137
  36.5564
  36.5924
  36.6318
  36.6695
  36.7171
  36.7581
  36.8040
  36.8549
  36.9025
  36.9368
  36.9694
  37.0070
  37.0364
  37.0707
  37.1016
  37.1310
  37.1636
  37.1896
  37.2206
  37.2482
  37.2792
  37.3201
  37.3510
  37.3901
  37.4259
  37.4651
  37.5077
  37.5420
  37.5829
  37.6139
  37.6465
  37.6724
  37.6951
  37.7128
  37.7289
  37.7435
  37.7529
  37.7658
  37.7803
  37.7931
  37.8076
  37.8204
  37.8333
  37.8428
  37.8541
  37.8604
  37.8618
  37.8500
  37.8283
  37.8115
  37.7981
  37.7847
  37.7696
  37.7545
  37.7195
  37.6863
  37.6529
  37.6196
  37.5845
  37.5528
  37.5227
  37.4992
  37.4873
  37.4787
  37.4520
  37.4020
  37.3372
  37.2573
  37.1776
  37.0961
  37.0346
  36.9796
  36.9363
  36.9127
  36.8777
  36.8376
  36.7892
  36.7259
  36.6609
  36.5793
  36.4979
  36.4114
  36.3264
  36.2499
  36.1734
  36.1035
  36.0237
  35.9390
  35.8509
  35.7529
  35.6616
  35.5686
  35.4707
  35.3728
  35.2749
  35.1820
  35.0808
  34.9879
  34.8949
  34.7888
  34.6894
  34.5882
  34.4986
  34.4074
  34.3310
  34.2563
  34.1914
  34.1382
  34.0933
  34.0599
  34.0165
  33.9599
  33.8983
  33.8318
  33.7654
  33.7021
  33.6357
  33.5708
  33.5011
  33.4463
  33.3916
  33.3386
  33.2840
  33.2161
  33.1499
  33.0969
  33.0589
  33.0325
  33.0111
  32.9913
  32.9798
  32.9601
  32.9338
  32.8876
  32.8282
  32.7705
  32.7195
  32.6735
  32.6425
  32.6164
  32.5953
  32.5743
  32.5499
  32.5141
  32.4682
  32.4107
  32.3516
  32.2940
  32.2347
  32.1836
  32.1358
  32.0881
  32.0503
  32.0158
  31.9880
  31.9635
  31.9372
  31.9144
  31.8899
  31.8654
  31.8459
  31.8247
  31.8019
  31.7675
  31.7347
  31.6872
  31.6312
  31.5704
  31.5061
  31.4386
  31.3727
  31.3117
  31.2574
  31.2064
  31.1570
  31.1126
  31.0750
  31.0323
  30.9846
  30.9419
  30.8909
  30.8365
  30.7822
  30.7260
  30.6766
  30.6186
  30.5675
  30.5161
  30.4699
  30.4255
  30.3760
  30.3215
  30.2587
  30.1909
  30.1294
  30.0717
  30.0121
  29.9543
  29.8997
  29.8435
  29.7874
  29.7361
  29.6833
  29.6388
  29.5958
  29.5594
  29.5313
  29.5050
  29.4853
  29.4707
  29.4528
  29.4383
  29.4236
  29.4072
  29.3909
  29.3678
  29.3447
  29.3300
  29.3151
  29.3004
  29.2872
  29.2724
  29.2576
  29.2427
  29.2345
  29.2280
  29.2246
  29.2247
  29.2197
  29.2082
  29.1916
  29.1767
  29.1618
  29.1420
  29.1121
  29.0706
  29.0241
  28.9726
  28.9260
  28.8760
  28.8277
  28.7927
  28.7676
  28.7391
  28.7092
  28.6824
  28.6559
  28.6293
  28.6145
  28.6028
  28.5961
  28.5893
  28.5843
  28.5826
  28.5793
  28.5811
  28.5844
  28.5926
  28.6024
  28.6073
  28.6022
  28.6054
  28.5987
  28.5985
  28.5966
  28.5965
  28.5963
  28.5994
  28.5958
  28.5922
  28.5834
  28.5830
  28.5759
  28.5721
  28.5618
  28.5548
  28.5412
  28.5225
  28.5007
  28.4771
  28.4535
  28.4299
  28.4096
  28.3960
  28.3806
  28.3636
  28.3549
  28.3529
  28.3642
  28.3872
  28.4134
  28.4431
  28.4627
  28.4741
  28.4870
  28.5066
  28.5394
  28.5755
  28.6100
  28.6480
  28.6891
  28.7284
  28.7646
  28.7958
  28.8218
  28.8411
  28.8637
  28.8829
  28.8935
  28.8940
  28.8897
  28.8751
  28.8672
  28.8511
  28.8366
  28.8235
  28.8090
  28.7927
  28.7780
  28.7632
  28.7435
  28.7370
  28.7288
  28.7256
  28.7256
  28.7258
  28.7292
  28.7309
  28.7395
  28.7428
  28.7461
  28.7579
  28.7645
  28.7747
  28.7897
  28.8014
  28.8097
  28.8279
  28.8511
  28.8710
  28.9008
  28.9257
  28.9489
  28.9672
  28.9791
  28.9908
  28.9959
  28.9962
  28.9930
  28.9798
  28.9666
  28.9567
  28.9550
  28.9549
  28.9682
  28.9733
  28.9866
  28.9999
  29.0200
  29.0482
  29.0897
  29.1280
  29.1715
  29.2031
  29.2281
  29.2599
  29.2933
  29.3268
  29.3586
  29.4038
  29.4675
  29.5327
  29.6048
  29.6434
  29.6669
  29.6704
  29.6722
  29.6657
  29.6842
  29.7427
  29.8263
  29.9563
  30.1181
  30.3065
  30.5215
  30.7365
  30.9498
  31.1497
  31.3414
  31.5130
  31.6930
  31.8713
  32.0428
  32.2144
  32.3890
  32.5555
  32.7285
  32.9015
  33.0728
  33.2440
  33.4118
  33.5746
  33.7389
  33.9032
  34.0690
  34.2363
  34.4069
  34.5807
  34.7527
  34.9181
  35.0834
  35.2403
  35.3971
  35.5507
  35.7092
  35.8625
  36.0291
  36.1873
  36.3456
  36.4953
