 -13.3417
 -13.9995
 -14.6424
 -15.2761
 -15.9107
 -16.5536
 -17.2016
 -17.8594
 -18.5196
 -19.1755
 -19.8270
 -20.4758
 -21.1252
 -21.7777
 -22.4317
 -23.0914
 -23.7477
 -24.4072
 -25.0691
 -25.7344
 -26.4006
 -27.0708
 -27.7418
 -28.4034
 -29.0515
 -29.6818
 -30.3077
 -30.8941
 -31.4478
 -31.9728
 -32.4710
 -32.3783
 -32.2831
 -32.1953
 -32.1067
 -32.0188
 -31.9084
 -31.7736
 -31.5920
 -31.3835
 -31.1575
 -30.9274
 -30.6999
 -30.4993
 -30.2995
 -30.1233
 -29.9402
 -29.7478
 -29.5387
 -29.3373
 -29.1140
 -28.8952
 -28.6889
 -28.4886
 -28.2800
 -28.0706
 -27.8547
 -27.6261
 -27.3800
 -27.1297
 -26.8659
 -26.6015
 -26.3522
 -26.1105
 -25.8671
 -25.6389
 -25.4066
 -25.1576
 -24.8970
 -24.6373
 -24.3652
 -24.0950
 -23.8316
 -23.5878
 -23.3393
 -23.0895
 -22.8248
 -22.5478
 -22.2467
 -21.9441
 -21.6349
 -21.3350
 -21.0462
 -20.7650
 -20.4955
 -20.2529
 -20.0238
 -19.7930
 -19.6082
 -19.4711
 -19.3701
 -19.3175
 -19.2815
 -19.2706
 -19.2630
 -19.2596
 -19.2528
 -19.2645
 -19.2797
 -19.3242
 -19.3905
 -19.4619
 -19.5156
 -19.5482
 -19.5512
 -19.5500
 -19.5277
 -19.5078
 -19.5006
 -19.5102
 -19.5029
 -19.5115
 -19.5343
 -19.5411
 -19.5478
 -19.5686
 -19.6011
 -19.6418
 -19.7142
 -19.8134
 -19.9284
 -20.0627
 -20.2111
 -20.3503
 -20.4952
 -20.6517
 -20.7931
 -20.9235
 -21.0716
 -21.2222
 -21.3703
 -21.5344
 -21.7011
 -21.8577
 -21.9950
 -22.1356
 -22.2743
 -22.4230
 -22.5926
 -22.7814
 -22.9651
 -23.1510
 -23.3266
 -23.4819
 -23.6212
 -23.7538
 -23.8736
 -23.9768
 -24.0773
 -24.1659
 -24.2328
 -24.2989
 -24.3509
 -24.3921
 -24.4158
 -24.4296
 -24.4332
 -24.4321
 -24.4242
 -24.4265
 -24.4348
 -24.4415
 -24.4474
 -24.4591
 -24.4808
 -24.5067
 -24.5469
 -24.5946
 -24.6549
 -24.7117
 -24.7701
 -24.8236
 -24.8813
 -24.9222
 -24.9716
 -25.0143
 -25.0528
 -25.0796
 -25.1014
 -25.1023
 -25.0971
 -25.0835
 -25.0708
 -25.0537
 -25.0425
 -25.0345
 -25.0306
 -25.0198
 -25.0181
 -25.0102
 -25.0014
 -24.9890
 -24.9773
 -24.9604
 -24.9477
 -24.9348
 -24.9167
 -24.8961
 -24.8789
 -24.8507
 -24.8184
 -24.7894
 -24.7630
 -24.7376
 -24.7189
 -24.7146
 -24.7161
 -24.7087
 -24.7146
 -24.7297
 -24.7510
 -24.7850
 -24.8156
 -24.8470
 -24.8726
 -24.8955
 -24.9150
 -24.9420
 -24.9732
 -25.0167
 -25.0670
 -25.1115
 -25.1475
 -25.1734
 -25.1884
 -25.1874
 -25.1789
 -25.1604
 -25.1405
 -25.1105
 -25.0765
 -25.0409
 -25.0147
 -24.9700
 -24.9271
 -24.8834
 -24.8431
 -24.7927
 -24.7474
 -24.7036
 -24.6607
 -24.6120
 -24.5683
 -24.5136
 -24.4523
 -24.3818
 -24.2980
 -24.1891
 -24.0812
 -23.9699
 -23.8564
 -23.7498
 -23.6509
 -23.5546
 -23.4752
 -23.4002
 -23.3209
 -23.2442
 -23.1744
 -23.0886
 -23.0028
 -22.9205
 -22.8399
 -22.7560
 -22.6747
 -22.5910
 -22.5056
 -22.4069
 -22.3046
 -22.2040
 -22.1017
 -22.0053
 -21.9078
 -21.8145
 -21.7177
 -21.6224
 -21.5262
 -21.4352
 -21.3465
 -21.2586
 -21.1717
 -21.0789
 -20.9835
 -20.8873
 -20.7954
 -20.7043
 -20.6217
 -20.5342
 -20.4500
 -20.3523
 -20.2469
 -20.1355
 -20.0350
 -19.9217
 -19.8200
 -19.7268
 -19.6401
 -19.5432
 -19.4596
 -19.3777
 -19.2965
 -19.2197
 -19.1613
 -19.1013
 -19.0471
 -18.9971
 -18.9472
 -18.8853
 -18.8378
 -18.7945
 -18.7480
 -18.7100
 -18.6720
 -18.6333
 -18.6023
 -18.5638
 -18.5218
 -18.4909
 -18.4726
 -18.4483
 -18.4401
 -18.4393
 -18.4478
 -18.4529
 -18.4628
 -18.4787
 -18.5028
 -18.5183
 -18.5487
 -18.5985
 -18.6549
 -18.7206
 -18.7870
 -18.8542
 -18.9204
 -18.9868
 -19.0598
 -19.1423
 -19.2341
 -19.3286
 -19.4360
 -19.5392
 -19.6425
 -19.7499
 -19.8633
 -19.9792
 -20.1034
 -20.2302
 -20.3679
 -20.5072
 -20.6556
 -20.8109
 -20.9762
 -21.1221
 -21.2738
 -21.4256
 -21.5757
 -21.7258
 -21.8889
 -22.0476
 -22.2056
 -22.3628
 -22.5208
 -22.6662
 -22.7990
 -22.9276
 -23.0469
 -23.1569
 -23.2829
 -23.4164
 -23.5448
 -23.6783
 -23.8032
 -23.9119
 -24.0069
 -24.0849
 -24.1494
 -24.2154
 -24.2807
 -24.3348
 -24.3891
 -24.4373
 -24.4780
 -24.5077
 -24.5359
 -24.5617
 -24.5800
 -24.5858
 -24.5910
 -24.5955
 -24.5908
 -24.5872
 -24.5827
 -24.5774
 -24.5737
 -24.5692
 -24.5705
 -24.5735
 -24.5781
 -24.5759
 -24.5779
 -24.5646
 -24.5462
 -24.5253
 -24.5036
 -24.4743
 -24.4441
 -24.4107
 -24.3772
 -24.3420
 -24.3052
 -24.2718
 -24.2417
 -24.2058
 -24.1793
 -24.1521
 -24.1215
 -24.0891
 -24.0524
 -24.0063
 -23.9626
 -23.9198
 -23.8845
 -23.8466
 -23.8010
 -23.7656
 -23.7302
 -23.6922
 -23.6679
 -23.6538
 -23.6346
 -23.6236
 -23.6101
 -23.5957
 -23.5880
 -23.5870
 -23.5886
 -23.6053
 -23.6289
 -23.6499
 -23.6752
 -23.7029
 -23.7307
 -23.7600
 -23.7925
 -23.8291
 -23.8674
 -23.8978
 -23.9266
 -23.9603
 -23.9872
 -24.0232
 -24.0585
 -24.0971
 -24.1385
 -24.1815
 -24.2306
 -24.2838
 -24.3346
 -24.3837
 -24.4430
 -24.4937
 -24.5445
 -24.5958
 -24.6471
 -24.6864
 -24.7290
 -24.7724
 -24.8182
 -24.8639
 -24.9105
 -24.9577
 -24.9999
 -25.0346
 -25.0693
 -25.1047
 -25.1377
 -25.1776
 -25.2134
 -25.2412
 -25.2699
 -25.2913
 -25.3095
 -25.3135
 -25.3033
 -25.2923
 -25.2711
 -25.2330
 -25.2007
 -25.1692
 -25.1316
 -25.1025
 -25.0776
 -25.0561
 -25.0406
 -25.0285
 -25.0139
 -25.0038
 -24.9946
 -24.9729
 -24.9503
 -24.9229
 -24.8915
 -24.8575
 -24.8237
 -24.7908
 -24.7580
 -24.7168
 -24.6783
 -24.6491
 -24.6157
 -24.5892
 -24.5587
 -24.5315
 -24.4976
 -24.4603
 -24.4205
 -24.3764
 -24.3198
 -24.2564
 -24.1940
 -24.1138
 -24.0295
 -23.9487
 -23.8722
 -23.7858
 -23.7070
 -23.6239
 -23.5342
 -23.4360
 -23.3353
 -23.2313
 -23.1275
 -23.0195
 -22.9150
 -22.8148
 -22.7087
 -22.6019
 -22.4874
 -22.3661
 -22.2472
 -22.1324
 -22.0297
 -21.9328
 -21.8442
 -21.7709
 -21.7009
 -21.6267
 -21.5678
 -21.5141
 -21.4553
 -21.4042
 -21.3507
 -21.2931
 -21.2383
 -21.1835
 -21.1271
 -21.0784
 -21.0348
 -20.9826
 -20.9312
 -20.8764
 -20.8190
 -20.7598
 -20.7033
 -20.6511
 -20.6014
 -20.5424
 -20.4818
 -20.4238
 -20.3555
 -20.2940
 -20.2332
 -20.1740
 -20.1132
 -20.0490
 -19.9881
 -19.9259
 -19.8586
 -19.7923
 -19.7286
 -19.6541
 -19.5847
 -19.5121
 -19.4361
 -19.3509
 -19.2665
 -19.1702
 -19.0726
 -18.9698
 -18.8705
 -18.7704
 -18.6695
 -18.5659
 -18.4598
 -18.3562
 -18.2475
 -18.1438
 -18.0365
 -17.9283
 -17.8207
 -17.7138
 -17.6034
 -17.4842
 -17.3623
 -17.2401
 -17.1168
 -16.9908
 -16.8765
 -16.7639
 -16.6452
 -16.5300
 -16.4073
 -16.2828
 -16.1591
 -16.0388
 -15.9090
 -15.7869
 -15.6631
 -15.5323
 -15.4007
 -15.2791
 -15.1652
 -15.0554
 -14.9566
 -14.8643
 -14.7742
 -14.6779
 -14.5906
 -14.5155
 -14.4476
 -14.3946
 -14.3447
 -14.2969
 -14.2505
 -14.2034
 -14.1643
 -14.1245
 -14.0878
 -14.0570
 -14.0312
 -14.0061
 -13.9859
 -13.9663
 -13.9498
 -13.9330
 -13.9202
 -13.9132
 -13.9188
 -13.9327
 -13.9611
 -13.9987
 -14.0414
 -14.0875
 -14.1320
 -14.1798
 -14.2198
 -14.2598
 -14.2955
 -14.3339
 -14.3739
 -14.4200
 -14.4644
 -14.5022
 -14.5350
 -14.5637
 -14.5908
 -14.6183
 -14.6578
 -14.7034
 -14.7533
 -14.8076
 -14.8600
 -14.9090
 -14.9537
 -14.9952
 -15.0309
 -15.0770
 -15.1168
 -15.1570
 -15.1977
 -15.2390
 -15.2705
 -15.2940
 -15.3135
 -15.3248
 -15.3335
 -15.3392
 -15.3491
 -15.3623
 -15.3764
 -15.3880
 -15.3972
 -15.4047
 -15.4098
 -15.4101
 -15.4068
 -15.3970
 -15.3797
 -15.3556
 -15.3248
 -15.2882
 -15.2450
 -15.1976
 -15.1446
 -15.0900
 -15.0331
 -14.9748
 -14.9134
 -14.8471
 -14.7739
 -14.6931
 -14.6028
 -14.5056
 -14.4039
 -14.3038
 -14.2060
 -14.1114
 -14.0195
 -13.9335
 -13.8476
 -13.7635
 -13.6796
 -13.6000
 -13.5282
 -13.4632
 -13.4001
 -13.3376
 -13.2724
 -13.1976
 -13.1125
 -13.0188
 -12.9188
 -12.8128
 -12.7049
 -12.5986
 -12.4971
 -12.3990
 -12.3040
 -12.2145
 -12.1255
 -12.0378
 -11.9538
 -11.8753
 -11.8040
 -11.7410
 -11.6853
 -11.6272
 -11.5664
 -11.5022
 -11.4288
 -11.3448
 -11.2567
 -11.1604
 -11.0566
 -10.9454
 -10.8332
 -10.7203
 -10.6118
 -10.5126
 -10.4217
 -10.3401
 -10.2642
 -10.1924
 -10.1213
 -10.0508
  -9.9793
  -9.9094
  -9.8396
  -9.7722
  -9.7065
  -9.6419
  -9.5765
  -9.5104
  -9.4436
  -9.3728
  -9.2926
  -9.1990
  -9.0995
  -8.9990
  -8.8995
  -8.8101
  -8.7274
  -8.6505
  -8.5778
  -8.5074
  -8.4404
  -8.3775
  -8.3155
  -8.2537
  -8.1946
  -8.1441
  -8.1014
  -8.0674
  -8.0447
  -8.0282
  -8.0108
  -7.9884
  -7.9583
  -7.9205
  -7.8741
  -7.8252
  -7.7738
  -7.7198
  -7.6626
  -7.6011
  -7.5336
  -7.4602
  -7.3877
  -7.3179
  -7.2490
  -7.1862
  -7.1292
  -7.0755
  -7.0268
  -6.9824
  -6.9447
  -6.9047
  -6.8637
  -6.8191
  -6.7719
  -6.7196
  -6.6623
  -6.6027
  -6.5432
  -6.4830
  -6.4204
  -6.3562
  -6.2880
  -6.2190
  -6.1475
  -6.0736
  -6.0005
  -5.9282
  -5.8585
  -5.7939
  -5.7369
  -5.6910
  -5.6598
  -5.6329
  -5.6055
  -5.5696
  -5.5246
  -5.4670
  -5.4028
  -5.3319
  -5.2578
  -5.1772
  -5.0906
  -5.0032
  -4.9150
  -4.8294
  -4.7405
  -4.6533
  -4.5654
  -4.4750
  -4.3813
  -4.2861
  -4.1887
  -4.0956
  -4.0052
  -3.9166
  -3.8247
  -3.7303
  -3.6301
  -3.5263
  -3.4201
  -3.3155
  -3.2142
  -3.1177
  -3.0235
  -2.9327
  -2.8420
  -2.7520
  -2.6604
  -2.5681
  -2.4789
  -2.3858
  -2.2922
  -2.2019
  -2.1125
  -2.0224
  -1.9347
  -1.8454
  -1.7569
  -1.6674
  -1.5788
  -1.4941
  -1.4080
  -1.3250
  -1.2402
  -1.1554
  -1.0728
  -0.9901
  -0.9083
  -0.8274
  -0.7458
  -0.6633
  -0.5802
  -0.4945
  -0.4088
  -0.3215
  -0.2341
  -0.1449
  -0.0590
   0.0286
   0.1170
   0.2047
   0.2932
   0.3810
   0.4685
   0.5536
   0.6401
   0.7265
   0.8164
   0.9114
   1.0123
   1.1151
   1.2221
   1.3301
   1.4432
   1.5605
   1.6787
   1.7943
   1.9081
   2.0176
   2.1226
   2.2283
   2.3350
   2.4408
   2.5509
   2.6652
   2.7805
   2.8928
   3.0036
   3.1144
   3.2182
   3.3253
   3.4316
   3.5309
   3.6308
   3.7286
   3.8248
   3.9259
   4.0285
   4.1331
   4.2402
   4.3491
   4.4611
   4.5709
   4.6829
   4.7971
   4.9097
   5.0264
   5.1479
   5.2721
   5.3988
   5.5289
   5.6623
   5.7984
   5.9363
   6.0777
   6.2220
   6.3663
   6.5125
   6.6605
   6.8052
   6.9468
   7.0885
   7.2270
   7.3673
   7.5095
   7.6525
   7.7950
   7.9343
   8.0709
   8.2000
   8.3239
   8.4478
   8.5659
   8.6816
   8.7949
   8.9084
   9.0229
   9.1375
   9.2470
   9.3456
   9.4363
   9.5168
   9.5935
   9.6751
   9.7658
   9.8615
   9.9664
  10.0779
  10.1914
  10.3024
  10.4171
  10.5257
  10.6311
  10.7380
  10.8507
  10.9648
  11.0855
  11.2019
  11.3212
  11.4430
  11.5637
  11.6819
  11.7995
  11.9146
  12.0242
  12.1309
  12.2388
  12.3409
  12.4293
  12.5086
  12.5806
  12.6437
  12.6995
  12.7496
  12.7942
  12.8294
  12.8536
  12.8678
  12.8760
  12.8783
  12.8772
  12.8735
  12.8691
  12.8637
  12.8531
  12.8391
  12.8241
  12.8091
  12.7956
  12.7838
  12.7744
  12.7650
  12.7505
  12.7307
  12.7067
  12.6798
  12.6462
  12.6059
  12.5631
  12.5212
  12.4829
  12.4491
  12.4190
  12.3858
  12.3476
  12.2983
  12.2474
  12.1887
  12.1266
  12.0628
  11.9990
  11.9308
  11.8667
  11.8025
  11.7374
  11.6654
  11.5942
  11.5139
  11.4294
  11.3379
  11.2448
  11.1476
  11.0538
  10.9626
  10.8766
  10.7980
  10.7210
  10.6436
  10.5686
  10.5040
  10.4475
  10.3991
  10.3596
  10.3307
  10.3106
  10.2969
  10.2929
  10.3006
  10.3182
  10.3414
  10.3714
  10.4072
  10.4463
  10.4869
  10.5283
  10.5716
  10.6157
  10.6615
  10.7041
  10.7451
  10.7802
  10.8095
  10.8329
  10.8557
  10.8821
  10.9127
  10.9444
  10.9797
  11.0169
  11.0513
  11.0825
  11.1153
  11.1418
  11.1594
  11.1755
  11.1868
  11.1903
  11.1824
  11.1750
  11.1686
  11.1658
  11.1642
  11.1675
  11.1692
  11.1684
  11.1652
  11.1588
  11.1490
  11.1453
  11.1501
  11.1577
  11.1685
  11.1879
  11.2080
  11.2324
  11.2600
  11.2851
  11.3067
  11.3275
  11.3457
  11.3607
  11.3779
  11.4014
  11.4242
  11.4381
  11.4445
  11.4468
  11.4383
  11.4215
  11.3980
  11.3669
  11.3291
  11.2863
  11.2453
  11.2078
  11.1773
  11.1503
  11.1243
  11.0974
  11.0748
  11.0539
  11.0398
  11.0325
  11.0312
  11.0298
  11.0292
  11.0284
  11.0259
  11.0233
  11.0213
  11.0262
  11.0344
  11.0458
  11.0628
  11.0970
  11.1376
  11.1880
  11.2520
  11.3291
  11.4126
  11.5033
  11.5950
  11.6939
  11.7975
  11.9053
  12.0173
  12.1276
  12.2439
  12.3594
  12.4703
  12.5790
  12.6927
  12.8087
  12.9278
  13.0552
  13.1826
  13.3021
  13.4129
  13.5237
  13.6277
  13.7284
  13.8312
  13.9340
  14.0188
  14.0943
  14.1669
  14.2369
  14.3071
  14.3824
  14.4697
  14.5622
  14.6575
  14.7579
  14.8559
  14.9487
  15.0417
  15.1313
  15.2191
  15.3027
  15.3833
  15.4660
  15.5510
  15.6419
  15.7375
  15.8313
  15.9216
  16.0050
  16.0830
  16.1609
  16.2353
  16.3087
  16.3776
  16.4447
  16.5094
  16.5792
  16.6474
  16.7201
  16.7913
  16.8575
  16.9124
  16.9520
  16.9764
  16.9947
  17.0072
  17.0199
  17.0304
  17.0414
  17.0612
  17.0821
  17.1051
  17.1319
  17.1542
  17.1702
  17.1749
  17.1699
  17.1544
  17.1324
  17.1065
  17.0836
  17.0575
  17.0313
  17.0042
  16.9709
  16.9298
  16.8953
  16.8659
  16.8417
  16.8184
  16.7908
  16.7605
  16.7209
  16.6770
  16.6321
  16.5822
  16.5294
  16.4726
  16.4020
  16.3202
  16.2283
  16.1329
  16.0332
  15.9262
  15.8128
  15.6894
  15.5586
  15.4284
  15.3031
  15.1870
  15.0787
  14.9778
  14.8836
  14.7962
  14.7141
  14.6336
  14.5530
  14.4689
  14.3787
  14.2833
  14.1827
  14.0811
  13.9814
  13.8868
  13.7964
  13.7081
  13.6148
  13.5145
  13.4105
  13.3011
  13.1854
  13.0618
  12.9354
  12.8055
  12.6762
  12.5442
  12.4135
  12.2792
  12.1408
  11.9969
  11.8560
  11.7188
  11.5846
  11.4575
  11.3376
  11.2222
  11.1095
  10.9989
  10.8907
  10.7836
  10.6824
  10.5862
  10.4959
  10.4055
  10.3175
  10.2311
  10.1469
  10.0696
  10.0013
   9.9420
   9.8895
   9.8444
   9.8050
   9.7713
   9.7402
   9.7089
   9.6759
   9.6415
   9.6041
   9.5622
   9.5188
   9.4698
   9.4137
   9.3484
   9.2757
   9.1953
   9.1159
   9.0381
   8.9627
   8.8893
   8.8176
   8.7484
   8.6811
   8.6129
   8.5449
   8.4759
   8.4065
   8.3378
   8.2726
   8.2114
   8.1542
   8.0994
   8.0495
   8.0062
   7.9688
   7.9389
   7.9149
   7.8934
   7.8737
   7.8525
   7.8281
   7.7990
   7.7653
   7.7294
   7.6874
   7.6395
   7.5872
   7.5321
   7.4758
   7.4182
   7.3593
   7.2979
   7.2349
   7.1687
   7.1033
   7.0383
   6.9767
   6.9181
   6.8605
   6.8016
   6.7404
   6.6791
   6.6181
   6.5588
   6.5031
   6.4514
   6.4062
   6.3676
   6.3344
   6.3048
   6.2855
   6.2708
   6.2639
   6.2650
   6.2776
   5.7037
   5.1373
   4.5716
   4.0024
   3.4262
   2.8427
   2.2430
   1.6209
   0.9848
   0.3341
  -0.3351
  -1.0157
  -1.6977
  -2.3722
  -3.0442
  -3.7224
  -4.4065
  -5.0922
  -5.7952
  -6.5135
  -7.2287
  -7.9444
  -8.6642
  -9.3832
 -10.0960
 -10.8066
 -11.5116
 -12.2092
 -12.8974
 -13.5834
