   3.9215
   3.9317
   3.9385
   3.9487
   3.9556
   3.9657
   3.9760
   3.9830
   3.9982
   4.0151
   4.0269
   4.0389
   4.0493
   4.0613
   4.0752
   4.0890
   4.1062
   4.1184
   4.1339
   4.1529
   4.1736
   4.1927
   4.2134
   4.2391
   4.2665
   4.2874
   4.3101
   4.3312
   4.3540
   4.3800
   4.4011
   4.4221
   4.4482
   4.4776
   4.5068
   4.5325
   4.5597
   4.5834
   4.6036
   4.6255
   4.6457
   4.6543
   4.6593
   4.6661
   4.6681
   4.6567
   4.6423
   4.6313
   4.6088
   4.5848
   4.5576
   4.5356
   4.5106
   4.4841
   4.4562
   4.4316
   4.4055
   4.3825
   4.3562
   4.3385
   4.3259
   4.3167
   4.3041
   4.2950
   4.2810
   4.2703
   4.2514
   4.2340
   4.2183
   4.1977
   4.1738
   4.1649
   4.1524
   4.1435
   4.1327
   4.1187
   4.1097
   4.0938
   4.0865
   4.0757
   4.0617
   4.0494
   4.0387
   4.0298
   4.0176
   4.0055
   3.9951
   3.9878
   3.9806
   3.9668
   3.9464
   3.9344
   3.9176
   3.9024
   3.8841
   3.8693
   3.8582
   3.8438
   3.8382
   3.8277
   3.8157
   3.8038
   3.7967
   3.7898
   3.7827
   3.7807
   3.7853
   3.7915
   3.7943
   3.8021
   3.8079
   3.8186
   3.8255
   3.8356
   3.8488
   3.8637
   3.8837
   3.8983
   3.9078
   3.9254
   3.9328
   3.9368
   3.9406
   3.9478
   3.9585
   3.9693
   3.9817
   4.0008
   4.0165
   4.0239
   4.0282
   4.0291
   4.0134
   4.0013
   3.9792
   3.9538
   3.9284
   3.8979
   3.8726
   3.8421
   3.8068
   3.7729
   3.7372
   3.6983
   3.6592
   3.6167
   3.5758
   3.5415
   3.4988
   3.4577
   3.4132
   3.3686
   3.3124
   3.2627
   3.2013
   3.1465
   3.0883
   3.0315
   2.9729
   2.9107
   2.8534
   2.7943
   2.7317
   2.6725
   2.6165
   2.5571
   2.5010
   2.4433
   2.3821
   2.3192
   2.2513
   2.1851
   2.1091
   2.0348
   1.9490
   1.8648
   1.7755
   1.6762
   1.5803
   1.4895
   1.3853
   1.2848
   1.1809
   1.0721
   0.9597
   0.8388
   0.7210
   0.6048
   0.4769
   0.3557
   0.2444
   0.1345
   0.0280
  -0.0753
  -0.1803
  -0.2772
  -0.3706
  -0.4542
  -0.5378
  -0.6398
  -0.7383
  -0.8336
  -0.9288
  -1.0290
  -1.1442
  -1.2577
  -1.3745
  -1.5063
  -1.6381
  -1.7632
  -1.8950
  -2.0167
  -2.1302
  -2.2338
  -2.3456
  -2.4441
  -2.5477
  -2.6462
  -2.7515
  -2.8516
  -2.9569
  -3.0636
  -3.1638
  -3.2573
  -3.3457
  -3.4355
  -3.5171
  -3.6005
  -3.6821
  -3.7587
  -3.8353
  -3.9067
  -3.9764
  -4.0411
  -4.1092
  -4.1655
  -4.2219
  -4.2784
  -4.3315
  -4.3797
  -4.4328
  -4.4757
  -4.5221
  -4.5651
  -4.6082
  -4.6495
  -4.6859
  -4.7306
  -4.7769
  -4.8199
  -4.8679
  -4.9158
  -4.9670
  -5.0150
  -5.0596
  -5.0977
  -5.1325
  -5.1707
  -5.2124
  -5.2540
  -5.2724
  -5.2957
  -5.3156
  -5.3356
  -5.3522
  -5.3523
  -5.3623
  -5.3690
  -5.3640
  -5.3641
  -5.3693
  -5.3630
  -5.3584
  -5.3571
  -5.3591
  -5.3529
  -5.3534
  -5.3506
  -5.3544
  -5.3565
  -5.3586
  -5.3589
  -5.3593
  -5.3630
  -5.3702
  -5.3822
  -5.3945
  -5.4066
  -5.4237
  -5.4391
  -5.4546
  -5.4650
  -5.4789
  -5.4878
  -5.5049
  -5.5138
  -5.5258
  -5.5396
  -5.5499
  -5.5601
  -5.5687
  -5.5740
  -5.5793
  -5.5813
  -5.5784
  -5.5719
  -5.5657
  -5.5627
  -5.5515
  -5.5468
  -5.5288
  -5.4960
  -5.4649
  -5.4288
  -5.3927
  -5.3466
  -5.3039
  -5.2627
  -5.2166
  -5.1737
  -5.1309
  -5.0948
  -5.0521
  -4.9996
  -4.9537
  -4.8880
  -4.8140
  -4.7265
  -4.6260
  -4.5271
  -4.4198
  -4.3024
  -4.1933
  -4.0841
  -3.9815
  -3.8808
  -3.7865
  -3.6955
  -3.6062
  -3.5169
  -3.4276
  -3.3466
  -3.2623
  -3.1780
  -3.0954
  -3.0161
  -2.9435
  -2.8642
  -2.7883
  -2.7157
  -2.6482
  -2.5756
  -2.5113
  -2.4422
  -2.3796
  -2.3122
  -2.2548
  -2.2007
  -2.1499
  -2.1042
  -2.0585
  -2.0178
  -1.9838
  -1.9482
  -1.9094
  -1.8754
  -1.8233
  -1.7794
  -1.7206
  -1.6486
  -1.5767
  -1.5014
  -1.4394
  -1.3789
  -1.3152
  -1.2531
  -1.1960
  -1.1374
  -1.0803
  -1.0215
  -0.9562
  -0.8909
  -0.8173
  -0.7503
  -0.6866
  -0.6180
  -0.5676
  -0.5256
  -0.4903
  -0.4681
  -0.4476
  -0.4355
  -0.4267
  -0.4130
  -0.3993
  -0.3790
  -0.3552
  -0.3248
  -0.2895
  -0.2542
  -0.2188
  -0.1833
  -0.1446
  -0.1075
  -0.0754
  -0.0432
  -0.0094
   0.0295
   0.0584
   0.0874
   0.1163
   0.1486
   0.1742
   0.2016
   0.2273
   0.2513
   0.2771
   0.3095
   0.3469
   0.3859
   0.4267
   0.4675
   0.5099
   0.5557
   0.6047
   0.6488
   0.6897
   0.7156
   0.7532
   0.7807
   0.7984
   0.8227
   0.8371
   0.8448
   0.8542
   0.8537
   0.8482
   0.8344
   0.8092
   0.7840
   0.7571
   0.7153
   0.6720
   0.6187
   0.5687
   0.5106
   0.4523
   0.3908
   0.3244
   0.2563
   0.1883
   0.1219
   0.0605
  -0.0058
  -0.0721
  -0.1384
  -0.2080
  -0.2792
  -0.3555
  -0.4350
  -0.5178
  -0.6007
  -0.6770
  -0.7532
  -0.8278
  -0.9024
  -0.9703
  -1.0333
  -1.0979
  -1.1577
  -1.2157
  -1.2655
  -1.3169
  -1.3700
  -1.4214
  -1.4794
  -1.5342
  -1.5905
  -1.6502
  -1.7082
  -1.7661
  -1.8257
  -1.8836
  -1.9416
  -1.9962
  -2.0573
  -2.1185
  -2.1730
  -2.2227
  -2.2740
  -2.3254
  -2.3783
  -2.4330
  -2.4877
  -2.5396
  -2.5921
  -2.6434
  -2.6915
  -2.7378
  -2.7792
  -2.8240
  -2.8753
  -2.9232
  -2.9695
  -3.0058
  -3.0455
  -3.0770
  -3.1084
  -3.1315
  -3.1431
  -3.1530
  -3.1597
  -3.1648
  -3.1715
  -3.1782
  -3.1848
  -3.1948
  -3.2032
  -3.2115
  -3.2148
  -3.2182
  -3.2215
  -3.2149
  -3.2182
  -3.2199
  -3.2199
  -3.2151
  -3.2152
  -3.2170
  -3.2171
  -3.2173
  -3.2174
  -3.2208
  -3.2193
  -3.2113
  -3.2015
  -3.1819
  -3.1639
  -3.1378
  -3.1050
  -3.0690
  -3.0330
  -2.9969
  -2.9592
  -2.9232
  -2.8889
  -2.8529
  -2.8202
  -2.7925
  -2.7680
  -2.7534
  -2.7438
  -2.7341
  -2.7228
  -2.7065
  -2.6831
  -2.6559
  -2.6264
  -2.5871
  -2.5460
  -2.5035
  -2.4543
  -2.4001
  -2.3444
  -2.2902
  -2.2426
  -2.1935
  -2.1508
  -2.1081
  -2.0720
  -2.0409
  -2.0081
  -1.9786
  -1.9475
  -1.9164
  -1.8804
  -1.8444
  -1.8051
  -1.7658
  -1.7265
  -1.6889
  -1.6446
  -1.5939
  -1.5497
  -1.4956
  -1.4432
  -1.3925
  -1.3433
  -1.2926
  -1.2418
  -1.1911
  -1.1386
  -1.0863
  -1.0355
  -0.9881
  -0.9434
  -0.8981
  -0.8539
  -0.8075
  -0.7638
  -0.7245
  -0.6879
  -0.6491
  -0.6048
  -0.5615
  -0.5177
  -0.4733
  -0.4300
  -0.3828
  -0.3351
  -0.2901
  -0.2397
  -0.1853
  -0.1337
  -0.0831
  -0.0370
   0.0048
   0.0456
   0.0868
   0.1204
   0.1546
   0.1910
   0.2247
   0.2589
   0.2953
   0.3340
   0.3715
   0.4114
   0.4500
   0.4893
   0.5290
   0.5694
   0.6070
   0.6468
   0.6857
   0.7250
   0.7601
   0.7941
   0.8286
   0.8637
   0.9009
   0.9388
   0.9739
   1.0064
   1.0394
   1.0696
   1.1021
   1.1352
   1.1704
   1.2047
   1.2394
   1.2731
   1.3057
   1.3383
   1.3774
   1.4133
   1.4519
   1.4915
   1.5241
   1.5594
   1.5941
   1.6282
   1.6652
   1.6966
   1.7323
   1.7675
   1.8020
   1.8393
   1.8760
   1.9171
   1.9527
   1.9943
   2.0386
   2.0807
   2.1255
   2.1665
   2.2102
   2.2500
   2.2942
   2.3362
   2.3760
   2.4136
   2.4522
   2.4936
   2.5294
   2.5664
   2.6110
   2.6534
   2.6951
   2.7380
   2.7819
   2.8220
   2.8583
   2.8973
   2.9357
   2.9785
   3.0223
   3.0607
   3.1018
   3.1391
   3.1757
   3.2101
   3.2374
   3.2691
   3.3084
   3.3406
   3.3804
   3.4230
   3.4617
   3.5031
   3.5423
   3.5826
   3.6256
   3.6664
   3.7039
   3.7480
   3.7937
   3.8362
   3.8802
   3.9341
   3.9798
   4.0255
   4.0729
   4.1169
   4.1658
   4.2050
   4.2425
   4.2817
   4.3193
   4.3650
   4.4042
   4.4516
   4.4958
   4.5366
   4.5873
   4.6281
   4.6738
   4.7147
   4.7621
   4.8046
   4.8504
   4.9045
   4.9618
   5.0175
   5.0780
   5.1434
   5.2073
   5.2678
   5.3300
   5.3972
   5.4693
   5.5446
   5.6282
   5.7248
   5.8067
   5.8936
   5.9788
   6.0606
   6.1506
   6.2455
   6.3437
   6.4518
   6.5616
   6.6827
   6.7990
   6.9070
   7.0315
   7.1494
   7.2673
   7.3934
   7.5096
   7.6389
   7.7666
   7.8926
   8.0203
   8.1529
   8.2724
   8.3936
   8.5230
   8.6458
   8.7718
   8.9060
   9.0403
   9.1745
   9.3071
   9.4429
   9.5821
   9.7278
   9.8751
  10.0143
  10.1518
  10.2910
  10.4220
  10.5513
  10.6822
  10.8148
  10.9523
  11.0915
  11.2389
  11.3813
  11.5255
  11.6679
  11.8054
  11.9397
  12.0821
  12.2196
  12.3621
  12.5061
  12.6436
  12.7876
  12.9218
  13.0511
  13.1771
  13.3048
  13.4242
  13.5566
  13.6875
  13.8199
  13.9507
  14.0833
  14.2075
  14.3352
  14.4545
  14.5787
  14.7029
  14.8238
  14.9496
  15.0705
  15.1848
  15.2991
  15.4085
  15.5227
  15.6239
  15.7267
  15.8294
  15.9336
  16.0331
  16.1276
  16.2254
  16.3132
  16.4044
  16.4809
  16.5590
  16.6273
  16.6907
  16.7557
  16.8109
  16.8677
  16.9213
  16.9700
  17.0219
  17.0689
  17.1126
  17.1661
  17.2082
  17.2503
  17.2793
  17.3180
  17.3485
  17.3757
  17.3997
  17.4187
  17.4361
  17.4470
  17.4578
  17.4636
  17.4613
  17.4540
  17.4402
  17.4280
  17.4060
  17.3824
  17.3506
  17.3187
  17.2788
  17.2388
  17.1940
  17.1426
  17.0881
  17.0302
  16.9658
  16.9031
  16.8355
  16.7662
  16.6937
  16.6131
  16.5356
  16.4452
  16.3466
  16.2530
  16.1562
  16.0643
  15.9626
  15.8608
  15.7543
  15.6412
  15.5251
  15.4169
  15.3138
  15.2057
  15.1025
  14.9863
  14.8749
  14.7717
  14.6750
  14.5801
  14.4835
  14.3934
  14.3017
  14.2133
  14.1231
  14.0379
  13.9478
  13.8692
  13.7872
  13.7135
  13.6365
  13.5661
  13.4844
  13.4076
  13.3210
  13.2426
  13.1675
  13.1005
  13.0369
  12.9733
  12.9146
  12.8642
  12.8169
  12.7746
  12.7273
  12.6834
  12.6443
  12.6100
  12.5791
  12.5417
  12.4977
  12.4602
  12.4243
  12.3835
  12.3443
  12.3052
  12.2611
  12.2171
  12.1649
  12.1029
  12.0393
  11.9823
  11.9350
  11.8974
  11.8517
  11.8109
  11.7635
  11.7292
  11.6981
  11.6702
  11.6390
  11.5997
  11.5604
  11.5161
  11.4752
  11.4310
  11.3901
  11.3492
  11.2953
  11.2431
  11.2006
  11.1515
  11.1156
  11.0780
  11.0404
  11.0045
  10.9686
  10.9328
  10.9017
  10.8738
  10.8557
  10.8359
  10.8192
  10.8058
  10.8004
  10.8081
  10.8092
  10.8119
  10.8065
  10.8044
  10.8039
  10.7920
  10.7784
  10.7601
  10.7450
  10.7363
  10.7259
  10.7185
  10.7129
  10.6959
  10.6903
  10.6814
  10.6708
  10.6553
  10.6414
  10.6291
  10.6119
  10.5980
  10.5890
  10.5899
  10.5973
  10.6192
  10.6282
  10.6403
  10.6442
  10.6530
  10.6602
  10.6658
  10.6730
  10.6736
  10.6727
  10.6782
  10.6951
  10.7088
  10.7242
  10.7444
  10.7662
  10.7979
  10.8344
  10.8726
  10.9141
  10.9458
  10.9889
  11.0139
  11.0406
  11.0607
  11.0791
  11.0926
  11.1045
  11.1019
  11.0865
  11.0567
  11.0318
  10.9939
  10.9527
  10.8983
  10.8389
  10.7826
  10.7215
  10.6668
  10.6121
  10.5622
  10.5189
  10.4772
  10.4419
  10.4083
  10.3779
  10.3477
  10.3243
  10.2977
  10.2791
  10.2573
  10.2420
  10.2266
  10.2129
  10.2042
  10.1955
  10.1966
  10.1928
  10.1825
  10.1673
  10.1570
  10.1338
  10.1155
  10.0908
  10.0629
  10.0413
  10.0132
   9.9836
   9.9475
   9.9244
   9.8999
   9.8801
   9.8619
   9.8338
   9.8122
   9.7888
   9.7623
   9.7373
   9.7025
   9.6659
   9.6260
   9.5830
   9.5221
   9.4580
   9.3971
   9.3280
   9.2687
   9.2063
   9.1486
   9.0941
   9.0476
   9.0088
   8.9733
   8.9460
   8.9271
   8.9083
   8.8880
   8.8676
   8.8489
   8.8221
   8.7952
   8.7601
   8.7201
   8.6768
   8.6286
   8.5788
   8.5208
   8.4645
   8.4015
   8.3384
   8.2688
   8.2024
   8.1329
   8.0650
   8.0003
   7.9340
   7.8677
   7.7932
   7.7334
   7.6767
   7.6199
   7.5630
   7.5173
   7.4729
   7.4351
   7.4021
   7.3676
   7.3396
   7.3260
   7.3061
   7.2843
   7.2595
   7.2331
   7.2002
   7.1789
   7.1527
   7.1266
   7.0923
   7.0595
   7.0364
   7.0100
   6.9820
   6.9571
   6.9436
   6.9366
   6.9313
   6.9293
   6.9160
   6.9076
   6.8960
   6.8761
   6.8595
   6.8444
   6.8245
   6.7915
   6.7469
   6.7072
   6.6691
   6.6278
   6.5882
   6.5631
   6.5366
   6.5084
   6.4771
   6.4473
   6.4159
   6.3814
   6.3533
   6.3202
   6.2872
   6.2623
   6.2373
   6.2124
   6.1891
   6.1593
   6.1378
   6.1101
   6.0854
   6.0607
   6.0327
   5.9968
   5.9705
   5.9445
   5.9055
   5.8682
   5.8261
   5.7842
   5.7439
   5.6970
   5.6422
   5.5939
   5.5406
   5.4923
   5.4390
   5.3890
   5.3291
   5.2755
   5.2154
   5.1635
   5.1071
   5.0475
   4.9894
   4.9393
   4.8876
   4.8377
   4.7882
   4.7368
   4.6901
   4.6468
   4.6052
   4.5683
   4.5347
   4.5026
   4.4673
   4.4287
   4.4030
   4.3887
   4.3694
   4.3502
   4.3342
   4.3152
   4.2832
   4.2510
   4.2236
   4.1929
   4.1574
   4.1268
   4.0980
   4.0610
   4.0258
   3.9873
   3.9504
   3.9119
   3.8719
   3.8382
   3.8127
   3.7773
   3.7451
   3.7113
   3.6824
   3.6405
   3.6051
   3.5600
   3.5100
   3.4698
   3.4263
   3.3876
   3.3569
   3.3134
   3.2798
   3.2445
   3.2107
   3.1674
   3.1355
   3.1019
   3.0716
   3.0445
   3.0177
   2.9927
   2.9723
   2.9600
   2.9525
   2.9534
   2.9546
   2.9574
   2.9714
   2.9849
   3.0035
   3.0240
   3.0426
   3.0661
   3.0881
   3.1117
   3.1371
   3.1545
   3.1734
   3.1877
   3.1971
   3.2050
   3.2048
   3.1933
   3.1865
   3.1701
   3.1539
   3.1313
   3.1186
   3.1059
   3.0867
   3.0673
   3.0577
   3.0366
   3.0207
   2.9919
   2.9630
   2.9373
   2.9004
   2.8619
   2.8250
   2.7848
   2.7509
   2.7172
   2.6915
   2.6658
   2.6417
   2.6192
   2.5869
   2.5531
   2.5193
   2.4790
   2.4434
   2.4010
   2.3570
   2.3194
   2.2819
   2.2393
   2.1951
   2.1510
   2.1087
   2.0631
   2.0110
   1.9558
   1.8973
   1.8291
   1.7527
   1.6714
   1.5918
   1.5090
   1.4231
   1.3307
   1.2272
   1.1301
   1.0186
   0.9053
   0.7921
   0.6693
   0.5578
   0.4400
   0.3237
   0.2042
   0.0910
  -0.0140
  -0.1190
  -0.2256
  -0.3194
  -0.4179
  -0.5164
  -0.6214
  -0.7213
  -0.8212
  -0.9242
  -1.0385
  -1.1398
  -1.2510
  -1.3589
  -1.4698
  -1.5901
  -1.6992
  -1.8181
  -1.9353
  -2.0491
  -2.1629
  -2.2783
  -2.4000
  -2.5184
  -2.6432
  -2.7695
  -2.8926
  -3.0188
  -3.1530
  -3.2840
  -3.4131
  -3.5454
  -3.6776
  -3.8082
  -3.9290
  -4.0594
  -4.1816
  -4.3071
  -4.4409
  -4.5747
  -4.7019
  -4.8324
  -4.9679
  -5.1000
  -5.2320
  -5.3656
  -5.5009
  -5.6393
  -5.7745
  -5.9081
  -6.0370
  -6.1627
  -6.2754
  -6.3897
  -6.5008
  -6.6148
  -6.7322
  -6.8413
  -6.9474
  -7.0501
  -7.1527
  -7.2617
  -7.3642
  -7.2522
  -7.1449
  -7.0361
  -6.9225
  -6.8043
  -6.6860
  -6.5661
  -6.4399
  -6.3089
  -6.1763
  -6.0307
  -5.8820
  -5.7269
  -5.5653
  -5.4004
  -5.2288
  -5.0572
  -4.8791
  -4.7057
  -4.5291
  -4.3508
  -4.1740
  -3.9907
  -3.8038
  -3.6186
  -3.4252
  -3.2289
  -3.0375
  -2.8428
  -2.6445
