  -9.9388
  -9.8798
  -9.8185
  -9.7669
  -9.7184
  -9.6738
  -9.6288
  -9.5802
  -9.5317
  -9.4809
  -9.4246
  -9.3674
  -9.3112
  -9.2529
  -9.1951
  -9.1423
  -9.0858
  -9.0336
  -8.9836
  -8.9334
  -8.8824
  -8.8309
  -8.7826
  -8.7391
  -8.6955
  -8.6573
  -8.6158
  -8.5707
  -8.5278
  -8.4755
  -8.4232
  -8.3896
  -8.3544
  -8.3160
  -8.2741
  -8.2381
  -8.2017
  -8.1611
  -8.1168
  -8.0690
  -8.0230
  -7.9741
  -7.9264
  -7.8795
  -7.8409
  -7.8034
  -7.7664
  -7.7246
  -7.6869
  -7.6461
  -7.6063
  -7.5739
  -7.5455
  -7.5214
  -7.5069
  -7.4941
  -7.4862
  -7.4805
  -7.4776
  -7.4789
  -7.4859
  -7.4946
  -7.5031
  -7.5139
  -7.5176
  -7.5158
  -7.5176
  -7.5247
  -7.5342
  -7.5504
  -7.5672
  -7.5899
  -7.6152
  -7.6464
  -7.6763
  -7.7050
  -7.7316
  -7.7635
  -7.7953
  -7.8270
  -7.8594
  -7.8933
  -7.9272
  -7.9612
  -7.9935
  -8.0290
  -8.0611
  -8.0897
  -8.1216
  -8.1586
  -8.1964
  -8.2377
  -8.2796
  -8.3242
  -8.3704
  -8.4190
  -8.4630
  -8.5053
  -8.5461
  -8.5891
  -8.6311
  -8.6698
  -8.7088
  -8.7488
  -8.7860
  -8.8185
  -8.8495
  -8.8824
  -8.9218
  -8.9594
  -9.0022
  -9.0470
  -9.0939
  -9.1347
  -9.1731
  -9.2060
  -9.2368
  -9.2688
  -9.2943
  -9.3180
  -9.3364
  -9.3496
  -9.3616
  -9.3739
  -9.3828
  -9.3973
  -9.4158
  -9.4315
  -9.4456
  -9.4621
  -9.4790
  -9.4973
  -9.5091
  -9.5182
  -9.5195
  -9.5217
  -9.5219
  -9.5246
  -9.5271
  -9.5312
  -9.5327
  -9.5350
  -9.5337
  -9.5355
  -9.5329
  -9.5277
  -9.5168
  -9.5039
  -9.4938
  -9.4770
  -9.4550
  -9.4307
  -9.4029
  -9.3687
  -9.3396
  -9.3072
  -9.2752
  -9.2472
  -9.2206
  -9.1915
  -9.1588
  -9.1347
  -9.1051
  -9.0795
  -9.0491
  -9.0181
  -8.9803
  -8.9469
  -8.9040
  -8.8549
  -8.8028
  -8.7424
  -8.6813
  -8.6114
  -8.5433
  -8.4694
  -8.3954
  -8.3176
  -8.2354
  -8.1555
  -8.0748
  -7.9952
  -7.9159
  -7.8365
  -7.7590
  -7.6839
  -7.6067
  -7.5280
  -7.4504
  -7.3734
  -7.2979
  -7.2182
  -7.1416
  -7.0715
  -7.0030
  -6.9382
  -6.8727
  -6.8101
  -6.7468
  -6.6821
  -6.6182
  -6.5584
  -6.4955
  -6.4296
  -6.3629
  -6.2996
  -6.2329
  -6.1713
  -6.1091
  -6.0475
  -5.9899
  -5.9354
  -5.8794
  -5.8295
  -5.7873
  -5.7365
  -5.6907
  -5.6453
  -5.5982
  -5.5497
  -5.5060
  -5.4624
  -5.4128
  -5.3692
  -5.3224
  -5.2790
  -5.2354
  -5.1942
  -5.1507
  -5.1147
  -5.0814
  -5.0478
  -5.0227
  -4.9947
  -4.9704
  -4.9476
  -4.9287
  -4.9119
  -4.9014
  -4.8923
  -4.8847
  -4.8796
  -4.8745
  -4.8750
  -4.8741
  -4.8720
  -4.8681
  -4.8665
  -4.8644
  -4.8586
  -4.8472
  -4.8351
  -4.8255
  -4.8112
  -4.7927
  -4.7701
  -4.7456
  -4.7200
  -4.6926
  -4.6662
  -4.6381
  -4.6103
  -4.5839
  -4.5633
  -4.5477
  -4.5295
  -4.5106
  -4.4981
  -4.4830
  -4.4725
  -4.4622
  -4.4550
  -4.4485
  -4.4503
  -4.4525
  -4.4555
  -4.4602
  -4.4655
  -4.4714
  -4.4754
  -4.4785
  -4.4824
  -4.4888
  -4.4959
  -4.5033
  -4.5113
  -4.5200
  -4.5303
  -4.5446
  -4.5588
  -4.5696
  -4.5824
  -4.5977
  -4.6126
  -4.6293
  -4.6476
  -4.6688
  -4.6944
  -4.7199
  -4.7397
  -4.7566
  -4.7692
  -4.7794
  -4.7883
  -4.7899
  -4.7929
  -4.7944
  -4.7990
  -4.8019
  -4.8025
  -4.8038
  -4.8059
  -4.8097
  -4.8160
  -4.8298
  -4.8496
  -4.8776
  -4.9065
  -4.9381
  -4.9699
  -4.9989
  -5.0278
  -5.0568
  -5.0825
  -5.1053
  -5.1247
  -5.1459
  -5.1681
  -5.1870
  -5.2077
  -5.2254
  -5.2413
  -5.2550
  -5.2652
  -5.2711
  -5.2711
  -5.2710
  -5.2691
  -5.2647
  -5.2592
  -5.2549
  -5.2522
  -5.2488
  -5.2454
  -5.2412
  -5.2401
  -5.2389
  -5.2376
  -5.2381
  -5.2371
  -5.2369
  -5.2367
  -5.2344
  -5.2306
  -5.2253
  -5.2184
  -5.2091
  -5.1991
  -5.1868
  -5.1744
  -5.1661
  -5.1638
  -5.1647
  -5.1674
  -5.1729
  -5.1820
  -5.1876
  -5.1900
  -5.1864
  -5.1810
  -5.1779
  -5.1757
  -5.1760
  -5.1746
  -5.1725
  -5.1651
  -5.1569
  -5.1439
  -5.1312
  -5.1142
  -5.0965
  -5.0790
  -5.0633
  -5.0451
  -5.0270
  -5.0087
  -4.9887
  -4.9686
  -4.9475
  -4.9264
  -4.9035
  -4.8795
  -4.8580
  -4.8357
  -4.8152
  -4.7981
  -4.7820
  -4.7643
  -4.7475
  -4.7316
  -4.7165
  -4.7014
  -4.6894
  -4.6790
  -4.6677
  -4.6566
  -4.6437
  -4.6310
  -4.6189
  -4.6036
  -4.5897
  -4.5776
  -4.5680
  -4.5610
  -4.5580
  -4.5566
  -4.5568
  -4.5578
  -4.5570
  -4.5535
  -4.5491
  -4.5438
  -4.5333
  -4.5204
  -4.5073
  -4.4917
  -4.4786
  -4.4698
  -4.4645
  -4.4627
  -4.4629
  -4.4624
  -4.4625
  -4.4618
  -4.4600
  -4.4581
  -4.4569
  -4.4516
  -4.4444
  -4.4354
  -4.4289
  -4.4246
  -4.4219
  -4.4175
  -4.4147
  -4.4127
  -4.4106
  -4.4094
  -4.4083
  -4.4040
  -4.4024
  -4.4023
  -4.4033
  -4.4035
  -4.4045
  -4.4041
  -4.3980
  -4.3926
  -4.3848
  -4.3786
  -4.3717
  -4.3614
  -4.3487
  -4.3311
  -4.3071
  -4.2810
  -4.2526
  -4.2214
  -4.1872
  -4.1494
  -4.1109
  -4.0703
  -4.0247
  -3.9766
  -3.9291
  -3.8806
  -3.8336
  -3.7883
  -3.7446
  -3.6981
  -3.6524
  -3.6053
  -3.5590
  -3.5125
  -3.4676
  -3.4227
  -3.3785
  -3.3317
  -3.2832
  -3.2346
  -3.1861
  -3.1367
  -3.0929
  -3.0546
  -3.0183
  -2.9842
  -2.9454
  -2.9034
  -2.8613
  -2.8162
  -2.7712
  -2.7296
  -2.6882
  -2.6508
  -2.6166
  -2.5853
  -2.5556
  -2.5268
  -2.4977
  -2.4646
  -2.4322
  -2.3975
  -2.3589
  -2.3197
  -2.2765
  -2.2279
  -2.1776
  -2.1289
  -2.0779
  -2.0306
  -1.9828
  -1.9371
  -1.8961
  -1.8589
  -1.8249
  -1.7974
  -1.7720
  -1.7500
  -1.7311
  -1.7144
  -1.6983
  -1.6854
  -1.6749
  -1.6677
  -1.6622
  -1.6551
  -1.6465
  -1.6372
  -1.6263
  -1.6137
  -1.6026
  -1.5897
  -1.5784
  -1.5629
  -1.5483
  -1.5370
  -1.5177
  -1.5000
  -1.4822
  -1.4652
  -1.4497
  -1.4366
  -1.4250
  -1.4112
  -1.3944
  -1.3756
  -1.3566
  -1.3430
  -1.3326
  -1.3231
  -1.3159
  -1.3064
  -1.2893
  -1.2649
  -1.2326
  -1.1940
  -1.1509
  -1.1047
  -1.0578
  -1.0127
  -0.9708
  -0.9320
  -0.8963
  -0.8646
  -0.8350
  -0.8111
  -0.7928
  -0.7792
  -0.7671
  -0.7565
  -0.7436
  -0.7287
  -0.7104
  -0.6892
  -0.6664
  -0.6398
  -0.6124
  -0.5868
  -0.5603
  -0.5346
  -0.5103
  -0.4859
  -0.4579
  -0.4299
  -0.3968
  -0.3637
  -0.3278
  -0.2929
  -0.2528
  -0.2120
  -0.1745
  -0.1403
  -0.1068
  -0.0784
  -0.0533
  -0.0272
  -0.0030
   0.0114
   0.0291
   0.0476
   0.0643
   0.0807
   0.1015
   0.1237
   0.1418
   0.1613
   0.1799
   0.2010
   0.2251
   0.2477
   0.2709
   0.2934
   0.3153
   0.3323
   0.3422
   0.3499
   0.3526
   0.3548
   0.3587
   0.3618
   0.3672
   0.3708
   0.3785
   0.3877
   0.4001
   0.4124
   0.4323
   0.4547
   0.4781
   0.5038
   0.5264
   0.5463
   0.5643
   0.5787
   0.5965
   0.6151
   0.6288
   0.6467
   0.6656
   0.6840
   0.7015
   0.7182
   0.7339
   0.7486
   0.7622
   0.7697
   0.7788
   0.7826
   0.7891
   0.7914
   0.7952
   0.8000
   0.8081
   0.8138
   0.8238
   0.8322
   0.8439
   0.8601
   0.8782
   0.8970
   0.9141
   0.9351
   0.9571
   0.9778
   0.9954
   1.0172
   1.0391
   1.0651
   1.0887
   1.1139
   1.1392
   1.1662
   1.1925
   1.2177
   1.2446
   1.2722
   1.2990
   1.3267
   1.3534
   1.3793
   1.4068
   1.4322
   1.4642
   1.4961
   1.5296
   1.5621
   1.5929
   1.6188
   1.6406
   1.6622
   1.6781
   1.6979
   1.7237
   1.7490
   1.7800
   1.8019
   1.8216
   1.8436
   1.8632
   1.8826
   1.9054
   1.9290
   1.9525
   1.9801
   2.0020
   2.0283
   2.0581
   2.0895
   2.1228
   2.1569
   2.1924
   2.2264
   2.2612
   2.2930
   2.3261
   2.3626
   2.4012
   2.4365
   2.4702
   2.5005
   2.5289
   2.5624
   2.5951
   2.6284
   2.6629
   2.7007
   2.7407
   2.7867
   2.8332
   2.8805
   2.9269
   2.9739
   3.0210
   3.0768
   3.1316
   3.1864
   3.2499
   3.3120
   3.3757
   3.4434
   3.5102
   3.5746
   3.6464
   3.7148
   3.7842
   3.8545
   3.9260
   3.9968
   4.0693
   4.1440
   4.2179
   4.2933
   4.3646
   4.4316
   4.4959
   4.5596
   4.6249
   4.6892
   4.7510
   4.8179
   4.8806
   4.9424
   5.0049
   5.0668
   5.1238
   5.1838
   5.2423
   5.2932
   5.3382
   5.3855
   5.4310
   5.4798
   5.5270
   5.5764
   5.6256
   5.6724
   5.7200
   5.7702
   5.8212
   5.8761
   5.9358
   5.9966
   6.0525
   6.1077
   6.1605
   6.2125
   6.2637
   6.3165
   6.3635
   6.4074
   6.4538
   6.4962
   6.5395
   6.5803
   6.6131
   6.6485
   6.6816
   6.7067
   6.7348
   6.7555
   6.7738
   6.7889
   6.8004
   6.8038
   6.8040
   6.7999
   6.7991
   6.8007
   6.8045
   6.8094
   6.8142
   6.8232
   6.8330
   6.8493
   6.8657
   6.8845
   6.9015
   6.9204
   6.9448
   6.9709
   6.9969
   7.0261
   7.0569
   7.0853
   7.1168
   7.1485
   7.1809
   7.2141
   7.2546
   7.2986
   7.3368
   7.3742
   7.4137
   7.4522
   7.4925
   7.5352
   7.5851
   7.6332
   7.6846
   7.7435
   7.7974
   7.8498
   7.9014
   7.9519
   8.0041
   8.0580
   8.1151
   8.1762
   8.2366
   8.2970
   8.3592
   8.4248
   8.4903
   8.5607
   8.6280
   8.6944
   8.7516
   8.8118
   8.8722
   8.9319
   8.9988
   9.0700
   9.1452
   9.2273
   9.3144
   9.4066
   9.5005
   9.5903
   9.6782
   9.7671
   9.8567
   9.9456
  10.0360
  10.1274
  10.2181
  10.3121
  10.4094
  10.5076
  10.6132
  10.7124
  10.8133
  10.9092
  11.0070
  11.1024
  11.1994
  11.2964
  11.3909
  11.4865
  11.5778
  11.6694
  11.7611
  11.8570
  11.9528
  12.0385
  12.1274
  12.2124
  12.3026
  12.3879
  12.4752
  12.5576
  12.6293
  12.7043
  12.7800
  12.8580
  12.9352
  13.0084
  13.0857
  13.1648
  13.2332
  13.2992
  13.3691
  13.4399
  13.5049
  13.5726
  13.6410
  13.7119
  13.7820
  13.8605
  13.9399
  14.0169
  14.0994
  14.1748
  14.2475
  14.3195
  14.3928
  14.4586
  14.5202
  14.5824
  14.6381
  14.6972
  14.7546
  14.8079
  14.8597
  14.9068
  14.9562
  14.9992
  15.0406
  15.0787
  15.1112
  15.1394
  15.1702
  15.1986
  15.2318
  15.2627
  15.2993
  15.3352
  15.3697
  15.4057
  15.4432
  15.4847
  15.5262
  15.5661
  15.6101
  15.6535
  15.7034
  15.7543
  15.8108
  15.8625
  15.9124
  15.9581
  16.0023
  16.0472
  16.0897
  16.1325
  16.1704
  16.2191
  16.2676
  16.3113
  16.3549
  16.4017
  16.4509
  16.4995
  16.5488
  16.6005
  16.6521
  16.6988
  16.7449
  16.7944
  16.8415
  16.8886
  16.9390
  16.9905
  17.0518
  17.1108
  17.1715
  17.2298
  17.2914
  17.3529
  17.4160
  17.4857
  17.5552
  17.6272
  17.7017
  17.7812
  17.8606
  17.9379
  18.0175
  18.0946
  18.1725
  18.2520
  18.3324
  18.4134
  18.4983
  18.5770
  18.6580
  18.7267
  18.7930
  18.8639
  18.9325
  18.9929
  19.0526
  19.1090
  19.1628
  19.2199
  19.2727
  19.3224
  19.3744
  19.4218
  19.4681
  19.5169
  19.5675
  19.6162
  19.6641
  19.7163
  19.7692
  19.8212
  19.8651
  19.9081
  19.9511
  19.9858
  20.0205
  20.0512
  20.0767
  20.1000
  20.1232
  20.1473
  20.1722
  20.1970
  20.2249
  20.2488
  20.2735
  20.2955
  20.3085
  20.3188
  20.3267
  20.3313
  20.3351
  20.3405
  20.3436
  20.3386
  20.3395
  20.3271
  20.3138
  20.2966
  20.2785
  20.2603
  20.2427
  20.2250
  20.2016
  20.1782
  20.1515
  20.1184
  20.0755
  20.0295
  19.9794
  19.9252
  19.8745
  19.8235
  19.7645
  19.7069
  19.6569
  19.6042
  19.5532
  19.5119
  19.4663
  19.4264
  19.3865
  19.3416
  19.2926
  19.2385
  19.1901
  19.1449
  19.0933
  19.0352
  18.9737
  18.9096
  18.8479
  18.7886
  18.7374
  18.6873
  18.6420
  18.5935
  18.5419
  18.4896
  18.4372
  18.3864
  18.3398
  18.2890
  18.2376
  18.1770
  18.1180
  18.0550
  17.9889
  17.9237
  17.8527
  17.7842
  17.7107
  17.6405
  17.5653
  17.4952
  17.4226
  17.3434
  17.2693
  17.1983
  17.1249
  17.0512
  16.9776
  16.9018
  16.8292
  16.7624
  16.6947
  16.6309
  16.5721
  16.5214
  16.4706
  16.4253
  16.3801
  16.3330
  16.2894
  16.2515
  16.2120
  16.1741
  16.1338
  16.0893
  16.0369
  15.9771
  15.9099
  15.8418
  15.7704
  15.7039
  15.6391
  15.5694
  15.4980
  15.4348
  15.3822
  15.3222
  15.2598
  15.1892
  15.1112
  15.0225
  14.9279
  14.8301
  14.7404
  14.6547
  14.5733
  14.4885
  14.3988
  14.2984
  14.1988
  14.0975
  13.9972
  13.8920
  13.7818
  13.6790
  13.5745
  13.4716
  13.3607
  13.2539
  13.1422
  13.0313
  12.9136
  12.8035
  12.6908
  12.5847
  12.4793
  12.3771
  12.2732
  12.1692
  12.0611
  11.9449
  11.8229
  11.6952
  11.5692
  11.4374
  11.3064
  11.1705
  11.0320
  10.8909
  10.7515
  10.6096
  10.4661
  10.3251
  10.1784
  10.0365
   9.8931
   9.7488
   9.6079
   9.4760
   9.3474
   9.2197
   9.0854
   8.9552
   8.8193
   8.6760
   8.5301
   8.3810
   8.2409
   8.1008
   7.9681
   7.8362
   7.7133
   7.5946
   7.4751
   7.3564
   7.2367
   7.1096
   6.9815
   6.8501
   6.7196
   6.5800
   6.4411
   6.2973
   6.1600
   6.0219
   5.8789
   5.7375
   5.5976
   5.4692
   5.3472
   5.2300
   5.1185
   5.0087
   4.8963
   4.7783
   4.6561
   4.5234
   4.3849
   4.2433
   4.1008
   3.9592
   3.8248
   3.6904
   3.5609
   3.4231
   3.2861
   3.1532
   3.0170
   2.8760
   2.7408
   2.6063
   2.4759
   2.3412
   2.2155
   2.0905
   1.9649
   1.8408
   1.7167
   1.5853
   1.4572
   1.3299
   1.2067
   1.0909
   0.9710
   0.8545
   0.7370
   0.6146
   0.4871
   0.3572
   0.2282
   0.0966
  -0.0317
  -0.1673
  -0.3013
  -0.4361
  -0.5750
  -0.7180
  -0.8537
  -0.9918
  -1.1275
  -1.2615
  -1.3890
  -1.5107
  -1.6242
  -1.7361
  -1.8448
  -1.9520
  -2.0615
  -2.1743
  -2.2945
  -2.4211
  -2.5543
  -2.6956
  -2.8353
  -2.9782
  -3.1122
  -3.2463
  -3.3729
  -3.4946
  -3.6130
  -3.7299
  -3.8459
  -3.9645
  -4.0773
  -4.1836
  -4.2841
  -4.3822
  -4.4892
  -4.5914
  -4.6846
  -4.7778
  -4.8653
  -4.9552
  -5.0418
  -5.1389
  -5.2370
  -5.3400
  -5.4406
  -5.5322
  -5.6172
  -5.7121
  -5.8086
  -5.9002
  -5.9960
  -6.0885
  -6.1803
  -6.2696
  -6.3548
  -6.4293
  -6.5005
  -6.5685
  -6.6323
  -6.7003
  -6.7724
  -6.8446
  -6.9134
  -6.9815
  -7.0488
  -7.1169
  -7.1826
  -7.2491
  -7.3122
  -7.3672
  -7.4313
  -7.5020
  -7.5726
  -7.6424
  -7.7131
  -7.7845
  -7.8561
  -7.9268
  -7.9975
  -8.0666
  -8.1365
  -8.2023
  -8.2624
  -8.3225
  -8.3801
  -8.4369
  -8.4872
  -8.5367
  -8.5837
  -8.6250
  -8.6703
  -8.7156
  -8.7731
  -8.8291
  -8.8858
  -8.9401
  -8.9928
  -9.0528
  -9.1112
  -9.1753
  -9.2312
  -9.2854
  -9.3331
  -9.3783
  -9.4178
  -9.4507
  -9.4885
  -9.5264
  -9.5610
  -9.5956
  -9.6400
  -9.6829
  -9.7207
  -9.7594
  -9.7891
  -9.8131
  -9.8411
  -9.8741
  -9.9071
  -9.9409
  -9.9681
  -9.9888
 -10.0070
 -10.0301
 -10.0548
 -10.0697
 -10.0911
 -10.1077
 -10.1258
 -10.1456
 -10.1703
 -10.1893
 -10.1993
 -10.2109
 -10.2226
 -10.2350
 -10.2458
 -10.2517
 -10.2560
 -10.2570
 -10.2564
 -10.2460
 -10.2355
 -10.2259
 -10.2178
 -10.2106
 -10.2042
 -10.2002
 -10.1930
 -10.1858
 -10.1811
 -10.1665
 -10.1511
 -10.1266
 -10.1039
 -10.0778
 -10.0485
 -10.0134
