 -12.7765
 -12.9551
 -13.1320
 -13.3014
 -13.4680
 -13.6285
 -13.7897
 -13.9436
 -14.1024
 -14.2571
 -14.4134
 -14.5620
 -14.7115
 -14.8608
 -15.0056
 -15.1497
 -15.2855
 -15.4280
 -15.5589
 -15.6979
 -15.8399
 -15.9782
 -16.1335
 -16.2811
 -16.4368
 -16.5868
 -16.7394
 -16.8960
 -17.0484
 -17.1978
 -17.3454
 -17.2597
 -17.1776
 -17.0986
 -17.0174
 -16.9357
 -16.8543
 -16.7748
 -16.6985
 -16.6267
 -16.5602
 -16.4948
 -16.4343
 -16.3664
 -16.3013
 -16.2360
 -16.1727
 -16.1037
 -16.0296
 -15.9446
 -15.8596
 -15.7665
 -15.6797
 -15.5867
 -15.4934
 -15.3897
 -15.2879
 -15.1883
 -15.0866
 -14.9794
 -14.8722
 -14.7700
 -14.6663
 -14.5651
 -14.4701
 -14.3804
 -14.2971
 -14.2087
 -14.1313
 -14.0550
 -13.9827
 -13.9072
 -13.8370
 -13.7702
 -13.7005
 -13.6320
 -13.5679
 -13.5014
 -13.4352
 -13.3692
 -13.3065
 -13.2401
 -13.1766
 -13.1085
 -13.0466
 -12.9835
 -12.9253
 -12.8689
 -12.8109
 -12.7570
 -12.7048
 -12.6489
 -12.5899
 -12.5297
 -12.4750
 -12.4225
 -12.3703
 -12.3203
 -12.2683
 -12.2209
 -12.1709
 -12.1153
 -12.0596
 -12.0048
 -11.9554
 -11.9017
 -11.8501
 -11.7967
 -11.7477
 -11.6987
 -11.6521
 -11.6034
 -11.5572
 -11.5076
 -11.4612
 -11.4180
 -11.3732
 -11.3254
 -11.2722
 -11.2159
 -11.1637
 -11.1086
 -11.0499
 -10.9885
 -10.9236
 -10.8526
 -10.7815
 -10.7043
 -10.6338
 -10.5551
 -10.4729
 -10.3882
 -10.3017
 -10.2112
 -10.1173
 -10.0234
  -9.9292
  -9.8329
  -9.7431
  -9.6506
  -9.5606
  -9.4655
  -9.3729
  -9.2828
  -9.1919
  -9.0991
  -9.0080
  -8.9145
  -8.8184
  -8.7248
  -8.6242
  -8.5271
  -8.4358
  -8.3485
  -8.2648
  -8.1769
  -8.0880
  -8.0027
  -7.9165
  -7.8388
  -7.7661
  -7.6967
  -7.6357
  -7.5783
  -7.5171
  -7.4615
  -7.4088
  -7.3530
  -7.3019
  -7.2484
  -7.1898
  -7.1326
  -7.0747
  -7.0138
  -6.9550
  -6.8929
  -6.8310
  -6.7745
  -6.7225
  -6.6769
  -6.6287
  -6.5823
  -6.5360
  -6.4903
  -6.4446
  -6.4032
  -6.3648
  -6.3219
  -6.2904
  -6.2564
  -6.2267
  -6.1977
  -6.1710
  -6.1500
  -6.1308
  -6.1170
  -6.1046
  -6.0895
  -6.0756
  -6.0602
  -6.0463
  -6.0364
  -6.0257
  -6.0160
  -6.0066
  -5.9981
  -5.9866
  -5.9753
  -5.9570
  -5.9420
  -5.9205
  -5.9049
  -5.8862
  -5.8662
  -5.8441
  -5.8190
  -5.7986
  -5.7789
  -5.7617
  -5.7445
  -5.7253
  -5.7075
  -5.6900
  -5.6667
  -5.6434
  -5.6256
  -5.6051
  -5.5895
  -5.5713
  -5.5540
  -5.5357
  -5.5222
  -5.5133
  -5.5016
  -5.4941
  -5.4851
  -5.4787
  -5.4670
  -5.4567
  -5.4364
  -5.4147
  -5.3973
  -5.3765
  -5.3587
  -5.3446
  -5.3314
  -5.3170
  -5.3044
  -5.2954
  -5.2771
  -5.2596
  -5.2388
  -5.2194
  -5.1961
  -5.1743
  -5.1526
  -5.1299
  -5.1089
  -5.0908
  -5.0806
  -5.0721
  -5.0679
  -5.0665
  -5.0624
  -5.0604
  -5.0567
  -5.0513
  -5.0492
  -5.0491
  -5.0615
  -5.0744
  -5.0945
  -5.1083
  -5.1250
  -5.1420
  -5.1562
  -5.1754
  -5.1907
  -5.2086
  -5.2181
  -5.2302
  -5.2397
  -5.2421
  -5.2468
  -5.2517
  -5.2568
  -5.2626
  -5.2664
  -5.2622
  -5.2628
  -5.2575
  -5.2526
  -5.2470
  -5.2415
  -5.2377
  -5.2356
  -5.2281
  -5.2257
  -5.2256
  -5.2255
  -5.2303
  -5.2371
  -5.2417
  -5.2501
  -5.2578
  -5.2650
  -5.2733
  -5.2809
  -5.2857
  -5.2926
  -5.2985
  -5.3076
  -5.3221
  -5.3360
  -5.3505
  -5.3642
  -5.3808
  -5.3991
  -5.4189
  -5.4363
  -5.4470
  -5.4550
  -5.4588
  -5.4592
  -5.4635
  -5.4673
  -5.4729
  -5.4798
  -5.4893
  -5.4961
  -5.4990
  -5.4987
  -5.4945
  -5.4921
  -5.4923
  -5.4898
  -5.4905
  -5.4882
  -5.4857
  -5.4812
  -5.4810
  -5.4782
  -5.4758
  -5.4770
  -5.4747
  -5.4743
  -5.4725
  -5.4701
  -5.4679
  -5.4717
  -5.4750
  -5.4815
  -5.4893
  -5.4992
  -5.5059
  -5.5161
  -5.5252
  -5.5394
  -5.5493
  -5.5593
  -5.5693
  -5.5816
  -5.5950
  -5.6108
  -5.6230
  -5.6360
  -5.6416
  -5.6515
  -5.6590
  -5.6710
  -5.6776
  -5.6891
  -5.6963
  -5.6959
  -5.6978
  -5.6980
  -5.6953
  -5.6907
  -5.6861
  -5.6814
  -5.6764
  -5.6719
  -5.6672
  -5.6610
  -5.6547
  -5.6475
  -5.6364
  -5.6207
  -5.6021
  -5.5852
  -5.5708
  -5.5546
  -5.5384
  -5.5210
  -5.5018
  -5.4837
  -5.4673
  -5.4517
  -5.4382
  -5.4244
  -5.4185
  -5.4095
  -5.4037
  -5.3998
  -5.3945
  -5.3874
  -5.3800
  -5.3757
  -5.3749
  -5.3772
  -5.3750
  -5.3686
  -5.3610
  -5.3581
  -5.3552
  -5.3540
  -5.3503
  -5.3422
  -5.3295
  -5.3154
  -5.2971
  -5.2742
  -5.2469
  -5.2168
  -5.1881
  -5.1626
  -5.1390
  -5.1209
  -5.1009
  -5.0850
  -5.0702
  -5.0583
  -5.0472
  -5.0394
  -5.0381
  -5.0348
  -5.0377
  -5.0393
  -5.0399
  -5.0395
  -5.0391
  -5.0406
  -5.0400
  -5.0401
  -5.0407
  -5.0387
  -5.0363
  -5.0369
  -5.0420
  -5.0469
  -5.0474
  -5.0444
  -5.0403
  -5.0338
  -5.0293
  -5.0286
  -5.0184
  -5.0044
  -4.9893
  -4.9687
  -4.9460
  -4.9170
  -4.8912
  -4.8648
  -4.8409
  -4.8182
  -4.7926
  -4.7667
  -4.7374
  -4.7032
  -4.6643
  -4.6267
  -4.5941
  -4.5598
  -4.5205
  -4.4790
  -4.4341
  -4.3870
  -4.3385
  -4.2886
  -4.2408
  -4.1960
  -4.1556
  -4.1208
  -4.0897
  -4.0601
  -4.0310
  -4.0017
  -3.9709
  -3.9400
  -3.9104
  -3.8780
  -3.8455
  -3.8114
  -3.7716
  -3.7233
  -3.6738
  -3.6189
  -3.5652
  -3.5130
  -3.4607
  -3.4069
  -3.3530
  -3.3020
  -3.2480
  -3.1931
  -3.1428
  -3.0929
  -3.0428
  -2.9945
  -2.9465
  -2.9017
  -2.8601
  -2.8198
  -2.7831
  -2.7460
  -2.7105
  -2.6805
  -2.6563
  -2.6320
  -2.6104
  -2.5923
  -2.5771
  -2.5633
  -2.5502
  -2.5369
  -2.5206
  -2.5038
  -2.4863
  -2.4668
  -2.4474
  -2.4280
  -2.4118
  -2.3942
  -2.3726
  -2.3481
  -2.3224
  -2.2999
  -2.2779
  -2.2583
  -2.2420
  -2.2276
  -2.2167
  -2.2059
  -2.1912
  -2.1738
  -2.1536
  -2.1308
  -2.1055
  -2.0827
  -2.0586
  -2.0348
  -2.0088
  -1.9864
  -1.9650
  -1.9492
  -1.9395
  -1.9317
  -1.9258
  -1.9174
  -1.9092
  -1.8975
  -1.8855
  -1.8723
  -1.8605
  -1.8474
  -1.8369
  -1.8233
  -1.8105
  -1.7980
  -1.7867
  -1.7755
  -1.7626
  -1.7482
  -1.7341
  -1.7232
  -1.7145
  -1.7098
  -1.7044
  -1.7022
  -1.6996
  -1.6975
  -1.6968
  -1.6930
  -1.6935
  -1.6869
  -1.6775
  -1.6746
  -1.6737
  -1.6707
  -1.6701
  -1.6738
  -1.6712
  -1.6681
  -1.6625
  -1.6595
  -1.6579
  -1.6536
  -1.6471
  -1.6387
  -1.6303
  -1.6268
  -1.6197
  -1.6151
  -1.6117
  -1.6113
  -1.6091
  -1.6038
  -1.5984
  -1.5902
  -1.5843
  -1.5738
  -1.5608
  -1.5457
  -1.5205
  -1.4857
  -1.4455
  -1.4073
  -1.3697
  -1.3244
  -1.2830
  -1.2404
  -1.2004
  -1.1587
  -1.1236
  -1.0869
  -1.0569
  -1.0211
  -0.9860
  -0.9507
  -0.9159
  -0.8786
  -0.8453
  -0.8184
  -0.7946
  -0.7709
  -0.7477
  -0.7234
  -0.6945
  -0.6667
  -0.6328
  -0.6020
  -0.5710
  -0.5355
  -0.4995
  -0.4594
  -0.4232
  -0.3896
  -0.3521
  -0.3172
  -0.2853
  -0.2551
  -0.2250
  -0.2029
  -0.1786
  -0.1576
  -0.1413
  -0.1345
  -0.1273
  -0.1220
  -0.1200
  -0.1204
  -0.1216
  -0.1262
  -0.1311
  -0.1287
  -0.1279
  -0.1284
  -0.1376
  -0.1475
  -0.1567
  -0.1644
  -0.1777
  -0.1903
  -0.2064
  -0.2310
  -0.2606
  -0.2982
  -0.3321
  -0.3706
  -0.4180
  -0.4620
  -0.5072
  -0.5561
  -0.6042
  -0.6502
  -0.6928
  -0.7352
  -0.7852
  -0.8309
  -0.8825
  -0.9241
  -0.9728
  -1.0116
  -1.0422
  -1.0654
  -1.0876
  -1.1105
  -1.1317
  -1.1484
  -1.1613
  -1.1754
  -1.1884
  -1.1983
  -1.2112
  -1.2248
  -1.2353
  -1.2432
  -1.2485
  -1.2536
  -1.2579
  -1.2633
  -1.2687
  -1.2682
  -1.2657
  -1.2692
  -1.2750
  -1.2748
  -1.2645
  -1.2576
  -1.2488
  -1.2400
  -1.2319
  -1.2164
  -1.1992
  -1.1819
  -1.1618
  -1.1395
  -1.1124
  -1.0733
  -1.0410
  -1.0077
  -0.9712
  -0.9304
  -0.8880
  -0.8391
  -0.7881
  -0.7424
  -0.6889
  -0.6363
  -0.5747
  -0.5182
  -0.4589
  -0.4041
  -0.3466
  -0.2930
  -0.2287
  -0.1722
  -0.1078
  -0.0429
   0.0157
   0.0816
   0.1332
   0.1986
   0.2547
   0.3043
   0.3549
   0.4046
   0.4636
   0.5187
   0.5725
   0.6198
   0.6698
   0.7195
   0.7626
   0.8081
   0.8553
   0.8998
   0.9369
   0.9727
   1.0087
   1.0449
   1.0826
   1.1210
   1.1542
   1.1867
   1.2227
   1.2586
   1.2898
   1.3267
   1.3646
   1.4004
   1.4348
   1.4594
   1.4806
   1.5074
   1.5436
   1.5670
   1.5892
   1.6120
   1.6271
   1.6486
   1.6668
   1.6832
   1.7003
   1.7081
   1.7062
   1.7116
   1.7154
   1.7160
   1.7190
   1.7146
   1.7170
   1.7117
   1.7077
   1.7027
   1.6955
   1.6753
   1.6595
   1.6397
   1.6188
   1.5979
   1.5784
   1.5639
   1.5434
   1.5204
   1.4995
   1.4733
   1.4443
   1.4078
   1.3717
   1.3362
   1.2984
   1.2644
   1.2288
   1.1975
   1.1658
   1.1275
   1.0950
   1.0627
   1.0298
   0.9962
   0.9632
   0.9237
   0.8872
   0.8532
   0.8208
   0.7865
   0.7539
   0.7218
   0.6864
   0.6497
   0.6118
   0.5795
   0.5544
   0.5340
   0.5063
   0.4790
   0.4502
   0.4268
   0.4023
   0.3794
   0.3555
   0.3324
   0.3067
   0.2820
   0.2602
   0.2502
   0.2281
   0.2150
   0.1986
   0.1870
   0.1761
   0.1679
   0.1569
   0.1524
   0.1474
   0.1474
   0.1523
   0.1605
   0.1683
   0.1840
   0.2007
   0.2138
   0.2245
   0.2371
   0.2548
   0.2748
   0.2917
   0.3115
   0.3295
   0.3486
   0.3653
   0.3868
   0.3985
   0.4114
   0.4269
   0.4353
   0.4454
   0.4509
   0.4620
   0.4632
   0.4654
   0.4663
   0.4676
   0.4665
   0.4633
   0.4537
   0.4462
   0.4407
   0.4336
   0.4233
   0.4114
   0.3968
   0.3796
   0.3649
   0.3379
   0.3158
   0.2924
   0.2753
   0.2557
   0.2321
   0.2073
   0.1860
   0.1662
   0.1463
   0.1223
   0.1072
   0.0805
   0.0667
   0.0427
   0.0221
  -0.0047
  -0.0288
  -0.0611
  -0.0854
  -0.1101
  -0.1320
  -0.1553
  -0.1733
  -0.1994
  -0.2269
  -0.2539
  -0.2823
  -0.3092
  -0.3379
  -0.3661
  -0.3978
  -0.4309
  -0.4583
  -0.4843
  -0.5029
  -0.5246
  -0.5473
  -0.5692
  -0.5881
  -0.6021
  -0.6209
  -0.6430
  -0.6555
  -0.6641
  -0.6775
  -0.6840
  -0.6908
  -0.6974
  -0.6970
  -0.7014
  -0.7025
  -0.6972
  -0.6933
  -0.6903
  -0.6860
  -0.6796
  -0.6762
  -0.6653
  -0.6573
  -0.6512
  -0.6383
  -0.6261
  -0.6184
  -0.6103
  -0.6058
  -0.5963
  -0.5886
  -0.5725
  -0.5624
  -0.5537
  -0.5396
  -0.5295
  -0.5177
  -0.5159
  -0.5065
  -0.4983
  -0.4902
  -0.4772
  -0.4527
  -0.4362
  -0.4171
  -0.3994
  -0.3808
  -0.3633
  -0.3396
  -0.3113
  -0.2853
  -0.2498
  -0.2170
  -0.1777
  -0.1371
  -0.0926
  -0.0465
  -0.0018
   0.0454
   0.0888
   0.1377
   0.1893
   0.2425
   0.3006
   0.3542
   0.4093
   0.4741
   0.5329
   0.5866
   0.6411
   0.6996
   0.7577
   0.8137
   0.8611
   0.9174
   0.9735
   1.0235
   1.0802
   1.1361
   1.1910
   1.2428
   1.2957
   1.3493
   1.4033
   1.4609
   1.5196
   1.5768
   1.6367
   1.6971
   1.7552
   1.8166
   1.8807
   1.9358
   1.9956
   2.0576
   2.1143
   2.1779
   2.2375
   2.2983
   2.3578
   2.4241
   2.4901
   2.5506
   2.6012
   2.6567
   2.7085
   2.7578
   2.8101
   2.8647
   2.9203
   2.9680
   3.0156
   3.0586
   3.0996
   3.1380
   3.1780
   3.2165
   3.2565
   3.2920
   3.3245
   3.3581
   3.3817
   3.4032
   3.4257
   3.4378
   3.4460
   3.4547
   3.4594
   3.4656
   3.4759
   3.4877
   3.4973
   3.5085
   3.5183
   3.5324
   3.5479
   3.5665
   3.5867
   3.6034
   3.6198
   3.6395
   3.6528
   3.6679
   3.6783
   3.6930
   3.7061
   3.7191
   3.7298
   3.7428
   3.7570
   3.7764
   3.7887
   3.8048
   3.8213
   3.8332
   3.8478
   3.8650
   3.8705
   3.8812
   3.8993
   3.9083
   3.9157
   3.9180
   3.9207
   3.9228
   3.9231
   3.9208
   3.9207
   3.9131
   3.9005
   3.8822
   3.8682
   3.8504
   3.8272
   3.8108
   3.7915
   3.7678
   3.7403
   3.7142
   3.6908
   3.6629
   3.6395
   3.6251
   3.6103
   3.5895
   3.5754
   3.5684
   3.5559
   3.5435
   3.5275
   3.5095
   3.4900
   3.4752
   3.4514
   3.4306
   3.4078
   3.3765
   3.3351
   3.2938
   3.2478
   3.2034
   3.1518
   3.1104
   3.0606
   3.0134
   2.9624
   2.9117
   2.8604
   2.8067
   2.7494
   2.6840
   2.6214
   2.5503
   2.4756
   2.3942
   2.3174
   2.2396
   2.1580
   2.0721
   1.9857
   1.8879
   1.7991
   1.7047
   1.6129
   1.5286
   1.4441
   1.3634
   1.2845
   1.2027
   1.1220
   1.0461
   0.9679
   0.8901
   0.8150
   0.7360
   0.6567
   0.5760
   0.4959
   0.4199
   0.3365
   0.2488
   0.1657
   0.0706
  -0.0195
  -0.1131
  -0.2013
  -0.2913
  -0.3797
  -0.4646
  -0.5489
  -0.6342
  -0.7207
  -0.8082
  -0.8993
  -0.9865
  -1.0759
  -1.1646
  -1.2500
  -1.3285
  -1.4113
  -1.4856
  -1.5621
  -1.6250
  -1.7002
  -1.7624
  -1.8313
  -1.9130
  -1.9881
  -2.0638
  -2.1360
  -2.2089
  -2.2621
  -2.3396
  -2.4100
  -2.4876
  -2.5546
  -2.6334
  -2.7123
  -2.7861
  -2.8646
  -2.9377
  -3.0078
  -3.0772
  -3.1427
  -3.2153
  -3.2901
  -3.3671
  -3.4489
  -3.5319
  -3.6090
  -3.6790
  -3.7534
  -3.8257
  -3.8980
  -3.9693
  -4.0334
  -4.1033
  -4.1687
  -4.2357
  -4.3027
  -4.3669
  -4.4274
  -4.4877
  -4.5418
  -4.6028
  -4.6601
  -4.7225
  -4.7840
  -4.8497
  -4.9139
  -4.9788
  -5.0390
  -5.1062
  -5.1668
  -5.2323
  -5.2885
  -5.3451
  -5.4015
  -5.4563
  -5.5070
  -5.5552
  -5.6109
  -5.6646
  -5.7285
  -5.7923
  -5.8577
  -5.9168
  -5.9711
  -6.0253
  -6.0836
  -6.1372
  -6.2011
  -6.2717
  -6.3275
  -6.3785
  -6.4277
  -6.4818
  -6.5313
  -6.5840
  -6.6395
  -6.6868
  -6.7329
  -6.7817
  -6.8319
  -6.8758
  -6.9163
  -6.9596
  -6.9933
  -7.0260
  -7.0551
  -7.0896
  -7.1292
  -7.1698
  -7.2112
  -7.2517
  -7.2984
  -7.3452
  -7.3877
  -7.4315
  -7.4764
  -7.5148
  -7.5548
  -7.5964
  -7.6369
  -7.6781
  -7.7163
  -7.7560
  -7.7909
  -7.8356
  -7.8756
  -7.9181
  -7.9559
  -7.9988
  -8.0314
  -8.0666
  -8.1020
  -8.1457
  -8.1818
  -8.2064
  -8.2431
  -8.2788
  -8.3080
  -8.3336
  -8.3546
  -8.3715
  -8.3735
  -8.3767
  -8.3819
  -8.3723
  -8.3693
  -8.3658
  -8.3663
  -8.3494
  -8.3472
  -8.3336
  -8.3241
  -8.3045
  -8.2898
  -8.2707
  -8.2446
  -8.2223
  -8.1952
  -8.1753
  -8.1522
  -8.1265
  -8.1085
  -8.0811
  -8.0522
  -8.0325
  -8.0048
  -7.9896
  -7.9651
  -7.9396
  -7.9103
  -7.8768
  -7.8457
  -7.8136
  -7.7787
  -7.7503
  -7.7178
  -7.6931
  -7.6778
  -7.6625
  -7.6451
  -7.6355
  -7.6191
  -7.6068
  -7.5901
  -7.5759
  -7.5463
  -7.5238
  -7.5011
  -7.4838
  -7.4626
  -7.4386
  -7.4239
  -7.3952
  -7.3635
  -7.3380
  -7.3220
  -7.2958
  -7.2762
  -7.2587
  -7.2439
  -7.2291
  -7.2189
  -7.2129
  -7.2105
  -7.2007
  -7.1973
  -7.1978
  -7.1901
  -7.1891
  -7.1897
  -7.1884
  -7.1842
  -7.1752
  -7.1676
  -7.1430
  -7.1175
  -7.0845
  -7.0512
  -7.0121
  -6.9705
  -6.9318
  -6.8940
  -6.8587
  -7.0583
  -7.2548
  -7.4403
  -7.6311
  -7.8110
  -7.9944
  -8.1714
  -8.3424
  -8.5095
  -8.6729
  -8.8296
  -8.9832
  -9.1332
  -9.2835
  -9.4245
  -9.5607
  -9.6983
  -9.8423
  -9.9862
 -10.1399
 -10.2958
 -10.4512
 -10.6093
 -10.7733
 -10.9389
 -11.1044
 -11.2653
 -11.4301
 -11.6030
 -11.7679
