28017.6797
28017.7793
28017.9082
28018.0020
28017.8262
28018.4023
28018.2988
28018.6016
28018.2305
28018.8203
28018.6230
28018.2246
28018.6328
28018.3691
28018.4746
28017.9941
28018.1895
28018.2012
28018.1914
28017.9062
28018.2832
28018.1074
28018.2031
28017.7246
28017.5234
28017.6250
28017.6133
28018.4883
28018.2871
28018.0020
28017.7930
28018.1758
28017.7051
28017.8086
28017.5957
28017.5957
28017.9863
28017.5059
28017.8008
28017.7168
28017.9219
28017.7363
28017.1680
28017.1602
28016.8691
28016.6895
28016.6758
28016.6738
28016.5742
28016.9512
28016.7637
28016.9570
28017.2500
28017.0547
28016.7480
28017.0762
28017.2695
28017.1758
28017.2852
28017.2012
28017.3066
28017.2930
28017.2793
28016.6992
28016.9805
28016.7832
28016.9023
28016.8027
28016.9238
28016.6543
28016.7988
28016.7070
28017.5156
28017.5449
28017.9375
28017.7227
28017.9297
28017.9258
28017.7129
28017.6953
28017.3926
28017.6562
28017.2500
28017.4141
28017.8926
28018.0586
28018.0547
28018.0645
28017.5840
28017.8535
28017.8555
28018.1660
28017.7148
28017.9277
28018.4238
28018.6426
28018.5742
28018.3848
28018.6738
28019.0488
28019.0625
28019.3398
28019.4277
28019.4102
28019.8555
28019.7402
28019.4434
28019.5098
28019.1172
28019.7969
28019.6973
28019.3105
28019.8027
28019.9121
28019.8008
28019.5098
28019.6875
28020.3496
28019.7754
28019.8672
28020.0625
28020.2754
28020.4551
28020.6602
28020.8320
28021.0059
28021.1680
28021.3535
28021.5371
28021.6699
28021.8574
28022.1035
28022.2715
28022.4277
28022.5801
28022.7676
28022.9824
28023.1562
28023.2891
28023.4980
28023.6309
28023.9199
28024.0039
28024.1641
28024.2871
28024.4199
28024.5996
28024.7812
28024.9102
28025.0781
28025.1836
28025.4199
28025.6289
28025.6543
28025.7969
28025.8750
28026.0820
28026.2285
28026.4141
28026.4082
28026.7363
28026.7754
28026.9570
28027.1289
28027.1309
28027.3008
28027.4375
28027.6211
28027.8926
28027.8027
28027.8301
28028.0898
28028.3711
28028.2676
28028.4004
28028.6523
28028.6660
28028.8906
28028.8965
28029.0000
28029.2305
28029.3535
28029.4609
28029.6777
28029.6621
28029.7617
28029.8672
28030.0684
28030.2637
28030.2109
28030.3867
28030.3242
28030.6289
28030.6797
28030.7188
28030.8926
28031.0527
28031.0781
28031.1250
28031.2793
28031.1738
28031.5430
28031.5449
28031.5527
28031.6680
28031.5527
28031.9160
28031.7871
28032.0527
28032.1816
28032.0918
28032.4648
28032.4746
28032.4375
28032.6738
28032.8848
28032.9824
28032.8203
28032.9004
28032.9551
28033.1426
28033.0664
28033.0117
28033.1797
28033.1309
28033.2656
28033.5566
28033.5957
28033.7344
28033.6406
28033.7793
28033.7930
28033.6758
28033.6836
28033.9316
28034.0508
28034.0645
28033.9395
28034.1777
28034.1582
28034.2773
28034.3867
28034.3555
28034.3418
28034.4395
28034.5195
28034.3594
28034.4570
28034.6445
28034.8320
28034.7812
28034.7520
28034.7969
28034.6172
28034.9004
28035.0645
28034.7285
28035.0078
28034.7988
28035.1699
28034.9629
28035.0898
28034.7246
28034.9844
28035.2344
28035.1367
28035.2578
28035.2422
28035.2324
28034.9746
28035.1875
28035.0352
28035.4688
28035.4883
28035.3652
28035.3750
28035.0898
28035.3691
28035.6641
28035.2734
28035.3691
28035.1914
28035.5645
28035.3672
28035.2656
28035.4395
28035.1348
28035.4277
28035.5801
28035.2734
28035.4531
28035.2480
28035.5254
28035.4062
28035.1543
28035.1504
28035.4121
28035.4082
28035.6270
28035.1484
28035.2402
28035.3301
28035.1836
28035.2891
28035.0371
28035.2383
28035.1016
28034.8828
28035.1816
28034.8848
28035.0898
28035.1582
28034.9648
28035.1309
28034.8008
28034.8516
28034.7500
28034.8887
28034.7793
28034.5664
28034.5742
28034.6992
28034.4688
28034.5898
28034.2461
28034.4961
28034.2598
28034.2578
28034.3711
28034.1270
28034.2363
28034.2188
28034.0762
28034.1680
28033.7871
28033.9883
28033.9434
28033.7734
28033.8574
28033.5703
28033.5195
28033.6934
28033.5059
28033.5586
28033.3691
28033.4043
28033.3164
28033.2090
28033.2305
28032.8848
28032.9102
28032.9258
28032.8262
28032.7090
28032.5918
28032.4746
28032.5840
28032.4551
28032.3125
28032.1621
28032.0176
28031.9844
28031.8340
28031.9121
28031.7441
28031.5742
28031.5273
28031.4609
28031.5176
28031.2109
28031.0215
28031.0742
28031.0098
28030.9453
28030.6094
28030.5176
28030.5332
28030.3320
28030.3633
28030.1426
28029.9961
28029.9453
28029.8320
28029.7617
28029.5078
28029.3848
28029.3848
28029.2109
28029.2109
28028.9629
28028.8691
28028.7793
28028.6660
28028.5020
28028.3223
28028.1504
28028.0977
28027.9863
28027.8809
28027.6953
28027.5684
28027.4551
28027.2871
28027.1836
28026.9863
28026.8281
28026.7129
28026.5371
28026.4102
28026.2305
28026.0801
28025.9941
28025.8652
28025.6797
28025.5039
28025.3555
28025.2285
28025.0586
28024.9258
28024.7773
28024.6172
28024.7148
28024.8145
28025.2930
28025.1777
28025.0918
28025.3848
28024.9883
28025.0117
28025.1074
28025.3105
28025.3008
28025.4941
28025.6836
28025.9863
28026.2852
28026.5547
28026.9375
28026.9316
28026.6309
28026.5352
28026.5391
28026.7129
28026.9863
28026.9902
28026.7891
28026.3086
28025.8320
28025.6465
28025.6562
28025.0859
28024.7148
28024.0488
28024.0332
28023.9316
28024.2910
28023.8887
28024.1621
28023.9453
28023.9238
28023.7441
28024.7012
28025.0547
28025.3418
28025.5273
28025.7090
28025.8984
28026.3672
28026.2637
28026.6387
28026.9121
28027.2090
28027.1777
28027.0605
28027.1270
28026.7324
28026.9160
28026.9043
28026.4238
28026.3965
28026.2891
28025.9883
28025.8965
28025.9961
28025.6953
28025.5977
28025.4238
28025.0117
28024.9160
28024.8203
28024.7246
28024.5059
28024.1406
28023.9570
28023.6758
28023.5059
28023.5215
28023.5625
28023.7500
28023.9023
28023.7168
28024.0156
28024.0254
28024.4082
28024.0605
28024.5586
28024.8574
28025.1465
28025.5137
28025.6016
28025.8789
28025.7812
28025.6914
28025.7754
28025.6836
28025.9688
28026.2500
28026.5332
28026.5371
28026.8203
28027.0234
28027.0547
28027.0859
28027.0898
28027.2988
28027.4062
28027.1250
28027.1562
28027.8438
28028.2441
28028.5312
28028.3516
28027.9785
28027.4043
28027.0371
28026.6406
28026.7344
28026.8223
28026.9102
28027.2656
28027.3633
28027.3457
28027.0469
28026.6562
28026.4453
28026.4043
28026.2090
28026.0020
28025.8789
28025.7773
28025.7930
28025.5918
28025.5859
28025.5957
28025.5898
28025.6816
28025.7910
28025.9688
28026.0625
28026.2500
28026.0703
28026.3477
28026.1465
28026.0352
28025.9219
28025.7207
28025.5195
28025.6133
28025.6113
28025.5215
28025.8223
28025.7520
28025.6035
28025.4297
28025.4453
28025.4395
28025.6094
28025.3086
28025.3066
28025.3008
28024.8320
28024.8438
28024.8359
28024.5586
28024.7461
28024.5566
28024.4570
28024.5488
28024.1816
28023.8867
28024.0527
28023.9395
28023.8320
28023.9141
28023.7246
28023.5352
28023.4453
28023.9219
28023.7422
28023.9316
28024.0293
28024.2930
28024.4590
28024.3535
28024.2324
28024.1094
28023.5137
28023.9668
28023.8711
28023.7891
28024.2754
28024.1797
28024.1836
28023.8242
28024.1992
28024.5742
28024.3809
28024.3789
28024.0059
28023.9180
28024.0918
28024.5625
28024.3730
28024.5488
28024.9355
28025.5039
28025.5977
28025.8730
28025.5781
28025.4824
28025.2168
28025.3164
28025.0312
28024.8496
28024.7539
28024.1875
28024.0039
28023.8203
28023.7246
28023.6289
28023.2578
28022.9062
28022.3379
28022.0566
28021.8730
28022.0605
28022.1582
28022.0645
28022.0762
28022.0625
28022.3477
28022.5254
28022.4238
28022.5234
28022.3262
28022.5215
28022.3301
28022.2363
28022.5117
28022.8984
28023.6543
28023.8438
28024.4297
28024.7090
28024.6152
28024.5078
28024.4375
28024.1543
28023.8418
28024.2324
28024.1445
28024.9023
28024.3320
28024.7109
28024.6348
28024.5723
28024.6074
28024.3262
28024.2109
28024.2344
28024.2461
28024.3398
28024.6328
28024.5371
28024.3730
28024.3613
28024.5352
28024.1328
28024.5137
28024.4004
28024.5000
28024.5176
28024.4219
28024.6152
28024.6016
28024.6133
28024.8008
28024.9805
28025.0723
28025.2793
28025.5332
28025.7207
28026.2070
28026.4922
28026.5879
28027.1484
28027.4395
28027.4004
28027.7695
28027.5820
28028.0488
28028.3340
28028.1211
28028.3203
28028.1387
28028.0430
28027.9707
28028.0586
28028.1641
28027.9746
28027.9922
28027.8730
28027.9707
28028.2129
28028.1250
28027.9297
28027.9414
28027.8516
28027.8887
28027.9883
28028.0625
28028.1934
28028.0156
28028.9395
28029.2383
28029.6934
28029.7031
28029.6289
28029.4512
28029.4316
28029.2188
28029.1113
28029.1895
28028.8145
28029.0938
28029.0879
28029.3047
28029.9336
28030.3184
28030.6113
28030.6836
28030.4902
28030.4883
28030.6426
28030.8164
28031.1191
28030.8320
28031.4980
28031.3242
28031.4961
28031.5078
28031.8926
28031.6855
28031.8359
28032.3516
28032.5547
28032.9219
28032.8203
28033.2715
28033.6035
28033.9707
28034.3242
28034.7305
28035.1699
28035.8359
28036.4004
28036.4805
28036.9609
28036.9707
28036.7891
28036.6367
28036.4395
28036.2949
28036.1328
28036.0000
28035.8145
28035.7285
28035.5977
28035.4746
28035.3945
28035.2441
28035.1289
28035.0859
28034.9648
28034.9219
28034.8633
28034.7988
28034.8184
28034.7930
28034.7637
28034.7539
28034.7617
28034.7051
28034.7031
28034.7227
28034.7539
28034.7812
28034.8555
28034.8477
28034.9922
28035.0605
28035.1250
28035.1660
28035.2578
28035.3945
28035.4922
28035.5723
28035.7715
28035.8789
28036.0762
28036.1934
28036.3652
28036.5898
28036.7617
28036.9277
28037.0879
28037.3047
28037.4805
28037.7832
28037.9766
28038.1797
28038.4395
28038.6602
28038.9434
28039.2324
28039.4922
28039.7812
28040.0605
28040.3750
28040.7090
28041.0195
28041.3379
28041.5449
28041.4492
28041.8320
28041.4395
28042.1035
28041.9082
28041.9922
28041.8906
28042.1152
28042.3945
28042.2246
28042.5234
28042.4160
28042.1680
28042.5332
28042.7227
28042.6562
28042.1230
28043.0527
28042.7910
28042.7969
28042.6289
28043.1719
28042.5469
28042.9375
28042.5859
28043.1484
28043.0469
28043.4375
28043.2773
28043.5840
28043.3867
28043.4004
28043.4121
28043.2109
28043.4160
28043.8008
28043.7266
28043.4668
28043.4844
28043.8984
28043.7109
28044.0938
28044.1270
28043.5098
28043.7734
28044.0273
28043.9961
28044.0176
28044.2539
28044.3281
28044.1777
28044.4688
28044.1035
28044.3164
28044.3145
28044.0977
28044.1465
28044.0371
28043.7637
28044.1406
28044.0898
28044.0664
28044.0586
28043.7910
28043.9688
28044.0742
28044.0156
28043.8496
28043.9355
28043.5547
28043.9609
28043.8867
28044.2559
28043.9570
28044.4551
28044.6094
28044.4297
28044.6074
28044.4570
28044.3457
28044.0605
28044.0586
28044.0723
28043.9258
28044.0117
28043.9238
28044.0723
28044.0156
28044.5996
28044.9609
28044.9531
28045.4648
28045.8926
28046.3418
28046.3398
28046.8945
28046.8086
28046.7852
28046.6465
28046.9961
28047.1855
28046.8086
28046.9121
28046.6172
28046.4316
28046.4453
28046.3574
28046.1406
28046.4180
28046.6875
28046.4863
28045.8359
28045.8125
28045.8105
28046.1094
28046.4160
28046.0566
28046.5977
28047.2461
28046.8809
28047.6055
28047.9180
28047.4453
28048.4707
28048.7266
28048.9395
28048.4590
28048.7363
28048.5547
28048.7324
28048.7617
28049.0430
28049.5996
28049.1484
28049.5312
28049.5527
28049.3594
28049.4570
28049.4766
28049.3906
28049.3047
28049.0391
28049.2871
28049.4395
28049.6328
28049.9219
28050.0840
28050.0820
28050.2285
28050.7969
28050.6875
28051.6973
28051.2031
28051.5020
28051.8477
28052.0078
28052.5762
28053.0371
28053.6621
28053.9219
28054.4746
28054.3867
28054.9414
28054.3066
28054.1133
28053.3477
28053.2539
28053.3848
28053.7129
28054.2422
28054.3555
28054.8164
28054.9062
28055.2832
28055.2031
28055.5645
28055.3691
28055.6895
28055.9590
28055.8477
28056.2461
28056.2227
28056.0586
28056.6953
28056.4316
28056.4082
28056.5820
28057.0566
28056.8418
28056.9316
28057.1211
28057.2031
28057.1016
28057.3691
28057.3145
28057.1113
28057.1094
28056.8848
28057.4668
28057.0645
28057.0625
28057.2461
28057.3438
28057.1250
28057.1309
28057.1992
28057.3516
28057.1582
28057.1074
28057.2441
28057.0195
28057.1406
28056.7617
28056.9590
28056.9883
28056.8027
28057.6465
28057.7207
28057.7578
28058.0312
28058.3672
28058.6582
28058.6875
28059.5156
28059.4355
28059.6348
28059.4629
28059.7539
28059.9434
28059.1113
28058.8477
28059.0215
28058.6602
28058.6191
28058.3711
28058.2773
28057.9824
28058.0117
28057.7266
28057.2871
28057.1914
28057.1875
28056.9961
28056.7637
28056.4238
28056.7676
28056.4199
28056.3867
28056.0391
28055.9453
28055.9434
28055.9492
28055.8555
28055.4375
28055.6113
28055.2246
28055.3418
28055.3301
28055.0762
28055.3594
28054.8652
28055.1777
28055.0684
28054.7969
28054.8105
28054.4180
28054.3242
28054.4238
28053.9531
28053.9512
28054.1094
28053.9316
28053.8613
28053.7910
28053.9668
28053.8633
28054.2012
28053.5645
28053.6855
28053.8008
28053.7832
28053.7969
28054.0098
28053.4141
28054.0703
28053.7793
28053.7773
28053.8828
28053.4961
28053.5625
28053.2695
28053.2012
28053.2578
28053.0391
28052.8711
28052.5020
28053.1680
28053.8398
28054.4277
28054.9766
28055.6426
28056.1953
28056.7012
28057.3086
28058.0000
28058.5039
28059.0664
28059.5098
28059.9141
28060.3730
28060.9727
28061.4609
28061.9160
28062.3477
28062.7305
28063.1426
28063.5117
28063.9863
28064.3516
28064.6797
28065.0020
28065.4180
28065.7383
28066.0645
28066.4141
28066.7891
28067.0098
28067.3145
28067.6738
28067.8926
28068.0918
28068.2617
28068.6035
28068.7832
28069.0527
28069.2031
28069.4160
28069.5781
28069.7285
28069.9160
28070.0508
28070.1914
28070.1641
28070.4473
28070.5293
28070.4863
28070.5957
28070.6699
28070.6973
28070.7578
28070.6895
28070.6621
28070.6133
28070.7578
28070.6562
28070.6387
28070.5879
28070.5410
28070.4512
28070.4043
28070.2441
28070.0605
28069.9336
28069.8770
28069.8184
28069.5898
28069.4434
28069.2305
28069.1914
28069.0859
28068.7461
28068.4746
28068.4824
28068.0684
28067.8906
28067.6914
28067.3184
28067.1465
28066.8750
28066.5176
28066.2207
28065.8418
28065.5566
28065.2129
28064.8379
28064.4707
28064.0508
28063.7266
28063.1699
28062.7168
28062.3574
28061.9570
28061.4023
28060.9062
28060.4004
28060.0020
28059.4746
28058.9414
28058.3789
28057.9004
28057.3379
28056.7695
28056.2441
28055.6426
28055.0801
28054.4277
28053.8125
28053.1992
28052.5293
28051.8984
28051.1699
28050.5195
28049.8301
28049.1172
28048.4004
28047.6582
28046.9082
28046.1816
28045.8965
28045.5137
28045.6113
28045.1348
28045.1895
28045.0801
28044.8848
28039.2461
28038.2871
28038.4766
28038.0938
28037.7168
28037.9805
28037.4863
28037.4844
28037.2754
28036.9570
28036.5469
28035.9219
28035.8867
28035.4629
28035.2539
28035.3691
28035.3672
28035.2656
28035.1914
28035.3281
28034.5859
28033.9727
28034.5020
28033.7793
28033.6582
28033.5664
28032.8184
28032.9629
28032.6973
28032.6680
28032.5859
28032.2676
28032.5293
28032.1191
28032.7227
28032.2734
28032.3086
28032.2441
28031.9590
28031.5664
28032.0469
28031.8633
28032.0352
28031.9160
28031.4766
28031.5742
28031.8555
28031.3984
28031.6055
28031.2305
28031.6289
28031.0918
28031.2188
28031.2188
28031.2695
28031.2695
28031.1680
28030.8828
28031.2285
28031.2266
28030.8340
28030.8691
28030.8047
28030.8770
28030.8281
28030.8379
28031.0820
28030.7598
28031.3691
28031.0957
28031.3477
28030.9844
28031.1641
28031.2695
28031.2871
28031.4199
28031.8652
28031.6816
28032.2617
28032.1699
28031.2578
28032.0410
28031.8730
28031.7363
28031.6621
28031.6250
28031.9512
28031.7031
28031.7832
28031.6641
28031.6348
28031.5977
28031.4141
28031.2207
28031.1641
28031.0723
28031.1328
28030.6230
28030.4863
28030.3926
28030.6367
28030.4355
28030.3340
28030.3223
28029.7285
28029.9102
28029.8008
28029.7793
28029.9414
28029.7305
28029.8926
28029.5176
28029.8262
28030.2246
28030.0684
28030.0566
28029.9277
28030.1895
28030.3594
28030.0117
28030.5391
28030.4531
28030.3164
28030.6426
28030.3672
28030.3477
28030.4531
28030.4062
28030.1602
28030.5312
28030.7012
28030.6367
28030.4609
28030.5059
28030.8750
28030.7109
28031.0449
28030.9980
28030.7598
28030.6855
28030.9375
28030.6719
28031.0352
28031.1133
28031.0938
28031.3457
28031.4902
28031.4883
28031.5664
28031.7461
28031.4922
28032.0000
28031.8066
28031.8770
28031.7656
28031.9277
28031.5078
28031.4883
28031.2852
28031.3027
28031.3652
28031.0996
28031.2773
28031.2754
28031.2031
28030.7480
28031.0801
28030.4922
28030.4629
28030.3496
28030.1582
28030.1562
