 994.7441
1025.1711
1055.5175
1085.7982
1116.0133
1146.1628
1176.2468
1206.2653
1236.2017
1266.0725
1295.8778
1325.6174
1355.2916
1384.9001
1414.4266
1443.8877
1473.2831
1502.6129
1531.8772
1561.0758
1590.1925
1619.2437
1648.2292
1677.1492
1706.0037
1734.7925
1763.5145
1792.1558
1820.7314
1849.2416
1877.6862
1873.5222
1869.3734
1865.2095
1861.0455
1856.8816
1852.7177
1848.5537
1844.4050
1840.2411
1836.0771
1831.9132
1827.7493
1823.5853
1819.4377
1815.2738
1811.1100
1806.9460
1802.7821
1798.6182
1794.4706
1790.3219
1786.1580
1781.9940
1777.8301
1773.6661
1769.5186
1765.3699
1761.2059
1757.0420
1752.8781
1748.7141
1744.5514
1740.4026
1736.2386
1732.0747
1727.9108
1723.7468
1719.5830
1715.4342
1711.2703
1707.1063
1702.9424
1698.7784
1694.6145
1690.4658
1686.3170
1682.1531
1677.9893
1673.8253
1669.6614
1665.5138
1661.3651
1657.2012
1653.0372
1648.8733
1644.7094
1640.5466
1636.3978
1632.2339
1628.0699
1623.9060
1619.7421
1615.5793
1611.4307
1607.2667
1603.1028
1598.9388
1594.7749
1590.6122
1586.4635
1582.3147
1578.1508
1573.9868
1569.8229
1565.6589
1561.5103
1557.3616
1553.1976
1549.0337
1544.8698
1540.7058
1536.5419
1532.3932
1528.2292
1524.0653
1519.9014
1515.7374
1511.5747
1507.4259
1503.2620
1499.0981
1494.9342
1490.7703
1486.6074
1482.4587
1478.3101
1474.1461
1469.9822
1465.8182
1461.6555
1457.5067
1453.3580
1449.1941
1445.0302
1440.8662
1436.7035
1432.5396
1428.3909
1424.2269
1420.0630
1415.8990
1411.7351
1407.5712
1403.4225
1399.2585
1395.0946
1390.9307
1386.7667
1382.6028
1378.4541
1374.3054
1370.1415
1365.9775
1361.8136
1357.6509
1353.5021
1349.3534
1345.1895
1341.0255
1336.8616
1332.6989
1328.5349
1324.3862
1320.2223
1316.0583
1311.8944
1307.7317
1303.5677
1299.4191
1295.2551
1291.0912
1286.9272
1282.7645
1278.6006
1274.4519
1270.3031
1266.1392
1261.9753
1257.8114
1253.6475
1249.4988
1245.3500
1241.1860
1237.0221
1232.8582
1228.6943
1224.5304
1220.3817
1216.2178
1212.0538
1207.8899
1203.7271
1199.5632
1195.4144
1191.2505
1187.0865
1182.9226
1178.7599
1174.5959
1170.4473
1166.2986
1162.1346
1157.9707
1153.8080
1149.6440
1145.4954
1141.3467
1137.1827
1133.0188
1128.8560
1124.6921
1120.5282
1116.3795
1112.2156
1108.0516
1103.8877
1099.7238
1095.5598
1091.4111
1087.2472
1083.0833
1078.9193
1074.7554
1070.5914
1066.4427
1062.2941
1058.1301
1053.9662
1049.8035
1045.6395
1041.4908
1037.3422
1033.1782
1029.0143
1024.8514
1020.6876
1016.5237
1012.3749
1008.2110
1004.0471
 999.8843
 995.7204
 991.5565
 987.4078
 983.2438
 979.0799
 974.9172
 970.7532
 966.5893
 962.4406
 958.2767
 954.1127
 949.9489
 945.7849
 941.6210
 937.4723
 933.3236
 929.1597
 924.9957
 920.8318
 916.6679
 912.5040
 908.3553
 904.1913
 900.0274
 895.8646
 891.7007
 887.5368
 883.3881
 879.2242
 875.0602
 870.8975
 866.7336
 862.5696
 858.4210
 854.2570
 850.0931
 845.9303
 841.7664
 837.6025
 833.4538
 829.3051
 825.1412
 820.9784
 816.8145
 812.6506
 808.4866
 804.3380
 800.1740
 796.0101
 791.8461
 787.6823
 783.5183
 779.3696
 775.2057
 771.0417
 766.8779
 762.7139
 758.5500
 754.4013
 750.2374
 746.0734
 741.9106
 737.7468
 733.5828
 729.4341
 725.2855
 721.1215
 716.9587
 712.7949
 708.6309
 704.4822
 700.3336
 696.1696
 692.0068
 687.8429
 683.6790
 679.5151
 675.3664
 671.2025
 667.0397
 662.8758
 658.7119
 654.5479
 650.3992
 646.2353
 642.0714
 637.9075
 633.7435
 629.5797
 625.4310
 621.2823
 617.1183
 612.9544
 608.7905
 604.6266
 600.4779
 596.3292
 592.1653
 588.0025
 583.8386
 579.6747
 575.5107
 571.3621
 567.1982
 563.0353
 558.8715
 554.7075
 550.5436
 546.3950
 542.2310
 538.0682
 533.9043
 529.7404
 525.5765
 521.4278
 517.2791
 513.1163
 508.9524
 504.7885
 500.6246
 496.4759
 492.3272
 488.1633
 483.9994
 479.8354
 475.6715
 471.5076
 467.3589
 463.1950
 459.0311
 454.8672
 450.7032
 446.5393
 442.3907
 438.2267
 434.0639
 429.9000
 425.7361
 421.5722
 417.4235
 413.2749
 409.1121
 404.9482
 400.7842
 396.6203
 392.4716
 388.3230
 384.1602
 379.9962
 375.8323
 371.6684
 367.5045
 363.3558
 359.1930
 355.0291
 350.8652
 346.7013
 342.5374
 338.3887
 334.2248
 330.0609
 325.8969
 321.7330
 317.5691
 313.4204
 309.2718
 305.1078
 300.9439
 296.7800
 292.6161
 288.4674
 284.3188
 280.1560
 275.9921
 271.8282
 267.6642
 263.5003
 259.3517
 255.1888
 251.0249
 246.8610
 242.6971
 238.5332
 234.3845
 230.2217
 226.0578
 221.8939
 217.7299
 213.5660
 209.4174
 205.2699
 201.1059
 196.9420
 192.7781
 188.6142
 184.4655
 180.3169
 176.1530
 171.9890
 167.8251
 163.6612
 159.4973
 155.3486
 151.1847
 147.0208
 142.8569
 138.6929
 134.5290
 130.3804
 126.2973
 122.2798
 118.3279
 114.4416
 110.6208
 106.8809
 103.2077
  99.6001
  96.0580
  92.5815
  89.1706
  85.8405
  82.5771
  79.3793
  76.2471
  73.1804
  70.1793
  67.2438
  64.3903
  61.6023
  58.8799
  56.2231
  53.6319
  51.1062
  48.6614
  46.2832
  43.9707
  41.7237
  39.5423
  37.4264
  35.3915
  33.4232
  31.5204
  29.6833
  27.9117
  26.2057
  24.5806
  23.0221
  21.5292
  20.1172
  18.7708
  17.4899
  16.2746
  15.1413
  14.0736
  13.0714
  12.1348
  11.2638
  10.4583
   9.7349
   9.0769
   8.4846
   7.9579
   7.4967
   7.1011
   6.7874
   6.5394
   6.3569
   6.2399
   6.1886
   6.2028
   6.2182
   6.2335
   6.2488
   6.2642
   6.2795
   6.2948
   6.3102
   6.3255
   6.3408
   6.3562
   6.3715
   6.3868
   6.4022
   6.4175
   6.4329
   6.4482
   6.4635
   6.4942
   6.5248
   6.5555
   6.5861
   6.6168
   6.6474
   6.6781
   6.7087
   6.7394
   6.7700
   6.8007
   6.8313
   6.8620
   6.8926
   6.9233
   6.9539
   6.9846
   7.0152
   7.0459
   7.0765
   7.1072
   7.1379
   7.1532
   7.1686
   7.1839
   7.1993
   7.2147
   7.2300
   7.2454
   7.2607
   7.2761
   7.2914
   7.3068
   7.3222
   7.3375
   7.3529
   7.3683
   7.3836
   7.3990
   7.4143
   7.4450
   7.4757
   7.5064
   7.5371
   7.5677
   7.5984
   7.6291
   7.6598
   7.6905
   7.7212
   7.7518
   7.7825
   7.8132
   7.8439
   7.8746
   7.9053
   7.9360
   7.9667
   7.9973
   8.0280
   8.0587
   8.0741
   8.0895
   8.1049
   8.1203
   8.1356
   8.1510
   8.1664
   8.1818
   8.1972
   8.2126
   8.2279
   8.2433
   8.2587
   8.2741
   8.2895
   8.3049
   8.3203
   8.3356
   8.3664
   8.3971
   8.4278
   8.4585
   8.4892
   8.5199
   8.5507
   8.5814
   8.6121
   8.6428
   8.6735
   8.7042
   8.7350
   8.7657
   8.7964
   8.8271
   8.8578
   8.8886
   8.9193
   8.9500
   8.9807
   9.0115
   9.0269
   9.0423
   9.0577
   9.0731
   9.0885
   9.1039
   9.1193
   9.1347
   9.1501
   9.1655
   9.1809
   9.1964
   9.2118
   9.2272
   9.2426
   9.2580
   9.2734
   9.3042
   9.3349
   9.3657
   9.3964
   9.4272
   9.4579
   9.4887
   9.5194
   9.5502
   9.5809
   9.6117
   9.6424
   9.6732
   9.7039
   9.7347
   9.7654
   9.7962
   9.8269
   9.8577
   9.8885
   9.9192
   9.9500
   9.9654
   9.9808
   9.9963
  10.0117
  10.0271
  10.0426
  10.0580
  10.0734
  10.0889
  10.1043
  10.1197
  10.1352
  10.1506
  10.1660
  10.1815
  10.1969
  10.2123
  10.2278
  10.2585
  10.2893
  10.3201
  10.3509
  10.3817
  10.4125
  10.4432
  10.4740
  10.5048
  10.5356
  10.5664
  10.5972
  10.6280
  10.6587
  10.6895
  10.7203
  10.7511
  10.7819
  10.8127
  10.8435
  10.8743
  10.8897
  10.9052
  10.9206
  10.9361
  10.9516
  10.9670
  10.9825
  10.9979
  11.0134
  11.0288
  11.0443
  11.0598
  11.0752
  11.0907
  11.1061
  11.1216
  11.1370
  11.1525
  11.1833
  11.2141
  11.2450
  11.2758
  11.3066
  11.3374
  11.3682
  11.3990
  11.4299
  11.4607
  11.4915
  11.5223
  11.5531
  11.5840
  11.6148
  11.6456
  11.6764
  11.7073
  11.7381
  11.7689
  11.7997
  11.8306
  11.8460
  11.8615
  11.8770
  11.8925
  11.9080
  11.9234
  11.9389
  11.9544
  11.9699
  11.9854
  12.0008
  12.0163
  12.0318
  12.0473
  12.0628
  12.0783
  12.0937
  12.1092
  12.1401
  12.1709
  12.2018
  12.2326
  12.2635
  12.2943
  12.3252
  12.3560
  12.3869
  12.4177
  12.4486
  12.4795
  12.5103
  12.5412
  12.5720
  12.6029
  12.6337
  12.6646
  12.6955
  12.7263
  12.7572
  12.7727
  12.7882
  12.8037
  12.8192
  12.8347
  12.8502
  12.8657
  12.8812
  12.8967
  12.9122
  12.9277
  12.9432
  12.9587
  12.9742
  12.9898
  13.0053
  13.0208
  13.0363
  13.0672
  13.0980
  13.1289
  13.1598
  13.1907
  13.2216
  13.2525
  13.2834
  13.3142
  13.3451
  13.3760
  13.4069
  13.4378
  13.4687
  13.4996
  13.5305
  13.5614
  13.5922
  13.6231
  13.6540
  13.6849
  13.7158
  13.7313
  13.7469
  13.7624
  13.7779
  13.7935
  13.8090
  13.8245
  13.8401
  13.8556
  13.8711
  13.8866
  13.9022
  13.9177
  13.9332
  13.9488
  13.9643
  13.9798
  14.0108
  14.0417
  14.0726
  14.1035
  14.1344
  14.1653
  14.1963
  14.2272
  14.2581
  14.2890
  14.3199
  14.3509
  14.3818
  14.4127
  14.4436
  14.4746
  14.5055
  14.5364
  14.5673
  14.5983
  14.6292
  14.6601
  14.6757
  14.6912
  14.7068
  14.7223
  14.7379
  14.7534
  14.7690
  14.7845
  14.8001
  14.8157
  14.8312
  14.8468
  14.8623
  14.8779
  14.8934
  14.9090
  14.9245
  14.9401
  14.9711
  15.0020
  15.0330
  15.0639
  15.0949
  15.1258
  15.1568
  15.1877
  15.2187
  15.2496
  15.2806
  15.3115
  15.3425
  15.3735
  15.4044
  15.4354
  15.4663
  15.4973
  15.5283
  15.5592
  15.5902
  15.6058
  15.6213
  15.6369
  15.6525
  15.6681
  15.6836
  15.6992
  15.7148
  15.7304
  15.7460
  15.7615
  15.7771
  15.7927
  15.8083
  15.8239
  15.8394
  15.8550
  15.8706
  15.9016
  15.9326
  15.9635
  15.9945
  16.0255
  16.0565
  16.0875
  16.1339
  16.1803
  16.2267
  16.2731
  16.3195
  16.3659
  16.4123
  16.4587
  16.5051
  16.5515
  16.5979
  16.6443
  16.6907
  16.7371
  16.7835
  16.8145
  16.8455
  16.8765
  16.9075
  16.9385
  16.9695
  17.0006
  17.0316
  17.0626
  17.0936
  17.1246
  17.1556
  17.1866
  17.2177
  17.2487
  17.2797
  17.3107
  17.3417
  17.3728
  17.4038
  17.4348
  17.4658
  17.4968
  17.5279
  17.5589
  17.5899
  17.6209
  17.6519
  17.6830
  17.7140
  17.7450
  17.7760
  17.8071
  17.8381
  17.8691
  17.9001
  17.9312
  17.9622
  17.9932
  18.0089
  18.0245
  18.0401
  18.0557
  18.0714
  18.0870
  18.1026
  18.1028
  18.1031
  18.1033
  18.1035
  18.1037
  18.1039
  18.1042
  18.1044
  18.1046
  18.1048
  18.1051
  18.1053
  18.1055
  18.1057
  18.1059
  18.1062
  18.1064
  18.1066
  18.1068
  18.1070
  18.1073
  18.1075
  18.1077
  18.1079
  18.1082
  18.1084
  18.1086
  18.1088
  18.1090
  18.1093
  18.1095
  18.1097
  18.1099
  18.1102
  18.1104
  18.1106
  18.1108
  18.1110
  18.1113
  18.1115
  18.1117
  18.1119
  18.1121
  18.1124
  18.1126
  18.1128
  18.1130
  18.1133
  18.1135
  18.1137
  18.1139
  18.1141
  18.1144
  18.1146
  18.1148
  18.1150
  18.1152
  18.1155
  18.1157
  18.1159
  18.1161
  18.1164
  18.1166
  18.1168
  18.1170
  18.1172
  18.1175
  18.1177
  18.1179
  18.1181
  18.1184
  18.1186
  18.1188
  18.1190
  18.1192
  18.1195
  18.1197
  18.1199
  18.1201
  18.1203
  18.1206
  18.1208
  18.1210
  18.1212
  18.1215
  18.1217
  18.1219
  18.1221
  18.1223
  18.1226
  18.1228
  18.1230
  18.1232
  18.1234
  18.1237
  18.1239
  18.1241
  18.1243
  18.1246
  18.1248
  18.1250
  18.1252
  18.1254
  18.1257
  18.1259
  18.1261
  18.1263
  18.1266
  18.1268
  18.1270
  18.1272
  18.1274
  18.1277
  18.1279
  18.1281
  18.1283
  18.1285
  18.1288
  18.1290
  18.1292
  18.1294
  18.1297
  18.1299
  18.1301
  18.1303
  18.1305
  18.1308
  18.1310
  18.1312
  18.1314
  18.1316
  18.1319
  18.1321
  18.1323
  18.1325
  18.1328
  18.1330
  18.1332
  18.1334
  18.1336
  18.1339
  18.1341
  18.1343
  18.1345
  18.1348
  18.1350
  18.1352
  18.1354
  18.1356
  18.1359
  18.1361
  18.1363
  18.1365
  18.1367
  18.1370
  18.1372
  18.1374
  18.1376
  18.1379
  18.1381
  18.1383
  18.1385
  18.1387
  18.1390
  18.1392
  18.1394
  18.1396
  18.1398
  18.1401
  18.1403
  18.1405
  18.1407
  18.1410
  18.1412
  18.1414
  18.1416
  18.1418
  18.1421
  18.1423
  18.1425
  18.1427
  18.1430
  18.1432
  18.1434
  18.1436
  18.1438
  18.1441
  18.1443
  18.1445
  18.1447
  18.1449
  18.1452
  18.1454
  18.1456
  18.1458
  18.1461
  18.1463
  18.1465
  18.1467
  18.1469
  18.1472
  18.1474
  18.1476
  18.1478
  18.1481
  18.1483
  18.1485
  18.1487
  18.1489
  18.1492
  18.1494
  18.1496
  18.1498
  18.1500
  18.1503
  18.1505
  18.1507
  18.1509
  18.1512
  18.1514
  18.1516
  18.1518
  18.1520
  18.1523
  18.1525
  18.1527
  18.1529
  18.1531
  18.1534
  18.1536
  18.1538
  18.1540
  18.1543
  18.1545
  18.1547
  18.1549
  18.1551
  18.1554
  18.1556
  18.1558
  18.1560
  18.1562
  18.1565
  18.1567
  18.1569
  18.1571
  18.1574
  18.1576
  18.1578
  18.1580
  18.1582
  18.1585
  18.1587
  18.1589
  18.1591
  18.1594
  18.1596
  18.1598
  18.1600
  18.1602
  18.1605
  18.1607
  18.1609
  18.1611
  18.1613
  18.1616
  18.1618
  18.1620
  18.1622
  18.1625
  18.1627
  18.1629
  18.1631
  18.1633
  18.1636
  18.1638
  18.1640
  18.1642
  18.1644
  18.1647
  18.1649
  18.1651
  18.1653
  18.1656
  18.1658
  18.1660
  18.1662
  18.1664
  18.1667
  18.1669
  18.1671
  18.1673
  18.1676
  18.1678
  18.1680
  18.1682
  18.1684
  18.1687
  18.1689
  18.1691
  18.1693
  18.1695
  18.1698
  18.1700
  18.1702
  18.1704
  18.1707
  18.1709
  18.1711
  18.1713
  18.1715
  18.1718
  18.1720
  18.1722
  18.1724
  18.1727
  18.1729
  18.1731
  18.1733
  18.1735
  18.1738
  18.1740
  18.1742
  18.1744
  18.1746
  18.1749
  18.1751
  18.1753
  18.1755
  18.1758
  18.1760
  18.1762
  18.1764
  18.1766
  18.1769
  18.1771
  18.1773
  18.1775
  18.1777
  18.1780
  18.1782
  18.1784
  18.1786
  18.1789
  18.1791
  18.1793
  18.1795
  18.1797
  18.1800
  18.1802
  18.1804
  18.1806
  18.1809
  18.1811
  18.1813
  18.1815
  18.1817
  18.1820
  18.1822
  18.1824
  18.1826
  18.1828
  18.1831
  18.1833
  18.1835
  18.1837
  18.1840
  18.1842
  18.1844
  18.1846
  18.1848
  18.1851
  18.1853
  18.1855
  18.1857
  18.1859
  18.1862
  18.1864
  18.1866
  18.1868
  18.1871
  18.1873
  18.1875
  18.1877
  18.1879
  18.1882
  18.1884
  18.1886
  18.1888
  18.1891
  18.1893
  18.1895
  18.1897
  18.1899
  18.1902
  18.1904
  18.1906
  18.1908
  18.1910
  18.1913
  18.1915
  18.1917
  18.1919
  18.1922
  18.1924
  18.1926
  18.1928
  18.1930
  18.1933
  18.1935
  18.1937
  18.1939
  18.1941
  18.1944
  18.1946
  18.1948
  18.1950
  18.1953
  18.1955
  50.7334
  83.1893
 115.5796
 147.9044
 180.1636
 212.3572
 244.4852
 276.5313
 308.5117
 340.4267
 372.2760
 404.0597
 435.7779
 467.4141
 498.9847
 530.4897
 561.9293
 593.3032
 624.6115
 655.8378
 686.9985
 718.0938
 749.1234
 780.0874
 810.9858
 841.8024
 872.5532
 903.2386
 933.8583
 964.4125
