  -5.2161
  -5.2244
  -5.2328
  -5.2420
  -5.2443
  -5.2569
  -5.2719
  -5.2890
  -5.3063
  -5.3183
  -5.3211
  -5.3201
  -5.3062
  -5.2789
  -5.2417
  -5.2016
  -5.1630
  -5.1171
  -5.0656
  -5.0130
  -4.9596
  -4.9007
  -4.8351
  -4.7711
  -4.7095
  -4.6543
  -4.5975
  -4.5386
  -4.4887
  -4.4367
  -4.3889
  -4.3788
  -4.3643
  -4.3463
  -4.3294
  -4.3069
  -4.2922
  -4.2717
  -4.2558
  -4.2357
  -4.2145
  -4.1922
  -4.1739
  -4.1465
  -4.1175
  -4.0858
  -4.0607
  -4.0321
  -4.0049
  -3.9819
  -3.9501
  -3.9125
  -3.8670
  -3.8126
  -3.7442
  -3.6665
  -3.5857
  -3.5068
  -3.4257
  -3.3438
  -3.2638
  -3.1845
  -3.1054
  -3.0313
  -2.9525
  -2.8787
  -2.7985
  -2.7149
  -2.6269
  -2.5338
  -2.4393
  -2.3581
  -2.2832
  -2.2303
  -2.1853
  -2.1538
  -2.1300
  -2.1071
  -2.0947
  -2.0834
  -2.0666
  -2.0566
  -2.0480
  -2.0418
  -2.0324
  -2.0206
  -2.0052
  -1.9954
  -1.9885
  -1.9885
  -1.9856
  -1.9836
  -1.9835
  -1.9849
  -1.9886
  -1.9918
  -1.9979
  -1.9989
  -2.0000
  -2.0023
  -2.0029
  -2.0072
  -2.0116
  -2.0037
  -2.0067
  -2.0046
  -2.0064
  -2.0032
  -2.0016
  -2.0011
  -1.9937
  -1.9907
  -1.9879
  -1.9907
  -1.9980
  -2.0082
  -2.0244
  -2.0374
  -2.0466
  -2.0546
  -2.0585
  -2.0621
  -2.0646
  -2.0640
  -2.0588
  -2.0576
  -2.0595
  -2.0609
  -2.0591
  -2.0583
  -2.0569
  -2.0553
  -2.0523
  -2.0455
  -2.0304
  -2.0182
  -2.0049
  -1.9925
  -1.9846
  -1.9754
  -1.9714
  -1.9723
  -1.9598
  -1.9454
  -1.9285
  -1.9105
  -1.8906
  -1.8716
  -1.8462
  -1.8205
  -1.7873
  -1.7535
  -1.7187
  -1.6874
  -1.6564
  -1.6264
  -1.5997
  -1.5779
  -1.5617
  -1.5485
  -1.5327
  -1.5212
  -1.5091
  -1.4952
  -1.4905
  -1.4773
  -1.4715
  -1.4611
  -1.4498
  -1.4350
  -1.4185
  -1.4029
  -1.3833
  -1.3654
  -1.3470
  -1.3225
  -1.3006
  -1.2747
  -1.2514
  -1.2253
  -1.1999
  -1.1824
  -1.1641
  -1.1487
  -1.1403
  -1.1407
  -1.1360
  -1.1377
  -1.1388
  -1.1480
  -1.1605
  -1.1789
  -1.2007
  -1.2219
  -1.2440
  -1.2701
  -1.2970
  -1.3265
  -1.3487
  -1.3700
  -1.3887
  -1.4039
  -1.4153
  -1.4306
  -1.4446
  -1.4599
  -1.4781
  -1.4981
  -1.5172
  -1.5393
  -1.5579
  -1.5759
  -1.5950
  -1.6094
  -1.6158
  -1.6188
  -1.6194
  -1.6113
  -1.5992
  -1.5779
  -1.5568
  -1.5411
  -1.5240
  -1.5062
  -1.4910
  -1.4764
  -1.4689
  -1.4648
  -1.4648
  -1.4684
  -1.4767
  -1.4938
  -1.5128
  -1.5375
  -1.5632
  -1.5872
  -1.6149
  -1.6456
  -1.6779
  -1.7111
  -1.7496
  -1.7824
  -1.8118
  -1.8382
  -1.8615
  -1.8794
  -1.8937
  -1.9117
  -1.9265
  -1.9414
  -1.9547
  -1.9679
  -1.9756
  -1.9836
  -1.9884
  -1.9970
  -2.0141
  -2.0323
  -2.0547
  -2.0790
  -2.1080
  -2.1378
  -2.1681
  -2.1988
  -2.2327
  -2.2716
  -2.3073
  -2.3401
  -2.3733
  -2.4038
  -2.4338
  -2.4635
  -2.4938
  -2.5226
  -2.5606
  -2.6036
  -2.6546
  -2.7103
  -2.7746
  -2.8416
  -2.9113
  -2.9839
  -3.0469
  -3.1152
  -3.1824
  -3.2451
  -3.3039
  -3.3495
  -3.3872
  -3.4150
  -3.4276
  -3.4299
  -3.4155
  -3.3917
  -3.3768
  -3.3605
  -3.3524
  -3.3530
  -3.3513
  -3.3566
  -3.3675
  -3.3808
  -3.3987
  -3.4172
  -3.4361
  -3.4593
  -3.4864
  -3.5108
  -3.5405
  -3.5680
  -3.6015
  -3.6359
  -3.6686
  -3.7074
  -3.7377
  -3.7669
  -3.7918
  -3.8070
  -3.8259
  -3.8350
  -3.8450
  -3.8561
  -3.8569
  -3.8666
  -3.8763
  -3.8922
  -3.9058
  -3.9299
  -3.9570
  -3.9971
  -4.0372
  -4.0763
  -4.1149
  -4.1491
  -4.1874
  -4.2184
  -4.2490
  -4.2733
  -4.2926
  -4.3142
  -4.3367
  -4.3689
  -4.4011
  -4.4448
  -4.4801
  -4.5224
  -4.5726
  -4.6269
  -4.6941
  -4.7656
  -4.8402
  -4.9213
  -5.0094
  -5.1031
  -5.2050
  -5.2988
  -5.3885
  -5.4729
  -5.5541
  -5.6336
  -5.7055
  -5.7760
  -5.8454
  -5.9158
  -5.9921
  -6.0730
  -6.1549
  -6.2414
  -6.3283
  -6.4105
  -6.4916
  -6.5669
  -6.6425
  -6.7193
  -6.7885
  -6.8661
  -6.9465
  -7.0288
  -7.1129
  -7.1939
  -7.2837
  -7.3797
  -7.4711
  -7.5751
  -7.6662
  -7.7559
  -7.8353
  -7.9133
  -7.9858
  -8.0586
  -8.1220
  -8.1900
  -8.2595
  -8.3231
  -8.3848
  -8.4386
  -8.4865
  -8.5279
  -8.5662
  -8.6078
  -8.6413
  -8.6717
  -8.6948
  -8.7237
  -8.7546
  -8.7914
  -8.8279
  -8.8576
  -8.8847
  -8.9075
  -8.9250
  -8.9414
  -8.9560
  -8.9696
  -8.9833
  -8.9915
  -9.0010
  -9.0113
  -9.0197
  -9.0234
  -9.0261
  -9.0249
  -9.0155
  -8.9966
  -8.9775
  -8.9539
  -8.9315
  -8.9079
  -8.8842
  -8.8617
  -8.8427
  -8.8224
  -8.8018
  -8.7758
  -8.7428
  -8.7067
  -8.6673
  -8.6252
  -8.5801
  -8.5317
  -8.4769
  -8.4190
  -8.3574
  -8.2972
  -8.2376
  -8.1834
  -8.1320
  -8.0844
  -8.0355
  -7.9829
  -7.9255
  -7.8646
  -7.7967
  -7.7315
  -7.6728
  -7.6181
  -7.5662
  -7.5186
  -7.4749
  -7.4348
  -7.3900
  -7.3440
  -7.2978
  -7.2518
  -7.1994
  -7.1417
  -7.0829
  -7.0192
  -6.9581
  -6.8923
  -6.8251
  -6.7614
  -6.6985
  -6.6360
  -6.5726
  -6.5135
  -6.4557
  -6.3931
  -6.3287
  -6.2654
  -6.2036
  -6.1475
  -6.0982
  -6.0521
  -6.0117
  -5.9713
  -5.9297
  -5.8939
  -5.8644
  -5.8396
  -5.8190
  -5.7923
  -5.7681
  -5.7412
  -5.7123
  -5.6856
  -5.6633
  -5.6378
  -5.6115
  -5.5862
  -5.5595
  -5.5330
  -5.5061
  -5.4775
  -5.4475
  -5.4144
  -5.3816
  -5.3499
  -5.3205
  -5.2898
  -5.2525
  -5.2040
  -5.1475
  -5.0859
  -5.0159
  -4.9395
  -4.8648
  -4.7912
  -4.7228
  -4.6568
  -4.5930
  -4.5343
  -4.4804
  -4.4296
  -4.3799
  -4.3320
  -4.2921
  -4.2555
  -4.2254
  -4.2010
  -4.1880
  -4.1827
  -4.1819
  -4.1887
  -4.2021
  -4.2198
  -4.2416
  -4.2657
  -4.2882
  -4.3105
  -4.3286
  -4.3396
  -4.3420
  -4.3411
  -4.3423
  -4.3427
  -4.3443
  -4.3475
  -4.3407
  -4.3244
  -4.2965
  -4.2629
  -4.2293
  -4.1943
  -4.1611
  -4.1298
  -4.1009
  -4.0721
  -4.0467
  -4.0253
  -4.0066
  -3.9908
  -3.9784
  -3.9609
  -3.9446
  -3.9227
  -3.8993
  -3.8727
  -3.8428
  -3.8101
  -3.7817
  -3.7618
  -3.7547
  -3.7593
  -3.7687
  -3.7822
  -3.7967
  -3.8109
  -3.8258
  -3.8377
  -3.8473
  -3.8555
  -3.8603
  -3.8624
  -3.8633
  -3.8590
  -3.8491
  -3.8276
  -3.7988
  -3.7608
  -3.7172
  -3.6645
  -3.6050
  -3.5388
  -3.4696
  -3.3969
  -3.3219
  -3.2433
  -3.1662
  -3.0914
  -3.0171
  -2.9451
  -2.8784
  -2.8134
  -2.7466
  -2.6768
  -2.6072
  -2.5329
  -2.4540
  -2.3735
  -2.2918
  -2.2129
  -2.1317
  -2.0504
  -1.9687
  -1.8876
  -1.8076
  -1.7313
  -1.6632
  -1.5952
  -1.5198
  -1.4446
  -1.3711
  -1.2982
  -1.2259
  -1.1503
  -1.0724
  -0.9952
  -0.9140
  -0.8317
  -0.7459
  -0.6561
  -0.5641
  -0.4689
  -0.3709
  -0.2744
  -0.1759
  -0.0800
   0.0169
   0.1133
   0.2085
   0.3016
   0.3971
   0.4912
   0.5823
   0.6706
   0.7524
   0.8309
   0.9053
   0.9731
   1.0353
   1.0954
   1.1518
   1.2112
   1.2647
   1.3179
   1.3714
   1.4192
   1.4675
   1.5109
   1.5524
   1.5913
   1.6250
   1.6614
   1.6926
   1.7191
   1.7417
   1.7642
   1.7866
   1.8073
   1.8241
   1.8403
   1.8563
   1.8675
   1.8813
   1.9030
   1.9292
   1.9556
   1.9898
   2.0316
   2.0744
   2.1083
   2.1470
   2.1885
   2.2242
   2.2577
   2.2826
   2.2987
   2.3105
   2.3151
   2.3142
   2.3120
   2.3049
   2.2971
   2.2879
   2.2770
   2.2635
   2.2472
   2.2286
   2.2062
   2.1828
   2.1611
   2.1403
   2.1153
   2.0911
   2.0674
   2.0455
   2.0306
   2.0184
   2.0104
   2.0060
   2.0086
   2.0122
   2.0163
   2.0160
   2.0228
   2.0276
   2.0267
   2.0316
   2.0312
   2.0417
   2.0508
   2.0619
   2.0760
   2.0909
   2.1101
   2.1276
   2.1472
   2.1651
   2.1762
   2.1843
   2.1993
   2.2120
   2.2257
   2.2480
   2.2750
   2.2978
   2.3195
   2.3448
   2.3689
   2.3940
   2.4244
   2.4543
   2.4772
   2.4996
   2.5290
   2.5594
   2.5903
   2.6251
   2.6571
   2.6892
   2.7254
   2.7597
   2.7908
   2.8255
   2.8604
   2.8976
   2.9392
   2.9812
   3.0259
   3.0767
   3.1307
   3.1858
   3.2426
   3.2963
   3.3422
   3.3947
   3.4407
   3.4872
   3.5313
   3.5673
   3.6112
   3.6516
   3.6979
   3.7461
   3.7978
   3.8475
   3.9039
   3.9619
   4.0203
   4.0887
   4.1509
   4.2158
   4.2783
   4.3412
   4.3973
   4.4567
   4.5198
   4.5794
   4.6419
   4.7067
   4.7695
   4.8294
   4.8888
   4.9460
   4.9966
   5.0401
   5.0885
   5.1341
   5.1791
   5.2226
   5.2706
   5.3130
   5.3647
   5.4231
   5.4831
   5.5471
   5.6107
   5.6848
   5.7573
   5.8362
   5.9192
   5.9988
   6.0853
   6.1787
   6.2670
   6.3585
   6.4484
   6.5400
   6.6324
   6.7248
   6.8139
   6.9038
   6.9942
   7.0859
   7.1854
   7.2922
   7.3985
   7.5105
   7.6193
   7.7335
   7.8534
   7.9725
   8.0936
   8.2082
   8.3265
   8.4417
   8.5547
   8.6624
   8.7718
   8.8802
   8.9810
   9.0832
   9.1866
   9.2874
   9.3890
   9.4966
   9.6036
   9.7107
   9.8265
   9.9364
  10.0488
  10.1684
  10.2850
  10.4089
  10.5335
  10.6592
  10.7801
  10.8962
  11.0103
  11.1209
  11.2296
  11.3313
  11.4408
  11.5490
  11.6549
  11.7549
  11.8478
  11.9355
  12.0148
  12.0943
  12.1766
  12.2533
  12.3262
  12.3896
  12.4594
  12.5277
  12.5912
  12.6552
  12.7156
  12.7770
  12.8398
  12.9005
  12.9592
  13.0186
  13.0785
  13.1406
  13.1983
  13.2462
  13.3040
  13.3600
  13.4137
  13.4715
  13.5295
  13.5872
  13.6500
  13.7085
  13.7687
  13.8288
  13.8891
  13.9424
  13.9919
  14.0463
  14.0946
  14.1402
  14.1882
  14.2294
  14.2657
  14.2963
  14.3247
  14.3430
  14.3643
  14.3855
  14.3995
  14.4169
  14.4250
  14.4331
  14.4385
  14.4481
  14.4516
  14.4578
  14.4616
  14.4675
  14.4722
  14.4684
  14.4561
  14.4467
  14.4426
  14.4315
  14.4264
  14.4200
  14.4095
  14.3920
  14.3747
  14.3638
  14.3561
  14.3381
  14.3221
  14.3084
  14.2952
  14.2787
  14.2577
  14.2343
  14.2116
  14.1844
  14.1555
  14.1191
  14.0807
  14.0452
  14.0114
  13.9720
  13.9305
  13.8902
  13.8467
  13.7930
  13.7308
  13.6687
  13.6015
  13.5309
  13.4621
  13.3938
  13.3319
  13.2760
  13.2122
  13.1611
  13.1114
  13.0629
  13.0224
  12.9909
  12.9627
  12.9335
  12.9107
  12.8838
  12.8573
  12.8291
  12.7963
  12.7676
  12.7331
  12.6954
  12.6526
  12.6114
  12.5664
  12.5282
  12.4859
  12.4503
  12.4140
  12.3820
  12.3483
  12.3141
  12.2843
  12.2525
  12.2189
  12.1942
  12.1657
  12.1407
  12.1137
  12.0791
  12.0538
  12.0238
  11.9933
  11.9626
  11.9397
  11.9134
  11.8896
  11.8561
  11.8277
  11.7983
  11.7717
  11.7350
  11.7048
  11.6745
  11.6442
  11.6152
  11.5906
  11.5672
  11.5517
  11.5514
  11.5459
  11.5507
  11.5555
  11.5583
  11.5603
  11.5654
  11.5637
  11.5714
  11.5685
  11.5697
  11.5698
  11.5723
  11.5642
  11.5573
  11.5560
  11.5552
  11.5572
  11.5624
  11.5686
  11.5769
  11.5828
  11.5943
  11.6090
  11.6252
  11.6410
  11.6538
  11.6639
  11.6706
  11.6741
  11.6753
  11.6775
  11.6785
  11.6799
  11.6869
  11.6994
  11.7155
  11.7265
  11.7375
  11.7414
  11.7412
  11.7444
  11.7410
  11.7422
  11.7370
  11.7306
  11.7214
  11.7214
  11.7238
  11.7404
  11.7542
  11.7629
  11.7738
  11.7882
  11.7906
  11.7874
  11.7718
  11.7624
  11.7343
  11.7077
  11.6729
  11.6283
  11.5843
  11.5355
  11.4896
  11.4512
  11.4181
  11.3853
  11.3606
  11.3323
  11.3131
  11.2883
  11.2528
  11.2055
  11.1536
  11.0927
  11.0306
  10.9622
  10.8950
  10.8209
  10.7531
  10.6873
  10.6244
  10.5615
  10.5008
  10.4402
  10.3818
  10.3296
  10.2736
  10.2214
  10.1726
  10.1297
  10.0849
  10.0390
   9.9891
   9.9374
   9.8758
   9.8171
   9.7543
   9.7025
   9.6542
   9.6143
   9.5751
   9.5386
   9.5026
   9.4706
   9.4409
   9.4076
   9.3737
   9.3344
   9.2921
   9.2472
   9.2066
   9.1660
   9.1299
   9.0973
   9.0732
   9.0565
   9.0309
   9.0164
   9.0026
   8.9926
   8.9851
   8.9713
   8.9509
   8.9248
   8.8924
   8.8508
   8.8007
   8.7429
   8.6875
   8.6248
   8.5571
   8.5015
   8.4546
   8.4204
   8.3924
   8.3617
   8.3395
   8.3188
   8.2998
   8.2762
   8.2519
   8.2263
   8.2010
   8.1761
   8.1537
   8.1336
   8.1106
   8.0920
   8.0719
   8.0490
   8.0223
   7.9953
   7.9694
   7.9450
   7.9223
   7.9026
   7.8775
   7.8529
   7.8213
   7.7872
   7.7605
   7.7444
   7.7289
   7.7145
   7.7007
   7.6933
   7.6905
   7.6910
   7.6890
   7.6889
   7.6881
   7.6928
   7.6957
   7.6994
   7.7052
   7.7159
   7.7310
   7.7512
   7.7765
   7.7927
   7.8057
   7.8239
   7.8482
   7.8759
   7.9081
   7.9432
   7.9804
   8.0215
   8.0655
   8.1011
   8.1363
   8.1792
   8.2184
   8.2526
   8.2795
   8.3086
   8.3397
   8.3623
   8.3840
   8.4063
   8.4321
   8.4596
   8.4872
   8.5132
   8.5440
   8.5732
   8.6001
   8.6264
   8.6472
   8.6718
   8.6943
   8.7169
   8.7433
   8.7724
   8.8061
   8.8420
   8.8776
   8.9189
   8.9689
   9.0179
   9.0713
   9.1152
   9.1496
   9.1885
   9.2207
   9.2580
   9.2999
   9.3376
   9.3665
   9.4004
   9.4274
   9.4539
   9.4760
   9.4913
   9.4986
   9.5116
   9.5140
   9.5186
   9.5221
   9.5278
   9.5420
   9.5584
   9.5637
   9.5700
   9.5753
   9.5723
   9.5692
   9.5668
   9.5644
   9.5586
   9.5565
   9.5577
   9.5621
   9.5731
   9.5892
   9.6089
   9.6303
   9.6535
   9.6711
   9.6837
   9.6923
   9.6923
   9.6855
   9.6732
   9.6519
   9.6145
   9.5619
   9.4943
   9.4255
   9.3537
   9.2830
   9.2155
   9.1446
   9.0726
   8.9978
   8.9144
   8.8232
   8.7359
   8.6507
   8.5680
   8.4904
   8.4200
   8.3513
   8.2854
   8.2168
   8.1488
   8.0739
   7.9851
   7.8977
   7.8130
   7.7249
   7.6425
   7.5572
   7.4726
   7.3936
   7.3177
   7.2360
   7.1593
   7.0765
   6.9971
   6.9209
   6.8486
   6.7794
   6.7102
   6.6399
   6.5744
   6.5174
   6.4569
   6.3976
   6.3322
   6.2622
   6.1888
   6.1116
   6.0297
   5.9395
   5.8453
   5.7554
   5.6526
   5.5420
   5.4320
   5.3275
   5.2350
   5.1550
   5.0734
   4.9989
   4.9366
   4.8817
   4.8449
   4.8165
   4.7924
   4.7788
   4.7615
   4.7371
   4.7154
   4.6838
   4.6428
   4.6046
   4.5699
   4.5306
   4.4906
   4.4388
   4.3846
   4.3203
   4.2410
   4.1432
   4.0225
   3.8918
   3.7498
   3.6034
   3.4475
   3.2963
   3.1465
   2.9856
   2.8231
   2.6522
   2.4785
   2.3035
   2.1336
   1.9624
   1.7957
   1.6261
   1.4482
   1.2630
   1.0795
   0.8983
   0.7186
   0.5396
   0.3599
   0.1779
  -0.0084
  -0.1948
  -0.3738
  -0.5482
  -0.7183
  -0.8891
  -1.0520
  -1.2095
  -1.3669
  -1.5142
  -1.6576
  -1.7982
  -1.9382
  -2.0920
  -2.2553
  -2.4163
  -2.5757
  -2.7367
  -2.8950
  -3.0595
  -3.2113
  -3.3668
  -3.5240
  -3.6408
  -3.7544
  -3.8684
  -3.9732
  -4.0698
  -4.1613
  -4.2552
  -4.3426
  -4.4356
  -4.5219
  -4.6076
  -4.6900
  -4.7623
  -4.8179
  -4.8557
  -4.8780
  -4.8896
  -4.8919
  -4.8854
  -4.8878
  -4.8962
  -4.8979
  -4.8963
  -4.8974
  -4.8995
  -4.8993
  -4.9046
  -4.9120
  -4.9207
  -4.9272
