  -6.7629
  -6.5973
  -6.4317
  -6.2638
  -6.0830
  -5.8949
  -5.7076
  -5.5214
  -5.3388
  -5.1516
  -4.9747
  -4.7978
  -4.6291
  -4.4521
  -4.2733
  -4.0892
  -3.9039
  -3.7210
  -3.5535
  -3.3838
  -3.2089
  -3.0349
  -2.8551
  -2.6781
  -2.5020
  -2.3301
  -2.1551
  -1.9835
  -1.8151
  -1.6365
  -1.4601
  -1.4167
  -1.3670
  -1.3110
  -1.2563
  -1.1996
  -1.1490
  -1.1074
  -1.0637
  -1.0247
  -0.9876
  -0.9534
  -0.9198
  -0.8840
  -0.8331
  -0.7893
  -0.7460
  -0.7122
  -0.6812
  -0.6454
  -0.6168
  -0.5947
  -0.5751
  -0.5645
  -0.5597
  -0.5583
  -0.5522
  -0.5488
  -0.5402
  -0.5286
  -0.5098
  -0.4926
  -0.4662
  -0.4413
  -0.4125
  -0.3814
  -0.3595
  -0.3426
  -0.3256
  -0.3108
  -0.2973
  -0.2769
  -0.2636
  -0.2491
  -0.2393
  -0.2282
  -0.2153
  -0.2094
  -0.1996
  -0.1834
  -0.1682
  -0.1582
  -0.1443
  -0.1413
  -0.1374
  -0.1381
  -0.1361
  -0.1444
  -0.1553
  -0.1680
  -0.2012
  -0.2328
  -0.2772
  -0.3280
  -0.3806
  -0.4287
  -0.4827
  -0.5321
  -0.5733
  -0.6218
  -0.6620
  -0.7015
  -0.7413
  -0.7838
  -0.8218
  -0.8692
  -0.9104
  -0.9557
  -0.9912
  -1.0268
  -1.0633
  -1.0995
  -1.1293
  -1.1640
  -1.1860
  -1.2112
  -1.2318
  -1.2546
  -1.2789
  -1.3048
  -1.3301
  -1.3600
  -1.3840
  -1.4166
  -1.4434
  -1.4785
  -1.5104
  -1.5431
  -1.5740
  -1.6007
  -1.6303
  -1.6529
  -1.6927
  -1.7213
  -1.7498
  -1.7789
  -1.8079
  -1.8398
  -1.8616
  -1.8831
  -1.8993
  -1.9124
  -1.9236
  -1.9365
  -1.9383
  -1.9415
  -1.9372
  -1.9314
  -1.9224
  -1.9087
  -1.8917
  -1.8652
  -1.8385
  -1.7987
  -1.7582
  -1.7234
  -1.6969
  -1.6727
  -1.6561
  -1.6444
  -1.6368
  -1.6362
  -1.6393
  -1.6440
  -1.6405
  -1.6313
  -1.6006
  -1.5639
  -1.5212
  -1.4808
  -1.4365
  -1.3959
  -1.3514
  -1.3154
  -1.2762
  -1.2436
  -1.2142
  -1.1858
  -1.1673
  -1.1418
  -1.1178
  -1.0962
  -1.0742
  -1.0538
  -1.0338
  -1.0183
  -0.9977
  -0.9832
  -0.9656
  -0.9536
  -0.9402
  -0.9206
  -0.9059
  -0.8819
  -0.8570
  -0.8279
  -0.8004
  -0.7729
  -0.7510
  -0.7308
  -0.7520
  -0.7788
  -0.8075
  -0.8340
  -0.8562
  -0.8792
  -0.9038
  -0.9319
  -0.9630
  -0.9982
  -1.0373
  -1.0756
  -1.1110
  -1.1452
  -1.1826
  -1.2179
  -1.2415
  -1.2608
  -1.2740
  -1.2801
  -1.2850
  -1.2819
  -1.2817
  -1.2864
  -1.2930
  -1.3076
  -1.3340
  -1.3764
  -1.4275
  -1.4793
  -1.5293
  -1.5807
  -1.6302
  -1.6832
  -1.7321
  -1.7741
  -1.8144
  -1.8465
  -1.8777
  -1.9017
  -1.9301
  -1.9596
  -1.9912
  -2.0232
  -2.0547
  -2.0873
  -2.1156
  -2.1463
  -2.1741
  -2.1999
  -2.2193
  -2.2405
  -2.2687
  -2.2953
  -2.3185
  -2.3438
  -2.3739
  -2.3994
  -2.4248
  -2.4494
  -2.4737
  -2.4613
  -2.4503
  -2.4471
  -2.4474
  -2.4537
  -2.4664
  -2.4758
  -2.4852
  -2.4942
  -2.4976
  -2.4998
  -2.5045
  -2.5104
  -2.5242
  -2.5390
  -2.5564
  -2.5825
  -2.6104
  -2.6394
  -2.6680
  -2.6946
  -2.7225
  -2.7450
  -2.7593
  -2.7667
  -2.7658
  -2.7639
  -2.7638
  -2.7667
  -2.7754
  -2.7865
  -2.7926
  -2.7994
  -2.8017
  -2.8052
  -2.8098
  -2.8131
  -2.8158
  -2.8204
  -2.8272
  -2.8350
  -2.8376
  -2.8394
  -2.8390
  -2.8407
  -2.8376
  -2.8370
  -2.8307
  -2.8256
  -2.8222
  -2.8158
  -2.8120
  -2.8025
  -2.7985
  -2.7969
  -2.7991
  -2.7965
  -2.7957
  -2.7973
  -2.7985
  -2.8020
  -2.7986
  -2.8016
  -2.8039
  -2.8053
  -2.8030
  -2.8013
  -2.7967
  -2.7903
  -2.7880
  -2.7770
  -2.7637
  -2.7477
  -2.7341
  -2.7158
  -2.6953
  -2.6737
  -2.6470
  -2.6206
  -2.5905
  -2.5633
  -2.5338
  -2.5021
  -2.4708
  -2.4374
  -2.4021
  -2.3707
  -2.3388
  -2.3060
  -2.2723
  -2.2332
  -2.1968
  -2.1653
  -2.1396
  -2.1205
  -2.1039
  -2.0894
  -2.0759
  -2.0643
  -2.0520
  -2.0373
  -2.0181
  -2.0014
  -1.9807
  -1.9601
  -1.9406
  -1.9206
  -1.8992
  -1.8785
  -1.8582
  -1.8337
  -1.8117
  -1.7886
  -1.7666
  -1.7456
  -1.7289
  -1.7134
  -1.7041
  -1.6966
  -1.6873
  -1.6751
  -1.6594
  -1.6517
  -1.6483
  -1.6356
  -1.6287
  -1.6241
  -1.6273
  -1.6250
  -1.6412
  -1.6347
  -1.6376
  -1.6407
  -1.6460
  -1.6490
  -1.6522
  -1.6564
  -1.6626
  -1.6746
  -1.6809
  -1.6953
  -1.7052
  -1.7162
  -1.7259
  -1.7323
  -1.7407
  -1.7507
  -1.7675
  -1.7811
  -1.7996
  -1.8116
  -1.8291
  -1.8408
  -1.8511
  -1.8605
  -1.8670
  -1.8674
  -1.8603
  -1.8546
  -1.8412
  -1.8323
  -1.8202
  -1.8098
  -1.7981
  -1.7903
  -1.7779
  -1.7633
  -1.7465
  -1.7308
  -1.7137
  -1.7006
  -1.6786
  -1.6598
  -1.6412
  -1.6217
  -1.5978
  -1.5726
  -1.5423
  -1.5115
  -1.4741
  -1.4355
  -1.4026
  -1.3753
  -1.3487
  -1.3132
  -1.2862
  -1.2606
  -1.2391
  -1.2075
  -1.2036
  -1.1677
  -1.1471
  -1.1260
  -1.1034
  -1.0813
  -1.0640
  -1.0448
  -1.0267
  -1.0123
  -1.0007
  -0.9886
  -0.9740
  -0.9594
  -0.9480
  -0.9387
  -0.9306
  -0.9230
  -0.9168
  -0.9051
  -0.8970
  -0.8827
  -0.8752
  -0.8635
  -0.8538
  -0.8390
  -0.8222
  -0.7985
  -0.7809
  -0.7672
  -0.7567
  -0.7502
  -0.7397
  -0.7344
  -0.7300
  -0.7301
  -0.7225
  -0.7247
  -0.7222
  -0.7297
  -0.7319
  -0.7445
  -0.7500
  -0.7672
  -0.7771
  -0.7862
  -0.7924
  -0.8046
  -0.8091
  -0.8179
  -0.8227
  -0.8365
  -0.8500
  -0.8653
  -0.8733
  -0.8773
  -0.8780
  -0.8733
  -0.8652
  -0.8502
  -0.8325
  -0.7927
  -0.7695
  -0.7473
  -0.7209
  -0.6904
  -0.6573
  -0.6198
  -0.5867
  -0.5531
  -0.5140
  -0.4729
  -0.4379
  -0.4046
  -0.3762
  -0.3472
  -0.3142
  -0.2854
  -0.2569
  -0.2247
  -0.1952
  -0.1618
  -0.1285
  -0.0941
  -0.0570
  -0.0230
   0.0071
   0.0402
   0.0723
   0.1049
   0.1301
   0.1601
   0.1843
   0.2086
   0.2342
   0.2583
   0.2895
   0.3171
   0.3467
   0.3712
   0.3967
   0.4176
   0.4397
   0.4551
   0.4664
   0.4693
   0.4685
   0.4657
   0.4638
   0.4584
   0.4534
   0.4465
   0.4443
   0.4390
   0.4363
   0.4284
   0.4195
   0.4085
   0.3980
   0.3861
   0.3707
   0.3483
   0.3181
   0.2929
   0.2681
   0.2426
   0.2075
   0.1714
   0.1356
   0.1007
   0.0708
   0.0411
   0.0195
   0.0000
  -0.0145
  -0.0249
  -0.0336
  -0.0425
  -0.0496
  -0.0488
  -0.0543
  -0.0592
  -0.0653
  -0.0738
  -0.0812
  -0.0920
  -0.1005
  -0.1119
  -0.1269
  -0.1471
  -0.1676
  -0.1777
  -0.1928
  -0.2037
  -0.2162
  -0.2254
  -0.2397
  -0.2586
  -0.2771
  -0.2942
  -0.3003
  -0.3105
  -0.3159
  -0.3183
  -0.3197
  -0.3150
  -0.3062
  -0.2958
  -0.2875
  -0.2772
  -0.2661
  -0.2524
  -0.2463
  -0.2343
  -0.2282
  -0.2135
  -0.1988
  -0.1905
  -0.1790
  -0.1682
  -0.1548
  -0.1320
  -0.1117
  -0.0898
  -0.0760
  -0.0519
  -0.0378
  -0.0189
   0.0043
   0.0280
   0.0548
   0.0777
   0.1003
   0.1196
   0.1343
   0.1467
   0.1535
   0.1654
   0.1708
   0.1826
   0.1844
   0.1862
   0.1934
   0.1990
   0.2029
   0.2069
   0.2127
   0.2121
   0.2179
   0.2269
   0.2365
   0.2439
   0.2463
   0.2511
   0.2572
   0.2633
   0.2655
   0.2746
   0.2816
   0.2869
   0.2941
   0.2861
   0.2865
   0.2779
   0.2768
   0.2683
   0.2617
   0.2558
   0.2504
   0.2443
   0.2351
   0.2236
   0.2115
   0.2076
   0.1977
   0.1950
   0.1879
   0.1856
   0.1896
   0.1878
   0.1895
   0.1983
   0.1983
   0.2112
   0.2312
   0.2614
   0.2765
   0.3057
   0.3302
   0.3504
   0.3687
   0.3850
   0.4045
   0.4202
   0.4372
   0.4506
   0.4633
   0.4780
   0.4834
   0.4948
   0.4971
   0.5075
   0.5183
   0.5280
   0.5382
   0.5502
   0.5582
   0.5652
   0.5744
   0.5803
   0.5866
   0.5939
   0.6064
   0.6204
   0.6320
   0.6413
   0.6537
   0.6635
   0.6712
   0.6784
   0.6926
   0.7018
   0.7155
   0.7294
   0.7457
   0.7601
   0.7771
   0.7953
   0.8116
   0.8271
   0.8374
   0.8502
   0.8599
   0.8719
   0.8821
   0.8870
   0.8990
   0.9109
   0.9278
   0.9414
   0.9509
   0.9664
   0.9696
   0.9702
   0.9654
   0.9553
   0.9365
   0.9286
   0.9414
   0.9664
   1.0003
   1.0353
   1.0642
   1.0918
   1.1243
   1.1463
   1.1764
   1.2004
   1.2210
   1.2373
   1.2492
   1.2642
   1.2772
   1.2850
   1.2913
   1.2938
   1.2945
   1.2954
   1.2961
   1.2924
   1.2936
   1.2905
   1.2896
   1.2837
   1.2786
   1.2789
   1.2769
   1.2761
   1.2787
   1.2906
   1.3042
   1.3121
   1.3266
   1.3447
   1.3663
   1.3872
   1.4032
   1.4270
   1.4460
   1.4635
   1.4814
   1.5089
   1.5343
   1.5591
   1.5820
   1.5980
   1.6235
   1.6391
   1.6548
   1.6655
   1.6872
   1.7167
   1.7379
   1.7676
   1.8033
   1.8405
   1.8767
   1.9253
   1.9719
   1.9955
   2.0068
   2.0143
   2.0273
   2.0464
   2.0656
   2.0855
   2.1186
   2.1476
   2.1776
   2.2115
   2.2591
   2.3187
   2.3837
   2.4463
   2.5180
   2.5806
   2.6533
   2.7283
   2.8101
   2.8939
   2.9819
   3.0667
   3.1569
   3.2478
   3.3421
   3.4386
   3.5381
   3.6464
   3.7629
   3.8697
   3.9693
   4.0711
   4.1852
   4.2960
   4.4113
   4.5253
   4.6444
   4.7610
   4.8762
   4.9891
   5.1037
   5.2204
   5.3299
   5.4505
   5.5540
   5.6523
   5.7636
   5.8683
   5.9758
   6.0810
   6.1865
   6.2875
   6.3926
   6.4981
   6.6070
   6.7121
   6.8129
   6.9189
   7.0173
   7.1120
   7.2035
   7.2938
   7.3867
   7.4775
   7.5708
   7.6650
   7.7559
   7.8495
   7.9422
   8.0465
   8.1536
   8.2548
   8.3475
   8.4397
   8.5298
   8.6174
   8.7163
   8.8100
   8.9113
   9.0117
   9.1113
   9.2198
   9.3298
   9.4389
   9.5441
   9.6513
   9.7496
   9.8404
   9.9228
   9.9977
  10.0893
  10.1788
  10.2717
  10.3661
  10.4618
  10.5629
  10.6680
  10.7714
  10.8682
  10.9823
  11.1054
  11.2302
  11.3590
  11.4911
  11.6204
  11.7738
  11.9375
  12.0963
  12.2541
  12.4185
  12.5799
  12.7434
  12.9023
  13.0305
  13.1450
  13.2468
  13.3461
  13.4477
  13.5471
  13.6403
  13.7362
  13.8299
  13.9317
  14.0311
  14.1327
  14.2333
  14.3304
  14.4286
  14.5218
  14.6216
  14.7154
  14.8092
  14.9037
  15.0034
  15.0989
  15.1974
  15.2942
  15.3919
  15.4875
  15.5770
  15.6658
  15.7557
  15.8401
  15.9212
  16.0072
  16.0887
  16.1675
  16.2532
  16.3399
  16.4274
  16.5117
  16.5928
  16.6830
  16.7725
  16.8497
  16.9218
  16.9895
  17.0560
  17.1248
  17.2070
  17.2708
  17.3399
  17.4056
  17.4616
  17.5191
  17.5698
  17.6138
  17.6573
  17.6975
  17.7461
  17.7899
  17.8339
  17.8780
  17.9273
  17.9983
  18.0769
  18.1543
  18.2364
  18.3195
  18.3984
  18.4737
  18.5474
  18.6177
  18.6858
  18.7427
  18.7908
  18.8400
  18.8909
  18.9389
  18.9849
  19.0281
  19.0714
  19.1158
  19.1678
  19.2121
  19.2621
  19.3050
  19.3459
  19.3798
  19.4153
  19.4476
  19.4755
  19.5067
  19.5396
  19.5736
  19.6048
  19.6411
  19.6818
  19.7247
  19.7715
  19.8187
  19.8640
  19.9027
  19.9294
  19.9565
  19.9810
  20.0016
  20.0168
  20.0304
  20.0511
  20.0686
  20.0868
  20.1077
  20.1232
  20.1529
  20.1825
  20.2153
  20.2508
  20.2843
  20.3204
  20.3524
  20.3771
  20.4117
  20.4397
  20.4618
  20.4938
  20.5232
  20.5652
  20.6047
  20.6464
  20.6826
  20.7264
  20.7652
  20.8146
  20.8587
  20.9147
  20.9753
  21.0374
  21.1007
  21.1721
  21.2446
  21.3204
  21.3961
  21.4637
  21.5237
  21.5881
  21.6492
  21.7097
  21.7646
  21.8173
  21.8677
  21.9180
  21.9684
  22.0078
  22.0489
  22.0824
  22.1191
  22.1548
  22.1855
  22.2129
  22.2289
  22.2362
  22.2431
  22.2642
  22.2957
  22.3218
  22.3452
  22.3740
  22.3953
  22.4154
  22.4262
  22.4213
  22.3489
  22.2639
  22.1837
  22.0949
  21.9963
  21.8954
  21.7896
  21.6806
  21.5635
  21.4430
  21.3395
  21.2272
  21.1177
  21.0152
  20.9088
  20.8052
  20.6907
  20.5738
  20.4554
  20.3507
  20.2503
  20.1549
  20.0478
  19.9320
  19.8097
  19.6840
  19.5561
  19.4244
  19.2840
  19.1420
  18.9957
  18.8500
  18.7107
  18.5769
  18.4376
  18.3038
  18.1808
  18.0684
  17.9614
  17.8491
  17.7460
  17.6397
  17.5400
  17.4293
  17.3220
  17.2064
  17.0892
  16.9725
  16.8520
  16.7397
  16.6285
  16.5173
  16.3985
  16.2682
  16.1391
  16.0099
  15.8841
  15.7652
  15.6475
  15.5242
  15.4124
  15.3603
  15.3104
  15.2561
  15.1979
  15.1403
  15.0882
  15.0475
  15.0052
  14.9634
  14.9297
  14.8808
  14.8214
  14.7532
  14.6698
  14.5771
  14.4822
  14.3911
  14.2994
  14.2033
  14.1017
  13.9925
  13.8866
  13.7801
  13.6861
  13.5878
  13.4901
  13.3846
  13.2754
  13.1662
  13.0519
  12.9470
  12.8372
  12.7224
  12.6005
  12.4774
  12.3467
  12.2177
  12.0957
  11.9683
  11.8436
  11.7073
  11.5679
  11.4142
  11.2611
  11.1135
  10.9598
  10.8111
  10.6591
  10.5125
  10.3659
  10.2312
  10.0971
   9.9574
   9.8141
   9.6603
   9.5103
   9.3577
   9.1968
   9.0289
   8.8604
   8.6936
   8.5295
   8.3638
   8.1964
   8.0296
   7.8677
   7.6954
   7.5121
   7.3272
   7.1549
   6.9727
   6.7927
   6.6192
   6.4502
   6.2953
   6.1361
   5.9774
   5.8176
   5.6606
   5.5062
   5.3481
   5.1889
   5.0252
   4.8699
   4.7090
   4.5503
   4.3888
   4.2415
   4.0909
   3.9485
   3.8093
   3.6581
   3.5108
   3.3563
   3.2014
   3.0420
   2.8908
   2.7265
   2.5519
   2.3750
   2.2157
   2.0525
   1.8991
   1.7632
   1.6310
   1.4918
   1.3592
   1.2254
   1.0949
   0.9606
   0.8269
   0.6904
   0.5551
   0.4182
   0.2905
   0.1726
   0.0591
  -0.0544
  -0.1608
  -0.2595
  -0.3640
  -0.4657
  -0.5734
  -0.6855
  -0.7966
  -0.9070
  -1.0153
  -1.1246
  -1.2313
  -1.3368
  -1.4490
  -1.5562
  -1.6672
  -1.7772
  -1.8915
  -2.0091
  -2.1191
  -2.2210
  -2.3266
  -2.4361
  -2.5604
  -2.6760
  -2.7889
  -2.9034
  -3.0251
  -3.1413
  -3.2525
  -3.3632
  -3.4887
  -3.6059
  -3.7372
  -3.8669
  -3.9966
  -4.1363
  -4.2678
  -4.3982
  -4.5225
  -4.6537
  -4.7850
  -4.9123
  -5.0420
  -5.1842
  -5.3232
  -5.4670
  -5.6208
  -5.7719
  -5.9312
  -6.0937
  -6.2567
  -6.4170
  -6.5812
  -6.7454
  -6.9085
  -7.0722
  -7.2319
  -7.4000
  -7.5587
  -7.7311
  -7.9041
  -8.0765
  -8.2559
  -8.4296
  -8.6032
  -8.7663
  -8.9218
  -9.0701
  -9.2195
  -9.3673
  -9.5140
  -9.6617
  -9.8079
  -9.9584
 -10.1111
 -10.2516
 -10.3751
 -10.4936
 -10.6154
 -10.7333
 -10.8587
 -10.9753
 -11.0956
 -11.2029
 -11.3178
 -11.4249
 -11.5287
 -11.6265
 -11.7226
 -11.8164
 -11.8970
 -11.9695
 -12.0440
 -12.1066
 -12.1768
 -12.2404
 -12.2973
 -12.3548
 -12.4124
 -12.4634
 -12.5172
 -12.5679
 -12.6318
 -12.6910
 -12.7460
 -12.7964
 -12.8373
 -12.8732
 -12.8962
 -12.9094
 -12.9112
 -12.9174
 -12.9280
 -12.9348
 -12.9449
 -12.9568
 -12.9572
 -12.9583
 -12.9526
 -12.9574
 -12.9516
 -12.9429
 -12.9354
 -12.9241
 -12.9061
 -12.8855
 -12.8639
 -12.8467
 -12.8283
 -12.6854
 -12.5430
 -12.4007
 -12.2540
 -12.1024
 -11.9410
 -11.7763
 -11.6184
 -11.4728
 -11.3213
 -11.1649
 -11.0065
 -10.8473
 -10.7003
 -10.5386
 -10.3754
 -10.2038
 -10.0391
  -9.8765
  -9.7097
  -9.5389
  -9.3715
  -9.2113
  -9.0483
  -8.8815
  -8.7170
  -8.5416
  -8.3713
  -8.2027
  -8.0329
