   0.0828
   0.3344
   0.5736
   0.8076
   1.0421
   1.2789
   1.5119
   1.7416
   1.9669
   2.1810
   2.3935
   2.6034
   2.8080
   3.0089
   3.2002
   3.3594
   3.5102
   3.6577
   3.8011
   3.9461
   4.1054
   4.2622
   4.4225
   4.5949
   4.7636
   4.9240
   5.0905
   5.2667
   5.4474
   5.6272
   5.8049
   5.8121
   5.8084
   5.8009
   5.7854
   5.7815
   5.8020
   5.8116
   5.7989
   5.7927
   5.8022
   5.8417
   5.8829
   5.9289
   5.9607
   6.0056
   6.0507
   6.1114
   6.1746
   6.2565
   6.3335
   6.4079
   6.4868
   6.5685
   6.6338
   6.6923
   6.7642
   6.8259
   6.8844
   6.9430
   7.0059
   7.0614
   7.1272
   7.1832
   7.2275
   7.2635
   7.2903
   7.3126
   7.3247
   7.3356
   7.3528
   7.3735
   7.3907
   7.4101
   7.4129
   7.4205
   7.4454
   7.4751
   7.5178
   7.5652
   7.6185
   7.6717
   7.7250
   7.7647
   7.8062
   7.8601
   7.9303
   8.0074
   8.0755
   8.1580
   8.2337
   8.3213
   8.3964
   8.4769
   8.5539
   8.6330
   8.7200
   8.8032
   8.8931
   8.9752
   9.0569
   9.1371
   9.1974
   9.2517
   9.3047
   9.3583
   9.4083
   9.4603
   9.4987
   9.5252
   9.5331
   9.5536
   9.5949
   9.6318
   9.6689
   9.7130
   9.7612
   9.8110
   9.8671
   9.9318
   9.9930
  10.0476
  10.0936
  10.1378
  10.1815
  10.2308
  10.2620
  10.2625
  10.2562
  10.2418
  10.2260
  10.1983
  10.1597
  10.1152
  10.0644
  10.0098
   9.9515
   9.8957
   9.8432
   9.7826
   9.7096
   9.6315
   9.5401
   9.4515
   9.3661
   9.2634
   9.1563
   9.0473
   8.9282
   8.8006
   8.6435
   8.4693
   8.2879
   8.1274
   7.9623
   7.7951
   7.6318
   7.4557
   7.2729
   7.0844
   6.9074
   6.7228
   6.5369
   6.3540
   6.1726
   5.9989
   5.8215
   5.6467
   5.4775
   5.3084
   5.1413
   4.9596
   4.7584
   4.5282
   4.2830
   4.0329
   3.7715
   3.5124
   3.2447
   2.9728
   2.6856
   2.3818
   2.0638
   1.7445
   1.4194
   1.0969
   0.7716
   0.4647
   0.1913
  -0.0607
  -0.2934
  -0.5281
  -0.7800
  -1.0421
  -1.3118
  -1.5786
  -1.8234
  -2.0606
  -2.3076
  -2.5535
  -2.8036
  -3.0485
  -3.3036
  -3.5697
  -3.8456
  -4.1324
  -4.4146
  -4.7139
  -5.0234
  -5.3236
  -5.6160
  -5.8809
  -6.1165
  -6.3535
  -6.5947
  -6.8327
  -7.0659
  -7.3045
  -7.5468
  -7.7967
  -8.0470
  -8.3018
  -8.5564
  -8.8242
  -9.0953
  -9.3749
  -9.6665
  -9.9545
 -10.2489
 -10.5539
 -10.8679
 -11.1779
 -11.4656
 -11.7305
 -11.9762
 -12.2029
 -12.4182
 -12.6219
 -12.8202
 -13.0106
 -13.1952
 -13.3678
 -13.5220
 -13.6552
 -13.7857
 -13.9104
 -14.0370
 -14.1656
 -14.3102
 -14.4639
 -14.6385
 -14.8211
 -15.0045
 -15.1722
 -15.3317
 -15.4799
 -15.6303
 -15.7929
 -15.9580
 -16.1190
 -16.2773
 -16.4417
 -16.6089
 -16.7686
 -16.9069
 -17.0313
 -17.1364
 -17.2287
 -17.3081
 -17.3827
 -17.4573
 -17.5331
 -17.6125
 -17.6976
 -17.7803
 -17.8669
 -17.9599
 -18.0592
 -18.1751
 -18.2886
 -18.4064
 -18.5411
 -18.6864
 -18.8327
 -18.9696
 -19.1098
 -19.2396
 -19.3689
 -19.4895
 -19.5926
 -19.6848
 -19.7519
 -19.8064
 -19.8601
 -19.9156
 -19.9687
 -20.0196
 -20.0731
 -20.1285
 -20.1866
 -20.2559
 -20.3290
 -20.3995
 -20.4693
 -20.5404
 -20.6074
 -20.6777
 -20.7444
 -20.8118
 -20.8664
 -20.9194
 -20.9417
 -20.9334
 -20.9042
 -20.8463
 -20.7663
 -20.6645
 -20.5506
 -20.4227
 -20.2854
 -20.1466
 -20.0002
 -19.8429
 -19.6744
 -19.4999
 -19.3201
 -19.1429
 -18.9733
 -18.8066
 -18.6370
 -18.4629
 -18.2936
 -18.1206
 -17.9403
 -17.7591
 -17.5723
 -17.3760
 -17.1698
 -16.9728
 -16.7625
 -16.5586
 -16.3485
 -16.1251
 -15.8977
 -15.6671
 -15.4351
 -15.1982
 -14.9633
 -14.7297
 -14.5017
 -14.2828
 -14.0660
 -13.8597
 -13.6603
 -13.4516
 -13.2406
 -13.0180
 -12.7888
 -12.5412
 -12.2792
 -12.0073
 -11.7149
 -11.4121
 -11.1011
 -10.7875
 -10.4751
 -10.1596
  -9.8452
  -9.5302
  -9.2188
  -8.9165
  -8.6195
  -8.3516
  -8.1215
  -7.9106
  -7.7238
  -7.5528
  -7.4022
  -7.2593
  -7.1276
  -7.0026
  -6.8701
  -6.7380
  -6.6071
  -6.4862
  -6.3692
  -6.2645
  -6.1586
  -6.0465
  -5.9302
  -5.8131
  -5.6921
  -5.5711
  -5.4543
  -5.3465
  -5.2415
  -5.1416
  -5.0541
  -4.9696
  -4.8657
  -4.7553
  -4.6318
  -4.4978
  -4.3569
  -4.2073
  -4.0553
  -3.9040
  -3.7529
  -3.6033
  -3.4453
  -3.2868
  -3.1144
  -2.9296
  -2.7476
  -2.5663
  -2.3952
  -2.2334
  -2.1026
  -2.0056
  -1.9524
  -1.9364
  -1.9475
  -1.9860
  -2.0428
  -2.1180
  -2.2037
  -2.2996
  -2.3992
  -2.4960
  -2.5933
  -2.6889
  -2.7825
  -2.8763
  -2.9684
  -3.0478
  -3.1188
  -3.1831
  -3.2438
  -3.2970
  -3.3420
  -3.3843
  -3.4196
  -3.4537
  -3.4927
  -3.5292
  -3.5556
  -3.5707
  -3.5832
  -3.5976
  -3.6133
  -3.6323
  -3.6553
  -3.6823
  -3.7088
  -3.7326
  -3.7504
  -3.7656
  -3.7788
  -3.7843
  -3.7856
  -3.7908
  -3.7936
  -3.7982
  -3.8015
  -3.8025
  -3.8028
  -3.8026
  -3.7976
  -3.7845
  -3.7648
  -3.7485
  -3.7297
  -3.7233
  -3.7239
  -3.7231
  -3.7240
  -3.7228
  -3.7223
  -3.7162
  -3.6961
  -3.6636
  -3.6206
  -3.5668
  -3.5051
  -3.4371
  -3.3650
  -3.2906
  -3.2080
  -3.1270
  -3.0476
  -2.9666
  -2.8830
  -2.8007
  -2.7136
  -2.6257
  -2.5441
  -2.4682
  -2.3841
  -2.3056
  -2.2447
  -2.2065
  -2.1766
  -2.1437
  -2.1026
  -2.0572
  -2.0114
  -1.9730
  -1.9453
  -1.9175
  -1.8868
  -1.8541
  -1.8169
  -1.7759
  -1.7363
  -1.6999
  -1.6606
  -1.6191
  -1.5726
  -1.5248
  -1.4843
  -1.4487
  -1.4126
  -1.3828
  -1.3547
  -1.3289
  -1.3021
  -1.2675
  -1.2364
  -1.2078
  -1.1927
  -1.1850
  -1.1821
  -1.1840
  -1.1865
  -1.1987
  -1.2109
  -1.2236
  -1.2368
  -1.2455
  -1.2518
  -1.2532
  -1.2469
  -1.2301
  -1.2082
  -1.1834
  -1.1625
  -1.1420
  -1.1250
  -1.1018
  -1.0740
  -1.0463
  -1.0188
  -0.9927
  -0.9623
  -0.9352
  -0.9104
  -0.8893
  -0.8742
  -0.8759
  -0.8743
  -0.8645
  -0.8367
  -0.8010
  -0.7643
  -0.7285
  -0.6830
  -0.6315
  -0.5770
  -0.5182
  -0.4617
  -0.4103
  -0.3635
  -0.3236
  -0.2795
  -0.2353
  -0.1859
  -0.1431
  -0.0997
  -0.0589
  -0.0168
   0.0333
   0.0852
   0.1379
   0.2008
   0.2660
   0.3325
   0.3920
   0.4389
   0.4881
   0.5371
   0.5979
   0.6636
   0.7366
   0.8082
   0.8766
   0.9435
   1.0043
   1.0573
   1.1058
   1.1586
   1.2130
   1.2721
   1.3397
   1.4094
   1.4799
   1.5484
   1.6152
   1.6772
   1.7447
   1.8080
   1.8742
   1.9427
   2.0099
   2.0777
   2.1495
   2.2317
   2.3212
   2.4223
   2.5365
   2.6600
   2.7857
   2.9161
   3.0447
   3.1712
   3.2932
   3.4017
   3.4984
   3.5894
   3.6774
   3.7693
   3.8671
   3.9755
   4.0984
   4.2268
   4.3349
   4.4373
   4.5390
   4.6361
   4.7194
   4.7983
   4.8793
   4.9595
   5.0516
   5.1449
   5.2303
   5.3104
   5.3925
   5.4786
   5.5706
   5.6665
   5.7647
   5.8665
   5.9663
   6.0680
   6.1789
   6.2921
   6.4161
   6.5473
   6.6888
   6.8410
   6.9910
   7.1500
   7.3101
   7.4691
   7.6278
   7.7792
   7.9313
   8.0913
   8.2591
   8.4311
   8.6032
   8.7676
   8.9324
   9.0971
   9.2645
   9.4262
   9.5826
   9.7361
   9.8632
   9.9815
  10.0885
  10.1887
  10.2898
  10.3893
  10.4896
  10.5884
  10.6875
  10.7748
  10.8430
  10.9008
  10.9424
  10.9758
  10.9967
  11.0081
  11.0132
  11.0337
  11.0553
  11.0723
  11.0876
  11.1049
  11.1210
  11.1216
  11.1137
  11.0863
  11.0557
  11.0231
  10.9952
  10.9623
  10.9228
  10.8830
  10.8290
  10.7751
  10.7081
  10.6312
  10.5498
  10.4628
  10.3770
  10.2795
  10.1766
  10.0617
   9.9247
   9.7859
   9.6417
   9.4920
   9.3399
   9.1938
   9.0561
   8.9169
   8.7819
   8.6377
   8.4837
   8.3366
   8.2238
   8.1225
   8.0208
   7.9184
   7.8164
   7.6997
   7.5719
   7.4575
   7.3471
   7.2485
   7.1617
   7.0728
   6.9853
   6.9001
   6.8178
   6.7421
   6.6733
   6.6248
   6.5969
   6.5855
   6.5812
   6.5894
   6.6011
   6.6191
   6.6423
   6.6724
   6.7080
   6.7623
   6.8251
   6.9056
   7.0070
   7.1201
   7.2441
   7.3716
   7.5089
   7.6452
   7.7818
   7.9293
   8.0702
   8.2157
   8.3563
   8.5023
   8.6525
   8.7870
   8.9061
   9.0054
   9.1079
   9.2098
   9.3161
   9.4310
   9.5387
   9.6359
   9.7257
   9.7988
   9.8558
   9.9022
   9.9400
   9.9648
  10.0007
  10.0301
  10.0489
  10.0403
  10.0146
   9.9845
   9.9586
   9.9342
   9.9314
   9.9437
   9.9745
   9.9997
  10.0298
  10.0586
  10.1004
  10.1481
  10.2040
  10.2660
  10.3352
  10.4248
  10.5111
  10.6130
  10.7076
  10.8197
  10.9322
  11.0462
  11.1693
  11.2924
  11.4222
  11.5456
  11.6651
  11.7815
  11.8853
  11.9847
  12.0819
  12.1779
  12.2708
  12.3684
  12.4732
  12.5740
  12.6780
  12.7916
  12.9147
  13.0348
  13.1543
  13.2939
  13.4326
  13.5904
  13.7935
  13.9910
  14.1992
  14.4137
  14.6275
  14.8497
  15.0858
  15.3311
  15.5815
  15.8404
  16.1064
  16.3853
  16.6604
  16.9237
  17.1889
  17.4526
  17.7076
  17.9613
  18.2156
  18.4565
  18.6976
  18.9216
  19.1353
  19.3207
  19.5161
  19.6888
  19.8549
  19.9961
  20.1361
  20.2579
  20.3745
  20.4979
  20.5947
  20.6768
  20.7362
  20.7924
  20.8279
  20.8540
  20.8709
  20.8751
  20.8691
  20.8619
  20.8448
  20.8190
  20.7980
  20.7664
  20.7274
  20.6760
  20.6113
  20.5472
  20.4711
  20.3988
  20.3404
  20.2655
  20.1746
  20.0764
  19.9922
  19.9294
  19.8534
  19.7807
  19.6976
  19.5907
  19.5015
  19.4156
  19.3293
  19.2372
  19.1282
  18.9991
  18.8683
  18.7476
  18.6268
  18.4998
  18.3495
  18.2098
  18.0667
  17.9289
  17.7882
  17.6513
  17.5088
  17.3633
  17.2193
  17.0801
  16.9450
  16.8158
  16.7047
  16.5781
  16.4706
  16.3752
  16.2767
  16.1747
  16.0740
  15.9724
  15.8496
  15.7303
  15.6242
  15.5178
  15.4169
  15.3021
  15.1939
  15.0949
  15.0065
  14.9281
  14.8409
  14.7581
  14.6751
  14.5880
  14.5105
  14.4316
  14.3562
  14.2887
  14.2205
  14.1501
  14.0699
  13.9809
  13.8913
  13.8042
  13.7164
  13.6136
  13.4838
  13.3477
  13.2196
  13.0905
  12.9451
  12.7778
  12.6026
  12.4186
  12.2462
  12.0782
  11.9159
  11.7447
  11.5739
  11.3872
  11.2087
  11.0445
  10.8738
  10.7055
  10.5397
  10.3682
  10.1824
   9.9932
   9.8087
   9.6136
   9.3810
   9.1278
   8.8475
   8.5552
   8.2673
   7.9637
   7.6407
   7.3347
   7.0198
   6.7020
   6.3901
   6.0825
   5.7847
   5.4826
   5.1727
   4.8527
   4.5382
   4.2048
   3.8626
   3.5082
   3.1429
   2.7746
   2.4127
   2.0476
   1.6732
   1.3006
   0.9323
   0.5689
   0.2047
  -0.1519
  -0.5041
  -0.8416
  -1.1821
  -1.4977
  -1.8014
  -2.0963
  -2.3838
  -2.6594
  -2.9257
  -3.1811
  -3.4182
  -3.6335
  -3.8444
  -4.0494
  -4.2484
  -4.4319
  -4.6015
  -4.7660
  -4.9100
  -5.0493
  -5.1724
  -5.3017
  -5.4296
  -5.5499
  -5.6592
  -5.7547
  -5.8249
  -5.8679
  -5.8905
  -5.9014
  -5.8899
  -5.8382
  -5.7618
  -5.6563
  -5.5459
  -5.4323
  -5.3054
  -5.1714
  -5.0395
  -4.9039
  -4.7487
  -4.5934
  -4.4350
  -4.2752
  -4.1017
  -3.9281
  -3.7573
  -3.5820
  -3.3897
  -3.1909
  -2.9821
  -2.7811
  -2.5848
  -2.3845
  -2.1740
  -1.9411
  -1.7265
  -1.5290
  -1.3301
  -1.1276
  -0.9261
  -0.7135
  -0.5114
  -0.3054
  -0.1065
   0.0983
   0.3026
   0.5027
   0.7115
   0.9152
   1.1129
   1.2983
   1.4661
   1.6246
   1.7743
   1.9195
   2.0460
   2.1611
   2.2626
   2.3488
   2.4312
   2.5043
   2.5673
   2.6316
   2.6997
   2.7651
   2.8185
   2.8556
   2.8738
   2.8738
   2.8529
   2.8177
   2.7773
   2.7339
   2.6878
   2.6422
   2.5948
   2.5453
   2.4945
   2.4360
   2.3731
   2.2976
   2.2122
   2.1251
   2.0323
   1.9235
   1.8213
   1.7172
   1.6157
   1.5061
   1.3817
   1.2313
   1.0768
   0.9283
   0.7777
   0.6199
   0.4320
   0.2455
   0.0668
  -0.1246
  -0.3363
  -0.5653
  -0.8168
  -1.0889
  -1.3625
  -1.6501
  -1.9611
  -2.2749
  -2.5845
  -2.9279
  -3.2744
  -3.6329
  -3.9924
  -4.3443
  -4.6871
  -5.0377
  -5.3889
  -5.7451
  -6.1019
  -6.4519
  -6.8080
  -7.1817
  -7.5517
  -7.9091
  -8.2729
  -8.6543
  -9.0469
  -9.4464
  -9.8440
 -10.2344
 -10.6171
 -10.9930
 -11.3707
 -11.7757
 -12.1826
 -12.5941
 -13.0168
 -13.4399
 -13.8624
 -14.2927
 -14.7023
 -15.0960
 -15.4923
 -15.8834
 -16.2717
 -16.6683
 -17.0604
 -17.4628
 -17.8471
 -18.2330
 -18.6062
 -18.9679
 -19.2999
 -19.6119
 -19.9163
 -20.2017
 -20.4783
 -20.7552
 -21.0186
 -21.2716
 -21.4935
 -21.6920
 -21.8778
 -22.0551
 -22.2209
 -22.3849
 -22.5333
 -22.6682
 -22.8033
 -22.9328
 -23.0396
 -23.1385
 -23.2336
 -23.3326
 -23.4261
 -23.5205
 -23.6127
 -23.7038
 -23.7797
 -23.8551
 -23.9289
 -23.9949
 -24.0488
 -24.0925
 -24.1295
 -24.1532
 -24.1703
 -24.1852
 -24.2068
 -24.2325
 -24.2632
 -24.2831
 -24.2998
 -24.3041
 -24.2887
 -24.2728
 -24.2576
 -24.2237
 -24.1981
 -24.1767
 -24.1520
 -24.1485
 -24.1514
 -24.1493
 -24.1363
 -24.1246
 -24.1062
 -24.0952
 -24.0782
 -24.0669
 -24.0432
 -24.0232
 -24.0020
 -23.9968
 -23.9928
 -23.9871
 -23.9926
 -24.0018
 -23.9927
 -23.9770
 -23.9558
 -23.9535
 -23.9494
 -23.9460
 -23.9337
 -23.9085
 -23.8731
 -23.8460
 -23.8147
 -23.7768
 -23.7452
 -23.7154
 -23.6992
 -23.6780
 -23.6552
 -23.6300
 -23.5952
 -23.5508
 -23.5017
 -23.4519
 -23.4028
 -23.3413
 -23.2819
 -23.2111
 -23.1411
 -23.0704
 -22.9976
 -22.9090
 -22.8040
 -22.6807
 -22.5440
 -22.4057
 -22.2693
 -22.1259
 -21.9799
 -21.8276
 -21.6630
 -21.5017
 -21.3398
 -21.1674
 -20.9978
 -20.8259
 -20.6429
 -20.4674
 -20.2864
 -20.1173
 -19.9419
 -19.7688
 -19.5798
 -19.3907
 -19.2092
 -19.0336
 -18.8646
 -18.6958
 -18.5269
 -18.3602
 -18.1964
 -18.0434
 -17.8911
 -17.7342
 -17.5769
 -17.4250
 -17.2811
 -17.1487
 -17.0342
 -16.9333
 -16.8538
 -16.7899
 -16.7230
 -16.6600
 -16.5957
 -16.5318
 -16.4615
 -16.3849
 -16.3085
 -16.2298
 -16.1575
 -16.0903
 -16.0281
 -15.9689
 -15.9212
 -15.8600
 -15.8045
 -15.7301
 -15.6547
 -15.5701
 -15.4890
 -15.4119
 -15.3437
 -15.2806
 -15.2242
 -15.1731
 -15.1276
 -15.0873
 -15.0473
 -15.0170
 -14.9832
 -14.9647
 -14.9375
 -14.9217
 -14.9046
 -14.8818
 -14.8520
 -14.8283
 -14.7954
 -14.7699
 -14.7506
 -14.7358
 -14.7191
 -14.7065
 -14.6914
 -14.6651
 -14.6436
 -14.6247
 -14.6107
 -14.5872
 -14.5587
 -14.5388
 -14.5147
 -14.4818
 -14.4560
 -14.4315
 -14.4029
 -14.3565
 -14.3075
 -14.2367
 -14.1491
 -14.0423
 -13.9289
 -13.8135
 -13.6859
 -13.5488
 -13.3951
 -13.2341
 -13.0598
 -12.8748
 -12.6810
 -12.4831
 -12.2736
 -12.0622
 -11.8454
 -11.6242
 -11.4017
 -11.1827
 -10.9721
 -10.7795
 -10.6059
 -10.4319
 -10.2628
 -10.0997
  -9.9383
  -9.7746
  -9.6268
  -9.4739
  -9.3266
  -9.1917
  -9.0518
  -8.9302
  -8.8021
  -8.6811
  -8.3947
  -8.1031
  -7.8049
  -7.5036
  -7.2077
  -6.9297
  -6.6435
  -6.3327
  -6.0286
  -5.7306
  -5.4460
  -5.1545
  -4.8662
  -4.5649
  -4.2692
  -3.9750
  -3.6880
  -3.3998
  -3.1099
  -2.8228
  -2.5457
  -2.2655
  -1.9930
  -1.7142
  -1.4457
  -1.1801
  -0.9146
  -0.6622
  -0.4114
  -0.1632
