   0.6080
   0.5443
   0.4760
   0.4110
   0.3509
   0.2928
   0.2324
   0.1752
   0.1190
   0.0628
   0.0110
  -0.0378
  -0.0893
  -0.1369
  -0.1854
  -0.2290
  -0.2749
  -0.3198
  -0.3644
  -0.4141
  -0.4618
  -0.5083
  -0.5585
  -0.6072
  -0.6608
  -0.7143
  -0.7708
  -0.8233
  -0.8764
  -0.9324
  -0.9845
  -0.9925
  -1.0025
  -1.0133
  -1.0223
  -1.0288
  -1.0380
  -1.0497
  -1.0595
  -1.0735
  -1.0866
  -1.1099
  -1.1348
  -1.1568
  -1.1808
  -1.1966
  -1.2147
  -1.2256
  -1.2378
  -1.2569
  -1.2653
  -1.2798
  -1.2953
  -1.3107
  -1.3281
  -1.3497
  -1.3641
  -1.3821
  -1.4011
  -1.4200
  -1.4397
  -1.4588
  -1.4823
  -1.4952
  -1.5120
  -1.5347
  -1.5573
  -1.5721
  -1.5891
  -1.6038
  -1.6100
  -1.6167
  -1.6171
  -1.6097
  -1.6026
  -1.5906
  -1.5770
  -1.5584
  -1.5382
  -1.5151
  -1.4946
  -1.4726
  -1.4528
  -1.4278
  -1.4109
  -1.3948
  -1.3754
  -1.3618
  -1.3477
  -1.3428
  -1.3320
  -1.3198
  -1.3116
  -1.2981
  -1.2919
  -1.2859
  -1.2810
  -1.2813
  -1.2848
  -1.2951
  -1.3003
  -1.3157
  -1.3248
  -1.3346
  -1.3480
  -1.3555
  -1.3725
  -1.3869
  -1.4094
  -1.4346
  -1.4536
  -1.4814
  -1.5056
  -1.5298
  -1.5483
  -1.5611
  -1.5744
  -1.5914
  -1.5988
  -1.6216
  -1.6507
  -1.6837
  -1.7121
  -1.7324
  -1.7522
  -1.7678
  -1.7795
  -1.7922
  -1.8131
  -1.8307
  -1.8555
  -1.8823
  -1.9088
  -1.9344
  -1.9634
  -1.9892
  -2.0150
  -2.0470
  -2.0798
  -2.1070
  -2.1419
  -2.1651
  -2.1932
  -2.2269
  -2.2695
  -2.3028
  -2.3385
  -2.3830
  -2.4190
  -2.4608
  -2.4972
  -2.5414
  -2.5850
  -2.6252
  -2.6685
  -2.7068
  -2.7435
  -2.7812
  -2.8126
  -2.8422
  -2.8648
  -2.8926
  -2.9136
  -2.9375
  -2.9598
  -2.9804
  -3.0060
  -3.0260
  -3.0470
  -3.0633
  -3.0771
  -3.0866
  -3.0998
  -3.1104
  -3.1182
  -3.1320
  -3.1557
  -3.1758
  -3.1952
  -3.2231
  -3.2415
  -3.2547
  -3.2609
  -3.2737
  -3.2875
  -3.3004
  -3.3112
  -3.3112
  -3.3056
  -3.2895
  -3.2674
  -3.2388
  -3.2083
  -3.1816
  -3.1596
  -3.1415
  -3.1283
  -3.1214
  -3.1144
  -3.1167
  -3.1310
  -3.1431
  -3.1617
  -3.1793
  -3.1954
  -3.2045
  -3.2198
  -3.2299
  -3.2321
  -3.2357
  -3.2322
  -3.2278
  -3.2211
  -3.2144
  -3.2120
  -3.2144
  -3.2145
  -3.2153
  -3.2177
  -3.2208
  -3.2212
  -3.2219
  -3.2187
  -3.2218
  -3.2203
  -3.2220
  -3.2230
  -3.2254
  -3.2287
  -3.2295
  -3.2385
  -3.2476
  -3.2615
  -3.2714
  -3.2879
  -3.3087
  -3.3312
  -3.3524
  -3.3811
  -3.4105
  -3.4405
  -3.4650
  -3.4901
  -3.5183
  -3.5494
  -3.5804
  -3.6152
  -3.6519
  -3.6936
  -3.7408
  -3.7956
  -3.8578
  -3.9205
  -3.9893
  -4.0529
  -4.1188
  -4.1795
  -4.2382
  -4.2903
  -4.3392
  -4.3831
  -4.4175
  -4.4451
  -4.4701
  -4.4911
  -4.5035
  -4.5142
  -4.5161
  -4.5225
  -4.5244
  -4.5242
  -4.5291
  -4.5329
  -4.5347
  -4.5388
  -4.5377
  -4.5372
  -4.5400
  -4.5432
  -4.5446
  -4.5427
  -4.5457
  -4.5530
  -4.5556
  -4.5592
  -4.5658
  -4.5697
  -4.5729
  -4.5782
  -4.5821
  -4.5860
  -4.5856
  -4.5876
  -4.5862
  -4.5811
  -4.5720
  -4.5577
  -4.5354
  -4.5086
  -4.4758
  -4.4400
  -4.4007
  -4.3615
  -4.3244
  -4.2856
  -4.2431
  -4.2079
  -4.1763
  -4.1479
  -4.1252
  -4.1009
  -4.0802
  -4.0606
  -4.0415
  -4.0215
  -4.0100
  -4.0004
  -3.9939
  -3.9886
  -3.9899
  -3.9908
  -3.9965
  -4.0056
  -4.0188
  -4.0345
  -4.0543
  -4.0774
  -4.1021
  -4.1305
  -4.1565
  -4.1852
  -4.2143
  -4.2390
  -4.2619
  -4.2854
  -4.3047
  -4.3274
  -4.3416
  -4.3568
  -4.3740
  -4.3892
  -4.4050
  -4.4239
  -4.4402
  -4.4670
  -4.4867
  -4.5062
  -4.5277
  -4.5505
  -4.5714
  -4.5910
  -4.6135
  -4.6361
  -4.6581
  -4.6868
  -4.7194
  -4.7516
  -4.7887
  -4.8301
  -4.8756
  -4.9237
  -4.9789
  -5.0345
  -5.0897
  -5.1419
  -5.1928
  -5.2473
  -5.2960
  -5.3396
  -5.3812
  -5.4173
  -5.4535
  -5.4869
  -5.5173
  -5.5463
  -5.5740
  -5.5968
  -5.6150
  -5.6351
  -5.6525
  -5.6641
  -5.6760
  -5.6830
  -5.6900
  -5.6944
  -5.6986
  -5.6978
  -5.6995
  -5.7009
  -5.7042
  -5.7086
  -5.7147
  -5.7237
  -5.7380
  -5.7563
  -5.7752
  -5.8001
  -5.8221
  -5.8508
  -5.8754
  -5.8997
  -5.9226
  -5.9462
  -5.9679
  -5.9901
  -6.0058
  -6.0237
  -6.0413
  -6.0590
  -6.0758
  -6.0910
  -6.1073
  -6.1182
  -6.1229
  -6.1249
  -6.1184
  -6.1108
  -6.0998
  -6.0822
  -6.0678
  -6.0487
  -6.0254
  -5.9958
  -5.9690
  -5.9386
  -5.9064
  -5.8722
  -5.8350
  -5.7994
  -5.7652
  -5.7332
  -5.7015
  -5.6668
  -5.6324
  -5.5998
  -5.5681
  -5.5374
  -5.5024
  -5.4673
  -5.4301
  -5.3945
  -5.3619
  -5.3282
  -5.2958
  -5.2628
  -5.2289
  -5.1924
  -5.1585
  -5.1201
  -5.0811
  -5.0404
  -5.0014
  -4.9611
  -4.9226
  -4.8849
  -4.8508
  -4.8169
  -4.7822
  -4.7525
  -4.7218
  -4.6916
  -4.6609
  -4.6314
  -4.6037
  -4.5734
  -4.5410
  -4.5115
  -4.4809
  -4.4483
  -4.4128
  -4.3773
  -4.3425
  -4.3042
  -4.2684
  -4.2345
  -4.1990
  -4.1637
  -4.1260
  -4.0894
  -4.0525
  -4.0114
  -3.9704
  -3.9331
  -3.8938
  -3.8542
  -3.8157
  -3.7795
  -3.7465
  -3.7135
  -3.6799
  -3.6462
  -3.6066
  -3.5726
  -3.5415
  -3.5064
  -3.4720
  -3.4393
  -3.4031
  -3.3733
  -3.3449
  -3.3185
  -3.2910
  -3.2613
  -3.2338
  -3.2069
  -3.1824
  -3.1585
  -3.1360
  -3.1149
  -3.0967
  -3.0802
  -3.0666
  -3.0540
  -3.0455
  -3.0366
  -3.0240
  -3.0059
  -2.9875
  -2.9662
  -2.9413
  -2.9160
  -2.8933
  -2.8697
  -2.8494
  -2.8259
  -2.8040
  -2.7831
  -2.7615
  -2.7405
  -2.7212
  -2.7036
  -2.6876
  -2.6740
  -2.6614
  -2.6494
  -2.6354
  -2.6227
  -2.6133
  -2.6051
  -2.5980
  -2.5938
  -2.5915
  -2.5937
  -2.5926
  -2.5931
  -2.5946
  -2.5941
  -2.5951
  -2.5950
  -2.5926
  -2.5926
  -2.5955
  -2.6062
  -2.6166
  -2.6256
  -2.6392
  -2.6548
  -2.6676
  -2.6856
  -2.7026
  -2.7226
  -2.7461
  -2.7735
  -2.8063
  -2.8395
  -2.8759
  -2.9160
  -2.9610
  -3.0119
  -3.0662
  -3.1234
  -3.1782
  -3.2324
  -3.2800
  -3.3265
  -3.3643
  -3.4062
  -3.4467
  -3.4858
  -3.5213
  -3.5512
  -3.5794
  -3.6030
  -3.6209
  -3.6366
  -3.6509
  -3.6651
  -3.6802
  -3.6973
  -3.7106
  -3.7224
  -3.7288
  -3.7331
  -3.7335
  -3.7282
  -3.7246
  -3.7226
  -3.7179
  -3.7109
  -3.7043
  -3.7006
  -3.7016
  -3.7017
  -3.7011
  -3.6987
  -3.6989
  -3.6905
  -3.6848
  -3.6809
  -3.6755
  -3.6691
  -3.6551
  -3.6350
  -3.6056
  -3.5725
  -3.5371
  -3.4938
  -3.4458
  -3.4010
  -3.3511
  -3.2943
  -3.2351
  -3.1728
  -3.1058
  -3.0335
  -2.9570
  -2.8793
  -2.7928
  -2.7023
  -2.6064
  -2.5066
  -2.3997
  -2.2970
  -2.1918
  -2.0914
  -1.9889
  -1.8944
  -1.7970
  -1.7026
  -1.6076
  -1.5255
  -1.4513
  -1.3714
  -1.2987
  -1.2241
  -1.1538
  -1.0842
  -1.0107
  -0.9371
  -0.8618
  -0.7942
  -0.7269
  -0.6649
  -0.6065
  -0.5534
  -0.5071
  -0.4614
  -0.4322
  -0.3985
  -0.3667
  -0.3359
  -0.3077
  -0.2742
  -0.2510
  -0.2265
  -0.2083
  -0.1882
  -0.1775
  -0.1684
  -0.1622
  -0.1560
  -0.1673
  -0.1817
  -0.2004
  -0.2291
  -0.2592
  -0.2939
  -0.3292
  -0.3684
  -0.4047
  -0.4524
  -0.5015
  -0.5559
  -0.6042
  -0.6573
  -0.7105
  -0.7734
  -0.8310
  -0.8940
  -0.9564
  -1.0169
  -1.0784
  -1.1408
  -1.2071
  -1.2743
  -1.3422
  -1.4102
  -1.4764
  -1.5430
  -1.6061
  -1.6707
  -1.7279
  -1.7836
  -1.8471
  -1.9049
  -1.9760
  -2.0377
  -2.1030
  -2.1720
  -2.2341
  -2.3019
  -2.3591
  -2.4245
  -2.4863
  -2.5490
  -2.6066
  -2.6568
  -2.7052
  -2.7384
  -2.7810
  -2.8229
  -2.8633
  -2.8991
  -2.9347
  -2.9633
  -2.9835
  -3.0002
  -3.0228
  -3.0387
  -3.0637
  -3.0760
  -3.0918
  -3.0984
  -3.1073
  -3.1170
  -3.1242
  -3.1319
  -3.1408
  -3.1595
  -3.1756
  -3.1952
  -3.2083
  -3.2319
  -3.2460
  -3.2694
  -3.2942
  -3.3223
  -3.3485
  -3.3794
  -3.4124
  -3.4438
  -3.4837
  -3.5167
  -3.5545
  -3.5810
  -3.6116
  -3.6405
  -3.6667
  -3.6954
  -3.7256
  -3.7613
  -3.7974
  -3.8345
  -3.8695
  -3.9084
  -3.9426
  -3.9751
  -4.0134
  -4.0482
  -4.0844
  -4.1300
  -4.1645
  -4.2047
  -4.2378
  -4.2731
  -4.3164
  -4.3605
  -4.4072
  -4.4528
  -4.5037
  -4.5529
  -4.6068
  -4.6566
  -4.7072
  -4.7624
  -4.8122
  -4.8682
  -4.9215
  -4.9711
  -5.0207
  -5.0594
  -5.1031
  -5.1421
  -5.1796
  -5.2162
  -5.2518
  -5.2826
  -5.3084
  -5.3357
  -5.3553
  -5.3737
  -5.3914
  -5.4054
  -5.4141
  -5.4223
  -5.4256
  -5.4276
  -5.4247
  -5.4148
  -5.4037
  -5.3803
  -5.3635
  -5.3385
  -5.3194
  -5.2949
  -5.2730
  -5.2485
  -5.2220
  -5.1967
  -5.1651
  -5.1303
  -5.0934
  -5.0554
  -5.0147
  -4.9772
  -4.9306
  -4.8870
  -4.8319
  -4.7814
  -4.7280
  -4.6725
  -4.6146
  -4.5597
  -4.5045
  -4.4513
  -4.3968
  -4.3291
  -4.2587
  -4.1919
  -4.1245
  -4.0517
  -3.9780
  -3.8994
  -3.8250
  -3.7458
  -3.6629
  -3.5781
  -3.4929
  -3.4051
  -3.3145
  -3.2201
  -3.1225
  -3.0226
  -2.9377
  -2.8476
  -2.7561
  -2.6661
  -2.5748
  -2.4867
  -2.3925
  -2.3001
  -2.2075
  -2.1099
  -2.0119
  -1.9114
  -1.8071
  -1.7030
  -1.5992
  -1.4929
  -1.3850
  -1.2782
  -1.1806
  -1.0787
  -0.9787
  -0.8823
  -0.7831
  -0.6891
  -0.5913
  -0.4938
  -0.3957
  -0.3034
  -0.2077
  -0.1134
  -0.0202
   0.0741
   0.1772
   0.2783
   0.3817
   0.4835
   0.5884
   0.6967
   0.8091
   0.9198
   1.0324
   1.1412
   1.2533
   1.3640
   1.4747
   1.5834
   1.6917
   1.7983
   1.9106
   2.0193
   2.1265
   2.2380
   2.3502
   2.4647
   2.5759
   2.6864
   2.7931
   2.8989
   2.9960
   3.0901
   3.1803
   3.2853
   3.3933
   3.4991
   3.6076
   3.7093
   3.8116
   3.9143
   4.0138
   4.1169
   4.2142
   4.3126
   4.4105
   4.4975
   4.5852
   4.6727
   4.7578
   4.8401
   4.9235
   5.0095
   5.0967
   5.1847
   5.2764
   5.3644
   5.4542
   5.5419
   5.6296
   5.7159
   5.8059
   5.8916
   5.9792
   6.0698
   6.1601
   6.2444
   6.3276
   6.4059
   6.4795
   6.5569
   6.6270
   6.6948
   6.7643
   6.8322
   6.9025
   6.9739
   7.0439
   7.1128
   7.1823
   7.2523
   7.3232
   7.3885
   7.4580
   7.5307
   7.6001
   7.6670
   7.7321
   7.7968
   7.8643
   7.9309
   7.9975
   8.0685
   8.1402
   8.2137
   8.2841
   8.3520
   8.4204
   8.4883
   8.5606
   8.6311
   8.7005
   8.7728
   8.8394
   8.9099
   8.9775
   9.0453
   9.1174
   9.1886
   9.2624
   9.3345
   9.4070
   9.4806
   9.5538
   9.6264
   9.6989
   9.7718
   9.8442
   9.9181
   9.9927
  10.0667
  10.1412
  10.2143
  10.2886
  10.3636
  10.4375
  10.5114
  10.5856
  10.6595
  10.7344
  10.8092
  10.8943
  10.9773
  11.0661
  11.1541
  11.2462
  11.3364
  11.4215
  11.5076
  11.5919
  11.6734
  11.7475
  11.8269
  11.9061
  11.9808
  12.0554
  12.1229
  12.1854
  12.2521
  12.3185
  12.3822
  12.4410
  12.5055
  12.5684
  12.6281
  12.6863
  12.7401
  12.7982
  12.8497
  12.9014
  12.9523
  12.9982
  13.0419
  13.0836
  13.1212
  13.1537
  13.1879
  13.2212
  13.2527
  13.2854
  13.3176
  13.3448
  13.3740
  13.3961
  13.4186
  13.4416
  13.4574
  13.4786
  13.4878
  13.5034
  13.5175
  13.5325
  13.5427
  13.5524
  13.5590
  13.5642
  13.5702
  13.5728
  13.5749
  13.5723
  13.5695
  13.5669
  13.5533
  13.5458
  13.5283
  13.5163
  13.4862
  13.4679
  13.4493
  13.4351
  13.4214
  13.4080
  13.4000
  13.3871
  13.3689
  13.3559
  13.3370
  13.3278
  13.3222
  13.3104
  13.2999
  13.2880
  13.2832
  13.2702
  13.2536
  13.2403
  13.2254
  13.2141
  13.1961
  13.1859
  13.1688
  13.1504
  13.1388
  13.1300
  13.1208
  13.1153
  13.1123
  13.1106
  13.1051
  13.1008
  13.0947
  13.0818
  13.0776
  13.0601
  13.0525
  13.0407
  13.0256
  13.0158
  12.9981
  12.9913
  12.9752
  12.9596
  12.9423
  12.9208
  12.9004
  12.8803
  12.8580
  12.8369
  12.8215
  12.8012
  12.7865
  12.7712
  12.7527
  12.7316
  12.7055
  12.6796
  12.6460
  12.6243
  12.5986
  12.5710
  12.5418
  12.5088
  12.4750
  12.4432
  12.4133
  12.3865
  12.3485
  12.3147
  12.2774
  12.2391
  12.1968
  12.1539
  12.1056
  12.0557
  12.0042
  11.9549
  11.8989
  11.8447
  11.7912
  11.7383
  11.6832
  11.6315
  11.5755
  11.5191
  11.4567
  11.3990
  11.3347
  11.2716
  11.2038
  11.1394
  11.0694
  11.0034
  10.9399
  10.8685
  10.8063
  10.7351
  10.6661
  10.5999
  10.5334
  10.4692
  10.4050
  10.3382
  10.2732
  10.2071
  10.1500
  10.0871
  10.0244
   9.9624
   9.8960
   9.8279
   9.7600
   9.6943
   9.6222
   9.5494
   9.4788
   9.4101
   9.3375
   9.2730
   9.2056
   9.1366
   9.0694
   8.9953
   8.9246
   8.8553
   8.7829
   8.7060
   8.6271
   8.5583
   8.4880
   8.4160
   8.3419
   8.2693
   8.1994
   8.1365
   8.0677
   8.0057
   7.9400
   7.8826
   7.8263
   7.7681
   7.7098
   7.6508
   7.5930
   7.5385
   7.4793
   7.4305
   7.3757
   7.3261
   7.2756
   7.2267
   7.1683
   7.1138
   7.0610
   7.0048
   6.9494
   6.8958
   6.8531
   6.8053
   6.7589
   6.7111
   6.6650
   6.6169
   6.5772
   6.5296
   6.4797
   6.4349
   6.3919
   6.3467
   6.3056
   6.2682
   6.2264
   6.1844
   6.1351
   6.0946
   6.0563
   6.0147
   5.9690
   5.9284
   5.8853
   5.8468
   5.7983
   5.7536
   5.7160
   5.6792
   5.6402
   5.6037
   5.5729
   5.5439
   5.5135
   5.4818
   5.4521
   5.4278
   5.4096
   5.3831
   5.3568
   5.3369
   5.3135
   5.2947
   5.2739
   5.2511
   5.2276
   5.2019
   5.1801
   5.1550
   5.1315
   5.1111
   5.0842
   5.0584
   5.0347
   5.0118
   4.9843
   4.9659
   4.9465
   4.9243
   4.9066
   4.8930
   4.8763
   4.8529
   4.8344
   4.8158
   4.8031
   4.7809
   4.7624
   4.7387
   4.7219
   4.7051
   4.6824
   4.6578
   4.6379
   4.6101
   4.5788
   4.5466
   4.5197
   4.5001
   4.4743
   4.4506
   4.4315
   4.4140
   4.3976
   4.3788
   4.3585
   4.3462
   4.3327
   4.3101
   4.2958
   4.2769
   4.2625
   4.2466
   4.2296
   4.2164
   4.2036
   4.1935
   4.1760
   4.1606
   4.1503
   4.1378
   4.1217
   4.1063
   4.0914
   4.0741
   4.0569
   4.0383
   4.0254
   4.0052
   3.9896
   3.9697
   3.9504
   3.9328
   3.9146
   3.8944
   3.8714
   3.8531
   3.8360
   3.8167
   3.7921
   3.7732
   3.7492
   3.7317
   3.7113
   3.6935
   3.6689
   3.6436
   3.6195
   3.5992
   3.5767
   3.5559
   3.5316
   3.5114
   3.4933
   3.4745
   3.4602
   3.4461
   3.4379
   3.4258
   3.4109
   3.3991
   3.3886
   3.3754
   3.3594
   3.3463
   3.3332
   3.3175
   3.2980
   3.2730
   3.2523
   3.2222
   3.1973
   3.1670
   3.1307
   3.0935
   3.0486
   3.0068
   2.9606
   2.9178
   2.8672
   2.8202
   2.7729
   2.7253
   2.6801
   2.6337
   2.5885
   2.5454
   2.5051
   2.4681
   2.4319
   2.3982
   2.3672
   2.3388
   2.3104
   2.2787
   2.2162
   2.1583
   2.1019
   2.0424
   1.9848
   1.9292
   1.8737
   1.8206
   1.7636
   1.7136
   1.6654
   1.6227
   1.5754
   1.5351
   1.4810
   1.4292
   1.3733
   1.3248
   1.2703
   1.2143
   1.1591
   1.1035
   1.0475
   0.9893
   0.9368
   0.8778
   0.8194
   0.7581
   0.6988
   0.6431
