   4.5140
   4.4718
   4.4318
   4.3937
   4.3546
   4.3150
   4.2768
   4.2418
   4.2040
   4.1688
   4.1383
   4.1094
   4.0847
   4.0625
   4.0447
   4.0297
   4.0160
   4.0052
   3.9936
   3.9808
   3.9662
   3.9504
   3.9312
   3.9146
   3.9028
   3.8933
   3.8867
   3.8825
   3.8802
   3.8786
   3.8786
   3.9050
   3.9341
   3.9650
   3.9991
   4.0353
   4.0760
   4.1182
   4.1622
   4.2095
   4.2548
   4.2996
   4.3427
   4.3828
   4.4168
   4.4470
   4.4769
   4.5049
   4.5328
   4.5605
   4.5901
   4.6222
   4.6550
   4.6892
   4.7266
   4.7661
   4.8049
   4.8428
   4.8803
   4.9161
   4.9519
   4.9901
   5.0298
   5.0692
   5.1073
   5.1477
   5.1877
   5.2276
   5.2673
   5.3097
   5.3510
   5.3925
   5.4341
   5.4754
   5.5150
   5.5531
   5.5923
   5.6334
   5.6711
   5.7115
   5.7540
   5.7968
   5.8371
   5.8795
   5.9181
   5.9524
   5.9840
   6.0125
   6.0352
   6.0548
   6.0711
   6.0843
   6.0970
   6.1035
   6.1076
   6.1083
   6.1093
   6.1071
   6.1038
   6.0985
   6.0925
   6.0852
   6.0755
   6.0652
   6.0547
   6.0457
   6.0387
   6.0325
   6.0297
   6.0268
   6.0235
   6.0203
   6.0162
   6.0123
   6.0084
   6.0030
   5.9978
   5.9938
   5.9900
   5.9866
   5.9821
   5.9745
   5.9681
   5.9601
   5.9520
   5.9462
   5.9386
   5.9334
   5.9276
   5.9228
   5.9203
   5.9214
   5.9226
   5.9260
   5.9297
   5.9340
   5.9386
   5.9411
   5.9403
   5.9376
   5.9314
   5.9225
   5.9133
   5.9043
   5.8955
   5.8883
   5.8839
   5.8795
   5.8768
   5.8778
   5.8787
   5.8819
   5.8860
   5.8913
   5.9006
   5.9118
   5.9252
   5.9387
   5.9539
   5.9674
   5.9808
   5.9935
   6.0079
   6.0249
   6.0456
   6.0678
   6.0938
   6.1186
   6.1434
   6.1643
   6.1843
   6.2011
   6.2151
   6.2245
   6.2307
   6.2343
   6.2346
   6.2304
   6.2267
   6.2213
   6.2162
   6.2128
   6.2104
   6.2047
   6.1994
   6.1936
   6.1844
   6.1763
   6.1658
   6.1525
   6.1363
   6.1185
   6.0971
   6.0741
   6.0500
   6.0261
   6.0029
   5.9801
   5.9594
   5.9419
   5.9279
   5.9182
   5.9111
   5.9067
   5.9040
   5.9006
   5.8956
   5.8891
   5.8844
   5.8768
   5.8685
   5.8593
   5.8501
   5.8393
   5.8274
   5.8153
   5.8023
   5.7903
   5.7759
   5.7613
   5.7478
   5.7333
   5.7178
   5.7025
   5.6856
   5.6661
   5.6467
   5.6260
   5.6041
   5.5822
   5.5624
   5.5410
   5.5205
   5.5000
   5.4820
   5.4650
   5.4496
   5.4375
   5.4300
   5.4208
   5.4157
   5.4120
   5.4089
   5.4070
   5.4077
   5.4091
   5.4121
   5.4174
   5.4227
   5.4280
   5.4365
   5.4474
   5.4576
   5.4694
   5.4823
   5.4957
   5.5095
   5.5230
   5.5335
   5.5430
   5.5503
   5.5542
   5.5571
   5.5560
   5.5519
   5.5473
   5.5416
   5.5364
   5.5306
   5.5247
   5.5188
   5.5139
   5.5111
   5.5071
   5.5060
   5.5042
   5.5042
   5.5038
   5.5045
   5.5072
   5.5111
   5.5158
   5.5243
   5.5342
   5.5457
   5.5599
   5.5754
   5.5927
   5.6087
   5.6243
   5.6390
   5.6531
   5.6666
   5.6807
   5.6954
   5.7092
   5.7241
   5.7385
   5.7508
   5.7629
   5.7772
   5.7906
   5.8066
   5.8256
   5.8451
   5.8641
   5.8815
   5.8951
   5.9054
   5.9158
   5.9268
   5.9378
   5.9486
   5.9603
   5.9709
   5.9799
   5.9884
   5.9927
   5.9952
   5.9979
   5.9986
   5.9984
   5.9994
   5.9998
   6.0035
   6.0084
   6.0143
   6.0212
   6.0294
   6.0375
   6.0450
   6.0525
   6.0588
   6.0641
   6.0697
   6.0736
   6.0786
   6.0813
   6.0847
   6.0859
   6.0887
   6.0905
   6.0917
   6.0897
   6.0877
   6.0840
   6.0774
   6.0712
   6.0643
   6.0579
   6.0526
   6.0487
   6.0459
   6.0456
   6.0474
   6.0526
   6.0610
   6.0682
   6.0744
   6.0818
   6.0865
   6.0914
   6.0969
   6.1008
   6.1057
   6.1109
   6.1175
   6.1293
   6.1453
   6.1639
   6.1812
   6.1991
   6.2171
   6.2346
   6.2495
   6.2607
   6.2694
   6.2723
   6.2725
   6.2716
   6.2706
   6.2718
   6.2756
   6.2792
   6.2842
   6.2898
   6.2973
   6.3068
   6.3177
   6.3296
   6.3414
   6.3528
   6.3655
   6.3795
   6.3957
   6.4122
   6.4304
   6.4493
   6.4675
   6.4846
   6.5011
   6.5158
   6.5301
   6.5432
   6.5569
   6.5733
   6.5892
   6.6074
   6.6268
   6.6473
   6.6689
   6.6942
   6.7200
   6.7463
   6.7726
   6.8007
   6.8269
   6.8529
   6.8789
   6.9075
   6.9370
   6.9671
   6.9956
   7.0225
   7.0459
   7.0618
   7.0736
   7.0819
   7.0848
   7.0840
   7.0819
   7.0765
   7.0683
   7.0574
   7.0456
   7.0342
   7.0264
   7.0220
   7.0215
   7.0251
   7.0295
   7.0355
   7.0420
   7.0475
   7.0548
   7.0615
   7.0644
   7.0649
   7.0652
   7.0636
   7.0616
   7.0613
   7.0638
   7.0661
   7.0678
   7.0673
   7.0652
   7.0609
   7.0550
   7.0509
   7.0500
   7.0513
   7.0543
   7.0594
   7.0661
   7.0718
   7.0754
   7.0779
   7.0782
   7.0768
   7.0734
   7.0705
   7.0651
   7.0602
   7.0576
   7.0569
   7.0550
   7.0565
   7.0598
   7.0660
   7.0734
   7.0814
   7.0871
   7.0894
   7.0887
   7.0901
   7.0924
   7.0966
   7.1006
   7.1055
   7.1115
   7.1165
   7.1237
   7.1315
   7.1405
   7.1495
   7.1573
   7.1631
   7.1683
   7.1752
   7.1838
   7.1953
   7.2083
   7.2227
   7.2382
   7.2537
   7.2697
   7.2895
   7.3093
   7.3277
   7.3470
   7.3663
   7.3849
   7.4037
   7.4240
   7.4459
   7.4686
   7.4918
   7.5151
   7.5407
   7.5648
   7.5863
   7.6069
   7.6254
   7.6423
   7.6594
   7.6770
   7.6934
   7.7126
   7.7323
   7.7521
   7.7721
   7.7899
   7.8069
   7.8217
   7.8321
   7.8386
   7.8424
   7.8417
   7.8382
   7.8313
   7.8226
   7.8138
   7.8099
   7.8103
   7.8120
   7.8154
   7.8216
   7.8274
   7.8354
   7.8452
   7.8550
   7.8663
   7.8797
   7.8947
   7.9094
   7.9261
   7.9476
   7.9723
   7.9989
   8.0271
   8.0574
   8.0895
   8.1211
   8.1521
   8.1833
   8.2140
   8.2431
   8.2711
   8.2995
   8.3291
   8.3602
   8.3922
   8.4236
   8.4545
   8.4843
   8.5119
   8.5395
   8.5686
   8.5986
   8.6283
   8.6606
   8.6949
   8.7310
   8.7687
   8.8072
   8.8482
   8.8918
   8.9369
   8.9840
   9.0331
   9.0829
   9.1334
   9.1837
   9.2342
   9.2846
   9.3345
   9.3844
   9.4329
   9.4804
   9.5254
   9.5721
   9.6188
   9.6649
   9.7089
   9.7535
   9.7992
   9.8433
   9.8854
   9.9276
   9.9677
  10.0046
  10.0411
  10.0778
  10.1123
  10.1469
  10.1822
  10.2160
  10.2460
  10.2739
  10.3007
  10.3261
  10.3485
  10.3688
  10.3896
  10.4072
  10.4227
  10.4351
  10.4472
  10.4585
  10.4711
  10.4829
  10.4959
  10.5080
  10.5224
  10.5359
  10.5498
  10.5628
  10.5771
  10.5909
  10.6041
  10.6153
  10.6236
  10.6298
  10.6327
  10.6316
  10.6301
  10.6265
  10.6224
  10.6185
  10.6142
  10.6075
  10.6022
  10.5965
  10.5915
  10.5856
  10.5804
  10.5752
  10.5696
  10.5651
  10.5619
  10.5606
  10.5565
  10.5514
  10.5464
  10.5414
  10.5353
  10.5303
  10.5269
  10.5251
  10.5253
  10.5270
  10.5302
  10.5329
  10.5360
  10.5381
  10.5393
  10.5399
  10.5405
  10.5410
  10.5422
  10.5433
  10.5445
  10.5452
  10.5448
  10.5410
  10.5393
  10.5380
  10.5403
  10.5412
  10.5418
  10.5411
  10.5403
  10.5395
  10.5398
  10.5397
  10.5396
  10.5401
  10.5424
  10.5445
  10.5466
  10.5515
  10.5608
  10.5727
  10.5893
  10.6115
  10.6388
  10.6672
  10.6956
  10.7240
  10.7533
  10.7825
  10.8138
  10.8454
  10.8774
  10.9105
  10.9467
  10.9845
  11.0250
  11.0683
  11.1111
  11.1518
  11.1931
  11.2344
  11.2753
  11.3167
  11.3576
  11.3989
  11.4405
  11.4799
  11.5186
  11.5563
  11.5942
  11.6326
  11.6717
  11.7107
  11.7542
  11.7997
  11.8468
  11.8967
  11.9483
  11.9992
  12.0508
  12.1034
  12.1571
  12.2125
  12.2716
  12.3297
  12.3904
  12.4507
  12.5138
  12.5780
  12.6429
  12.7063
  12.7670
  12.8261
  12.8830
  12.9393
  12.9967
  13.0502
  13.1021
  13.1542
  13.2057
  13.2546
  13.3010
  13.3437
  13.3834
  13.4172
  13.4469
  13.4778
  13.5084
  13.5385
  13.5738
  13.6119
  13.6516
  13.6930
  13.7362
  13.7772
  13.8131
  13.8452
  13.8759
  13.9050
  13.9363
  13.9667
  14.0004
  14.0372
  14.0759
  14.1158
  14.1591
  14.2036
  14.2484
  14.2938
  14.3400
  14.3868
  14.4359
  14.4889
  14.5452
  14.6004
  14.6572
  14.7160
  14.7777
  14.8446
  14.9149
  14.9879
  15.0615
  15.1363
  15.2110
  15.2873
  15.3687
  15.4547
  15.5445
  15.6367
  15.7308
  15.8232
  15.9131
  16.0035
  16.0941
  16.1846
  16.2768
  16.3677
  16.4618
  16.5573
  16.6507
  16.7398
  16.8253
  16.9118
  16.9983
  17.0850
  17.1771
  17.2729
  17.3667
  17.4582
  17.5524
  17.6430
  17.7308
  17.8166
  17.9022
  17.9878
  18.0745
  18.1649
  18.2579
  18.3526
  18.4517
  18.5539
  18.6612
  18.7697
  18.8776
  18.9847
  19.0903
  19.1913
  19.2881
  19.3827
  19.4739
  19.5597
  19.6398
  19.7124
  19.7787
  19.8370
  19.8911
  19.9399
  19.9862
  20.0241
  20.0558
  20.0834
  20.1087
  20.1308
  20.1530
  20.1752
  20.1954
  20.2134
  20.2225
  20.2275
  20.2286
  20.2267
  20.2244
  20.2254
  20.2226
  20.2197
  20.2179
  20.2160
  20.2154
  20.2201
  20.2260
  20.2361
  20.2496
  20.2651
  20.2830
  20.3004
  20.3190
  20.3377
  20.3614
  20.3869
  20.4162
  20.4434
  20.4696
  20.4948
  20.5184
  20.5405
  20.5612
  20.5781
  20.5963
  20.6128
  20.6272
  20.6415
  20.6566
  20.6652
  20.6706
  20.6764
  20.6853
  20.6953
  20.7106
  20.7331
  20.7594
  20.7866
  20.8207
  20.8620
  20.9067
  20.9593
  21.0180
  21.0825
  21.1518
  21.2252
  21.3061
  21.3907
  21.4812
  21.5759
  21.6770
  21.7824
  21.8920
  22.0033
  22.1177
  22.2392
  22.3602
  22.4798
  22.6004
  22.7184
  22.8354
  22.9569
  23.0819
  23.2114
  23.3419
  23.4719
  23.5983
  23.7241
  23.8479
  23.9706
  24.0943
  24.2161
  24.3378
  24.4572
  24.5748
  24.6873
  24.8018
  24.9166
  25.0367
  25.1591
  25.2857
  25.4165
  25.5492
  25.6839
  25.8254
  25.9671
  26.1098
  26.2550
  26.3990
  26.5324
  26.6586
  26.7732
  26.8763
  26.9661
  27.0521
  27.1348
  27.2144
  27.2957
  27.3808
  27.4659
  27.5509
  27.6407
  27.7289
  27.8187
  27.9114
  28.0046
  28.0995
  28.1949
  28.2914
  28.3904
  28.4901
  28.5881
  28.6834
  28.7781
  28.8713
  28.9604
  29.0467
  29.1352
  29.2255
  29.3162
  29.4105
  29.5057
  29.5963
  29.6840
  29.7670
  29.8497
  29.9321
  30.0174
  30.1019
  30.1865
  30.2715
  30.3577
  30.4413
  30.5261
  30.6120
  30.6976
  30.7829
  30.8640
  30.9439
  31.0194
  31.0910
  31.1608
  31.2288
  31.2967
  31.3648
  31.4328
  31.5021
  31.5749
  31.6491
  31.7256
  31.8113
  31.9080
  32.0167
  32.1382
  32.2676
  32.4023
  32.5389
  32.6768
  32.8114
  32.9455
  33.0787
  33.2121
  33.3448
  33.4784
  33.6123
  33.7437
  33.8748
  34.0001
  34.1207
  34.2378
  34.3481
  34.4525
  34.5534
  34.6494
  34.7396
  34.8296
  34.9179
  35.0071
  35.0967
  35.1868
  35.2779
  35.3705
  35.4642
  35.5600
  35.6578
  35.7559
  35.8493
  35.9370
  36.0162
  36.0935
  36.1678
  36.2398
  36.3098
  36.3813
  36.4493
  36.5134
  36.5779
  36.6417
  36.7033
  36.7626
  36.8178
  36.8701
  36.9183
  36.9620
  36.9995
  37.0340
  37.0648
  37.0916
  37.1149
  37.1350
  37.1523
  37.1667
  37.1836
  37.2054
  37.2270
  37.2492
  37.2698
  37.2850
  37.2914
  37.2945
  37.2929
  37.2900
  37.2836
  37.2735
  37.2605
  37.2435
  37.2187
  37.1883
  37.1534
  37.1157
  37.0741
  37.0292
  36.9798
  36.9291
  36.8740
  36.8149
  36.7477
  36.6773
  36.5971
  36.5089
  36.4169
  36.3194
  36.2187
  36.1147
  36.0125
  35.9065
  35.7974
  35.6885
  35.5824
  35.4754
  35.3619
  35.2479
  35.1325
  35.0156
  34.8971
  34.7813
  34.6654
  34.5466
  34.4262
  34.3063
  34.1854
  34.0649
  33.9466
  33.8299
  33.7154
  33.6053
  33.4940
  33.3812
  33.2695
  33.1556
  33.0412
  32.9279
  32.8172
  32.7031
  32.5847
  32.4655
  32.3501
  32.2376
  32.1292
  32.0308
  31.9366
  31.8441
  31.7491
  31.6520
  31.5506
  31.4466
  31.3381
  31.2318
  31.1237
  31.0151
  30.9030
  30.7898
  30.6771
  30.5643
  30.4493
  30.3359
  30.2252
  30.1176
  30.0089
  29.9034
  29.8010
  29.6984
  29.5980
  29.4981
  29.4013
  29.3044
  29.2091
  29.1148
  29.0231
  28.9336
  28.8467
  28.7670
  28.6889
  28.6135
  28.5354
  28.4547
  28.3702
  28.2863
  28.2045
  28.1234
  28.0461
  27.9702
  27.8915
  27.8090
  27.7209
  27.6285
  27.5323
  27.4361
  27.3395
  27.2419
  27.1461
  27.0492
  26.9469
  26.8380
  26.7257
  26.6096
  26.4886
  26.3610
  26.2281
  26.0909
  25.9452
  25.7997
  25.6503
  25.4987
  25.3437
  25.1876
  25.0298
  24.8720
  24.7148
  24.5587
  24.4047
  24.2556
  24.1093
  23.9678
  23.8307
  23.7012
  23.5756
  23.4544
  23.3376
  23.2273
  23.1230
  23.0226
  22.9265
  22.8326
  22.7410
  22.6478
  22.5513
  22.4510
  22.3508
  22.2467
  22.1404
  22.0341
  21.9275
  21.8198
  21.7147
  21.6139
  21.5185
  21.4259
  21.3349
  21.2429
  21.1504
  21.0552
  20.9591
  20.8659
  20.7745
  20.6855
  20.5991
  20.5133
  20.4192
  20.3172
  20.2052
  20.0825
  19.9531
  19.8221
  19.6934
  19.5652
  19.4387
  19.3107
  19.1817
  19.0505
  18.9172
  18.7801
  18.6371
  18.4951
  18.3521
  18.2103
  18.0686
  17.9241
  17.7786
  17.6326
  17.4859
  17.3377
  17.1868
  17.0348
  16.8800
  16.7238
  16.5621
  16.4010
  16.2390
  16.0747
  15.9099
  15.7441
  15.5783
  15.4109
  15.2425
  15.0729
  14.9028
  14.7328
  14.5649
  14.3977
  14.2372
  14.0823
  13.9341
  13.7922
  13.6570
  13.5197
  13.3815
  13.2374
  13.0905
  12.9349
  12.7711
  12.5979
  12.4158
  12.2265
  12.0300
  11.8289
  11.6278
  11.4289
  11.2314
  11.0494
  10.8823
  10.7336
  10.6037
  10.4881
  10.3826
  10.2803
  10.1781
  10.0742
   9.9690
   9.8632
   9.7558
   9.6482
   9.5466
   9.4481
   9.3518
   9.2621
   9.1756
   9.0956
   9.0200
   8.9472
   8.8771
   8.8092
   8.7463
   8.6889
   8.6359
   8.5852
   8.5361
   8.4887
   8.4422
   8.3947
   8.3488
   8.3012
   8.2521
   8.2001
   8.1482
   8.0962
   8.0432
   7.9891
   7.9356
   7.8826
   7.8279
   7.7694
   7.7064
   7.6379
   7.5612
   7.4817
   7.4011
   7.3209
   7.2456
   7.1736
   7.1092
   7.0525
   7.0053
   6.9669
   6.9367
   6.9138
   6.8958
   6.8812
   6.8666
   6.8527
   6.8306
   6.8031
   6.7667
   6.7193
   6.6632
   6.6005
   6.5356
   6.4701
   6.4052
   6.3437
   6.2871
   6.2355
   6.1899
   6.1464
   6.1067
   6.0704
   6.0324
   5.9951
   5.9560
   5.9187
   5.8853
   5.8529
   5.8237
   5.7945
   5.7425
   5.6887
   5.6333
   5.5746
   5.5137
   5.4485
   5.3834
   5.3177
   5.2508
   5.1861
   5.1242
   5.0633
   5.0047
   4.9498
   4.9004
   4.8520
   4.8041
   4.7600
   4.7176
   4.6741
   4.6304
   4.5890
   4.5453
   4.5010
   4.4567
   4.4119
   4.3682
   4.3245
   4.2845
   4.2483
