  -5.4320
  -5.2930
  -5.1486
  -5.0056
  -4.8683
  -4.7343
  -4.6090
  -4.4772
  -4.3483
  -4.2102
  -4.0731
  -3.9424
  -3.8141
  -3.6828
  -3.5543
  -3.4308
  -3.2982
  -3.1905
  -3.0699
  -2.9508
  -2.8433
  -2.7450
  -2.6427
  -2.5475
  -2.4523
  -2.3682
  -2.2801
  -2.1968
  -2.1106
  -2.0219
  -1.9435
  -1.9803
  -2.0096
  -2.0380
  -2.0765
  -2.1137
  -2.1500
  -2.1852
  -2.2265
  -2.2693
  -2.3066
  -2.3571
  -2.4053
  -2.4566
  -2.5034
  -2.5493
  -2.5841
  -2.6342
  -2.6815
  -2.7153
  -2.7550
  -2.7927
  -2.8209
  -2.8427
  -2.8530
  -2.8625
  -2.8707
  -2.8768
  -2.8821
  -2.8765
  -2.8835
  -2.8863
  -2.8838
  -2.8856
  -2.8864
  -2.8894
  -2.9003
  -2.9088
  -2.9150
  -2.9221
  -2.9370
  -2.9492
  -2.9584
  -2.9604
  -2.9618
  -2.9808
  -2.9739
  -2.9822
  -2.9816
  -2.9793
  -2.9685
  -2.9637
  -2.9519
  -2.9354
  -2.9088
  -2.8981
  -2.8720
  -2.8616
  -2.8497
  -2.8285
  -2.8240
  -2.8076
  -2.7895
  -2.7801
  -2.7683
  -2.7519
  -2.7317
  -2.7163
  -2.6946
  -2.6773
  -2.6568
  -2.6345
  -2.6043
  -2.5706
  -2.5218
  -2.4725
  -2.4175
  -2.3686
  -2.3058
  -2.2402
  -2.1808
  -2.1203
  -2.0499
  -1.9856
  -1.9248
  -1.8680
  -1.8032
  -1.7395
  -1.6732
  -1.6105
  -1.5554
  -1.5007
  -1.4440
  -1.3948
  -1.3442
  -1.2927
  -1.2425
  -1.1875
  -1.1339
  -1.0828
  -1.0272
  -0.9748
  -0.9274
  -0.8822
  -0.8389
  -0.7981
  -0.7483
  -0.7226
  -0.6903
  -0.6568
  -0.6355
  -0.6182
  -0.6003
  -0.5783
  -0.5615
  -0.5277
  -0.4941
  -0.4644
  -0.4235
  -0.3819
  -0.3341
  -0.2820
  -0.2260
  -0.1687
  -0.1102
  -0.0597
  -0.0063
   0.0305
   0.0775
   0.1182
   0.1614
   0.2088
   0.2491
   0.2848
   0.3217
   0.3430
   0.3624
   0.3760
   0.3742
   0.3817
   0.3739
   0.3727
   0.3668
   0.3507
   0.3272
   0.3040
   0.2776
   0.2424
   0.2132
   0.1776
   0.1478
   0.1226
   0.1073
   0.0795
   0.0633
   0.0528
   0.0456
   0.0406
   0.0296
   0.0252
   0.0167
   0.0137
   0.0083
   0.0168
   0.0205
   0.0316
   0.0452
   0.0583
   0.0742
   0.0900
   0.1046
   0.1261
   0.1533
   0.1872
   0.2198
   0.2498
   0.2634
   0.2852
   0.3089
   0.3207
   0.3324
   0.3308
   0.3313
   0.3311
   0.3303
   0.3325
   0.3348
   0.3310
   0.3358
   0.3326
   0.3214
   0.3019
   0.2807
   0.2550
   0.2351
   0.2003
   0.1727
   0.1417
   0.1025
   0.0749
   0.0332
  -0.0028
  -0.0516
  -0.0884
  -0.1251
  -0.1483
  -0.1716
  -0.1868
  -0.2085
  -0.2305
  -0.2489
  -0.2817
  -0.3244
  -0.3618
  -0.3953
  -0.4301
  -0.4602
  -0.4911
  -0.5287
  -0.5591
  -0.5897
  -0.6142
  -0.6465
  -0.6659
  -0.6994
  -0.7251
  -0.7602
  -0.8027
  -0.8491
  -0.8951
  -0.9371
  -0.9762
  -1.0142
  -1.0567
  -1.0937
  -1.1423
  -1.1951
  -1.2521
  -1.3117
  -1.3736
  -1.4310
  -1.4756
  -1.5162
  -1.5509
  -1.5949
  -1.6340
  -1.6779
  -1.7143
  -1.7462
  -1.7787
  -1.8142
  -1.8473
  -1.8693
  -1.8896
  -1.9021
  -1.9130
  -1.9138
  -1.9063
  -1.9056
  -1.8753
  -1.8441
  -1.7884
  -1.7417
  -1.6866
  -1.6420
  -1.5943
  -1.5493
  -1.5043
  -1.4615
  -1.4118
  -1.3633
  -1.3154
  -1.2573
  -1.1822
  -1.1124
  -1.0305
  -0.9509
  -0.8829
  -0.8219
  -0.7551
  -0.6856
  -0.6193
  -0.5537
  -0.4909
  -0.4334
  -0.3761
  -0.3220
  -0.2748
  -0.2226
  -0.1690
  -0.1127
  -0.0651
  -0.0236
   0.0132
   0.0437
   0.0685
   0.0961
   0.1264
   0.1575
   0.1911
   0.2215
   0.2514
   0.2692
   0.2820
   0.2873
   0.2952
   0.3006
   0.3090
   0.3161
   0.3228
   0.3263
   0.3361
   0.3514
   0.3655
   0.3747
   0.3826
   0.3930
   0.4078
   0.4165
   0.4323
   0.4197
   0.3857
   0.3164
   0.2491
   0.1829
   0.1245
   0.0570
  -0.0211
  -0.1097
  -0.2000
  -0.2875
  -0.3754
  -0.4676
  -0.5589
  -0.6619
  -0.7681
  -0.8821
  -1.0026
  -1.1227
  -1.2279
  -1.3337
  -1.4355
  -1.5318
  -1.6262
  -1.7156
  -1.7982
  -1.8803
  -1.9591
  -2.0310
  -2.0996
  -2.1620
  -2.2246
  -2.2809
  -2.3343
  -2.3845
  -2.4286
  -2.4757
  -2.5196
  -2.5635
  -2.6089
  -2.6514
  -2.6879
  -2.7209
  -2.7554
  -2.7852
  -2.8061
  -2.8259
  -2.8460
  -2.8677
  -2.8911
  -2.9161
  -2.9333
  -2.9476
  -2.9635
  -2.9840
  -3.0122
  -3.0494
  -3.0881
  -3.1283
  -3.1669
  -3.2071
  -3.2443
  -3.2648
  -3.2668
  -3.2643
  -3.2728
  -3.2870
  -3.3014
  -3.3037
  -3.3046
  -3.3097
  -3.3215
  -3.3328
  -3.3443
  -3.3552
  -3.3632
  -3.3674
  -3.3684
  -3.3721
  -3.3712
  -3.3781
  -3.3868
  -3.3991
  -3.4179
  -3.4420
  -3.4724
  -3.5113
  -3.5516
  -3.5940
  -3.6379
  -3.6864
  -3.7352
  -3.7854
  -3.8390
  -3.8927
  -3.9466
  -4.0035
  -4.0589
  -4.1147
  -4.1692
  -4.2204
  -4.2733
  -4.3310
  -4.3886
  -4.4448
  -4.4996
  -4.5586
  -4.6189
  -4.6806
  -4.7422
  -4.8039
  -4.8685
  -4.9346
  -5.0045
  -5.0771
  -5.1451
  -5.2053
  -5.2591
  -5.3157
  -5.3763
  -5.4430
  -5.5064
  -5.5668
  -5.6272
  -5.6878
  -5.7439
  -5.7951
  -5.8451
  -5.8891
  -5.9361
  -5.9758
  -6.0126
  -6.0450
  -6.0762
  -6.1089
  -6.1402
  -6.1731
  -6.2077
  -6.2424
  -6.2743
  -6.3079
  -6.3398
  -6.3699
  -6.3938
  -6.4162
  -6.4352
  -6.4500
  -6.4598
  -6.4653
  -6.4694
  -6.4767
  -6.4830
  -6.4876
  -6.4940
  -6.4987
  -6.5052
  -6.5132
  -6.5198
  -6.5247
  -6.5295
  -6.5295
  -6.5311
  -6.5310
  -6.5294
  -6.5266
  -6.5211
  -6.5157
  -6.5075
  -6.4994
  -6.4918
  -6.4876
  -6.4837
  -6.4784
  -6.4732
  -6.4683
  -6.4556
  -6.4412
  -6.4251
  -6.4076
  -6.3888
  -6.3703
  -6.3516
  -6.3361
  -6.3190
  -6.3032
  -6.2905
  -6.2805
  -6.2707
  -6.2606
  -6.2547
  -6.2486
  -6.2468
  -6.2447
  -6.2438
  -6.2424
  -6.2364
  -6.2287
  -6.2209
  -6.2149
  -6.2085
  -6.2003
  -6.1904
  -6.1789
  -6.1707
  -6.1671
  -6.1636
  -6.1589
  -6.1574
  -6.1566
  -6.1590
  -6.1601
  -6.1599
  -6.1549
  -6.1517
  -6.1448
  -6.1378
  -6.1241
  -6.1136
  -6.1026
  -6.0887
  -6.0748
  -6.0660
  -6.0540
  -6.0485
  -6.0432
  -6.0359
  -6.0286
  -6.0242
  -6.0228
  -6.0181
  -6.0132
  -6.0030
  -5.9927
  -5.9854
  -5.9721
  -5.9651
  -5.9583
  -5.9594
  -5.9639
  -5.9667
  -5.9770
  -5.9832
  -5.9896
  -5.9993
  -6.0046
  -6.0117
  -6.0097
  -6.0166
  -6.0128
  -6.0116
  -6.0077
  -5.9977
  -5.9850
  -5.9729
  -5.9562
  -5.9378
  -5.9243
  -5.9093
  -5.8945
  -5.8807
  -5.8609
  -5.8443
  -5.8292
  -5.8190
  -5.8072
  -5.7935
  -5.7860
  -5.7795
  -5.7702
  -5.7634
  -5.7547
  -5.7475
  -5.7381
  -5.7322
  -5.7215
  -5.7114
  -5.6996
  -5.6867
  -5.6695
  -5.6463
  -5.6228
  -5.5952
  -5.5674
  -5.5392
  -5.5110
  -5.4747
  -5.4478
  -5.4160
  -5.3872
  -5.3572
  -5.3256
  -5.2939
  -5.2668
  -5.2336
  -5.2026
  -5.1724
  -5.1377
  -5.1090
  -5.0728
  -5.0314
  -4.9898
  -4.9406
  -4.8991
  -4.8527
  -4.8007
  -4.7534
  -4.7051
  -4.6575
  -4.6043
  -4.5525
  -4.5080
  -4.4570
  -4.4177
  -4.3785
  -4.3399
  -4.3103
  -4.2795
  -4.2516
  -4.2278
  -4.2089
  -4.1904
  -4.1768
  -4.1626
  -4.1421
  -4.1187
  -4.0927
  -4.0755
  -4.0448
  -4.0144
  -3.9811
  -3.9492
  -3.9189
  -3.8917
  -3.8625
  -3.8295
  -3.8016
  -3.7778
  -3.7528
  -3.7348
  -3.7142
  -3.6982
  -3.6799
  -3.6653
  -3.6452
  -3.6280
  -3.6014
  -3.5901
  -3.5622
  -3.5481
  -3.5255
  -3.5089
  -3.4911
  -3.4779
  -3.4596
  -3.4411
  -3.4217
  -3.4030
  -3.3888
  -3.3713
  -3.3538
  -3.3426
  -3.3284
  -3.3184
  -3.2997
  -3.2954
  -3.2831
  -3.2751
  -3.2685
  -3.2641
  -3.2627
  -3.2614
  -3.2565
  -3.2606
  -3.2600
  -3.2572
  -3.2624
  -3.2555
  -3.2534
  -3.2463
  -3.2356
  -3.2170
  -3.2026
  -3.1854
  -3.1688
  -3.1648
  -3.1498
  -3.1432
  -3.1271
  -3.1176
  -3.1084
  -3.1108
  -3.1010
  -3.1036
  -3.0875
  -3.0819
  -3.0873
  -3.0829
  -3.0806
  -3.0800
  -3.0750
  -3.0711
  -3.0678
  -3.0697
  -3.0714
  -3.0765
  -3.0794
  -3.0946
  -3.1037
  -3.1328
  -3.1522
  -3.1774
  -3.1900
  -3.2112
  -3.2308
  -3.2586
  -3.2976
  -3.3289
  -3.3710
  -3.4039
  -3.4416
  -3.4775
  -3.5079
  -3.5534
  -3.5932
  -3.6398
  -3.6756
  -3.7219
  -3.7731
  -3.8238
  -3.8841
  -3.9376
  -4.0036
  -4.0630
  -4.1103
  -4.1628
  -4.2145
  -4.2700
  -4.3370
  -4.4036
  -4.4706
  -4.5339
  -4.6029
  -4.6737
  -4.7509
  -4.8232
  -4.8940
  -4.9736
  -5.0416
  -5.1168
  -5.1908
  -5.2627
  -5.3273
  -5.4010
  -5.4654
  -5.5360
  -5.6079
  -5.6689
  -5.7425
  -5.8069
  -5.8821
  -5.9544
  -6.0371
  -6.1149
  -6.1897
  -6.2669
  -6.3445
  -6.4339
  -6.5125
  -6.5896
  -6.6558
  -6.7267
  -6.7916
  -6.8652
  -6.9345
  -7.0020
  -7.0638
  -7.1156
  -7.1706
  -7.2225
  -7.2724
  -7.3175
  -7.3672
  -7.4148
  -7.4594
  -7.5040
  -7.5498
  -7.5861
  -7.6282
  -7.6518
  -7.6748
  -7.6916
  -7.7134
  -7.7368
  -7.7556
  -7.7886
  -7.8233
  -7.8576
  -7.8913
  -7.9211
  -7.9513
  -7.9842
  -8.0189
  -8.0553
  -8.0828
  -8.1094
  -8.1297
  -8.1441
  -8.1649
  -8.1897
  -8.2058
  -8.2309
  -8.2504
  -8.2646
  -8.2885
  -8.2998
  -8.3310
  -8.3529
  -8.3748
  -8.3985
  -8.4197
  -8.4323
  -8.4521
  -8.4598
  -8.4722
  -8.4890
  -8.5044
  -8.5195
  -8.5285
  -8.5325
  -8.5442
  -8.5529
  -8.5586
  -8.5671
  -8.5746
  -8.5830
  -8.5876
  -8.5867
  -8.5954
  -8.6054
  -8.6119
  -8.6216
  -8.6342
  -8.6481
  -8.6641
  -8.6720
  -8.6879
  -8.6989
  -8.7145
  -8.7241
  -8.7396
  -8.7557
  -8.7655
  -8.7689
  -8.7662
  -8.7650
  -8.7668
  -8.7531
  -8.7424
  -8.7206
  -8.6993
  -8.6699
  -8.6389
  -8.6125
  -8.5816
  -8.5457
  -8.5085
  -8.4718
  -8.4350
  -8.3993
  -8.3529
  -8.3157
  -8.2680
  -8.2289
  -8.1934
  -8.1470
  -8.1053
  -8.0498
  -7.9958
  -7.9416
  -7.8718
  -7.8069
  -7.7380
  -7.6603
  -7.5870
  -7.5101
  -7.4258
  -7.3363
  -7.2468
  -7.1447
  -7.0458
  -6.9395
  -6.8386
  -6.7348
  -6.6294
  -6.5191
  -6.4139
  -6.3112
  -6.2118
  -6.1077
  -6.0007
  -5.8938
  -5.7884
  -5.6864
  -5.5707
  -5.4611
  -5.3439
  -5.2264
  -5.1032
  -4.9863
  -4.8603
  -4.7357
  -4.6097
  -4.4805
  -4.3514
  -4.2247
  -4.0983
  -3.9644
  -3.8336
  -3.7011
  -3.5781
  -3.4456
  -3.3222
  -3.2054
  -3.0855
  -2.9685
  -2.8547
  -2.7394
  -2.6270
  -2.5131
  -2.3916
  -2.2795
  -2.1719
  -2.0656
  -1.9612
  -1.8595
  -1.7628
  -1.6646
  -1.5676
  -1.4681
  -1.3670
  -1.2735
  -1.1756
  -1.0625
  -0.9556
  -0.8487
  -0.7470
  -0.6500
  -0.5595
  -0.4614
  -0.3713
  -0.2893
  -0.1977
  -0.1114
  -0.0231
   0.0650
   0.1501
   0.2411
   0.3321
   0.4148
   0.5008
   0.5896
   0.6690
   0.7592
   0.8587
   0.9425
   1.0371
   1.1234
   1.2194
   1.3058
   1.3986
   1.4776
   1.5592
   1.6426
   1.7167
   1.7827
   1.8550
   1.9221
   1.9926
   2.0568
   2.1173
   2.1854
   2.2457
   2.3010
   2.3735
   2.4375
   2.4996
   2.5626
   2.6190
   2.6795
   2.7352
   2.7860
   2.8355
   2.8927
   2.9532
   3.0120
   3.0627
   3.1187
   3.1607
   3.1993
   3.2301
   3.2530
   3.2785
   3.2900
   3.2779
   3.2644
   3.2471
   3.2258
   3.2031
   3.1799
   3.1553
   3.1293
   3.1190
   3.0946
   3.0719
   3.0471
   3.0160
   2.9830
   2.9469
   2.9106
   2.8759
   2.8488
   2.8253
   2.8142
   2.7874
   2.7543
   2.7170
   2.6668
   2.6060
   2.5401
   2.4714
   2.3974
   2.3275
   2.2581
   2.1919
   2.1269
   2.0603
   1.9824
   1.9065
   1.8174
   1.7203
   1.6201
   1.5227
   1.4234
   1.3305
   1.2342
   1.1385
   1.0430
   0.9481
   0.8552
   0.7601
   0.6638
   0.5627
   0.4614
   0.3542
   0.2480
   0.1418
   0.0370
  -0.0599
  -0.1525
  -0.2435
  -0.3316
  -0.4135
  -0.5059
  -0.5847
  -0.6585
  -0.7308
  -0.8043
  -0.8879
  -0.9665
  -1.0513
  -1.1488
  -1.2447
  -1.3579
  -1.4679
  -1.5765
  -1.6895
  -1.8055
  -1.9088
  -2.0123
  -2.1092
  -2.2076
  -2.3221
  -2.4461
  -2.5764
  -2.6989
  -2.8292
  -2.9391
  -3.0489
  -3.1460
  -3.2462
  -3.3385
  -3.4383
  -3.5323
  -3.6274
  -3.7243
  -3.8354
  -3.9416
  -4.0372
  -4.1373
  -4.2290
  -4.3017
  -4.3773
  -4.4494
  -4.5257
  -4.6021
  -4.6874
  -4.7664
  -4.8379
  -4.9250
  -5.0123
  -5.0996
  -5.1922
  -5.2752
  -5.3648
  -5.4481
  -5.5426
  -5.6356
  -5.7156
  -5.8005
  -5.8905
  -5.9792
  -6.0632
  -6.1506
  -6.2377
  -6.3382
  -6.4305
  -6.5256
  -6.6174
  -6.6996
  -6.7915
  -6.8756
  -6.9604
  -7.0483
  -7.1279
  -7.2075
  -7.2869
  -7.3663
  -7.4537
  -7.5492
  -7.6316
  -7.7220
  -7.8046
  -7.8805
  -7.9521
  -8.0218
  -8.0924
  -8.1511
  -8.2244
  -8.2958
  -8.3677
  -8.4314
  -8.4983
  -8.5636
  -8.6282
  -8.7012
  -8.7725
  -8.8360
  -8.8979
  -8.9689
  -9.0325
  -9.0975
  -9.1659
  -9.2251
  -9.2907
  -9.3422
  -9.3940
  -9.4461
  -9.4932
  -9.5387
  -9.5745
  -9.6090
  -9.6481
  -9.6777
  -9.7134
  -9.7455
  -9.7698
  -9.7905
  -9.8130
  -9.8449
  -9.8906
  -9.9250
  -9.9687
 -10.0057
 -10.0468
 -10.0822
 -10.1018
 -10.1220
 -10.1329
 -10.1328
 -10.1328
 -10.1183
 -10.1025
 -10.0792
 -10.0547
 -10.0240
 -10.0028
  -9.9726
  -9.9312
  -9.8759
  -9.8138
  -9.7691
  -9.7229
  -9.6797
  -9.6352
  -9.6013
  -9.5675
  -9.5363
  -9.5039
  -9.4672
  -9.4210
  -9.3840
  -9.3440
  -9.3037
  -9.2524
  -9.2025
  -9.1525
  -9.0993
  -9.0426
  -8.9876
  -8.9295
  -8.8774
  -8.8267
  -8.7759
  -8.7357
  -8.6860
  -8.6504
  -8.6179
  -8.5786
  -8.5457
  -8.5174
  -8.4861
  -8.4530
  -8.4135
  -8.3788
  -8.3350
  -8.2992
  -8.2619
  -8.2217
  -8.1830
  -8.1430
  -8.0878
  -8.0417
  -7.9955
  -7.9522
  -7.8908
  -7.8335
  -7.7814
  -7.7307
  -7.6844
  -7.6386
  -7.5862
  -7.5401
  -7.4985
  -7.4592
  -7.4255
  -7.4063
  -7.3760
  -7.3609
  -7.3524
  -7.3527
  -7.3677
  -7.3747
  -7.3847
  -7.3917
  -7.4064
  -7.4196
  -7.4327
  -7.4438
  -7.4583
  -7.4710
  -7.4927
  -7.5036
  -7.5223
  -7.5378
  -7.5519
  -7.5642
  -7.5642
  -7.5622
  -7.5558
  -7.5364
  -7.5199
  -7.4857
  -7.4536
  -7.4274
  -7.3872
  -7.3595
  -7.3290
  -7.3076
  -7.2895
  -7.2778
  -7.2676
  -7.2591
  -7.2457
  -7.2453
  -7.2385
  -7.2442
  -7.2390
  -7.2351
  -7.2359
  -7.2365
  -7.2262
  -7.2311
  -7.2347
  -7.2302
  -7.2419
  -7.2654
  -7.2862
  -7.3113
  -7.3446
  -7.3797
  -7.4271
  -7.4746
  -7.5301
  -7.5888
  -7.6503
  -7.7043
  -7.7549
  -7.8010
  -7.8487
  -7.8900
  -7.9300
  -7.9712
  -8.0045
  -8.0318
  -8.0696
  -8.1000
  -8.1154
  -8.1330
  -8.1583
  -8.1742
  -8.2026
  -8.2348
  -8.2763
  -8.3084
  -8.3438
  -8.3823
  -8.4334
  -8.4893
  -8.5581
  -8.6298
  -8.7081
  -8.7802
  -8.8700
  -8.9469
  -9.0256
  -9.1104
  -9.1747
  -9.2449
  -9.3058
  -9.3539
  -9.3908
  -9.4290
  -9.4658
  -9.5008
  -9.5274
  -9.5506
  -9.5656
  -9.5901
  -9.6176
  -9.6404
  -9.5440
  -9.4552
  -9.3572
  -9.2448
  -9.1322
  -9.0086
  -8.8865
  -8.7580
  -8.6296
  -8.4991
  -8.3639
  -8.2268
  -8.0928
  -7.9540
  -7.8104
  -7.6589
  -7.5088
  -7.3524
  -7.2067
  -7.0453
  -6.8904
  -6.7336
  -6.5690
  -6.4202
  -6.2743
  -6.1241
  -5.9750
  -5.8361
  -5.6995
  -5.5521
