28020.2949
28020.4941
28020.5684
28020.4473
28020.7988
28020.5762
28020.2812
28020.3496
28019.9570
28019.5488
28019.5527
28019.5371
28019.4141
28019.2129
28018.9395
28018.6914
28018.5684
28018.7422
28018.8633
28018.5664
28018.8145
28019.1836
28019.1133
28019.1387
28019.4805
28019.5293
28019.7480
28020.2402
28020.6562
28020.9023
28020.9707
28020.8223
28020.6211
28020.5488
28020.5996
28020.5469
28020.7188
28020.7188
28020.6758
28020.4492
28020.2227
28020.2266
28020.2480
28020.0781
28020.2051
28020.0762
28019.9238
28019.9707
28019.8496
28019.8496
28019.9531
28019.8730
28019.6738
28019.5996
28019.4668
28019.2129
28019.2715
28018.9883
28019.3496
28019.0703
28019.1914
28019.1387
28019.1953
28019.2207
28019.3203
28019.2676
28019.4648
28019.2656
28019.4648
28019.5371
28019.4844
28019.4844
28019.5332
28019.5840
28019.4805
28019.5215
28019.6211
28019.7168
28019.7891
28019.8594
28019.7324
28019.7539
28019.7051
28019.9004
28019.9004
28019.7949
28019.7637
28019.8203
28019.8945
28020.0879
28020.3828
28019.8613
28019.6387
28019.8828
28019.7090
28019.8125
28019.5430
28019.6621
28019.4453
28019.4922
28019.3223
28019.3691
28019.1738
28019.2520
28019.0508
28019.2500
28019.1250
28019.1543
28019.2012
28018.9004
28018.9531
28018.9727
28018.9512
28018.6504
28018.7988
28018.8984
28018.7422
28018.8184
28018.7402
28018.5664
28018.3691
28018.5195
28018.2207
28018.2422
28018.2891
28018.3574
28018.4805
28018.5625
28018.4121
28018.5156
28017.9824
28018.0938
28017.9238
28017.8008
28017.6738
28017.6738
28017.7598
28017.5645
28017.7422
28017.5430
28017.7188
28017.1758
28017.4004
28016.9551
28016.8809
28017.0332
28017.1094
28017.1309
28017.2051
28016.9824
28017.0820
28016.6855
28016.7324
28016.6328
28016.6875
28016.7090
28016.7090
28016.8340
28017.2129
28017.2109
28017.1289
28016.7285
28017.0547
28017.3496
28017.8340
28017.6172
28017.7188
28017.4121
28017.1992
28017.0410
28017.5566
28018.9648
28019.2656
28019.3613
28019.4121
28019.6562
28019.8086
28019.8320
28019.8359
28019.7285
28019.4102
28019.7988
28020.1953
28021.2832
28019.7969
28019.5234
28020.4121
28020.2617
28019.9395
28020.0840
28019.9609
28019.0938
28019.1445
28019.7070
28019.4395
28018.5469
28018.6484
28019.4863
28019.6348
28019.9824
28019.7090
28020.0352
28020.0820
28020.2324
28020.2363
28020.2871
28020.3359
28020.2051
28020.0332
28019.9336
28019.8340
28019.6855
28019.3359
28019.6094
28019.5352
28019.6582
28019.8613
28020.0332
28019.9375
28019.7617
28019.8906
28019.7930
28019.8457
28020.0215
28020.1250
28020.4180
28020.5684
28020.5391
28020.5645
28020.5137
28020.3379
28020.2148
28020.4141
28020.5391
28020.3398
28020.2656
28020.2910
28020.5254
28020.2734
28020.4082
28020.7441
28020.6406
28020.9238
28020.9160
28021.2734
28021.2676
28021.3750
28021.4004
28021.4004
28021.4766
28021.4277
28021.6309
28021.7051
28021.6289
28021.5039
28021.4766
28021.4727
28021.3984
28021.1953
28020.9941
28020.7637
28020.6855
28020.3867
28020.4883
28020.2090
28020.1074
28020.0586
28020.2344
28019.9824
28019.9336
28019.8340
28019.6582
28019.8066
28019.7793
28019.7285
28019.8242
28019.6758
28019.7012
28019.5469
28019.7227
28019.5020
28019.3789
28019.2812
28019.2617
28019.2910
28019.0020
28019.1309
28019.3066
28019.4512
28019.4219
28019.5703
28019.6895
28019.7109
28019.6855
28019.6328
28019.3320
28019.0332
28019.0059
28018.7793
28018.8281
28018.4785
28018.2266
28017.8027
28017.6055
28017.6797
28017.7305
28017.7070
28017.5605
28017.6113
28017.6133
28017.4141
28017.5391
28017.6367
28017.7598
28017.7578
28018.0527
28018.1504
28018.1680
28018.3184
28018.2168
28018.2148
28018.1621
28018.0605
28018.0078
28018.0840
28018.1562
28018.0527
28017.7773
28017.4023
28017.1992
28017.0508
28016.6289
28016.6523
28016.5781
28016.5059
28016.8027
28016.7793
28016.8281
28016.9727
28016.7461
28016.9219
28017.0391
28017.1641
28017.3594
28017.4570
28017.6309
28017.6309
28017.3809
28017.3789
28017.2090
28016.9805
28017.0059
28016.9277
28016.9766
28016.8242
28016.9688
28016.8438
28016.6406
28016.8652
28016.8145
28016.9375
28016.8359
28016.7344
28016.6855
28016.5625
28016.3867
28016.3125
28016.4121
28016.2891
28016.4629
28016.2891
28016.5605
28016.6367
28016.4355
28016.5586
28016.7559
28016.8535
28016.6309
28017.7461
28016.8535
28017.7461
28017.2734
28017.5234
28017.7227
28017.7480
28018.2441
28018.2695
28018.4434
28018.8164
28018.6445
28018.8164
28018.6680
28019.0156
28019.0645
28019.2383
28019.8340
28019.3125
28020.0059
28019.6816
28020.0059
28020.2285
28019.9043
28020.3516
28020.3516
28020.2988
28020.0742
28020.0488
28019.9746
28019.9004
28019.7500
28019.7266
28019.7773
28019.6270
28019.6777
28019.7773
28019.8828
28019.8848
28020.0859
28020.0117
28020.0352
28020.0605
28020.1641
28020.2383
28020.2891
28020.3887
28020.4141
28020.5410
28020.9434
28021.1445
28021.2285
28021.5293
28021.7598
28021.8848
28022.0117
28022.1367
28022.2402
28022.1172
28022.3652
28022.0176
28022.0176
28022.0645
28021.8145
28021.6895
28021.5859
28021.1367
28020.8613
28020.7578
28020.6816
28020.6289
28020.4004
28020.5723
28020.5215
28020.1211
28020.0449
28020.0430
28019.8711
28019.9414
28020.0176
28020.2676
28020.2168
28020.6172
28020.6895
28020.8652
28020.8906
28020.9375
28020.9375
28021.1113
28021.3105
28021.3594
28021.4824
28021.6328
28021.5566
28021.5566
28021.5078
28021.6562
28022.0039
28022.0039
28022.1797
28022.1035
28021.8789
28021.9531
28021.8281
28021.7266
28021.5254
28021.4746
28021.3730
28021.3730
28021.4473
28021.2988
28021.2227
28020.8730
28020.7734
28020.6953
28020.5195
28020.5703
28020.4434
28020.5176
28020.6152
28020.7891
28020.9375
28020.9375
28020.8359
28020.9844
28021.0586
28021.2559
28021.2070
28021.1074
28021.1582
28021.2793
28021.5547
28021.5293
28021.3809
28021.2305
28021.3301
28021.3066
28021.3301
28021.3789
28021.4785
28021.4531
28021.6758
28021.8008
28021.7520
28021.7012
28021.6250
28021.6992
28021.6230
28021.7246
28021.6465
28021.6211
28021.7227
28021.5215
28021.6211
28021.7715
28021.8223
28021.7227
28021.7227
28021.7988
28022.0215
28022.3691
28022.6426
28022.7422
28022.8672
28023.1406
28023.3379
28023.4375
28023.3887
28023.1387
28023.0605
28022.9609
28022.8379
28023.0352
28023.0605
28023.2363
28023.3359
28023.4121
28023.4863
28023.4121
28023.4141
28023.4375
28023.3887
28023.5625
28023.7617
28023.8125
28023.9609
28024.1348
28024.0840
28024.1328
28024.1836
28024.2324
28024.3086
28024.2324
28024.2812
28024.2559
28024.3555
28024.2539
28024.4805
28024.1270
28024.1777
28023.9023
28023.9531
28024.2012
28024.3750
28024.4746
28024.8027
28024.5000
28024.7500
28024.7734
28024.6484
28024.4961
28024.3730
28024.1230
28024.2246
28024.5215
28024.5723
28025.0449
28025.1191
28025.2422
28025.2168
28025.1660
28025.2422
28025.3418
28025.3672
28025.1875
28025.1055
28025.3398
28025.1621
28025.1875
28025.3652
28025.6133
28025.6152
28025.6875
28025.8398
28025.9395
28025.8125
28025.8887
28025.9629
28025.9883
28026.0391
28026.1641
28026.1641
28026.1387
28026.1133
28025.9141
28026.1387
28025.9141
28025.9648
28026.3145
28026.6133
28026.4395
28026.6387
28026.5371
28026.7129
28026.8613
28026.9609
28027.0098
28027.0098
28027.0586
28027.2070
28027.3320
28027.4316
28027.4062
28027.5039
28027.7539
28027.9277
28028.3516
28028.5000
28028.4492
28028.1992
28028.1738
28027.9473
28027.9238
28027.9980
28028.0703
28028.2441
28028.0684
28028.1699
28028.1934
28028.3184
28028.2910
28028.4160
28028.1152
28028.2402
28028.2637
28028.2871
28028.4375
28028.4863
28028.5352
28028.3594
28028.2324
28028.1582
28028.1074
28028.0332
28028.0801
28028.0059
28027.7793
28028.0039
28027.9043
28027.7520
28027.6270
28027.6523
28027.5020
28027.3516
28027.4004
28027.3730
28027.0469
28027.0723
28026.8223
28026.7969
28026.7188
28026.4941
28026.5938
28026.7188
28026.5430
28026.6172
28026.6152
28026.8398
28026.7148
28026.7148
28026.6133
28026.8379
28026.8125
28026.8457
28026.7852
28026.9102
28026.7344
28026.9082
28026.7344
28027.0078
28026.8574
28026.7578
28026.8809
28026.7051
28026.9297
28026.8535
28026.6035
28026.7539
28026.5020
28026.6777
28026.8516
28027.1250
28027.0000
28027.1484
28027.0469
28027.2480
28027.1211
28027.2715
28027.5957
28027.4688
28027.2695
28027.2441
28027.3418
28027.1680
28027.1914
28027.1914
28027.2891
28027.5898
28027.4902
28026.9883
28027.2383
28026.8125
28027.0859
28026.8359
28026.9121
28026.8340
28026.9590
28026.9102
28027.0820
28026.7812
28026.5820
28026.6797
28026.7812
28027.3809
28027.0547
28027.0039
28026.9023
28027.3027
28027.1777
28027.5762
28027.6758
28027.3770
28027.2754
28027.2246
28027.1992
28027.5488
28027.9160
28027.8477
28028.2988
28027.7715
28027.8711
28027.7969
28027.7188
28027.6953
28027.5195
28027.4180
28027.5664
28027.5410
28027.6914
28027.8906
28028.0410
28027.9648
28028.0137
28027.6367
28027.3105
28027.5371
28027.3867
28027.9355
28027.6094
28027.5098
28027.0840
28027.2168
28027.4570
28027.1816
28027.6055
28027.2793
28027.0547
28027.6289
28027.3281
28027.8262
28027.1758
28027.2500
28027.1484
28027.2227
28027.1719
28027.2207
28027.0469
28027.3711
28027.3203
28027.6465
28027.8711
28027.9453
28027.8945
28028.1602
28027.9922
28027.5156
28027.4902
28027.8145
28027.9395
28028.0391
28027.7383
28027.6621
28027.6875
28027.8105
28027.7598
28027.8848
28027.9082
28027.9824
28028.0566
28027.8066
28028.3281
28028.3359
28027.9766
28028.2500
28027.7734
28028.4238
28027.9980
28028.4727
28028.3984
28028.4707
28028.6211
28028.7715
28029.3711
28029.6953
28030.0449
28030.1953
28029.8926
28029.7891
28029.4902
28029.5137
28029.6387
28029.7383
28029.8379
28029.2852
28029.4375
28029.7852
28029.7344
28029.8086
28029.9590
28029.7324
28029.7559
28029.6816
28029.9043
28029.9297
28029.8770
28030.0039
28030.3789
28030.4043
28030.2520
28029.9004
28030.1250
28029.7988
28030.0234
28030.1973
28030.0469
28030.1211
28030.0469
28030.2695
28030.2441
28030.1914
28030.3672
28030.4668
28030.2695
28030.3633
28030.9043
28030.4121
28030.1875
28030.5879
28030.4141
28030.3633
28030.1113
28030.6621
28030.4355
28030.7090
28030.4082
28030.4082
28030.4082
28030.4824
28030.5566
28030.4316
28030.4062
28030.5547
28030.5781
28030.3770
28030.5781
28030.1016
28030.5254
28030.1230
28030.4238
28030.0234
28030.0215
28029.7949
28029.6445
28030.6992
28029.4941
28029.3164
28029.3164
28029.2656
28029.1562
28029.5117
28029.1152
28028.9121
28028.6367
28028.8613
28028.8359
28028.7109
28028.6367
28028.6074
28028.3086
28028.3574
28028.3320
28028.2305
28028.1543
28027.9785
28028.0762
28027.9258
28027.9004
28028.4023
28027.5703
28027.5449
28027.5703
28026.9180
28027.0918
28026.8652
28027.0625
28027.0645
28027.1621
28026.9629
28026.9590
28026.7598
28026.8105
28026.7578
28026.7070
28026.9062
28027.2051
28027.2305
28026.8281
28027.1035
28027.0020
28027.0020
28027.1016
28027.2266
28026.9980
28027.3242
28027.0391
28026.6699
28027.1230
28026.9922
28027.3203
28026.9434
28027.1699
28026.9902
28026.9922
28026.9648
28027.4414
28027.5176
28027.3145
28027.6406
28027.4375
28027.6621
28027.7363
28027.4336
28027.5586
28027.7578
28027.2031
28027.7832
28027.9023
28027.9082
28027.8750
28027.8789
28027.3496
28025.8164
28026.3398
28026.1133
28026.5391
28026.2871
28026.2871
28026.6387
28026.4844
28026.4336
28026.5078
28026.0547
28026.6328
28026.7051
28026.8066
28026.5781
28026.7031
28026.8535
28027.0020
28026.8516
28027.3027
28027.6543
28027.6016
28027.1758
28027.5039
28027.6270
28027.4258
28027.8945
28028.1016
28028.2246
28028.5488
28028.6250
28028.0176
28028.0703
28027.8672
28027.7910
28027.8652
28027.8125
28027.8398
28027.9883
28027.9883
28027.4102
28027.8867
28028.0098
28028.3848
28028.1348
28027.9805
28027.8574
28027.7559
28028.3066
28028.0820
28028.3789
28028.4297
28028.6270
28028.7539
28028.5742
28028.3945
28028.4199
28028.4941
28028.5938
28028.2422
28028.2871
28028.6426
28028.6133
28028.6094
28028.6855
28028.6562
28028.7305
28029.0762
28029.0488
28029.0547
28029.4023
28029.5000
28029.8770
28029.8984
28029.6992
28029.9199
28030.0703
28029.9688
28030.0195
28029.8906
28030.1191
28029.9629
28029.9141
28029.9883
28030.2891
28030.4375
28030.4609
28030.5098
28030.2344
28030.4844
28030.3574
28030.5312
28030.5039
28030.7051
28030.4746
28030.2793
28030.2227
28030.3242
28030.2227
28029.9961
28030.0430
28029.6914
28029.6133
28029.3613
28029.3320
28028.7070
28028.4258
28028.3711
28028.3711
28027.8926
28027.7676
28027.8145
28027.6875
28027.5352
28027.1074
28026.7754
28026.7246
28026.8008
28026.6230
28026.2695
28025.7168
28025.9648
28025.8145
28025.8613
28025.4062
28025.7070
28025.7832
28025.6816
28025.7832
28025.6074
28025.4570
28025.3535
28025.3047
28025.1523
28025.1270
28025.2285
28024.9512
28025.0547
28024.9023
28025.0000
28024.5703
28024.7480
28024.4434
28024.3672
28024.4414
28024.2949
28024.1914
28023.8203
28023.8672
28023.7480
28023.9023
28023.7266
28023.4238
28023.2207
28023.1465
28022.8223
28022.5957
28022.4688
28022.3691
28022.2148
28022.1641
28021.9141
28022.2188
28021.7422
28021.7910
28021.8164
28021.5684
28021.1641
28021.0137
28020.9844
28020.9844
28021.2148
28020.8613
28020.7852
28020.5078
28020.4336
28020.3340
28020.1094
28020.1660
28020.2363
28019.9121
28019.5879
28019.5898
28019.4961
28019.3691
28019.2227
28019.2754
28019.2051
28019.3555
28018.9785
28019.4844
28019.3320
28019.2578
28019.1816
28018.8809
28019.0312
28018.9082
28018.4785
28018.4297
28018.3809
28018.1992
28018.0273
28017.9238
28017.8223
28017.9219
28018.0234
28017.8516
28017.4492
28017.9766
28017.8789
28017.6035
28017.9824
28017.4258
28017.6758
28017.5039
28017.3496
28017.3242
28017.1797
28016.9766
28017.0742
28016.8301
28016.8242
28016.9512
28016.7227
28016.7500
28016.4766
28016.5996
28016.7285
28016.7988
28016.9258
28016.8281
28016.8281
28017.1035
28017.1309
28017.0547
28016.9316
28017.2539
28017.2793
28017.4297
28017.3574
28017.4844
28017.3750
28017.6270
28017.5508
28017.7012
28017.6992
28017.8711
28017.7949
28017.9492
28017.9492
28017.9238
28017.9199
28018.0781
28018.6055
28018.5840
28018.6836
28018.8301
28018.9355
28019.0820
28019.3320
28019.2559
28019.0801
28019.1582
28019.0566
28018.9844
28019.2852
28019.2871
28019.2871
28019.6133
28019.5898
28019.8633
28020.0586
28019.8828
28019.8555
28020.0859
28019.6758
28020.1094
28019.8105
28020.1855
28020.2578
28020.0762
28020.2324
28020.3105
28020.4355
28020.6348
28020.9141
28020.9609
28021.0918
28021.2402
28021.3438
28021.8496
28021.7246
28022.1758
28022.2266
28022.4551
28022.4785
28022.6816
28022.8086
28022.9355
28022.7363
28022.7871
28022.8867
28023.1621
28023.0625
28023.1895
28023.2695
28023.3965
28023.3242
28023.4473
28023.8535
28023.7539
28023.9785
28024.0293
28024.0762
28023.9512
28023.8262
28023.8496
28023.6973
28023.3242
28022.9922
28023.0449
28023.1641
28023.3438
28023.2148
28023.2148
28023.4414
28023.6445
28023.9258
28023.8730
28024.1992
28024.2227
28024.1230
28024.5488
28024.2598
28024.3203
28024.1719
28024.0430
28023.7656
28023.8672
28023.7949
28023.9902
28023.9180
28024.0918
28024.2441
28024.3672
28024.1191
28024.2715
28024.3984
28024.6973
28024.7012
28024.9062
28024.9531
28024.8281
28024.7422
28025.0039
28024.6504
28024.7969
28024.7246
28024.7969
28024.8711
28024.9238
28024.7227
28024.7695
28024.8652
28024.5664
28024.9453
28024.9980
28025.0449
28025.0449
28025.0000
28025.0996
28025.0469
28024.9473
28024.9414
28025.2637
28025.2637
28025.1348
28025.0879
28025.1816
28025.1855
28025.0820
28025.4082
28025.2285
28025.2559
28025.5020
28025.5254
28025.6016
28025.8047
28025.7012
28026.0332
28026.0566
28026.2559
28026.2070
28026.4551
28026.3262
28026.4824
28026.2773
28026.3945
28026.5234
28026.3418
28026.4453
28026.4453
28026.3926
28026.3398
28026.2910
28026.2578
28026.4375
28026.2812
28026.2324
28026.3320
28026.4277
28026.2734
28026.2734
28026.0977
28026.1484
28026.3770
28026.4238
28026.4238
28026.4277
28026.3984
28026.5742
28026.3223
28026.6953
28026.5957
28026.3965
28026.8438
28026.5410
28026.6699
28026.5977
28026.6875
28026.6836
28026.6348
28026.6328
28026.7324
28026.6855
28026.4258
28027.3184
28026.8027
28026.7773
28027.1777
28027.1621
28027.1582
28027.4902
28027.2422
28027.3457
28027.5000
28027.2266
28027.6797
28027.9316
28028.0820
28028.2363
