  -5.4792
  -5.3379
  -5.1896
  -5.0424
  -4.8986
  -4.7585
  -4.6236
  -4.4826
  -4.3438
  -4.1973
  -4.0503
  -3.9094
  -3.7685
  -3.6254
  -3.4840
  -3.3481
  -3.2049
  -3.0785
  -2.9448
  -2.8116
  -2.6863
  -2.5682
  -2.4489
  -2.3340
  -2.2187
  -2.1138
  -2.0072
  -1.9050
  -1.8011
  -1.6970
  -1.5998
  -1.6147
  -1.6240
  -1.6344
  -1.6510
  -1.6670
  -1.6799
  -1.6927
  -1.7105
  -1.7295
  -1.7456
  -1.7707
  -1.7963
  -1.8241
  -1.8486
  -1.8741
  -1.8896
  -1.9174
  -1.9435
  -1.9596
  -1.9797
  -1.9971
  -2.0099
  -2.0166
  -2.0166
  -2.0176
  -2.0139
  -2.0111
  -2.0057
  -1.9951
  -1.9955
  -1.9937
  -1.9901
  -1.9889
  -1.9881
  -1.9869
  -1.9924
  -1.9936
  -1.9947
  -1.9949
  -2.0017
  -2.0073
  -2.0108
  -2.0097
  -2.0107
  -2.0234
  -2.0162
  -2.0206
  -2.0185
  -2.0147
  -2.0057
  -2.0013
  -1.9929
  -1.9806
  -1.9621
  -1.9580
  -1.9411
  -1.9380
  -1.9338
  -1.9214
  -1.9223
  -1.9143
  -1.9047
  -1.9002
  -1.8961
  -1.8881
  -1.8794
  -1.8752
  -1.8654
  -1.8585
  -1.8483
  -1.8359
  -1.8165
  -1.7927
  -1.7578
  -1.7208
  -1.6758
  -1.6352
  -1.5835
  -1.5302
  -1.4823
  -1.4349
  -1.3817
  -1.3336
  -1.2892
  -1.2466
  -1.1964
  -1.1457
  -1.0898
  -1.0382
  -0.9921
  -0.9482
  -0.9057
  -0.8683
  -0.8349
  -0.7984
  -0.7666
  -0.7300
  -0.6945
  -0.6586
  -0.6200
  -0.5840
  -0.5531
  -0.5258
  -0.4971
  -0.4681
  -0.4329
  -0.4151
  -0.3959
  -0.3760
  -0.3662
  -0.3576
  -0.3516
  -0.3433
  -0.3414
  -0.3252
  -0.3100
  -0.2956
  -0.2707
  -0.2433
  -0.2103
  -0.1751
  -0.1386
  -0.1020
  -0.0653
  -0.0313
   0.0046
   0.0280
   0.0583
   0.0825
   0.1074
   0.1341
   0.1522
   0.1669
   0.1816
   0.1830
   0.1818
   0.1721
   0.1495
   0.1353
   0.1088
   0.0888
   0.0650
   0.0349
  -0.0009
  -0.0350
  -0.0719
  -0.1151
  -0.1584
  -0.2072
  -0.2531
  -0.2946
  -0.3263
  -0.3639
  -0.3946
  -0.4168
  -0.4357
  -0.4510
  -0.4702
  -0.4875
  -0.5066
  -0.5182
  -0.5346
  -0.5393
  -0.5439
  -0.5434
  -0.5427
  -0.5436
  -0.5433
  -0.5384
  -0.5337
  -0.5253
  -0.5141
  -0.4958
  -0.4780
  -0.4605
  -0.4548
  -0.4358
  -0.4137
  -0.4051
  -0.3966
  -0.3972
  -0.3941
  -0.3890
  -0.3815
  -0.3717
  -0.3614
  -0.3557
  -0.3402
  -0.3269
  -0.3212
  -0.3193
  -0.3189
  -0.3220
  -0.3216
  -0.3314
  -0.3367
  -0.3463
  -0.3585
  -0.3638
  -0.3813
  -0.3954
  -0.4215
  -0.4392
  -0.4563
  -0.4633
  -0.4714
  -0.4712
  -0.4822
  -0.4891
  -0.4969
  -0.5128
  -0.5385
  -0.5583
  -0.5768
  -0.5954
  -0.6102
  -0.6281
  -0.6530
  -0.6738
  -0.6952
  -0.7166
  -0.7498
  -0.7658
  -0.7935
  -0.8151
  -0.8440
  -0.8785
  -0.9133
  -0.9466
  -0.9786
  -1.0089
  -1.0350
  -1.0641
  -1.0857
  -1.1142
  -1.1447
  -1.1770
  -1.2150
  -1.2569
  -1.2908
  -1.3176
  -1.3432
  -1.3649
  -1.3943
  -1.4233
  -1.4568
  -1.4851
  -1.5100
  -1.5376
  -1.5720
  -1.6016
  -1.6263
  -1.6489
  -1.6648
  -1.6796
  -1.6881
  -1.6884
  -1.6907
  -1.6735
  -1.6527
  -1.6129
  -1.5793
  -1.5365
  -1.5015
  -1.4638
  -1.4269
  -1.3904
  -1.3572
  -1.3113
  -1.2706
  -1.2269
  -1.1768
  -1.1128
  -1.0558
  -0.9892
  -0.9224
  -0.8675
  -0.8157
  -0.7604
  -0.6990
  -0.6408
  -0.5801
  -0.5207
  -0.4678
  -0.4159
  -0.3668
  -0.3253
  -0.2788
  -0.2313
  -0.1831
  -0.1401
  -0.1012
  -0.0667
  -0.0377
  -0.0167
   0.0060
   0.0294
   0.0509
   0.0730
   0.0919
   0.1088
   0.1166
   0.1194
   0.1167
   0.1151
   0.1128
   0.1132
   0.1130
   0.1114
   0.1069
   0.1074
   0.1105
   0.1139
   0.1124
   0.1103
   0.1084
   0.1095
   0.1055
   0.1056
   0.0858
   0.0495
  -0.0143
  -0.0750
  -0.1360
  -0.1904
  -0.2516
  -0.3208
  -0.3974
  -0.4756
  -0.5526
  -0.6311
  -0.7120
  -0.7943
  -0.8837
  -0.9763
  -1.0751
  -1.1805
  -1.2838
  -1.3769
  -1.4676
  -1.5569
  -1.6388
  -1.7180
  -1.7919
  -1.8581
  -1.9219
  -1.9825
  -2.0349
  -2.0841
  -2.1283
  -2.1730
  -2.2122
  -2.2496
  -2.2838
  -2.3135
  -2.3454
  -2.3741
  -2.4028
  -2.4326
  -2.4607
  -2.4843
  -2.5041
  -2.5245
  -2.5410
  -2.5518
  -2.5629
  -2.5755
  -2.5893
  -2.6053
  -2.6223
  -2.6332
  -2.6423
  -2.6531
  -2.6672
  -2.6871
  -2.7138
  -2.7411
  -2.7695
  -2.7968
  -2.8252
  -2.8514
  -2.8651
  -2.8642
  -2.8604
  -2.8656
  -2.8738
  -2.8831
  -2.8833
  -2.8828
  -2.8842
  -2.8928
  -2.8988
  -2.9058
  -2.9104
  -2.9132
  -2.9107
  -2.9049
  -2.8999
  -2.8910
  -2.8888
  -2.8893
  -2.8940
  -2.9049
  -2.9226
  -2.9455
  -2.9776
  -3.0108
  -3.0471
  -3.0847
  -3.1256
  -3.1676
  -3.2103
  -3.2567
  -3.3036
  -3.3511
  -3.4008
  -3.4494
  -3.5001
  -3.5500
  -3.5972
  -3.6456
  -3.6988
  -3.7516
  -3.8033
  -3.8543
  -3.9078
  -3.9608
  -4.0146
  -4.0683
  -4.1220
  -4.1771
  -4.2333
  -4.2899
  -4.3468
  -4.4003
  -4.4471
  -4.4878
  -4.5304
  -4.5733
  -4.6209
  -4.6651
  -4.7071
  -4.7492
  -4.7917
  -4.8318
  -4.8665
  -4.9015
  -4.9325
  -4.9658
  -4.9944
  -5.0217
  -5.0461
  -5.0709
  -5.0967
  -5.1220
  -5.1484
  -5.1769
  -5.2060
  -5.2338
  -5.2632
  -5.2910
  -5.3162
  -5.3363
  -5.3553
  -5.3710
  -5.3843
  -5.3926
  -5.3986
  -5.4040
  -5.4121
  -5.4221
  -5.4294
  -5.4394
  -5.4473
  -5.4573
  -5.4685
  -5.4790
  -5.4879
  -5.4958
  -5.4997
  -5.5049
  -5.5083
  -5.5107
  -5.5133
  -5.5157
  -5.5181
  -5.5191
  -5.5212
  -5.5252
  -5.5331
  -5.5423
  -5.5510
  -5.5601
  -5.5707
  -5.5746
  -5.5770
  -5.5771
  -5.5766
  -5.5760
  -5.5768
  -5.5771
  -5.5798
  -5.5813
  -5.5825
  -5.5865
  -5.5908
  -5.5960
  -5.5998
  -5.6056
  -5.6103
  -5.6171
  -5.6223
  -5.6272
  -5.6301
  -5.6296
  -5.6270
  -5.6238
  -5.6228
  -5.6204
  -5.6152
  -5.6085
  -5.6002
  -5.5951
  -5.5930
  -5.5919
  -5.5910
  -5.5931
  -5.5985
  -5.6067
  -5.6147
  -5.6231
  -5.6266
  -5.6327
  -5.6335
  -5.6334
  -5.6267
  -5.6223
  -5.6160
  -5.6084
  -5.6003
  -5.5976
  -5.5925
  -5.5936
  -5.5957
  -5.5945
  -5.5934
  -5.5941
  -5.5961
  -5.5953
  -5.5931
  -5.5849
  -5.5757
  -5.5684
  -5.5574
  -5.5515
  -5.5466
  -5.5489
  -5.5546
  -5.5585
  -5.5677
  -5.5755
  -5.5837
  -5.5962
  -5.6053
  -5.6174
  -5.6227
  -5.6339
  -5.6370
  -5.6400
  -5.6427
  -5.6408
  -5.6380
  -5.6387
  -5.6354
  -5.6305
  -5.6301
  -5.6290
  -5.6288
  -5.6274
  -5.6218
  -5.6191
  -5.6170
  -5.6203
  -5.6220
  -5.6206
  -5.6243
  -5.6267
  -5.6277
  -5.6286
  -5.6264
  -5.6254
  -5.6198
  -5.6189
  -5.6131
  -5.6108
  -5.6058
  -5.6021
  -5.5969
  -5.5871
  -5.5763
  -5.5645
  -5.5517
  -5.5370
  -5.5222
  -5.4998
  -5.4847
  -5.4652
  -5.4476
  -5.4307
  -5.4121
  -5.3931
  -5.3776
  -5.3574
  -5.3417
  -5.3238
  -5.3030
  -5.2862
  -5.2642
  -5.2358
  -5.2069
  -5.1723
  -5.1438
  -5.1105
  -5.0750
  -5.0439
  -5.0140
  -4.9875
  -4.9589
  -4.9314
  -4.9134
  -4.8898
  -4.8720
  -4.8547
  -4.8341
  -4.8196
  -4.8053
  -4.7923
  -4.7805
  -4.7730
  -4.7680
  -4.7673
  -4.7639
  -4.7553
  -4.7449
  -4.7285
  -4.7227
  -4.7024
  -4.6831
  -4.6628
  -4.6428
  -4.6239
  -4.6078
  -4.5948
  -4.5760
  -4.5626
  -4.5503
  -4.5383
  -4.5291
  -4.5130
  -4.5008
  -4.4832
  -4.4646
  -4.4383
  -4.4132
  -4.3808
  -4.3589
  -4.3263
  -4.3041
  -4.2778
  -4.2562
  -4.2348
  -4.2169
  -4.1992
  -4.1810
  -4.1584
  -4.1388
  -4.1226
  -4.1026
  -4.0831
  -4.0683
  -4.0521
  -4.0370
  -4.0113
  -3.9984
  -3.9782
  -3.9601
  -3.9422
  -3.9222
  -3.9045
  -3.8873
  -3.8654
  -3.8485
  -3.8347
  -3.8163
  -3.8048
  -3.7854
  -3.7704
  -3.7506
  -3.7316
  -3.7063
  -3.6817
  -3.6567
  -3.6350
  -3.6231
  -3.6026
  -3.5912
  -3.5715
  -3.5589
  -3.5472
  -3.5414
  -3.5272
  -3.5224
  -3.5027
  -3.4891
  -3.4852
  -3.4718
  -3.4621
  -3.4540
  -3.4438
  -3.4394
  -3.4375
  -3.4424
  -3.4528
  -3.4670
  -3.4837
  -3.5092
  -3.5300
  -3.5659
  -3.5930
  -3.6222
  -3.6412
  -3.6639
  -3.6849
  -3.7075
  -3.7397
  -3.7666
  -3.8017
  -3.8302
  -3.8632
  -3.8931
  -3.9221
  -3.9609
  -3.9975
  -4.0420
  -4.0784
  -4.1215
  -4.1691
  -4.2142
  -4.2678
  -4.3134
  -4.3692
  -4.4185
  -4.4594
  -4.5002
  -4.5432
  -4.5859
  -4.6396
  -4.6914
  -4.7447
  -4.7932
  -4.8439
  -4.8968
  -4.9553
  -5.0093
  -5.0618
  -5.1193
  -5.1713
  -5.2263
  -5.2820
  -5.3337
  -5.3815
  -5.4353
  -5.4823
  -5.5338
  -5.5850
  -5.6281
  -5.6811
  -5.7280
  -5.7825
  -5.8362
  -5.8951
  -5.9496
  -6.0027
  -6.0539
  -6.1070
  -6.1665
  -6.2183
  -6.2690
  -6.3111
  -6.3572
  -6.3991
  -6.4456
  -6.4900
  -6.5314
  -6.5715
  -6.6003
  -6.6324
  -6.6617
  -6.6879
  -6.7097
  -6.7349
  -6.7553
  -6.7742
  -6.7932
  -6.8115
  -6.8218
  -6.8339
  -6.8334
  -6.8297
  -6.8208
  -6.8173
  -6.8150
  -6.8097
  -6.8163
  -6.8246
  -6.8310
  -6.8405
  -6.8439
  -6.8492
  -6.8549
  -6.8632
  -6.8732
  -6.8781
  -6.8783
  -6.8733
  -6.8656
  -6.8630
  -6.8610
  -6.8549
  -6.8540
  -6.8517
  -6.8425
  -6.8422
  -6.8322
  -6.8354
  -6.8313
  -6.8275
  -6.8259
  -6.8184
  -6.8076
  -6.7994
  -6.7838
  -6.7721
  -6.7621
  -6.7518
  -6.7401
  -6.7242
  -6.7025
  -6.6866
  -6.6693
  -6.6497
  -6.6310
  -6.6136
  -6.5944
  -6.5760
  -6.5499
  -6.5321
  -6.5137
  -6.4911
  -6.4712
  -6.4528
  -6.4337
  -6.4186
  -6.3962
  -6.3807
  -6.3602
  -6.3432
  -6.3221
  -6.3042
  -6.2896
  -6.2698
  -6.2449
  -6.2154
  -6.1870
  -6.1600
  -6.1218
  -6.0850
  -6.0391
  -5.9955
  -5.9447
  -5.8927
  -5.8433
  -5.7913
  -5.7344
  -5.6777
  -5.6234
  -5.5686
  -5.5126
  -5.4494
  -5.3927
  -5.3298
  -5.2700
  -5.2150
  -5.1518
  -5.0921
  -5.0232
  -4.9551
  -4.8861
  -4.8048
  -4.7289
  -4.6451
  -4.5580
  -4.4725
  -4.3814
  -4.2873
  -4.1868
  -4.0858
  -3.9750
  -3.8666
  -3.7551
  -3.6432
  -3.5302
  -3.4162
  -3.2972
  -3.1836
  -3.0695
  -2.9583
  -2.8435
  -2.7278
  -2.6122
  -2.4976
  -2.3874
  -2.2684
  -2.1527
  -2.0325
  -1.9110
  -1.7880
  -1.6697
  -1.5461
  -1.4229
  -1.2994
  -1.1725
  -1.0467
  -0.9194
  -0.7935
  -0.6637
  -0.5357
  -0.4064
  -0.2843
  -0.1547
  -0.0306
   0.0868
   0.2061
   0.3245
   0.4400
   0.5568
   0.6717
   0.7878
   0.9088
   1.0223
   1.1328
   1.2444
   1.3525
   1.4610
   1.5641
   1.6675
   1.7721
   1.8757
   1.9805
   2.0800
   2.1821
   2.2927
   2.3990
   2.5059
   2.6055
   2.7011
   2.7911
   2.8856
   2.9729
   3.0526
   3.1406
   3.2214
   3.3061
   3.3889
   3.4713
   3.5552
   3.6390
   3.7147
   3.7932
   3.8726
   3.9445
   4.0243
   4.1096
   4.1833
   4.2643
   4.3366
   4.4174
   4.4897
   4.5677
   4.6365
   4.7050
   4.7755
   4.8394
   4.8961
   4.9574
   5.0120
   5.0705
   5.1237
   5.1713
   5.2235
   5.2698
   5.3102
   5.3636
   5.4075
   5.4479
   5.4848
   5.5157
   5.5456
   5.5715
   5.5924
   5.6132
   5.6398
   5.6697
   5.6980
   5.7180
   5.7458
   5.7629
   5.7763
   5.7838
   5.7850
   5.7849
   5.7747
   5.7458
   5.7172
   5.6816
   5.6467
   5.6115
   5.5735
   5.5353
   5.4964
   5.4695
   5.4323
   5.3967
   5.3567
   5.3116
   5.2631
   5.2126
   5.1607
   5.1101
   5.0640
   5.0230
   4.9905
   4.9463
   4.8964
   4.8462
   4.7843
   4.7164
   4.6427
   4.5685
   4.4866
   4.4046
   4.3259
   4.2495
   4.1720
   4.0929
   4.0037
   3.9180
   3.8187
   3.7131
   3.6042
   3.4959
   3.3841
   3.2780
   3.1677
   3.0606
   2.9554
   2.8534
   2.7553
   2.6604
   2.5675
   2.4697
   2.3714
   2.2702
   2.1666
   2.0634
   1.9600
   1.8625
   1.7663
   1.6713
   1.5769
   1.4871
   1.3923
   1.3045
   1.2217
   1.1396
   1.0586
   0.9669
   0.8796
   0.7885
   0.6870
   0.5868
   0.4735
   0.3625
   0.2515
   0.1387
   0.0249
  -0.0790
  -0.1837
  -0.2819
  -0.3808
  -0.4943
  -0.6157
  -0.7423
  -0.8630
  -0.9888
  -1.0996
  -1.2099
  -1.3098
  -1.4121
  -1.5080
  -1.6076
  -1.7011
  -1.7975
  -1.8968
  -2.0073
  -2.1129
  -2.2129
  -2.3150
  -2.4080
  -2.4855
  -2.5639
  -2.6377
  -2.7119
  -2.7860
  -2.8650
  -2.9383
  -3.0084
  -3.0894
  -3.1718
  -3.2547
  -3.3447
  -3.4263
  -3.5148
  -3.5991
  -3.6925
  -3.7857
  -3.8662
  -3.9521
  -4.0437
  -4.1364
  -4.2256
  -4.3193
  -4.4112
  -4.5084
  -4.5973
  -4.6860
  -4.7714
  -4.8487
  -4.9350
  -5.0153
  -5.1010
  -5.1887
  -5.2677
  -5.3466
  -5.4243
  -5.5015
  -5.5855
  -5.6773
  -5.7568
  -5.8426
  -5.9239
  -5.9968
  -6.0697
  -6.1392
  -6.2097
  -6.2713
  -6.3463
  -6.4182
  -6.4934
  -6.5607
  -6.6308
  -6.6989
  -6.7677
  -6.8412
  -6.9135
  -6.9798
  -7.0445
  -7.1150
  -7.1817
  -7.2492
  -7.3213
  -7.3880
  -7.4603
  -7.5223
  -7.5866
  -7.6531
  -7.7143
  -7.7742
  -7.8251
  -7.8771
  -7.9323
  -7.9793
  -8.0302
  -8.0752
  -8.1151
  -8.1499
  -8.1868
  -8.2303
  -8.2828
  -8.3243
  -8.3724
  -8.4130
  -8.4527
  -8.4917
  -8.5188
  -8.5499
  -8.5761
  -8.5934
  -8.6121
  -8.6183
  -8.6245
  -8.6180
  -8.6133
  -8.6052
  -8.6042
  -8.5996
  -8.5854
  -8.5626
  -8.5319
  -8.5152
  -8.4977
  -8.4812
  -8.4658
  -8.4560
  -8.4470
  -8.4416
  -8.4329
  -8.4234
  -8.4071
  -8.3961
  -8.3832
  -8.3689
  -8.3467
  -8.3247
  -8.3023
  -8.2766
  -8.2471
  -8.2188
  -8.1890
  -8.1618
  -8.1348
  -8.1065
  -8.0843
  -8.0540
  -8.0348
  -8.0167
  -7.9907
  -7.9703
  -7.9526
  -7.9330
  -7.9116
  -7.8846
  -7.8621
  -7.8350
  -7.8148
  -7.7942
  -7.7731
  -7.7536
  -7.7342
  -7.7077
  -7.6852
  -7.6623
  -7.6405
  -7.6105
  -7.5796
  -7.5562
  -7.5326
  -7.5100
  -7.4918
  -7.4666
  -7.4465
  -7.4282
  -7.4160
  -7.4037
  -7.4044
  -7.3967
  -7.3960
  -7.4023
  -7.4110
  -7.4339
  -7.4499
  -7.4666
  -7.4835
  -7.5041
  -7.5236
  -7.5435
  -7.5582
  -7.5780
  -7.5947
  -7.6151
  -7.6288
  -7.6489
  -7.6657
  -7.6827
  -7.6979
  -7.7053
  -7.7094
  -7.7124
  -7.7032
  -7.6950
  -7.6715
  -7.6526
  -7.6359
  -7.6101
  -7.5935
  -7.5767
  -7.5639
  -7.5545
  -7.5507
  -7.5476
  -7.5467
  -7.5407
  -7.5479
  -7.5498
  -7.5595
  -7.5622
  -7.5647
  -7.5703
  -7.5742
  -7.5718
  -7.5761
  -7.5811
  -7.5791
  -7.5913
  -7.6074
  -7.6241
  -7.6409
  -7.6663
  -7.6943
  -7.7300
  -7.7661
  -7.8083
  -7.8537
  -7.8989
  -7.9411
  -7.9792
  -8.0158
  -8.0537
  -8.0867
  -8.1207
  -8.1529
  -8.1795
  -8.2039
  -8.2319
  -8.2582
  -8.2685
  -8.2847
  -8.3048
  -8.3194
  -8.3418
  -8.3719
  -8.4075
  -8.4367
  -8.4701
  -8.5053
  -8.5497
  -8.5972
  -8.6574
  -8.7178
  -8.7847
  -8.8486
  -8.9274
  -8.9957
  -9.0665
  -9.1403
  -9.2006
  -9.2614
  -9.3163
  -9.3620
  -9.3979
  -9.4333
  -9.4684
  -9.5009
  -9.5239
  -9.5422
  -9.5533
  -9.5707
  -9.5892
  -9.6041
  -9.5036
  -9.4078
  -9.3061
  -9.1944
  -9.0818
  -8.9607
  -8.8417
  -8.7175
  -8.5940
  -8.4655
  -8.3345
  -8.1998
  -8.0670
  -7.9310
  -7.7905
  -7.6457
  -7.5004
  -7.3506
  -7.2071
  -7.0528
  -6.9046
  -6.7531
  -6.5968
  -6.4525
  -6.3088
  -6.1646
  -6.0186
  -5.8850
  -5.7468
  -5.6028
