  -6.0537
  -6.0332
  -6.0092
  -5.9914
  -5.9775
  -5.9686
  -5.9609
  -5.9518
  -5.9420
  -5.9331
  -5.9176
  -5.9015
  -5.8853
  -5.8693
  -5.8556
  -5.8463
  -5.8313
  -5.8195
  -5.8110
  -5.8031
  -5.7947
  -5.7882
  -5.7849
  -5.7871
  -5.7893
  -5.7945
  -5.7964
  -5.7963
  -5.7960
  -5.7875
  -5.7791
  -5.7264
  -5.6720
  -5.6138
  -5.5529
  -5.4975
  -5.4434
  -5.3860
  -5.3267
  -5.2647
  -5.2043
  -5.1424
  -5.0804
  -5.0189
  -4.9692
  -4.9194
  -4.8714
  -4.8221
  -4.7773
  -4.7279
  -4.6833
  -4.6458
  -4.6126
  -4.5826
  -4.5595
  -4.5373
  -4.5201
  -4.5020
  -4.4854
  -4.4719
  -4.4646
  -4.4582
  -4.4531
  -4.4507
  -4.4443
  -4.4350
  -4.4276
  -4.4239
  -4.4223
  -4.4273
  -4.4292
  -4.4365
  -4.4453
  -4.4596
  -4.4745
  -4.4860
  -4.4977
  -4.5173
  -4.5370
  -4.5572
  -4.5787
  -4.6024
  -4.6260
  -4.6491
  -4.6706
  -4.6960
  -4.7187
  -4.7388
  -4.7622
  -4.7892
  -4.8172
  -4.8474
  -4.8800
  -4.9135
  -4.9485
  -4.9870
  -5.0188
  -5.0488
  -5.0766
  -5.1041
  -5.1311
  -5.1549
  -5.1774
  -5.2040
  -5.2298
  -5.2501
  -5.2717
  -5.2943
  -5.3192
  -5.3431
  -5.3707
  -5.3979
  -5.4249
  -5.4478
  -5.4679
  -5.4856
  -5.5035
  -5.5207
  -5.5351
  -5.5491
  -5.5594
  -5.5661
  -5.5735
  -5.5798
  -5.5834
  -5.5930
  -5.6027
  -5.6115
  -5.6188
  -5.6282
  -5.6363
  -5.6467
  -5.6505
  -5.6528
  -5.6494
  -5.6465
  -5.6438
  -5.6434
  -5.6435
  -5.6460
  -5.6463
  -5.6478
  -5.6473
  -5.6508
  -5.6517
  -5.6505
  -5.6439
  -5.6369
  -5.6308
  -5.6187
  -5.6031
  -5.5841
  -5.5630
  -5.5297
  -5.5051
  -5.4772
  -5.4474
  -5.4226
  -5.4001
  -5.3756
  -5.3489
  -5.3286
  -5.3016
  -5.2790
  -5.2508
  -5.2209
  -5.1851
  -5.1481
  -5.1036
  -5.0556
  -5.0032
  -4.9431
  -4.8813
  -4.8145
  -4.7480
  -4.6761
  -4.6049
  -4.5280
  -4.4486
  -4.3676
  -4.2854
  -4.2032
  -4.1190
  -4.0354
  -3.9522
  -3.8718
  -3.7873
  -3.7050
  -3.6224
  -3.5417
  -3.4626
  -3.3804
  -3.3021
  -3.2310
  -3.1609
  -3.0928
  -3.0229
  -2.9533
  -2.8825
  -2.8087
  -2.7362
  -2.6674
  -2.5947
  -2.5175
  -2.4391
  -2.3634
  -2.2850
  -2.2109
  -2.1343
  -2.0603
  -1.9907
  -1.9249
  -1.8569
  -1.7974
  -1.7487
  -1.6886
  -1.6335
  -1.5809
  -1.5266
  -1.4701
  -1.4184
  -1.3668
  -1.3104
  -1.2632
  -1.2120
  -1.1641
  -1.1169
  -1.0725
  -1.0296
  -0.9933
  -0.9583
  -0.9247
  -0.8980
  -0.8705
  -0.8450
  -0.8210
  -0.8022
  -0.7831
  -0.7719
  -0.7629
  -0.7563
  -0.7524
  -0.7479
  -0.7502
  -0.7495
  -0.7503
  -0.7494
  -0.7520
  -0.7528
  -0.7517
  -0.7444
  -0.7361
  -0.7292
  -0.7168
  -0.7007
  -0.6808
  -0.6605
  -0.6405
  -0.6201
  -0.5989
  -0.5767
  -0.5533
  -0.5321
  -0.5171
  -0.5063
  -0.4933
  -0.4793
  -0.4725
  -0.4642
  -0.4622
  -0.4595
  -0.4608
  -0.4632
  -0.4739
  -0.4819
  -0.4911
  -0.5019
  -0.5139
  -0.5233
  -0.5323
  -0.5409
  -0.5507
  -0.5626
  -0.5756
  -0.5874
  -0.6010
  -0.6157
  -0.6328
  -0.6543
  -0.6764
  -0.6959
  -0.7203
  -0.7467
  -0.7751
  -0.8045
  -0.8362
  -0.8725
  -0.9120
  -0.9514
  -0.9847
  -1.0129
  -1.0379
  -1.0608
  -1.0845
  -1.1012
  -1.1202
  -1.1376
  -1.1590
  -1.1787
  -1.1957
  -1.2138
  -1.2323
  -1.2526
  -1.2756
  -1.3044
  -1.3379
  -1.3796
  -1.4219
  -1.4649
  -1.5073
  -1.5489
  -1.5904
  -1.6320
  -1.6704
  -1.7035
  -1.7340
  -1.7648
  -1.7961
  -1.8234
  -1.8518
  -1.8755
  -1.8983
  -1.9177
  -1.9344
  -1.9487
  -1.9576
  -1.9672
  -1.9764
  -1.9829
  -1.9902
  -1.9967
  -2.0042
  -2.0105
  -2.0168
  -2.0227
  -2.0325
  -2.0430
  -2.0535
  -2.0657
  -2.0748
  -2.0852
  -2.0956
  -2.1012
  -2.1046
  -2.1056
  -2.1050
  -2.1009
  -2.0957
  -2.0871
  -2.0791
  -2.0749
  -2.0754
  -2.0792
  -2.0833
  -2.0882
  -2.0951
  -2.0993
  -2.1003
  -2.0966
  -2.0926
  -2.0920
  -2.0912
  -2.0934
  -2.0938
  -2.0932
  -2.0889
  -2.0840
  -2.0737
  -2.0620
  -2.0466
  -2.0300
  -2.0120
  -1.9951
  -1.9753
  -1.9556
  -1.9365
  -1.9159
  -1.8965
  -1.8767
  -1.8575
  -1.8374
  -1.8182
  -1.8010
  -1.7828
  -1.7655
  -1.7509
  -1.7361
  -1.7190
  -1.7023
  -1.6862
  -1.6711
  -1.6554
  -1.6444
  -1.6350
  -1.6251
  -1.6145
  -1.6030
  -1.5902
  -1.5799
  -1.5656
  -1.5543
  -1.5440
  -1.5359
  -1.5292
  -1.5269
  -1.5270
  -1.5287
  -1.5316
  -1.5335
  -1.5346
  -1.5352
  -1.5354
  -1.5319
  -1.5264
  -1.5215
  -1.5145
  -1.5096
  -1.5079
  -1.5080
  -1.5095
  -1.5113
  -1.5112
  -1.5130
  -1.5143
  -1.5165
  -1.5193
  -1.5233
  -1.5236
  -1.5236
  -1.5226
  -1.5244
  -1.5297
  -1.5373
  -1.5433
  -1.5516
  -1.5604
  -1.5698
  -1.5797
  -1.5897
  -1.5950
  -1.6018
  -1.6103
  -1.6185
  -1.6256
  -1.6339
  -1.6391
  -1.6377
  -1.6380
  -1.6356
  -1.6348
  -1.6329
  -1.6277
  -1.6204
  -1.6075
  -1.5873
  -1.5624
  -1.5339
  -1.4988
  -1.4591
  -1.4116
  -1.3622
  -1.3087
  -1.2502
  -1.1897
  -1.1317
  -1.0739
  -1.0184
  -0.9645
  -0.9117
  -0.8535
  -0.7951
  -0.7344
  -0.6742
  -0.6154
  -0.5581
  -0.5010
  -0.4456
  -0.3881
  -0.3296
  -0.2719
  -0.2141
  -0.1552
  -0.1030
  -0.0584
  -0.0159
   0.0250
   0.0722
   0.1233
   0.1745
   0.2302
   0.2867
   0.3412
   0.3971
   0.4479
   0.4947
   0.5361
   0.5753
   0.6139
   0.6512
   0.6929
   0.7334
   0.7768
   0.8259
   0.8776
   0.9344
   0.9986
   1.0652
   1.1287
   1.1964
   1.2576
   1.3214
   1.3803
   1.4330
   1.4797
   1.5219
   1.5575
   1.5890
   1.6171
   1.6414
   1.6614
   1.6790
   1.6932
   1.7047
   1.7129
   1.7194
   1.7283
   1.7394
   1.7531
   1.7678
   1.7841
   1.7973
   1.8123
   1.8242
   1.8398
   1.8557
   1.8675
   1.8897
   1.9094
   1.9285
   1.9472
   1.9628
   1.9755
   1.9860
   1.9999
   2.0198
   2.0420
   2.0654
   2.0813
   2.0933
   2.1048
   2.1135
   2.1250
   2.1428
   2.1684
   2.2049
   2.2493
   2.3021
   2.3589
   2.4175
   2.4758
   2.5301
   2.5797
   2.6255
   2.6654
   2.7011
   2.7308
   2.7536
   2.7703
   2.7845
   2.7958
   2.8105
   2.8241
   2.8403
   2.8625
   2.8870
   2.9173
   2.9488
   2.9793
   3.0111
   3.0409
   3.0685
   3.0947
   3.1220
   3.1486
   3.1795
   3.2097
   3.2399
   3.2710
   3.3049
   3.3407
   3.3732
   3.4024
   3.4297
   3.4536
   3.4741
   3.4944
   3.5159
   3.5261
   3.5396
   3.5549
   3.5686
   3.5850
   3.6038
   3.6256
   3.6430
   3.6648
   3.6854
   3.7087
   3.7368
   3.7632
   3.7915
   3.8186
   3.8424
   3.8613
   3.8712
   3.8768
   3.8776
   3.8757
   3.8748
   3.8727
   3.8749
   3.8768
   3.8824
   3.8903
   3.9029
   3.9155
   3.9344
   3.9547
   3.9748
   3.9984
   4.0173
   4.0355
   4.0548
   4.0729
   4.0930
   4.1148
   4.1311
   4.1511
   4.1702
   4.1860
   4.2020
   4.2169
   4.2327
   4.2486
   4.2663
   4.2806
   4.2972
   4.3124
   4.3276
   4.3397
   4.3542
   4.3684
   4.3859
   4.4000
   4.4170
   4.4317
   4.4496
   4.4679
   4.4864
   4.5060
   4.5247
   4.5492
   4.5728
   4.6002
   4.6228
   4.6485
   4.6735
   4.7022
   4.7288
   4.7564
   4.7832
   4.8118
   4.8384
   4.8666
   4.8959
   4.9269
   4.9575
   4.9878
   5.0184
   5.0485
   5.0802
   5.1070
   5.1397
   5.1738
   5.2095
   5.2455
   5.2805
   5.3113
   5.3376
   5.3654
   5.3870
   5.4152
   5.4466
   5.4741
   5.5076
   5.5332
   5.5539
   5.5780
   5.5994
   5.6221
   5.6481
   5.6739
   5.7011
   5.7327
   5.7576
   5.7848
   5.8131
   5.8431
   5.8727
   5.9034
   5.9370
   5.9684
   6.0002
   6.0273
   6.0582
   6.0916
   6.1308
   6.1658
   6.1999
   6.2314
   6.2633
   6.2988
   6.3332
   6.3701
   6.4054
   6.4432
   6.4859
   6.5320
   6.5820
   6.6332
   6.6839
   6.7379
   6.7912
   6.8568
   6.9225
   6.9883
   7.0662
   7.1410
   7.2169
   7.2986
   7.3805
   7.4582
   7.5443
   7.6278
   7.7097
   7.7928
   7.8721
   7.9502
   8.0299
   8.1139
   8.1967
   8.2825
   8.3646
   8.4452
   8.5243
   8.6015
   8.6803
   8.7600
   8.8377
   8.9189
   8.9963
   9.0747
   9.1550
   9.2319
   9.3040
   9.3814
   9.4564
   9.5259
   9.5921
   9.6619
   9.7314
   9.8042
   9.8754
   9.9515
  10.0297
  10.1044
  10.1810
  10.2575
  10.3361
  10.4204
  10.5111
  10.6001
  10.6834
  10.7649
  10.8429
  10.9204
  10.9967
  11.0754
  11.1486
  11.2172
  11.2879
  11.3542
  11.4202
  11.4834
  11.5376
  11.5919
  11.6433
  11.6844
  11.7317
  11.7713
  11.8088
  11.8422
  11.8745
  11.8986
  11.9188
  11.9373
  11.9576
  11.9815
  12.0103
  12.0375
  12.0660
  12.0976
  12.1297
  12.1691
  12.2085
  12.2499
  12.2919
  12.3334
  12.3824
  12.4331
  12.4837
  12.5405
  12.5982
  12.6523
  12.7126
  12.7708
  12.8316
  12.8922
  12.9618
  13.0327
  13.0989
  13.1631
  13.2248
  13.2867
  13.3495
  13.4159
  13.4907
  13.5660
  13.6446
  13.7295
  13.8094
  13.8878
  13.9642
  14.0424
  14.1221
  14.2036
  14.2890
  14.3788
  14.4668
  14.5540
  14.6422
  14.7329
  14.8236
  14.9193
  15.0109
  15.1022
  15.1869
  15.2778
  15.3672
  15.4540
  15.5500
  15.6483
  15.7518
  15.8575
  15.9675
  16.0809
  16.1944
  16.3043
  16.4153
  16.5247
  16.6367
  16.7461
  16.8585
  16.9714
  17.0810
  17.1939
  17.3100
  17.4252
  17.5481
  17.6630
  17.7788
  17.8904
  18.0001
  18.1077
  18.2162
  18.3253
  18.4325
  18.5371
  18.6402
  18.7397
  18.8377
  18.9388
  19.0405
  19.1367
  19.2355
  19.3284
  19.4240
  19.5133
  19.5999
  19.6809
  19.7522
  19.8269
  19.9027
  19.9842
  20.0646
  20.1390
  20.2171
  20.2955
  20.3642
  20.4287
  20.4999
  20.5715
  20.6376
  20.7037
  20.7702
  20.8402
  20.9091
  20.9841
  21.0573
  21.1285
  21.2093
  21.2781
  21.3469
  21.4153
  21.4890
  21.5563
  21.6206
  21.6891
  21.7510
  21.8139
  21.8753
  21.9328
  21.9873
  22.0339
  22.0848
  22.1278
  22.1668
  22.2041
  22.2338
  22.2611
  22.2891
  22.3136
  22.3451
  22.3709
  22.4035
  22.4342
  22.4596
  22.4881
  22.5204
  22.5580
  22.5955
  22.6313
  22.6701
  22.7056
  22.7476
  22.7887
  22.8380
  22.8795
  22.9214
  22.9604
  22.9962
  23.0332
  23.0674
  23.0986
  23.1228
  23.1565
  23.1909
  23.2212
  23.2521
  23.2863
  23.3248
  23.3592
  23.3962
  23.4354
  23.4774
  23.5124
  23.5446
  23.5772
  23.6070
  23.6367
  23.6682
  23.6973
  23.7376
  23.7715
  23.8063
  23.8382
  23.8712
  23.9072
  23.9455
  23.9903
  24.0366
  24.0850
  24.1355
  24.1894
  24.2433
  24.2907
  24.3416
  24.3918
  24.4418
  24.4941
  24.5462
  24.6023
  24.6637
  24.7148
  24.7710
  24.8130
  24.8536
  24.9028
  24.9469
  24.9829
  25.0147
  25.0447
  25.0749
  25.1075
  25.1378
  25.1634
  25.1918
  25.2123
  25.2346
  25.2582
  25.2827
  25.3078
  25.3309
  25.3563
  25.3828
  25.4103
  25.4289
  25.4463
  25.4651
  25.4750
  25.4864
  25.4926
  25.4960
  25.4952
  25.4943
  25.4932
  25.4924
  25.4953
  25.5016
  25.5033
  25.5070
  25.5101
  25.5059
  25.5011
  25.4943
  25.4834
  25.4713
  25.4623
  25.4483
  25.4231
  25.4025
  25.3711
  25.3385
  25.3006
  25.2608
  25.2231
  25.1918
  25.1606
  25.1224
  25.0836
  25.0421
  24.9919
  24.9311
  24.8632
  24.7894
  24.7111
  24.6339
  24.5596
  24.4749
  24.3948
  24.3202
  24.2457
  24.1722
  24.1114
  24.0491
  23.9952
  23.9405
  23.8816
  23.8205
  23.7559
  23.6982
  23.6445
  23.5812
  23.5099
  23.4375
  23.3667
  23.2973
  23.2314
  23.1767
  23.1188
  23.0657
  23.0072
  22.9423
  22.8748
  22.8073
  22.7421
  22.6806
  22.6154
  22.5453
  22.4695
  22.3953
  22.3144
  22.2280
  22.1391
  22.0456
  21.9558
  21.8611
  21.7691
  21.6722
  21.5781
  21.4819
  21.3801
  21.2802
  21.1845
  21.0874
  20.9950
  20.9003
  20.7992
  20.7014
  20.6084
  20.5157
  20.4306
  20.3504
  20.2779
  20.2098
  20.1502
  20.0899
  20.0302
  19.9717
  19.9194
  19.8655
  19.8126
  19.7563
  19.6962
  19.6236
  19.5449
  19.4584
  19.3739
  19.2862
  19.2034
  19.1217
  19.0329
  18.9433
  18.8627
  18.7939
  18.7182
  18.6383
  18.5503
  18.4553
  18.3502
  18.2436
  18.1337
  18.0322
  17.9359
  17.8412
  17.7425
  17.6390
  17.5260
  17.4150
  17.3025
  17.1861
  17.0655
  16.9393
  16.8225
  16.7033
  16.5835
  16.4548
  16.3283
  16.1968
  16.0651
  15.9305
  15.8007
  15.6695
  15.5464
  15.4260
  15.3097
  15.1947
  15.0805
  14.9626
  14.8342
  14.7004
  14.5597
  14.4184
  14.2747
  14.1300
  13.9812
  13.8325
  13.6847
  13.5386
  13.3905
  13.2384
  13.0869
  12.9300
  12.7787
  12.6244
  12.4681
  12.3158
  12.1699
  12.0258
  11.8821
  11.7312
  11.5839
  11.4313
  11.2717
  11.1100
  10.9449
  10.7885
  10.6314
  10.4820
  10.3324
  10.1913
  10.0533
   9.9124
   9.7744
   9.6382
   9.4971
   9.3587
   9.2170
   9.0765
   8.9274
   8.7810
   8.6319
   8.4878
   8.3426
   8.1909
   8.0431
   7.8985
   7.7661
   7.6448
   7.5322
   7.4280
   7.3232
   7.2187
   7.1056
   6.9890
   6.8604
   6.7236
   6.5811
   6.4367
   6.2927
   6.1595
   6.0271
   5.9026
   5.7716
   5.6409
   5.5170
   5.3867
   5.2493
   5.1142
   4.9833
   4.8585
   4.7361
   4.6261
   4.5173
   4.4050
   4.2943
   4.1829
   4.0622
   3.9440
   3.8262
   3.7137
   3.6059
   3.4913
   3.3792
   3.2683
   3.1554
   3.0423
   2.9271
   2.8100
   2.6931
   2.5780
   2.4529
   2.3294
   2.2069
   2.0792
   1.9471
   1.8242
   1.6970
   1.5742
   1.4538
   1.3376
   1.2276
   1.1242
   1.0232
   0.9293
   0.8370
   0.7404
   0.6413
   0.5321
   0.4125
   0.2833
   0.1453
   0.0088
  -0.1310
  -0.2598
  -0.3894
  -0.5120
  -0.6281
  -0.7425
  -0.8530
  -0.9614
  -1.0704
  -1.1734
  -1.2689
  -1.3599
  -1.4480
  -1.5463
  -1.6389
  -1.7212
  -1.7998
  -1.8738
  -1.9529
  -2.0302
  -2.1193
  -2.2072
  -2.2971
  -2.3848
  -2.4608
  -2.5326
  -2.6135
  -2.6968
  -2.7752
  -2.8550
  -2.9277
  -2.9975
  -3.0661
  -3.1310
  -3.1895
  -3.2447
  -3.2950
  -3.3424
  -3.3904
  -3.4367
  -3.4823
  -3.5230
  -3.5609
  -3.5968
  -3.6324
  -3.6651
  -3.6983
  -3.7305
  -3.7514
  -3.7801
  -3.8146
  -3.8476
  -3.8817
  -3.9146
  -3.9473
  -3.9798
  -4.0105
  -4.0396
  -4.0686
  -4.1012
  -4.1276
  -4.1480
  -4.1652
  -4.1788
  -4.1936
  -4.2002
  -4.2065
  -4.2114
  -4.2132
  -4.2203
  -4.2281
  -4.2494
  -4.2705
  -4.2945
  -4.3140
  -4.3311
  -4.3567
  -4.3854
  -4.4217
  -4.4505
  -4.4793
  -4.5015
  -4.5225
  -4.5372
  -4.5462
  -4.5609
  -4.5747
  -4.5846
  -4.5936
  -4.6102
  -4.6251
  -4.6358
  -4.6478
  -4.6526
  -4.6506
  -4.6522
  -4.6580
  -4.6607
  -4.6661
  -4.6649
  -4.6611
  -4.6583
  -4.6611
  -4.6656
  -4.6626
  -4.6676
  -4.6686
  -4.7368
  -4.8059
  -4.8807
  -4.9510
  -5.0125
  -5.0749
  -5.1357
  -5.1978
  -5.2581
  -5.3136
  -5.3666
  -5.4147
  -5.4581
  -5.4877
  -5.5181
  -5.5481
  -5.5820
  -5.6179
  -5.6549
  -5.6941
  -5.7299
  -5.7625
  -5.7965
  -5.8222
  -5.8459
  -5.8616
  -5.8798
  -5.8940
  -5.9072
  -5.9150
