  -2.5720
  -2.5546
  -2.5438
  -2.5308
  -2.5173
  -2.5092
  -2.5040
  -2.5060
  -2.5053
  -2.5074
  -2.5025
  -2.4961
  -2.5077
  -2.5205
  -2.5407
  -2.5598
  -2.5850
  -2.6172
  -2.6428
  -2.6705
  -2.7005
  -2.7248
  -2.7496
  -2.7710
  -2.7868
  -2.8062
  -2.8241
  -2.8331
  -2.8403
  -2.8415
  -2.8432
  -2.8315
  -2.8197
  -2.8113
  -2.7963
  -2.7900
  -2.7843
  -2.7847
  -2.7863
  -2.8037
  -2.8151
  -2.8271
  -2.8380
  -2.8449
  -2.8613
  -2.8787
  -2.9010
  -2.9189
  -2.9351
  -2.9561
  -2.9765
  -3.0063
  -3.0354
  -3.0657
  -3.0950
  -3.1247
  -3.1595
  -3.1861
  -3.2082
  -3.2331
  -3.2590
  -3.2952
  -3.3282
  -3.3596
  -3.4031
  -3.4493
  -3.4977
  -3.5367
  -3.5731
  -3.6083
  -3.6409
  -3.6806
  -3.7201
  -3.7586
  -3.8054
  -3.8499
  -3.8913
  -3.9276
  -3.9590
  -3.9911
  -4.0181
  -4.0518
  -4.0840
  -4.1255
  -4.1721
  -4.2165
  -4.2589
  -4.2996
  -4.3433
  -4.3859
  -4.4344
  -4.4847
  -4.5328
  -4.5831
  -4.6344
  -4.6935
  -4.7499
  -4.8091
  -4.8688
  -4.9259
  -4.9763
  -5.0286
  -5.0759
  -5.1227
  -5.1663
  -5.2100
  -5.2515
  -5.2964
  -5.3506
  -5.4082
  -5.4659
  -5.5204
  -5.5711
  -5.6170
  -5.6585
  -5.6995
  -5.7411
  -5.7822
  -5.8255
  -5.8672
  -5.9139
  -5.9585
  -5.9977
  -6.0392
  -6.0811
  -6.1231
  -6.1640
  -6.1929
  -6.2328
  -6.2672
  -6.3017
  -6.3339
  -6.3603
  -6.3883
  -6.4153
  -6.4325
  -6.4539
  -6.4798
  -6.5024
  -6.5208
  -6.5369
  -6.5525
  -6.5616
  -6.5777
  -6.5819
  -6.5812
  -6.5778
  -6.5630
  -6.5427
  -6.5209
  -6.4940
  -6.4634
  -6.4338
  -6.4043
  -6.3764
  -6.3530
  -6.3089
  -6.2555
  -6.2065
  -6.1493
  -6.0904
  -6.0289
  -5.9690
  -5.9053
  -5.8411
  -5.7785
  -5.7066
  -5.6194
  -5.5415
  -5.4587
  -5.3709
  -5.2700
  -5.1679
  -5.0621
  -4.9617
  -4.8663
  -4.7692
  -4.6716
  -4.5679
  -4.4654
  -4.3677
  -4.2581
  -4.1511
  -4.0446
  -3.9399
  -3.8324
  -3.7222
  -3.6114
  -3.5066
  -3.3974
  -3.2959
  -3.1981
  -3.0966
  -3.0070
  -2.9211
  -2.8396
  -2.7669
  -2.6860
  -2.6034
  -2.5279
  -2.4551
  -2.3893
  -2.3285
  -2.2758
  -2.2188
  -2.1727
  -2.1315
  -2.1000
  -2.0849
  -2.0775
  -2.0788
  -2.0822
  -2.0916
  -2.0973
  -2.0958
  -2.0922
  -2.0819
  -2.0913
  -2.1050
  -2.1127
  -2.1231
  -2.1286
  -2.1358
  -2.1418
  -2.1494
  -2.1560
  -2.1675
  -2.1893
  -2.2275
  -2.2592
  -2.2903
  -2.3208
  -2.3629
  -2.4045
  -2.4515
  -2.4952
  -2.5318
  -2.5711
  -2.6159
  -2.6640
  -2.7125
  -2.7546
  -2.7987
  -2.8381
  -2.8719
  -2.9046
  -2.9351
  -2.9618
  -2.9880
  -3.0098
  -3.0272
  -3.0381
  -3.0446
  -3.0560
  -3.0586
  -3.0564
  -3.0531
  -3.0420
  -3.0337
  -3.0228
  -3.0057
  -2.9855
  -2.9636
  -2.9406
  -2.9084
  -2.8755
  -2.8345
  -2.7913
  -2.7492
  -2.7022
  -2.6628
  -2.6207
  -2.5813
  -2.5397
  -2.4970
  -2.4593
  -2.4209
  -2.3852
  -2.3485
  -2.3172
  -2.2870
  -2.2563
  -2.2326
  -2.2100
  -2.1831
  -2.1611
  -2.1380
  -2.1177
  -2.0891
  -2.0594
  -2.0227
  -1.9892
  -1.9566
  -1.9226
  -1.8918
  -1.8611
  -1.8364
  -1.8143
  -1.7945
  -1.7735
  -1.7531
  -1.7410
  -1.7287
  -1.7214
  -1.7158
  -1.7118
  -1.7050
  -1.6945
  -1.6850
  -1.6712
  -1.6579
  -1.6425
  -1.6293
  -1.6145
  -1.5986
  -1.5842
  -1.5699
  -1.5529
  -1.5364
  -1.5247
  -1.5158
  -1.5097
  -1.5063
  -1.5066
  -1.5232
  -1.5274
  -1.5196
  -1.4879
  -1.4594
  -1.4266
  -1.3883
  -1.3386
  -1.2856
  -1.2288
  -1.1714
  -1.1173
  -1.0632
  -1.0091
  -0.9550
  -0.9031
  -0.8507
  -0.7966
  -0.7469
  -0.6977
  -0.6501
  -0.6107
  -0.5713
  -0.5385
  -0.5012
  -0.4760
  -0.4513
  -0.4331
  -0.4116
  -0.3908
  -0.3703
  -0.3498
  -0.3298
  -0.3109
  -0.2930
  -0.2796
  -0.2634
  -0.2467
  -0.2240
  -0.2007
  -0.1780
  -0.1552
  -0.1363
  -0.1222
  -0.1168
  -0.1152
  -0.1180
  -0.1267
  -0.1398
  -0.1567
  -0.1767
  -0.1996
  -0.2202
  -0.2414
  -0.2631
  -0.2865
  -0.3109
  -0.3359
  -0.3622
  -0.3876
  -0.4071
  -0.4060
  -0.4168
  -0.4368
  -0.4802
  -0.5198
  -0.5583
  -0.5995
  -0.6434
  -0.6874
  -0.7384
  -0.7932
  -0.8513
  -0.9143
  -0.9773
  -1.0407
  -1.1026
  -1.1666
  -1.2279
  -1.2845
  -1.3379
  -1.3880
  -1.4315
  -1.4756
  -1.5181
  -1.5622
  -1.5986
  -1.6357
  -1.6662
  -1.6968
  -1.7241
  -1.7486
  -1.7736
  -1.7986
  -1.8225
  -1.8464
  -1.8681
  -1.8881
  -1.9027
  -1.9168
  -1.9310
  -1.9441
  -1.9609
  -1.9794
  -2.0001
  -2.0197
  -2.0387
  -2.0561
  -2.0702
  -2.0854
  -2.0984
  -2.1151
  -2.1372
  -2.1637
  -2.1922
  -2.2179
  -2.2387
  -2.2509
  -2.2596
  -2.2628
  -2.2623
  -2.2603
  -2.2562
  -2.2500
  -2.2475
  -2.2438
  -2.2429
  -2.2447
  -2.2497
  -2.2537
  -2.2593
  -2.2595
  -2.2570
  -2.2524
  -2.2440
  -2.2400
  -2.2300
  -2.2157
  -2.1965
  -2.1778
  -2.1608
  -2.1497
  -2.1435
  -2.1399
  -2.1396
  -2.1410
  -2.1445
  -2.1524
  -2.1635
  -2.1801
  -2.2022
  -2.2265
  -2.2498
  -2.2700
  -2.2850
  -2.2973
  -2.3068
  -2.3185
  -2.3383
  -2.3642
  -2.3942
  -2.4303
  -2.4685
  -2.5061
  -2.5420
  -2.5787
  -2.6126
  -2.6477
  -2.6818
  -2.7157
  -2.7503
  -2.7833
  -2.8093
  -2.8317
  -2.8471
  -2.8561
  -2.8652
  -2.8722
  -2.8841
  -2.8970
  -2.9133
  -2.9351
  -2.9579
  -2.9816
  -3.0103
  -3.0324
  -3.0595
  -3.0811
  -3.1011
  -3.1217
  -3.1439
  -3.1676
  -3.1974
  -3.2270
  -3.2517
  -3.2758
  -3.2934
  -3.3090
  -3.3353
  -3.3487
  -3.3594
  -3.3625
  -3.3498
  -3.3334
  -3.3068
  -3.2720
  -3.2290
  -3.1799
  -3.1260
  -3.0698
  -3.0142
  -2.9509
  -2.8892
  -2.8280
  -2.7725
  -2.7245
  -2.6803
  -2.6378
  -2.5930
  -2.5417
  -2.4876
  -2.4313
  -2.3734
  -2.3117
  -2.2462
  -2.1780
  -2.1026
  -2.0244
  -1.9434
  -1.8674
  -1.7902
  -1.7090
  -1.6310
  -1.5617
  -1.4884
  -1.4195
  -1.3547
  -1.2920
  -1.2337
  -1.1775
  -1.1185
  -1.0605
  -1.0035
  -0.9470
  -0.8852
  -0.8293
  -0.7761
  -0.7228
  -0.6663
  -0.6087
  -0.5463
  -0.4833
  -0.4144
  -0.3373
  -0.2582
  -0.1818
  -0.1028
  -0.0237
   0.0468
   0.1205
   0.1812
   0.2371
   0.2876
   0.3201
   0.3529
   0.3769
   0.3977
   0.4097
   0.4174
   0.4325
   0.4460
   0.4633
   0.4718
   0.4799
   0.4840
   0.4919
   0.5035
   0.5178
   0.5343
   0.5512
   0.5574
   0.5608
   0.5639
   0.5729
   0.5797
   0.5898
   0.5972
   0.6033
   0.6035
   0.6075
   0.6186
   0.6237
   0.6297
   0.6356
   0.6454
   0.6520
   0.6548
   0.6580
   0.6618
   0.6636
   0.6660
   0.6602
   0.6566
   0.6530
   0.6490
   0.6358
   0.6238
   0.6155
   0.6089
   0.5990
   0.5859
   0.5730
   0.5591
   0.5403
   0.5160
   0.4957
   0.4749
   0.4503
   0.4220
   0.3936
   0.3695
   0.3425
   0.3165
   0.2896
   0.2647
   0.2360
   0.2053
   0.1695
   0.1381
   0.1094
   0.0683
   0.0320
  -0.0028
  -0.0326
  -0.0560
  -0.0780
  -0.1010
  -0.1290
  -0.1542
  -0.1852
  -0.2132
  -0.2339
  -0.2477
  -0.2546
  -0.2621
  -0.2756
  -0.2978
  -0.3146
  -0.3330
  -0.3514
  -0.3726
  -0.3982
  -0.4167
  -0.4400
  -0.4641
  -0.4896
  -0.5106
  -0.5278
  -0.5482
  -0.5676
  -0.5805
  -0.5913
  -0.5951
  -0.6082
  -0.6127
  -0.6157
  -0.6242
  -0.6236
  -0.6291
  -0.6405
  -0.6605
  -0.6773
  -0.6975
  -0.7144
  -0.7367
  -0.7541
  -0.7754
  -0.8008
  -0.8260
  -0.8480
  -0.8684
  -0.8886
  -0.9091
  -0.9283
  -0.9511
  -0.9669
  -0.9790
  -0.9852
  -0.9800
  -0.9737
  -0.9719
  -0.9663
  -0.9616
  -0.9650
  -0.9662
  -0.9705
  -0.9760
  -0.9774
  -0.9776
  -0.9746
  -0.9695
  -0.9586
  -0.9542
  -0.9541
  -0.9595
  -0.9609
  -0.9570
  -0.9439
  -0.9449
  -0.9470
  -0.9445
  -0.9528
  -0.9538
  -0.9617
  -0.9645
  -0.9672
  -0.9580
  -0.9501
  -0.9362
  -0.9217
  -0.9135
  -0.9162
  -0.9247
  -0.9329
  -0.9335
  -0.9440
  -0.9554
  -0.9618
  -0.9763
  -0.9906
  -0.9997
  -0.9952
  -0.9978
  -1.0051
  -1.0098
  -1.0068
  -1.0061
  -1.0078
  -1.0095
  -1.0073
  -1.0140
  -1.0200
  -1.0261
  -1.0352
  -1.0503
  -1.0604
  -1.0747
  -1.0930
  -1.1206
  -1.1526
  -1.1896
  -1.2248
  -1.2672
  -1.2998
  -1.3181
  -1.3445
  -1.3780
  -1.3988
  -1.4254
  -1.4519
  -1.4917
  -1.5318
  -1.5866
  -1.6366
  -1.6935
  -1.7514
  -1.8055
  -1.8339
  -1.8564
  -1.8696
  -1.8856
  -1.9069
  -1.9324
  -1.9577
  -1.9805
  -1.9960
  -2.0160
  -2.0385
  -2.0608
  -2.0931
  -2.1205
  -2.1423
  -2.1574
  -2.1710
  -2.1869
  -2.1977
  -2.2041
  -2.2136
  -2.2193
  -2.2208
  -2.2194
  -2.2164
  -2.2194
  -2.2148
  -2.2044
  -2.1974
  -2.1881
  -2.1800
  -2.1659
  -2.1479
  -2.1318
  -2.1076
  -2.0835
  -2.0584
  -2.0281
  -1.9930
  -1.9607
  -1.9284
  -1.8922
  -1.8510
  -1.8103
  -1.7653
  -1.7170
  -1.6615
  -1.6161
  -1.5784
  -1.5354
  -1.4862
  -1.4468
  -1.4051
  -1.3609
  -1.3076
  -1.2503
  -1.1861
  -1.1167
  -1.0395
  -0.9576
  -0.8824
  -0.8305
  -0.7860
  -0.7401
  -0.6891
  -0.6331
  -0.5622
  -0.4967
  -0.4285
  -0.3727
  -0.3080
  -0.2490
  -0.1830
  -0.1122
  -0.0439
   0.0323
   0.1040
   0.1847
   0.2689
   0.3567
   0.4457
   0.5448
   0.6471
   0.7553
   0.8699
   0.9870
   1.1072
   1.2313
   1.3539
   1.4786
   1.6028
   1.7347
   1.8627
   1.9958
   2.1289
   2.2647
   2.4010
   2.5352
   2.6722
   2.8051
   2.9366
   3.0671
   3.1983
   3.3379
   3.4775
   3.6214
   3.7662
   3.9204
   4.0778
   4.2433
   4.4135
   4.5837
   4.7584
   4.9309
   5.1059
   5.2776
   5.4449
   5.6195
   5.7933
   5.9667
   6.1427
   6.3167
   6.4942
   6.6698
   6.8448
   7.0213
   7.1940
   7.3704
   7.5479
   7.7253
   7.9079
   8.0861
   8.2665
   8.4374
   8.6128
   8.7882
   8.9549
   9.1235
   9.2869
   9.4558
   9.6143
   9.7702
   9.9222
  10.0728
  10.2121
  10.3469
  10.4747
  10.5966
  10.7204
  10.8419
  10.9558
  11.0694
  11.1744
  11.2793
  11.3824
  11.4870
  11.5873
  11.6884
  11.7921
  11.8981
  12.0024
  12.1154
  12.2276
  12.3438
  12.4498
  12.5512
  12.6508
  12.7569
  12.8550
  12.9508
  13.0391
  13.1211
  13.2021
  13.2838
  13.3678
  13.4508
  13.5336
  13.6206
  13.6985
  13.7771
  13.8507
  13.9145
  13.9703
  14.0242
  14.0688
  14.1145
  14.1539
  14.1949
  14.2312
  14.2659
  14.3030
  14.3321
  14.3648
  14.3984
  14.4312
  14.4623
  14.4960
  14.5378
  14.5831
  14.6302
  14.6699
  14.7129
  14.7582
  14.7998
  14.8439
  14.8931
  14.9349
  14.9898
  15.0364
  15.0791
  15.1206
  15.1703
  15.2112
  15.2555
  15.2933
  15.3312
  15.3649
  15.3978
  15.4239
  15.4539
  15.4781
  15.5078
  15.5251
  15.5506
  15.5656
  15.5895
  15.6157
  15.6362
  15.6510
  15.6638
  15.6767
  15.6869
  15.7002
  15.7082
  15.7109
  15.7094
  15.7132
  15.7195
  15.7225
  15.7234
  15.7216
  15.7243
  15.7318
  15.7389
  15.7414
  15.7492
  15.7553
  15.7694
  15.7821
  15.7957
  15.8090
  15.8207
  15.8410
  15.8626
  15.8885
  15.9158
  15.9368
  15.9512
  15.9602
  15.9703
  15.9874
  16.0102
  16.0280
  16.0457
  16.0603
  16.0688
  16.0807
  16.0940
  16.0936
  16.1009
  16.1029
  16.1164
  16.1351
  16.1696
  16.2038
  16.2415
  16.2769
  16.3134
  16.3438
  16.3846
  16.4158
  16.4482
  16.4834
  16.5191
  16.5507
  16.5941
  16.6314
  16.6690
  16.7016
  16.7299
  16.7569
  16.7838
  16.8132
  16.8362
  16.8675
  16.8914
  16.9176
  16.9362
  16.9565
  16.9833
  17.0125
  17.0392
  17.0735
  17.1062
  17.1470
  17.1909
  17.2393
  17.2835
  17.3258
  17.3688
  17.4109
  17.4514
  17.4960
  17.5359
  17.5719
  17.5987
  17.6304
  17.6641
  17.7023
  17.7323
  17.7613
  17.7771
  17.7859
  17.8023
  17.8138
  17.8251
  17.8375
  17.8430
  17.8467
  17.8572
  17.8754
  17.8966
  17.9138
  17.9189
  17.9187
  17.9177
  17.9127
  17.9043
  17.8967
  17.8938
  17.8872
  17.8819
  17.8794
  17.8648
  17.8560
  17.8394
  17.8148
  17.7850
  17.7539
  17.7268
  17.7043
  17.6791
  17.6498
  17.6196
  17.5882
  17.5510
  17.5187
  17.4895
  17.4678
  17.4372
  17.4057
  17.3733
  17.3490
  17.3169
  17.2836
  17.2400
  17.1927
  17.1426
  17.0973
  17.0469
  16.9983
  16.9449
  16.8897
  16.8278
  16.7638
  16.6982
  16.6313
  16.5483
  16.4666
  16.3844
  16.2966
  16.2141
  16.1332
  16.0570
  15.9724
  15.8844
  15.7948
  15.6902
  15.5863
  15.4901
  15.3946
  15.2899
  15.1765
  15.0640
  14.9521
  14.8300
  14.7191
  14.6079
  14.4964
  14.3807
  14.2645
  14.1382
  14.0178
  13.8970
  13.7864
  13.6735
  13.5663
  13.4673
  13.3726
  13.2786
  13.1847
  13.0936
  13.0167
  12.9419
  12.8600
  12.7834
  12.7095
  12.6366
  12.5634
  12.4876
  12.4094
  12.3256
  12.2432
  12.1536
  12.0647
  11.9707
  11.8860
  11.8014
  11.7175
  11.6342
  11.5599
  11.4893
  11.4237
  11.3553
  11.2834
  11.2053
  11.1243
  11.0387
  10.9599
  10.8842
  10.8201
  10.7830
  10.7469
  10.7254
  10.6999
  10.6768
  10.6516
  10.6177
  10.5929
  10.5635
  10.5182
  10.4661
  10.4005
  10.3360
  10.2670
  10.1994
  10.1343
  10.0503
   9.9759
   9.8946
   9.8154
   9.7359
   9.6720
   9.6045
   9.5322
   9.4586
   9.3826
   9.2938
   9.1983
   9.0974
   8.9954
   8.8913
   8.7748
   8.6506
   8.5229
   8.3976
   8.2679
   8.1345
   7.9976
   7.8572
   7.7186
   7.5805
   7.4426
   7.2972
   7.1544
   7.0093
   6.8660
   6.7296
   6.5970
   6.4747
   6.3518
   6.2186
   6.0795
   5.9313
   5.7919
   5.6559
   5.5244
   5.3891
   5.2527
   5.1169
   4.9768
   4.8273
   4.6600
   4.4872
   4.3022
   4.1165
   3.9349
   3.7584
   3.5854
   3.4199
   3.2692
   3.1347
   3.0025
   2.8861
   2.7754
   2.6637
   2.5528
   2.4457
   2.3550
   2.2606
   2.1818
   2.1119
   2.0384
   1.9558
   1.8689
   1.7829
   1.6983
   1.6203
   1.5581
   1.4915
   1.4280
   1.3668
   1.3085
   1.2582
   1.2014
   1.1489
   1.1018
   1.0578
   1.0202
   0.9827
   0.9502
   0.9124
   0.8864
   0.8567
   0.8345
   0.8158
   0.7978
   0.7865
   0.7673
   0.7439
   0.7140
   0.6834
   0.6487
   0.6150
   0.5829
   0.5393
   0.4920
   0.4477
   0.4131
   0.3844
   0.3534
   0.3214
   0.2838
   0.2477
   0.2029
   0.1586
   0.1119
   0.0591
   0.0058
  -0.0404
  -0.0833
  -0.1403
  -0.2015
  -0.2628
  -0.3284
  -0.3972
  -0.4618
  -0.5251
  -0.5894
  -0.6631
  -0.7371
  -0.8179
  -0.9045
  -0.9775
  -1.0504
  -1.1117
  -1.1752
  -1.2393
  -1.3006
  -1.3671
  -1.4277
  -1.4812
  -1.5373
  -1.5895
  -1.6462
  -1.6957
  -1.7497
  -1.8055
  -1.8614
  -1.9228
  -1.9674
  -2.0144
  -2.0554
  -2.1028
  -2.1450
  -2.1850
  -2.2317
  -2.2788
  -2.3246
  -2.3740
  -2.4202
  -2.4695
  -2.5216
  -2.5654
  -2.6103
  -2.6511
  -2.6859
  -2.7159
  -2.7437
  -2.7769
  -2.8063
  -2.8257
  -2.8434
  -2.8520
  -2.8564
  -2.8524
  -2.8491
  -2.8343
  -2.8196
  -2.8052
  -2.7900
  -2.7840
  -2.7640
  -2.7467
  -2.7202
  -2.6877
  -2.6543
  -2.6210
  -2.5920
  -2.5571
  -2.5204
  -2.4859
  -2.4479
  -2.4067
  -2.3725
  -2.3377
  -2.3178
  -2.2920
  -2.2698
