  -3.6867
  -3.5879
  -3.4832
  -3.3786
  -3.2707
  -3.1589
  -3.0475
  -2.9309
  -2.8124
  -2.7003
  -2.5808
  -2.4636
  -2.3426
  -2.2162
  -2.0890
  -1.9570
  -1.8267
  -1.6943
  -1.5576
  -1.4198
  -1.2728
  -1.1270
  -0.9809
  -0.8300
  -0.6826
  -0.5352
  -0.3918
  -0.2425
  -0.0940
   0.0566
   0.2133
   0.2458
   0.2743
   0.3143
   0.3590
   0.4142
   0.4749
   0.5442
   0.6087
   0.6779
   0.7392
   0.7881
   0.8246
   0.8654
   0.9005
   0.9304
   0.9605
   0.9891
   1.0301
   1.0788
   1.1259
   1.1794
   1.2272
   1.2822
   1.3456
   1.4198
   1.4790
   1.5518
   1.6184
   1.6812
   1.7476
   1.8088
   1.8841
   1.9560
   2.0382
   2.1192
   2.2123
   2.2933
   2.3694
   2.4428
   2.5168
   2.5962
   2.6700
   2.7471
   2.8243
   2.9039
   2.9773
   3.0442
   3.1033
   3.1541
   3.2050
   3.2481
   3.2816
   3.3173
   3.3596
   3.3987
   3.4330
   3.4704
   3.4960
   3.5199
   3.5373
   3.5573
   3.5719
   3.5847
   3.5889
   3.5950
   3.5968
   3.5951
   3.5880
   3.5919
   3.5946
   3.5958
   3.5922
   3.5980
   3.6043
   3.6224
   3.6397
   3.6509
   3.6637
   3.6653
   3.6706
   3.6803
   3.6841
   3.6983
   3.7174
   3.7299
   3.7384
   3.7587
   3.7654
   3.7721
   3.7789
   3.7916
   3.7992
   3.8094
   3.8128
   3.8084
   3.7997
   3.7820
   3.7640
   3.7468
   3.7307
   3.7225
   3.6972
   3.6832
   3.6586
   3.6330
   3.6055
   3.5810
   3.5611
   3.5481
   3.5393
   3.5290
   3.5221
   3.5266
   3.5305
   3.5234
   3.5228
   3.5256
   3.5213
   3.5222
   3.5194
   3.5287
   3.5291
   3.5396
   3.5488
   3.5619
   3.5696
   3.5833
   3.5903
   3.5985
   3.6052
   3.6160
   3.6222
   3.6319
   3.6476
   3.6553
   3.6636
   3.6731
   3.6884
   3.7067
   3.7237
   3.7399
   3.7536
   3.7683
   3.7802
   3.7861
   3.7963
   3.8035
   3.8054
   3.8152
   3.8283
   3.8469
   3.8609
   3.8793
   3.8918
   3.9022
   3.9163
   3.9282
   3.9402
   3.9563
   3.9712
   3.9877
   4.0106
   4.0435
   4.0703
   4.0971
   4.1253
   4.1489
   4.1873
   4.2097
   4.2294
   4.2441
   4.2579
   4.2720
   4.2857
   4.3011
   4.3210
   4.3426
   4.3658
   4.3929
   4.4172
   4.4443
   4.4636
   4.4862
   4.5039
   4.5247
   4.5470
   4.5725
   4.5889
   4.6156
   4.6381
   4.6574
   4.6799
   4.7082
   4.7413
   4.7619
   4.7875
   4.7972
   4.8147
   4.8233
   4.8306
   4.8421
   4.8525
   4.8553
   4.8521
   4.8445
   4.8383
   4.8219
   4.7991
   4.7814
   4.7545
   4.7303
   4.6925
   4.6608
   4.6229
   4.5835
   4.5429
   4.4865
   4.4336
   4.3745
   4.3116
   4.2500
   4.1957
   4.1399
   4.0921
   4.0396
   3.9914
   3.9486
   3.9082
   3.8606
   3.8252
   3.7901
   3.7695
   3.7375
   3.7132
   3.6892
   3.6589
   3.6242
   3.5941
   3.5670
   3.5449
   3.5179
   3.4977
   3.4849
   3.4704
   3.4576
   3.4415
   3.4271
   3.4032
   3.3783
   3.3458
   3.3160
   3.2875
   3.2541
   3.2207
   3.1859
   3.1574
   3.1272
   3.1111
   3.0797
   3.0559
   3.0324
   3.0016
   2.9728
   2.9466
   2.9266
   2.9093
   2.8983
   2.8915
   2.8905
   2.8863
   2.8867
   2.8840
   2.8876
   2.8854
   2.8893
   2.8933
   2.9050
   2.9327
   2.9587
   2.9942
   3.0342
   3.0767
   3.1166
   3.1578
   3.1915
   3.2311
   3.2740
   3.3073
   3.3423
   3.3620
   3.3845
   3.4025
   3.4049
   3.4138
   3.4103
   3.4146
   3.4202
   3.4277
   3.4273
   3.4222
   3.4111
   3.3954
   3.3672
   3.3375
   3.3034
   3.2663
   3.2247
   3.1739
   3.1278
   3.0767
   3.0196
   2.9627
   2.9015
   2.8357
   2.7639
   2.6857
   2.6030
   2.5252
   2.4424
   2.3656
   2.2906
   2.2136
   2.1396
   2.0634
   1.9934
   1.9235
   1.8536
   1.7761
   1.6942
   1.6080
   1.5281
   1.4511
   1.3728
   1.2965
   1.2208
   1.1481
   1.0753
   0.9978
   0.9154
   0.8377
   0.7548
   0.6766
   0.5938
   0.5065
   0.4146
   0.3224
   0.2177
   0.1039
  -0.0102
  -0.1179
  -0.2120
  -0.3041
  -0.3674
  -0.4217
  -0.4669
  -0.4554
  -0.4762
  -0.4758
  -0.4648
  -0.4711
  -0.4509
  -0.4385
  -0.4119
  -0.3777
  -0.3524
  -0.3208
  -0.2858
  -0.2432
  -0.1992
  -0.1413
  -0.0788
  -0.0118
   0.0460
   0.1086
   0.1759
   0.2435
   0.3034
   0.3739
   0.4412
   0.5146
   0.5866
   0.6630
   0.7337
   0.8137
   0.8966
   0.9798
   1.0659
   1.1478
   1.2344
   1.3278
   1.4299
   1.5152
   1.5963
   1.6695
   1.7484
   1.8249
   1.8906
   1.9551
   2.0211
   2.0982
   2.1655
   2.2399
   2.3063
   2.3825
   2.4431
   2.4992
   2.5636
   2.6238
   2.6871
   2.7478
   2.7995
   2.8465
   2.8884
   2.9062
   2.9102
   2.9187
   2.8577
   2.8443
   2.7944
   2.7520
   2.7269
   2.6768
   2.6421
   2.5918
   2.5493
   2.5190
   2.4793
   2.4470
   2.4133
   2.3747
   2.3322
   2.2895
   2.2498
   2.2101
   2.1702
   2.1350
   2.1027
   2.0781
   2.0580
   2.0225
   1.9854
   1.9575
   1.9142
   1.8857
   1.8478
   1.8074
   1.7681
   1.7135
   1.6800
   1.6357
   1.6109
   1.5666
   1.5361
   1.5098
   1.4975
   1.4881
   1.4867
   1.4867
   1.4958
   1.5095
   1.5135
   1.5224
   1.5279
   1.5320
   1.5280
   1.5273
   1.5280
   1.5161
   1.5132
   1.5053
   1.4958
   1.4875
   1.4843
   1.4825
   1.4745
   1.4880
   1.4911
   1.5146
   1.5089
   1.5296
   1.5274
   1.5268
   1.5248
   1.5135
   1.5192
   1.5217
   1.5228
   1.5300
   1.5292
   1.5270
   1.5344
   1.5333
   1.5259
   1.5291
   1.5463
   1.5670
   1.5809
   1.5967
   1.6293
   1.6433
   1.6792
   1.7120
   1.7368
   1.7650
   1.7763
   1.7849
   1.7917
   1.7877
   1.7884
   1.7750
   1.7664
   1.7331
   1.7137
   1.6911
   1.6682
   1.6413
   1.6082
   1.5721
   1.5391
   1.4969
   1.4510
   1.4068
   1.3642
   1.3196
   1.2858
   1.2519
   1.2334
   1.2226
   1.2073
   1.1965
   1.1967
   1.2032
   1.2097
   1.2083
   1.2101
   1.2198
   1.2140
   1.2099
   1.1981
   1.1913
   1.1749
   1.1672
   1.1582
   1.1476
   1.1421
   1.1271
   1.1091
   1.0860
   1.0660
   1.0448
   1.0219
   0.9957
   0.9743
   0.9640
   0.9413
   0.9140
   0.8849
   0.8515
   0.8211
   0.7846
   0.7497
   0.7178
   0.6783
   0.6484
   0.6226
   0.6047
   0.5912
   0.5825
   0.5768
   0.5738
   0.5682
   0.5669
   0.5656
   0.5580
   0.5460
   0.5390
   0.5235
   0.5172
   0.5106
   0.5139
   0.5182
   0.5279
   0.5343
   0.5470
   0.5552
   0.5713
   0.5887
   0.6049
   0.6206
   0.6445
   0.6668
   0.6688
   0.6725
   0.6759
   0.6718
   0.6662
   0.6574
   0.6408
   0.6256
   0.6135
   0.6011
   0.5903
   0.5799
   0.5721
   0.5694
   0.5735
   0.5718
   0.5839
   0.5588
   0.5412
   0.5360
   0.5308
   0.5410
   0.5514
   0.5630
   0.5766
   0.5865
   0.6040
   0.6202
   0.6347
   0.6368
   0.6468
   0.6492
   0.6684
   0.6768
   0.6856
   0.7005
   0.7171
   0.7320
   0.7519
   0.7747
   0.7979
   0.8192
   0.8316
   0.8625
   0.8931
   0.9222
   0.9559
   0.9802
   1.0049
   1.0212
   1.0352
   1.0416
   1.0481
   1.0608
   1.0746
   1.0826
   1.0843
   1.0855
   1.0825
   1.0696
   1.0598
   1.0583
   1.0625
   1.0656
   1.0872
   1.0994
   1.1102
   1.1409
   1.1760
   1.2131
   1.2543
   1.3003
   1.3452
   1.3904
   1.4334
   1.4678
   1.5070
   1.5366
   1.6038
   1.6573
   1.7047
   1.7534
   1.7853
   1.8276
   1.8658
   1.9038
   1.9455
   1.9779
   2.0086
   2.0412
   2.0859
   2.1291
   2.1784
   2.2233
   2.2742
   2.3313
   2.3806
   2.4314
   2.4820
   2.5386
   2.6067
   2.6818
   2.7586
   2.8462
   2.9225
   3.0006
   3.0723
   3.1381
   3.2118
   3.2835
   3.3539
   3.4255
   3.4982
   3.5727
   3.6395
   3.7110
   3.7742
   3.8457
   3.9112
   3.9828
   4.0621
   4.1356
   4.2148
   4.2832
   4.3551
   4.4191
   4.4848
   4.5551
   4.6180
   4.6764
   4.7393
   4.7963
   4.8499
   4.9020
   4.9520
   5.0052
   5.0610
   5.1240
   5.1764
   5.2318
   5.2931
   5.3493
   5.4086
   5.4689
   5.5139
   5.5615
   5.6133
   5.6691
   5.7253
   5.7798
   5.8335
   5.8811
   5.9336
   5.9768
   6.0149
   6.0548
   6.0866
   6.1214
   6.1516
   6.1817
   6.2074
   6.2203
   6.2366
   6.2532
   6.2711
   6.2923
   6.3232
   6.3577
   6.3956
   6.4260
   6.4599
   6.4921
   6.5139
   6.5478
   6.5784
   6.6055
   6.6358
   6.6662
   6.7009
   6.7391
   6.7739
   6.8071
   6.8429
   6.8788
   6.9112
   6.9413
   6.9765
   7.0159
   7.0652
   7.1049
   7.1450
   7.1789
   7.2099
   7.2407
   7.2763
   7.3061
   7.3381
   7.3671
   7.3967
   7.4328
   7.4659
   7.5002
   7.5346
   7.5661
   7.6062
   7.6487
   7.6833
   7.7242
   7.7626
   7.8083
   7.8559
   7.9086
   7.9566
   8.0108
   8.0758
   8.1490
   8.2219
   8.3051
   8.3802
   8.4631
   8.5447
   8.6264
   8.7149
   8.8002
   8.8805
   8.9660
   9.0457
   9.1141
   9.1930
   9.2767
   9.3620
   9.4486
   9.5356
   9.6392
   9.7326
   9.8266
   9.9241
  10.0182
  10.1139
  10.2018
  10.3015
  10.3929
  10.4874
  10.5779
  10.6714
  10.7722
  10.8731
  10.9708
  11.0751
  11.1604
  11.2557
  11.3445
  11.4322
  11.5260
  11.6120
  11.6974
  11.7889
  11.8788
  11.9626
  12.0525
  12.1388
  12.2270
  12.3176
  12.4103
  12.5092
  12.6003
  12.6966
  12.7999
  12.8907
  12.9847
  13.0744
  13.1640
  13.2491
  13.3409
  13.4234
  13.4922
  13.5643
  13.6306
  13.6966
  13.7598
  13.8183
  13.8770
  13.9308
  13.9779
  14.0181
  14.0596
  14.1050
  14.1426
  14.1958
  14.2323
  14.2723
  14.3070
  14.3408
  14.3794
  14.4125
  14.4421
  14.4773
  14.5113
  14.5368
  14.5644
  14.5957
  14.6147
  14.6441
  14.6659
  14.6940
  14.7140
  14.7345
  14.7583
  14.7721
  14.7856
  14.8077
  14.8216
  14.8460
  14.8711
  14.8791
  14.8987
  14.9179
  14.9318
  14.9486
  14.9699
  14.9822
  15.0077
  15.0396
  15.0684
  15.1014
  15.1344
  15.1714
  15.2169
  15.2589
  15.3041
  15.3587
  15.4087
  15.4693
  15.5186
  15.5582
  15.5846
  15.6222
  15.6418
  15.6720
  15.6927
  15.7145
  15.7410
  15.7659
  15.7952
  15.8210
  15.8463
  15.8716
  15.8849
  15.8998
  15.9024
  15.9015
  15.8988
  15.8945
  15.8879
  15.8700
  15.8675
  15.8619
  15.8548
  15.8329
  15.8236
  15.8215
  15.8128
  15.7950
  15.7849
  15.7747
  15.7578
  15.7487
  15.7324
  15.7087
  15.6947
  15.6684
  15.6337
  15.5917
  15.5417
  15.4902
  15.4522
  15.3966
  15.3271
  15.2643
  15.1890
  15.1183
  15.0516
  14.9760
  14.8887
  14.7983
  14.7049
  14.6079
  14.5128
  14.4093
  14.3155
  14.2124
  14.1034
  13.9907
  13.8739
  13.7619
  13.6563
  13.5591
  13.4645
  13.3797
  13.2853
  13.1940
  13.1108
  13.0213
  12.9332
  12.8408
  12.7586
  12.6825
  12.6068
  12.5288
  12.4579
  12.3940
  12.3390
  12.2820
  12.2312
  12.1817
  12.1463
  12.0954
  12.0512
  11.9991
  11.9601
  11.9226
  11.8696
  11.8183
  11.7810
  11.7280
  11.6860
  11.6472
  11.5959
  11.5638
  11.5246
  11.4876
  11.4567
  11.4304
  11.4255
  11.4097
  11.3965
  11.3759
  11.3711
  11.3803
  11.3799
  11.3749
  11.3802
  11.3810
  11.3714
  11.3688
  11.3675
  11.3615
  11.3529
  11.3392
  11.3255
  11.3101
  11.2964
  11.2777
  11.2657
  11.2565
  11.2503
  11.2526
  11.2495
  11.2348
  11.2183
  11.2036
  11.1821
  11.1589
  11.1339
  11.1202
  11.0950
  11.0602
  11.0286
  10.9950
  10.9662
  10.9250
  10.8813
  10.8425
  10.8132
  10.7728
  10.7343
  10.6941
  10.6538
  10.6067
  10.5645
  10.5146
  10.4578
  10.4105
  10.3633
  10.3141
  10.2693
  10.1927
  10.1321
  10.0858
  10.0251
   9.9701
   9.9069
   9.8359
   9.7636
   9.6830
   9.6107
   9.5359
   9.4703
   9.3956
   9.3168
   9.2430
   9.1721
   9.0862
   8.9920
   8.9084
   8.8198
   8.7252
   8.6365
   8.5428
   8.4462
   8.3417
   8.2282
   8.1193
   8.0007
   7.8773
   7.7460
   7.6167
   7.4740
   7.3352
   7.2080
   7.0782
   6.9483
   6.8235
   6.6957
   6.5650
   6.4217
   6.2818
   6.1482
   6.0005
   5.8626
   5.7173
   5.5866
   5.4561
   5.3130
   5.1717
   5.0290
   4.8898
   4.7412
   4.5941
   4.4612
   4.3311
   4.2003
   4.0757
   3.9543
   3.8343
   3.7158
   3.5914
   3.4913
   3.3836
   3.2695
   3.1519
   3.0416
   2.9238
   2.8147
   2.7097
   2.5982
   2.4787
   2.3653
   2.2443
   2.1264
   2.0066
   1.8808
   1.7635
   1.6500
   1.5373
   1.4245
   1.3084
   1.1982
   1.0782
   0.9648
   0.8565
   0.7457
   0.6421
   0.5338
   0.4381
   0.3522
   0.2698
   0.1828
   0.1010
   0.0283
  -0.0589
  -0.1437
  -0.2258
  -0.2993
  -0.3668
  -0.4297
  -0.4928
  -0.5467
  -0.6123
  -0.6699
  -0.7414
  -0.8044
  -0.8655
  -0.9349
  -0.9986
  -1.0786
  -1.1488
  -1.2260
  -1.3051
  -1.3941
  -1.4865
  -1.5870
  -1.6873
  -1.7969
  -1.9145
  -2.0372
  -2.1609
  -2.2818
  -2.3968
  -2.5184
  -2.6348
  -2.7447
  -2.8609
  -2.9684
  -3.0725
  -3.1791
  -3.2773
  -3.3589
  -3.4498
  -3.5377
  -3.6224
  -3.7040
  -3.7800
  -3.8593
  -3.9420
  -4.0156
  -4.0856
  -4.1556
  -4.2235
  -4.2861
  -4.3418
  -4.4072
  -4.4619
  -4.5229
  -4.5748
  -4.6378
  -4.7121
  -4.7833
  -4.8536
  -4.9322
  -5.0153
  -5.0838
  -5.1567
  -5.2351
  -5.3097
  -5.3852
  -5.4532
  -5.5245
  -5.5925
  -5.6488
  -5.7100
  -5.7652
  -5.8228
  -5.8791
  -5.9371
  -5.9923
  -6.0410
  -6.0991
  -6.1458
  -6.1957
  -6.2404
  -6.2875
  -6.3279
  -6.3700
  -6.4106
  -6.4528
  -6.4856
  -6.5296
  -6.5640
  -6.6063
  -6.6455
  -6.6831
  -6.7238
  -6.7584
  -6.7897
  -6.8212
  -6.8431
  -6.8653
  -6.8864
  -6.8998
  -6.9052
  -6.9206
  -6.9292
  -6.9404
  -6.9475
  -6.9544
  -6.9677
  -6.9859
  -6.9882
  -6.9924
  -7.0016
  -7.0258
  -7.0405
  -7.0601
  -7.0793
  -7.1031
  -7.1285
  -7.1527
  -7.1775
  -7.1990
  -7.2172
  -7.2261
  -7.2540
  -7.2739
  -7.2942
  -7.3287
  -7.3679
  -7.4089
  -7.4467
  -7.4877
  -7.5287
  -7.5651
  -7.5983
  -7.6297
  -7.6641
  -7.6893
  -7.7257
  -7.7635
  -7.7905
  -7.8284
  -7.8602
  -7.8907
  -7.9237
  -7.9505
  -7.9677
  -7.9864
  -7.9985
  -8.0138
  -8.0131
  -8.0221
  -8.0232
  -8.0351
  -8.0443
  -8.0549
  -8.0640
  -8.0777
  -8.0848
  -8.0998
  -8.1231
  -8.1502
  -8.1788
  -8.2057
  -8.2229
  -8.2466
  -8.2675
  -8.2912
  -8.3198
  -8.3404
  -8.3628
  -8.4007
  -8.4289
  -8.4572
  -8.4787
  -8.4893
  -8.5079
  -8.5217
  -8.5276
  -8.5236
  -8.5178
  -8.5101
  -8.5069
  -8.4975
  -8.5044
  -8.4919
  -8.4829
  -8.4707
  -8.4587
  -8.4454
  -8.4283
  -8.4076
  -8.3886
  -8.3728
  -8.3570
  -8.3379
  -8.3185
  -8.2988
  -8.2787
  -8.2509
  -8.2217
  -8.1925
  -8.1667
  -8.1343
  -8.0970
  -8.0547
  -8.0153
  -7.9774
  -7.9378
  -7.9030
  -7.7537
  -7.6045
  -7.4601
  -7.3237
  -7.1844
  -7.0528
  -6.9246
  -6.7993
  -6.6773
  -6.5533
  -6.4135
  -6.2655
  -6.1234
  -5.9877
  -5.8550
  -5.7224
  -5.5915
  -5.4620
  -5.3439
  -5.2179
  -5.0951
  -4.9741
  -4.8580
  -4.7517
  -4.6421
  -4.5264
  -4.4264
  -4.3135
  -4.2025
  -4.1045
