  -4.6085
  -4.5975
  -4.5937
  -4.5868
  -4.5807
  -4.5782
  -4.5804
  -4.5910
  -4.5999
  -4.6128
  -4.6193
  -4.6247
  -4.6492
  -4.6751
  -4.7067
  -4.7365
  -4.7730
  -4.8160
  -4.8519
  -4.8887
  -4.9287
  -4.9597
  -4.9911
  -5.0166
  -5.0353
  -5.0551
  -5.0738
  -5.0803
  -5.0846
  -5.0822
  -5.0802
  -5.0430
  -5.0053
  -4.9719
  -4.9305
  -4.8976
  -4.8662
  -4.8409
  -4.8170
  -4.8097
  -4.7956
  -4.7830
  -4.7676
  -4.7470
  -4.7369
  -4.7275
  -4.7221
  -4.7122
  -4.6985
  -4.6882
  -4.6760
  -4.6722
  -4.6676
  -4.6648
  -4.6607
  -4.6576
  -4.6589
  -4.6520
  -4.6395
  -4.6290
  -4.6191
  -4.6185
  -4.6142
  -4.6076
  -4.6141
  -4.6234
  -4.6353
  -4.6357
  -4.6332
  -4.6294
  -4.6238
  -4.6246
  -4.6234
  -4.6215
  -4.6282
  -4.6324
  -4.6340
  -4.6295
  -4.6196
  -4.6112
  -4.5974
  -4.5896
  -4.5828
  -4.5865
  -4.5962
  -4.6040
  -4.6128
  -4.6185
  -4.6298
  -4.6407
  -4.6569
  -4.6752
  -4.6906
  -4.7090
  -4.7276
  -4.7552
  -4.7803
  -4.8079
  -4.8363
  -4.8624
  -4.8820
  -4.9042
  -4.9211
  -4.9391
  -4.9555
  -4.9708
  -4.9857
  -5.0054
  -5.0341
  -5.0691
  -5.1052
  -5.1396
  -5.1719
  -5.1999
  -5.2227
  -5.2463
  -5.2713
  -5.2958
  -5.3235
  -5.3500
  -5.3835
  -5.4156
  -5.4444
  -5.4753
  -5.5070
  -5.5382
  -5.5682
  -5.5869
  -5.6177
  -5.6427
  -5.6687
  -5.6923
  -5.7126
  -5.7362
  -5.7610
  -5.7745
  -5.7926
  -5.8151
  -5.8354
  -5.8522
  -5.8669
  -5.8824
  -5.8912
  -5.9080
  -5.9129
  -5.9144
  -5.9151
  -5.9063
  -5.8933
  -5.8790
  -5.8591
  -5.8368
  -5.8158
  -5.7957
  -5.7778
  -5.7660
  -5.7392
  -5.7035
  -5.6743
  -5.6355
  -5.5955
  -5.5546
  -5.5163
  -5.4754
  -5.4346
  -5.3954
  -5.3483
  -5.2895
  -5.2367
  -5.1800
  -5.1158
  -5.0375
  -4.9584
  -4.8761
  -4.8007
  -4.7327
  -4.6620
  -4.5914
  -4.5166
  -4.4416
  -4.3720
  -4.2906
  -4.2120
  -4.1327
  -4.0582
  -3.9807
  -3.9013
  -3.8205
  -3.7444
  -3.6628
  -3.5905
  -3.5198
  -3.4450
  -3.3810
  -3.3192
  -3.2603
  -3.2111
  -3.1536
  -3.0930
  -3.0379
  -2.9841
  -2.9353
  -2.8904
  -2.8532
  -2.8100
  -2.7764
  -2.7467
  -2.7253
  -2.7163
  -2.7141
  -2.7200
  -2.7277
  -2.7404
  -2.7479
  -2.7474
  -2.7440
  -2.7325
  -2.7356
  -2.7443
  -2.7454
  -2.7523
  -2.7542
  -2.7563
  -2.7567
  -2.7576
  -2.7564
  -2.7601
  -2.7734
  -2.7997
  -2.8230
  -2.8458
  -2.8692
  -2.9041
  -2.9382
  -2.9766
  -3.0112
  -3.0374
  -3.0660
  -3.1004
  -3.1370
  -3.1760
  -3.2085
  -3.2434
  -3.2734
  -3.2992
  -3.3231
  -3.3451
  -3.3638
  -3.3832
  -3.3996
  -3.4128
  -3.4195
  -3.4236
  -3.4332
  -3.4327
  -3.4287
  -3.4230
  -3.4105
  -3.4004
  -3.3888
  -3.3716
  -3.3512
  -3.3315
  -3.3111
  -3.2817
  -3.2530
  -3.2165
  -3.1776
  -3.1413
  -3.1006
  -3.0692
  -3.0349
  -3.0035
  -2.9700
  -2.9373
  -2.9110
  -2.8852
  -2.8628
  -2.8391
  -2.8203
  -2.8027
  -2.7827
  -2.7701
  -2.7579
  -2.7411
  -2.7292
  -2.7161
  -2.7064
  -2.6875
  -2.6678
  -2.6397
  -2.6149
  -2.5907
  -2.5655
  -2.5436
  -2.5217
  -2.5059
  -2.4926
  -2.4822
  -2.4701
  -2.4584
  -2.4544
  -2.4504
  -2.4508
  -2.4528
  -2.4560
  -2.4548
  -2.4500
  -2.4450
  -2.4354
  -2.4258
  -2.4136
  -2.4026
  -2.3894
  -2.3749
  -2.3631
  -2.3512
  -2.3369
  -2.3225
  -2.3140
  -2.3079
  -2.3052
  -2.3063
  -2.3111
  -2.3351
  -2.3450
  -2.3406
  -2.3087
  -2.2816
  -2.2490
  -2.2106
  -2.1597
  -2.1056
  -2.0473
  -1.9892
  -1.9338
  -1.8779
  -1.8216
  -1.7648
  -1.7100
  -1.6543
  -1.5971
  -1.5443
  -1.4919
  -1.4421
  -1.4005
  -1.3590
  -1.3249
  -1.2858
  -1.2600
  -1.2351
  -1.2177
  -1.1974
  -1.1787
  -1.1607
  -1.1430
  -1.1263
  -1.1108
  -1.0966
  -1.0864
  -1.0729
  -1.0590
  -1.0384
  -1.0169
  -0.9958
  -0.9748
  -0.9579
  -0.9473
  -0.9462
  -0.9497
  -0.9577
  -0.9725
  -0.9922
  -1.0165
  -1.0445
  -1.0750
  -1.1029
  -1.1312
  -1.1599
  -1.1903
  -1.2219
  -1.2544
  -1.2882
  -1.3211
  -1.3472
  -1.3497
  -1.3654
  -1.3920
  -1.4457
  -1.4943
  -1.5422
  -1.5934
  -1.6475
  -1.7011
  -1.7622
  -1.8273
  -1.8962
  -1.9705
  -2.0444
  -2.1190
  -2.1920
  -2.2671
  -2.3383
  -2.4037
  -2.4649
  -2.5219
  -2.5724
  -2.6232
  -2.6719
  -2.7223
  -2.7648
  -2.8072
  -2.8422
  -2.8767
  -2.9075
  -2.9353
  -2.9641
  -2.9937
  -3.0225
  -3.0513
  -3.0781
  -3.1033
  -3.1222
  -3.1403
  -3.1579
  -3.1743
  -3.1948
  -3.2170
  -3.2411
  -3.2635
  -3.2855
  -3.3059
  -3.3230
  -3.3413
  -3.3576
  -3.3785
  -3.4060
  -3.4385
  -3.4740
  -3.5070
  -3.5351
  -3.5541
  -3.5698
  -3.5791
  -3.5850
  -3.5883
  -3.5886
  -3.5870
  -3.5895
  -3.5912
  -3.5966
  -3.6050
  -3.6166
  -3.6265
  -3.6381
  -3.6439
  -3.6460
  -3.6451
  -3.6404
  -3.6404
  -3.6337
  -3.6216
  -3.6041
  -3.5875
  -3.5730
  -3.5650
  -3.5630
  -3.5642
  -3.5688
  -3.5750
  -3.5841
  -3.5973
  -3.6138
  -3.6360
  -3.6636
  -3.6927
  -3.7197
  -3.7420
  -3.7564
  -3.7669
  -3.7751
  -3.7856
  -3.8049
  -3.8308
  -3.8621
  -3.8995
  -3.9399
  -3.9799
  -4.0183
  -4.0561
  -4.0906
  -4.1255
  -4.1591
  -4.1931
  -4.2267
  -4.2581
  -4.2808
  -4.2980
  -4.3069
  -4.3080
  -4.3081
  -4.3053
  -4.3075
  -4.3108
  -4.3175
  -4.3290
  -4.3427
  -4.3586
  -4.3802
  -4.3948
  -4.4140
  -4.4273
  -4.4386
  -4.4507
  -4.4650
  -4.4813
  -4.5042
  -4.5280
  -4.5469
  -4.5658
  -4.5773
  -4.5859
  -4.6069
  -4.6135
  -4.6172
  -4.6136
  -4.5927
  -4.5672
  -4.5302
  -4.4850
  -4.4320
  -4.3724
  -4.3078
  -4.2413
  -4.1756
  -4.1025
  -4.0311
  -3.9619
  -3.9002
  -3.8480
  -3.8005
  -3.7541
  -3.7056
  -3.6506
  -3.5932
  -3.5332
  -3.4721
  -3.4064
  -3.3365
  -3.2638
  -3.1846
  -3.1033
  -3.0196
  -2.9409
  -2.8613
  -2.7794
  -2.7012
  -2.6329
  -2.5613
  -2.4947
  -2.4335
  -2.3752
  -2.3219
  -2.2710
  -2.2177
  -2.1661
  -2.1166
  -2.0679
  -2.0130
  -1.9642
  -1.9188
  -1.8738
  -1.8246
  -1.7747
  -1.7189
  -1.6628
  -1.6005
  -1.5296
  -1.4557
  -1.3843
  -1.3087
  -1.2340
  -1.1691
  -1.1006
  -1.0465
  -0.9978
  -0.9548
  -0.9312
  -0.9089
  -0.8956
  -0.8856
  -0.8846
  -0.8877
  -0.8822
  -0.8778
  -0.8698
  -0.8704
  -0.8722
  -0.8764
  -0.8765
  -0.8720
  -0.8646
  -0.8543
  -0.8433
  -0.8441
  -0.8477
  -0.8526
  -0.8510
  -0.8513
  -0.8488
  -0.8487
  -0.8491
  -0.8556
  -0.8579
  -0.8538
  -0.8544
  -0.8534
  -0.8520
  -0.8464
  -0.8450
  -0.8472
  -0.8487
  -0.8497
  -0.8535
  -0.8570
  -0.8686
  -0.8782
  -0.8878
  -0.8982
  -0.9188
  -0.9386
  -0.9544
  -0.9680
  -0.9858
  -1.0069
  -1.0292
  -1.0532
  -1.0821
  -1.1167
  -1.1477
  -1.1803
  -1.2162
  -1.2571
  -1.2975
  -1.3334
  -1.3738
  -1.4134
  -1.4543
  -1.4927
  -1.5347
  -1.5791
  -1.6285
  -1.6730
  -1.7150
  -1.7701
  -1.8204
  -1.8681
  -1.9105
  -1.9459
  -1.9818
  -2.0193
  -2.0618
  -2.1013
  -2.1483
  -2.1932
  -2.2290
  -2.2566
  -2.2756
  -2.2950
  -2.3209
  -2.3550
  -2.3834
  -2.4139
  -2.4439
  -2.4767
  -2.5137
  -2.5433
  -2.5782
  -2.6126
  -2.6496
  -2.6795
  -2.7057
  -2.7352
  -2.7630
  -2.7839
  -2.8018
  -2.8123
  -2.8319
  -2.8420
  -2.8496
  -2.8626
  -2.8653
  -2.8738
  -2.8884
  -2.9124
  -2.9331
  -2.9563
  -2.9762
  -3.0014
  -3.0221
  -3.0461
  -3.0725
  -3.0998
  -3.1233
  -3.1452
  -3.1680
  -3.1895
  -3.2101
  -3.2332
  -3.2514
  -3.2651
  -3.2727
  -3.2683
  -3.2632
  -3.2613
  -3.2557
  -3.2522
  -3.2569
  -3.2604
  -3.2675
  -3.2754
  -3.2772
  -3.2781
  -3.2758
  -3.2710
  -3.2588
  -3.2537
  -3.2534
  -3.2581
  -3.2603
  -3.2559
  -3.2418
  -3.2427
  -3.2445
  -3.2430
  -3.2530
  -3.2540
  -3.2628
  -3.2646
  -3.2668
  -3.2559
  -3.2463
  -3.2301
  -3.2135
  -3.2047
  -3.2069
  -3.2156
  -3.2232
  -3.2226
  -3.2318
  -3.2434
  -3.2497
  -3.2650
  -3.2807
  -3.2902
  -3.2855
  -3.2880
  -3.2963
  -3.3013
  -3.2990
  -3.2983
  -3.3016
  -3.3050
  -3.3051
  -3.3129
  -3.3212
  -3.3290
  -3.3410
  -3.3594
  -3.3730
  -3.3890
  -3.4107
  -3.4419
  -3.4771
  -3.5169
  -3.5559
  -3.6042
  -3.6399
  -3.6616
  -3.6915
  -3.7292
  -3.7514
  -3.7813
  -3.8112
  -3.8559
  -3.8997
  -3.9587
  -4.0148
  -4.0786
  -4.1444
  -4.2030
  -4.2337
  -4.2580
  -4.2724
  -4.2900
  -4.3130
  -4.3416
  -4.3707
  -4.3965
  -4.4157
  -4.4414
  -4.4684
  -4.4962
  -4.5354
  -4.5678
  -4.5944
  -4.6124
  -4.6288
  -4.6464
  -4.6600
  -4.6694
  -4.6797
  -4.6868
  -4.6886
  -4.6884
  -4.6869
  -4.6912
  -4.6878
  -4.6774
  -4.6703
  -4.6615
  -4.6533
  -4.6393
  -4.6216
  -4.6048
  -4.5799
  -4.5542
  -4.5273
  -4.4943
  -4.4556
  -4.4198
  -4.3836
  -4.3418
  -4.2951
  -4.2496
  -4.1997
  -4.1465
  -4.0840
  -4.0333
  -3.9904
  -3.9411
  -3.8845
  -3.8400
  -3.7916
  -3.7399
  -3.6781
  -3.6130
  -3.5405
  -3.4612
  -3.3730
  -3.2810
  -3.1984
  -3.1423
  -3.0952
  -3.0461
  -2.9921
  -2.9316
  -2.8540
  -2.7822
  -2.7079
  -2.6467
  -2.5746
  -2.5097
  -2.4375
  -2.3600
  -2.2861
  -2.2028
  -2.1261
  -2.0391
  -1.9497
  -1.8554
  -1.7583
  -1.6521
  -1.5423
  -1.4282
  -1.3071
  -1.1847
  -1.0583
  -0.9262
  -0.7958
  -0.6628
  -0.5284
  -0.3861
  -0.2452
  -0.0997
   0.0457
   0.1941
   0.3429
   0.4896
   0.6388
   0.7828
   0.9249
   1.0649
   1.2054
   1.3561
   1.5064
   1.6619
   1.8187
   1.9845
   2.1540
   2.3321
   2.5136
   2.6951
   2.8817
   3.0650
   3.2522
   3.4358
   3.6153
   3.8014
   3.9860
   4.1690
   4.3557
   4.5396
   4.7283
   4.9166
   5.1044
   5.2943
   5.4805
   5.6708
   5.8623
   6.0542
   6.2521
   6.4456
   6.6418
   6.8287
   7.0200
   7.2110
   7.3933
   7.5786
   7.7577
   7.9440
   8.1177
   8.2881
   8.4553
   8.6219
   8.7790
   8.9319
   9.0795
   9.2208
   9.3631
   9.5033
   9.6357
   9.7665
   9.8883
  10.0078
  10.1264
  10.2447
  10.3586
  10.4721
  10.5886
  10.7070
  10.8242
  10.9500
  11.0762
  11.2056
  11.3218
  11.4342
  11.5431
  11.6588
  11.7661
  11.8690
  11.9638
  12.0516
  12.1375
  12.2229
  12.3113
  12.3958
  12.4811
  12.5713
  12.6516
  12.7340
  12.8121
  12.8801
  12.9414
  12.9999
  13.0467
  13.0947
  13.1355
  13.1778
  13.2146
  13.2496
  13.2864
  13.3143
  13.3444
  13.3741
  13.4019
  13.4284
  13.4578
  13.4939
  13.5343
  13.5761
  13.6074
  13.6421
  13.6786
  13.7087
  13.7406
  13.7766
  13.8041
  13.8451
  13.8761
  13.9030
  13.9275
  13.9602
  13.9840
  14.0110
  14.0334
  14.0536
  14.0708
  14.0882
  14.0998
  14.1152
  14.1241
  14.1402
  14.1455
  14.1586
  14.1600
  14.1718
  14.1854
  14.1940
  14.1961
  14.1974
  14.2005
  14.2007
  14.2050
  14.2054
  14.2016
  14.1934
  14.1909
  14.1919
  14.1893
  14.1846
  14.1771
  14.1752
  14.1790
  14.1816
  14.1804
  14.1872
  14.1904
  14.2025
  14.2142
  14.2275
  14.2396
  14.2500
  14.2694
  14.2916
  14.3182
  14.3491
  14.3727
  14.3897
  14.3996
  14.4103
  14.4287
  14.4554
  14.4776
  14.5002
  14.5227
  14.5396
  14.5611
  14.5851
  14.5936
  14.6114
  14.6235
  14.6486
  14.6782
  14.7256
  14.7719
  14.8207
  14.8675
  14.9155
  14.9559
  15.0066
  15.0467
  15.0880
  15.1315
  15.1739
  15.2112
  15.2632
  15.3073
  15.3507
  15.3878
  15.4203
  15.4520
  15.4822
  15.5156
  15.5421
  15.5783
  15.6045
  15.6325
  15.6530
  15.6748
  15.7032
  15.7352
  15.7639
  15.8004
  15.8334
  15.8747
  15.9178
  15.9649
  16.0091
  16.0523
  16.0956
  16.1391
  16.1810
  16.2278
  16.2710
  16.3106
  16.3408
  16.3755
  16.4129
  16.4545
  16.4898
  16.5238
  16.5448
  16.5569
  16.5783
  16.5929
  16.6061
  16.6205
  16.6289
  16.6344
  16.6477
  16.6666
  16.6878
  16.7039
  16.7080
  16.7043
  16.7009
  16.6941
  16.6858
  16.6794
  16.6769
  16.6717
  16.6674
  16.6674
  16.6555
  16.6501
  16.6373
  16.6158
  16.5885
  16.5606
  16.5378
  16.5207
  16.5007
  16.4760
  16.4496
  16.4225
  16.3870
  16.3566
  16.3301
  16.3113
  16.2825
  16.2522
  16.2203
  16.1969
  16.1661
  16.1345
  16.0940
  16.0495
  16.0007
  15.9585
  15.9104
  15.8650
  15.8128
  15.7591
  15.6977
  15.6321
  15.5631
  15.4950
  15.4101
  15.3258
  15.2408
  15.1490
  15.0614
  14.9724
  14.8868
  14.7919
  14.6924
  14.5930
  14.4791
  14.3671
  14.2643
  14.1602
  14.0465
  13.9241
  13.8033
  13.6814
  13.5505
  13.4298
  13.3081
  13.1871
  13.0612
  12.9363
  12.8022
  12.6775
  12.5519
  12.4338
  12.3139
  12.1974
  12.0859
  11.9821
  11.8787
  11.7736
  11.6693
  11.5762
  11.4869
  11.3892
  11.2973
  11.2081
  11.1220
  11.0365
  10.9465
  10.8530
  10.7545
  10.6579
  10.5530
  10.4468
  10.3360
  10.2342
  10.1325
  10.0313
   9.9301
   9.8373
   9.7470
   9.6614
   9.5719
   9.4778
   9.3768
   9.2747
   9.1688
   9.0704
   8.9757
   8.8894
   8.8233
   8.7540
   8.6998
   8.6422
   8.5895
   8.5379
   8.4773
   8.4261
   8.3679
   8.2955
   8.2185
   8.1309
   8.0459
   7.9553
   7.8685
   7.7830
   7.6767
   7.5806
   7.4754
   7.3712
   7.2673
   7.1797
   7.0863
   6.9891
   6.8930
   6.7935
   6.6834
   6.5688
   6.4471
   6.3243
   6.2008
   6.0661
   5.9270
   5.7850
   5.6462
   5.5018
   5.3535
   5.2036
   5.0493
   4.8994
   4.7517
   4.6037
   4.4479
   4.2964
   4.1431
   3.9912
   3.8452
   3.7016
   3.5685
   3.4320
   3.2866
   3.1351
   2.9753
   2.8272
   2.6838
   2.5473
   2.4058
   2.2599
   2.1131
   1.9633
   1.8088
   1.6453
   1.4809
   1.3077
   1.1330
   0.9599
   0.7929
   0.6288
   0.4725
   0.3322
   0.2073
   0.0841
  -0.0232
  -0.1254
  -0.2275
  -0.3280
  -0.4231
  -0.4988
  -0.5772
  -0.6392
  -0.6900
  -0.7464
  -0.8153
  -0.8890
  -0.9625
  -1.0355
  -1.1005
  -1.1469
  -1.1961
  -1.2416
  -1.2838
  -1.3220
  -1.3518
  -1.3898
  -1.4233
  -1.4512
  -1.4740
  -1.4887
  -1.5051
  -1.5166
  -1.5340
  -1.5389
  -1.5479
  -1.5504
  -1.5500
  -1.5494
  -1.5423
  -1.5425
  -1.5459
  -1.5558
  -1.5662
  -1.5827
  -1.5980
  -1.6117
  -1.6395
  -1.6714
  -1.7010
  -1.7218
  -1.7352
  -1.7520
  -1.7714
  -1.7975
  -1.8232
  -1.8590
  -1.8942
  -1.9313
  -1.9755
  -2.0218
  -2.0611
  -2.0985
  -2.1533
  -2.2127
  -2.2733
  -2.3383
  -2.4068
  -2.4720
  -2.5365
  -2.6023
  -2.6785
  -2.7557
  -2.8392
  -2.9305
  -3.0052
  -3.0799
  -3.1408
  -3.2050
  -3.2684
  -3.3306
  -3.4001
  -3.4648
  -3.5222
  -3.5814
  -3.6383
  -3.6993
  -3.7506
  -3.8061
  -3.8617
  -3.9172
  -3.9795
  -4.0232
  -4.0701
  -4.1125
  -4.1628
  -4.2074
  -4.2495
  -4.2983
  -4.3477
  -4.3949
  -4.4462
  -4.4928
  -4.5430
  -4.5943
  -4.6374
  -4.6817
  -4.7226
  -4.7573
  -4.7871
  -4.8145
  -4.8639
  -4.9096
  -4.9442
  -4.9761
  -4.9984
  -5.0146
  -5.0203
  -5.0265
  -5.0199
  -5.0117
  -5.0033
  -4.9948
  -4.9956
  -4.9806
  -4.9672
  -4.9443
  -4.9154
  -4.8854
  -4.8564
  -4.8319
  -4.8013
  -4.7682
  -4.7371
  -4.7031
  -4.6646
  -4.6347
  -4.6031
  -4.5886
  -4.5667
  -4.5489
