  -4.7140
  -4.9282
  -5.1369
  -5.3509
  -5.5575
  -5.7657
  -5.9760
  -6.1835
  -6.3899
  -6.5989
  -6.8066
  -7.0105
  -7.2103
  -7.4127
  -7.6151
  -7.8235
  -8.0381
  -8.2598
  -8.4948
  -8.7352
  -8.9706
  -9.1854
  -9.3994
  -9.6084
  -9.8283
 -10.0545
 -10.2885
 -10.5280
 -10.7671
 -11.0060
 -11.2447
 -11.2319
 -11.2256
 -11.2256
 -11.2252
 -11.2236
 -11.2208
 -11.2212
 -11.2231
 -11.2283
 -11.2270
 -11.2348
 -11.2452
 -11.2627
 -11.2840
 -11.3094
 -11.3335
 -11.3611
 -11.3912
 -11.4243
 -11.4533
 -11.4788
 -11.4956
 -11.5036
 -11.5003
 -11.4909
 -11.4737
 -11.4409
 -11.4093
 -11.3693
 -11.3334
 -11.2960
 -11.2637
 -11.2355
 -11.2049
 -11.1646
 -11.1276
 -11.0891
 -11.0483
 -11.0119
 -10.9601
 -10.9056
 -10.8526
 -10.8000
 -10.7378
 -10.6704
 -10.5932
 -10.5104
 -10.4227
 -10.3177
 -10.2109
 -10.1127
 -10.0277
  -9.9443
  -9.8635
  -9.7732
  -9.6777
  -9.5771
  -9.4726
  -9.3619
  -9.2483
  -9.1349
  -9.0274
  -8.9195
  -8.8138
  -8.7055
  -8.6004
  -8.4983
  -8.3975
  -8.3007
  -8.2072
  -8.1130
  -8.0233
  -7.9291
  -7.8304
  -7.7380
  -7.6458
  -7.5519
  -7.4593
  -7.3635
  -7.2674
  -7.1742
  -7.0819
  -6.9937
  -6.9065
  -6.8312
  -6.7661
  -6.7139
  -6.6735
  -6.6379
  -6.6080
  -6.5763
  -6.5486
  -6.5205
  -6.4897
  -6.4604
  -6.4502
  -6.4399
  -6.4326
  -6.4286
  -6.4256
  -6.4352
  -6.4496
  -6.4709
  -6.4997
  -6.5333
  -6.5741
  -6.6222
  -6.6684
  -6.7198
  -6.7787
  -6.8333
  -6.8870
  -6.9466
  -7.0095
  -7.0769
  -7.1467
  -7.2134
  -7.2806
  -7.3474
  -7.4162
  -7.4874
  -7.5593
  -7.6295
  -7.6992
  -7.7664
  -7.8326
  -7.8888
  -7.9365
  -7.9786
  -8.0172
  -8.0447
  -8.0768
  -8.0985
  -8.1212
  -8.1446
  -8.1596
  -8.1683
  -8.1864
  -8.1995
  -8.2151
  -8.2331
  -8.2516
  -8.2776
  -8.2917
  -8.3188
  -8.3462
  -8.3769
  -8.4022
  -8.4305
  -8.4611
  -8.4948
  -8.5313
  -8.5659
  -8.5988
  -8.6393
  -8.6846
  -8.7386
  -8.8016
  -8.8650
  -8.9305
  -8.9886
  -9.0485
  -9.1091
  -9.1718
  -9.2303
  -9.2896
  -9.3452
  -9.3973
  -9.4499
  -9.4984
  -9.5518
  -9.6067
  -9.6651
  -9.7223
  -9.7806
  -9.8328
  -9.8812
  -9.9339
  -9.9837
 -10.0341
 -10.0787
 -10.1213
 -10.1592
 -10.1913
 -10.2218
 -10.2509
 -10.2773
 -10.3051
 -10.3342
 -10.3639
 -10.3983
 -10.4374
 -10.4777
 -10.5177
 -10.5577
 -10.5948
 -10.6318
 -10.6678
 -10.6928
 -10.7183
 -10.7383
 -10.7536
 -10.7666
 -10.7756
 -10.8004
 -10.8159
 -10.8297
 -10.8348
 -10.8370
 -10.8326
 -10.8241
 -10.8120
 -10.7928
 -10.7746
 -10.7551
 -10.7280
 -10.6962
 -10.6528
 -10.6025
 -10.5475
 -10.4891
 -10.4411
 -10.3908
 -10.3409
 -10.2898
 -10.2471
 -10.2114
 -10.1859
 -10.1649
 -10.1482
 -10.1318
 -10.1124
 -10.0911
 -10.0704
 -10.0508
 -10.0346
 -10.0232
 -10.0124
  -9.9966
  -9.9837
  -9.9744
  -9.9706
  -9.9709
  -9.9762
  -9.9807
  -9.9858
  -9.9888
  -9.9904
 -10.0001
 -10.0093
 -10.0215
 -10.0365
 -10.0529
 -10.0681
 -10.0851
 -10.1014
 -10.1253
 -10.1503
 -10.1844
 -10.2265
 -10.2752
 -10.3279
 -10.3869
 -10.4485
 -10.5077
 -10.5643
 -10.6177
 -10.6685
 -10.7248
 -10.7866
 -10.8507
 -10.9173
 -10.9861
 -11.0610
 -11.1387
 -11.2208
 -11.3039
 -11.3938
 -11.4885
 -11.5826
 -11.6739
 -11.7724
 -11.8680
 -11.9586
 -12.0495
 -12.1422
 -12.2321
 -12.3135
 -12.3892
 -12.4611
 -12.5271
 -12.5940
 -12.6590
 -12.7266
 -12.7898
 -12.8522
 -12.9043
 -12.9539
 -13.0044
 -13.0535
 -13.1025
 -13.1502
 -13.2015
 -13.2534
 -13.3030
 -13.3553
 -13.4132
 -13.4791
 -13.5526
 -13.6227
 -13.6956
 -13.7662
 -13.8335
 -13.9001
 -13.9685
 -14.0386
 -14.1170
 -14.1895
 -14.2641
 -14.3356
 -14.4016
 -14.4648
 -14.5287
 -14.5895
 -14.6527
 -14.7148
 -14.7715
 -14.8291
 -14.8890
 -14.9441
 -14.9937
 -15.0417
 -15.0854
 -15.1254
 -15.1601
 -15.1922
 -15.2245
 -15.2563
 -15.2842
 -15.3066
 -15.3253
 -15.3480
 -15.3640
 -15.3715
 -15.3795
 -15.3826
 -15.3789
 -15.3685
 -15.3591
 -15.3450
 -15.3276
 -15.3083
 -15.2858
 -15.2631
 -15.2347
 -15.2049
 -15.1737
 -15.1432
 -15.1136
 -15.0842
 -15.0560
 -15.0277
 -14.9957
 -14.9573
 -14.9135
 -14.8674
 -14.8206
 -14.7689
 -14.7105
 -14.6462
 -14.5814
 -14.5133
 -14.4419
 -14.3666
 -14.2897
 -14.2102
 -14.1293
 -14.0427
 -13.9563
 -13.8673
 -13.7741
 -13.6834
 -13.5884
 -13.4950
 -13.3976
 -13.2969
 -13.2000
 -13.1042
 -13.0124
 -12.9192
 -12.8253
 -12.7395
 -12.6564
 -12.5756
 -12.4933
 -12.4125
 -12.3280
 -12.2366
 -12.1460
 -12.0548
 -11.9627
 -11.8692
 -11.7733
 -11.6776
 -11.5877
 -11.4989
 -11.4090
 -11.3172
 -11.2269
 -11.1338
 -11.0425
 -10.9512
 -10.8635
 -10.7792
 -10.6930
 -10.6091
 -10.5239
 -10.4401
 -10.3598
 -10.2797
 -10.1996
 -10.1215
 -10.0423
  -9.9641
  -9.8886
  -9.8122
  -9.7370
  -9.6621
  -9.5871
  -9.5156
  -9.4452
  -9.3759
  -9.3053
  -9.2308
  -9.1618
  -9.0845
  -9.0127
  -8.9335
  -8.8534
  -8.7707
  -8.6844
  -8.6009
  -8.5117
  -8.4258
  -8.3353
  -8.2464
  -8.1591
  -8.0643
  -7.9717
  -7.8738
  -7.7816
  -7.6902
  -7.5991
  -7.5073
  -7.4170
  -7.3299
  -7.2460
  -7.1680
  -7.0938
  -7.0224
  -6.9570
  -6.8965
  -6.8423
  -6.7955
  -6.7523
  -6.7100
  -6.6657
  -6.6234
  -6.5761
  -6.5337
  -6.4947
  -6.4581
  -6.4197
  -6.3866
  -6.3516
  -6.3188
  -6.2869
  -6.2608
  -6.2319
  -6.1997
  -6.1631
  -6.1264
  -6.0863
  -6.0509
  -6.0163
  -5.9785
  -5.9367
  -5.8878
  -5.8400
  -5.7980
  -5.7540
  -5.7093
  -5.6649
  -5.6288
  -5.5966
  -5.5645
  -5.5407
  -5.5127
  -5.4864
  -5.4602
  -5.4369
  -5.4161
  -5.3886
  -5.3606
  -5.3252
  -5.2881
  -5.2481
  -5.2046
  -5.1640
  -5.1211
  -5.0818
  -5.0405
  -4.9976
  -4.9494
  -4.9000
  -4.8536
  -4.8043
  -4.7514
  -4.6954
  -4.6380
  -4.5813
  -4.5130
  -4.4453
  -4.3727
  -4.2975
  -4.2257
  -4.1553
  -4.0889
  -4.0281
  -3.9787
  -3.9254
  -3.8723
  -3.8221
  -3.7782
  -3.7284
  -3.6800
  -3.6299
  -3.5813
  -3.5314
  -3.4851
  -3.4456
  -3.4125
  -3.3757
  -3.3391
  -3.3004
  -3.2616
  -3.2271
  -3.1981
  -3.1793
  -3.1584
  -3.1358
  -3.1119
  -3.0936
  -3.0749
  -3.0558
  -3.0437
  -3.0329
  -3.0260
  -3.0208
  -3.0196
  -3.0201
  -3.0194
  -3.0209
  -3.0283
  -3.0407
  -3.0591
  -3.0786
  -3.1045
  -3.1355
  -3.1674
  -3.2050
  -3.2427
  -3.2770
  -3.3177
  -3.3611
  -3.4044
  -3.4413
  -3.4801
  -3.5130
  -3.5441
  -3.5694
  -3.5921
  -3.6153
  -3.6282
  -3.6394
  -3.6482
  -3.6520
  -3.6504
  -3.6471
  -3.6339
  -3.6161
  -3.5958
  -3.5721
  -3.5401
  -3.5051
  -3.4666
  -3.4245
  -3.3818
  -3.3388
  -3.2945
  -3.2512
  -3.2053
  -3.1566
  -3.1137
  -3.0737
  -3.0348
  -2.9948
  -2.9526
  -2.9078
  -2.8595
  -2.8063
  -2.7508
  -2.6944
  -2.6358
  -2.5744
  -2.5068
  -2.4337
  -2.3580
  -2.2861
  -2.2137
  -2.1433
  -2.0715
  -2.0054
  -1.9399
  -1.8766
  -1.8151
  -1.7518
  -1.6943
  -1.6294
  -1.5600
  -1.4955
  -1.4230
  -1.3492
  -1.2785
  -1.2113
  -1.1410
  -1.0758
  -1.0120
  -0.9498
  -0.8953
  -0.8465
  -0.7995
  -0.7487
  -0.7038
  -0.6614
  -0.6183
  -0.5713
  -0.5200
  -0.4687
  -0.4192
  -0.3750
  -0.3384
  -0.2956
  -0.2592
  -0.2240
  -0.1923
  -0.1653
  -0.1432
  -0.1180
  -0.0926
  -0.0640
  -0.0314
  -0.0004
   0.0317
   0.0606
   0.0887
   0.1204
   0.1485
   0.1762
   0.1989
   0.2212
   0.2407
   0.2581
   0.2741
   0.2888
   0.2985
   0.3073
   0.3151
   0.3244
   0.3407
   0.3547
   0.3738
   0.3885
   0.4073
   0.4266
   0.4491
   0.4681
   0.4824
   0.4978
   0.5110
   0.5223
   0.5312
   0.5355
   0.5444
   0.5577
   0.5720
   0.5851
   0.5992
   0.6181
   0.6386
   0.6623
   0.6912
   0.7096
   0.7254
   0.7447
   0.7517
   0.7500
   0.7505
   0.7484
   0.7382
   0.7337
   0.7213
   0.7185
   0.7105
   0.7089
   0.7058
   0.7101
   0.7195
   0.7273
   0.7301
   0.7308
   0.7258
   0.7190
   0.7082
   0.7019
   0.7012
   0.7011
   0.7017
   0.7119
   0.7196
   0.7272
   0.7338
   0.7401
   0.7448
   0.7461
   0.7524
   0.7647
   0.7725
   0.7771
   0.7744
   0.7722
   0.7726
   0.7713
   0.7757
   0.7824
   0.7953
   0.8067
   0.8271
   0.8587
   0.8900
   0.9285
   0.9707
   1.0151
   1.0636
   1.1105
   1.1575
   1.2136
   1.2672
   1.3275
   1.3812
   1.4344
   1.4859
   1.5350
   1.5971
   1.6463
   1.6935
   1.7482
   1.8012
   1.8483
   1.8935
   1.9436
   1.9983
   2.0592
   2.1062
   2.1544
   2.1929
   2.2225
   2.2440
   2.2605
   2.2722
   2.2768
   2.2827
   2.2921
   2.2965
   2.3066
   2.3059
   2.3063
   2.3016
   2.2946
   2.2822
   2.2754
   2.2636
   2.2551
   2.2437
   2.2430
   2.2544
   2.2672
   2.2724
   2.2785
   2.2860
   2.2931
   2.2973
   2.2973
   2.2934
   2.2858
   2.2705
   2.2503
   2.2224
   2.1908
   2.1489
   2.1151
   2.0704
   2.0267
   1.9933
   1.9516
   1.9150
   1.8852
   1.8535
   1.8248
   1.7971
   1.7751
   1.7570
   1.7440
   1.7378
   1.7264
   1.7207
   1.7267
   1.7370
   1.7606
   1.7872
   1.8224
   1.8570
   1.8904
   1.9272
   1.9771
   2.0214
   2.0718
   2.1334
   2.1918
   2.2508
   2.3151
   2.3905
   2.4756
   2.5677
   2.6657
   2.7687
   2.8756
   2.9846
   3.1076
   3.2290
   3.3519
   3.4734
   3.6046
   3.7327
   3.8585
   3.9802
   4.0991
   4.2101
   4.3260
   4.4392
   4.5447
   4.6595
   4.7727
   4.8876
   5.0031
   5.1190
   5.2376
   5.3559
   5.4864
   5.6166
   5.7484
   5.8796
   6.0151
   6.1457
   6.2677
   6.3995
   6.5224
   6.6402
   6.7541
   6.8683
   6.9842
   7.0976
   7.2098
   7.3245
   7.4346
   7.5469
   7.6702
   7.7790
   7.8908
   7.9969
   8.1040
   8.2094
   8.3138
   8.4128
   8.5193
   8.6224
   8.7270
   8.8312
   8.9385
   9.0532
   9.1685
   9.2880
   9.4107
   9.5250
   9.6357
   9.7453
   9.8491
   9.9577
  10.0623
  10.1584
  10.2605
  10.3604
  10.4559
  10.5500
  10.6460
  10.7410
  10.8369
  10.9302
  11.0267
  11.1261
  11.2243
  11.3297
  11.4346
  11.5531
  11.6740
  11.7942
  11.9246
  12.0542
  12.1878
  12.3214
  12.4554
  12.5894
  12.7214
  12.8489
  12.9825
  13.1205
  13.2528
  13.3841
  13.5126
  13.6470
  13.7792
  13.9008
  14.0225
  14.1394
  14.2540
  14.3676
  14.4811
  14.5900
  14.7000
  14.8049
  14.9073
  15.0093
  15.1044
  15.2014
  15.2961
  15.3821
  15.4709
  15.5592
  15.6507
  15.7356
  15.8151
  15.8950
  15.9744
  16.0419
  16.1122
  16.1826
  16.2535
  16.3246
  16.3923
  16.4656
  16.5401
  16.6156
  16.6903
  16.7699
  16.8521
  16.9340
  17.0211
  17.1025
  17.1805
  17.2573
  17.3328
  17.4072
  17.4871
  17.5653
  17.6371
  17.7119
  17.7882
  17.8615
  17.9404
  18.0156
  18.0910
  18.1687
  18.2530
  18.3379
  18.4249
  18.5093
  18.5907
  18.6708
  18.7497
  18.8304
  18.9077
  18.9796
  19.0529
  19.1234
  19.1909
  19.2516
  19.3108
  19.3636
  19.4137
  19.4649
  19.5208
  19.5767
  19.6282
  19.6754
  19.7250
  19.7782
  19.8308
  19.8818
  19.9345
  19.9849
  20.0383
  20.0921
  20.1478
  20.2066
  20.2735
  20.3390
  20.4030
  20.4674
  20.5296
  20.5936
  20.6484
  20.6942
  20.7382
  20.7661
  20.7911
  20.8071
  20.8205
  20.8345
  20.8508
  20.8687
  20.8842
  20.8992
  20.9113
  20.9162
  20.9157
  20.9132
  20.9106
  20.9064
  20.9052
  20.8981
  20.8925
  20.8815
  20.8665
  20.8502
  20.8220
  20.7883
  20.7455
  20.6937
  20.6345
  20.5713
  20.4972
  20.4270
  20.3599
  20.2914
  20.2195
  20.1597
  20.0977
  20.0324
  19.9725
  19.9088
  19.8380
  19.7537
  19.6664
  19.5811
  19.4969
  19.4124
  19.3218
  19.2430
  19.1558
  19.0647
  18.9725
  18.8775
  18.7871
  18.6897
  18.5881
  18.4865
  18.3748
  18.2522
  18.1292
  18.0064
  17.8895
  17.7677
  17.6541
  17.5332
  17.4246
  17.3205
  17.2132
  17.1079
  16.9965
  16.8822
  16.7595
  16.6361
  16.5074
  16.3849
  16.2664
  16.1512
  16.0393
  15.9197
  15.8080
  15.6890
  15.5839
  15.4776
  15.3768
  15.2797
  15.1760
  15.0726
  14.9681
  14.8551
  14.7536
  14.6487
  14.5513
  14.4643
  14.3617
  14.2560
  14.1570
  14.0586
  13.9497
  13.8378
  13.7353
  13.6257
  13.5226
  13.4264
  13.3386
  13.2508
  13.1611
  13.0642
  12.9591
  12.8512
  12.7286
  12.6054
  12.4821
  12.3513
  12.2134
  12.0672
  11.9270
  11.7799
  11.6284
  11.4878
  11.3561
  11.2166
  11.0775
  10.9357
  10.8087
  10.6826
  10.5565
  10.4440
  10.3273
  10.2243
  10.1187
  10.0127
   9.9027
   9.7952
   9.6864
   9.5860
   9.4911
   9.3969
   9.3022
   9.2031
   9.1035
   8.9961
   8.8860
   8.7574
   8.6282
   8.4958
   8.3592
   8.2154
   8.0789
   7.9450
   7.8143
   7.6718
   7.5398
   7.4120
   7.2791
   7.1496
   7.0232
   6.8892
   6.7591
   6.6353
   6.5304
   6.4185
   6.3029
   6.1904
   6.0859
   5.9798
   5.8543
   5.7388
   5.6356
   5.5377
   5.4453
   5.3581
   5.2722
   5.1849
   5.1102
   5.0357
   4.9644
   4.8933
   4.8208
   4.7504
   4.6752
   4.5980
   4.5273
   4.4557
   4.3769
   4.2920
   4.2077
   4.1244
   4.0360
   3.9454
   3.8441
   3.7408
   3.6372
   3.5388
   3.4473
   3.3595
   3.2642
   3.1653
   3.0553
   2.9453
   2.8283
   2.7152
   2.5996
   2.4794
   2.3711
   2.2611
   2.1565
   2.0508
   1.9560
   1.8592
   1.7704
   1.6809
   1.5980
   1.5166
   1.4306
   1.3407
   1.2562
   1.1746
   1.1005
   1.0278
   0.9504
   0.8641
   0.7747
   0.6948
   0.6202
   0.5391
   0.4605
   0.4052
   0.3404
   0.2761
   0.2187
   0.1654
   0.1095
   0.0569
   0.0059
  -0.0524
  -0.1043
  -0.1559
  -0.2063
  -0.2496
  -0.3040
  -0.3632
  -0.4293
  -0.5007
  -0.5745
  -0.6418
  -0.7164
  -0.7919
  -0.8670
  -0.9429
  -1.0197
  -1.0943
  -1.1638
  -1.2267
  -1.2890
  -1.3551
  -1.4138
  -1.4653
  -1.5114
  -1.5404
  -1.5695
  -1.5923
  -1.6095
  -1.6236
  -1.6306
  -1.6367
  -1.6373
  -1.6372
  -1.6347
  -1.6347
  -1.6311
  -1.6329
  -1.6260
  -1.6201
  -1.6131
  -1.6073
  -1.6031
  -1.5940
  -1.5802
  -1.5687
  -1.5585
  -1.5466
  -1.5323
  -1.5097
  -1.4875
  -1.4719
  -1.4533
  -1.4339
  -1.4117
  -1.3896
  -1.3675
  -1.3522
  -1.3406
  -1.3268
  -1.3134
  -1.2999
  -1.2852
  -1.2695
  -1.2501
  -1.2327
  -1.2143
  -1.1852
  -1.1458
  -1.0946
  -1.0328
  -0.9706
  -0.9067
  -0.8370
  -0.7705
  -0.6957
  -0.6229
  -0.5434
  -0.4609
  -0.3805
  -0.2976
  -0.2069
  -0.1126
  -0.0260
   0.0475
   0.1189
   0.1785
   0.2463
   0.3113
   0.3763
   0.4400
   0.5071
   0.5697
   0.6274
   0.6790
   0.7291
   0.7767
   0.8272
   0.8803
   0.9349
   0.9942
   1.0533
   1.1120
   1.1834
   1.2567
   1.3241
   1.3934
   1.4593
   1.5290
   1.5922
   1.6554
   1.7153
   1.7780
   1.8404
   1.8974
   1.9507
   2.0035
   1.7632
   1.5324
   1.3082
   1.0814
   0.8564
   0.6324
   0.4119
   0.1977
  -0.0154
  -0.2311
  -0.4424
  -0.6544
  -0.8663
  -1.0801
  -1.2974
  -1.5109
  -1.7283
  -1.9463
  -2.1592
  -2.3798
  -2.6043
  -2.8376
  -3.0754
  -3.3154
  -3.5591
  -3.8080
  -4.0656
  -4.3180
  -4.5663
  -4.8192
