  -0.5519
  -0.4121
  -0.2698
  -0.1287
   0.0165
   0.1698
   0.3200
   0.4770
   0.6384
   0.8054
   0.9754
   1.1489
   1.3193
   1.4984
   1.6729
   1.8513
   2.0279
   2.1987
   2.3591
   2.5169
   2.6805
   2.8452
   3.0128
   3.1842
   3.3511
   3.5179
   3.6875
   3.8576
   4.0226
   4.1930
   4.3659
   4.3475
   4.3320
   4.3279
   4.3268
   4.3303
   4.3314
   4.3335
   4.3306
   4.3316
   4.3265
   4.3132
   4.2937
   4.2732
   4.2530
   4.2259
   4.1999
   4.1741
   4.1556
   4.1413
   4.1262
   4.1149
   4.1048
   4.0951
   4.0955
   4.1015
   4.1020
   4.1074
   4.1101
   4.1159
   4.1279
   4.1320
   4.1469
   4.1566
   4.1688
   4.1825
   4.2013
   4.2150
   4.2237
   4.2340
   4.2381
   4.2501
   4.2523
   4.2577
   4.2528
   4.2556
   4.2539
   4.2465
   4.2339
   4.2243
   4.2148
   4.2000
   4.1885
   4.1725
   4.1620
   4.1492
   4.1326
   4.1060
   4.0660
   4.0225
   3.9622
   3.8992
   3.8284
   3.7549
   3.6795
   3.6087
   3.5379
   3.4741
   3.4125
   3.3585
   3.3058
   3.2534
   3.1971
   3.1467
   3.1002
   3.0570
   3.0181
   2.9765
   2.9367
   2.8873
   2.8441
   2.8020
   2.7591
   2.7179
   2.6826
   2.6398
   2.5989
   2.5613
   2.5187
   2.4753
   2.4328
   2.3919
   2.3563
   2.3180
   2.2824
   2.2416
   2.2008
   2.1580
   2.1133
   2.0734
   2.0313
   1.9954
   1.9493
   1.9128
   1.8716
   1.8338
   1.7924
   1.7522
   1.7140
   1.6853
   1.6557
   1.6254
   1.5993
   1.5726
   1.5531
   1.5251
   1.5036
   1.4873
   1.4820
   1.4845
   1.4919
   1.5157
   1.5376
   1.5712
   1.6052
   1.6372
   1.6603
   1.6842
   1.7014
   1.7163
   1.7306
   1.7439
   1.7542
   1.7698
   1.7880
   1.7990
   1.8148
   1.8294
   1.8446
   1.8591
   1.8760
   1.8869
   1.8995
   1.9088
   1.9188
   1.9271
   1.9355
   1.9425
   1.9416
   1.9470
   1.9547
   1.9610
   1.9645
   1.9689
   1.9717
   1.9698
   1.9743
   1.9731
   1.9719
   1.9688
   1.9689
   1.9697
   1.9751
   1.9802
   1.9826
   1.9851
   1.9872
   1.9873
   1.9901
   1.9786
   1.9093
   1.8341
   1.7631
   1.6941
   1.6222
   1.5530
   1.4847
   1.4180
   1.3521
   1.2832
   1.2150
   1.1461
   1.0719
   1.0011
   0.9263
   0.8528
   0.7790
   0.7085
   0.6341
   0.5623
   0.4907
   0.4158
   0.3443
   0.2726
   0.2050
   0.1291
   0.0593
  -0.0229
  -0.1008
  -0.1805
  -0.2580
  -0.3373
  -0.4143
  -0.4935
  -0.5753
  -0.6560
  -0.7385
  -0.8220
  -0.9101
  -0.9912
  -1.0782
  -1.1657
  -1.2591
  -1.3488
  -1.4421
  -1.5359
  -1.6283
  -1.7313
  -1.8299
  -1.9310
  -2.0273
  -2.1257
  -2.2236
  -2.3212
  -2.4134
  -2.5075
  -2.6025
  -2.6894
  -2.7799
  -2.8707
  -2.9430
  -2.9641
  -2.9733
  -2.9929
  -3.0081
  -3.0213
  -3.0391
  -3.0567
  -3.0723
  -3.0875
  -3.0967
  -3.1107
  -3.1162
  -3.1201
  -3.1257
  -3.1305
  -3.1375
  -3.1428
  -3.1549
  -3.1628
  -3.1749
  -3.1877
  -3.2017
  -3.2207
  -3.2396
  -3.2582
  -3.2723
  -3.2889
  -3.2957
  -3.3092
  -3.3203
  -3.3284
  -3.3370
  -3.3410
  -3.3467
  -3.3496
  -3.3532
  -3.3537
  -3.3546
  -3.3557
  -3.3601
  -3.3625
  -3.3662
  -3.3644
  -3.3633
  -3.3595
  -3.3547
  -3.3457
  -3.3242
  -3.3052
  -3.2784
  -3.2515
  -3.2273
  -3.2004
  -3.1748
  -3.1515
  -3.1285
  -3.1012
  -3.0808
  -3.0588
  -3.0444
  -3.0307
  -3.0179
  -3.0137
  -3.0040
  -3.0015
  -2.9947
  -2.9883
  -2.9782
  -2.9735
  -2.9707
  -2.9716
  -2.9725
  -2.9826
  -2.9925
  -3.0033
  -3.0136
  -3.0259
  -3.0421
  -3.0554
  -3.0746
  -3.0946
  -3.1126
  -3.1307
  -3.1497
  -3.1715
  -3.1979
  -3.2244
  -3.2478
  -3.2753
  -3.3019
  -3.3260
  -3.3533
  -3.3806
  -3.4145
  -3.4447
  -3.4739
  -3.5031
  -3.5357
  -3.5683
  -3.6001
  -3.6272
  -3.6540
  -3.6804
  -3.7078
  -3.7368
  -3.7645
  -3.7931
  -3.8247
  -3.8613
  -3.8948
  -3.9352
  -3.9727
  -4.0121
  -4.0535
  -4.0970
  -4.1424
  -4.1950
  -4.2517
  -4.3112
  -4.3652
  -4.4151
  -4.4604
  -4.4959
  -4.5293
  -4.5587
  -4.5642
  -4.5857
  -4.5987
  -4.6100
  -4.6316
  -4.6387
  -4.6493
  -4.6509
  -4.6492
  -4.6496
  -4.6444
  -4.6359
  -4.6241
  -4.6126
  -4.5940
  -4.5735
  -4.5519
  -4.5344
  -4.5129
  -4.4875
  -4.4601
  -4.4370
  -4.4102
  -4.3848
  -4.3576
  -4.3292
  -4.3008
  -4.2725
  -4.2378
  -4.2037
  -4.1666
  -4.1302
  -4.0919
  -4.0506
  -4.0008
  -3.9508
  -3.9083
  -3.8639
  -3.8257
  -3.7813
  -3.7389
  -3.7013
  -3.6623
  -3.6227
  -3.5745
  -3.5351
  -3.4854
  -3.4409
  -3.3876
  -3.3430
  -3.2984
  -3.2465
  -3.1919
  -3.1350
  -3.0756
  -3.0183
  -2.9639
  -2.9154
  -2.8739
  -2.8374
  -2.8008
  -2.7983
  -2.7749
  -2.7648
  -2.7523
  -2.7294
  -2.7203
  -2.7053
  -2.6981
  -2.6865
  -2.6706
  -2.6605
  -2.6491
  -2.6373
  -2.6305
  -2.6199
  -2.6103
  -2.5993
  -2.5884
  -2.5793
  -2.5683
  -2.5569
  -2.5411
  -2.5243
  -2.5152
  -2.5068
  -2.4953
  -2.4906
  -2.4839
  -2.4833
  -2.4791
  -2.4781
  -2.4820
  -2.4811
  -2.4851
  -2.4851
  -2.4890
  -2.4869
  -2.4875
  -2.4792
  -2.4724
  -2.4593
  -2.4466
  -2.4308
  -2.4129
  -2.4038
  -2.3899
  -2.3792
  -2.3692
  -2.3665
  -2.3595
  -2.3547
  -2.3564
  -2.3559
  -2.3613
  -2.3683
  -2.3775
  -2.3809
  -2.3835
  -2.3908
  -2.3886
  -2.3873
  -2.3734
  -2.3713
  -2.3568
  -2.3504
  -2.3415
  -2.3333
  -2.3291
  -2.3174
  -2.3081
  -2.2975
  -2.2861
  -2.2790
  -2.2722
  -2.2579
  -2.2537
  -2.2533
  -2.2509
  -2.2415
  -2.2259
  -2.2198
  -2.2101
  -2.1939
  -2.1867
  -2.1672
  -2.1491
  -2.1363
  -2.1192
  -2.1096
  -2.0975
  -2.0880
  -2.0833
  -2.0756
  -2.0760
  -2.0733
  -2.0824
  -2.0835
  -2.0889
  -2.0952
  -2.0987
  -2.1041
  -2.1107
  -2.1160
  -2.1253
  -2.1418
  -2.1557
  -2.1679
  -2.1856
  -2.1986
  -2.2125
  -2.2196
  -2.2234
  -2.2281
  -2.2319
  -2.2289
  -2.2223
  -2.2156
  -2.2133
  -2.2096
  -2.2007
  -2.1985
  -2.1947
  -2.1933
  -2.1870
  -2.1876
  -2.1899
  -2.1900
  -2.1918
  -2.1858
  -2.1877
  -2.1890
  -2.1972
  -2.2040
  -2.2086
  -2.2153
  -2.2240
  -2.2305
  -2.2293
  -2.2337
  -2.2391
  -2.2490
  -2.2562
  -2.2630
  -2.2724
  -2.2803
  -2.2887
  -2.2976
  -2.3005
  -2.3052
  -2.3047
  -2.3049
  -2.3021
  -2.2980
  -2.2963
  -2.2913
  -2.2870
  -2.2828
  -2.2822
  -2.2818
  -2.2755
  -2.2803
  -2.2818
  -2.2863
  -2.2809
  -2.2797
  -2.2687
  -2.2611
  -2.2506
  -2.2393
  -2.2246
  -2.2101
  -2.1945
  -2.1826
  -2.1626
  -2.1442
  -2.1365
  -2.1273
  -2.1209
  -2.1141
  -2.1080
  -2.1051
  -2.1058
  -2.1067
  -2.1071
  -2.1095
  -2.1103
  -2.1082
  -2.1094
  -2.1039
  -2.1044
  -2.1048
  -2.0991
  -2.1107
  -2.1208
  -2.1264
  -2.1310
  -2.1306
  -2.1275
  -2.1274
  -2.1218
  -2.1234
  -2.1235
  -2.1223
  -2.1227
  -2.1286
  -2.1292
  -2.1322
  -2.1306
  -2.1319
  -2.1303
  -2.1259
  -2.1209
  -2.1165
  -2.1072
  -2.0985
  -2.0859
  -2.0769
  -2.0682
  -2.0513
  -2.0372
  -2.0248
  -2.0103
  -2.0009
  -1.9867
  -1.9835
  -1.9731
  -1.9653
  -1.9555
  -1.9430
  -1.9354
  -1.9258
  -1.9200
  -1.9189
  -1.9160
  -1.9230
  -1.9295
  -1.9260
  -1.9245
  -1.9189
  -1.9069
  -1.9001
  -1.8920
  -1.8777
  -1.8643
  -1.8455
  -1.8302
  -1.8110
  -1.7877
  -1.7616
  -1.7437
  -1.7224
  -1.6961
  -1.6778
  -1.6392
  -1.6029
  -1.5694
  -1.5380
  -1.5105
  -1.4838
  -1.4534
  -1.4249
  -1.3893
  -1.3569
  -1.3262
  -1.2919
  -1.2549
  -1.2187
  -1.1806
  -1.1417
  -1.1029
  -1.0614
  -1.0233
  -0.9845
  -0.9485
  -0.9117
  -0.8634
  -0.8211
  -0.7753
  -0.7266
  -0.6865
  -0.6428
  -0.6038
  -0.5647
  -0.5212
  -0.4831
  -0.4418
  -0.4047
  -0.3716
  -0.3341
  -0.3009
  -0.2637
  -0.2367
  -0.2004
  -0.1650
  -0.1278
  -0.0872
  -0.0455
  -0.0058
   0.0290
   0.0700
   0.1057
   0.1448
   0.1842
   0.2240
   0.2644
   0.3042
   0.3440
   0.3806
   0.4164
   0.4459
   0.4941
   0.5898
   0.6995
   0.8255
   0.9510
   1.0763
   1.1940
   1.3139
   1.4279
   1.5379
   1.6426
   1.7456
   1.8504
   1.9517
   2.0504
   2.1406
   2.2300
   2.3224
   2.4116
   2.4939
   2.5807
   2.6603
   2.7394
   2.8173
   2.8952
   2.9730
   3.0405
   3.1141
   3.1897
   3.2640
   3.3416
   3.4272
   3.5208
   3.6185
   3.7156
   3.8198
   3.9223
   4.0255
   4.1297
   4.2296
   4.3253
   4.4215
   4.5204
   4.6168
   4.7183
   4.8165
   4.9132
   5.0046
   5.0969
   5.1841
   5.2630
   5.3478
   5.4299
   5.5219
   5.6069
   5.6975
   5.7854
   5.8747
   5.9612
   6.0516
   6.1440
   6.2273
   6.2594
   6.2808
   6.2925
   6.3027
   6.3100
   6.3172
   6.3259
   6.3475
   6.3621
   6.3713
   6.3842
   6.3943
   6.4112
   6.4326
   6.4599
   6.4851
   6.5141
   6.5451
   6.5852
   6.6207
   6.6707
   6.7153
   6.7634
   6.8128
   6.8649
   6.9255
   6.9847
   7.0380
   7.0991
   7.1621
   7.2164
   7.2709
   7.3276
   7.3877
   7.4448
   7.5056
   7.5684
   7.6349
   7.6907
   7.7508
   7.8077
   7.8643
   7.9175
   7.9696
   8.0289
   8.0895
   8.1556
   8.2231
   8.3057
   8.3891
   8.4693
   8.5580
   8.6345
   8.7236
   8.8071
   8.8955
   8.9857
   9.0706
   9.1499
   9.2301
   9.3086
   9.3863
   9.4648
   9.5354
   9.6123
   9.6994
   9.7937
   9.8908
   9.9853
  10.0876
  10.2012
  10.3101
  10.4213
  10.5343
  10.6462
  10.7589
  10.8800
  10.9978
  11.1131
  11.2336
  11.3568
  11.4754
  11.5981
  11.7178
  11.8413
  11.9598
  12.0699
  12.1679
  12.2647
  12.3532
  12.4383
  12.5294
  12.6204
  12.7164
  12.8227
  12.9377
  13.0566
  13.1812
  13.3015
  13.4342
  13.5719
  13.7166
  13.8685
  14.0283
  14.1863
  14.3426
  14.4983
  14.6576
  14.8106
  14.9503
  15.0932
  15.2254
  15.3538
  15.4752
  15.5505
  15.6034
  15.6468
  15.6663
  15.6963
  15.7226
  15.7384
  15.7528
  15.7674
  15.7825
  15.8116
  15.8454
  15.8778
  15.9067
  15.9357
  15.9564
  15.9900
  16.0176
  16.0466
  16.0807
  16.1127
  16.1459
  16.1705
  16.1861
  16.1886
  16.1979
  16.1910
  16.1844
  16.1717
  16.1541
  16.1386
  16.1215
  16.1028
  16.0779
  16.0673
  16.0549
  16.0453
  16.0363
  16.0254
  16.0085
  15.9879
  15.9468
  15.8948
  15.8358
  15.7784
  15.7214
  15.6646
  15.5921
  15.5253
  15.4546
  15.3772
  15.2985
  15.2224
  15.1444
  15.0589
  14.9750
  14.8961
  14.8201
  14.7522
  14.6832
  14.6230
  14.5858
  14.5621
  14.5377
  14.5320
  14.5148
  14.4932
  14.4808
  14.4639
  14.4453
  14.4213
  14.3789
  14.3223
  14.2643
  14.2076
  14.1429
  14.0828
  14.0126
  13.9504
  13.8858
  13.8221
  13.7513
  13.6859
  13.6236
  13.5677
  13.5201
  13.4692
  13.4263
  13.3773
  13.3297
  13.2884
  13.2443
  13.1981
  13.1563
  13.1300
  13.1027
  13.0819
  13.0501
  13.0117
  12.9657
  12.9165
  12.8601
  12.8037
  12.7471
  12.6951
  12.6387
  12.5917
  12.5411
  12.5027
  12.4658
  12.4238
  12.3843
  12.3494
  12.3073
  12.2712
  12.2365
  12.1970
  12.1716
  12.1332
  12.1028
  12.0726
  12.0426
  12.0367
  12.0285
  12.0332
  12.0427
  12.0592
  12.0804
  12.0954
  12.1092
  12.1393
  12.1711
  12.2072
  12.2553
  12.2995
  12.3435
  12.3925
  12.4357
  12.4770
  12.5159
  12.5581
  12.5945
  12.6394
  12.6818
  12.7230
  12.7555
  12.7748
  12.7816
  12.7840
  12.7890
  12.7856
  12.7787
  12.7692
  12.7684
  12.7570
  12.7386
  12.7216
  12.6992
  12.6790
  12.6559
  12.6407
  12.6304
  12.6244
  12.6125
  12.6050
  12.5968
  12.5849
  12.5655
  12.5491
  12.5347
  12.5073
  12.4850
  12.4646
  12.4379
  12.4078
  12.3607
  12.3225
  12.2936
  12.2563
  12.2332
  12.2029
  12.1717
  12.1425
  12.1052
  12.0761
  12.0351
  11.9929
  11.9528
  11.9207
  11.8945
  11.8669
  11.8190
  11.7621
  11.7045
  11.6411
  11.5785
  11.5142
  11.4422
  11.3734
  11.3010
  11.2308
  11.1627
  11.0866
  11.0065
  10.9228
  10.8473
  10.7754
  10.7180
  10.6729
  10.6347
  10.5966
  10.5661
  10.5359
  10.5081
  10.4755
  10.4489
  10.4260
  10.3976
  10.3800
  10.3661
  10.3624
  10.3642
  10.3594
  10.3608
  10.3633
  10.3728
  10.3789
  10.3857
  10.3989
  10.4071
  10.4043
  10.4007
  10.3985
  10.3943
  10.3880
  10.3863
  10.4036
  10.4202
  10.4330
  10.4379
  10.4372
  10.4142
  10.3827
  10.3424
  10.2946
  10.2413
  10.1882
  10.1343
  10.0800
  10.0194
   9.9616
   9.9165
   9.8811
   9.8578
   9.8326
   9.8033
   9.7676
   9.7231
   9.6851
   9.6539
   9.6314
   9.6005
   9.5666
   9.5376
   9.5184
   9.5043
   9.4908
   9.4842
   9.4762
   9.4573
   9.4261
   9.3871
   9.3377
   9.2849
   9.2306
   9.1734
   9.1124
   9.0372
   8.9674
   8.8948
   8.8350
   8.7805
   8.7169
   8.6425
   8.5526
   8.4699
   8.3742
   8.2714
   8.1578
   8.0364
   7.9087
   7.7837
   7.6590
   7.5261
   7.3883
   7.2581
   7.1229
   6.9833
   6.8380
   6.7012
   6.5693
   6.4344
   6.3179
   6.2047
   6.1010
   5.9977
   5.8992
   5.8019
   5.7014
   5.6033
   5.5039
   5.3964
   5.2856
   5.1705
   5.0525
   4.9432
   4.8331
   4.7328
   4.6439
   4.5662
   4.4823
   4.3961
   4.3079
   4.2176
   4.1214
   4.0165
   3.9121
   3.7973
   3.6726
   3.5494
   3.4382
   3.3312
   3.2361
   3.1516
   3.0783
   3.0004
   2.9174
   2.8413
   2.7795
   2.7127
   2.6425
   2.5577
   2.4682
   2.3789
   2.3077
   2.2431
   2.1777
   2.1194
   2.0623
   2.0146
   1.9784
   1.9496
   1.9193
   1.8896
   1.8573
   1.8268
   1.7892
   1.7579
   1.7240
   1.6896
   1.6559
   1.6235
   1.5895
   1.5569
   1.5225
   1.4925
   1.4695
   1.4532
   1.4361
   1.4235
   1.3983
   1.3833
   1.3770
   1.3627
   1.3494
   1.3332
   1.3139
   1.3010
   1.2809
   1.2541
   1.2098
   1.1672
   1.1223
   1.0829
   1.0441
   1.0046
   0.9594
   0.9042
   0.8504
   0.8008
   0.7520
   0.6953
   0.6423
   0.5829
   0.5188
   0.4534
   0.3846
   0.3155
   0.2440
   0.1716
   0.1005
   0.0290
  -0.0363
  -0.1003
  -0.1663
  -0.2384
  -0.3065
  -0.3760
  -0.4479
  -0.5213
  -0.6004
  -0.6967
  -0.7936
  -0.8834
  -0.9740
  -1.0571
  -1.1416
  -1.2197
  -1.3040
  -1.3846
  -1.4658
  -1.5528
  -1.6405
  -1.7275
  -1.8139
  -1.8927
  -1.9771
  -2.0696
  -2.1763
  -2.2801
  -2.3858
  -2.4817
  -2.5841
  -2.6924
  -2.7966
  -2.9039
  -3.0067
  -3.1138
  -3.2209
  -3.3209
  -3.4227
  -3.5143
  -3.6062
  -3.7018
  -3.7969
  -3.8857
  -3.9665
  -4.0429
  -4.1121
  -4.1781
  -4.2448
  -4.3260
  -4.3949
  -4.4688
  -4.5440
  -4.6219
  -4.7054
  -4.7765
  -4.8379
  -4.9019
  -4.9673
  -5.0337
  -5.0949
  -5.1516
  -5.2020
  -5.2459
  -5.2898
  -5.3375
  -5.3862
  -5.4407
  -5.4870
  -5.5283
  -5.5655
  -5.5960
  -5.6273
  -5.6560
  -5.6868
  -5.5310
  -5.3780
  -5.2273
  -5.0804
  -4.9349
  -4.7896
  -4.6477
  -4.5019
  -4.3596
  -4.2085
  -4.0512
  -3.8849
  -3.7125
  -3.5450
  -3.3728
  -3.2017
  -3.0341
  -2.8619
  -2.6987
  -2.5320
  -2.3677
  -2.2062
  -2.0516
  -1.9041
  -1.7545
  -1.6039
  -1.4553
  -1.3001
  -1.1486
  -1.0084
