 994.4302
1024.8671
1055.2238
1085.5149
1115.7406
1145.9005
1175.9950
1206.0238
1235.9707
1265.8521
1295.6678
1325.4180
1355.1025
1384.7216
1414.2585
1443.7300
1473.1359
1502.4762
1531.7509
1560.9601
1590.0872
1619.1488
1648.1448
1677.0753
1705.9402
1734.7394
1763.4712
1792.1229
1820.7091
1849.2297
1877.6847
1873.5208
1869.3713
1865.2074
1861.0435
1856.8795
1852.7156
1848.5516
1844.4022
1840.2383
1836.0743
1831.9104
1827.7465
1823.5825
1819.4351
1815.2711
1811.1072
1806.9432
1802.7793
1798.6154
1794.4678
1790.3184
1786.1544
1781.9905
1777.8265
1773.6626
1769.5150
1765.3656
1761.2017
1757.0377
1752.8738
1748.7098
1744.5479
1740.3984
1736.2345
1732.0706
1727.9066
1723.7427
1719.5787
1715.4293
1711.2654
1707.1014
1702.9375
1698.7736
1694.6096
1690.4602
1686.3108
1682.1469
1677.9829
1673.8190
1669.6550
1665.5076
1661.3580
1657.1941
1653.0302
1648.8663
1644.7024
1640.5403
1636.3909
1632.2269
1628.0630
1623.8990
1619.7351
1615.5731
1611.4237
1607.2598
1603.0958
1598.9319
1594.7679
1590.6060
1586.4564
1582.3070
1578.1431
1573.9791
1569.8153
1565.6514
1561.5018
1557.3524
1553.1885
1549.0245
1544.8607
1540.6968
1536.5328
1532.3834
1528.2195
1524.0555
1519.8916
1515.7277
1511.5656
1507.4161
1503.2522
1499.0883
1494.9244
1490.7605
1486.5984
1482.4490
1478.2996
1474.1356
1469.9717
1465.8077
1461.6458
1457.4963
1453.3469
1449.1830
1445.0190
1440.8551
1436.6930
1432.5292
1428.3798
1424.2158
1420.0519
1415.8879
1411.7240
1407.5601
1403.4106
1399.2467
1395.0828
1390.9188
1386.7549
1382.5909
1378.4415
1374.2921
1370.1282
1365.9642
1361.8003
1357.6383
1353.4889
1349.3395
1345.1755
1341.0116
1336.8477
1332.6857
1328.5217
1324.3723
1320.2084
1316.0444
1311.8805
1307.7184
1303.5546
1299.4052
1295.2412
1291.0773
1286.9133
1282.7512
1278.5873
1274.4379
1270.2885
1266.1245
1261.9606
1257.7968
1253.6328
1249.4834
1245.3340
1241.1700
1237.0061
1232.8422
1228.6782
1224.5143
1220.3649
1216.2009
1212.0370
1207.8732
1203.7111
1199.5471
1195.3977
1191.2338
1187.0698
1182.9059
1178.7439
1174.5800
1170.4305
1166.2811
1162.1172
1157.9532
1153.7913
1149.6273
1145.4779
1141.3285
1137.1646
1133.0006
1128.8386
1124.6747
1120.5107
1116.3613
1112.1974
1108.0334
1103.8695
1099.7056
1095.5416
1091.3923
1087.2284
1083.0645
1078.9005
1074.7366
1070.5726
1066.4232
1062.2738
1058.1099
1053.9459
1049.7839
1045.6200
1041.4706
1037.3212
1033.1572
1028.9933
1024.8313
1020.6674
1016.5034
1012.3541
1008.1901
1004.0262
 999.8641
 995.7002
 991.5363
 987.3868
 983.2230
 979.0590
 974.8969
 970.7330
 966.5691
 962.4197
 958.2557
 954.0919
 949.9279
 945.7640
 941.6000
 937.4507
 933.3013
 929.1373
 924.9734
 920.8095
 916.6456
 912.4816
 908.3323
 904.1683
 900.0044
 895.8423
 891.6784
 887.5145
 883.3651
 879.2012
 875.0372
 870.8751
 866.7112
 862.5473
 858.3979
 854.2340
 850.0701
 845.9080
 841.7441
 837.5801
 833.4308
 829.2814
 825.1174
 820.9554
 816.7914
 812.6275
 808.4636
 804.3142
 800.1503
 795.9863
 791.8224
 787.6585
 783.4946
 779.3452
 775.1813
 771.0173
 766.8534
 762.6895
 758.5256
 754.3762
 750.2123
 746.0483
 741.8862
 737.7224
 733.5584
 729.4091
 725.2596
 721.0957
 716.9337
 712.7697
 708.6058
 704.4564
 700.3071
 696.1431
 691.9810
 687.8171
 683.6532
 679.4893
 675.3399
 671.1760
 667.0139
 662.8500
 658.6860
 654.5221
 650.3727
 646.2088
 642.0449
 637.8810
 633.7170
 629.5531
 625.4037
 621.2544
 617.0905
 612.9265
 608.7626
 604.5987
 600.4493
 596.2999
 592.1360
 587.9739
 583.8100
 579.6461
 575.4822
 571.3328
 567.1688
 563.0068
 558.8428
 554.6789
 550.5150
 546.3657
 542.2017
 538.0396
 533.8757
 529.7118
 525.5479
 521.3985
 517.2491
 513.0870
 508.9231
 504.7592
 500.5953
 496.4459
 492.2965
 488.1326
 483.9687
 479.8047
 475.6408
 471.4769
 467.3275
 463.1636
 458.9997
 454.8358
 450.6719
 446.5079
 442.3586
 438.1946
 434.0326
 429.8686
 425.7047
 421.5408
 417.3914
 413.2421
 409.0800
 404.9160
 400.7521
 396.5882
 392.4388
 388.2895
 384.1274
 379.9635
 375.7996
 371.6356
 367.4717
 363.3224
 359.1602
 354.9963
 350.8324
 346.6685
 342.5046
 338.3552
 334.1913
 330.0274
 325.8634
 321.6995
 317.5356
 313.3863
 309.2369
 305.0730
 300.9091
 296.7451
 292.5812
 288.4319
 284.2825
 280.1204
 275.9565
 271.7926
 267.6287
 263.4647
 259.3154
 255.1533
 250.9893
 246.8254
 242.6615
 238.4976
 234.3482
 230.1861
 226.0222
 221.8583
 217.6944
 213.5305
 209.3811
 205.2336
 201.0697
 196.9057
 192.7418
 188.5779
 184.4285
 180.2792
 176.1153
 171.9514
 167.7874
 163.6235
 159.4596
 155.3103
 151.1463
 146.9824
 142.8185
 138.6546
 134.4907
 130.3413
 126.2576
 122.2394
 118.2868
 114.3997
 110.5783
 106.8370
 103.1631
  99.5547
  96.0120
  92.5348
  89.1231
  85.7917
  82.5276
  79.3291
  76.1962
  73.1288
  70.1270
  67.1908
  64.3366
  61.5479
  58.8248
  56.1673
  53.5753
  51.0490
  48.6028
  46.2239
  43.9107
  41.6630
  39.4809
  37.3643
  35.3280
  33.3590
  31.4556
  29.6177
  27.8454
  26.1388
  24.5122
  22.9531
  21.4595
  20.0461
  18.6982
  17.4160
  16.1993
  15.0646
  13.9954
  12.9919
  12.0539
  11.1815
  10.3746
   9.6497
   8.9904
   8.3967
   7.8686
   7.4060
   7.0090
   6.6939
   6.4445
   6.2606
   6.1423
   6.0895
   6.1024
   6.1170
   6.1316
   6.1463
   6.1609
   6.1756
   6.1902
   6.2048
   6.2195
   6.2341
   6.2487
   6.2634
   6.2780
   6.2927
   6.3073
   6.3219
   6.3366
   6.3512
   6.3805
   6.4097
   6.4390
   6.4682
   6.4975
   6.5267
   6.5560
   6.5852
   6.6145
   6.6437
   6.6730
   6.7023
   6.7315
   6.7608
   6.7900
   6.8193
   6.8486
   6.8778
   6.9071
   6.9363
   6.9656
   6.9949
   7.0095
   7.0242
   7.0388
   7.0535
   7.0682
   7.0828
   7.0975
   7.1121
   7.1268
   7.1415
   7.1561
   7.1708
   7.1855
   7.2001
   7.2148
   7.2294
   7.2441
   7.2588
   7.2881
   7.3173
   7.3466
   7.3759
   7.4052
   7.4345
   7.4638
   7.4931
   7.5224
   7.5516
   7.5809
   7.6102
   7.6395
   7.6688
   7.6981
   7.7274
   7.7567
   7.7860
   7.8153
   7.8446
   7.8739
   7.8885
   7.9032
   7.9179
   7.9326
   7.9473
   7.9620
   7.9767
   7.9913
   8.0060
   8.0207
   8.0354
   8.0501
   8.0648
   8.0795
   8.0942
   8.1088
   8.1235
   8.1382
   8.1675
   8.1969
   8.2262
   8.2555
   8.2848
   8.3141
   8.3435
   8.3728
   8.4021
   8.4314
   8.4608
   8.4901
   8.5194
   8.5487
   8.5781
   8.6074
   8.6367
   8.6660
   8.6954
   8.7247
   8.7540
   8.7833
   8.7981
   8.8128
   8.8275
   8.8422
   8.8569
   8.8716
   8.8863
   8.9010
   8.9157
   8.9304
   8.9452
   8.9599
   8.9746
   8.9893
   9.0040
   9.0187
   9.0334
   9.0628
   9.0921
   9.1215
   9.1508
   9.1802
   9.2096
   9.2389
   9.2683
   9.2976
   9.3270
   9.3563
   9.3857
   9.4151
   9.4444
   9.4738
   9.5031
   9.5325
   9.5619
   9.5912
   9.6206
   9.6499
   9.6793
   9.6940
   9.7088
   9.7235
   9.7382
   9.7530
   9.7677
   9.7824
   9.7972
   9.8119
   9.8266
   9.8414
   9.8561
   9.8709
   9.8856
   9.9003
   9.9151
   9.9298
   9.9445
   9.9739
  10.0033
  10.0327
  10.0621
  10.0915
  10.1209
  10.1503
  10.1796
  10.2090
  10.2384
  10.2678
  10.2972
  10.3266
  10.3560
  10.3854
  10.4148
  10.4442
  10.4736
  10.5030
  10.5324
  10.5618
  10.5765
  10.5913
  10.6060
  10.6208
  10.6355
  10.6503
  10.6651
  10.6798
  10.6946
  10.7093
  10.7241
  10.7389
  10.7536
  10.7684
  10.7831
  10.7979
  10.8127
  10.8274
  10.8568
  10.8863
  10.9157
  10.9451
  10.9745
  11.0040
  11.0334
  11.0628
  11.0922
  11.1217
  11.1511
  11.1805
  11.2099
  11.2394
  11.2688
  11.2982
  11.3276
  11.3571
  11.3865
  11.4159
  11.4454
  11.4748
  11.4896
  11.5044
  11.5191
  11.5339
  11.5487
  11.5635
  11.5783
  11.5930
  11.6078
  11.6226
  11.6374
  11.6522
  11.6670
  11.6818
  11.6965
  11.7113
  11.7261
  11.7409
  11.7704
  11.7998
  11.8293
  11.8587
  11.8882
  11.9176
  11.9471
  11.9765
  12.0060
  12.0355
  12.0649
  12.0944
  12.1238
  12.1533
  12.1828
  12.2122
  12.2417
  12.2712
  12.3006
  12.3301
  12.3595
  12.3744
  12.3892
  12.4040
  12.4188
  12.4336
  12.4484
  12.4632
  12.4780
  12.4928
  12.5076
  12.5224
  12.5372
  12.5520
  12.5669
  12.5817
  12.5965
  12.6113
  12.6261
  12.6556
  12.6851
  12.7146
  12.7440
  12.7735
  12.8030
  12.8325
  12.8620
  12.8915
  12.9210
  12.9505
  12.9800
  13.0095
  13.0390
  13.0685
  13.0980
  13.1275
  13.1570
  13.1864
  13.2159
  13.2454
  13.2749
  13.2898
  13.3046
  13.3194
  13.3343
  13.3491
  13.3639
  13.3788
  13.3936
  13.4084
  13.4233
  13.4381
  13.4529
  13.4678
  13.4826
  13.4974
  13.5123
  13.5271
  13.5566
  13.5861
  13.6157
  13.6452
  13.6747
  13.7042
  13.7338
  13.7633
  13.7928
  13.8223
  13.8519
  13.8814
  13.9109
  13.9404
  13.9700
  13.9995
  14.0290
  14.0586
  14.0881
  14.1176
  14.1472
  14.1767
  14.1915
  14.2064
  14.2213
  14.2361
  14.2510
  14.2658
  14.2807
  14.2955
  14.3104
  14.3252
  14.3401
  14.3550
  14.3698
  14.3847
  14.3995
  14.4144
  14.4293
  14.4441
  14.4737
  14.5032
  14.5328
  14.5623
  14.5919
  14.6215
  14.6510
  14.6806
  14.7101
  14.7397
  14.7693
  14.7988
  14.8284
  14.8579
  14.8875
  14.9171
  14.9466
  14.9762
  15.0058
  15.0353
  15.0649
  15.0798
  15.0946
  15.1095
  15.1244
  15.1393
  15.1542
  15.1690
  15.1839
  15.1988
  15.2137
  15.2286
  15.2435
  15.2583
  15.2732
  15.2881
  15.3030
  15.3179
  15.3327
  15.3623
  15.3919
  15.4215
  15.4511
  15.4807
  15.5103
  15.5399
  15.5842
  15.6285
  15.6728
  15.7171
  15.7614
  15.8057
  15.8500
  15.8943
  15.9386
  15.9829
  16.0272
  16.0715
  16.1159
  16.1602
  16.2045
  16.2341
  16.2637
  16.2933
  16.3229
  16.3526
  16.3822
  16.4118
  16.4414
  16.4710
  16.5006
  16.5303
  16.5599
  16.5895
  16.6191
  16.6487
  16.6784
  16.7080
  16.7376
  16.7672
  16.7969
  16.8265
  16.8561
  16.8857
  16.9154
  16.9450
  16.9746
  17.0042
  17.0339
  17.0635
  17.0931
  17.1228
  17.1524
  17.1820
  17.2117
  17.2413
  17.2709
  17.3006
  17.3302
  17.3598
  17.3747
  17.3897
  17.4046
  17.4195
  17.4345
  17.4494
  17.4643
  17.4645
  17.4648
  17.4650
  17.4652
  17.4654
  17.4656
  17.4659
  17.4661
  17.4663
  17.4665
  17.4668
  17.4670
  17.4672
  17.4674
  17.4676
  17.4679
  17.4681
  17.4683
  17.4685
  17.4688
  17.4690
  17.4692
  17.4694
  17.4696
  17.4699
  17.4701
  17.4703
  17.4705
  17.4707
  17.4710
  17.4712
  17.4714
  17.4716
  17.4719
  17.4721
  17.4723
  17.4725
  17.4727
  17.4730
  17.4732
  17.4734
  17.4736
  17.4738
  17.4741
  17.4743
  17.4745
  17.4747
  17.4750
  17.4752
  17.4754
  17.4756
  17.4758
  17.4761
  17.4763
  17.4765
  17.4767
  17.4769
  17.4772
  17.4774
  17.4776
  17.4778
  17.4781
  17.4783
  17.4785
  17.4787
  17.4789
  17.4792
  17.4794
  17.4796
  17.4798
  17.4801
  17.4803
  17.4805
  17.4807
  17.4809
  17.4812
  17.4814
  17.4816
  17.4818
  17.4820
  17.4823
  17.4825
  17.4827
  17.4829
  17.4832
  17.4834
  17.4836
  17.4838
  17.4840
  17.4843
  17.4845
  17.4847
  17.4849
  17.4852
  17.4854
  17.4856
  17.4858
  17.4860
  17.4863
  17.4865
  17.4867
  17.4869
  17.4871
  17.4874
  17.4876
  17.4878
  17.4880
  17.4883
  17.4885
  17.4887
  17.4889
  17.4891
  17.4894
  17.4896
  17.4898
  17.4900
  17.4902
  17.4905
  17.4907
  17.4909
  17.4911
  17.4914
  17.4916
  17.4918
  17.4920
  17.4922
  17.4925
  17.4927
  17.4929
  17.4931
  17.4934
  17.4936
  17.4938
  17.4940
  17.4942
  17.4945
  17.4947
  17.4949
  17.4951
  17.4953
  17.4956
  17.4958
  17.4960
  17.4962
  17.4965
  17.4967
  17.4969
  17.4971
  17.4973
  17.4976
  17.4978
  17.4980
  17.4982
  17.4984
  17.4987
  17.4989
  17.4991
  17.4993
  17.4996
  17.4998
  17.5000
  17.5002
  17.5004
  17.5007
  17.5009
  17.5011
  17.5013
  17.5016
  17.5018
  17.5020
  17.5022
  17.5024
  17.5027
  17.5029
  17.5031
  17.5033
  17.5035
  17.5038
  17.5040
  17.5042
  17.5044
  17.5047
  17.5049
  17.5051
  17.5053
  17.5055
  17.5058
  17.5060
  17.5062
  17.5064
  17.5066
  17.5069
  17.5071
  17.5073
  17.5075
  17.5078
  17.5080
  17.5082
  17.5084
  17.5086
  17.5089
  17.5091
  17.5093
  17.5095
  17.5098
  17.5100
  17.5102
  17.5104
  17.5106
  17.5109
  17.5111
  17.5113
  17.5115
  17.5117
  17.5120
  17.5122
  17.5124
  17.5126
  17.5129
  17.5131
  17.5133
  17.5135
  17.5137
  17.5140
  17.5142
  17.5144
  17.5146
  17.5148
  17.5151
  17.5153
  17.5155
  17.5157
  17.5160
  17.5162
  17.5164
  17.5166
  17.5168
  17.5171
  17.5173
  17.5175
  17.5177
  17.5180
  17.5182
  17.5184
  17.5186
  17.5188
  17.5191
  17.5193
  17.5195
  17.5197
  17.5199
  17.5202
  17.5204
  17.5206
  17.5208
  17.5211
  17.5213
  17.5215
  17.5217
  17.5219
  17.5222
  17.5224
  17.5226
  17.5228
  17.5231
  17.5233
  17.5235
  17.5237
  17.5239
  17.5242
  17.5244
  17.5246
  17.5248
  17.5250
  17.5253
  17.5255
  17.5257
  17.5259
  17.5262
  17.5264
  17.5266
  17.5268
  17.5270
  17.5273
  17.5275
  17.5277
  17.5279
  17.5281
  17.5284
  17.5286
  17.5288
  17.5290
  17.5293
  17.5295
  17.5297
  17.5299
  17.5301
  17.5304
  17.5306
  17.5308
  17.5310
  17.5312
  17.5315
  17.5317
  17.5319
  17.5321
  17.5324
  17.5326
  17.5328
  17.5330
  17.5332
  17.5335
  17.5337
  17.5339
  17.5341
  17.5344
  17.5346
  17.5348
  17.5350
  17.5352
  17.5355
  17.5357
  17.5359
  17.5361
  17.5363
  17.5366
  17.5368
  17.5370
  17.5372
  17.5375
  17.5377
  17.5379
  17.5381
  17.5383
  17.5386
  17.5388
  17.5390
  17.5392
  17.5394
  17.5397
  17.5399
  17.5401
  17.5403
  17.5406
  17.5408
  17.5410
  17.5412
  17.5414
  17.5417
  17.5419
  17.5421
  17.5423
  17.5426
  17.5428
  17.5430
  17.5432
  17.5434
  17.5437
  17.5439
  17.5441
  17.5443
  17.5445
  17.5448
  17.5450
  17.5452
  17.5454
  17.5457
  17.5459
  17.5461
  17.5463
  17.5465
  17.5468
  17.5470
  17.5472
  17.5474
  17.5477
  17.5479
  17.5481
  17.5483
  17.5485
  17.5488
  17.5490
  17.5492
  17.5494
  17.5496
  17.5499
  17.5501
  17.5503
  17.5505
  17.5508
  17.5510
  17.5512
  17.5514
  17.5516
  17.5519
  17.5521
  17.5523
  17.5525
  17.5527
  17.5530
  17.5532
  17.5534
  17.5536
  17.5539
  17.5541
  17.5543
  17.5545
  17.5547
  17.5550
  17.5552
  17.5554
  17.5556
  17.5559
  17.5561
  17.5563
  17.5565
  17.5567
  17.5570
  17.5572
  50.1055
  82.5719
 114.9727
 147.3079
 179.5776
 211.7817
 243.9202
 275.9767
 307.9676
 339.8930
 371.7528
 403.5470
 435.2756
 466.9223
 498.5034
 530.0189
 561.4688
 592.8532
 624.1720
 655.4088
 686.5800
 717.6857
 748.7257
 779.7003
 810.6091
 841.4361
 872.1974
 902.8932
 933.5235
 964.0881
