   2.3180
   2.3141
   2.3103
   2.3118
   2.3132
   2.3111
   2.3105
   2.3063
   2.3075
   2.3140
   2.3137
   2.3203
   2.3233
   2.3282
   2.3365
   2.3413
   2.3410
   2.3457
   2.3454
   2.3467
   2.3463
   2.3492
   2.3522
   2.3536
   2.3566
   2.3581
   2.3578
   2.3592
   2.3588
   2.3568
   2.3579
   2.3538
   2.3492
   2.3438
   2.3449
   2.3428
   2.3368
   2.3342
   2.3349
   2.3352
   2.3334
   2.3333
   2.3328
   2.3356
   2.3434
   2.3490
   2.3526
   2.3574
   2.3624
   2.3673
   2.3720
   2.3735
   2.3806
   2.3822
   2.3889
   2.3908
   2.3927
   2.3881
   2.3891
   2.3853
   2.3866
   2.3817
   2.3854
   2.3852
   2.3798
   2.3762
   2.3746
   2.3695
   2.3682
   2.3615
   2.3445
   2.3358
   2.3204
   2.3085
   2.2931
   2.2775
   2.2620
   2.2567
   2.2446
   2.2428
   2.2341
   2.2288
   2.2201
   2.2064
   2.2026
   2.1937
   2.1862
   2.1804
   2.1710
   2.1602
   2.1495
   2.1371
   2.1301
   2.1195
   2.1122
   2.0979
   2.0836
   2.0746
   2.0604
   2.0430
   2.0258
   2.0139
   1.9971
   1.9857
   1.9691
   1.9474
   1.9309
   1.9128
   1.8930
   1.8700
   1.8488
   1.8298
   1.8141
   1.7936
   1.7785
   1.7650
   1.7533
   1.7399
   1.7349
   1.7233
   1.7119
   1.7062
   1.6949
   1.6799
   1.6652
   1.6572
   1.6475
   1.6357
   1.6272
   1.6150
   1.6011
   1.5936
   1.5847
   1.5736
   1.5589
   1.5457
   1.5273
   1.5142
   1.4962
   1.4799
   1.4582
   1.4364
   1.4129
   1.3959
   1.3804
   1.3562
   1.3355
   1.3113
   1.2906
   1.2715
   1.2561
   1.2433
   1.2269
   1.2059
   1.1879
   1.1715
   1.1429
   1.1232
   1.0984
   1.0751
   1.0502
   1.0309
   1.0063
   0.9895
   0.9659
   0.9431
   0.9215
   0.8963
   0.8640
   0.8452
   0.8145
   0.7871
   0.7591
   0.7210
   0.6910
   0.6610
   0.6156
   0.5752
   0.5386
   0.4851
   0.4382
   0.4018
   0.3550
   0.3047
   0.2698
   0.2296
   0.1859
   0.1370
   0.1054
   0.0604
   0.0223
  -0.0071
  -0.0466
  -0.0796
  -0.1088
  -0.1332
  -0.1592
  -0.1885
  -0.2163
  -0.2428
  -0.2725
  -0.3004
  -0.3266
  -0.3578
  -0.3972
  -0.4366
  -0.4774
  -0.5215
  -0.5620
  -0.6077
  -0.6532
  -0.6974
  -0.7428
  -0.7932
  -0.8392
  -0.8797
  -0.9166
  -0.9445
  -0.9930
  -1.0316
  -1.0648
  -1.0915
  -1.1240
  -1.1599
  -1.2019
  -1.2425
  -1.2653
  -1.2910
  -1.3197
  -1.3328
  -1.3643
  -1.3858
  -1.4120
  -1.4347
  -1.4472
  -1.4682
  -1.4857
  -1.4913
  -1.5087
  -1.5246
  -1.5302
  -1.5375
  -1.5570
  -1.5649
  -1.5640
  -1.5744
  -1.5735
  -1.5794
  -1.5766
  -1.5860
  -1.5833
  -1.5891
  -1.6017
  -1.6005
  -1.6130
  -1.6271
  -1.6426
  -1.6564
  -1.6652
  -1.6775
  -1.6916
  -1.7009
  -1.7086
  -1.7163
  -1.7205
  -1.7196
  -1.7203
  -1.7193
  -1.7165
  -1.7122
  -1.7078
  -1.7068
  -1.7020
  -1.7057
  -1.7041
  -1.7059
  -1.7109
  -1.7193
  -1.7277
  -1.7174
  -1.7104
  -1.7018
  -1.7001
  -1.6984
  -1.6849
  -1.6734
  -1.6604
  -1.6593
  -1.6600
  -1.6625
  -1.6684
  -1.6762
  -1.6805
  -1.6833
  -1.6930
  -1.7044
  -1.7126
  -1.7274
  -1.7437
  -1.7448
  -1.7577
  -1.7636
  -1.7748
  -1.7857
  -1.7983
  -1.8161
  -1.8330
  -1.8560
  -1.8757
  -1.8988
  -1.9185
  -1.9335
  -1.9419
  -1.9540
  -1.9647
  -1.9601
  -1.9557
  -1.9528
  -1.9532
  -1.9533
  -1.9532
  -1.9498
  -1.9461
  -1.9476
  -1.9389
  -1.9219
  -1.9152
  -1.8967
  -1.8817
  -1.8635
  -1.8504
  -1.8374
  -1.8228
  -1.8169
  -1.8026
  -1.7881
  -1.7736
  -1.7592
  -1.7499
  -1.7373
  -1.7331
  -1.7360
  -1.7473
  -1.7601
  -1.7678
  -1.7825
  -1.7952
  -1.8111
  -1.8292
  -1.8399
  -1.8530
  -1.8623
  -1.8684
  -1.8745
  -1.8824
  -1.8888
  -1.8952
  -1.9000
  -1.9051
  -1.9119
  -1.9273
  -1.9411
  -1.9553
  -1.9711
  -1.9804
  -1.9935
  -2.0009
  -2.0105
  -2.0166
  -2.0193
  -2.0223
  -2.0316
  -2.0462
  -2.0640
  -2.0800
  -2.1058
  -2.1400
  -2.1742
  -2.2068
  -2.2342
  -2.2618
  -2.2911
  -2.3220
  -2.3545
  -2.3854
  -2.4230
  -2.4638
  -2.4980
  -2.5405
  -2.5830
  -2.6254
  -2.6661
  -2.7068
  -2.7459
  -2.7800
  -2.8158
  -2.8517
  -2.8844
  -2.9138
  -2.9398
  -2.9674
  -2.9916
  -3.0091
  -3.0215
  -3.0289
  -3.0379
  -3.0468
  -3.0573
  -3.0661
  -3.0743
  -3.0831
  -3.0878
  -3.0945
  -3.1027
  -3.1090
  -3.1135
  -3.1144
  -3.1153
  -3.1161
  -3.1134
  -3.1092
  -3.0999
  -3.0888
  -3.0758
  -3.0646
  -3.0548
  -3.0464
  -3.0418
  -3.0368
  -3.0303
  -3.0238
  -3.0155
  -3.0041
  -2.9924
  -2.9775
  -2.9592
  -2.9361
  -2.9130
  -2.8900
  -2.8654
  -2.8426
  -2.8199
  -2.7954
  -2.7710
  -2.7451
  -2.7208
  -2.7000
  -2.6843
  -2.6718
  -2.6627
  -2.6536
  -2.6511
  -2.6502
  -2.6476
  -2.6467
  -2.6524
  -2.6548
  -2.6555
  -2.6578
  -2.6633
  -2.6705
  -2.6743
  -2.6814
  -2.6918
  -2.7039
  -2.7160
  -2.7298
  -2.7437
  -2.7593
  -2.7735
  -2.7909
  -2.8066
  -2.8258
  -2.8518
  -2.8795
  -2.9074
  -2.9370
  -2.9666
  -2.9912
  -3.0193
  -3.0473
  -3.0752
  -3.1030
  -3.1260
  -3.1507
  -3.1720
  -3.1935
  -3.2115
  -3.2213
  -3.2293
  -3.2373
  -3.2503
  -3.2665
  -3.2843
  -3.3021
  -3.3100
  -3.3144
  -3.3172
  -3.3166
  -3.3110
  -3.3019
  -3.2911
  -3.2838
  -3.2747
  -3.2657
  -3.2599
  -3.2524
  -3.2432
  -3.2407
  -3.2350
  -3.2310
  -3.2237
  -3.2131
  -3.2010
  -3.1890
  -3.1770
  -3.1582
  -3.1394
  -3.1106
  -3.0768
  -3.0398
  -3.0029
  -2.9644
  -2.9225
  -2.8840
  -2.8439
  -2.8120
  -2.7834
  -2.7531
  -2.7178
  -2.6790
  -2.6437
  -2.6117
  -2.5747
  -2.5343
  -2.4856
  -2.4435
  -2.4015
  -2.3595
  -2.3257
  -2.2918
  -2.2613
  -2.2309
  -2.2006
  -2.1719
  -2.1432
  -2.1177
  -2.0906
  -2.0701
  -2.0562
  -2.0539
  -2.0583
  -2.0627
  -2.0704
  -2.0831
  -2.0974
  -2.1317
  -2.1709
  -2.2185
  -2.2692
  -2.3282
  -2.3922
  -2.4563
  -2.5154
  -2.5747
  -2.6356
  -2.6915
  -2.7474
  -2.7999
  -2.8457
  -2.8898
  -2.9255
  -2.9628
  -2.9967
  -3.0289
  -3.0594
  -3.0849
  -3.1121
  -3.1361
  -3.1701
  -3.2123
  -3.2578
  -3.3000
  -3.3472
  -3.3927
  -3.4382
  -3.4886
  -3.5290
  -3.5679
  -3.6100
  -3.6538
  -3.7025
  -3.7462
  -3.7898
  -3.8351
  -3.8819
  -3.9321
  -3.9789
  -4.0241
  -4.0676
  -4.1078
  -4.1479
  -4.1848
  -4.2266
  -4.2668
  -4.3086
  -4.3537
  -4.3923
  -4.4325
  -4.4695
  -4.5048
  -4.5318
  -4.5537
  -4.5724
  -4.5862
  -4.5950
  -4.5988
  -4.5992
  -4.5980
  -4.5902
  -4.5807
  -4.5681
  -4.5570
  -4.5476
  -4.5349
  -4.5236
  -4.5157
  -4.5095
  -4.5016
  -4.4986
  -4.4939
  -4.4893
  -4.4879
  -4.4849
  -4.4836
  -4.4806
  -4.4793
  -4.4813
  -4.4850
  -4.4919
  -4.4988
  -4.5007
  -4.5010
  -4.5063
  -4.5082
  -4.5134
  -4.5170
  -4.5222
  -4.5291
  -4.5343
  -4.5395
  -4.5463
  -4.5531
  -4.5616
  -4.5635
  -4.5671
  -4.5707
  -4.5726
  -4.5695
  -4.5730
  -4.5748
  -4.5750
  -4.5752
  -4.5787
  -4.5805
  -4.5873
  -4.5908
  -4.5893
  -4.5927
  -4.5944
  -4.5945
  -4.5929
  -4.5864
  -4.5799
  -4.5733
  -4.5634
  -4.5535
  -4.5404
  -4.5239
  -4.5108
  -4.4976
  -4.4846
  -4.4715
  -4.4600
  -4.4534
  -4.4468
  -4.4435
  -4.4336
  -4.4188
  -4.4106
  -4.3908
  -4.3711
  -4.3481
  -4.3186
  -4.2857
  -4.2512
  -4.2200
  -4.1887
  -4.1575
  -4.1247
  -4.0967
  -4.0704
  -4.0491
  -4.0260
  -4.0013
  -3.9800
  -3.9553
  -3.9290
  -3.8994
  -3.8682
  -3.8370
  -3.8041
  -3.7729
  -3.7416
  -3.7071
  -3.6791
  -3.6446
  -3.6150
  -3.5887
  -3.5624
  -3.5312
  -3.5033
  -3.4753
  -3.4474
  -3.4194
  -3.3881
  -3.3617
  -3.3287
  -3.2991
  -3.2694
  -3.2430
  -3.2199
  -3.1985
  -3.1770
  -3.1604
  -3.1405
  -3.1255
  -3.1105
  -3.1004
  -3.0887
  -3.0770
  -3.0669
  -3.0618
  -3.0517
  -3.0335
  -3.0119
  -2.9986
  -2.9835
  -2.9702
  -2.9682
  -2.9613
  -2.9594
  -2.9608
  -2.9670
  -2.9765
  -2.9925
  -3.0102
  -3.0312
  -3.0505
  -3.0697
  -3.0874
  -3.1001
  -3.1128
  -3.1288
  -3.1432
  -3.1624
  -3.1799
  -3.1910
  -3.2070
  -3.2230
  -3.2357
  -3.2500
  -3.2693
  -3.2673
  -3.2654
  -3.2764
  -3.2760
  -3.2724
  -3.2718
  -3.2689
  -3.2684
  -3.2679
  -3.2755
  -3.2864
  -3.2925
  -3.3017
  -3.3118
  -3.3145
  -3.3303
  -3.3461
  -3.3570
  -3.3630
  -3.3706
  -3.3797
  -3.3922
  -3.3803
  -3.3912
  -3.4087
  -3.4260
  -3.4418
  -3.4559
  -3.4749
  -3.4891
  -3.4949
  -3.5041
  -3.5166
  -3.5257
  -3.5283
  -3.5277
  -3.5287
  -3.5262
  -3.5221
  -3.5212
  -3.5104
  -3.4949
  -3.4875
  -3.4721
  -3.4566
  -3.4394
  -3.4238
  -3.4082
  -3.3959
  -3.3884
  -3.3728
  -3.3523
  -3.3334
  -3.3064
  -3.2809
  -3.2572
  -3.2334
  -3.2047
  -3.1760
  -3.1489
  -3.1121
  -3.0897
  -3.0658
  -3.0289
  -3.0066
  -2.9958
  -2.9656
  -2.9296
  -2.8977
  -2.8560
  -2.8046
  -2.7483
  -2.6935
  -2.6355
  -2.5800
  -2.5269
  -2.4657
  -2.4027
  -2.3366
  -2.2752
  -2.2042
  -2.1333
  -2.0590
  -1.9994
  -1.9235
  -1.8411
  -1.7554
  -1.6730
  -1.5872
  -1.4951
  -1.4061
  -1.3205
  -1.2348
  -1.1474
  -1.0602
  -0.9698
  -0.8823
  -0.7961
  -0.7099
  -0.6266
  -0.5448
  -0.4709
  -0.4099
  -0.3390
  -0.2714
  -0.2071
  -0.1348
  -0.0593
   0.0132
   0.0888
   0.1659
   0.2380
   0.3159
   0.3929
   0.4731
   0.5598
   0.6400
   0.7216
   0.8002
   0.8754
   0.9507
   1.0243
   1.0993
   1.1710
   1.2412
   1.3340
   1.4203
   1.4872
   1.5412
   1.6096
   1.6618
   1.7157
   1.7697
   1.8265
   1.8866
   1.9548
   2.0293
   2.1036
   2.1796
   2.2540
   2.3299
   2.4075
   2.4834
   2.5592
   2.6285
   2.6963
   2.7673
   2.8350
   2.9060
   2.9753
   3.0480
   3.1173
   3.1866
   3.2607
   3.3397
   3.4042
   3.4558
   3.5103
   3.5695
   3.6380
   3.7060
   3.7773
   3.8466
   3.9306
   4.0096
   4.0888
   4.1694
   4.2422
   4.3133
   4.3923
   4.4717
   4.5575
   4.6290
   4.7011
   4.7598
   4.8175
   4.8760
   4.9362
   5.0046
   5.0501
   5.1249
   5.1916
   5.2583
   5.3202
   5.3871
   5.4457
   5.4891
   5.5392
   5.5989
   5.6653
   5.7139
   5.7769
   5.8322
   5.8839
   5.9294
   5.9735
   6.0092
   6.0374
   6.0607
   6.0810
   6.0963
   6.1100
   6.1158
   6.1265
   6.1371
   6.1480
   6.1687
   6.1844
   6.1985
   6.2111
   6.2188
   6.2265
   6.2376
   6.2521
   6.2681
   6.2651
   6.2910
   6.3357
   6.3790
   6.4173
   6.4476
   6.4796
   6.5099
   6.5451
   6.5642
   6.5819
   6.5928
   6.6024
   6.6201
   6.6173
   6.6148
   6.6163
   6.6130
   6.6256
   6.6370
   6.6498
   6.6635
   6.6735
   6.6817
   6.6836
   6.7065
   6.6952
   6.6937
   6.6858
   6.6765
   6.6653
   6.6638
   6.6570
   6.6531
   6.6460
   6.6341
   6.6255
   6.6120
   6.6001
   6.5867
   6.5767
   6.5651
   6.5523
   6.5442
   6.5313
   6.5150
   6.4942
   6.4750
   6.4477
   6.4284
   6.4011
   6.3737
   6.3333
   6.2947
   6.2594
   6.2194
   6.1777
   6.1362
   6.0866
   6.0350
   5.9708
   5.9240
   5.8676
   5.7859
   5.7027
   5.6179
   5.5348
   5.4531
   5.3684
   5.2789
   5.1955
   5.1202
   5.0465
   4.9695
   4.8875
   4.8244
   4.7492
   4.6731
   4.5890
   4.4986
   4.4108
   4.3280
   4.2386
   4.1395
   4.0420
   3.9361
   3.8286
   3.7180
   3.6091
   3.5000
   3.3892
   3.2686
   3.1483
   3.0276
   2.9039
   2.7799
   2.6561
   2.5325
   2.4008
   2.2676
   2.1392
   2.0106
   1.8833
   1.7625
   1.6381
   1.5154
   1.3961
   1.2814
   1.1636
   1.0600
   0.9421
   0.8289
   0.7204
   0.6087
   0.5033
   0.3915
   0.2813
   0.1804
   0.0747
  -0.0263
  -0.1302
  -0.2373
  -0.3602
  -0.4945
  -0.6273
  -0.7617
  -0.8771
  -1.0196
  -1.1556
  -1.2918
  -1.4217
  -1.5768
  -1.7098
  -1.8392
  -1.9656
  -2.1077
  -2.2465
  -2.3803
  -2.5204
  -2.6526
  -2.7817
  -2.9153
  -3.0469
  -3.1787
  -3.3057
  -3.4328
  -3.5532
  -3.6702
  -3.7825
  -3.8947
  -3.9894
  -4.0840
  -4.1689
  -4.2586
  -4.3449
  -4.4345
  -4.5174
  -4.5941
  -4.6722
  -4.7470
  -4.8174
  -4.8952
  -4.9746
  -5.0603
  -5.1428
  -5.2348
  -5.3363
  -5.4268
  -5.5268
  -5.6286
  -5.7286
  -5.8241
  -5.9177
  -6.0196
  -6.1133
  -6.2085
  -6.3020
  -6.3924
  -6.4924
  -6.6014
  -6.6993
  -6.7959
  -6.8907
  -6.9700
  -7.0377
  -7.0943
  -7.1463
  -7.2108
  -7.2419
  -7.2826
  -7.3216
  -7.3542
  -7.3550
  -7.3811
  -7.4044
  -7.4273
  -7.4298
  -7.4371
  -7.4409
  -7.4412
  -7.4445
  -7.4477
  -7.4525
  -7.4511
  -7.4524
  -7.4522
  -7.4581
  -7.4607
  -7.4616
  -7.4654
  -7.4599
  -7.4779
  -7.4865
  -7.4883
  -7.5013
  -7.5174
  -7.5223
  -7.5272
  -7.5369
  -7.5480
  -7.5545
  -7.5592
  -7.5580
  -7.5596
  -7.5512
  -7.5459
  -7.5293
  -7.4969
  -7.4706
  -7.4392
  -7.4029
  -7.3745
  -7.3476
  -7.3205
  -7.2886
  -7.2519
  -7.2182
  -7.1845
  -7.1586
  -7.1353
  -7.0919
  -7.0593
  -7.0311
  -6.9986
  -6.9752
  -6.9549
  -6.9286
  -6.8986
  -6.8687
  -6.8480
  -6.8287
  -6.8080
  -6.7966
  -6.7770
  -6.7590
  -6.7439
  -6.7316
  -6.7239
  -6.7114
  -6.6957
  -6.6831
  -6.6716
  -6.6601
  -6.6419
  -6.6270
  -6.6120
  -6.5921
  -6.5704
  -6.5425
  -6.5159
  -6.4865
  -6.4616
  -6.4274
  -6.3944
  -6.3678
  -6.3238
  -6.2766
  -6.2355
  -6.2022
  -6.1641
  -6.1195
  -6.0686
  -6.0254
  -5.9851
  -5.9404
  -5.9071
  -5.8771
  -5.8456
  -5.8283
  -5.8020
  -5.7761
  -5.7487
  -5.7259
  -5.7012
  -5.6815
  -5.6647
  -5.6478
  -5.6371
  -5.6197
  -5.5993
  -5.5727
  -5.5569
  -5.5351
  -5.5130
  -5.4895
  -5.4580
  -5.4377
  -5.4422
  -5.4582
  -5.4850
  -5.5042
  -5.5171
  -5.5359
  -5.5501
  -5.5799
  -5.6113
  -5.6445
  -5.6699
  -5.6967
  -5.7266
  -5.7549
  -5.7847
  -5.8102
  -5.8341
  -5.8632
  -5.8936
  -5.9167
  -5.9491
  -5.9785
  -6.0205
  -6.0642
  -6.1061
  -6.1544
  -6.2012
  -6.2592
  -6.3173
  -6.3751
  -6.4329
  -6.4940
  -6.5519
  -6.5927
  -6.6556
  -6.7294
  -6.7894
  -6.8557
  -6.9280
  -6.9955
  -7.0584
  -7.1259
  -7.1854
  -7.2556
  -7.3192
  -7.3826
  -7.4400
  -7.4974
  -7.5498
  -7.5991
  -7.6517
  -7.6994
  -7.7477
  -7.7923
  -7.8278
  -7.8600
  -7.8984
  -7.9338
  -7.9675
  -7.9995
  -8.0067
  -7.9903
  -7.9673
  -7.9367
  -7.9169
  -7.9018
  -7.8790
  -7.8610
  -7.8401
  -7.8132
  -7.7904
  -7.7666
  -7.7460
  -7.7239
  -7.7097
  -7.6943
  -7.6789
  -7.6636
  -7.6480
  -7.6263
  -7.6104
  -7.5837
  -7.5553
  -7.5208
  -7.4877
  -7.4533
  -7.4169
  -7.3790
  -7.3412
  -7.3029
  -7.2884
  -7.2785
  -7.2654
  -7.2463
  -7.2506
  -7.2300
  -7.2094
  -7.1979
  -7.1769
  -7.1473
  -7.1180
  -7.0986
  -7.0668
  -7.0346
  -7.0007
  -6.9714
  -6.9419
  -6.9108
  -6.8827
  -6.8639
  -6.8313
  -6.7983
  -6.7653
  -6.7303
  -6.6956
  -6.5365
  -6.3799
  -6.2226
  -6.0656
  -5.9084
  -5.7565
  -5.6219
  -5.4935
  -5.3674
  -5.2414
  -5.1097
  -4.9767
  -4.8470
  -4.7206
  -4.5901
  -4.4644
  -4.3315
  -4.1998
  -4.0635
  -3.9324
  -3.7980
  -3.6647
  -3.5301
  -3.3971
  -3.2638
  -3.1324
  -3.0008
  -2.8718
  -2.7425
  -2.6191
