  -1.7205
  -1.7293
  -1.7388
  -1.7448
  -1.7606
  -1.7809
  -1.8038
  -1.8338
  -1.8581
  -1.8824
  -1.9042
  -1.9237
  -1.9428
  -1.9695
  -1.9984
  -2.0228
  -2.0493
  -2.0699
  -2.0911
  -2.1132
  -2.1425
  -2.1714
  -2.1910
  -2.2096
  -2.2201
  -2.2345
  -2.2566
  -2.2886
  -2.3248
  -2.3661
  -2.4137
  -2.4977
  -2.5747
  -2.6490
  -2.7251
  -2.8044
  -2.8787
  -2.9487
  -3.0233
  -3.1018
  -3.1725
  -3.2460
  -3.3126
  -3.3830
  -3.4483
  -3.5109
  -3.5706
  -3.6248
  -3.6797
  -3.7352
  -3.7959
  -3.8590
  -3.9212
  -3.9936
  -4.0601
  -4.1319
  -4.2024
  -4.2718
  -4.3456
  -4.4190
  -4.5001
  -4.5920
  -4.6856
  -4.7793
  -4.8774
  -4.9685
  -5.0581
  -5.1403
  -5.2229
  -5.3039
  -5.3828
  -5.4666
  -5.5486
  -5.6349
  -5.7190
  -5.8004
  -5.8817
  -5.9594
  -6.0398
  -6.1133
  -6.1910
  -6.2688
  -6.3421
  -6.4240
  -6.5068
  -6.5869
  -6.6746
  -6.7587
  -6.8331
  -6.9053
  -6.9765
  -7.0461
  -7.1207
  -7.1955
  -7.2666
  -7.3379
  -7.4107
  -7.4803
  -7.5518
  -7.6162
  -7.6727
  -7.7310
  -7.7815
  -7.8304
  -7.8699
  -7.9146
  -7.9606
  -8.0063
  -8.0542
  -8.0936
  -8.1282
  -8.1571
  -8.1822
  -8.2079
  -8.2306
  -8.2580
  -8.2841
  -8.3165
  -8.3519
  -8.3893
  -8.4253
  -8.4571
  -8.4833
  -8.5048
  -8.5282
  -8.5469
  -8.5731
  -8.5938
  -8.6184
  -8.6399
  -8.6621
  -8.6811
  -8.6969
  -8.7202
  -8.7421
  -8.7621
  -8.7813
  -8.8016
  -8.8201
  -8.8326
  -8.8379
  -8.8414
  -8.8373
  -8.8363
  -8.8339
  -8.8283
  -8.8281
  -8.8155
  -8.7998
  -8.7845
  -8.7655
  -8.7435
  -8.7190
  -8.6889
  -8.6582
  -8.6292
  -8.5950
  -8.5601
  -8.5262
  -8.4939
  -8.4651
  -8.4358
  -8.4051
  -8.3756
  -8.3420
  -8.3121
  -8.2781
  -8.2451
  -8.2159
  -8.1849
  -8.1599
  -8.1417
  -8.1255
  -8.1101
  -8.0874
  -8.0650
  -8.0392
  -8.0108
  -7.9792
  -7.9454
  -7.9119
  -7.8813
  -7.8479
  -7.8192
  -7.7896
  -7.7551
  -7.7213
  -7.6843
  -7.6524
  -7.6168
  -7.5823
  -7.5480
  -7.5177
  -7.4858
  -7.4524
  -7.4200
  -7.3891
  -7.3620
  -7.3321
  -7.3002
  -7.2765
  -7.2645
  -7.2532
  -7.2426
  -7.2301
  -7.2134
  -7.2041
  -7.1886
  -7.1733
  -7.1684
  -7.1621
  -7.1609
  -7.1559
  -7.1420
  -7.1420
  -7.1318
  -7.1251
  -7.1142
  -7.1029
  -7.0901
  -7.0727
  -7.0523
  -7.0250
  -6.9963
  -6.9667
  -6.9367
  -6.9031
  -6.8770
  -6.8436
  -6.8139
  -6.7828
  -6.7546
  -6.7168
  -6.6873
  -6.6579
  -6.6388
  -6.6220
  -6.6086
  -6.5980
  -6.5889
  -6.5788
  -6.5705
  -6.5577
  -6.5446
  -6.5320
  -6.5183
  -6.5112
  -6.5061
  -6.5026
  -6.4983
  -6.4957
  -6.4937
  -6.4861
  -6.4761
  -6.4657
  -6.4564
  -6.4443
  -6.4225
  -6.4056
  -6.3857
  -6.3760
  -6.3556
  -6.3376
  -6.3120
  -6.2918
  -6.2662
  -6.2405
  -6.2095
  -6.1879
  -6.1696
  -6.1445
  -6.1190
  -6.0919
  -6.0643
  -6.0510
  -6.0219
  -6.0062
  -5.9832
  -5.9707
  -5.9543
  -5.9471
  -5.9403
  -5.9375
  -5.9408
  -5.9419
  -5.9412
  -5.9422
  -5.9462
  -5.9429
  -5.9454
  -5.9393
  -5.9351
  -5.9266
  -5.9253
  -5.9147
  -5.9045
  -5.8870
  -5.8666
  -5.8473
  -5.8265
  -5.8088
  -5.7924
  -5.7781
  -5.7656
  -5.7553
  -5.7451
  -5.7392
  -5.7290
  -5.7093
  -5.6787
  -5.6381
  -5.5915
  -5.5376
  -5.4947
  -5.4514
  -5.4098
  -5.3638
  -5.3170
  -5.2746
  -5.2257
  -5.1795
  -5.1271
  -5.0838
  -5.0402
  -5.0080
  -4.9737
  -4.9463
  -4.9189
  -4.8973
  -4.8705
  -4.8446
  -4.8154
  -4.7948
  -4.7692
  -4.7565
  -4.7389
  -4.7297
  -4.7174
  -4.7055
  -4.7037
  -4.6934
  -4.6778
  -4.6678
  -4.6502
  -4.6290
  -4.6112
  -4.5918
  -4.5694
  -4.5520
  -4.5387
  -4.5151
  -4.4995
  -4.4821
  -4.4654
  -4.4462
  -4.4261
  -4.4093
  -4.3960
  -4.3848
  -4.3742
  -4.3673
  -4.3576
  -4.3467
  -4.3301
  -4.3136
  -4.2951
  -4.2719
  -4.2481
  -4.2254
  -4.2108
  -4.2024
  -4.2001
  -4.2009
  -4.2057
  -4.2067
  -4.2124
  -4.2234
  -4.2358
  -4.2485
  -4.2672
  -4.2857
  -4.3073
  -4.3279
  -4.3470
  -4.3607
  -4.3708
  -4.3812
  -4.3913
  -4.4032
  -4.4126
  -4.4246
  -4.4349
  -4.4495
  -4.4630
  -4.4814
  -4.4931
  -4.5087
  -4.5176
  -4.5281
  -4.5426
  -4.5450
  -4.5582
  -4.5727
  -4.5845
  -4.6054
  -4.6339
  -4.6601
  -4.6868
  -4.7164
  -4.7400
  -4.7594
  -4.7857
  -4.8069
  -4.8270
  -4.8453
  -4.8638
  -4.8815
  -4.8954
  -4.9059
  -4.9135
  -4.9157
  -4.9104
  -4.8988
  -4.8859
  -4.8704
  -4.8570
  -4.8429
  -4.8284
  -4.8145
  -4.8003
  -4.7874
  -4.7728
  -4.7573
  -4.7445
  -4.7310
  -4.7119
  -4.6884
  -4.6563
  -4.6212
  -4.5865
  -4.5451
  -4.5042
  -4.4601
  -4.4155
  -4.3711
  -4.3298
  -4.2885
  -4.2438
  -4.1994
  -4.1549
  -4.1096
  -4.0659
  -4.0253
  -3.9839
  -3.9383
  -3.8913
  -3.8457
  -3.7961
  -3.7474
  -3.6988
  -3.6489
  -3.6004
  -3.5515
  -3.5029
  -3.4546
  -3.4021
  -3.3504
  -3.2989
  -3.2497
  -3.2012
  -3.1623
  -3.1149
  -3.0726
  -3.0243
  -2.9846
  -2.9449
  -2.9023
  -2.8672
  -2.8294
  -2.7953
  -2.7603
  -2.7277
  -2.6991
  -2.6715
  -2.6467
  -2.6239
  -2.5989
  -2.5747
  -2.5511
  -2.5267
  -2.5064
  -2.4841
  -2.4664
  -2.4513
  -2.4373
  -2.4242
  -2.4151
  -2.4104
  -2.4099
  -2.4103
  -2.4114
  -2.4186
  -2.4240
  -2.4306
  -2.4362
  -2.4411
  -2.4453
  -2.4521
  -2.4596
  -2.4662
  -2.4713
  -2.4759
  -2.4787
  -2.4833
  -2.4834
  -2.4859
  -2.4861
  -2.4875
  -2.4870
  -2.4867
  -2.4867
  -2.4870
  -2.4853
  -2.4830
  -2.4797
  -2.4762
  -2.4744
  -2.4720
  -2.4688
  -2.4725
  -2.4708
  -2.4655
  -2.4689
  -2.4669
  -2.4710
  -2.4712
  -2.4697
  -2.4708
  -2.4689
  -2.4711
  -2.4694
  -2.4732
  -2.4737
  -2.4700
  -2.4674
  -2.4594
  -2.4544
  -2.4438
  -2.4369
  -2.4272
  -2.4179
  -2.4026
  -2.3929
  -2.3798
  -2.3654
  -2.3437
  -2.3211
  -2.2985
  -2.2756
  -2.2500
  -2.2242
  -2.1971
  -2.1701
  -2.1488
  -2.1312
  -2.1170
  -2.1012
  -2.0869
  -2.0674
  -2.0461
  -2.0233
  -1.9944
  -1.9643
  -1.9349
  -1.9010
  -1.8699
  -1.8356
  -1.8050
  -1.7718
  -1.7412
  -1.7102
  -1.6769
  -1.6470
  -1.6179
  -1.5918
  -1.5637
  -1.5359
  -1.5081
  -1.4755
  -1.4421
  -1.3993
  -1.3642
  -1.3253
  -1.2847
  -1.2451
  -1.2016
  -1.1562
  -1.1104
  -1.0618
  -1.0116
  -0.9608
  -0.9072
  -0.8495
  -0.7911
  -0.7394
  -0.6850
  -0.6405
  -0.5983
  -0.5672
  -0.5310
  -0.5031
  -0.4744
  -0.4478
  -0.4119
  -0.3735
  -0.3344
  -0.3018
  -0.2682
  -0.2361
  -0.2042
  -0.1725
  -0.1424
  -0.1119
  -0.0825
  -0.0494
  -0.0134
   0.0248
   0.0639
   0.1079
   0.1466
   0.1843
   0.2187
   0.2508
   0.2771
   0.3024
   0.3247
   0.3451
   0.3636
   0.3854
   0.4035
   0.4206
   0.4399
   0.4544
   0.4774
   0.4999
   0.5221
   0.5408
   0.5579
   0.5726
   0.5859
   0.5975
   0.6059
   0.6175
   0.6298
   0.6398
   0.6539
   0.6610
   0.6702
   0.6782
   0.6850
   0.6925
   0.6973
   0.7012
   0.7056
   0.7062
   0.7120
   0.7118
   0.7202
   0.7288
   0.7414
   0.7481
   0.7603
   0.7727
   0.7839
   0.7925
   0.7983
   0.8049
   0.8133
   0.8159
   0.8234
   0.8288
   0.8380
   0.8487
   0.8576
   0.8670
   0.8747
   0.8794
   0.8859
   0.8878
   0.8894
   0.8922
   0.8959
   0.8990
   0.8966
   0.9006
   0.9025
   0.9046
   0.9116
   0.9151
   0.9188
   0.9220
   0.9276
   0.9292
   0.9322
   0.9302
   0.9290
   0.9310
   0.9383
   0.9464
   0.9598
   0.9766
   0.9915
   1.0060
   1.0242
   1.0408
   1.0608
   1.0756
   1.0973
   1.1121
   1.1282
   1.1450
   1.1602
   1.1791
   1.1943
   1.2097
   1.2263
   1.2359
   1.2532
   1.2676
   1.2844
   1.3022
   1.3230
   1.3463
   1.3664
   1.3907
   1.4120
   1.4300
   1.4463
   1.4648
   1.4853
   1.5026
   1.5223
   1.5377
   1.5529
   1.5695
   1.5871
   1.6089
   1.6349
   1.6586
   1.6836
   1.7090
   1.7359
   1.7638
   1.7926
   1.8227
   1.8515
   1.8848
   1.9189
   1.9492
   1.9859
   2.0221
   2.0618
   2.0975
   2.1447
   2.1910
   2.2424
   2.2906
   2.3390
   2.3867
   2.4349
   2.4810
   2.5273
   2.5733
   2.6254
   2.6712
   2.7205
   2.7677
   2.8147
   2.8615
   2.9109
   2.9610
   3.0055
   3.0502
   3.0925
   3.1382
   3.1828
   3.2292
   3.2774
   3.3245
   3.3706
   3.4205
   3.4678
   3.5173
   3.5587
   3.6098
   3.6571
   3.7035
   3.7587
   3.8113
   3.8688
   3.9315
   3.9898
   4.0490
   4.1073
   4.1646
   4.2213
   4.2798
   4.3423
   4.4079
   4.4731
   4.5360
   4.5990
   4.6564
   4.7121
   4.7701
   4.8316
   4.8973
   4.9622
   5.0334
   5.1027
   5.1692
   5.2409
   5.3170
   5.3915
   5.4568
   5.5257
   5.5934
   5.6635
   5.7334
   5.8017
   5.8730
   5.9488
   6.0158
   6.0859
   6.1513
   6.2146
   6.2783
   6.3415
   6.4017
   6.4649
   6.5293
   6.5907
   6.6476
   6.7062
   6.7705
   6.8354
   6.9002
   6.9679
   7.0383
   7.0995
   7.1636
   7.2284
   7.2996
   7.3686
   7.4374
   7.4905
   7.5455
   7.6025
   7.6558
   7.7136
   7.7649
   7.8117
   7.8641
   7.9176
   7.9712
   8.0305
   8.0999
   8.1649
   8.2196
   8.2677
   8.3213
   8.3739
   8.4239
   8.4836
   8.5427
   8.6020
   8.6583
   8.7112
   8.7672
   8.8174
   8.8714
   8.9239
   8.9728
   9.0258
   9.0860
   9.1507
   9.2175
   9.2773
   9.3377
   9.3966
   9.4541
   9.5062
   9.5541
   9.6075
   9.6581
   9.7113
   9.7618
   9.8064
   9.8489
   9.8956
   9.9333
   9.9688
  10.0058
  10.0504
  10.0919
  10.1233
  10.1461
  10.1696
  10.1886
  10.2090
  10.2310
  10.2477
  10.2588
  10.2657
  10.2656
  10.2713
  10.2852
  10.3012
  10.3158
  10.3277
  10.3372
  10.3505
  10.3657
  10.3763
  10.3895
  10.3991
  10.4087
  10.4101
  10.4175
  10.4242
  10.4266
  10.4224
  10.4224
  10.4236
  10.4175
  10.4139
  10.4062
  10.4007
  10.3960
  10.3817
  10.3742
  10.3632
  10.3535
  10.3428
  10.3224
  10.2981
  10.2681
  10.2323
  10.1943
  10.1588
  10.1252
  10.0846
  10.0508
  10.0188
   9.9812
   9.9507
   9.9165
   9.8936
   9.8759
   9.8672
   9.8586
   9.8520
   9.8510
   9.8460
   9.8403
   9.8388
   9.8438
   9.8579
   9.8737
   9.8915
   9.9049
   9.9226
   9.9445
   9.9661
   9.9868
  10.0195
  10.0521
  10.0842
  10.1189
  10.1601
  10.2051
  10.2484
  10.2965
  10.3346
  10.3787
  10.4244
  10.4694
  10.5102
  10.5503
  10.5854
  10.6364
  10.6923
  10.7510
  10.8099
  10.8710
  10.9309
  10.9857
  11.0421
  11.0932
  11.1439
  11.2003
  11.2541
  11.3110
  11.3716
  11.4302
  11.4982
  11.5668
  11.6405
  11.7161
  11.8023
  11.8787
  11.9547
  12.0324
  12.1075
  12.1822
  12.2606
  12.3329
  12.4081
  12.4763
  12.5450
  12.6059
  12.6695
  12.7415
  12.8154
  12.8868
  12.9578
  13.0280
  13.1016
  13.1699
  13.2404
  13.3042
  13.3732
  13.4409
  13.5132
  13.5922
  13.6695
  13.7430
  13.8154
  13.8919
  13.9605
  14.0242
  14.0884
  14.1491
  14.1956
  14.2500
  14.3014
  14.3546
  14.4125
  14.4761
  14.5403
  14.6029
  14.6544
  14.7045
  14.7491
  14.7990
  14.8441
  14.8944
  14.9492
  15.0061
  15.0643
  15.1216
  15.1817
  15.2354
  15.2874
  15.3363
  15.3879
  15.4312
  15.4754
  15.5158
  15.5575
  15.5996
  15.6451
  15.6937
  15.7450
  15.7984
  15.8469
  15.8945
  15.9458
  15.9964
  16.0459
  16.0848
  16.1225
  16.1535
  16.1827
  16.2065
  16.2358
  16.2721
  16.3084
  16.3405
  16.3753
  16.3996
  16.4229
  16.4553
  16.4867
  16.5162
  16.5415
  16.5715
  16.5940
  16.6125
  16.6270
  16.6431
  16.6557
  16.6633
  16.6663
  16.6674
  16.6735
  16.6726
  16.6623
  16.6493
  16.6333
  16.6128
  16.5938
  16.5781
  16.5623
  16.5432
  16.5135
  16.4843
  16.4565
  16.4178
  16.3766
  16.3312
  16.2812
  16.2236
  16.1638
  16.1043
  16.0381
  15.9734
  15.9061
  15.8340
  15.7615
  15.6875
  15.6086
  15.5297
  15.4512
  15.3683
  15.2822
  15.1929
  15.1079
  15.0202
  14.9310
  14.8409
  14.7578
  14.6766
  14.5959
  14.5081
  14.4242
  14.3397
  14.2421
  14.1427
  14.0364
  13.9280
  13.8235
  13.7212
  13.6167
  13.5067
  13.3831
  13.2547
  13.1209
  12.9973
  12.8784
  12.7589
  12.6355
  12.5164
  12.3971
  12.2839
  12.1793
  12.0632
  11.9531
  11.8407
  11.7285
  11.6113
  11.4912
  11.3731
  11.2420
  11.1199
  11.0029
  10.8916
  10.7753
  10.6591
  10.5486
  10.4328
  10.3220
  10.2132
  10.1064
  10.0040
   9.8973
   9.7971
   9.6903
   9.5882
   9.4896
   9.3894
   9.2898
   9.1886
   9.0875
   8.9828
   8.8847
   8.7873
   8.6936
   8.5955
   8.4943
   8.3907
   8.2884
   8.1851
   8.0761
   7.9609
   7.8402
   7.7079
   7.5670
   7.4356
   7.2983
   7.1703
   7.0402
   6.9154
   6.7904
   6.6516
   6.5171
   6.3897
   6.2645
   6.1434
   6.0177
   5.8923
   5.7791
   5.6698
   5.5607
   5.4484
   5.3397
   5.2261
   5.1148
   4.9992
   4.8849
   4.7745
   4.6595
   4.5531
   4.4391
   4.3340
   4.2181
   4.0982
   3.9730
   3.8551
   3.7304
   3.6036
   3.4784
   3.3559
   3.2327
   3.1121
   2.9886
   2.8605
   2.7294
   2.5944
   2.4538
   2.3122
   2.1663
   2.0228
   1.8773
   1.7347
   1.5918
   1.4558
   1.3177
   1.1843
   1.0544
   0.9314
   0.8116
   0.6988
   0.5867
   0.4818
   0.3841
   0.2884
   0.2003
   0.1223
   0.0319
  -0.0450
  -0.1269
  -0.2058
  -0.2873
  -0.3675
  -0.4425
  -0.5193
  -0.5939
  -0.6666
  -0.7406
  -0.8070
  -0.8767
  -0.9542
  -1.0304
  -1.1132
  -1.1891
  -1.2700
  -1.3479
  -1.4205
  -1.4909
  -1.5596
  -1.6411
  -1.7108
  -1.7929
  -1.8616
  -1.9309
  -1.9964
  -2.0490
  -2.1055
  -2.1575
  -2.2174
  -2.2667
  -2.3177
  -2.3719
  -2.4294
  -2.4852
  -2.5351
  -2.5903
  -2.6346
  -2.6743
  -2.7200
  -2.7620
  -2.7971
  -2.8425
  -2.8792
  -2.9167
  -2.9538
  -2.9971
  -3.0343
  -3.0776
  -3.1222
  -3.1639
  -3.2083
  -3.2578
  -3.3064
  -3.3580
  -3.4013
  -3.4449
  -3.4843
  -3.5221
  -3.5504
  -3.5852
  -3.6165
  -3.6470
  -3.6756
  -3.7088
  -3.7406
  -3.7688
  -3.7987
  -3.8246
  -3.8456
  -3.8758
  -3.9040
  -3.9312
  -3.9617
  -3.9833
  -4.0046
  -4.0226
  -4.0359
  -4.0503
  -4.0624
  -4.0693
  -4.0617
  -4.0647
  -4.0525
  -4.0506
  -4.0460
  -4.0427
  -4.0444
  -4.0411
  -4.0455
  -4.0337
  -4.0299
  -4.0171
  -4.0049
  -3.9885
  -3.9705
  -3.9554
  -3.9265
  -3.8995
  -3.8746
  -3.8346
  -3.7940
  -3.7491
  -3.6951
  -3.6488
  -3.6026
  -3.5563
  -3.5080
  -3.4653
  -3.4154
  -3.3648
  -3.3237
  -3.2764
  -3.2301
  -3.1874
  -3.1400
  -3.1049
  -3.0638
  -3.0279
  -2.9966
  -2.9646
  -2.9280
  -2.8920
  -2.8598
  -2.8315
  -2.8013
  -2.7747
  -2.7439
  -2.7099
  -2.6808
  -2.6607
  -2.6367
  -2.6152
  -2.5943
  -2.5668
  -2.5407
  -2.5187
  -2.4910
  -2.4636
  -2.3937
  -2.3294
  -2.2743
  -2.2198
  -2.1591
  -2.1086
  -2.0565
  -2.0043
  -1.9542
  -1.9147
  -1.8782
  -1.8518
  -1.8297
  -1.8091
  -1.7965
  -1.7850
  -1.7771
  -1.7769
  -1.7776
  -1.7777
  -1.7811
  -1.7831
  -1.7825
  -1.7882
  -1.7975
  -1.8065
  -1.8131
  -1.8122
  -1.8148
  -1.8163
