  -5.3994
  -5.4298
  -5.4655
  -5.5045
  -5.5487
  -5.5925
  -5.6327
  -5.6679
  -5.6944
  -5.7175
  -5.7320
  -5.7500
  -5.7749
  -5.7996
  -5.8210
  -5.8388
  -5.8516
  -5.8590
  -5.8682
  -5.8740
  -5.8716
  -5.8674
  -5.8582
  -5.8471
  -5.8360
  -5.8284
  -5.8207
  -5.8130
  -5.8017
  -5.7838
  -5.7693
  -5.7565
  -5.7438
  -5.7144
  -5.6763
  -5.6348
  -5.5966
  -5.5635
  -5.5236
  -5.4754
  -5.4270
  -5.3868
  -5.3435
  -5.3035
  -5.2583
  -5.2097
  -5.1628
  -5.1213
  -5.0693
  -5.0160
  -4.9610
  -4.9092
  -4.8630
  -4.8200
  -4.7823
  -4.7326
  -4.6815
  -4.6253
  -4.5690
  -4.5059
  -4.4409
  -4.3846
  -4.3187
  -4.2527
  -4.1849
  -4.1122
  -4.0312
  -3.9420
  -3.8530
  -3.7674
  -3.6786
  -3.6017
  -3.5366
  -3.4715
  -3.4118
  -3.3537
  -3.2975
  -3.2463
  -3.1988
  -3.1460
  -3.0950
  -3.0490
  -3.0030
  -2.9606
  -2.9234
  -2.8848
  -2.8463
  -2.8080
  -2.7665
  -2.7284
  -2.6954
  -2.6641
  -2.6298
  -2.5904
  -2.5647
  -2.5476
  -2.5341
  -2.5189
  -2.5053
  -2.4956
  -2.4909
  -2.4710
  -2.4429
  -2.4082
  -2.3719
  -2.3424
  -2.3146
  -2.2850
  -2.2451
  -2.2107
  -2.1760
  -2.1412
  -2.0977
  -2.0490
  -1.9850
  -1.9173
  -1.8581
  -1.8057
  -1.7584
  -1.7182
  -1.6764
  -1.6449
  -1.6016
  -1.5596
  -1.5093
  -1.4709
  -1.4325
  -1.4111
  -1.4033
  -1.4058
  -1.4184
  -1.4310
  -1.4471
  -1.4464
  -1.4355
  -1.4161
  -1.3951
  -1.3707
  -1.3434
  -1.3145
  -1.2874
  -1.2605
  -1.2457
  -1.2344
  -1.2317
  -1.2375
  -1.2519
  -1.2630
  -1.2706
  -1.2800
  -1.2844
  -1.2922
  -1.2933
  -1.2973
  -1.3082
  -1.3189
  -1.3196
  -1.3149
  -1.3087
  -1.2925
  -1.2745
  -1.2549
  -1.2404
  -1.2310
  -1.2265
  -1.2189
  -1.2045
  -1.1904
  -1.1780
  -1.1709
  -1.1634
  -1.1612
  -1.1624
  -1.1725
  -1.1925
  -1.2214
  -1.2556
  -1.2917
  -1.3262
  -1.3645
  -1.4078
  -1.4512
  -1.4862
  -1.5349
  -1.5854
  -1.6479
  -1.6954
  -1.7486
  -1.7932
  -1.8345
  -1.8725
  -1.9107
  -1.9625
  -2.0062
  -2.0499
  -2.0972
  -2.1514
  -2.2076
  -2.2641
  -2.3221
  -2.3853
  -2.4486
  -2.5101
  -2.5616
  -2.6064
  -2.6411
  -2.6606
  -2.6663
  -2.6722
  -2.6746
  -2.6770
  -2.6831
  -2.6924
  -2.7018
  -2.7147
  -2.7277
  -2.7340
  -2.7334
  -2.7347
  -2.7021
  -2.6912
  -2.6717
  -2.6556
  -2.6412
  -2.6233
  -2.6137
  -2.6039
  -2.5939
  -2.5873
  -2.5757
  -2.5674
  -2.5574
  -2.5456
  -2.5322
  -2.5171
  -2.4955
  -2.4739
  -2.4387
  -2.3970
  -2.3551
  -2.3113
  -2.2639
  -2.2268
  -2.1847
  -2.1375
  -2.0903
  -2.0331
  -1.9790
  -1.9278
  -1.8769
  -1.8293
  -1.7851
  -1.7359
  -1.6781
  -1.6186
  -1.5590
  -1.4926
  -1.4144
  -1.3359
  -1.2606
  -1.1870
  -1.1132
  -1.0443
  -0.9821
  -0.9248
  -0.8760
  -0.8321
  -0.7948
  -0.7678
  -0.7440
  -0.7304
  -0.7219
  -0.7168
  -0.7067
  -0.6969
  -0.6786
  -0.6538
  -0.6305
  -0.6142
  -0.5979
  -0.6136
  -0.6143
  -0.6235
  -0.6311
  -0.6421
  -0.6583
  -0.6730
  -0.6894
  -0.7060
  -0.7242
  -0.7441
  -0.7676
  -0.7946
  -0.8250
  -0.8624
  -0.9048
  -0.9524
  -1.0084
  -1.0779
  -1.1558
  -1.2420
  -1.3283
  -1.4162
  -1.5008
  -1.5988
  -1.6899
  -1.7895
  -1.8938
  -2.0014
  -2.1021
  -2.2077
  -2.3300
  -2.4506
  -2.5710
  -2.6947
  -2.8185
  -2.9303
  -3.0423
  -3.1610
  -3.2814
  -3.4003
  -3.5124
  -3.6179
  -3.7150
  -3.8054
  -3.8892
  -3.9662
  -4.0399
  -4.1087
  -4.1708
  -4.2280
  -4.2785
  -4.3239
  -4.3644
  -4.4031
  -4.4435
  -4.4855
  -4.5326
  -4.5798
  -4.6270
  -4.6760
  -4.7234
  -4.7725
  -4.8218
  -4.8745
  -4.9272
  -4.9799
  -5.0311
  -5.0804
  -5.1231
  -5.1624
  -5.2000
  -5.2308
  -5.2598
  -5.2887
  -5.3124
  -5.3360
  -5.3579
  -5.3779
  -5.3962
  -5.4112
  -5.4178
  -5.4229
  -5.4228
  -5.4178
  -5.4095
  -5.4014
  -5.3767
  -5.3389
  -5.2879
  -5.2270
  -5.1561
  -5.0619
  -4.9628
  -4.8602
  -4.7576
  -4.6581
  -4.5719
  -4.4905
  -4.4057
  -4.3158
  -4.2209
  -4.1310
  -4.0428
  -3.9596
  -3.8782
  -3.8036
  -3.7339
  -3.6710
  -3.6131
  -3.5632
  -3.5202
  -3.4819
  -3.4521
  -3.4305
  -3.4138
  -3.4021
  -3.3970
  -3.3936
  -3.3918
  -3.3901
  -3.3831
  -3.3745
  -3.3591
  -3.3388
  -3.3067
  -3.2713
  -3.2292
  -3.1871
  -3.1467
  -3.1129
  -3.0808
  -3.0537
  -3.0283
  -3.0029
  -2.9741
  -2.9453
  -2.9114
  -2.8792
  -2.8437
  -2.8099
  -2.7761
  -2.7407
  -2.7019
  -2.6649
  -2.6263
  -2.5893
  -2.5588
  -2.5450
  -2.5444
  -2.5571
  -2.5832
  -2.6175
  -2.6617
  -2.7125
  -2.7683
  -2.8259
  -2.8869
  -2.9499
  -3.0146
  -3.0844
  -3.1611
  -3.2477
  -3.3411
  -3.4429
  -3.5495
  -3.6645
  -3.7760
  -3.8890
  -3.9886
  -4.0866
  -4.1797
  -4.2727
  -4.3657
  -4.4654
  -4.5635
  -4.6581
  -4.7461
  -4.8292
  -4.9105
  -4.9919
  -5.0716
  -5.1565
  -5.2429
  -5.3310
  -5.4224
  -5.5123
  -5.6022
  -5.6955
  -5.7886
  -5.8801
  -5.9783
  -6.0748
  -6.1662
  -6.2544
  -6.3375
  -6.4208
  -6.5023
  -6.5822
  -6.6588
  -6.7337
  -6.8087
  -6.8871
  -6.9672
  -7.0539
  -7.1423
  -7.2341
  -7.3243
  -7.4147
  -7.4984
  -7.5789
  -7.6510
  -7.7131
  -7.7701
  -7.8222
  -7.8676
  -7.9130
  -7.9599
  -8.0051
  -8.0519
  -8.0970
  -8.1419
  -8.1885
  -8.2317
  -8.2665
  -8.2914
  -8.3031
  -8.3082
  -8.3068
  -8.3088
  -8.3225
  -8.3346
  -8.3401
  -8.3406
  -8.3345
  -8.3167
  -8.2990
  -8.2846
  -8.2737
  -8.2644
  -8.2535
  -8.2427
  -8.2318
  -8.2192
  -8.2067
  -8.1941
  -8.1833
  -8.1822
  -8.1812
  -8.1803
  -8.1809
  -8.1800
  -8.1708
  -8.1617
  -8.1525
  -8.1450
  -8.1393
  -8.1269
  -8.1146
  -8.1007
  -8.0868
  -8.0729
  -8.0606
  -8.0416
  -8.0209
  -7.9936
  -7.9662
  -7.9355
  -7.9095
  -7.8834
  -7.8540
  -7.8327
  -7.8182
  -7.8054
  -7.7977
  -7.7983
  -7.7942
  -7.7902
  -7.7862
  -7.7824
  -7.7788
  -7.7785
  -7.7783
  -7.7747
  -7.7712
  -7.7694
  -7.7708
  -7.7788
  -7.7834
  -7.7947
  -7.7976
  -7.7954
  -7.7931
  -7.7925
  -7.7918
  -7.7928
  -7.7903
  -7.7846
  -7.7771
  -7.7680
  -7.7588
  -7.7529
  -7.7469
  -7.7427
  -7.7384
  -7.7357
  -7.7330
  -7.7286
  -7.7226
  -7.7182
  -7.7138
  -7.7061
  -7.7032
  -7.7004
  -7.6943
  -7.6882
  -7.6821
  -7.6794
  -7.6849
  -7.6921
  -7.7009
  -7.7146
  -7.7283
  -7.7370
  -7.7491
  -7.7611
  -7.7763
  -7.7948
  -7.8100
  -7.8219
  -7.8339
  -7.8458
  -7.8479
  -7.8466
  -7.8469
  -7.8422
  -7.8309
  -7.8211
  -7.8146
  -7.7998
  -7.7898
  -7.7748
  -7.7565
  -7.7366
  -7.7150
  -7.7017
  -7.6835
  -7.6686
  -7.6587
  -7.6536
  -7.6519
  -7.6485
  -7.6452
  -7.6288
  -7.6172
  -7.5992
  -7.5893
  -7.5861
  -7.5911
  -7.5928
  -7.5945
  -7.5930
  -7.5914
  -7.5866
  -7.5785
  -7.5737
  -7.5689
  -7.5624
  -7.5626
  -7.5578
  -7.5514
  -7.5401
  -7.5321
  -7.5290
  -7.5193
  -7.5114
  -7.5050
  -7.4938
  -7.4842
  -7.4728
  -7.4648
  -7.4502
  -7.4339
  -7.4193
  -7.4080
  -7.3983
  -7.3919
  -7.3872
  -7.3727
  -7.3647
  -7.3600
  -7.3520
  -7.3489
  -7.3475
  -7.3444
  -7.3463
  -7.3449
  -7.3467
  -7.3551
  -7.3570
  -7.3605
  -7.3574
  -7.3544
  -7.3515
  -7.3535
  -7.3571
  -7.3492
  -7.3528
  -7.3498
  -7.3418
  -7.3321
  -7.3159
  -7.2997
  -7.2867
  -7.2787
  -7.2707
  -7.2660
  -7.2547
  -7.2384
  -7.2090
  -7.1878
  -7.1633
  -7.1437
  -7.1208
  -7.0978
  -7.0766
  -7.0520
  -7.0274
  -7.0028
  -6.9765
  -6.9552
  -6.9240
  -6.9044
  -6.8764
  -6.8370
  -6.7993
  -6.7681
  -6.7286
  -6.7007
  -6.6710
  -6.6382
  -6.6020
  -6.5805
  -6.5541
  -6.5310
  -6.5062
  -6.4797
  -6.4467
  -6.4153
  -6.3921
  -6.3623
  -6.3341
  -6.3060
  -6.2745
  -6.2430
  -6.2147
  -6.1782
  -6.1433
  -6.1069
  -6.0671
  -6.0257
  -5.9875
  -5.9559
  -5.9227
  -5.8943
  -5.8626
  -5.8244
  -5.7944
  -5.7595
  -5.7327
  -5.7092
  -5.6857
  -5.6623
  -5.6502
  -5.6398
  -5.6392
  -5.6336
  -5.6314
  -5.6275
  -5.6269
  -5.6327
  -5.6386
  -5.6445
  -5.6405
  -5.6447
  -5.6505
  -5.6531
  -5.6588
  -5.6598
  -5.6624
  -5.6681
  -5.6722
  -5.6862
  -5.6936
  -5.7043
  -5.7248
  -5.7501
  -5.7690
  -5.7895
  -5.8131
  -5.8271
  -5.8474
  -5.8597
  -5.8686
  -5.8759
  -5.8783
  -5.8758
  -5.8717
  -5.8741
  -5.8683
  -5.8675
  -5.8699
  -5.8707
  -5.8714
  -5.8772
  -5.8780
  -5.8822
  -5.8847
  -5.8890
  -5.8883
  -5.8893
  -5.8952
  -5.8978
  -5.8922
  -5.8866
  -5.8793
  -5.8738
  -5.8683
  -5.8595
  -5.8507
  -5.8388
  -5.8236
  -5.8052
  -5.7932
  -5.7699
  -5.7465
  -5.7183
  -5.6950
  -5.6667
  -5.6435
  -5.6137
  -5.5871
  -5.5556
  -5.5242
  -5.5009
  -5.4678
  -5.4412
  -5.4146
  -5.3865
  -5.3631
  -5.3398
  -5.3100
  -5.2801
  -5.2568
  -5.2334
  -5.2084
  -5.1769
  -5.1437
  -5.1138
  -5.0903
  -5.0572
  -5.0272
  -4.9973
  -4.9786
  -4.9535
  -4.9299
  -4.9080
  -4.8877
  -4.8674
  -4.8454
  -4.8316
  -4.8128
  -4.8005
  -4.7897
  -4.7773
  -4.7633
  -4.7540
  -4.7414
  -4.7287
  -4.7176
  -4.7098
  -4.6938
  -4.6826
  -4.6681
  -4.6536
  -4.6407
  -4.6277
  -4.6049
  -4.5950
  -4.5835
  -4.5719
  -4.5554
  -4.5436
  -4.5318
  -4.5169
  -4.5034
  -4.4851
  -4.4699
  -4.4531
  -4.4364
  -4.4195
  -4.4075
  -4.3858
  -4.3672
  -4.3469
  -4.3250
  -4.3047
  -4.2746
  -4.2510
  -4.2224
  -4.1938
  -4.1587
  -4.1186
  -4.0899
  -4.0547
  -4.0162
  -3.9809
  -3.9439
  -3.9101
  -3.8795
  -3.8457
  -3.8070
  -3.7731
  -3.7376
  -3.6956
  -3.6585
  -3.6278
  -3.5922
  -3.5615
  -3.5307
  -3.5016
  -3.4675
  -3.4317
  -3.3975
  -3.3552
  -3.3178
  -3.2835
  -3.2443
  -3.2084
  -3.1774
  -3.1463
  -3.1168
  -3.0904
  -3.0583
  -3.0318
  -3.0086
  -2.9901
  -2.9734
  -2.9598
  -2.9397
  -2.9196
  -2.8978
  -2.8824
  -2.8654
  -2.8548
  -2.8408
  -2.8316
  -2.8206
  -2.8063
  -2.7951
  -2.7872
  -2.7743
  -2.7645
  -2.7563
  -2.7367
  -2.7269
  -2.7137
  -2.7055
  -2.6908
  -2.6760
  -2.6643
  -2.6508
  -2.6501
  -2.6493
  -2.6353
  -2.6227
  -2.6163
  -2.6098
  -2.6080
  -2.6045
  -2.5911
  -2.5776
  -2.5706
  -2.5686
  -2.5633
  -2.5614
  -2.5563
  -2.5431
  -2.5428
  -2.5443
  -2.5440
  -2.5438
  -2.5435
  -2.5482
  -2.5448
  -2.5463
  -2.5477
  -2.5442
  -2.5521
  -2.5504
  -2.5502
  -2.5535
  -2.5552
  -2.5618
  -2.5676
  -2.5805
  -2.5804
  -2.5934
  -2.5933
  -2.6030
  -2.6142
  -2.6322
  -2.6420
  -2.6519
  -2.6601
  -2.6571
  -2.6590
  -2.6515
  -2.6474
  -2.6434
  -2.6411
  -2.6498
  -2.6583
  -2.6636
  -2.6721
  -2.6919
  -2.7050
  -2.7199
  -2.7300
  -2.7515
  -2.7650
  -2.7738
  -2.7891
  -2.7934
  -2.8026
  -2.8103
  -2.8112
  -2.8090
  -2.8133
  -2.8175
  -2.8107
  -2.8073
  -2.8165
  -2.8225
  -2.8155
  -2.8086
  -2.7982
  -2.7878
  -2.7855
  -2.7750
  -2.7677
  -2.7589
  -2.7532
  -2.7489
  -2.7398
  -2.7369
  -2.7290
  -2.7180
  -2.7133
  -2.6972
  -2.6873
  -2.6756
  -2.6621
  -2.6357
  -2.6108
  -2.5892
  -2.5580
  -2.5414
  -2.5036
  -2.4771
  -2.4455
  -2.4090
  -2.3691
  -2.3355
  -2.3019
  -2.2698
  -2.2409
  -2.2118
  -2.1904
  -2.1688
  -2.1533
  -2.1359
  -2.1137
  -2.0917
  -2.0683
  -2.0496
  -2.0212
  -1.9993
  -1.9770
  -1.9561
  -1.9351
  -1.9219
  -1.9135
  -1.8971
  -1.8884
  -1.8830
  -1.8841
  -1.8888
  -1.8967
  -1.8980
  -1.8943
  -1.9017
  -1.9076
  -1.9073
  -1.9069
  -1.9130
  -1.9187
  -1.9244
  -1.9348
  -1.9436
  -1.9539
  -1.9543
  -1.9595
  -1.9581
  -1.9539
  -1.9494
  -1.9415
  -1.9353
  -1.9293
  -1.9185
  -1.9144
  -1.9022
  -1.8916
  -1.8776
  -1.8717
  -1.8632
  -1.8527
  -1.8394
  -1.8261
  -1.8117
  -1.7990
  -1.7833
  -1.7708
  -1.7516
  -1.7325
  -1.7084
  -1.6843
  -1.6649
  -1.6422
  -1.6196
  -1.5938
  -1.5664
  -1.5360
  -1.4991
  -1.4635
  -1.4296
  -1.3907
  -1.3586
  -1.3217
  -1.2899
  -1.2534
  -1.2154
  -1.1777
  -1.1386
  -1.1075
  -1.0665
  -1.0235
  -0.9789
  -0.9373
  -0.8910
  -0.8446
  -0.8016
  -0.7584
  -0.7183
  -0.6748
  -0.6334
  -0.5985
  -0.5586
  -0.5284
  -0.4915
  -0.4511
  -0.4092
  -0.3753
  -0.3445
  -0.3153
  -0.2871
  -0.2654
  -0.2422
  -0.2125
  -0.1903
  -0.1668
  -0.1462
  -0.1291
  -0.1150
  -0.1009
  -0.0981
  -0.0899
  -0.0900
  -0.0959
  -0.0902
  -0.1002
  -0.1067
  -0.1180
  -0.1341
  -0.1468
  -0.1687
  -0.1924
  -0.2167
  -0.2361
  -0.2671
  -0.2952
  -0.3282
  -0.3600
  -0.3966
  -0.4364
  -0.4796
  -0.5228
  -0.5674
  -0.6149
  -0.6574
  -0.7033
  -0.7589
  -0.8162
  -0.8747
  -0.9362
  -0.9973
  -1.0682
  -1.1393
  -1.2056
  -1.2783
  -1.3544
  -1.4415
  -1.5257
  -1.6135
  -1.7066
  -1.8017
  -1.9015
  -1.9944
  -2.1003
  -2.1996
  -2.3023
  -2.4035
  -2.5078
  -2.6109
  -2.7155
  -2.8220
  -2.9333
  -3.0383
  -3.1465
  -3.2644
  -3.3793
  -3.4956
  -3.6181
  -3.7359
  -3.8504
  -3.9717
  -4.0800
  -4.1963
  -4.3141
  -4.4257
  -4.5457
  -4.6605
  -4.7819
  -4.9017
  -5.0184
  -5.1367
  -5.2533
  -5.3731
  -5.4922
  -5.6159
  -5.7348
  -5.8501
  -5.9638
  -6.0773
  -6.1860
  -6.2963
  -6.4018
  -6.5118
  -6.6154
  -6.7142
  -6.8225
  -6.9257
  -7.0239
  -7.1250
  -7.2245
  -7.3261
  -7.4219
  -7.5131
  -7.6061
  -7.7009
  -7.7957
  -7.8841
  -7.9628
  -8.0458
  -8.1237
  -8.1977
  -8.2664
  -8.3303
  -8.4021
  -8.4518
  -8.5236
  -8.5886
  -8.6555
  -8.7188
  -8.7723
  -8.8302
  -8.8803
  -8.9324
  -8.9816
  -9.0361
  -9.0878
  -9.1323
  -9.1851
  -9.2211
  -9.2730
  -9.3331
  -9.3850
  -9.4401
  -9.5043
  -9.5541
  -9.6098
  -9.6651
  -9.7175
  -9.7557
  -9.7940
  -9.8290
  -9.8766
  -9.9128
  -9.9491
  -9.9856
 -10.0242
 -10.0565
 -10.0925
 -10.1266
 -10.1606
 -10.1912
 -10.2174
 -10.2437
 -10.2657
 -10.2881
 -10.3075
 -10.3255
 -10.3417
 -10.3516
 -10.3534
 -10.3568
 -10.3441
 -10.3485
 -10.3579
 -10.3496
 -10.3443
 -10.3388
 -10.3412
 -10.3395
 -10.3343
 -10.3315
 -10.3334
 -10.3352
 -10.3349
 -10.3217
 -10.3222
 -10.2956
 -10.2706
 -10.2425
 -10.2158
 -10.1878
 -10.1540
 -10.1266
 -10.0880
 -10.0477
 -10.0044
  -9.9594
  -9.9200
  -9.8689
  -9.8236
  -9.7666
  -9.7041
  -9.6396
  -9.5720
  -9.4918
  -9.4151
  -9.3338
  -9.2482
  -9.1624
  -9.0810
  -8.9946
  -8.9099
  -8.8175
  -8.7352
  -8.6513
  -8.5719
  -8.4921
  -8.4134
  -8.3376
  -8.2666
  -8.1981
  -8.1366
  -8.0687
  -8.0058
  -7.9345
  -7.8599
  -7.7898
  -7.7165
  -7.6370
  -7.5705
  -7.5072
  -7.4434
  -7.3970
  -7.3327
  -7.2671
  -7.2068
  -7.1477
  -7.0782
  -7.0023
  -6.9288
  -6.8574
  -6.7834
  -6.6994
  -6.6164
  -6.5350
  -6.4570
  -6.3733
  -6.3042
  -6.2242
  -6.1514
  -6.0694
  -5.9934
  -5.9110
  -5.8316
  -5.7429
  -5.6646
  -5.5855
  -5.5044
  -5.4252
  -5.3508
  -5.2735
  -5.1936
  -5.1178
  -5.0539
  -4.9899
  -4.9413
  -4.8929
  -4.8543
  -4.8299
  -4.8074
  -4.7898
  -4.7769
  -4.7692
  -4.7680
  -4.7700
  -4.7688
  -4.7618
  -4.7549
  -4.7545
  -4.7525
  -4.7506
  -4.7467
  -4.7469
  -4.7549
  -4.7611
  -4.7722
  -4.7866
  -4.7998
  -4.8084
  -4.8266
  -4.8352
  -4.8457
  -4.8457
  -4.8457
  -4.8417
