  -3.4453
  -3.4691
  -3.4871
  -3.5084
  -3.5328
  -3.5629
  -3.5922
  -3.6189
  -3.6473
  -3.6731
  -3.7063
  -3.7320
  -3.7569
  -3.7842
  -3.8107
  -3.8436
  -3.8748
  -3.9052
  -3.9289
  -3.9567
  -3.9812
  -3.9999
  -4.0161
  -4.0322
  -4.0458
  -4.0545
  -4.0630
  -4.0732
  -4.0744
  -4.0894
  -4.1019
  -4.0695
  -4.0395
  -4.0071
  -3.9821
  -3.9661
  -3.9558
  -3.9414
  -3.9312
  -3.9364
  -3.9442
  -3.9504
  -3.9541
  -3.9611
  -3.9690
  -3.9768
  -3.9903
  -4.0039
  -4.0208
  -4.0352
  -4.0512
  -4.0697
  -4.0899
  -4.1150
  -4.1376
  -4.1578
  -4.1690
  -4.1835
  -4.1873
  -4.1919
  -4.1991
  -4.2005
  -4.1953
  -4.1861
  -4.1704
  -4.1514
  -4.1209
  -4.0945
  -4.0624
  -4.0303
  -3.9982
  -3.9603
  -3.9249
  -3.8863
  -3.8443
  -3.8007
  -3.7531
  -3.7120
  -3.6701
  -3.6298
  -3.5912
  -3.5534
  -3.5197
  -3.4934
  -3.4654
  -3.4456
  -3.4275
  -3.4143
  -3.4044
  -3.3978
  -3.3870
  -3.3828
  -3.3746
  -3.3696
  -3.3669
  -3.3627
  -3.3568
  -3.3518
  -3.3532
  -3.3506
  -3.3431
  -3.3404
  -3.3370
  -3.3367
  -3.3308
  -3.3249
  -3.3174
  -3.3106
  -3.3014
  -3.2913
  -3.2813
  -3.2672
  -3.2498
  -3.2324
  -3.2133
  -3.1918
  -3.1711
  -3.1503
  -3.1288
  -3.1114
  -3.0916
  -3.0716
  -3.0549
  -3.0391
  -3.0250
  -3.0124
  -2.9981
  -2.9897
  -2.9771
  -2.9645
  -2.9503
  -2.9344
  -2.9226
  -2.9100
  -2.9015
  -2.8922
  -2.8796
  -2.8638
  -2.8448
  -2.8266
  -2.8108
  -2.7942
  -2.7777
  -2.7628
  -2.7430
  -2.7265
  -2.7075
  -2.6886
  -2.6680
  -2.6482
  -2.6301
  -2.6128
  -2.5948
  -2.5751
  -2.5562
  -2.5432
  -2.5270
  -2.5123
  -2.4961
  -2.4782
  -2.4620
  -2.4418
  -2.4167
  -2.3884
  -2.3576
  -2.3251
  -2.2936
  -2.2637
  -2.2314
  -2.1991
  -2.1668
  -2.1280
  -2.0941
  -2.0603
  -2.0256
  -1.9886
  -1.9499
  -1.9112
  -1.8758
  -1.8380
  -1.8068
  -1.7723
  -1.7403
  -1.7076
  -1.6765
  -1.6462
  -1.6168
  -1.5915
  -1.5663
  -1.5420
  -1.5226
  -1.5056
  -1.4895
  -1.4710
  -1.4516
  -1.4307
  -1.4041
  -1.3815
  -1.3597
  -1.3378
  -1.3152
  -1.2991
  -1.2830
  -1.2645
  -1.2403
  -1.2153
  -1.1936
  -1.1525
  -1.1277
  -1.1215
  -1.1137
  -1.0831
  -1.0567
  -1.0319
  -1.0087
  -0.9838
  -0.9540
  -0.9258
  -0.8984
  -0.8693
  -0.8410
  -0.8142
  -0.7924
  -0.7762
  -0.7649
  -0.7536
  -0.7464
  -0.7374
  -0.7293
  -0.7203
  -0.7156
  -0.7124
  -0.7149
  -0.7134
  -0.7127
  -0.7193
  -0.7293
  -0.7459
  -0.7629
  -0.7794
  -0.7942
  -0.8106
  -0.8247
  -0.8339
  -0.8430
  -0.8513
  -0.8556
  -0.8557
  -0.8502
  -0.8478
  -0.8446
  -0.8348
  -0.8283
  -0.8244
  -0.8204
  -0.8173
  -0.8223
  -0.8330
  -0.8357
  -0.8303
  -0.8274
  -0.8269
  -0.8200
  -0.8089
  -0.7987
  -0.7958
  -0.7930
  -0.7877
  -0.8011
  -0.8023
  -0.7825
  -0.7643
  -0.7715
  -0.7770
  -0.7810
  -0.7899
  -0.7981
  -0.8080
  -0.8187
  -0.8311
  -0.8484
  -0.8707
  -0.8972
  -0.9245
  -0.9518
  -0.9833
  -1.0205
  -1.0602
  -1.1048
  -1.1493
  -1.1980
  -1.2466
  -1.2976
  -1.3536
  -1.4193
  -1.4841
  -1.5432
  -1.6007
  -1.6524
  -1.7053
  -1.7596
  -1.8138
  -1.8607
  -1.9083
  -1.9574
  -2.0049
  -2.0533
  -2.1047
  -2.1611
  -2.2248
  -2.2845
  -2.3425
  -2.4077
  -2.4681
  -2.5261
  -2.5848
  -2.6476
  -2.7079
  -2.7698
  -2.8389
  -2.9145
  -2.9909
  -3.0672
  -3.1483
  -3.2351
  -3.3250
  -3.4166
  -3.5112
  -3.6074
  -3.7052
  -3.7988
  -3.8924
  -3.9842
  -4.0703
  -4.1571
  -4.2421
  -4.3264
  -4.4138
  -4.5028
  -4.5902
  -4.6801
  -4.7643
  -4.8444
  -4.9212
  -4.9923
  -5.0577
  -5.1206
  -5.1843
  -5.2431
  -5.2987
  -5.3509
  -5.3992
  -5.4450
  -5.4876
  -5.5286
  -5.5688
  -5.6148
  -5.6639
  -5.7179
  -5.7735
  -5.8267
  -5.8776
  -5.9294
  -5.9828
  -6.0381
  -6.0991
  -6.1626
  -6.2245
  -6.2856
  -6.3467
  -6.4055
  -6.4626
  -6.5205
  -6.5769
  -6.6324
  -6.6871
  -6.7378
  -6.7835
  -6.8261
  -6.8654
  -6.9031
  -6.9449
  -6.9794
  -7.0115
  -7.0404
  -7.0661
  -7.0886
  -7.1055
  -7.1193
  -7.1306
  -7.1396
  -7.1477
  -7.1575
  -7.1690
  -7.1829
  -7.1951
  -7.2039
  -7.2087
  -7.2036
  -7.1944
  -7.1811
  -7.1629
  -7.1430
  -7.1215
  -7.0959
  -7.0688
  -7.0391
  -7.0056
  -6.9662
  -6.9194
  -6.8669
  -6.8151
  -6.7609
  -6.7033
  -6.6424
  -6.5774
  -6.5058
  -6.4270
  -6.3450
  -6.2582
  -6.1705
  -6.0828
  -5.9967
  -5.9106
  -5.8236
  -5.7382
  -5.6527
  -5.5697
  -5.4883
  -5.4093
  -5.3336
  -5.2578
  -5.1869
  -5.1208
  -5.0588
  -4.9998
  -4.9491
  -4.8990
  -4.8490
  -4.7989
  -4.7489
  -4.7038
  -4.6578
  -4.6143
  -4.5717
  -4.5291
  -4.4873
  -4.4447
  -4.4069
  -4.3716
  -4.3411
  -4.3138
  -4.2906
  -4.2699
  -4.2492
  -4.2269
  -4.2014
  -4.1800
  -4.1603
  -4.1488
  -4.1413
  -4.1364
  -4.1331
  -4.1305
  -4.1313
  -4.1336
  -4.1391
  -4.1388
  -4.1368
  -4.1307
  -4.1287
  -4.1268
  -4.1207
  -4.1107
  -4.0992
  -4.0876
  -4.0695
  -4.0555
  -4.0470
  -4.0353
  -4.0236
  -4.0151
  -4.0107
  -4.0111
  -4.0155
  -4.0209
  -4.0238
  -4.0227
  -4.0177
  -4.0128
  -4.0054
  -3.9972
  -3.9882
  -3.9784
  -3.9646
  -3.9467
  -3.9305
  -3.9069
  -3.8802
  -3.8559
  -3.8331
  -3.8168
  -3.7989
  -3.7868
  -3.7763
  -3.7666
  -3.7537
  -3.7392
  -3.7305
  -3.7177
  -3.7081
  -3.6970
  -3.6835
  -3.6628
  -3.6405
  -3.6054
  -3.5638
  -3.5215
  -3.4842
  -3.4452
  -3.4070
  -3.3712
  -3.3378
  -3.3020
  -3.2694
  -3.2376
  -3.2083
  -3.1798
  -3.1586
  -3.1384
  -3.1289
  -3.1154
  -3.1019
  -3.0942
  -3.0896
  -3.0850
  -3.0869
  -3.0945
  -3.0982
  -3.0994
  -3.1072
  -3.1182
  -3.1276
  -3.1377
  -3.1455
  -3.1516
  -3.1561
  -3.1622
  -3.1674
  -3.1734
  -3.1769
  -3.1796
  -3.1782
  -3.1753
  -3.1676
  -3.1599
  -3.1515
  -3.1399
  -3.1291
  -3.1239
  -3.1221
  -3.1226
  -3.1207
  -3.1195
  -3.1125
  -3.1055
  -3.0959
  -3.0887
  -3.0815
  -3.0677
  -3.0548
  -3.0337
  -3.0076
  -2.9816
  -2.9628
  -2.9431
  -2.9362
  -2.9398
  -2.9499
  -2.9584
  -2.9700
  -2.9799
  -2.9883
  -2.9958
  -3.0065
  -3.0172
  -3.0272
  -3.0402
  -3.0525
  -3.0663
  -3.0834
  -3.0979
  -3.1204
  -3.1470
  -3.1745
  -3.2004
  -3.2337
  -3.2621
  -3.2881
  -3.3158
  -3.3444
  -3.3713
  -3.3958
  -3.4187
  -3.4384
  -3.4589
  -3.4777
  -3.4933
  -3.5081
  -3.5230
  -3.5362
  -3.5485
  -3.5634
  -3.5808
  -3.6014
  -3.6243
  -3.6480
  -3.6733
  -3.6961
  -3.7150
  -3.7347
  -3.7480
  -3.7532
  -3.7577
  -3.7559
  -3.7531
  -3.7471
  -3.7404
  -3.7345
  -3.7293
  -3.7259
  -3.7249
  -3.7264
  -3.7326
  -3.7380
  -3.7424
  -3.7509
  -3.7584
  -3.7651
  -3.7670
  -3.7680
  -3.7700
  -3.7704
  -3.7709
  -3.7723
  -3.7736
  -3.7750
  -3.7764
  -3.7746
  -3.7703
  -3.7620
  -3.7504
  -3.7323
  -3.7143
  -3.6947
  -3.6767
  -3.6653
  -3.6538
  -3.6423
  -3.6389
  -3.6338
  -3.6238
  -3.6115
  -3.5968
  -3.5828
  -3.5721
  -3.5621
  -3.5578
  -3.5614
  -3.5634
  -3.5704
  -3.5772
  -3.5840
  -3.5892
  -3.5959
  -3.5961
  -3.5989
  -3.5993
  -3.5988
  -3.5944
  -3.5900
  -3.5848
  -3.5812
  -3.5809
  -3.5756
  -3.5744
  -3.5708
  -3.5681
  -3.5645
  -3.5585
  -3.5510
  -3.5400
  -3.5266
  -3.5132
  -3.4951
  -3.4738
  -3.4527
  -3.4252
  -3.3978
  -3.3656
  -3.3343
  -3.3096
  -3.2792
  -3.2528
  -3.2232
  -3.1887
  -3.1493
  -3.1074
  -3.0613
  -3.0064
  -2.9530
  -2.8972
  -2.8398
  -2.7850
  -2.7285
  -2.6719
  -2.6145
  -2.5564
  -2.4941
  -2.4343
  -2.3680
  -2.3049
  -2.2426
  -2.1835
  -2.1260
  -2.0685
  -2.0094
  -1.9465
  -1.8788
  -1.8039
  -1.7347
  -1.6607
  -1.5893
  -1.5205
  -1.4500
  -1.3778
  -1.3116
  -1.2467
  -1.1684
  -1.0932
  -1.0277
  -0.9629
  -0.8942
  -0.8215
  -0.7489
  -0.6779
  -0.5996
  -0.5221
  -0.4446
  -0.3670
  -0.2869
  -0.2069
  -0.1310
  -0.0517
   0.0293
   0.1093
   0.1871
   0.2682
   0.3509
   0.4344
   0.5148
   0.5995
   0.6963
   0.7934
   0.8946
   0.9966
   1.1011
   1.2006
   1.3001
   1.3985
   1.4873
   1.5762
   1.6625
   1.7464
   1.8321
   1.9202
   2.0050
   2.0923
   2.1798
   2.2704
   2.3618
   2.4502
   2.5435
   2.6352
   2.7318
   2.8293
   2.9259
   3.0259
   3.1237
   3.2248
   3.3211
   3.4192
   3.5148
   3.6140
   3.7141
   3.8109
   3.9094
   4.0116
   4.1168
   4.2054
   4.2995
   4.3963
   4.4890
   4.5771
   4.6605
   4.7457
   4.8294
   4.9083
   4.9788
   5.0470
   5.1092
   5.1697
   5.2260
   5.2892
   5.3480
   5.4073
   5.4640
   5.5267
   5.5810
   5.6389
   5.6959
   5.7580
   5.8200
   5.8815
   5.9460
   6.0158
   6.0882
   6.1567
   6.2335
   6.3121
   6.3825
   6.4560
   6.5210
   6.5813
   6.6347
   6.6874
   6.7352
   6.7889
   6.8429
   6.9054
   6.9579
   7.0172
   7.0698
   7.1182
   7.1665
   7.2161
   7.2659
   7.3242
   7.3835
   7.4453
   7.4990
   7.5585
   7.6205
   7.6810
   7.7373
   7.7915
   7.8465
   7.8984
   7.9455
   7.9950
   8.0486
   8.0975
   8.1477
   8.1998
   8.2503
   8.2982
   8.3397
   8.3852
   8.4259
   8.4738
   8.5285
   8.5811
   8.6323
   8.6869
   8.7362
   8.7841
   8.8294
   8.8787
   8.9198
   8.9715
   9.0189
   9.0704
   9.1185
   9.1657
   9.2079
   9.2479
   9.2818
   9.3139
   9.3436
   9.3658
   9.3845
   9.4084
   9.4309
   9.4577
   9.4892
   9.5284
   9.5665
   9.6081
   9.6430
   9.6777
   9.7038
   9.7327
   9.7538
   9.7840
   9.8168
   9.8487
   9.8740
   9.8980
   9.9162
   9.9285
   9.9400
   9.9506
   9.9587
   9.9659
   9.9738
   9.9794
   9.9881
   9.9965
  10.0049
  10.0163
  10.0268
  10.0372
  10.0509
  10.0630
  10.0767
  10.0976
  10.1224
  10.1512
  10.1824
  10.2225
  10.2669
  10.3066
  10.3569
  10.4111
  10.4684
  10.5274
  10.5897
  10.6542
  10.7187
  10.7889
  10.8565
  10.9282
  10.9984
  11.0759
  11.1500
  11.2381
  11.3252
  11.4120
  11.4955
  11.5838
  11.6759
  11.7729
  11.8772
  11.9821
  12.0927
  12.2041
  12.3154
  12.4274
  12.5441
  12.6664
  12.7869
  12.9087
  13.0289
  13.1570
  13.2850
  13.4162
  13.5479
  13.6900
  13.8378
  13.9847
  14.1378
  14.2950
  14.4577
  14.6246
  14.7913
  14.9586
  15.1340
  15.3109
  15.4903
  15.6745
  15.8560
  16.0375
  16.2205
  16.4028
  16.5898
  16.7737
  16.9581
  17.1401
  17.3277
  17.5080
  17.6866
  17.8609
  18.0377
  18.2128
  18.3888
  18.5576
  18.7278
  18.9028
  19.0737
  19.2449
  19.4159
  19.5869
  19.7483
  19.9137
  20.0700
  20.2273
  20.3741
  20.5205
  20.6674
  20.8129
  20.9550
  21.0950
  21.2292
  21.3590
  21.4926
  21.6286
  21.7655
  21.8989
  22.0345
  22.1621
  22.2873
  22.4128
  22.5359
  22.6640
  22.7873
  22.9050
  23.0230
  23.1418
  23.2453
  23.3433
  23.4377
  23.5314
  23.6177
  23.7031
  23.7779
  23.8542
  23.9321
  24.0010
  24.0690
  24.1305
  24.1863
  24.2400
  24.3083
  24.3656
  24.4236
  24.4791
  24.5399
  24.5953
  24.6482
  24.7009
  24.7557
  24.8098
  24.8658
  24.9201
  24.9745
  25.0280
  25.0861
  25.1380
  25.1904
  25.2476
  25.3005
  25.3511
  25.4010
  25.4574
  25.5103
  25.5667
  25.6198
  25.6765
  25.7320
  25.7911
  25.8451
  25.8977
  25.9473
  25.9950
  26.0428
  26.0940
  26.1198
  26.1563
  26.2065
  26.2381
  26.2832
  26.3247
  26.3740
  26.4265
  26.4762
  26.5294
  26.5855
  26.6399
  26.6918
  26.7511
  26.8102
  26.8681
  26.9210
  26.9787
  27.0334
  27.0921
  27.1486
  27.2043
  27.2659
  27.3282
  27.3955
  27.4701
  27.5477
  27.6091
  27.6825
  27.7526
  27.8241
  27.8878
  27.9555
  28.0282
  28.0929
  28.1554
  28.2144
  28.2668
  28.3202
  28.3734
  28.4242
  28.4727
  28.5188
  28.5551
  28.5845
  28.6179
  28.6455
  28.6682
  28.6842
  28.6953
  28.7028
  28.7110
  28.7169
  28.7186
  28.7198
  28.7285
  28.7379
  28.7476
  28.7577
  28.7630
  28.7546
  28.7698
  28.7654
  28.7509
  28.7509
  28.7385
  28.7228
  28.6992
  28.6691
  28.6400
  28.6044
  28.5614
  28.5104
  28.4605
  28.4089
  28.3539
  28.3013
  28.2508
  28.1955
  28.1411
  28.0857
  28.0232
  27.9598
  27.8973
  27.8314
  27.7686
  27.6993
  27.6275
  27.5605
  27.4908
  27.4171
  27.3403
  27.2642
  27.1872
  27.1102
  27.0314
  26.9488
  26.8636
  26.7844
  26.7008
  26.6132
  26.5272
  26.4419
  26.3596
  26.2752
  26.1953
  26.1115
  26.0302
  25.9538
  25.8759
  25.7981
  25.7172
  25.6342
  25.5443
  25.4547
  25.3586
  25.2576
  25.1566
  25.0533
  24.9519
  24.8466
  24.7455
  24.6404
  24.5331
  24.4274
  24.3192
  24.2052
  24.0905
  23.9745
  23.8605
  23.7440
  23.6275
  23.5176
  23.4142
  23.3089
  23.1990
  23.0882
  22.9768
  22.8635
  22.7504
  22.6348
  22.5166
  22.3956
  22.2692
  22.1387
  22.0076
  21.8694
  21.7230
  21.5801
  21.4282
  21.2679
  21.1130
  20.9535
  20.7905
  20.6237
  20.4484
  20.2746
  20.1067
  19.9379
  19.7716
  19.6056
  19.4419
  19.2796
  19.1160
  18.9500
  18.7849
  18.6185
  18.4495
  18.2788
  18.1042
  17.9295
  17.7500
  17.5736
  17.3981
  17.2226
  17.0470
  16.8714
  16.6981
  16.5237
  16.3508
  16.1688
  15.9858
  15.8013
  15.6145
  15.4310
  15.2384
  15.0482
  14.8621
  14.6810
  14.5005
  14.3195
  14.1409
  13.9615
  13.7855
  13.6061
  13.4267
  13.2502
  13.0710
  12.8917
  12.7149
  12.5355
  12.3569
  12.1780
  12.0060
  11.8349
  11.6654
  11.4959
  11.3257
  11.1669
  11.0006
  10.8376
  10.6811
  10.5241
  10.3698
  10.2214
  10.0695
   9.9237
   9.7788
   9.6286
   9.4761
   9.3167
   9.1588
   9.0003
   8.8396
   8.6778
   8.5207
   8.3684
   8.2152
   8.0626
   7.9092
   7.7604
   7.6160
   7.4771
   7.3329
   7.1884
   7.0498
   6.9112
   6.7748
   6.6392
   6.5055
   6.3709
   6.2485
   6.1302
   6.0132
   5.9018
   5.7887
   5.6797
   5.5707
   5.4610
   5.3522
   5.2384
   5.1308
   5.0189
   4.9096
   4.7961
   4.6833
   4.5714
   4.4589
   4.3509
   4.2452
   4.1393
   4.0359
   3.9324
   3.8367
   3.7450
   3.6536
   3.5601
   3.4639
   3.3709
   3.2750
   3.1846
   3.0958
   3.0068
   2.9177
   2.8319
   2.7412
   2.6552
   2.5710
   2.4870
   2.4033
   2.3245
   2.2458
   2.1645
   2.0811
   1.9936
   1.9095
   1.8224
   1.7298
   1.6452
   1.5575
   1.4746
   1.3872
   1.2995
   1.2120
   1.1267
   1.0433
   0.9596
   0.8792
   0.7988
   0.7194
   0.6380
   0.5594
   0.4719
   0.3909
   0.3123
   0.2232
   0.1398
   0.0593
  -0.0210
  -0.0991
  -0.1805
  -0.2546
  -0.3331
  -0.4050
  -0.4818
  -0.5554
  -0.6290
  -0.7042
  -0.7755
  -0.8455
  -0.9178
  -0.9933
  -1.0640
  -1.1340
  -1.2078
  -1.2825
  -1.3524
  -1.4181
  -1.4837
  -1.5469
  -1.6051
  -1.6688
  -1.7232
  -1.7759
  -1.8828
  -1.9865
  -2.0834
  -2.1771
  -2.2610
  -2.3395
  -2.4102
  -2.4776
  -2.5340
  -2.5852
  -2.6366
  -2.6866
  -2.7386
  -2.7881
  -2.8320
  -2.8791
  -2.9198
  -2.9593
  -2.9987
  -3.0356
  -3.0716
  -3.0986
  -3.1206
  -3.1473
  -3.1742
  -3.2040
  -3.2312
  -3.2611
  -3.2948
  -3.3161
