  -2.3157
  -2.4138
  -2.5012
  -2.5929
  -2.6835
  -2.7782
  -2.8725
  -2.9661
  -3.0579
  -3.1479
  -3.2469
  -3.3390
  -3.4275
  -3.5168
  -3.6026
  -3.6948
  -3.7810
  -3.8670
  -3.9474
  -4.0293
  -4.1056
  -4.1778
  -4.2491
  -4.3182
  -4.3822
  -4.4390
  -4.4979
  -4.5541
  -4.6029
  -4.6586
  -4.7144
  -4.6502
  -4.5912
  -4.5336
  -4.4904
  -4.4568
  -4.4251
  -4.3986
  -4.3745
  -4.3720
  -4.3770
  -4.3803
  -4.3817
  -4.3908
  -4.4012
  -4.4117
  -4.4262
  -4.4397
  -4.4586
  -4.4779
  -4.5020
  -4.5302
  -4.5601
  -4.5960
  -4.6300
  -4.6600
  -4.6869
  -4.7192
  -4.7459
  -4.7707
  -4.8040
  -4.8375
  -4.8645
  -4.8957
  -4.9181
  -4.9405
  -4.9526
  -4.9692
  -4.9775
  -4.9868
  -4.9961
  -4.9969
  -5.0008
  -5.0047
  -5.0032
  -5.0032
  -5.0008
  -5.0050
  -5.0089
  -5.0134
  -5.0183
  -5.0269
  -5.0390
  -5.0557
  -5.0730
  -5.0963
  -5.1234
  -5.1544
  -5.1876
  -5.2219
  -5.2515
  -5.2843
  -5.3137
  -5.3464
  -5.3775
  -5.4038
  -5.4252
  -5.4501
  -5.4739
  -5.4974
  -5.5095
  -5.5243
  -5.5355
  -5.5499
  -5.5570
  -5.5652
  -5.5729
  -5.5819
  -5.5868
  -5.5904
  -5.5939
  -5.5907
  -5.5841
  -5.5753
  -5.5649
  -5.5515
  -5.5395
  -5.5209
  -5.5042
  -5.4889
  -5.4718
  -5.4511
  -5.4306
  -5.4114
  -5.3928
  -5.3748
  -5.3528
  -5.3360
  -5.3136
  -5.2933
  -5.2724
  -5.2466
  -5.2244
  -5.2019
  -5.1796
  -5.1571
  -5.1335
  -5.1078
  -5.0787
  -5.0500
  -5.0221
  -4.9950
  -4.9680
  -4.9404
  -4.9100
  -4.8818
  -4.8496
  -4.8162
  -4.7790
  -4.7420
  -4.7079
  -4.6740
  -4.6387
  -4.6061
  -4.5761
  -4.5546
  -4.5309
  -4.5111
  -4.4874
  -4.4643
  -4.4428
  -4.4222
  -4.3957
  -4.3691
  -4.3385
  -4.3084
  -4.2797
  -4.2537
  -4.2270
  -4.1992
  -4.1735
  -4.1403
  -4.1097
  -4.0792
  -4.0507
  -4.0213
  -3.9892
  -3.9570
  -3.9326
  -3.9030
  -3.8811
  -3.8536
  -3.8315
  -3.8090
  -3.7904
  -3.7711
  -3.7552
  -3.7440
  -3.7351
  -3.7286
  -3.7260
  -3.7264
  -3.7260
  -3.7259
  -3.7233
  -3.7235
  -3.7174
  -3.7127
  -3.7049
  -3.6982
  -3.6912
  -3.6875
  -3.6860
  -3.6826
  -3.6794
  -3.6772
  -3.6772
  -3.6753
  -3.6797
  -3.6913
  -3.7036
  -3.7051
  -3.7113
  -3.7179
  -3.7230
  -3.7230
  -3.7193
  -3.7138
  -3.7042
  -3.6940
  -3.6797
  -3.6637
  -3.6493
  -3.6367
  -3.6280
  -3.6148
  -3.6041
  -3.5895
  -3.5752
  -3.5583
  -3.5462
  -3.5347
  -3.5304
  -3.5227
  -3.5174
  -3.5190
  -3.5238
  -3.5385
  -3.5518
  -3.5610
  -3.5652
  -3.5710
  -3.5783
  -3.5807
  -3.5809
  -3.5796
  -3.5794
  -3.5722
  -3.5610
  -3.5464
  -3.5281
  -3.5078
  -3.4886
  -3.4757
  -3.4616
  -3.4512
  -3.4423
  -3.4430
  -3.4389
  -3.4355
  -3.4340
  -3.4355
  -3.4349
  -3.4296
  -3.4268
  -3.4265
  -3.4272
  -3.4283
  -3.4354
  -3.4387
  -3.4361
  -3.4363
  -3.4536
  -3.4725
  -3.4944
  -3.5222
  -3.5542
  -3.5868
  -3.6240
  -3.6674
  -3.7145
  -3.7722
  -3.8356
  -3.9004
  -3.9696
  -4.0412
  -4.1214
  -4.2024
  -4.2872
  -4.3709
  -4.4570
  -4.5420
  -4.6289
  -4.7196
  -4.8168
  -4.9081
  -4.9944
  -5.0778
  -5.1539
  -5.2331
  -5.3155
  -5.4001
  -5.4746
  -5.5449
  -5.6146
  -5.6827
  -5.7500
  -5.8126
  -5.8803
  -5.9514
  -6.0212
  -6.0893
  -6.1609
  -6.2287
  -6.2913
  -6.3542
  -6.4184
  -6.4828
  -6.5445
  -6.6074
  -6.6680
  -6.7299
  -6.7896
  -6.8520
  -6.9128
  -6.9714
  -7.0282
  -7.0816
  -7.1322
  -7.1811
  -7.2242
  -7.2629
  -7.2977
  -7.3229
  -7.3450
  -7.3620
  -7.3766
  -7.3900
  -7.4062
  -7.4195
  -7.4348
  -7.4472
  -7.4560
  -7.4626
  -7.4641
  -7.4604
  -7.4526
  -7.4472
  -7.4369
  -7.4255
  -7.4109
  -7.3938
  -7.3793
  -7.3627
  -7.3455
  -7.3281
  -7.3169
  -7.3068
  -7.2982
  -7.2913
  -7.2858
  -7.2807
  -7.2792
  -7.2838
  -7.2956
  -7.3138
  -7.3361
  -7.3566
  -7.3792
  -7.4052
  -7.4293
  -7.4539
  -7.4799
  -7.5043
  -7.5295
  -7.5545
  -7.5759
  -7.5946
  -7.6113
  -7.6268
  -7.6440
  -7.6670
  -7.6833
  -7.6965
  -7.7109
  -7.7276
  -7.7455
  -7.7627
  -7.7811
  -7.7999
  -7.8179
  -7.8378
  -7.8605
  -7.8837
  -7.9087
  -7.9310
  -7.9456
  -7.9567
  -7.9568
  -7.9533
  -7.9453
  -7.9334
  -7.9187
  -7.9023
  -7.8825
  -7.8633
  -7.8422
  -7.8209
  -7.7933
  -7.7555
  -7.7114
  -7.6665
  -7.6175
  -7.5618
  -7.5017
  -7.4392
  -7.3712
  -7.2998
  -7.2262
  -7.1522
  -7.0769
  -6.9993
  -6.9222
  -6.8440
  -6.7623
  -6.6788
  -6.5930
  -6.5091
  -6.4258
  -6.3444
  -6.2652
  -6.1847
  -6.1082
  -6.0331
  -5.9593
  -5.8820
  -5.8129
  -5.7407
  -5.6675
  -5.5965
  -5.5243
  -5.4559
  -5.3862
  -5.3205
  -5.2574
  -5.1932
  -5.1304
  -5.0673
  -5.0069
  -4.9450
  -4.8880
  -4.8332
  -4.7808
  -4.7303
  -4.6809
  -4.6310
  -4.5800
  -4.5360
  -4.4935
  -4.4627
  -4.4331
  -4.4066
  -4.3806
  -4.3548
  -4.3312
  -4.3070
  -4.2816
  -4.2511
  -4.2154
  -4.1740
  -4.1395
  -4.1062
  -4.0681
  -4.0344
  -3.9991
  -3.9648
  -3.9218
  -3.8824
  -3.8447
  -3.8060
  -3.7639
  -3.7251
  -3.6898
  -3.6560
  -3.6236
  -3.5947
  -3.5651
  -3.5354
  -3.5044
  -3.4767
  -3.4472
  -3.4173
  -3.3873
  -3.3570
  -3.3254
  -3.2892
  -3.2590
  -3.2199
  -3.1830
  -3.1470
  -3.1091
  -3.0755
  -3.0416
  -3.0127
  -2.9844
  -2.9586
  -2.9328
  -2.9055
  -2.8844
  -2.8610
  -2.8408
  -2.8189
  -2.7964
  -2.7726
  -2.7495
  -2.7212
  -2.6919
  -2.6625
  -2.6379
  -2.6129
  -2.5859
  -2.5596
  -2.5352
  -2.5100
  -2.4869
  -2.4630
  -2.4422
  -2.4227
  -2.4099
  -2.4009
  -2.4020
  -2.4040
  -2.4072
  -2.4166
  -2.4216
  -2.4298
  -2.4413
  -2.4589
  -2.4743
  -2.4900
  -2.5100
  -2.5344
  -2.5549
  -2.5757
  -2.5946
  -2.6152
  -2.6320
  -2.6492
  -2.6640
  -2.6779
  -2.6876
  -2.6971
  -2.7031
  -2.7108
  -2.7158
  -2.7231
  -2.7335
  -2.7418
  -2.7515
  -2.7619
  -2.7766
  -2.7921
  -2.8057
  -2.8173
  -2.8238
  -2.8268
  -2.8245
  -2.8231
  -2.8205
  -2.8102
  -2.8002
  -2.7853
  -2.7645
  -2.7425
  -2.7239
  -2.7028
  -2.6869
  -2.6743
  -2.6671
  -2.6583
  -2.6494
  -2.6399
  -2.6299
  -2.6185
  -2.6071
  -2.5967
  -2.5861
  -2.5753
  -2.5643
  -2.5516
  -2.5399
  -2.5251
  -2.5129
  -2.5042
  -2.4992
  -2.4947
  -2.4949
  -2.4934
  -2.4902
  -2.4908
  -2.4939
  -2.4942
  -2.4927
  -2.4930
  -2.4899
  -2.4872
  -2.4816
  -2.4739
  -2.4660
  -2.4592
  -2.4507
  -2.4420
  -2.4364
  -2.4326
  -2.4310
  -2.4290
  -2.4262
  -2.4238
  -2.4196
  -2.4140
  -2.4122
  -2.4049
  -2.3939
  -2.3850
  -2.3730
  -2.3595
  -2.3450
  -2.3314
  -2.3169
  -2.3026
  -2.2923
  -2.2839
  -2.2763
  -2.2713
  -2.2648
  -2.2536
  -2.2437
  -2.2323
  -2.2195
  -2.2030
  -2.1862
  -2.1731
  -2.1606
  -2.1493
  -2.1404
  -2.1316
  -2.1240
  -2.1163
  -2.1065
  -2.0959
  -2.0818
  -2.0644
  -2.0437
  -2.0231
  -2.0032
  -1.9838
  -1.9698
  -1.9558
  -1.9396
  -1.9293
  -1.9162
  -1.8993
  -1.8828
  -1.8656
  -1.8463
  -1.8292
  -1.8123
  -1.7983
  -1.7880
  -1.7760
  -1.7667
  -1.7562
  -1.7458
  -1.7348
  -1.7220
  -1.7050
  -1.6910
  -1.6762
  -1.6612
  -1.6438
  -1.6288
  -1.6123
  -1.5963
  -1.5825
  -1.5637
  -1.5485
  -1.5337
  -1.5191
  -1.5032
  -1.4865
  -1.4682
  -1.4443
  -1.4174
  -1.3927
  -1.3666
  -1.3406
  -1.3181
  -1.2935
  -1.2712
  -1.2463
  -1.2240
  -1.2070
  -1.1872
  -1.1709
  -1.1524
  -1.1290
  -1.0996
  -1.0672
  -1.0289
  -0.9867
  -0.9440
  -0.8992
  -0.8540
  -0.8119
  -0.7681
  -0.7232
  -0.6781
  -0.6338
  -0.5837
  -0.5355
  -0.4842
  -0.4339
  -0.3827
  -0.3336
  -0.2839
  -0.2353
  -0.1863
  -0.1383
  -0.0888
  -0.0359
   0.0117
   0.0621
   0.1059
   0.1467
   0.1914
   0.2355
   0.2709
   0.3105
   0.3542
   0.3981
   0.4356
   0.4751
   0.5146
   0.5555
   0.5951
   0.6320
   0.6768
   0.7213
   0.7647
   0.8116
   0.8603
   0.9079
   0.9531
   1.0016
   1.0540
   1.1038
   1.1541
   1.2088
   1.2662
   1.3239
   1.3817
   1.4476
   1.5219
   1.6019
   1.6865
   1.7725
   1.8604
   1.9411
   2.0229
   2.0999
   2.1693
   2.2411
   2.3086
   2.3754
   2.4473
   2.5188
   2.5881
   2.6605
   2.7364
   2.8132
   2.8913
   2.9697
   3.0530
   3.1369
   3.2257
   3.3148
   3.4047
   3.4980
   3.5940
   3.6944
   3.7922
   3.8950
   3.9960
   4.1048
   4.2162
   4.3254
   4.4375
   4.5597
   4.6805
   4.7974
   4.9160
   5.0410
   5.1614
   5.2849
   5.4070
   5.5329
   5.6619
   5.7871
   5.9017
   6.0157
   6.1187
   6.2189
   6.3133
   6.4201
   6.5186
   6.6242
   6.7266
   6.8389
   6.9406
   7.0503
   7.1585
   7.2728
   7.3883
   7.5070
   7.6244
   7.7536
   7.8893
   8.0226
   8.1687
   8.3187
   8.4583
   8.6011
   8.7289
   8.8529
   8.9646
   9.0795
   9.1872
   9.3058
   9.4291
   9.5662
   9.6913
   9.8264
   9.9537
  10.0730
  10.1923
  10.3198
  10.4520
  10.5971
  10.7469
  10.8998
  11.0480
  11.2013
  11.3566
  11.5136
  11.6671
  11.8223
  11.9776
  12.1332
  12.2873
  12.4422
  12.5994
  12.7563
  12.9092
  13.0671
  13.2235
  13.3768
  13.5247
  13.6750
  13.8204
  13.9788
  14.1421
  14.3082
  14.4774
  14.6520
  14.8160
  14.9807
  15.1400
  15.3040
  15.4564
  15.6200
  15.7743
  15.9345
  16.0879
  16.2388
  16.3837
  16.5301
  16.6644
  16.7937
  16.9199
  17.0371
  17.1463
  17.2674
  17.3892
  17.5191
  17.6516
  17.7967
  17.9358
  18.0816
  18.2186
  18.3509
  18.4682
  18.5920
  18.7032
  18.8229
  18.9479
  19.0727
  19.1863
  19.2928
  19.3906
  19.4798
  19.5677
  19.6530
  19.7353
  19.8161
  19.8961
  19.9743
  20.0522
  20.1267
  20.1988
  20.2696
  20.3391
  20.4073
  20.4765
  20.5476
  20.6180
  20.6918
  20.7668
  20.8452
  20.9232
  21.0085
  21.0946
  21.1742
  21.2615
  21.3500
  21.4394
  21.5294
  21.6250
  21.7178
  21.8095
  21.9074
  22.0001
  22.0973
  22.1953
  22.2989
  22.3969
  22.5095
  22.6183
  22.7236
  22.8234
  22.9258
  23.0282
  23.1343
  23.2473
  23.3571
  23.4719
  23.5870
  23.7009
  23.8140
  23.9273
  24.0434
  24.1556
  24.2648
  24.3712
  24.4823
  24.5921
  24.7018
  24.8083
  24.9213
  25.0395
  25.1552
  25.2727
  25.3926
  25.5154
  25.6428
  25.7667
  25.8897
  26.0174
  26.1456
  26.2757
  26.4095
  26.5368
  26.6653
  26.7919
  26.9195
  27.0484
  27.1776
  27.3023
  27.4252
  27.5521
  27.6721
  27.7916
  27.9030
  28.0174
  28.1301
  28.2431
  28.3528
  28.4606
  28.5722
  28.6791
  28.7906
  28.8986
  29.0089
  29.1118
  29.2181
  29.3137
  29.4118
  29.4930
  29.5776
  29.6588
  29.7408
  29.8206
  29.9009
  29.9771
  30.0429
  30.1086
  30.1751
  30.2442
  30.3064
  30.3681
  30.4240
  30.4803
  30.5402
  30.5992
  30.6655
  30.7280
  30.7878
  30.8510
  30.9156
  30.9699
  31.0225
  31.0659
  31.1115
  31.1490
  31.1852
  31.2102
  31.2356
  31.2615
  31.2800
  31.2961
  31.3066
  31.3109
  31.3203
  31.3306
  31.3365
  31.3403
  31.3422
  31.3423
  31.3430
  31.3394
  31.3347
  31.3312
  31.3235
  31.3209
  31.3179
  31.3148
  31.3102
  31.3060
  31.2998
  31.2904
  31.2858
  31.2731
  31.2596
  31.2483
  31.2423
  31.2296
  31.2236
  31.2132
  31.2119
  31.2056
  31.2061
  31.2005
  31.1945
  31.1807
  31.1710
  31.1635
  31.1616
  31.1474
  31.1331
  31.1275
  31.1208
  31.1205
  31.1122
  31.1062
  31.1012
  31.0897
  31.0849
  31.0787
  31.0685
  31.0564
  31.0512
  31.0435
  31.0401
  31.0318
  31.0260
  31.0205
  31.0197
  31.0192
  31.0197
  31.0266
  31.0348
  31.0479
  31.0678
  31.0863
  31.1034
  31.1275
  31.1494
  31.1696
  31.1873
  31.2073
  31.2347
  31.2561
  31.2741
  31.2904
  31.3001
  31.3135
  31.3246
  31.3338
  31.3435
  31.3512
  31.3515
  31.3485
  31.3502
  31.3456
  31.3360
  31.3175
  31.2941
  31.2627
  31.2315
  31.1997
  31.1620
  31.1276
  31.1035
  31.0795
  31.0580
  31.0331
  31.0033
  30.9637
  30.9347
  30.8974
  30.8594
  30.8200
  30.7780
  30.7339
  30.6840
  30.6309
  30.5805
  30.5246
  30.4608
  30.3923
  30.3287
  30.2612
  30.1903
  30.1202
  30.0587
  29.9947
  29.9320
  29.8656
  29.7959
  29.7249
  29.6541
  29.5800
  29.5068
  29.4270
  29.3454
  29.2652
  29.1819
  29.0939
  29.0061
  28.9175
  28.8262
  28.7350
  28.6409
  28.5456
  28.4473
  28.3577
  28.2598
  28.1596
  28.0611
  27.9604
  27.8607
  27.7625
  27.6635
  27.5632
  27.4671
  27.3737
  27.2821
  27.1917
  27.1016
  27.0119
  26.9133
  26.8182
  26.7177
  26.6111
  26.5058
  26.3996
  26.2987
  26.1967
  26.1005
  26.0020
  25.9039
  25.8063
  25.7069
  25.6011
  25.4951
  25.3921
  25.2966
  25.1993
  25.0997
  25.0089
  24.9224
  24.8318
  24.7399
  24.6466
  24.5554
  24.4591
  24.3639
  24.2669
  24.1749
  24.0764
  23.9762
  23.8726
  23.7699
  23.6640
  23.5498
  23.4426
  23.3257
  23.2064
  23.0899
  22.9720
  22.8485
  22.7251
  22.5979
  22.4724
  22.3532
  22.2327
  22.1152
  22.0013
  21.8869
  21.7718
  21.6598
  21.5459
  21.4335
  21.3230
  21.2084
  21.0910
  20.9724
  20.8526
  20.7280
  20.6054
  20.4832
  20.3621
  20.2387
  20.1153
  19.9915
  19.8639
  19.7357
  19.5967
  19.4539
  19.3119
  19.1692
  19.0287
  18.8785
  18.7302
  18.5855
  18.4469
  18.3062
  18.1573
  18.0115
  17.8642
  17.7215
  17.5743
  17.4259
  17.2773
  17.1313
  16.9842
  16.8402
  16.6919
  16.5438
  16.3923
  16.2497
  16.1005
  15.9517
  15.8041
  15.6563
  15.5188
  15.3722
  15.2299
  15.0930
  14.9595
  14.8222
  14.6923
  14.5568
  14.4208
  14.2862
  14.1420
  13.9983
  13.8433
  13.6887
  13.5351
  13.3820
  13.2250
  13.0707
  12.9189
  12.7657
  12.6115
  12.4559
  12.3017
  12.1534
  12.0101
  11.8653
  11.7181
  11.5785
  11.4377
  11.2964
  11.1564
  11.0206
  10.8832
  10.7564
  10.6343
  10.5103
  10.3891
  10.2649
  10.1468
  10.0262
   9.9089
   9.7919
   9.6700
   9.5590
   9.4422
   9.3285
   9.2102
   9.0920
   8.9752
   8.8594
   8.7439
   8.6289
   8.5105
   8.3951
   8.2785
   8.1653
   8.0545
   7.9495
   7.8451
   7.7353
   7.6276
   7.5213
   7.4189
   7.3171
   7.2117
   7.1063
   7.0041
   6.8971
   6.7925
   6.6920
   6.5938
   6.4992
   6.4095
   6.3210
   6.2295
   6.1384
   6.0451
   5.9550
   5.8663
   5.7737
   5.6870
   5.5994
   5.5166
   5.4325
   5.3449
   5.2608
   5.1750
   5.0944
   5.0090
   4.9293
   4.8484
   4.7702
   4.6866
   4.6098
   4.5256
   4.4469
   4.3700
   4.2843
   4.2037
   4.1216
   4.0431
   3.9628
   3.8793
   3.8026
   3.7176
   3.6392
   3.5571
   3.4770
   3.3969
   3.3152
   3.2358
   3.1544
   3.0712
   2.9871
   2.9055
   2.8242
   2.7417
   2.6579
   2.5765
   2.4930
   2.4094
   2.3288
   2.2451
   2.1574
   2.0736
   1.9915
   1.7805
   1.5798
   1.3892
   1.2089
   1.0372
   0.8671
   0.7085
   0.5532
   0.4128
   0.2797
   0.1431
   0.0057
  -0.1300
  -0.2637
  -0.3935
  -0.5254
  -0.6531
  -0.7769
  -0.8995
  -1.0202
  -1.1395
  -1.2492
  -1.3551
  -1.4647
  -1.5754
  -1.6859
  -1.7922
  -1.8968
  -2.0107
  -2.1117
