 989.4075
1020.0006
1050.5248
1080.9834
1111.3763
1141.7039
1171.9657
1202.1620
1232.2762
1262.3251
1292.3082
1322.2257
1352.0778
1381.8641
1411.5686
1441.2075
1470.7808
1500.2886
1529.7307
1559.1072
1588.4019
1617.6309
1646.7943
1675.8922
1704.9244
1733.8911
1762.7792
1791.5984
1820.3519
1849.0399
1877.6624
1873.4984
1869.3379
1865.1740
1861.0100
1856.8461
1852.6821
1848.5182
1844.3575
1840.1936
1836.0297
1831.8657
1827.7018
1823.5378
1819.3904
1815.2264
1811.0625
1806.8986
1802.7346
1798.5707
1794.4231
1790.2626
1786.0986
1781.9347
1777.7708
1773.6068
1769.4592
1765.2987
1761.1348
1756.9708
1752.8069
1748.6429
1744.4921
1740.3314
1736.1675
1732.0035
1727.8397
1723.6758
1719.5118
1715.3512
1711.1873
1707.0233
1702.8594
1698.6954
1694.5315
1690.3710
1686.2103
1682.0464
1677.8824
1673.7185
1669.5546
1665.4071
1661.2465
1657.0825
1652.9186
1648.7546
1644.5907
1640.4398
1636.2793
1632.1154
1627.9514
1623.7875
1619.6235
1615.4727
1611.3120
1607.1482
1602.9843
1598.8203
1594.6564
1590.5055
1586.3448
1582.1843
1578.0204
1573.8564
1569.6925
1565.5286
1561.3679
1557.2074
1553.0435
1548.8795
1544.7156
1540.5516
1536.3877
1532.2272
1528.0632
1523.8993
1519.7354
1515.5714
1511.4205
1507.2599
1503.0959
1498.9320
1494.7681
1490.6042
1486.4534
1482.2927
1478.1322
1473.9683
1469.8043
1465.6404
1461.4895
1457.3289
1453.1683
1449.0044
1444.8405
1440.6765
1436.5256
1432.3617
1428.2012
1424.0372
1419.8733
1415.7094
1411.5454
1407.3815
1403.2208
1399.0570
1394.8931
1390.7291
1386.5652
1382.4012
1378.2406
1374.0801
1369.9161
1365.7522
1361.5883
1357.4374
1353.2769
1349.1162
1344.9523
1340.7883
1336.6244
1332.4735
1328.3096
1324.1490
1319.9851
1315.8212
1311.6572
1307.5063
1303.3424
1299.1819
1295.0179
1290.8540
1286.6901
1282.5392
1278.3752
1274.2147
1270.0541
1265.8901
1261.7262
1257.5623
1253.3984
1249.2378
1245.0773
1240.9133
1236.7494
1232.5854
1228.4215
1224.2576
1220.0970
1215.9331
1211.7692
1207.6052
1203.4543
1199.2904
1195.1299
1190.9659
1186.8020
1182.6381
1178.4872
1174.3232
1170.1627
1166.0021
1161.8381
1157.6742
1153.5233
1149.3594
1145.1989
1141.0383
1136.8744
1132.7104
1128.5596
1124.3956
1120.2317
1116.0712
1111.9072
1107.7433
1103.5793
1099.4154
1095.2515
1091.0909
1086.9270
1082.7631
1078.5991
1074.4352
1070.2712
1066.1107
1061.9502
1057.7863
1053.6223
1049.4714
1045.3075
1041.1470
1036.9863
1032.8224
1028.6584
1024.5076
1020.3437
1016.1797
1012.0192
1007.8552
1003.6913
 999.5404
 995.3765
 991.2126
 987.0520
 982.8881
 978.7242
 974.5732
 970.4093
 966.2454
 962.0848
 957.9209
 953.7570
 949.5931
 945.4291
 941.2652
 937.1047
 932.9441
 928.7802
 924.6162
 920.4523
 916.2884
 912.1245
 907.9639
 903.8000
 899.6360
 895.4852
 891.3212
 887.1573
 882.9968
 878.8328
 874.6689
 870.5180
 866.3541
 862.1901
 858.0296
 853.8657
 849.7017
 845.5508
 841.3869
 837.2230
 833.0624
 828.9019
 824.7380
 820.5870
 816.4231
 812.2592
 808.0953
 803.9348
 799.7708
 795.6069
 791.4429
 787.2790
 783.1151
 778.9546
 774.7906
 770.6267
 766.4628
 762.2988
 758.1349
 753.9744
 749.8105
 745.6465
 741.4956
 737.3317
 733.1678
 729.0072
 724.8467
 720.6827
 716.5318
 712.3679
 708.2040
 704.0435
 699.8829
 695.7190
 691.5681
 687.4041
 683.2402
 679.0763
 674.9158
 670.7518
 666.6009
 662.4370
 658.2731
 654.1091
 649.9486
 645.7847
 641.6207
 637.4568
 633.2929
 629.1290
 624.9684
 620.8079
 616.6440
 612.4800
 608.3162
 604.1522
 599.9917
 595.8312
 591.6672
 587.5163
 583.3524
 579.1885
 575.0245
 570.8640
 566.7001
 562.5491
 558.3852
 554.2213
 550.0574
 545.8969
 541.7329
 537.5820
 533.4181
 529.2542
 525.0902
 520.9297
 516.7692
 512.6182
 508.4543
 504.2904
 500.1265
 495.9659
 491.8054
 487.6415
 483.4776
 479.3137
 475.1497
 470.9858
 466.8253
 462.6613
 458.4974
 454.3335
 450.1696
 446.0057
 441.8452
 437.6812
 433.5303
 429.3664
 425.2025
 421.0385
 416.8780
 412.7175
 408.5665
 404.4026
 400.2387
 396.0748
 391.9143
 387.7538
 383.6028
 379.4389
 375.2750
 371.1111
 366.9471
 362.7866
 358.6357
 354.4717
 350.3078
 346.1439
 341.9800
 337.8195
 333.6555
 329.4916
 325.3277
 321.1638
 316.9998
 312.8393
 308.6788
 304.5149
 300.3510
 296.1871
 292.0231
 287.8626
 283.7021
 279.5512
 275.3872
 271.2233
 267.0594
 262.8955
 258.7350
 254.5840
 250.4201
 246.2562
 242.0923
 237.9283
 233.7678
 229.6169
 225.4530
 221.2890
 217.1251
 212.9612
 208.8007
 204.6532
 200.4893
 196.3253
 192.1614
 187.9975
 183.8370
 179.6765
 175.5126
 171.3486
 167.1847
 163.0208
 158.8569
 154.6964
 150.5325
 146.3685
 142.2046
 138.0407
 133.8768
 129.7163
 125.6214
 121.5920
 117.6283
 113.7301
 109.8974
 106.1338
 102.4487
  98.8292
  95.2753
  91.7869
  88.3642
  85.0104
  81.7351
  78.5255
  75.3814
  72.3029
  69.2899
  66.3425
  63.4771
  60.6773
  57.9431
  55.2744
  52.6713
  50.1337
  47.6652
  45.2752
  42.9508
  40.6919
  38.4987
  36.3710
  34.3123
  32.3321
  30.4175
  28.5685
  26.7851
  25.0672
  23.4184
  21.8481
  20.3433
  18.9076
  17.5374
  16.2329
  14.9939
  13.8368
  12.7454
  11.7195
  10.7592
   9.8644
   9.0352
   8.2880
   7.6064
   6.9904
   6.4399
   5.9550
   5.5357
   5.1983
   4.9265
   4.7203
   4.5797
   4.5046
   4.4951
   4.4986
   4.5021
   4.5055
   4.5090
   4.5125
   4.5160
   4.5194
   4.5229
   4.5264
   4.5299
   4.5334
   4.5368
   4.5403
   4.5438
   4.5473
   4.5507
   4.5542
   4.5611
   4.5681
   4.5750
   4.5819
   4.5889
   4.5958
   4.6027
   4.6097
   4.6166
   4.6235
   4.6305
   4.6374
   4.6443
   4.6513
   4.6582
   4.6651
   4.6721
   4.6790
   4.6859
   4.6929
   4.6998
   4.7067
   4.7102
   4.7137
   4.7172
   4.7207
   4.7242
   4.7277
   4.7312
   4.7347
   4.7382
   4.7417
   4.7452
   4.7487
   4.7522
   4.7558
   4.7593
   4.7628
   4.7663
   4.7698
   4.7767
   4.7837
   4.7906
   4.7976
   4.8046
   4.8115
   4.8185
   4.8255
   4.8324
   4.8394
   4.8464
   4.8533
   4.8603
   4.8673
   4.8742
   4.8812
   4.8882
   4.8952
   4.9021
   4.9091
   4.9161
   4.9196
   4.9231
   4.9266
   4.9302
   4.9337
   4.9372
   4.9407
   4.9443
   4.9478
   4.9513
   4.9548
   4.9584
   4.9619
   4.9654
   4.9689
   4.9725
   4.9760
   4.9795
   4.9865
   4.9935
   5.0005
   5.0075
   5.0145
   5.0215
   5.0285
   5.0355
   5.0425
   5.0495
   5.0565
   5.0635
   5.0705
   5.0775
   5.0845
   5.0915
   5.0985
   5.1055
   5.1125
   5.1195
   5.1265
   5.1335
   5.1371
   5.1406
   5.1442
   5.1477
   5.1513
   5.1548
   5.1584
   5.1619
   5.1655
   5.1690
   5.1726
   5.1761
   5.1797
   5.1832
   5.1868
   5.1903
   5.1939
   5.2009
   5.2079
   5.2150
   5.2220
   5.2290
   5.2361
   5.2431
   5.2501
   5.2572
   5.2642
   5.2712
   5.2783
   5.2853
   5.2923
   5.2994
   5.3064
   5.3134
   5.3205
   5.3275
   5.3346
   5.3416
   5.3486
   5.3522
   5.3558
   5.3594
   5.3629
   5.3665
   5.3701
   5.3736
   5.3772
   5.3808
   5.3844
   5.3879
   5.3915
   5.3951
   5.3987
   5.4022
   5.4058
   5.4094
   5.4130
   5.4200
   5.4271
   5.4342
   5.4412
   5.4483
   5.4554
   5.4624
   5.4695
   5.4766
   5.4836
   5.4907
   5.4978
   5.5048
   5.5119
   5.5190
   5.5260
   5.5331
   5.5402
   5.5473
   5.5543
   5.5614
   5.5650
   5.5686
   5.5722
   5.5758
   5.5794
   5.5830
   5.5866
   5.5902
   5.5938
   5.5974
   5.6010
   5.6046
   5.6082
   5.6118
   5.6154
   5.6190
   5.6226
   5.6262
   5.6333
   5.6404
   5.6475
   5.6546
   5.6617
   5.6688
   5.6759
   5.6830
   5.6901
   5.6972
   5.7043
   5.7114
   5.7185
   5.7256
   5.7327
   5.7398
   5.7469
   5.7540
   5.7611
   5.7682
   5.7753
   5.7824
   5.7860
   5.7897
   5.7933
   5.7969
   5.8005
   5.8042
   5.8078
   5.8114
   5.8150
   5.8186
   5.8223
   5.8259
   5.8295
   5.8331
   5.8368
   5.8404
   5.8440
   5.8476
   5.8548
   5.8619
   5.8690
   5.8762
   5.8833
   5.8904
   5.8976
   5.9047
   5.9118
   5.9190
   5.9261
   5.9332
   5.9404
   5.9475
   5.9547
   5.9618
   5.9689
   5.9761
   5.9832
   5.9904
   5.9975
   6.0011
   6.0048
   6.0084
   6.0121
   6.0157
   6.0194
   6.0230
   6.0267
   6.0303
   6.0340
   6.0376
   6.0412
   6.0449
   6.0485
   6.0522
   6.0558
   6.0595
   6.0631
   6.0703
   6.0775
   6.0846
   6.0918
   6.0990
   6.1061
   6.1133
   6.1205
   6.1276
   6.1348
   6.1420
   6.1491
   6.1563
   6.1635
   6.1707
   6.1778
   6.1850
   6.1922
   6.1994
   6.2065
   6.2137
   6.2209
   6.2245
   6.2282
   6.2319
   6.2356
   6.2392
   6.2429
   6.2466
   6.2502
   6.2539
   6.2576
   6.2613
   6.2649
   6.2686
   6.2723
   6.2759
   6.2796
   6.2833
   6.2905
   6.2977
   6.3049
   6.3121
   6.3193
   6.3265
   6.3337
   6.3409
   6.3481
   6.3553
   6.3625
   6.3697
   6.3769
   6.3841
   6.3913
   6.3985
   6.4057
   6.4129
   6.4201
   6.4274
   6.4346
   6.4418
   6.4455
   6.4492
   6.4529
   6.4565
   6.4602
   6.4639
   6.4676
   6.4713
   6.4750
   6.4787
   6.4824
   6.4861
   6.4898
   6.4935
   6.4972
   6.5009
   6.5046
   6.5083
   6.5155
   6.5228
   6.5300
   6.5372
   6.5445
   6.5517
   6.5589
   6.5662
   6.5734
   6.5806
   6.5879
   6.5951
   6.6024
   6.6096
   6.6168
   6.6241
   6.6313
   6.6386
   6.6458
   6.6530
   6.6603
   6.6640
   6.6677
   6.6714
   6.6752
   6.6789
   6.6826
   6.6863
   6.6900
   6.6937
   6.6975
   6.7012
   6.7049
   6.7086
   6.7124
   6.7161
   6.7198
   6.7235
   6.7272
   6.7345
   6.7418
   6.7490
   6.7563
   6.7636
   6.7708
   6.7781
   6.7889
   6.7997
   6.8106
   6.8214
   6.8322
   6.8430
   6.8538
   6.8647
   6.8755
   6.8863
   6.8971
   6.9080
   6.9188
   6.9296
   6.9404
   6.9477
   6.9550
   6.9623
   6.9696
   6.9769
   6.9842
   6.9915
   6.9988
   7.0061
   7.0134
   7.0207
   7.0280
   7.0353
   7.0426
   7.0499
   7.0572
   7.0645
   7.0718
   7.0791
   7.0864
   7.0937
   7.1010
   7.1083
   7.1156
   7.1229
   7.1302
   7.1375
   7.1448
   7.1521
   7.1594
   7.1667
   7.1740
   7.1813
   7.1886
   7.1959
   7.2033
   7.2106
   7.2179
   7.2252
   7.2289
   7.2327
   7.2365
   7.2402
   7.2440
   7.2478
   7.2516
   7.2518
   7.2520
   7.2522
   7.2524
   7.2527
   7.2529
   7.2531
   7.2533
   7.2535
   7.2538
   7.2540
   7.2542
   7.2544
   7.2547
   7.2549
   7.2551
   7.2553
   7.2555
   7.2558
   7.2560
   7.2562
   7.2564
   7.2566
   7.2569
   7.2571
   7.2573
   7.2575
   7.2578
   7.2580
   7.2582
   7.2584
   7.2586
   7.2589
   7.2591
   7.2593
   7.2595
   7.2598
   7.2600
   7.2602
   7.2604
   7.2606
   7.2609
   7.2611
   7.2613
   7.2615
   7.2617
   7.2620
   7.2622
   7.2624
   7.2626
   7.2629
   7.2631
   7.2633
   7.2635
   7.2637
   7.2640
   7.2642
   7.2644
   7.2646
   7.2648
   7.2651
   7.2653
   7.2655
   7.2657
   7.2660
   7.2662
   7.2664
   7.2666
   7.2668
   7.2671
   7.2673
   7.2675
   7.2677
   7.2680
   7.2682
   7.2684
   7.2686
   7.2688
   7.2691
   7.2693
   7.2695
   7.2697
   7.2699
   7.2702
   7.2704
   7.2706
   7.2708
   7.2711
   7.2713
   7.2715
   7.2717
   7.2719
   7.2722
   7.2724
   7.2726
   7.2728
   7.2730
   7.2733
   7.2735
   7.2737
   7.2739
   7.2742
   7.2744
   7.2746
   7.2748
   7.2750
   7.2753
   7.2755
   7.2757
   7.2759
   7.2762
   7.2764
   7.2766
   7.2768
   7.2770
   7.2773
   7.2775
   7.2777
   7.2779
   7.2781
   7.2784
   7.2786
   7.2788
   7.2790
   7.2793
   7.2795
   7.2797
   7.2799
   7.2801
   7.2804
   7.2806
   7.2808
   7.2810
   7.2812
   7.2815
   7.2817
   7.2819
   7.2821
   7.2824
   7.2826
   7.2828
   7.2830
   7.2832
   7.2835
   7.2837
   7.2839
   7.2841
   7.2844
   7.2846
   7.2848
   7.2850
   7.2852
   7.2855
   7.2857
   7.2859
   7.2861
   7.2863
   7.2866
   7.2868
   7.2870
   7.2872
   7.2875
   7.2877
   7.2879
   7.2881
   7.2883
   7.2886
   7.2888
   7.2890
   7.2892
   7.2895
   7.2897
   7.2899
   7.2901
   7.2903
   7.2906
   7.2908
   7.2910
   7.2912
   7.2914
   7.2917
   7.2919
   7.2921
   7.2923
   7.2926
   7.2928
   7.2930
   7.2932
   7.2934
   7.2937
   7.2939
   7.2941
   7.2943
   7.2945
   7.2948
   7.2950
   7.2952
   7.2954
   7.2957
   7.2959
   7.2961
   7.2963
   7.2965
   7.2968
   7.2970
   7.2972
   7.2974
   7.2977
   7.2979
   7.2981
   7.2983
   7.2985
   7.2988
   7.2990
   7.2992
   7.2994
   7.2996
   7.2999
   7.3001
   7.3003
   7.3005
   7.3008
   7.3010
   7.3012
   7.3014
   7.3016
   7.3019
   7.3021
   7.3023
   7.3025
   7.3027
   7.3030
   7.3032
   7.3034
   7.3036
   7.3039
   7.3041
   7.3043
   7.3045
   7.3047
   7.3050
   7.3052
   7.3054
   7.3056
   7.3059
   7.3061
   7.3063
   7.3065
   7.3067
   7.3070
   7.3072
   7.3074
   7.3076
   7.3078
   7.3081
   7.3083
   7.3085
   7.3087
   7.3090
   7.3092
   7.3094
   7.3096
   7.3098
   7.3101
   7.3103
   7.3105
   7.3107
   7.3109
   7.3112
   7.3114
   7.3116
   7.3118
   7.3121
   7.3123
   7.3125
   7.3127
   7.3129
   7.3132
   7.3134
   7.3136
   7.3138
   7.3141
   7.3143
   7.3145
   7.3147
   7.3149
   7.3152
   7.3154
   7.3156
   7.3158
   7.3160
   7.3163
   7.3165
   7.3167
   7.3169
   7.3172
   7.3174
   7.3176
   7.3178
   7.3180
   7.3183
   7.3185
   7.3187
   7.3189
   7.3191
   7.3194
   7.3196
   7.3198
   7.3200
   7.3203
   7.3205
   7.3207
   7.3209
   7.3211
   7.3214
   7.3216
   7.3218
   7.3220
   7.3223
   7.3225
   7.3227
   7.3229
   7.3231
   7.3234
   7.3236
   7.3238
   7.3240
   7.3242
   7.3245
   7.3247
   7.3249
   7.3251
   7.3254
   7.3256
   7.3258
   7.3260
   7.3262
   7.3265
   7.3267
   7.3269
   7.3271
   7.3273
   7.3276
   7.3278
   7.3280
   7.3282
   7.3285
   7.3287
   7.3289
   7.3291
   7.3293
   7.3296
   7.3298
   7.3300
   7.3302
   7.3305
   7.3307
   7.3309
   7.3311
   7.3313
   7.3316
   7.3318
   7.3320
   7.3322
   7.3324
   7.3327
   7.3329
   7.3331
   7.3333
   7.3336
   7.3338
   7.3340
   7.3342
   7.3344
   7.3347
   7.3349
   7.3351
   7.3353
   7.3355
   7.3358
   7.3360
   7.3362
   7.3364
   7.3367
   7.3369
   7.3371
   7.3373
   7.3375
   7.3378
   7.3380
   7.3382
   7.3384
   7.3387
   7.3389
   7.3391
   7.3393
   7.3395
   7.3398
   7.3400
   7.3402
   7.3404
   7.3406
   7.3409
   7.3411
   7.3413
   7.3415
   7.3418
   7.3420
   7.3422
   7.3424
   7.3426
   7.3429
   7.3431
   7.3433
   7.3435
   7.3438
   7.3440
   7.3442
   7.3444
  40.0602
  72.6940
 105.2622
 137.7649
 170.2019
 202.5734
 234.8793
 267.1033
 299.2617
 331.3545
 363.3817
 395.3433
 427.2393
 459.0534
 490.8020
 522.4849
 554.1022
 585.6541
 617.1402
 648.5444
 679.8831
 711.1562
 742.3637
 773.5056
 804.5820
 835.5763
 866.5051
 897.3683
 928.1660
 958.8980
