 990.1923
1020.7610
1051.2590
1081.6914
1112.0583
1142.3596
1172.5952
1202.7654
1232.8535
1262.8761
1292.8331
1322.7245
1352.5504
1382.3107
1411.9889
1441.6017
1471.1488
1500.6304
1530.0464
1559.3967
1588.6652
1617.8680
1647.0054
1676.0770
1705.0831
1734.0237
1762.8873
1791.6803
1820.4077
1849.0696
1877.6659
1873.5020
1869.3430
1865.1792
1861.0153
1856.8513
1852.6874
1848.5234
1844.3645
1840.2006
1836.0366
1831.8728
1827.7089
1823.5449
1819.3973
1815.2334
1811.0695
1806.9055
1802.7416
1798.5776
1794.4302
1790.2712
1786.1073
1781.9434
1777.7794
1773.6155
1769.4680
1765.3091
1761.1451
1756.9812
1752.8174
1748.6534
1744.5007
1740.3419
1736.1780
1732.0140
1727.8501
1723.6862
1719.5222
1715.3634
1711.1995
1707.0355
1702.8716
1698.7076
1694.5437
1690.3849
1686.2261
1682.0621
1677.8982
1673.7343
1669.5703
1665.4227
1661.2639
1657.1000
1652.9360
1648.7721
1644.6082
1640.4556
1636.2968
1632.1328
1627.9689
1623.8049
1619.6410
1615.4884
1611.3295
1607.1655
1603.0016
1598.8376
1594.6738
1590.5211
1586.3623
1582.2035
1578.0396
1573.8756
1569.7117
1565.5477
1561.3889
1557.2300
1553.0662
1548.9022
1544.7383
1540.5743
1536.4104
1532.2516
1528.0876
1523.9237
1519.7598
1515.5958
1511.4432
1507.2843
1503.1204
1498.9564
1494.7925
1490.6287
1486.4760
1482.3171
1478.1583
1473.9944
1469.8304
1465.6665
1461.5139
1457.3550
1453.1962
1449.0322
1444.8683
1440.7043
1436.5518
1432.3878
1428.2290
1424.0651
1419.9011
1415.7372
1411.5732
1407.4093
1403.2505
1399.0865
1394.9226
1390.7587
1386.5948
1382.4309
1378.2721
1374.1132
1369.9492
1365.7853
1361.6215
1357.4688
1353.3099
1349.1511
1344.9872
1340.8232
1336.6593
1332.5067
1328.3428
1324.1840
1320.0200
1315.8561
1311.6921
1307.5396
1303.3756
1299.2168
1295.0529
1290.8889
1286.7250
1282.5723
1278.4084
1274.2495
1270.0907
1265.9268
1261.7628
1257.5989
1253.4351
1249.2762
1245.1173
1240.9534
1236.7896
1232.6256
1228.4617
1224.2977
1220.1389
1215.9750
1211.8110
1207.6471
1203.4945
1199.3306
1195.1718
1191.0078
1186.8439
1182.6799
1178.5272
1174.3634
1170.2045
1166.0457
1161.8817
1157.7179
1153.5652
1149.4012
1145.2424
1141.0836
1136.9197
1132.7557
1128.6031
1124.4392
1120.2753
1116.1165
1111.9525
1107.7886
1103.6246
1099.4607
1095.2969
1091.1381
1086.9741
1082.8102
1078.6462
1074.4823
1070.3184
1066.1595
1062.0007
1057.8368
1053.6729
1049.5203
1045.3563
1041.1975
1037.0387
1032.8748
1028.7108
1024.5581
1020.3942
1016.2303
1012.0715
1007.9076
1003.7437
 999.5910
 995.4271
 991.2632
 987.1044
 982.9404
 978.7765
 974.6238
 970.4599
 966.2960
 962.1371
 957.9733
 953.8093
 949.6454
 945.4814
 941.3175
 937.1588
 932.9999
 928.8360
 924.6721
 920.5081
 916.3442
 912.1803
 908.0215
 903.8575
 899.6936
 895.5410
 891.3770
 887.2131
 883.0543
 878.8904
 874.7264
 870.5738
 866.4099
 862.2460
 858.0872
 853.9232
 849.7593
 845.6066
 841.4427
 837.2788
 833.1200
 828.9612
 824.7972
 820.6446
 816.4807
 812.3168
 808.1528
 803.9940
 799.8301
 795.6661
 791.5023
 787.3383
 783.1744
 779.0156
 774.8517
 770.6877
 766.5238
 762.3599
 758.1960
 754.0372
 749.8732
 745.7093
 741.5566
 737.3927
 733.2288
 729.0700
 724.9112
 720.7473
 716.5946
 712.4307
 708.2668
 704.1080
 699.9492
 695.7853
 691.6326
 687.4687
 683.3047
 679.1408
 674.9821
 670.8181
 666.6654
 662.5015
 658.3376
 654.1736
 650.0149
 645.8510
 641.6870
 637.5231
 633.3592
 629.1953
 625.0364
 620.8777
 616.7137
 612.5498
 608.3859
 604.2220
 600.0632
 595.9044
 591.7405
 587.5878
 583.4239
 579.2599
 575.0960
 570.9373
 566.7733
 562.6207
 558.4567
 554.2928
 550.1289
 545.9701
 541.8062
 537.6535
 533.4896
 529.3256
 525.1617
 521.0029
 516.8442
 512.6915
 508.5276
 504.3636
 500.1997
 496.0410
 491.8822
 487.7182
 483.5543
 479.3904
 475.2265
 471.0626
 466.9038
 462.7398
 458.5759
 454.4120
 450.2481
 446.0842
 441.9254
 437.7614
 433.6088
 429.4449
 425.2809
 421.1170
 416.9582
 412.7994
 408.6468
 404.4828
 400.3189
 396.1550
 391.9962
 387.8375
 383.6848
 379.5208
 375.3569
 371.1930
 367.0291
 362.8703
 358.7176
 354.5537
 350.3898
 346.2259
 342.0620
 337.9032
 333.7393
 329.5753
 325.4114
 321.2475
 317.0836
 312.9248
 308.7660
 304.6021
 300.4382
 296.2743
 292.1104
 287.9516
 283.7928
 279.6401
 275.4762
 271.3123
 267.1483
 262.9844
 258.8257
 254.6730
 250.5090
 246.3451
 242.1812
 238.0173
 233.8585
 229.7058
 225.5419
 221.3780
 217.2141
 213.0502
 208.8914
 204.7439
 200.5799
 196.4160
 192.2521
 188.0882
 183.9294
 179.7707
 175.6067
 171.4428
 167.2789
 163.1150
 158.9511
 154.7923
 150.6284
 146.4645
 142.3005
 138.1366
 133.9727
 129.8139
 125.7208
 121.6932
 117.7311
 113.8347
 110.0038
 106.2437
 102.5603
  98.9426
  95.3904
  91.9038
  88.4827
  85.1325
  81.8590
  78.6510
  75.5087
  72.4319
  69.4207
  66.4751
  63.6114
  60.8133
  58.0808
  55.4139
  52.8125
  50.2767
  47.8117
  45.4234
  43.1008
  40.8437
  38.6521
  36.5262
  34.4710
  32.4926
  30.5797
  28.7325
  26.9508
  25.2347
  23.5893
  22.0207
  20.5177
  19.0855
  17.7188
  16.4177
  15.1822
  14.0287
  12.9407
  11.9183
  10.9615
  10.0702
   9.2445
   8.5008
   7.8227
   7.2101
   6.6631
   6.1817
   5.7659
   5.4320
   5.1637
   4.9610
   4.8238
   4.7523
   4.7462
   4.7515
   4.7567
   4.7619
   4.7671
   4.7723
   4.7776
   4.7828
   4.7880
   4.7932
   4.7984
   4.8037
   4.8089
   4.8141
   4.8193
   4.8246
   4.8298
   4.8350
   4.8454
   4.8558
   4.8662
   4.8767
   4.8871
   4.8975
   4.9079
   4.9183
   4.9288
   4.9392
   4.9496
   4.9600
   4.9704
   4.9809
   4.9913
   5.0017
   5.0121
   5.0226
   5.0330
   5.0434
   5.0538
   5.0643
   5.0695
   5.0747
   5.0800
   5.0852
   5.0905
   5.0957
   5.1010
   5.1062
   5.1115
   5.1167
   5.1219
   5.1272
   5.1324
   5.1377
   5.1429
   5.1482
   5.1534
   5.1587
   5.1691
   5.1796
   5.1900
   5.2005
   5.2109
   5.2214
   5.2318
   5.2423
   5.2527
   5.2632
   5.2736
   5.2841
   5.2946
   5.3050
   5.3155
   5.3259
   5.3364
   5.3468
   5.3573
   5.3678
   5.3782
   5.3835
   5.3888
   5.3940
   5.3993
   5.4046
   5.4098
   5.4151
   5.4204
   5.4256
   5.4309
   5.4362
   5.4414
   5.4467
   5.4520
   5.4573
   5.4625
   5.4678
   5.4731
   5.4836
   5.4940
   5.5045
   5.5150
   5.5255
   5.5360
   5.5465
   5.5570
   5.5674
   5.5779
   5.5884
   5.5989
   5.6094
   5.6199
   5.6304
   5.6409
   5.6514
   5.6618
   5.6723
   5.6828
   5.6933
   5.7038
   5.7091
   5.7144
   5.7197
   5.7250
   5.7303
   5.7356
   5.7409
   5.7462
   5.7515
   5.7567
   5.7620
   5.7673
   5.7726
   5.7779
   5.7832
   5.7885
   5.7938
   5.8043
   5.8148
   5.8254
   5.8359
   5.8464
   5.8569
   5.8674
   5.8780
   5.8885
   5.8990
   5.9095
   5.9201
   5.9306
   5.9411
   5.9516
   5.9621
   5.9727
   5.9832
   5.9937
   6.0043
   6.0148
   6.0253
   6.0306
   6.0359
   6.0413
   6.0466
   6.0519
   6.0572
   6.0625
   6.0678
   6.0732
   6.0785
   6.0838
   6.0891
   6.0944
   6.0998
   6.1051
   6.1104
   6.1157
   6.1210
   6.1316
   6.1421
   6.1527
   6.1632
   6.1738
   6.1843
   6.1949
   6.2055
   6.2160
   6.2266
   6.2371
   6.2477
   6.2582
   6.2688
   6.2794
   6.2899
   6.3005
   6.3110
   6.3216
   6.3322
   6.3427
   6.3481
   6.3534
   6.3587
   6.3641
   6.3694
   6.3748
   6.3801
   6.3854
   6.3908
   6.3961
   6.4015
   6.4068
   6.4122
   6.4175
   6.4228
   6.4282
   6.4335
   6.4389
   6.4495
   6.4600
   6.4706
   6.4812
   6.4918
   6.5024
   6.5130
   6.5236
   6.5342
   6.5447
   6.5553
   6.5659
   6.5765
   6.5871
   6.5977
   6.6083
   6.6189
   6.6295
   6.6401
   6.6507
   6.6613
   6.6719
   6.6772
   6.6826
   6.6880
   6.6933
   6.6987
   6.7040
   6.7094
   6.7148
   6.7201
   6.7255
   6.7309
   6.7362
   6.7416
   6.7470
   6.7523
   6.7577
   6.7631
   6.7685
   6.7791
   6.7897
   6.8003
   6.8109
   6.8216
   6.8322
   6.8428
   6.8534
   6.8640
   6.8747
   6.8853
   6.8959
   6.9065
   6.9172
   6.9278
   6.9384
   6.9490
   6.9597
   6.9703
   6.9809
   6.9916
   6.9970
   7.0023
   7.0077
   7.0131
   7.0185
   7.0239
   7.0293
   7.0347
   7.0401
   7.0455
   7.0509
   7.0562
   7.0616
   7.0670
   7.0724
   7.0778
   7.0832
   7.0886
   7.0992
   7.1099
   7.1206
   7.1312
   7.1419
   7.1525
   7.1632
   7.1738
   7.1845
   7.1951
   7.2058
   7.2165
   7.2271
   7.2378
   7.2484
   7.2591
   7.2698
   7.2804
   7.2911
   7.3018
   7.3124
   7.3231
   7.3285
   7.3339
   7.3393
   7.3447
   7.3501
   7.3556
   7.3610
   7.3664
   7.3718
   7.3772
   7.3826
   7.3880
   7.3935
   7.3989
   7.4043
   7.4097
   7.4151
   7.4258
   7.4365
   7.4472
   7.4579
   7.4686
   7.4793
   7.4899
   7.5006
   7.5113
   7.5220
   7.5327
   7.5434
   7.5541
   7.5648
   7.5755
   7.5862
   7.5969
   7.6076
   7.6183
   7.6290
   7.6397
   7.6504
   7.6558
   7.6612
   7.6667
   7.6721
   7.6775
   7.6830
   7.6884
   7.6939
   7.6993
   7.7047
   7.7102
   7.7156
   7.7211
   7.7265
   7.7319
   7.7374
   7.7428
   7.7483
   7.7590
   7.7697
   7.7804
   7.7911
   7.8019
   7.8126
   7.8233
   7.8340
   7.8448
   7.8555
   7.8662
   7.8769
   7.8877
   7.8984
   7.9091
   7.9199
   7.9306
   7.9413
   7.9520
   7.9628
   7.9735
   7.9790
   7.9844
   7.9899
   7.9953
   8.0008
   8.0063
   8.0117
   8.0172
   8.0227
   8.0281
   8.0336
   8.0391
   8.0445
   8.0500
   8.0555
   8.0609
   8.0664
   8.0718
   8.0826
   8.0934
   8.1041
   8.1149
   8.1256
   8.1364
   8.1471
   8.1632
   8.1792
   8.1953
   8.2113
   8.2274
   8.2434
   8.2595
   8.2755
   8.2916
   8.3077
   8.3237
   8.3398
   8.3558
   8.3719
   8.3879
   8.3987
   8.4095
   8.4203
   8.4311
   8.4418
   8.4526
   8.4634
   8.4742
   8.4850
   8.4958
   8.5065
   8.5173
   8.5281
   8.5389
   8.5497
   8.5605
   8.5713
   8.5821
   8.5928
   8.6036
   8.6144
   8.6252
   8.6360
   8.6468
   8.6576
   8.6684
   8.6792
   8.6900
   8.7008
   8.7116
   8.7223
   8.7331
   8.7439
   8.7547
   8.7655
   8.7763
   8.7871
   8.7979
   8.8087
   8.8142
   8.8197
   8.8253
   8.8308
   8.8363
   8.8418
   8.8473
   8.8475
   8.8477
   8.8480
   8.8482
   8.8484
   8.8486
   8.8488
   8.8491
   8.8493
   8.8495
   8.8497
   8.8500
   8.8502
   8.8504
   8.8506
   8.8508
   8.8511
   8.8513
   8.8515
   8.8517
   8.8520
   8.8522
   8.8524
   8.8526
   8.8528
   8.8531
   8.8533
   8.8535
   8.8537
   8.8539
   8.8542
   8.8544
   8.8546
   8.8548
   8.8551
   8.8553
   8.8555
   8.8557
   8.8559
   8.8562
   8.8564
   8.8566
   8.8568
   8.8570
   8.8573
   8.8575
   8.8577
   8.8579
   8.8582
   8.8584
   8.8586
   8.8588
   8.8590
   8.8593
   8.8595
   8.8597
   8.8599
   8.8602
   8.8604
   8.8606
   8.8608
   8.8610
   8.8613
   8.8615
   8.8617
   8.8619
   8.8621
   8.8624
   8.8626
   8.8628
   8.8630
   8.8633
   8.8635
   8.8637
   8.8639
   8.8641
   8.8644
   8.8646
   8.8648
   8.8650
   8.8652
   8.8655
   8.8657
   8.8659
   8.8661
   8.8664
   8.8666
   8.8668
   8.8670
   8.8672
   8.8675
   8.8677
   8.8679
   8.8681
   8.8684
   8.8686
   8.8688
   8.8690
   8.8692
   8.8695
   8.8697
   8.8699
   8.8701
   8.8703
   8.8706
   8.8708
   8.8710
   8.8712
   8.8715
   8.8717
   8.8719
   8.8721
   8.8723
   8.8726
   8.8728
   8.8730
   8.8732
   8.8734
   8.8737
   8.8739
   8.8741
   8.8743
   8.8746
   8.8748
   8.8750
   8.8752
   8.8754
   8.8757
   8.8759
   8.8761
   8.8763
   8.8766
   8.8768
   8.8770
   8.8772
   8.8774
   8.8777
   8.8779
   8.8781
   8.8783
   8.8785
   8.8788
   8.8790
   8.8792
   8.8794
   8.8797
   8.8799
   8.8801
   8.8803
   8.8805
   8.8808
   8.8810
   8.8812
   8.8814
   8.8816
   8.8819
   8.8821
   8.8823
   8.8825
   8.8828
   8.8830
   8.8832
   8.8834
   8.8836
   8.8839
   8.8841
   8.8843
   8.8845
   8.8848
   8.8850
   8.8852
   8.8854
   8.8856
   8.8859
   8.8861
   8.8863
   8.8865
   8.8867
   8.8870
   8.8872
   8.8874
   8.8876
   8.8879
   8.8881
   8.8883
   8.8885
   8.8887
   8.8890
   8.8892
   8.8894
   8.8896
   8.8898
   8.8901
   8.8903
   8.8905
   8.8907
   8.8910
   8.8912
   8.8914
   8.8916
   8.8918
   8.8921
   8.8923
   8.8925
   8.8927
   8.8930
   8.8932
   8.8934
   8.8936
   8.8938
   8.8941
   8.8943
   8.8945
   8.8947
   8.8949
   8.8952
   8.8954
   8.8956
   8.8958
   8.8961
   8.8963
   8.8965
   8.8967
   8.8969
   8.8972
   8.8974
   8.8976
   8.8978
   8.8980
   8.8983
   8.8985
   8.8987
   8.8989
   8.8992
   8.8994
   8.8996
   8.8998
   8.9000
   8.9003
   8.9005
   8.9007
   8.9009
   8.9012
   8.9014
   8.9016
   8.9018
   8.9020
   8.9023
   8.9025
   8.9027
   8.9029
   8.9031
   8.9034
   8.9036
   8.9038
   8.9040
   8.9043
   8.9045
   8.9047
   8.9049
   8.9051
   8.9054
   8.9056
   8.9058
   8.9060
   8.9062
   8.9065
   8.9067
   8.9069
   8.9071
   8.9074
   8.9076
   8.9078
   8.9080
   8.9082
   8.9085
   8.9087
   8.9089
   8.9091
   8.9094
   8.9096
   8.9098
   8.9100
   8.9102
   8.9105
   8.9107
   8.9109
   8.9111
   8.9113
   8.9116
   8.9118
   8.9120
   8.9122
   8.9125
   8.9127
   8.9129
   8.9131
   8.9133
   8.9136
   8.9138
   8.9140
   8.9142
   8.9145
   8.9147
   8.9149
   8.9151
   8.9153
   8.9156
   8.9158
   8.9160
   8.9162
   8.9164
   8.9167
   8.9169
   8.9171
   8.9173
   8.9176
   8.9178
   8.9180
   8.9182
   8.9184
   8.9187
   8.9189
   8.9191
   8.9193
   8.9195
   8.9198
   8.9200
   8.9202
   8.9204
   8.9207
   8.9209
   8.9211
   8.9213
   8.9215
   8.9218
   8.9220
   8.9222
   8.9224
   8.9227
   8.9229
   8.9231
   8.9233
   8.9235
   8.9238
   8.9240
   8.9242
   8.9244
   8.9246
   8.9249
   8.9251
   8.9253
   8.9255
   8.9258
   8.9260
   8.9262
   8.9264
   8.9266
   8.9269
   8.9271
   8.9273
   8.9275
   8.9277
   8.9280
   8.9282
   8.9284
   8.9286
   8.9289
   8.9291
   8.9293
   8.9295
   8.9297
   8.9300
   8.9302
   8.9304
   8.9306
   8.9309
   8.9311
   8.9313
   8.9315
   8.9317
   8.9320
   8.9322
   8.9324
   8.9326
   8.9328
   8.9331
   8.9333
   8.9335
   8.9337
   8.9340
   8.9342
   8.9344
   8.9346
   8.9348
   8.9351
   8.9353
   8.9355
   8.9357
   8.9359
   8.9362
   8.9364
   8.9366
   8.9368
   8.9371
   8.9373
   8.9375
   8.9377
   8.9379
   8.9382
   8.9384
   8.9386
   8.9388
   8.9391
   8.9393
   8.9395
   8.9397
   8.9399
   8.9402
  41.6298
  74.2374
 106.7795
 139.2560
 171.6669
 204.0122
 236.2920
 268.4897
 300.6220
 332.6886
 364.6897
 396.6251
 428.4950
 460.2830
 492.0053
 523.6621
 555.2533
 586.7789
 618.2390
 649.6170
 680.9295
 712.1764
 743.3577
 774.4735
 805.5237
 836.4919
 867.3945
 898.2316
 929.0031
 959.7090
