   3.9786
   3.9263
   3.8731
   3.8178
   3.7718
   3.7247
   3.6809
   3.6476
   3.6054
   3.5703
   3.5311
   3.4787
   3.4284
   3.3768
   3.3485
   3.3362
   3.3432
   3.3522
   3.3699
   3.3647
   3.3288
   3.2702
   3.1863
   3.0756
   2.9419
   2.7895
   2.6377
   2.4848
   2.3401
   2.2073
   2.0734
   2.0869
   2.0946
   2.1004
   2.0991
   2.1030
   2.1043
   2.1150
   2.1225
   2.1288
   2.1400
   2.1546
   2.1643
   2.1746
   2.1867
   2.2000
   2.2079
   2.2283
   2.2426
   2.2632
   2.2838
   2.3114
   2.3349
   2.3612
   2.3900
   2.4213
   2.4485
   2.4825
   2.5083
   2.5442
   2.5801
   2.6110
   2.6423
   2.6768
   2.7084
   2.7313
   2.7613
   2.7863
   2.8037
   2.8233
   2.8345
   2.8477
   2.8645
   2.8781
   2.8911
   2.9062
   2.9204
   2.9313
   2.9384
   2.9443
   2.9468
   2.9441
   2.9407
   2.9272
   2.9096
   2.8899
   2.8665
   2.8390
   2.8131
   2.7886
   2.7625
   2.7435
   2.7264
   2.7196
   2.7151
   2.7175
   2.7174
   2.7229
   2.7202
   2.7164
   2.7095
   2.7003
   2.6923
   2.6766
   2.6645
   2.6523
   2.6333
   2.6185
   2.5902
   2.5743
   2.5503
   2.5319
   2.5041
   2.4808
   2.4542
   2.4257
   2.3988
   2.3726
   2.3427
   2.3273
   2.3009
   2.2752
   2.2553
   2.2336
   2.2165
   2.2021
   2.1902
   2.1810
   2.1664
   2.1613
   2.1508
   2.1509
   2.1551
   2.1577
   2.1661
   2.1771
   2.1795
   2.1760
   2.1686
   2.1605
   2.1444
   2.1369
   2.1350
   2.1374
   2.1488
   2.1656
   2.1819
   2.2088
   2.2338
   2.2644
   2.2942
   2.3194
   2.3469
   2.3672
   2.3817
   2.3972
   2.4105
   2.4191
   2.4243
   2.4335
   2.4378
   2.4414
   2.4478
   2.4509
   2.4623
   2.4649
   2.4694
   2.4770
   2.4835
   2.5005
   2.5125
   2.5267
   2.5360
   2.5473
   2.5556
   2.5684
   2.5799
   2.5852
   2.5906
   2.5932
   2.5940
   2.5930
   2.5933
   2.5897
   2.5886
   2.5764
   2.5660
   2.5567
   2.5372
   2.5270
   2.5045
   2.4881
   2.4649
   2.4304
   2.3929
   2.3467
   2.3001
   2.2529
   2.2203
   2.1882
   2.1556
   2.1395
   2.1173
   2.0986
   2.0774
   2.0484
   2.0214
   1.9932
   1.9616
   1.9267
   1.8859
   1.8450
   1.8060
   1.7649
   1.7292
   1.6955
   1.6582
   1.6157
   1.5763
   1.5369
   1.5030
   1.4812
   1.4444
   1.4201
   1.3847
   1.3505
   1.3156
   1.2758
   1.2465
   1.2084
   1.1917
   1.1588
   1.1360
   1.1126
   1.0908
   1.0693
   1.0509
   1.0287
   1.0062
   0.9949
   0.9839
   0.9730
   0.9668
   0.9598
   0.9457
   0.9363
   0.9260
   0.9115
   0.8910
   0.8766
   0.8670
   0.8620
   0.8565
   0.8607
   0.8633
   0.8784
   0.8899
   0.8986
   0.9077
   0.8988
   0.8881
   0.8777
   0.8554
   0.8326
   0.8042
   0.7774
   0.7537
   0.7253
   0.6927
   0.6534
   0.6089
   0.5652
   0.5255
   0.4863
   0.4571
   0.4273
   0.3912
   0.3523
   0.3153
   0.2766
   0.2409
   0.2023
   0.1627
   0.1401
   0.1037
   0.0785
   0.0468
   0.0206
   0.0001
  -0.0241
  -0.0344
  -0.0723
  -0.0925
  -0.1252
  -0.1483
  -0.1731
  -0.1891
  -0.2114
  -0.2292
  -0.2457
  -0.2797
  -0.3179
  -0.3618
  -0.4142
  -0.4601
  -0.5015
  -0.5526
  -0.5973
  -0.6300
  -0.6683
  -0.6864
  -0.7189
  -0.7603
  -0.7965
  -0.8378
  -0.8728
  -0.9196
  -0.9556
  -0.9933
  -1.0216
  -1.0434
  -1.0545
  -1.0658
  -1.0740
  -1.0767
  -1.0769
  -1.0787
  -1.0797
  -1.0774
  -1.0659
  -1.0447
  -1.0090
  -0.9648
  -0.9249
  -0.8930
  -0.8755
  -0.8600
  -0.8438
  -0.8251
  -0.8022
  -0.7791
  -0.7578
  -0.7403
  -0.7288
  -0.7239
  -0.7218
  -0.7208
  -0.7146
  -0.7098
  -0.7076
  -0.7115
  -0.7199
  -0.7262
  -0.7379
  -0.7464
  -0.7607
  -0.7773
  -0.8001
  -0.8231
  -0.8474
  -0.8717
  -0.8903
  -0.9067
  -0.9187
  -0.9248
  -0.9374
  -0.9238
  -0.9107
  -0.8769
  -0.8580
  -0.8178
  -0.8050
  -0.7812
  -0.7306
  -0.6981
  -0.6526
  -0.6065
  -0.5561
  -0.5071
  -0.4554
  -0.4025
  -0.3410
  -0.2894
  -0.2261
  -0.1616
  -0.1020
  -0.0451
   0.0141
   0.0728
   0.1298
   0.1787
   0.2180
   0.2574
   0.2832
   0.3132
   0.3442
   0.3861
   0.4215
   0.4639
   0.5076
   0.5469
   0.5870
   0.6251
   0.6601
   0.6943
   0.7314
   0.7710
   0.8087
   0.8417
   0.8728
   0.9050
   0.9368
   0.9677
   0.9950
   1.0223
   1.0466
   1.0690
   1.0926
   1.1171
   1.1420
   1.1666
   1.1935
   1.2215
   1.2489
   1.2760
   1.3010
   1.3219
   1.3215
   1.3252
   1.3067
   1.2917
   1.2647
   1.2425
   1.2170
   1.1738
   1.1473
   1.1056
   1.0616
   1.0155
   0.9657
   0.9160
   0.8620
   0.8023
   0.7487
   0.6912
   0.6305
   0.5737
   0.5162
   0.4577
   0.4003
   0.3440
   0.2936
   0.2510
   0.2051
   0.1662
   0.1202
   0.0815
   0.0386
   0.0047
  -0.0304
  -0.0612
  -0.0868
  -0.1144
  -0.1381
  -0.1587
  -0.1770
  -0.1946
  -0.2097
  -0.2203
  -0.2258
  -0.2291
  -0.2303
  -0.2262
  -0.2193
  -0.2075
  -0.1889
  -0.1658
  -0.1371
  -0.1082
  -0.0789
  -0.0438
  -0.0094
   0.0240
   0.0584
   0.0983
   0.1378
   0.1735
   0.2104
   0.2490
   0.2876
   0.3271
   0.3660
   0.4061
   0.4480
   0.4886
   0.5300
   0.5679
   0.6045
   0.6421
   0.6794
   0.7180
   0.7569
   0.7970
   0.8366
   0.8767
   0.9133
   0.9476
   0.9793
   1.0122
   1.0422
   1.0697
   1.0951
   1.1185
   1.1416
   1.1600
   1.1811
   1.2018
   1.2237
   1.2454
   1.2685
   1.2922
   1.3113
   1.3297
   1.3490
   1.3632
   1.3786
   1.3947
   1.4148
   1.4300
   1.4494
   1.4675
   1.4868
   1.5029
   1.5193
   1.5329
   1.5472
   1.5592
   1.5693
   1.5754
   1.5847
   1.5907
   1.5826
   1.5797
   1.5769
   1.5826
   1.5864
   1.5896
   1.6021
   1.6241
   1.6479
   1.6708
   1.6923
   1.7194
   1.7520
   1.7881
   1.8254
   1.8600
   1.8903
   1.9178
   1.9420
   1.9648
   1.9823
   2.0010
   2.0188
   2.0362
   2.0539
   2.0723
   2.0939
   2.1191
   2.1429
   2.1690
   2.1938
   2.2208
   2.2489
   2.2743
   2.2978
   2.3145
   2.3339
   2.3473
   2.3587
   2.3726
   2.3827
   2.3936
   2.4065
   2.4185
   2.4308
   2.4426
   2.4478
   2.4500
   2.4565
   2.4561
   2.4546
   2.4585
   2.4662
   2.4708
   2.4784
   2.4858
   2.4925
   2.5047
   2.5212
   2.5376
   2.5605
   2.5892
   2.6211
   2.6540
   2.6861
   2.7213
   2.7584
   2.7968
   2.8233
   2.8429
   2.8649
   2.8837
   2.8979
   2.9120
   2.9232
   2.9320
   2.9465
   2.9584
   2.9846
   3.0137
   3.0418
   3.0832
   3.1161
   3.1525
   3.1906
   3.2320
   3.2749
   3.3113
   3.3503
   3.3854
   3.4172
   3.4519
   3.4807
   3.5082
   3.5343
   3.5679
   3.5992
   3.6329
   3.6700
   3.7099
   3.7478
   3.7869
   3.8171
   3.8511
   3.8836
   3.9189
   3.9461
   3.9804
   4.0179
   4.0534
   4.0873
   4.1313
   4.1583
   4.1908
   4.2087
   4.2356
   4.2539
   4.2762
   4.2841
   4.2988
   4.3067
   4.3195
   4.3277
   4.3232
   4.3304
   4.3146
   4.2997
   4.2727
   4.2520
   4.2250
   4.2098
   4.1844
   4.1655
   4.1407
   4.1165
   4.0873
   4.0626
   4.0337
   4.0125
   3.9792
   3.9491
   3.9213
   3.8863
   3.8579
   3.8236
   3.7939
   3.7541
   3.7114
   3.6796
   3.6466
   3.6247
   3.6036
   3.5811
   3.5667
   3.5553
   3.5517
   3.5429
   3.5358
   3.5297
   3.5207
   3.5138
   3.5048
   3.4964
   3.4987
   3.4958
   3.4948
   3.4919
   3.4985
   3.5063
   3.5207
   3.5373
   3.5539
   3.5618
   3.5839
   3.5934
   3.6073
   3.6126
   3.6303
   3.6434
   3.6707
   3.6881
   3.7102
   3.7240
   3.7508
   3.7789
   3.7950
   3.8281
   3.8546
   3.8966
   3.9192
   3.9611
   3.9948
   4.0396
   4.0961
   4.1592
   4.2164
   4.2774
   4.3327
   4.3916
   4.4537
   4.5097
   4.5651
   4.6194
   4.6731
   4.7296
   4.7911
   4.8471
   4.9099
   4.9766
   5.0381
   5.1012
   5.1535
   5.2128
   5.2774
   5.3368
   5.4027
   5.4621
   5.5275
   5.5957
   5.6648
   5.7388
   5.8121
   5.8828
   5.9583
   6.0293
   6.1033
   6.1779
   6.2609
   6.3347
   6.4098
   6.4761
   6.5429
   6.6148
   6.6905
   6.7611
   6.8362
   6.9214
   7.0042
   7.0872
   7.1766
   7.2619
   7.3467
   7.4331
   7.5150
   7.5968
   7.6859
   7.7745
   7.8641
   7.9590
   8.0495
   8.1452
   8.2377
   8.3273
   8.4220
   8.5008
   8.5810
   8.6630
   8.7434
   8.8318
   8.9170
   9.0006
   9.0920
   9.1790
   9.2651
   9.3549
   9.4378
   9.5202
   9.6036
   9.6886
   9.7658
   9.8430
   9.9206
  10.0030
  10.0828
  10.1544
  10.2316
  10.3014
  10.3717
  10.4377
  10.5076
  10.5713
  10.6397
  10.7037
  10.7776
  10.8411
  10.9120
  10.9765
  11.0421
  11.0978
  11.1608
  11.2174
  11.2793
  11.3345
  11.3917
  11.4457
  11.5013
  11.5640
  11.6183
  11.6759
  11.7308
  11.7867
  11.8436
  11.9004
  11.9577
  12.0186
  12.0778
  12.1396
  12.2012
  12.2613
  12.3238
  12.3866
  12.4530
  12.5146
  12.5780
  12.6392
  12.6998
  12.7643
  12.8235
  12.8860
  12.9452
  13.0094
  13.0673
  13.1246
  13.1826
  13.2356
  13.2848
  13.3402
  13.3891
  13.4412
  13.4908
  13.5472
  13.6000
  13.6469
  13.6971
  13.7414
  13.7907
  13.8367
  13.8806
  13.9253
  13.9670
  14.0064
  14.0492
  14.0853
  14.1231
  14.1484
  14.1819
  14.2049
  14.2308
  14.2545
  14.2768
  14.2894
  14.3097
  14.3196
  14.3335
  14.3391
  14.3404
  14.3366
  14.3268
  14.3226
  14.3161
  14.3070
  14.2861
  14.2658
  14.2474
  14.2272
  14.2104
  14.1885
  14.1662
  14.1390
  14.1138
  14.0801
  14.0486
  14.0116
  13.9749
  13.9382
  13.9018
  13.8686
  13.8342
  13.8001
  13.7649
  13.7230
  13.6771
  13.6305
  13.5858
  13.5379
  13.4975
  13.4576
  13.4175
  13.3849
  13.3455
  13.3057
  13.2698
  13.2336
  13.1989
  13.1614
  13.1265
  13.0882
  13.0496
  13.0111
  12.9728
  12.9362
  12.8989
  12.8639
  12.8252
  12.7873
  12.7542
  12.7176
  12.6878
  12.6551
  12.6309
  12.6030
  12.5843
  12.5630
  12.5430
  12.5234
  12.5090
  12.4991
  12.4945
  12.4896
  12.4882
  12.4872
  12.4904
  12.4929
  12.4984
  12.5032
  12.5051
  12.5047
  12.5092
  12.5127
  12.5188
  12.5190
  12.5255
  12.5290
  12.5420
  12.5523
  12.5636
  12.5724
  12.5827
  12.5858
  12.5880
  12.5944
  12.6017
  12.6090
  12.6212
  12.6347
  12.6515
  12.6663
  12.6821
  12.6943
  12.7088
  12.7272
  12.7479
  12.7630
  12.7853
  12.8083
  12.8277
  12.8562
  12.8830
  12.9102
  12.9384
  12.9645
  12.9937
  13.0215
  13.0486
  13.0774
  13.1098
  13.1412
  13.1729
  13.2043
  13.2432
  13.2759
  13.3138
  13.3602
  13.4040
  13.4537
  13.5027
  13.5448
  13.5843
  13.6211
  13.6557
  13.6850
  13.7166
  13.7462
  13.7837
  13.8163
  13.8528
  13.8939
  13.9327
  13.9609
  13.9885
  14.0200
  14.0447
  14.0739
  14.1011
  14.1250
  14.1525
  14.1755
  14.2010
  14.2255
  14.2517
  14.2858
  14.3119
  14.3460
  14.3774
  14.4101
  14.4432
  14.4709
  14.5030
  14.5268
  14.5526
  14.5737
  14.5926
  14.6058
  14.6177
  14.6274
  14.6328
  14.6401
  14.6491
  14.6564
  14.6653
  14.6720
  14.6779
  14.6816
  14.6843
  14.6827
  14.6775
  14.6598
  14.6335
  14.6111
  14.5905
  14.5702
  14.5495
  14.5291
  14.4929
  14.4584
  14.4236
  14.3897
  14.3549
  14.3233
  14.2933
  14.2676
  14.2507
  14.2372
  14.2082
  14.1617
  14.1028
  14.0333
  13.9635
  13.8923
  13.8359
  13.7852
  13.7436
  13.7184
  13.6828
  13.6441
  13.5992
  13.5417
  13.4836
  13.4132
  13.3403
  13.2647
  13.1921
  13.1237
  13.0550
  12.9903
  12.9180
  12.8417
  12.7625
  12.6751
  12.5932
  12.5083
  12.4186
  12.3275
  12.2374
  12.1503
  12.0555
  11.9686
  11.8811
  11.7824
  11.6880
  11.5925
  11.5066
  11.4184
  11.3427
  11.2703
  11.2054
  11.1481
  11.0987
  11.0598
  11.0120
  10.9539
  10.8912
  10.8243
  10.7571
  10.6935
  10.6252
  10.5590
  10.4884
  10.4274
  10.3642
  10.3023
  10.2380
  10.1639
  10.0895
  10.0275
   9.9752
   9.9323
   9.8923
   9.8538
   9.8215
   9.7823
   9.7371
   9.6749
   9.6031
   9.5306
   9.4625
   9.3967
   9.3434
   9.2937
   9.2469
   9.1993
   9.1489
   9.0871
   9.0196
   8.9419
   8.8635
   8.7880
   8.7112
   8.6417
   8.5750
   8.5077
   8.4483
   8.3925
   8.3414
   8.2928
   8.2436
   8.1961
   8.1472
   8.0981
   8.0528
   8.0072
   7.9587
   7.9003
   7.8442
   7.7740
   7.6984
   7.6183
   7.5367
   7.4523
   7.3694
   7.2911
   7.2181
   7.1474
   7.0778
   7.0117
   6.9499
   6.8852
   6.8161
   6.7511
   6.6804
   6.6086
   6.5359
   6.4638
   6.3964
   6.3255
   6.2570
   6.1914
   6.1281
   6.0633
   5.9961
   5.9250
   5.8482
   5.7674
   5.6961
   5.6219
   5.5481
   5.4739
   5.4046
   5.3315
   5.2583
   5.1901
   5.1196
   5.0566
   4.9955
   4.9398
   4.8912
   4.8424
   4.7982
   4.7574
   4.7129
   4.6707
   4.6299
   4.5893
   4.5477
   4.5014
   4.4552
   4.4156
   4.3776
   4.3382
   4.3012
   4.2625
   4.2239
   4.1858
   4.1536
   4.1228
   4.0959
   4.0700
   4.0411
   4.0060
   3.9672
   3.9288
   3.8906
   3.8485
   3.7999
   3.7409
   3.6797
   3.6139
   3.5541
   3.4920
   3.4313
   3.3813
   3.3402
   3.2973
   3.2517
   3.2092
   3.1648
   3.1205
   3.0851
   3.0539
   3.0277
   3.0018
   2.9764
   2.9548
   2.9299
   2.9076
   2.8900
   2.8775
   2.8669
   2.8516
   2.8299
   2.8140
   2.7901
   2.7733
   2.7556
   2.7389
   2.7220
   2.7094
   2.6925
   2.6753
   2.6565
   2.6445
   2.6284
   2.6139
   2.5934
   2.5755
   2.5525
   2.5260
   2.4958
   2.4645
   2.4345
   2.4042
   2.3765
   2.3556
   2.3333
   2.3096
   2.2927
   2.2810
   2.2805
   2.2888
   2.3009
   2.3137
   2.3201
   2.3197
   2.3218
   2.3280
   2.3467
   2.3675
   2.3869
   2.4071
   2.4315
   2.4572
   2.4777
   2.4945
   2.5090
   2.5191
   2.5328
   2.5448
   2.5537
   2.5547
   2.5514
   2.5436
   2.5396
   2.5293
   2.5193
   2.5145
   2.5052
   2.4972
   2.4894
   2.4840
   2.4736
   2.4745
   2.4756
   2.4797
   2.4875
   2.4937
   2.5031
   2.5120
   2.5242
   2.5346
   2.5454
   2.5606
   2.5737
   2.5867
   2.6055
   2.6220
   2.6368
   2.6602
   2.6870
   2.7114
   2.7441
   2.7716
   2.7987
   2.8203
   2.8348
   2.8492
   2.8590
   2.8632
   2.8663
   2.8609
   2.8565
   2.8541
   2.8615
   2.8687
   2.8861
   2.8960
   2.9131
   2.9308
   2.9517
   2.9821
   3.0234
   3.0608
   3.1000
   3.1324
   3.1583
   3.1889
   3.2202
   3.2515
   3.2805
   3.3189
   3.3707
   3.4253
   3.4837
   3.5156
   3.5376
   3.5429
   3.5465
   3.5441
   3.5616
   3.6111
   3.6795
   3.7876
   3.9203
   4.0753
   4.2508
   4.4277
   4.6038
   4.7690
   4.9276
   5.0704
   5.0750
   5.0789
   5.0799
   5.0796
   5.0855
   5.0840
   5.0850
   5.0873
   5.0941
   5.0951
   5.0924
   5.0889
   5.0886
   5.0843
   5.0831
   5.0842
   5.0822
   5.0827
   5.0804
   5.0670
   5.0542
   5.0337
   5.0111
   4.9846
   4.9628
   4.9396
   4.9263
   4.9030
   4.8791
   4.8504
