 993.4885
1023.9546
1054.3428
1084.6653
1114.9222
1145.1136
1175.2395
1205.2998
1235.2781
1265.1907
1295.0378
1324.8195
1354.5354
1384.1858
1413.7542
1443.2571
1472.6943
1502.0660
1531.3721
1560.6127
1589.7712
1618.8641
1647.8916
1676.8534
1705.7496
1734.5803
1763.3414
1792.0247
1820.6421
1849.1941
1877.6805
1873.5166
1869.3650
1865.2012
1861.0372
1856.8733
1852.7094
1848.5454
1844.3938
1840.2299
1836.0659
1831.9021
1827.7382
1823.5742
1819.4266
1815.2627
1811.0988
1806.9348
1802.7709
1798.6069
1794.4595
1790.3079
1786.1439
1781.9800
1777.8160
1773.6521
1769.5046
1765.3530
1761.1891
1757.0251
1752.8613
1748.6974
1744.5374
1740.3859
1736.2219
1732.0580
1727.8940
1723.7301
1719.5662
1715.4147
1711.2507
1707.0868
1702.9229
1698.7589
1694.5950
1690.4435
1686.2920
1682.1281
1677.9641
1673.8002
1669.6362
1665.4886
1661.3372
1657.1732
1653.0093
1648.8453
1644.6814
1640.5215
1636.3700
1632.2061
1628.0421
1623.8782
1619.7142
1615.5543
1611.4027
1607.2388
1603.0748
1598.9110
1594.7471
1590.5870
1586.4355
1582.2841
1578.1201
1573.9562
1569.7922
1565.6283
1561.4768
1557.3253
1553.1614
1548.9974
1544.8335
1540.6696
1536.5056
1532.3541
1528.1902
1524.0262
1519.8623
1515.6984
1511.5385
1507.3868
1503.2229
1499.0590
1494.8951
1490.7312
1486.5712
1482.4197
1478.2682
1474.1042
1469.9403
1465.7764
1461.6165
1457.4650
1453.3134
1449.1494
1444.9855
1440.8217
1436.6616
1432.4977
1428.3462
1424.1823
1420.0183
1415.8544
1411.6904
1407.5266
1403.3750
1399.2111
1395.0472
1390.8833
1386.7194
1382.5554
1378.4039
1374.2523
1370.0885
1365.9246
1361.7606
1357.6006
1353.4491
1349.2976
1345.1337
1340.9697
1336.8058
1332.6459
1328.4819
1324.3304
1320.1665
1316.0026
1311.8386
1307.6787
1303.5148
1299.3633
1295.1993
1291.0354
1286.8715
1282.7114
1278.5476
1274.3960
1270.2445
1266.0806
1261.9166
1257.7528
1253.5889
1249.4374
1245.2859
1241.1219
1236.9580
1232.7941
1228.6301
1224.4662
1220.3147
1216.1508
1211.9868
1207.8229
1203.6630
1199.4990
1195.3475
1191.1836
1187.0197
1182.8557
1178.6957
1174.5319
1170.3804
1166.2289
1162.0649
1157.9010
1153.7410
1149.5770
1145.4255
1141.2740
1137.1101
1132.9462
1128.7863
1124.6223
1120.4584
1116.3069
1112.1429
1107.9790
1103.8151
1099.6512
1095.4873
1091.3358
1087.1719
1083.0079
1078.8440
1074.6801
1070.5161
1066.3646
1062.2131
1058.0492
1053.8853
1049.7253
1045.5614
1041.4099
1037.2584
1033.0945
1028.9305
1024.7706
1020.6067
1016.4427
1012.2913
1008.1273
1003.9634
 999.8034
 995.6395
 991.4756
 987.3241
 983.1602
 978.9962
 974.8362
 970.6723
 966.5084
 962.3569
 958.1930
 954.0291
 949.8651
 945.7012
 941.5373
 937.3858
 933.2343
 929.0704
 924.9064
 920.7425
 916.5786
 912.4147
 908.2632
 904.0992
 899.9353
 895.7753
 891.6115
 887.4475
 883.2960
 879.1321
 874.9681
 870.8082
 866.6443
 862.4803
 858.3289
 854.1649
 850.0010
 845.8410
 841.6771
 837.5132
 833.3617
 829.2102
 825.0463
 820.8863
 816.7224
 812.5585
 808.3945
 804.2430
 800.0792
 795.9152
 791.7513
 787.5873
 783.4235
 779.2720
 775.1080
 770.9441
 766.7802
 762.6163
 758.4523
 754.3008
 750.1369
 745.9730
 741.8130
 737.6491
 733.4852
 729.3337
 725.1823
 721.0183
 716.8583
 712.6944
 708.5305
 704.3790
 700.2275
 696.0636
 691.9036
 687.7397
 683.5757
 679.4119
 675.2604
 671.0964
 666.9365
 662.7725
 658.6086
 654.4447
 650.2932
 646.1293
 641.9653
 637.8015
 633.6375
 629.4736
 625.3221
 621.1707
 617.0067
 612.8428
 608.6789
 604.5150
 600.3635
 596.2120
 592.0481
 587.8881
 583.7242
 579.5602
 575.3964
 571.2449
 567.0809
 562.9210
 558.7570
 554.5931
 550.4292
 546.2777
 542.1138
 537.9538
 533.7899
 529.6260
 525.4620
 521.3106
 517.1591
 512.9991
 508.8352
 504.6713
 500.5074
 496.3559
 492.2044
 488.0405
 483.8766
 479.7127
 475.5488
 471.3848
 467.2334
 463.0695
 458.9055
 454.7416
 450.5777
 446.4138
 442.2623
 438.0984
 433.9384
 429.7744
 425.6105
 421.4466
 417.2952
 413.1437
 408.9837
 404.8198
 400.6559
 396.4919
 392.3405
 388.1890
 384.0290
 379.8651
 375.7012
 371.5373
 367.3734
 363.2219
 359.0619
 354.8980
 350.7340
 346.5701
 342.4062
 338.2548
 334.0908
 329.9269
 325.7630
 321.5991
 317.4352
 313.2837
 309.1323
 304.9684
 300.8044
 296.6405
 292.4766
 288.3251
 284.1737
 280.0137
 275.8498
 271.6858
 267.5219
 263.3580
 259.2065
 255.0465
 250.8826
 246.7187
 242.5548
 238.3909
 234.2394
 230.0794
 225.9155
 221.7516
 217.5876
 213.4237
 209.2723
 205.1248
 200.9608
 196.7969
 192.6330
 188.4691
 184.3176
 180.1662
 176.0023
 171.8383
 167.6744
 163.5105
 159.3466
 155.1952
 151.0312
 146.8673
 142.7034
 138.5395
 134.3756
 130.2241
 126.1383
 122.1180
 118.1633
 114.2742
 110.4506
 106.7051
 103.0291
  99.4187
  95.8738
  92.3945
  88.9808
  85.6452
  82.3790
  79.1784
  76.0434
  72.9739
  69.9701
  67.0318
  64.1754
  61.3847
  58.6595
  55.9999
  53.4058
  50.8774
  48.4270
  46.0460
  43.7307
  41.4809
  39.2967
  37.1781
  35.1375
  33.1664
  31.2609
  29.4210
  27.6466
  25.9378
  24.3071
  22.7459
  21.2502
  19.8326
  18.4806
  17.1942
  15.9733
  14.8344
  13.7611
  12.7533
  11.8111
  10.9345
  10.1235
   9.3944
   8.7309
   8.1330
   7.6007
   7.1339
   6.7327
   6.4135
   6.1599
   5.9718
   5.8493
   5.7924
   5.8010
   5.8136
   5.8261
   5.8386
   5.8512
   5.8637
   5.8763
   5.8888
   5.9014
   5.9139
   5.9265
   5.9390
   5.9515
   5.9641
   5.9766
   5.9892
   6.0017
   6.0143
   6.0393
   6.0644
   6.0895
   6.1145
   6.1396
   6.1647
   6.1897
   6.2148
   6.2399
   6.2650
   6.2900
   6.3151
   6.3402
   6.3652
   6.3903
   6.4154
   6.4405
   6.4655
   6.4906
   6.5157
   6.5408
   6.5658
   6.5784
   6.5910
   6.6035
   6.6161
   6.6287
   6.6412
   6.6538
   6.6664
   6.6789
   6.6915
   6.7041
   6.7167
   6.7292
   6.7418
   6.7544
   6.7669
   6.7795
   6.7921
   6.8172
   6.8423
   6.8674
   6.8925
   6.9176
   6.9427
   6.9678
   6.9929
   7.0180
   7.0431
   7.0682
   7.0933
   7.1184
   7.1435
   7.1686
   7.1937
   7.2188
   7.2440
   7.2691
   7.2942
   7.3193
   7.3319
   7.3445
   7.3571
   7.3696
   7.3822
   7.3948
   7.4074
   7.4200
   7.4326
   7.4452
   7.4578
   7.4704
   7.4830
   7.4956
   7.5082
   7.5208
   7.5334
   7.5460
   7.5711
   7.5962
   7.6214
   7.6465
   7.6716
   7.6968
   7.7219
   7.7470
   7.7722
   7.7973
   7.8225
   7.8476
   7.8727
   7.8979
   7.9230
   7.9482
   7.9733
   7.9984
   8.0236
   8.0487
   8.0739
   8.0990
   8.1116
   8.1242
   8.1369
   8.1495
   8.1621
   8.1747
   8.1873
   8.1999
   8.2126
   8.2252
   8.2378
   8.2504
   8.2630
   8.2757
   8.2883
   8.3009
   8.3135
   8.3387
   8.3639
   8.3890
   8.4142
   8.4394
   8.4645
   8.4897
   8.5149
   8.5400
   8.5652
   8.5904
   8.6156
   8.6407
   8.6659
   8.6911
   8.7162
   8.7414
   8.7666
   8.7918
   8.8169
   8.8421
   8.8673
   8.8799
   8.8926
   8.9052
   8.9179
   8.9305
   8.9431
   8.9558
   8.9684
   8.9811
   8.9937
   9.0064
   9.0190
   9.0316
   9.0443
   9.0569
   9.0696
   9.0822
   9.0949
   9.1201
   9.1453
   9.1705
   9.1957
   9.2209
   9.2461
   9.2713
   9.2965
   9.3217
   9.3469
   9.3721
   9.3973
   9.4225
   9.4477
   9.4729
   9.4981
   9.5234
   9.5486
   9.5738
   9.5990
   9.6242
   9.6369
   9.6495
   9.6622
   9.6749
   9.6875
   9.7002
   9.7128
   9.7255
   9.7382
   9.7508
   9.7635
   9.7762
   9.7889
   9.8015
   9.8142
   9.8269
   9.8395
   9.8522
   9.8774
   9.9027
   9.9279
   9.9531
   9.9784
  10.0036
  10.0288
  10.0541
  10.0793
  10.1046
  10.1298
  10.1550
  10.1803
  10.2055
  10.2308
  10.2560
  10.2812
  10.3065
  10.3317
  10.3570
  10.3822
  10.4075
  10.4202
  10.4328
  10.4455
  10.4582
  10.4709
  10.4836
  10.4963
  10.5090
  10.5217
  10.5344
  10.5471
  10.5598
  10.5724
  10.5851
  10.5978
  10.6105
  10.6232
  10.6359
  10.6612
  10.6865
  10.7117
  10.7370
  10.7623
  10.7875
  10.8128
  10.8381
  10.8633
  10.8886
  10.9139
  10.9392
  10.9644
  10.9897
  11.0150
  11.0403
  11.0655
  11.0908
  11.1161
  11.1414
  11.1667
  11.1794
  11.1921
  11.2048
  11.2175
  11.2302
  11.2429
  11.2557
  11.2684
  11.2811
  11.2938
  11.3065
  11.3192
  11.3320
  11.3447
  11.3574
  11.3701
  11.3828
  11.3955
  11.4208
  11.4461
  11.4714
  11.4968
  11.5221
  11.5474
  11.5727
  11.5980
  11.6233
  11.6486
  11.6739
  11.6992
  11.7245
  11.7498
  11.7751
  11.8004
  11.8257
  11.8511
  11.8764
  11.9017
  11.9270
  11.9523
  11.9650
  11.9778
  11.9905
  12.0033
  12.0160
  12.0287
  12.0415
  12.0542
  12.0670
  12.0797
  12.0924
  12.1052
  12.1179
  12.1307
  12.1434
  12.1561
  12.1689
  12.1942
  12.2196
  12.2449
  12.2702
  12.2956
  12.3209
  12.3462
  12.3716
  12.3969
  12.4223
  12.4476
  12.4729
  12.4983
  12.5236
  12.5490
  12.5743
  12.5997
  12.6250
  12.6504
  12.6757
  12.7010
  12.7264
  12.7392
  12.7519
  12.7647
  12.7774
  12.7902
  12.8030
  12.8157
  12.8285
  12.8413
  12.8540
  12.8668
  12.8796
  12.8923
  12.9051
  12.9178
  12.9306
  12.9434
  12.9561
  12.9815
  13.0069
  13.0323
  13.0576
  13.0830
  13.1084
  13.1337
  13.1591
  13.1845
  13.2099
  13.2352
  13.2606
  13.2860
  13.3114
  13.3368
  13.3621
  13.3875
  13.4129
  13.4383
  13.4636
  13.4890
  13.5018
  13.5146
  13.5274
  13.5402
  13.5530
  13.5657
  13.5785
  13.5913
  13.6041
  13.6169
  13.6297
  13.6425
  13.6553
  13.6681
  13.6808
  13.6936
  13.7064
  13.7192
  13.7446
  13.7700
  13.7954
  13.8208
  13.8462
  13.8716
  13.8971
  13.9351
  13.9731
  14.0111
  14.0491
  14.0872
  14.1252
  14.1632
  14.2013
  14.2393
  14.2773
  14.3153
  14.3534
  14.3914
  14.4294
  14.4675
  14.4929
  14.5183
  14.5438
  14.5692
  14.5946
  14.6201
  14.6455
  14.6709
  14.6963
  14.7218
  14.7472
  14.7727
  14.7981
  14.8235
  14.8490
  14.8744
  14.8998
  14.9253
  14.9507
  14.9761
  15.0016
  15.0270
  15.0525
  15.0779
  15.1033
  15.1288
  15.1542
  15.1797
  15.2051
  15.2306
  15.2560
  15.2814
  15.3069
  15.3323
  15.3578
  15.3832
  15.4087
  15.4341
  15.4596
  15.4724
  15.4852
  15.4981
  15.5109
  15.5238
  15.5366
  15.5494
  15.5496
  15.5499
  15.5501
  15.5503
  15.5505
  15.5508
  15.5510
  15.5512
  15.5514
  15.5516
  15.5519
  15.5521
  15.5523
  15.5525
  15.5527
  15.5530
  15.5532
  15.5534
  15.5536
  15.5539
  15.5541
  15.5543
  15.5545
  15.5547
  15.5550
  15.5552
  15.5554
  15.5556
  15.5559
  15.5561
  15.5563
  15.5565
  15.5567
  15.5570
  15.5572
  15.5574
  15.5576
  15.5578
  15.5581
  15.5583
  15.5585
  15.5587
  15.5590
  15.5592
  15.5594
  15.5596
  15.5598
  15.5601
  15.5603
  15.5605
  15.5607
  15.5609
  15.5612
  15.5614
  15.5616
  15.5618
  15.5621
  15.5623
  15.5625
  15.5627
  15.5629
  15.5632
  15.5634
  15.5636
  15.5638
  15.5641
  15.5643
  15.5645
  15.5647
  15.5649
  15.5652
  15.5654
  15.5656
  15.5658
  15.5660
  15.5663
  15.5665
  15.5667
  15.5669
  15.5672
  15.5674
  15.5676
  15.5678
  15.5680
  15.5683
  15.5685
  15.5687
  15.5689
  15.5691
  15.5694
  15.5696
  15.5698
  15.5700
  15.5703
  15.5705
  15.5707
  15.5709
  15.5711
  15.5714
  15.5716
  15.5718
  15.5720
  15.5723
  15.5725
  15.5727
  15.5729
  15.5731
  15.5734
  15.5736
  15.5738
  15.5740
  15.5742
  15.5745
  15.5747
  15.5749
  15.5751
  15.5754
  15.5756
  15.5758
  15.5760
  15.5762
  15.5765
  15.5767
  15.5769
  15.5771
  15.5773
  15.5776
  15.5778
  15.5780
  15.5782
  15.5785
  15.5787
  15.5789
  15.5791
  15.5793
  15.5796
  15.5798
  15.5800
  15.5802
  15.5805
  15.5807
  15.5809
  15.5811
  15.5813
  15.5816
  15.5818
  15.5820
  15.5822
  15.5824
  15.5827
  15.5829
  15.5831
  15.5833
  15.5836
  15.5838
  15.5840
  15.5842
  15.5844
  15.5847
  15.5849
  15.5851
  15.5853
  15.5855
  15.5858
  15.5860
  15.5862
  15.5864
  15.5867
  15.5869
  15.5871
  15.5873
  15.5875
  15.5878
  15.5880
  15.5882
  15.5884
  15.5887
  15.5889
  15.5891
  15.5893
  15.5895
  15.5898
  15.5900
  15.5902
  15.5904
  15.5906
  15.5909
  15.5911
  15.5913
  15.5915
  15.5918
  15.5920
  15.5922
  15.5924
  15.5926
  15.5929
  15.5931
  15.5933
  15.5935
  15.5938
  15.5940
  15.5942
  15.5944
  15.5946
  15.5949
  15.5951
  15.5953
  15.5955
  15.5957
  15.5960
  15.5962
  15.5964
  15.5966
  15.5969
  15.5971
  15.5973
  15.5975
  15.5977
  15.5980
  15.5982
  15.5984
  15.5986
  15.5988
  15.5991
  15.5993
  15.5995
  15.5997
  15.6000
  15.6002
  15.6004
  15.6006
  15.6008
  15.6011
  15.6013
  15.6015
  15.6017
  15.6020
  15.6022
  15.6024
  15.6026
  15.6028
  15.6031
  15.6033
  15.6035
  15.6037
  15.6039
  15.6042
  15.6044
  15.6046
  15.6048
  15.6051
  15.6053
  15.6055
  15.6057
  15.6059
  15.6062
  15.6064
  15.6066
  15.6068
  15.6070
  15.6073
  15.6075
  15.6077
  15.6079
  15.6082
  15.6084
  15.6086
  15.6088
  15.6090
  15.6093
  15.6095
  15.6097
  15.6099
  15.6102
  15.6104
  15.6106
  15.6108
  15.6110
  15.6113
  15.6115
  15.6117
  15.6119
  15.6121
  15.6124
  15.6126
  15.6128
  15.6130
  15.6133
  15.6135
  15.6137
  15.6139
  15.6141
  15.6144
  15.6146
  15.6148
  15.6150
  15.6152
  15.6155
  15.6157
  15.6159
  15.6161
  15.6164
  15.6166
  15.6168
  15.6170
  15.6172
  15.6175
  15.6177
  15.6179
  15.6181
  15.6184
  15.6186
  15.6188
  15.6190
  15.6192
  15.6195
  15.6197
  15.6199
  15.6201
  15.6203
  15.6206
  15.6208
  15.6210
  15.6212
  15.6215
  15.6217
  15.6219
  15.6221
  15.6223
  15.6226
  15.6228
  15.6230
  15.6232
  15.6234
  15.6237
  15.6239
  15.6241
  15.6243
  15.6246
  15.6248
  15.6250
  15.6252
  15.6254
  15.6257
  15.6259
  15.6261
  15.6263
  15.6266
  15.6268
  15.6270
  15.6272
  15.6274
  15.6277
  15.6279
  15.6281
  15.6283
  15.6285
  15.6288
  15.6290
  15.6292
  15.6294
  15.6297
  15.6299
  15.6301
  15.6303
  15.6305
  15.6308
  15.6310
  15.6312
  15.6314
  15.6316
  15.6319
  15.6321
  15.6323
  15.6325
  15.6328
  15.6330
  15.6332
  15.6334
  15.6336
  15.6339
  15.6341
  15.6343
  15.6345
  15.6348
  15.6350
  15.6352
  15.6354
  15.6356
  15.6359
  15.6361
  15.6363
  15.6365
  15.6367
  15.6370
  15.6372
  15.6374
  15.6376
  15.6379
  15.6381
  15.6383
  15.6385
  15.6387
  15.6390
  15.6392
  15.6394
  15.6396
  15.6398
  15.6401
  15.6403
  15.6405
  15.6407
  15.6410
  15.6412
  15.6414
  15.6416
  15.6418
  15.6421
  15.6423
  48.2220
  80.7198
 113.1520
 145.5186
 177.8197
 210.0551
 242.2250
 274.3129
 306.3353
 338.2920
 370.1832
 402.0088
 433.7688
 465.4469
 497.0594
 528.6063
 560.0876
 591.5034
 622.8535
 654.1217
 685.3243
 716.4614
 747.5328
 778.5388
 809.4791
 840.3374
 871.1301
 901.8574
 932.5189
 963.1150
