  -0.8654
  -0.7297
  -0.5912
  -0.4537
  -0.3122
  -0.1630
  -0.0167
   0.1362
   0.2934
   0.4548
   0.6198
   0.7877
   0.9531
   1.1269
   1.2968
   1.4705
   1.6425
   1.8094
   1.9674
   2.1233
   2.2852
   2.4480
   2.6135
   2.7828
   2.9477
   3.1125
   3.2796
   3.4476
   3.6109
   3.7794
   3.9507
   3.9373
   3.9262
   3.9266
   3.9301
   3.9387
   3.9458
   3.9545
   3.9584
   3.9662
   3.9677
   3.9607
   3.9468
   3.9324
   3.9177
   3.8964
   3.8760
   3.8556
   3.8430
   3.8350
   3.8262
   3.8213
   3.8171
   3.8138
   3.8205
   3.8333
   3.8397
   3.8518
   3.8610
   3.8724
   3.8899
   3.8997
   3.9207
   3.9365
   3.9558
   3.9762
   4.0024
   4.0228
   4.0382
   4.0549
   4.0660
   4.0847
   4.0940
   4.1066
   4.1100
   4.1205
   4.1262
   4.1263
   4.1208
   4.1173
   4.1138
   4.1048
   4.0978
   4.0869
   4.0817
   4.0742
   4.0626
   4.0424
   4.0090
   3.9722
   3.9197
   3.8650
   3.8027
   3.7379
   3.6705
   3.6073
   3.5438
   3.4862
   3.4300
   3.3818
   3.3347
   3.2876
   3.2366
   3.1918
   3.1506
   3.1135
   3.0803
   3.0440
   3.0094
   2.9651
   2.9267
   2.8898
   2.8516
   2.8159
   2.7861
   2.7488
   2.7128
   2.6810
   2.6434
   2.6049
   2.5674
   2.5319
   2.5006
   2.4672
   2.4355
   2.3983
   2.3607
   2.3204
   2.2783
   2.2408
   2.2013
   2.1681
   2.1241
   2.0898
   2.0503
   2.0137
   1.9737
   1.9351
   1.8987
   1.8716
   1.8440
   1.8157
   1.7916
   1.7680
   1.7508
   1.7249
   1.7055
   1.6912
   1.6859
   1.6883
   1.6946
   1.7170
   1.7367
   1.7681
   1.7996
   1.8297
   1.8513
   1.8741
   1.8903
   1.9046
   1.9181
   1.9311
   1.9410
   1.9560
   1.9740
   1.9846
   1.9997
   2.0137
   2.0290
   2.0439
   2.0608
   2.0722
   2.0849
   2.0948
   2.1050
   2.1130
   2.1215
   2.1286
   2.1280
   2.1338
   2.1420
   2.1496
   2.1541
   2.1599
   2.1637
   2.1631
   2.1685
   2.1686
   2.1687
   2.1675
   2.1692
   2.1715
   2.1786
   2.1865
   2.1914
   2.1963
   2.2010
   2.2035
   2.2099
   2.2017
   2.1413
   2.0751
   2.0126
   1.9519
   1.8886
   1.8278
   1.7683
   1.7105
   1.6535
   1.5942
   1.5352
   1.4759
   1.4111
   1.3496
   1.2840
   1.2200
   1.1558
   1.0949
   1.0296
   0.9677
   0.9054
   0.8400
   0.7779
   0.7162
   0.6586
   0.5924
   0.5321
   0.4591
   0.3908
   0.3198
   0.2508
   0.1806
   0.1124
   0.0414
  -0.0325
  -0.1060
  -0.1808
  -0.2576
  -0.3392
  -0.4139
  -0.4949
  -0.5761
  -0.6640
  -0.7478
  -0.8356
  -0.9240
  -1.0112
  -1.1095
  -1.2035
  -1.3004
  -1.3934
  -1.4881
  -1.5817
  -1.6751
  -1.7628
  -1.8528
  -1.9431
  -2.0256
  -2.1111
  -2.1975
  -2.2662
  -2.2887
  -2.2990
  -2.3199
  -2.3360
  -2.3503
  -2.3693
  -2.3886
  -2.4057
  -2.4220
  -2.4325
  -2.4479
  -2.4548
  -2.4596
  -2.4661
  -2.4717
  -2.4796
  -2.4858
  -2.4991
  -2.5087
  -2.5229
  -2.5373
  -2.5528
  -2.5732
  -2.5936
  -2.6138
  -2.6293
  -2.6473
  -2.6550
  -2.6703
  -2.6826
  -2.6923
  -2.7032
  -2.7096
  -2.7173
  -2.7220
  -2.7270
  -2.7285
  -2.7300
  -2.7311
  -2.7355
  -2.7376
  -2.7412
  -2.7392
  -2.7384
  -2.7346
  -2.7299
  -2.7206
  -2.6985
  -2.6789
  -2.6512
  -2.6230
  -2.5969
  -2.5687
  -2.5416
  -2.5172
  -2.4925
  -2.4637
  -2.4420
  -2.4187
  -2.4038
  -2.3891
  -2.3758
  -2.3719
  -2.3622
  -2.3603
  -2.3538
  -2.3474
  -2.3376
  -2.3334
  -2.3314
  -2.3333
  -2.3357
  -2.3477
  -2.3595
  -2.3727
  -2.3856
  -2.4008
  -2.4205
  -2.4371
  -2.4595
  -2.4832
  -2.5051
  -2.5275
  -2.5512
  -2.5780
  -2.6095
  -2.6416
  -2.6705
  -2.7035
  -2.7352
  -2.7644
  -2.7966
  -2.8286
  -2.8667
  -2.9009
  -2.9342
  -2.9675
  -3.0045
  -3.0421
  -3.0793
  -3.1117
  -3.1435
  -3.1751
  -3.2074
  -3.2411
  -3.2733
  -3.3063
  -3.3425
  -3.3836
  -3.4216
  -3.4662
  -3.5078
  -3.5515
  -3.5975
  -3.6458
  -3.6959
  -3.7537
  -3.8161
  -3.8811
  -3.9405
  -3.9948
  -4.0448
  -4.0830
  -4.1185
  -4.1495
  -4.1533
  -4.1747
  -4.1864
  -4.1955
  -4.2155
  -4.2199
  -4.2282
  -4.2270
  -4.2221
  -4.2199
  -4.2120
  -4.2009
  -4.1860
  -4.1712
  -4.1487
  -4.1240
  -4.0979
  -4.0763
  -4.0508
  -4.0212
  -3.9898
  -3.9630
  -3.9318
  -3.9022
  -3.8704
  -3.8377
  -3.8044
  -3.7719
  -3.7326
  -3.6936
  -3.6520
  -3.6105
  -3.5679
  -3.5221
  -3.4679
  -3.4128
  -3.3659
  -3.3179
  -3.2762
  -3.2284
  -3.1826
  -3.1421
  -3.1006
  -3.0583
  -3.0072
  -2.9651
  -2.9129
  -2.8662
  -2.8106
  -2.7644
  -2.7186
  -2.6655
  -2.6104
  -2.5528
  -2.4933
  -2.4365
  -2.3829
  -2.3351
  -2.2959
  -2.2626
  -2.2288
  -2.2327
  -2.2130
  -2.2089
  -2.2018
  -2.1838
  -2.1806
  -2.1705
  -2.1691
  -2.1630
  -2.1516
  -2.1466
  -2.1395
  -2.1323
  -2.1300
  -2.1247
  -2.1203
  -2.1144
  -2.1085
  -2.1044
  -2.0979
  -2.0909
  -2.0792
  -2.0661
  -2.0615
  -2.0576
  -2.0500
  -2.0501
  -2.0469
  -2.0502
  -2.0504
  -2.0535
  -2.0624
  -2.0650
  -2.0730
  -2.0755
  -2.0835
  -2.0846
  -2.0878
  -2.0815
  -2.0764
  -2.0647
  -2.0532
  -2.0381
  -2.0206
  -2.0121
  -1.9987
  -1.9885
  -1.9791
  -1.9770
  -1.9708
  -1.9665
  -1.9691
  -1.9690
  -1.9746
  -1.9819
  -1.9910
  -1.9944
  -1.9969
  -2.0043
  -2.0010
  -1.9995
  -1.9846
  -1.9833
  -1.9681
  -1.9627
  -1.9547
  -1.9475
  -1.9448
  -1.9337
  -1.9251
  -1.9154
  -1.9045
  -1.8982
  -1.8923
  -1.8787
  -1.8750
  -1.8754
  -1.8729
  -1.8627
  -1.8466
  -1.8397
  -1.8294
  -1.8115
  -1.8037
  -1.7826
  -1.7630
  -1.7490
  -1.7308
  -1.7210
  -1.7093
  -1.7000
  -1.6962
  -1.6892
  -1.6909
  -1.6893
  -1.7009
  -1.7038
  -1.7109
  -1.7188
  -1.7247
  -1.7328
  -1.7425
  -1.7505
  -1.7631
  -1.7825
  -1.7994
  -1.8147
  -1.8351
  -1.8501
  -1.8661
  -1.8743
  -1.8788
  -1.8846
  -1.8890
  -1.8863
  -1.8797
  -1.8731
  -1.8711
  -1.8677
  -1.8586
  -1.8573
  -1.8542
  -1.8541
  -1.8491
  -1.8514
  -1.8542
  -1.8552
  -1.8579
  -1.8530
  -1.8562
  -1.8592
  -1.8688
  -1.8770
  -1.8832
  -1.8916
  -1.9020
  -1.9100
  -1.9100
  -1.9162
  -1.9238
  -1.9356
  -1.9454
  -1.9546
  -1.9667
  -1.9773
  -1.9880
  -2.0000
  -2.0056
  -2.0124
  -2.0137
  -2.0153
  -2.0137
  -2.0106
  -2.0093
  -2.0053
  -2.0016
  -1.9979
  -1.9982
  -1.9990
  -1.9940
  -1.9999
  -2.0019
  -2.0066
  -2.0015
  -1.9999
  -1.9891
  -1.9815
  -1.9708
  -1.9599
  -1.9450
  -1.9302
  -1.9145
  -1.9023
  -1.8819
  -1.8631
  -1.8560
  -1.8473
  -1.8412
  -1.8355
  -1.8306
  -1.8289
  -1.8311
  -1.8334
  -1.8351
  -1.8385
  -1.8402
  -1.8394
  -1.8413
  -1.8365
  -1.8366
  -1.8371
  -1.8308
  -1.8438
  -1.8546
  -1.8602
  -1.8648
  -1.8635
  -1.8596
  -1.8584
  -1.8520
  -1.8524
  -1.8507
  -1.8480
  -1.8470
  -1.8521
  -1.8516
  -1.8541
  -1.8507
  -1.8510
  -1.8487
  -1.8433
  -1.8371
  -1.8317
  -1.8213
  -1.8112
  -1.7976
  -1.7873
  -1.7782
  -1.7599
  -1.7442
  -1.7301
  -1.7137
  -1.7028
  -1.6875
  -1.6831
  -1.6723
  -1.6646
  -1.6551
  -1.6426
  -1.6344
  -1.6250
  -1.6196
  -1.6185
  -1.6162
  -1.6238
  -1.6306
  -1.6276
  -1.6258
  -1.6205
  -1.6075
  -1.6001
  -1.5918
  -1.5759
  -1.5603
  -1.5396
  -1.5218
  -1.4999
  -1.4744
  -1.4464
  -1.4260
  -1.4034
  -1.3758
  -1.3564
  -1.3149
  -1.2769
  -1.2420
  -1.2089
  -1.1809
  -1.1526
  -1.1215
  -1.0920
  -1.0558
  -1.0234
  -0.9927
  -0.9585
  -0.9208
  -0.8839
  -0.8447
  -0.8052
  -0.7652
  -0.7221
  -0.6829
  -0.6429
  -0.6055
  -0.5666
  -0.5164
  -0.4708
  -0.4219
  -0.3693
  -0.3256
  -0.2784
  -0.2362
  -0.1944
  -0.1479
  -0.1064
  -0.0623
  -0.0217
   0.0154
   0.0566
   0.0932
   0.1338
   0.1644
   0.2042
   0.2426
   0.2832
   0.3278
   0.3726
   0.4162
   0.4545
   0.4986
   0.5370
   0.5788
   0.6213
   0.6634
   0.7056
   0.7477
   0.7892
   0.8275
   0.8650
   0.8965
   0.9452
   1.0369
   1.1420
   1.2606
   1.3791
   1.4980
   1.6095
   1.7234
   1.8320
   1.9355
   2.0345
   2.1324
   2.2322
   2.3291
   2.4234
   2.5099
   2.5951
   2.6835
   2.7681
   2.8460
   2.9281
   3.0029
   3.0776
   3.1508
   3.2239
   3.2964
   3.3585
   3.4264
   3.4960
   3.5647
   3.6366
   3.7168
   3.8045
   3.8962
   3.9866
   4.0838
   4.1792
   4.2743
   4.3715
   4.4645
   4.5533
   4.6429
   4.7350
   4.8252
   4.9204
   5.0123
   5.1026
   5.1884
   5.2751
   5.3568
   5.4308
   5.5107
   5.5885
   5.6763
   5.7567
   5.8423
   5.9247
   6.0082
   6.0891
   6.1741
   6.2602
   6.3384
   6.3702
   6.3924
   6.4065
   6.4191
   6.4290
   6.4390
   6.4499
   6.4734
   6.4907
   6.5025
   6.5182
   6.5311
   6.5509
   6.5749
   6.6048
   6.6323
   6.6637
   6.6981
   6.7416
   6.7808
   6.8341
   6.8818
   6.9334
   6.9860
   7.0411
   7.1044
   7.1662
   7.2222
   7.2858
   7.3505
   7.4062
   7.4631
   7.5225
   7.5852
   7.6452
   7.7086
   7.7755
   7.8447
   7.9043
   7.9682
   8.0287
   8.0893
   8.1459
   8.2028
   8.2653
   8.3293
   8.3978
   8.4679
   8.5523
   8.6375
   8.7195
   8.8097
   8.8871
   8.9768
   9.0608
   9.1491
   9.2397
   9.3248
   9.4047
   9.4860
   9.5657
   9.6439
   9.7236
   9.7958
   9.8738
   9.9612
  10.0553
  10.1526
  10.2468
  10.3485
  10.4610
  10.5681
  10.6777
  10.7883
  10.8980
  11.0079
  11.1261
  11.2404
  11.3510
  11.4666
  11.5842
  11.6975
  11.8143
  11.9279
  12.0448
  12.1569
  12.2607
  12.3529
  12.4442
  12.5284
  12.6087
  12.6961
  12.7815
  12.8720
  12.9711
  13.0780
  13.1889
  13.3043
  13.4156
  13.5386
  13.6658
  13.7986
  13.9381
  14.0851
  14.2292
  14.3728
  14.5150
  14.6613
  14.8010
  14.9287
  15.0597
  15.1800
  15.2969
  15.4084
  15.4776
  15.5277
  15.5692
  15.5876
  15.6166
  15.6421
  15.6577
  15.6724
  15.6876
  15.7025
  15.7312
  15.7649
  15.7969
  15.8262
  15.8556
  15.8779
  15.9127
  15.9417
  15.9723
  16.0085
  16.0423
  16.0783
  16.1053
  16.1233
  16.1282
  16.1403
  16.1361
  16.1332
  16.1238
  16.1102
  16.0989
  16.0860
  16.0720
  16.0522
  16.0452
  16.0366
  16.0293
  16.0227
  16.0131
  15.9978
  15.9790
  15.9416
  15.8941
  15.8393
  15.7873
  15.7354
  15.6836
  15.6162
  15.5552
  15.4913
  15.4208
  15.3482
  15.2786
  15.2074
  15.1288
  15.0524
  14.9797
  14.9090
  14.8464
  14.7817
  14.7241
  14.6864
  14.6600
  14.6329
  14.6240
  14.6030
  14.5766
  14.5592
  14.5364
  14.5126
  14.4844
  14.4387
  14.3789
  14.3177
  14.2573
  14.1894
  14.1258
  14.0523
  13.9869
  13.9184
  13.8502
  13.7752
  13.7047
  13.6374
  13.5766
  13.5240
  13.4688
  13.4217
  13.3681
  13.3161
  13.2707
  13.2220
  13.1717
  13.1248
  13.0928
  13.0606
  13.0344
  12.9980
  12.9564
  12.9086
  12.8587
  12.8023
  12.7465
  12.6906
  12.6402
  12.5844
  12.5376
  12.4869
  12.4484
  12.4115
  12.3684
  12.3277
  12.2926
  12.2494
  12.2127
  12.1775
  12.1369
  12.1109
  12.0723
  12.0413
  12.0110
  11.9814
  11.9755
  11.9667
  11.9696
  11.9760
  11.9904
  12.0104
  12.0239
  12.0358
  12.0634
  12.0921
  12.1236
  12.1667
  12.2063
  12.2453
  12.2885
  12.3260
  12.3619
  12.3953
  12.4319
  12.4628
  12.5020
  12.5393
  12.5757
  12.6052
  12.6222
  12.6269
  12.6275
  12.6305
  12.6253
  12.6167
  12.6057
  12.6036
  12.5908
  12.5707
  12.5523
  12.5288
  12.5078
  12.4828
  12.4647
  12.4516
  12.4433
  12.4285
  12.4179
  12.4065
  12.3918
  12.3696
  12.3506
  12.3327
  12.3023
  12.2775
  12.2545
  12.2255
  12.1940
  12.1439
  12.1035
  12.0728
  12.0332
  12.0069
  11.9733
  11.9381
  11.9046
  11.8630
  11.8296
  11.7852
  11.7406
  11.6971
  11.6603
  11.6293
  11.5974
  11.5457
  11.4850
  11.4249
  11.3590
  11.2932
  11.2264
  11.1523
  11.0807
  11.0051
  10.9305
  10.8584
  10.7780
  10.6936
  10.6051
  10.5242
  10.4453
  10.3797
  10.3264
  10.2791
  10.2317
  10.1918
  10.1519
  10.1138
  10.0701
  10.0321
   9.9982
   9.9579
   9.9282
   9.9012
   9.8848
   9.8734
   9.8548
   9.8419
   9.8299
   9.8245
   9.8151
   9.8065
   9.8051
   9.7995
   9.7839
   9.7682
   9.7541
   9.7383
   9.7208
   9.7068
   9.7124
   9.7165
   9.7166
   9.7093
   9.6976
   9.6652
   9.6259
   9.5791
   9.5249
   9.4650
   9.4059
   9.3453
   9.2846
   9.2181
   9.1535
   9.1012
   9.0580
   9.0257
   8.9918
   8.9538
   8.9107
   8.8586
   8.8131
   8.7741
   8.7428
   8.7047
   8.6633
   8.6276
   8.6018
   8.5809
   8.5600
   8.5458
   8.5314
   8.5057
   8.4691
   8.4258
   8.3740
   8.3197
   8.2645
   8.2068
   8.1465
   8.0722
   8.0036
   7.9312
   7.8710
   7.8159
   7.7517
   7.6784
   7.5895
   7.5080
   7.4142
   7.3137
   7.2026
   7.0841
   6.9591
   6.8366
   6.7134
   6.5821
   6.4458
   6.3162
   6.1824
   6.0453
   5.9023
   5.7676
   5.6379
   5.5049
   5.3893
   5.2770
   5.1730
   5.0702
   4.9734
   4.8767
   4.7775
   4.6808
   4.5831
   4.4787
   4.3711
   4.2593
   4.1457
   4.0403
   3.9342
   3.8372
   3.7509
   3.6754
   3.5933
   3.5103
   3.4248
   3.3384
   3.2455
   3.1436
   3.0425
   2.9323
   2.8121
   2.6929
   2.5860
   2.4824
   2.3889
   2.3055
   2.2320
   2.1551
   2.0732
   1.9980
   1.9367
   1.8705
   1.8017
   1.7196
   1.6335
   1.5473
   1.4777
   1.4147
   1.3501
   1.2929
   1.2365
   1.1891
   1.1518
   1.1219
   1.0903
   1.0596
   1.0263
   0.9955
   0.9573
   0.9258
   0.8909
   0.8561
   0.8220
   0.7888
   0.7547
   0.7222
   0.6881
   0.6589
   0.6360
   0.6193
   0.6025
   0.5906
   0.5664
   0.5520
   0.5452
   0.5317
   0.5190
   0.5031
   0.4840
   0.4721
   0.4536
   0.4285
   0.3863
   0.3464
   0.3041
   0.2667
   0.2294
   0.1913
   0.1482
   0.0960
   0.0455
  -0.0010
  -0.0458
  -0.0996
  -0.1493
  -0.2048
  -0.2659
  -0.3287
  -0.3947
  -0.4607
  -0.5292
  -0.5984
  -0.6661
  -0.7338
  -0.7956
  -0.8567
  -0.9186
  -0.9871
  -1.0522
  -1.1175
  -1.1859
  -1.2552
  -1.3295
  -1.4194
  -1.5093
  -1.5919
  -1.6752
  -1.7512
  -1.8288
  -1.8990
  -1.9758
  -2.0485
  -2.1227
  -2.2019
  -2.2819
  -2.3611
  -2.4403
  -2.5119
  -2.5894
  -2.6750
  -2.7737
  -2.8699
  -2.9678
  -3.0558
  -3.1504
  -3.2499
  -3.3461
  -3.4455
  -3.5401
  -3.6387
  -3.7389
  -3.8317
  -3.9262
  -4.0108
  -4.0945
  -4.1824
  -4.2694
  -4.3499
  -4.4222
  -4.4904
  -4.5519
  -4.6110
  -4.6701
  -4.7439
  -4.8046
  -4.8702
  -4.9367
  -5.0056
  -5.0794
  -5.1416
  -5.1949
  -5.2505
  -5.3079
  -5.3660
  -5.4192
  -5.4683
  -5.5116
  -5.5492
  -5.5859
  -5.6260
  -5.6668
  -5.7133
  -5.7518
  -5.7852
  -5.8144
  -5.8380
  -5.8623
  -5.8842
  -5.9085
  -5.7533
  -5.6006
  -5.4506
  -5.3047
  -5.1599
  -5.0159
  -4.8754
  -4.7317
  -4.5914
  -4.4430
  -4.2874
  -4.1229
  -3.9536
  -3.7893
  -3.6210
  -3.4538
  -3.2898
  -3.1220
  -2.9632
  -2.8005
  -2.6405
  -2.4830
  -2.3322
  -2.1889
  -2.0432
  -1.8961
  -1.7524
  -1.6015
  -1.4540
  -1.3180
