  -6.7253
  -6.8426
  -6.9536
  -7.0677
  -7.1737
  -7.2863
  -7.3972
  -7.5077
  -7.6138
  -7.7212
  -7.8256
  -7.9252
  -8.0151
  -8.1065
  -8.1952
  -8.2931
  -8.3990
  -8.5147
  -8.6481
  -8.7881
  -8.9203
  -9.0258
  -9.1263
  -9.2190
  -9.3242
  -9.4402
  -9.5689
  -9.7059
  -9.8445
  -9.9832
 -10.1171
 -10.0886
 -10.0667
 -10.0566
 -10.0432
 -10.0267
 -10.0106
  -9.9967
  -9.9827
  -9.9753
  -9.9584
  -9.9497
  -9.9463
  -9.9494
  -9.9561
  -9.9674
  -9.9795
  -9.9914
 -10.0033
 -10.0231
 -10.0360
 -10.0420
 -10.0404
 -10.0316
 -10.0075
  -9.9805
  -9.9442
  -9.8892
  -9.8325
  -9.7649
  -9.6987
  -9.6319
  -9.5661
  -9.5084
  -9.4431
  -9.3653
  -9.2891
  -9.2145
  -9.1355
  -9.0611
  -8.9698
  -8.8783
  -8.7905
  -8.7063
  -8.6129
  -8.5151
  -8.4081
  -8.2932
  -8.1737
  -8.0320
  -7.8856
  -7.7534
  -7.6389
  -7.5262
  -7.4153
  -7.2918
  -7.1577
  -7.0149
  -6.8666
  -6.7115
  -6.5504
  -6.3913
  -6.2371
  -6.0859
  -5.9377
  -5.7857
  -5.6348
  -5.4884
  -5.3462
  -5.2104
  -5.0796
  -4.9475
  -4.8202
  -4.6889
  -4.5560
  -4.4282
  -4.3041
  -4.1787
  -4.0573
  -3.9353
  -3.8106
  -3.6904
  -3.5750
  -3.4641
  -3.3560
  -3.2638
  -3.1843
  -3.1177
  -3.0674
  -3.0254
  -2.9918
  -2.9587
  -2.9282
  -2.9036
  -2.8741
  -2.8495
  -2.8486
  -2.8462
  -2.8485
  -2.8592
  -2.8721
  -2.9013
  -2.9330
  -2.9730
  -3.0217
  -3.0787
  -3.1431
  -3.2119
  -3.2805
  -3.3518
  -3.4341
  -3.5143
  -3.5944
  -3.6820
  -3.7772
  -3.8788
  -3.9866
  -4.0945
  -4.2032
  -4.3148
  -4.4292
  -4.5466
  -4.6640
  -4.7799
  -4.8941
  -5.0018
  -5.1094
  -5.2058
  -5.2875
  -5.3628
  -5.4326
  -5.4870
  -5.5499
  -5.6027
  -5.6554
  -5.7060
  -5.7479
  -5.7818
  -5.8268
  -5.8648
  -5.9100
  -5.9579
  -6.0040
  -6.0591
  -6.0983
  -6.1472
  -6.1928
  -6.2432
  -6.2903
  -6.3387
  -6.3933
  -6.4521
  -6.5172
  -6.5853
  -6.6516
  -6.7307
  -6.8177
  -6.9077
  -7.0089
  -7.1102
  -7.2094
  -7.3017
  -7.3951
  -7.4908
  -7.5891
  -7.6841
  -7.7758
  -7.8631
  -7.9498
  -8.0356
  -8.1207
  -8.2125
  -8.3033
  -8.3960
  -8.4891
  -8.5808
  -8.6661
  -8.7470
  -8.8308
  -8.9117
  -8.9904
  -9.0638
  -9.1321
  -9.1955
  -9.2495
  -9.3018
  -9.3496
  -9.3936
  -9.4405
  -9.4898
  -9.5396
  -9.5941
  -9.6530
  -9.7102
  -9.7643
  -9.8172
  -9.8692
  -9.9185
  -9.9659
 -10.0005
 -10.0366
 -10.0606
 -10.0787
 -10.0956
 -10.1061
 -10.1324
 -10.1492
 -10.1643
 -10.1642
 -10.1600
 -10.1479
 -10.1275
 -10.1010
 -10.0666
 -10.0322
  -9.9959
  -9.9499
  -9.8983
  -9.8385
  -9.7739
  -9.7004
  -9.6226
  -9.5543
  -9.4827
  -9.4096
  -9.3347
  -9.2703
  -9.2178
  -9.1801
  -9.1448
  -9.1121
  -9.0786
  -9.0368
  -8.9943
  -8.9537
  -8.9146
  -8.8803
  -8.8559
  -8.8328
  -8.8043
  -8.7797
  -8.7631
  -8.7512
  -8.7472
  -8.7498
  -8.7553
  -8.7628
  -8.7748
  -8.7843
  -8.8038
  -8.8255
  -8.8519
  -8.8870
  -8.9250
  -8.9658
  -9.0086
  -9.0512
  -9.1008
  -9.1572
  -9.2221
  -9.2958
  -9.3782
  -9.4649
  -9.5594
  -9.6581
  -9.7525
  -9.8469
  -9.9397
 -10.0310
 -10.1343
 -10.2433
 -10.3569
 -10.4755
 -10.5976
 -10.7231
 -10.8477
 -10.9738
 -11.0971
 -11.2258
 -11.3595
 -11.4934
 -11.6234
 -11.7627
 -11.9020
 -12.0367
 -12.1748
 -12.3160
 -12.4541
 -12.5796
 -12.6966
 -12.8109
 -12.9204
 -13.0302
 -13.1388
 -13.2496
 -13.3554
 -13.4579
 -13.5493
 -13.6352
 -13.7219
 -13.8088
 -13.8948
 -13.9760
 -14.0587
 -14.1429
 -14.2239
 -14.3063
 -14.3949
 -14.4898
 -14.5974
 -14.7002
 -14.8062
 -14.9088
 -15.0060
 -15.1042
 -15.2035
 -15.3060
 -15.4215
 -15.5288
 -15.6362
 -15.7415
 -15.8428
 -15.9403
 -16.0394
 -16.1367
 -16.2388
 -16.3393
 -16.4347
 -16.5304
 -16.6290
 -16.7180
 -16.8021
 -16.8799
 -16.9529
 -17.0223
 -17.0862
 -17.1465
 -17.2102
 -17.2740
 -17.3330
 -17.3856
 -17.4316
 -17.4825
 -17.5250
 -17.5514
 -17.5777
 -17.5943
 -17.6012
 -17.5951
 -17.5889
 -17.5763
 -17.5587
 -17.5379
 -17.5139
 -17.4882
 -17.4594
 -17.4274
 -17.3953
 -17.3616
 -17.3285
 -17.2946
 -17.2596
 -17.2230
 -17.1800
 -17.1323
 -17.0749
 -17.0143
 -16.9523
 -16.8855
 -16.8107
 -16.7263
 -16.6420
 -16.5544
 -16.4638
 -16.3717
 -16.2782
 -16.1832
 -16.0862
 -15.9810
 -15.8773
 -15.7688
 -15.6568
 -15.5402
 -15.4203
 -15.3019
 -15.1788
 -15.0508
 -14.9276
 -14.8093
 -14.6926
 -14.5776
 -14.4643
 -14.3590
 -14.2603
 -14.1595
 -14.0567
 -13.9534
 -13.8487
 -13.7377
 -13.6264
 -13.5142
 -13.4028
 -13.2882
 -13.1705
 -13.0544
 -12.9482
 -12.8438
 -12.7395
 -12.6353
 -12.5328
 -12.4294
 -12.3266
 -12.2259
 -12.1302
 -12.0377
 -11.9453
 -11.8512
 -11.7555
 -11.6631
 -11.5772
 -11.4897
 -11.4021
 -11.3194
 -11.2367
 -11.1589
 -11.0843
 -11.0113
 -10.9398
 -10.8684
 -10.7953
 -10.7288
 -10.6638
 -10.6004
 -10.5338
 -10.4590
 -10.3862
 -10.2991
 -10.2156
 -10.1211
 -10.0235
  -9.9241
  -9.8201
  -9.7192
  -9.6167
  -9.5175
  -9.4118
  -9.3076
  -9.2003
  -9.0832
  -8.9644
  -8.8424
  -8.7237
  -8.6032
  -8.4828
  -8.3608
  -8.2442
  -8.1330
  -8.0303
  -7.9356
  -7.8458
  -7.7627
  -7.6901
  -7.6232
  -7.5645
  -7.5156
  -7.4682
  -7.4208
  -7.3684
  -7.3176
  -7.2602
  -7.2126
  -7.1676
  -7.1253
  -7.0792
  -7.0379
  -6.9951
  -6.9555
  -6.9192
  -6.8926
  -6.8628
  -6.8330
  -6.8032
  -6.7768
  -6.7455
  -6.7223
  -6.6975
  -6.6662
  -6.6300
  -6.5905
  -6.5527
  -6.5230
  -6.4884
  -6.4522
  -6.4144
  -6.3863
  -6.3632
  -6.3384
  -6.3251
  -6.3053
  -6.2887
  -6.2722
  -6.2605
  -6.2536
  -6.2386
  -6.2236
  -6.1987
  -6.1722
  -6.1425
  -6.1110
  -6.0843
  -6.0543
  -6.0308
  -6.0059
  -5.9811
  -5.9514
  -5.9201
  -5.8903
  -5.8557
  -5.8148
  -5.7689
  -5.7182
  -5.6660
  -5.5977
  -5.5296
  -5.4533
  -5.3755
  -5.3059
  -5.2411
  -5.1846
  -5.1394
  -5.1088
  -5.0734
  -5.0396
  -5.0106
  -4.9897
  -4.9639
  -4.9414
  -4.9172
  -4.8929
  -4.8622
  -4.8331
  -4.8088
  -4.7895
  -4.7636
  -4.7393
  -4.7102
  -4.6837
  -4.6644
  -4.6518
  -4.6472
  -4.6427
  -4.6348
  -4.6287
  -4.6291
  -4.6310
  -4.6330
  -4.6447
  -4.6598
  -4.6796
  -4.7044
  -4.7357
  -4.7686
  -4.8000
  -4.8329
  -4.8725
  -4.9170
  -4.9713
  -5.0273
  -5.0916
  -5.1624
  -5.2367
  -5.3192
  -5.4017
  -5.4808
  -5.5680
  -5.6584
  -5.7472
  -5.8311
  -5.9151
  -5.9909
  -6.0635
  -6.1312
  -6.1973
  -6.2633
  -6.3163
  -6.3709
  -6.4223
  -6.4639
  -6.4974
  -6.5276
  -6.5448
  -6.5554
  -6.5645
  -6.5669
  -6.5596
  -6.5475
  -6.5305
  -6.5086
  -6.4850
  -6.4631
  -6.4429
  -6.4259
  -6.4041
  -6.3790
  -6.3620
  -6.3484
  -6.3363
  -6.3234
  -6.3081
  -6.2912
  -6.2694
  -6.2394
  -6.2062
  -6.1697
  -6.1316
  -6.0902
  -6.0408
  -5.9864
  -5.9304
  -5.8810
  -5.8315
  -5.7903
  -5.7491
  -5.7144
  -5.6781
  -5.6434
  -5.6121
  -5.5742
  -5.5412
  -5.4984
  -5.4507
  -5.4079
  -5.3553
  -5.2995
  -5.2420
  -5.1862
  -5.1321
  -5.0911
  -5.0566
  -5.0303
  -5.0154
  -5.0038
  -4.9921
  -4.9805
  -4.9737
  -4.9719
  -4.9716
  -4.9697
  -4.9678
  -4.9659
  -4.9640
  -4.9686
  -4.9782
  -4.9796
  -4.9875
  -4.9971
  -5.0115
  -5.0325
  -5.0616
  -5.0891
  -5.1183
  -5.1442
  -5.1619
  -5.1845
  -5.2055
  -5.2297
  -5.2523
  -5.2700
  -5.2894
  -5.3087
  -5.3330
  -5.3572
  -5.3847
  -5.4138
  -5.4430
  -5.4753
  -5.5094
  -5.5467
  -5.5774
  -5.6048
  -5.6224
  -5.6401
  -5.6413
  -5.6442
  -5.6406
  -5.6369
  -5.6283
  -5.6214
  -5.6177
  -5.6124
  -5.6071
  -5.6018
  -5.5964
  -5.5977
  -5.5873
  -5.5754
  -5.5602
  -5.5368
  -5.5035
  -5.4554
  -5.3976
  -5.3331
  -5.2654
  -5.2059
  -5.1447
  -5.0769
  -5.0190
  -4.9694
  -4.9114
  -4.8552
  -4.8038
  -4.7459
  -4.6879
  -4.6217
  -4.5572
  -4.4893
  -4.4263
  -4.3601
  -4.2906
  -4.2260
  -4.1663
  -4.1117
  -4.0668
  -4.0286
  -3.9953
  -3.9571
  -3.9156
  -3.8758
  -3.8408
  -3.7977
  -3.7595
  -3.7214
  -3.6816
  -3.6466
  -3.6134
  -3.5851
  -3.5503
  -3.5105
  -3.4723
  -3.4439
  -3.4205
  -3.3971
  -3.3754
  -3.3620
  -3.3452
  -3.3285
  -3.3135
  -3.3051
  -3.2903
  -3.2688
  -3.2522
  -3.2340
  -3.2158
  -3.1959
  -3.1728
  -3.1612
  -3.1513
  -3.1364
  -3.1315
  -3.1233
  -3.1249
  -3.1299
  -3.1365
  -3.1497
  -3.1513
  -3.1646
  -3.1877
  -3.2042
  -3.2257
  -3.2555
  -3.2852
  -3.3166
  -3.3480
  -3.3810
  -3.4321
  -3.4848
  -3.5491
  -3.6233
  -3.6992
  -3.7800
  -3.8560
  -3.9418
  -4.0310
  -4.1152
  -4.2126
  -4.3002
  -4.4009
  -4.4918
  -4.5825
  -4.6652
  -4.7527
  -4.8304
  -4.9163
  -5.0022
  -5.0915
  -5.1741
  -5.2502
  -5.3263
  -5.4123
  -5.4901
  -5.5564
  -5.6227
  -5.6873
  -5.7518
  -5.8179
  -5.8873
  -5.9618
  -6.0377
  -6.1186
  -6.1995
  -6.2904
  -6.3680
  -6.4539
  -6.5332
  -6.5976
  -6.6703
  -6.7314
  -6.7792
  -6.8269
  -6.8648
  -6.8994
  -6.9273
  -6.9502
  -6.9681
  -6.9694
  -6.9775
  -6.9838
  -6.9720
  -6.9536
  -6.9170
  -6.8771
  -6.8240
  -6.7692
  -6.7128
  -6.6498
  -6.5686
  -6.4958
  -6.4113
  -6.3086
  -6.2141
  -6.1163
  -6.0168
  -5.9024
  -5.7648
  -5.6156
  -5.4499
  -5.2809
  -5.1053
  -4.9313
  -4.7441
  -4.5668
  -4.3861
  -4.2087
  -4.0196
  -3.8354
  -3.6512
  -3.4669
  -3.2775
  -3.0998
  -2.9153
  -2.7441
  -2.5925
  -2.4344
  -2.2861
  -2.1379
  -1.9946
  -1.8513
  -1.7062
  -1.5628
  -1.4061
  -1.2542
  -1.1008
  -0.9505
  -0.7970
  -0.6533
  -0.5228
  -0.3806
  -0.2533
  -0.1376
  -0.0285
   0.0790
   0.1881
   0.2907
   0.3915
   0.4940
   0.5849
   0.6775
   0.7850
   0.8710
   0.9586
   1.0412
   1.1221
   1.1980
   1.2738
   1.3413
   1.4155
   1.4829
   1.5537
   1.6195
   1.6869
   1.7642
   1.8415
   1.9255
   2.0145
   2.0884
   2.1575
   2.2283
   2.2941
   2.3617
   2.4244
   2.4771
   2.5382
   2.5944
   2.6487
   2.7048
   2.7642
   2.8185
   2.8745
   2.9239
   2.9783
   3.0344
   3.0888
   3.1530
   3.2222
   3.2996
   3.3836
   3.4739
   3.5727
   3.6699
   3.7736
   3.8773
   3.9842
   4.0896
   4.1950
   4.2955
   4.4042
   4.5180
   4.6248
   4.7300
   4.8350
   4.9470
   5.0572
   5.1557
   5.2591
   5.3559
   5.4529
   5.5482
   5.6434
   5.7334
   5.8286
   5.9158
   6.0028
   6.0882
   6.1705
   6.2545
   6.3368
   6.4108
   6.4898
   6.5705
   6.6579
   6.7370
   6.8110
   6.8882
   6.9655
   7.0277
   7.0982
   7.1705
   7.2412
   7.3133
   7.3805
   7.4544
   7.5281
   7.6034
   7.6754
   7.7506
   7.8258
   7.9026
   7.9895
   8.0697
   8.1448
   8.2215
   8.2966
   8.3715
   8.4533
   8.5284
   8.6086
   8.6888
   8.7676
   8.8464
   8.9316
   9.0120
   9.0906
   9.1675
   9.2513
   9.3315
   9.4134
   9.4904
   9.5641
   9.6354
   9.7076
   9.7852
   9.8608
   9.9283
   9.9993
  10.0671
  10.1383
  10.2018
  10.2674
  10.3304
  10.3937
  10.4601
  10.5348
  10.6096
  10.6844
  10.7525
  10.8240
  10.9004
  10.9737
  11.0454
  11.1170
  11.1837
  11.2520
  11.3203
  11.3872
  11.4541
  11.5311
  11.6083
  11.6838
  11.7594
  11.8353
  11.9162
  11.9857
  12.0451
  12.1048
  12.1493
  12.1925
  12.2273
  12.2606
  12.2972
  12.3339
  12.3773
  12.4193
  12.4631
  12.5036
  12.5326
  12.5533
  12.5707
  12.5898
  12.6057
  12.6234
  12.6313
  12.6443
  12.6532
  12.6617
  12.6750
  12.6770
  12.6755
  12.6659
  12.6463
  12.6177
  12.5866
  12.5353
  12.4909
  12.4512
  12.4082
  12.3636
  12.3274
  12.2875
  12.2437
  12.2046
  12.1572
  12.1000
  12.0278
  11.9490
  11.8723
  11.7938
  11.7189
  11.6392
  11.5779
  11.5066
  11.4338
  11.3644
  11.2960
  11.2336
  11.1645
  11.0923
  11.0219
  10.9380
  10.8408
  10.7436
  10.6430
  10.5526
  10.4554
  10.3682
  10.2711
  10.1875
  10.1105
  10.0271
   9.9470
   9.8606
   9.7725
   9.6728
   9.5723
   9.4642
   9.3681
   9.2771
   9.1895
   9.1055
   9.0119
   8.9318
   8.8434
   8.7785
   8.7105
   8.6503
   8.5960
   8.5301
   8.4659
   8.3982
   8.3188
   8.2513
   8.1821
   8.1197
   8.0723
   8.0014
   7.9240
   7.8500
   7.7729
   7.6823
   7.5833
   7.4928
   7.3906
   7.2967
   7.2094
   7.1272
   7.0448
   6.9574
   6.8585
   6.7426
   6.6217
   6.4791
   6.3366
   6.1891
   6.0282
   5.8585
   5.6777
   5.5055
   5.3266
   5.1393
   4.9670
   4.8068
   4.6384
   4.4701
   4.2983
   4.1485
   3.9974
   3.8459
   3.7146
   3.5736
   3.4510
   3.3236
   3.1911
   3.0535
   2.9179
   2.7780
   2.6457
   2.5149
   2.3858
   2.2582
   2.1238
   1.9872
   1.8373
   1.6806
   1.4971
   1.3141
   1.1268
   0.9362
   0.7354
   0.5430
   0.3593
   0.1788
  -0.0136
  -0.1961
  -0.3751
  -0.5555
  -0.7258
  -0.8875
  -1.0540
  -1.2122
  -1.3651
  -1.5029
  -1.6490
  -1.7987
  -1.9458
  -2.0888
  -2.2318
  -2.3697
  -2.5025
  -2.6133
  -2.7157
  -2.8082
  -2.8940
  -2.9765
  -3.0608
  -3.1281
  -3.1991
  -3.2666
  -3.3377
  -3.4104
  -3.4795
  -3.5553
  -3.6344
  -3.7070
  -3.7796
  -3.8621
  -3.9513
  -4.0415
  -4.1305
  -4.2279
  -4.3252
  -4.4361
  -4.5530
  -4.6673
  -4.7731
  -4.8722
  -4.9643
  -5.0666
  -5.1703
  -5.2860
  -5.4033
  -5.5239
  -5.6390
  -5.7542
  -5.8711
  -5.9711
  -6.0787
  -6.1821
  -6.2907
  -6.3859
  -6.4844
  -6.5794
  -6.6694
  -6.7544
  -6.8328
  -6.9127
  -7.0012
  -7.0863
  -7.1732
  -7.2536
  -7.3374
  -7.4230
  -7.5085
  -7.5906
  -7.6624
  -7.7229
  -7.7856
  -7.8430
  -7.9036
  -7.9710
  -8.0419
  -8.1028
  -8.1584
  -8.2123
  -8.2609
  -8.3044
  -8.3597
  -8.4083
  -8.4499
  -8.4930
  -8.5294
  -8.5814
  -8.6439
  -8.7140
  -8.7898
  -8.8718
  -8.9453
  -9.0308
  -9.1148
  -9.1968
  -9.2806
  -9.3685
  -9.4537
  -9.5345
  -9.6060
  -9.6823
  -9.7601
  -9.8295
  -9.8852
  -9.9361
  -9.9647
  -9.9918
 -10.0153
 -10.0293
 -10.0415
 -10.0472
 -10.0506
 -10.0396
 -10.0260
 -10.0061
  -9.9825
  -9.9539
  -9.9313
  -9.9005
  -9.8664
  -9.8375
  -9.8113
  -9.7899
  -9.7611
  -9.7260
  -9.6896
  -9.6530
  -9.6144
  -9.5743
  -9.5314
  -9.4857
  -9.4508
  -9.4132
  -9.3748
  -9.3288
  -9.2807
  -9.2344
  -9.1994
  -9.1714
  -9.1451
  -9.1239
  -9.1029
  -9.0744
  -9.0418
  -9.0103
  -8.9763
  -8.9399
  -8.8887
  -8.8218
  -8.7422
  -8.6500
  -8.5552
  -8.4571
  -8.3515
  -8.2454
  -8.1265
  -8.0111
  -7.8845
  -7.7502
  -7.6159
  -7.4780
  -7.3274
  -7.1695
  -7.0217
  -6.8908
  -6.7630
  -6.6491
  -6.5267
  -6.4063
  -6.2920
  -6.1794
  -6.0580
  -5.9458
  -5.8406
  -5.7449
  -5.6539
  -5.5713
  -5.4833
  -5.3930
  -5.3021
  -5.2110
  -5.1143
  -5.0202
  -4.9078
  -4.7947
  -4.6879
  -4.5805
  -4.4768
  -4.3700
  -4.2699
  -4.1675
  -4.0696
  -3.9675
  -3.8633
  -3.7652
  -3.6730
  -3.5828
  -3.4925
  -3.3991
  -3.3089
  -3.2189
  -3.1238
  -3.0284
  -2.9340
  -2.8403
  -2.7475
  -2.6555
  -2.5645
  -2.4743
  -2.3894
  -2.3098
  -2.2354
  -2.1560
  -2.0867
  -2.0162
  -1.9454
  -1.8867
  -1.8298
  -1.7800
  -1.7338
  -1.6878
  -1.6507
  -1.6233
  -1.6051
  -1.5854
  -1.5574
  -1.5347
