   6.4919
   6.4585
   6.4238
   6.3857
   6.3578
   6.3276
   6.3015
   6.2862
   6.2616
   6.2445
   6.2227
   6.1848
   6.1494
   6.1125
   6.1016
   6.1091
   6.1375
   6.1692
   6.2093
   6.2240
   6.2041
   6.1574
   6.0842
   5.9791
   5.8487
   5.6960
   5.5443
   5.3919
   5.2484
   5.1180
   4.9862
   4.9889
   4.9855
   4.9802
   4.9666
   4.9588
   4.9480
   4.9485
   4.9456
   4.9421
   4.9450
   4.9521
   4.9541
   4.9558
   4.9599
   4.9654
   4.9650
   4.9782
   4.9834
   4.9944
   5.0053
   5.0231
   5.0371
   5.0533
   5.0725
   5.0929
   5.1089
   5.1331
   5.1476
   5.1727
   5.1980
   5.2182
   5.2386
   5.2630
   5.2852
   5.2980
   5.3200
   5.3356
   5.3440
   5.3551
   5.3570
   5.3609
   5.3698
   5.3754
   5.3798
   5.3870
   5.3936
   5.3962
   5.3945
   5.3913
   5.3848
   5.3717
   5.3583
   5.3325
   5.3031
   5.2709
   5.2353
   5.1952
   5.1567
   5.1205
   5.0826
   5.0523
   5.0239
   5.0070
   4.9936
   4.9885
   4.9805
   4.9794
   4.9685
   4.9570
   4.9415
   4.9226
   4.9051
   4.8788
   4.8575
   4.8354
   4.8059
   4.7808
   4.7409
   4.7152
   4.6807
   4.6521
   4.6133
   4.5791
   4.5416
   4.5023
   4.4646
   4.4273
   4.3850
   4.3588
   4.3206
   4.2827
   4.2511
   4.2170
   4.1875
   4.1603
   4.1360
   4.1138
   4.0865
   4.0688
   4.0443
   4.0317
   4.0236
   4.0131
   4.0087
   4.0072
   3.9958
   3.9774
   3.9553
   3.9322
   3.9001
   3.8772
   3.8612
   3.8505
   3.8499
   3.8553
   3.8604
   3.8772
   3.8916
   3.9127
   3.9319
   3.9463
   3.9643
   3.9746
   3.9787
   3.9833
   3.9852
   3.9824
   3.9754
   3.9744
   3.9684
   3.9621
   3.9603
   3.9552
   3.9592
   3.9539
   3.9511
   3.9515
   3.9513
   3.9628
   3.9679
   3.9755
   3.9776
   3.9814
   3.9822
   3.9876
   3.9916
   3.9891
   3.9875
   3.9837
   3.9773
   3.9693
   3.9627
   3.9517
   3.9435
   3.9233
   3.9056
   3.8885
   3.8613
   3.8445
   3.8142
   3.7910
   3.7603
   3.7175
   3.6715
   3.6163
   3.5608
   3.5043
   3.4647
   3.4254
   3.3859
   3.3659
   3.3388
   3.3158
   3.2900
   3.2554
   3.2227
   3.1885
   3.1494
   3.1070
   3.0569
   3.0075
   2.9598
   2.9095
   2.8652
   2.8226
   2.7767
   2.7249
   2.6770
   2.6291
   2.5872
   2.5595
   2.5145
   2.4832
   2.4389
   2.3969
   2.3537
   2.3056
   2.2692
   2.2227
   2.2008
   2.1609
   2.1334
   2.1048
   2.0785
   2.0524
   2.0303
   2.0031
   1.9757
   1.9596
   1.9437
   1.9286
   1.9183
   1.9076
   1.8892
   1.8764
   1.8624
   1.8438
   1.8190
   1.7997
   1.7860
   1.7771
   1.7679
   1.7692
   1.7689
   1.7830
   1.7929
   1.7997
   1.8075
   1.7957
   1.7822
   1.7696
   1.7437
   1.7168
   1.6839
   1.6526
   1.6244
   1.5915
   1.5540
   1.5106
   1.4614
   1.4142
   1.3705
   1.3280
   1.2969
   1.2648
   1.2262
   1.1838
   1.1439
   1.1008
   1.0616
   1.0185
   0.9735
   0.9481
   0.9070
   0.8788
   0.8432
   0.8137
   0.7894
   0.7617
   0.7491
   0.7048
   0.6807
   0.6423
   0.6151
   0.5863
   0.5667
   0.5408
   0.5203
   0.5013
   0.4629
   0.4200
   0.3702
   0.3112
   0.2596
   0.2130
   0.1555
   0.1053
   0.0683
   0.0253
   0.0055
  -0.0306
  -0.0760
  -0.1156
  -0.1609
  -0.1990
  -0.2504
  -0.2891
  -0.3294
  -0.3594
  -0.3828
  -0.3944
  -0.4069
  -0.4162
  -0.4187
  -0.4183
  -0.4196
  -0.4197
  -0.4157
  -0.4014
  -0.3765
  -0.3355
  -0.2853
  -0.2398
  -0.2031
  -0.1834
  -0.1655
  -0.1472
  -0.1261
  -0.1004
  -0.0738
  -0.0497
  -0.0300
  -0.0166
  -0.0112
  -0.0090
  -0.0080
  -0.0013
   0.0040
   0.0070
   0.0031
  -0.0057
  -0.0117
  -0.0238
  -0.0325
  -0.0474
  -0.0651
  -0.0892
  -0.1142
  -0.1406
  -0.1671
  -0.1867
  -0.2035
  -0.2149
  -0.2201
  -0.2326
  -0.2162
  -0.1995
  -0.1596
  -0.1361
  -0.0888
  -0.0724
  -0.0440
   0.0142
   0.0519
   0.1042
   0.1569
   0.2140
   0.2698
   0.3285
   0.3886
   0.4587
   0.5173
   0.5891
   0.6623
   0.7299
   0.7936
   0.8593
   0.9240
   0.9870
   1.0411
   1.0839
   1.1267
   1.1538
   1.1855
   1.2184
   1.2641
   1.3025
   1.3492
   1.3974
   1.4418
   1.4865
   1.5294
   1.5691
   1.6076
   1.6492
   1.6937
   1.7363
   1.7742
   1.8103
   1.8470
   1.8826
   1.9170
   1.9479
   1.9789
   2.0067
   2.0319
   2.0578
   2.0841
   2.1106
   2.1361
   2.1637
   2.1918
   2.2188
   2.2456
   2.2706
   2.2911
   2.2878
   2.2891
   2.2654
   2.2459
   2.2131
   2.1860
   2.1555
   2.1056
   2.0746
   2.0271
   1.9768
   1.9238
   1.8665
   1.8092
   1.7474
   1.6786
   1.6170
   1.5510
   1.4809
   1.4152
   1.3492
   1.2826
   1.2174
   1.1528
   1.0943
   1.0447
   0.9909
   0.9455
   0.8925
   0.8464
   0.7950
   0.7538
   0.7104
   0.6715
   0.6377
   0.6021
   0.5709
   0.5437
   0.5192
   0.4951
   0.4738
   0.4573
   0.4458
   0.4361
   0.4292
   0.4289
   0.4318
   0.4394
   0.4546
   0.4744
   0.5004
   0.5264
   0.5526
   0.5857
   0.6186
   0.6509
   0.6853
   0.7265
   0.7675
   0.8042
   0.8423
   0.8820
   0.9217
   0.9627
   1.0026
   1.0439
   1.0869
   1.1277
   1.1680
   1.2041
   1.2380
   1.2732
   1.3083
   1.3448
   1.3814
   1.4195
   1.4573
   1.4954
   1.5293
   1.5611
   1.5901
   1.6205
   1.6477
   1.6721
   1.6946
   1.7153
   1.7358
   1.7515
   1.7702
   1.7886
   1.8093
   1.8307
   1.8535
   1.8776
   1.8968
   1.9157
   1.9359
   1.9502
   1.9660
   1.9821
   2.0026
   2.0174
   2.0368
   2.0547
   2.0740
   2.0902
   2.1064
   2.1188
   2.1315
   2.1415
   2.1496
   2.1534
   2.1612
   2.1656
   2.1541
   2.1492
   2.1444
   2.1487
   2.1504
   2.1510
   2.1621
   2.1835
   2.2075
   2.2302
   2.2514
   2.2787
   2.3128
   2.3511
   2.3916
   2.4299
   2.4636
   2.4943
   2.5209
   2.5459
   2.5642
   2.5840
   2.6024
   2.6207
   2.6391
   2.6587
   2.6815
   2.7085
   2.7340
   2.7623
   2.7892
   2.8183
   2.8484
   2.8756
   2.9010
   2.9188
   2.9405
   2.9550
   2.9678
   2.9834
   2.9947
   3.0072
   3.0215
   3.0353
   3.0485
   3.0606
   3.0662
   3.0686
   3.0756
   3.0750
   3.0739
   3.0780
   3.0864
   3.0907
   3.0991
   3.1073
   3.1144
   3.1275
   3.1451
   3.1628
   3.1886
   3.2205
   3.2565
   3.2938
   3.3308
   3.3709
   3.4128
   3.4561
   3.4853
   3.5070
   3.5307
   3.5503
   3.5645
   3.5768
   3.5846
   3.5886
   3.5996
   3.6076
   3.6309
   3.6582
   3.6842
   3.7257
   3.7573
   3.7939
   3.8322
   3.8754
   3.9193
   3.9559
   3.9954
   4.0305
   4.0616
   4.0965
   4.1256
   4.1536
   4.1801
   4.2153
   4.2476
   4.2820
   4.3205
   4.3613
   4.4002
   4.4406
   4.4700
   4.5037
   4.5350
   4.5702
   4.5964
   4.6303
   4.6681
   4.7042
   4.7387
   4.7847
   4.8124
   4.8462
   4.8636
   4.8921
   4.9122
   4.9367
   4.9450
   4.9617
   4.9708
   4.9857
   4.9957
   4.9913
   4.9993
   4.9809
   4.9639
   4.9343
   4.9119
   4.8823
   4.8659
   4.8387
   4.8189
   4.7928
   4.7686
   4.7395
   4.7167
   4.6885
   4.6699
   4.6387
   4.6108
   4.5856
   4.5527
   4.5272
   4.4946
   4.4669
   4.4276
   4.3859
   4.3562
   4.3260
   4.3070
   4.2901
   4.2700
   4.2580
   4.2484
   4.2476
   4.2409
   4.2359
   4.2314
   4.2230
   4.2172
   4.2087
   4.2006
   4.2052
   4.2038
   4.2043
   4.2022
   4.2105
   4.2203
   4.2375
   4.2574
   4.2773
   4.2863
   4.3114
   4.3227
   4.3397
   4.3457
   4.3645
   4.3785
   4.4087
   4.4273
   4.4516
   4.4651
   4.4933
   4.5231
   4.5386
   4.5732
   4.5997
   4.6420
   4.6633
   4.7064
   4.7397
   4.7851
   4.8437
   4.9089
   4.9671
   5.0304
   5.0860
   5.1457
   5.2080
   5.2639
   5.3187
   5.3729
   5.4260
   5.4830
   5.5441
   5.6000
   5.6625
   5.7295
   5.7915
   5.8542
   5.9065
   5.9649
   6.0308
   6.0917
   6.1599
   6.2208
   6.2870
   6.3572
   6.4287
   6.5066
   6.5835
   6.6573
   6.7377
   6.8125
   6.8905
   6.9696
   7.0595
   7.1390
   7.2200
   7.2908
   7.3619
   7.4388
   7.5210
   7.5972
   7.6783
   7.7709
   7.8614
   7.9512
   8.0484
   8.1411
   8.2335
   8.3292
   8.4201
   8.5102
   8.6072
   8.7056
   8.8054
   8.9110
   9.0128
   9.1197
   9.2234
   9.3239
   9.4303
   9.5197
   9.6123
   9.7057
   9.7976
   9.8992
   9.9967
  10.0935
  10.1982
  10.2991
  10.3988
  10.5027
  10.5991
  10.6969
  10.7952
  10.8959
  10.9879
  11.0798
  11.1719
  11.2689
  11.3637
  11.4496
  11.5415
  11.6256
  11.7108
  11.7922
  11.8780
  11.9566
  12.0409
  12.1196
  12.2099
  12.2877
  12.3740
  12.4538
  12.5342
  12.6030
  12.6805
  12.7506
  12.8267
  12.8961
  12.9674
  13.0346
  13.1033
  13.1806
  13.2480
  13.3190
  13.3875
  13.4573
  13.5283
  13.5986
  13.6682
  13.7413
  13.8136
  13.8887
  13.9638
  14.0365
  14.1120
  14.1877
  14.2677
  14.3419
  14.4187
  14.4928
  14.5657
  14.6414
  14.7128
  14.7866
  14.8572
  14.9327
  15.0010
  15.0681
  15.1364
  15.1981
  15.2554
  15.3191
  15.3746
  15.4333
  15.4892
  15.5517
  15.6099
  15.6619
  15.7180
  15.7671
  15.8211
  15.8709
  15.9190
  15.9674
  16.0126
  16.0551
  16.1017
  16.1401
  16.1817
  16.2089
  16.2451
  16.2704
  16.2987
  16.3250
  16.3491
  16.3633
  16.3864
  16.3976
  16.4133
  16.4200
  16.4220
  16.4190
  16.4089
  16.4049
  16.3984
  16.3895
  16.3673
  16.3461
  16.3276
  16.3065
  16.2913
  16.2694
  16.2473
  16.2186
  16.1925
  16.1573
  16.1248
  16.0854
  16.0462
  16.0069
  15.9687
  15.9329
  15.8972
  15.8601
  15.8233
  15.7781
  15.7293
  15.6794
  15.6328
  15.5814
  15.5386
  15.4961
  15.4535
  15.4187
  15.3772
  15.3356
  15.2983
  15.2609
  15.2251
  15.1863
  15.1504
  15.1111
  15.0717
  15.0315
  14.9914
  14.9521
  14.9124
  14.8755
  14.8344
  14.7936
  14.7577
  14.7183
  14.6874
  14.6517
  14.6251
  14.5951
  14.5746
  14.5511
  14.5291
  14.5064
  14.4905
  14.4794
  14.4733
  14.4670
  14.4650
  14.4632
  14.4659
  14.4682
  14.4729
  14.4773
  14.4785
  14.4761
  14.4795
  14.4824
  14.4882
  14.4878
  14.4937
  14.4966
  14.5091
  14.5195
  14.5312
  14.5392
  14.5496
  14.5513
  14.5535
  14.5595
  14.5667
  14.5739
  14.5859
  14.5979
  14.6147
  14.6289
  14.6444
  14.6556
  14.6696
  14.6872
  14.7067
  14.7202
  14.7406
  14.7621
  14.7785
  14.8051
  14.8294
  14.8537
  14.8794
  14.9024
  14.9294
  14.9540
  14.9775
  15.0026
  15.0312
  15.0592
  15.0875
  15.1138
  15.1497
  15.1792
  15.2147
  15.2593
  15.3009
  15.3497
  15.3989
  15.4389
  15.4759
  15.5108
  15.5420
  15.5673
  15.5954
  15.6217
  15.6569
  15.6864
  15.7202
  15.7588
  15.7946
  15.8185
  15.8413
  15.8685
  15.8881
  15.9124
  15.9341
  15.9534
  15.9761
  15.9931
  16.0140
  16.0327
  16.0538
  16.0839
  16.1051
  16.1343
  16.1605
  16.1891
  16.2194
  16.2431
  16.2721
  16.2922
  16.3140
  16.3301
  16.3434
  16.3515
  16.3581
  16.3628
  16.3628
  16.3654
  16.3697
  16.3724
  16.3767
  16.3790
  16.3810
  16.3801
  16.3797
  16.3746
  16.3652
  16.3431
  16.3116
  16.2846
  16.2601
  16.2359
  16.2105
  16.1853
  16.1423
  16.1009
  16.0594
  16.0183
  15.9760
  15.9368
  15.8993
  15.8672
  15.8454
  15.8268
  15.7915
  15.7358
  15.6664
  15.5843
  15.5021
  15.4183
  15.3518
  15.2915
  15.2415
  15.2097
  15.1669
  15.1200
  15.0659
  14.9980
  14.9289
  14.8455
  14.7608
  14.6723
  14.5860
  14.5060
  14.4259
  14.3511
  14.2676
  14.1796
  14.0884
  13.9882
  13.8941
  13.7976
  13.6963
  13.5943
  13.4928
  13.3953
  13.2897
  13.1923
  13.0946
  12.9846
  12.8801
  12.7743
  12.6790
  12.5818
  12.4982
  12.4171
  12.3447
  12.2819
  12.2272
  12.1835
  12.1304
  12.0655
  11.9958
  11.9216
  11.8472
  11.7762
  11.7013
  11.6282
  11.5505
  11.4851
  11.4186
  11.3536
  11.2866
  11.2080
  11.1301
  11.0651
  11.0124
  10.9701
  10.9318
  10.8951
  10.8656
  10.8286
  10.7853
  10.7235
  10.6503
  10.5777
  10.5105
  10.4471
  10.3973
  10.3518
  10.3103
  10.2683
  10.2234
  10.1670
  10.1027
  10.0275
   9.9511
   9.8769
   9.8013
   9.7334
   9.6686
   9.6035
   9.5473
   9.4945
   9.4474
   9.4033
   9.3579
   9.3151
   9.2708
   9.2264
   9.1864
   9.1453
   9.1021
   9.0481
   8.9960
   8.9295
   8.8561
   8.7780
   8.6974
   8.6138
   8.5318
   8.4545
   8.3832
   8.3147
   8.2475
   8.1847
   8.1273
   8.0659
   7.9999
   7.9385
   7.8699
   7.7992
   7.7280
   7.6563
   7.5901
   7.5181
   7.4506
   7.3845
   7.3220
   7.2598
   7.1937
   7.1233
   7.0458
   6.9639
   6.8898
   6.8162
   6.7418
   6.6681
   6.5985
   6.5262
   6.4539
   6.3865
   6.3172
   6.2557
   6.1960
   6.1423
   6.0963
   6.0511
   6.0115
   5.9760
   5.9371
   5.9011
   5.8657
   5.8295
   5.7928
   5.7505
   5.7082
   5.6733
   5.6392
   5.6044
   5.5717
   5.5373
   5.5028
   5.4687
   5.4408
   5.4144
   5.3916
   5.3710
   5.3463
   5.3153
   5.2799
   5.2455
   5.2113
   5.1726
   5.1257
   5.0680
   5.0067
   4.9408
   4.8806
   4.8175
   4.7562
   4.7070
   4.6673
   4.6252
   4.5810
   4.5403
   4.4987
   4.4575
   4.4266
   4.3995
   4.3775
   4.3558
   4.3354
   4.3186
   4.2995
   4.2845
   4.2726
   4.2659
   4.2611
   4.2517
   4.2340
   4.2237
   4.2045
   4.1923
   4.1789
   4.1670
   4.1551
   4.1471
   4.1338
   4.1205
   4.1039
   4.0951
   4.0810
   4.0695
   4.0518
   4.0373
   4.0170
   3.9926
   3.9649
   3.9360
   3.9078
   3.8796
   3.8545
   3.8362
   3.8165
   3.7955
   3.7822
   3.7749
   3.7800
   3.7955
   3.8147
   3.8361
   3.8494
   3.8553
   3.8634
   3.8770
   3.9034
   3.9326
   3.9603
   3.9901
   4.0235
   4.0567
   4.0858
   4.1106
   4.1316
   4.1470
   4.1659
   4.1823
   4.1928
   4.1944
   4.1914
   4.1810
   4.1759
   4.1635
   4.1522
   4.1441
   4.1331
   4.1218
   4.1115
   4.1022
   4.0881
   4.0862
   4.0836
   4.0850
   4.0899
   4.0940
   4.1014
   4.1077
   4.1191
   4.1270
   4.1350
   4.1496
   4.1605
   4.1731
   4.1911
   4.2063
   4.2189
   4.2408
   4.2669
   4.2901
   4.3225
   4.3499
   4.3762
   4.3973
   4.4117
   4.4260
   4.4346
   4.4380
   4.4391
   4.4311
   4.4235
   4.4186
   4.4227
   4.4275
   4.4442
   4.4529
   4.4694
   4.4862
   4.5080
   4.5387
   4.5814
   4.6206
   4.6633
   4.6966
   4.7235
   4.7560
   4.7898
   4.8236
   4.8554
   4.8987
   4.9578
   5.0192
   5.0858
   5.1226
   5.1468
   5.1527
   5.1569
   5.1540
   5.1735
   5.2290
   5.3066
   5.4271
   5.5760
   5.7492
   5.9461
   6.1436
   6.3399
   6.5242
   6.7009
   6.8597
   6.8950
   6.9289
   6.9579
   6.9862
   7.0200
   7.0458
   7.0735
   7.1017
   7.1346
   7.1603
   7.1807
   7.1997
   7.2219
   7.2395
   7.2593
   7.2809
   7.2993
   7.3214
   7.3404
   7.3480
   7.3566
   7.3564
   7.3542
   7.3483
   7.3480
   7.3462
   7.3550
   7.3530
   7.3514
   7.3432
