  -0.9818
  -0.8967
  -0.8188
  -0.7642
  -0.7113
  -0.6743
  -0.6402
  -0.6080
  -0.5904
  -0.5850
  -0.5844
  -0.5865
  -0.5835
  -0.5846
  -0.5897
  -0.6074
  -0.6270
  -0.6512
  -0.6700
  -0.6848
  -0.6948
  -0.7070
  -0.7227
  -0.7378
  -0.7513
  -0.7625
  -0.7718
  -0.7825
  -0.7988
  -0.8148
  -0.8350
  -0.9167
  -0.9985
  -1.0717
  -1.1458
  -1.2219
  -1.2999
  -1.3790
  -1.4580
  -1.5315
  -1.6102
  -1.6971
  -1.7782
  -1.8613
  -1.9472
  -2.0326
  -2.1195
  -2.2023
  -2.2897
  -2.3701
  -2.4503
  -2.5351
  -2.6131
  -2.6956
  -2.7767
  -2.8566
  -2.9324
  -3.0085
  -3.0899
  -3.1687
  -3.2511
  -3.3339
  -3.4030
  -3.4747
  -3.5474
  -3.6178
  -3.6814
  -3.7394
  -3.7962
  -3.8537
  -3.9066
  -3.9645
  -4.0274
  -4.0890
  -4.1464
  -4.2081
  -4.2662
  -4.3293
  -4.3892
  -4.4507
  -4.5113
  -4.5782
  -4.6450
  -4.7087
  -4.7734
  -4.8312
  -4.8877
  -4.9404
  -4.9898
  -5.0399
  -5.0923
  -5.1464
  -5.1893
  -5.2340
  -5.2800
  -5.3250
  -5.3655
  -5.4083
  -5.4513
  -5.4860
  -5.5256
  -5.5596
  -5.5867
  -5.6100
  -5.6303
  -5.6532
  -5.6778
  -5.7021
  -5.7310
  -5.7504
  -5.7777
  -5.8088
  -5.8424
  -5.8801
  -5.9176
  -5.9610
  -6.0074
  -6.0577
  -6.1078
  -6.1527
  -6.1960
  -6.2400
  -6.2817
  -6.3329
  -6.3798
  -6.4291
  -6.4784
  -6.5284
  -6.5837
  -6.6410
  -6.6990
  -6.7609
  -6.8196
  -6.8698
  -6.9219
  -6.9736
  -7.0225
  -7.0721
  -7.1118
  -7.1500
  -7.1858
  -7.2165
  -7.2454
  -7.2738
  -7.3012
  -7.3262
  -7.3516
  -7.3750
  -7.3990
  -7.4221
  -7.4443
  -7.4671
  -7.4873
  -7.5213
  -7.5553
  -7.5919
  -7.6253
  -7.6656
  -7.6990
  -7.7304
  -7.7628
  -7.7950
  -7.8255
  -7.8596
  -7.8986
  -7.9318
  -7.9611
  -7.9864
  -8.0120
  -8.0347
  -8.0653
  -8.0942
  -8.1225
  -8.1446
  -8.1740
  -8.1945
  -8.2120
  -8.2259
  -8.2356
  -8.2380
  -8.2400
  -8.2434
  -8.2412
  -8.2404
  -8.2359
  -8.2324
  -8.2181
  -8.1875
  -8.1606
  -8.1292
  -8.0971
  -8.0597
  -8.0210
  -7.9727
  -7.9257
  -7.8728
  -7.8173
  -7.7541
  -7.6844
  -7.6203
  -7.5532
  -7.4834
  -7.4146
  -7.3426
  -7.2653
  -7.1874
  -7.1066
  -7.0284
  -6.9477
  -6.8689
  -6.7901
  -6.7080
  -6.6253
  -6.5439
  -6.4591
  -6.3718
  -6.2844
  -6.1972
  -6.1089
  -6.0183
  -5.9371
  -5.8595
  -5.7827
  -5.7075
  -5.6369
  -5.5719
  -5.5122
  -5.4578
  -5.4053
  -5.3519
  -5.2991
  -5.2474
  -5.1979
  -5.1468
  -5.0954
  -5.0374
  -4.9809
  -4.9231
  -4.8614
  -4.8036
  -4.7521
  -4.7053
  -4.6564
  -4.6079
  -4.5558
  -4.5063
  -4.4550
  -4.4069
  -4.3752
  -4.3343
  -4.2954
  -4.2571
  -4.2178
  -4.1782
  -4.1437
  -4.1091
  -4.0772
  -4.0445
  -4.0197
  -4.0048
  -3.9876
  -3.9770
  -3.9700
  -3.9696
  -3.9714
  -3.9761
  -3.9858
  -3.9981
  -4.0123
  -4.0284
  -4.0425
  -4.0562
  -4.0705
  -4.0825
  -4.0893
  -4.0918
  -4.0918
  -4.0948
  -4.0951
  -4.0940
  -4.1017
  -4.0999
  -4.0971
  -4.0939
  -4.0900
  -4.0818
  -4.0693
  -4.0559
  -4.0358
  -4.0187
  -4.0019
  -3.9791
  -3.9529
  -3.9221
  -3.8872
  -3.8519
  -3.8136
  -3.7768
  -3.7398
  -3.7058
  -3.6732
  -3.6408
  -3.6072
  -3.5757
  -3.5467
  -3.5218
  -3.4971
  -3.4813
  -3.4714
  -3.4643
  -3.4621
  -3.4669
  -3.4714
  -3.4799
  -3.4917
  -3.5061
  -3.5197
  -3.5320
  -3.5455
  -3.5594
  -3.5690
  -3.5786
  -3.5857
  -3.5900
  -3.5930
  -3.5934
  -3.5926
  -3.5898
  -3.5847
  -3.5730
  -3.5605
  -3.5440
  -3.5279
  -3.5096
  -3.4909
  -3.4739
  -3.4598
  -3.4467
  -3.4296
  -3.4125
  -3.3904
  -3.3640
  -3.3365
  -3.3051
  -3.2702
  -3.2354
  -3.2019
  -3.1614
  -3.1260
  -3.0906
  -3.0533
  -3.0157
  -2.9821
  -2.9523
  -2.9277
  -2.9049
  -2.8860
  -2.8722
  -2.8633
  -2.8555
  -2.8458
  -2.8332
  -2.8176
  -2.8037
  -2.7876
  -2.7695
  -2.7422
  -2.7064
  -2.6602
  -2.6050
  -2.5452
  -2.4796
  -2.4043
  -2.3282
  -2.2527
  -2.1840
  -2.1213
  -2.0744
  -2.0311
  -1.9952
  -1.9625
  -1.9288
  -1.8988
  -1.8678
  -1.8376
  -1.8038
  -1.7713
  -1.7396
  -1.7064
  -1.6743
  -1.6569
  -1.6341
  -1.6202
  -1.6079
  -1.6010
  -1.5965
  -1.5968
  -1.6024
  -1.6069
  -1.6158
  -1.6233
  -1.6393
  -1.6510
  -1.6667
  -1.6790
  -1.6958
  -1.7092
  -1.7256
  -1.7406
  -1.7559
  -1.7738
  -1.7933
  -1.8151
  -1.8372
  -1.8593
  -1.8822
  -1.9104
  -1.9364
  -1.9627
  -1.9870
  -2.0116
  -2.0376
  -2.0607
  -2.0858
  -2.1059
  -2.1257
  -2.1471
  -2.1751
  -2.2114
  -2.2515
  -2.2981
  -2.3471
  -2.4002
  -2.4619
  -2.5301
  -2.6006
  -2.6620
  -2.7227
  -2.7704
  -2.8170
  -2.8579
  -2.8946
  -2.9304
  -2.9647
  -3.0006
  -3.0386
  -3.0809
  -3.1292
  -3.1832
  -3.2374
  -3.2927
  -3.3391
  -3.3908
  -3.4385
  -3.4859
  -3.5318
  -3.5823
  -3.6304
  -3.6735
  -3.7204
  -3.7633
  -3.8072
  -3.8453
  -3.8890
  -3.9304
  -3.9778
  -4.0155
  -4.0572
  -4.0955
  -4.1405
  -4.1826
  -4.2285
  -4.2728
  -4.3175
  -4.3630
  -4.4076
  -4.4509
  -4.4898
  -4.5325
  -4.5733
  -4.6124
  -4.6502
  -4.6832
  -4.7124
  -4.7429
  -4.7709
  -4.7981
  -4.8170
  -4.8251
  -4.8253
  -4.8209
  -4.8230
  -4.8247
  -4.8296
  -4.8336
  -4.8391
  -4.8487
  -4.8653
  -4.8843
  -4.9104
  -4.9428
  -4.9821
  -5.0257
  -5.0727
  -5.1236
  -5.1701
  -5.2076
  -5.2398
  -5.2654
  -5.2809
  -5.2956
  -5.3074
  -5.3113
  -5.3144
  -5.3176
  -5.3187
  -5.3171
  -5.3093
  -5.2968
  -5.2873
  -5.2707
  -5.2528
  -5.2362
  -5.2193
  -5.2011
  -5.1829
  -5.1650
  -5.1542
  -5.1435
  -5.1300
  -5.1168
  -5.1020
  -5.0804
  -5.0601
  -5.0399
  -5.0186
  -4.9976
  -4.9714
  -4.9439
  -4.9107
  -4.8761
  -4.8429
  -4.8128
  -4.7854
  -4.7632
  -4.7357
  -4.7137
  -4.6937
  -4.6868
  -4.6906
  -4.7006
  -4.7161
  -4.7206
  -4.7214
  -4.7176
  -4.7059
  -4.6783
  -4.6373
  -4.5841
  -4.5201
  -4.4467
  -4.3684
  -4.2874
  -4.2059
  -4.1231
  -4.0365
  -3.9559
  -3.8818
  -3.8086
  -3.7364
  -3.6723
  -3.6127
  -3.5572
  -3.5073
  -3.4629
  -3.4187
  -3.3794
  -3.3436
  -3.3101
  -3.2791
  -3.2494
  -3.2230
  -3.2021
  -3.1814
  -3.1621
  -3.1471
  -3.1321
  -3.1195
  -3.1067
  -3.0955
  -3.0857
  -3.0821
  -3.0835
  -3.0875
  -3.0882
  -3.0849
  -3.0803
  -3.0735
  -3.0669
  -3.0577
  -3.0543
  -3.0503
  -3.0477
  -3.0457
  -3.0469
  -3.0562
  -3.0730
  -3.0930
  -3.1097
  -3.1232
  -3.1366
  -3.1501
  -3.1619
  -3.1785
  -3.1981
  -3.2183
  -3.2440
  -3.2809
  -3.3265
  -3.3802
  -3.4483
  -3.5251
  -3.6068
  -3.6895
  -3.7693
  -3.8505
  -3.9308
  -4.0022
  -4.0731
  -4.1463
  -4.2200
  -4.2866
  -4.3492
  -4.4095
  -4.4720
  -4.5308
  -4.5895
  -4.6440
  -4.6958
  -4.7430
  -4.7915
  -4.8341
  -4.8779
  -4.9145
  -4.9505
  -4.9857
  -5.0168
  -5.0477
  -5.0810
  -5.1122
  -5.1431
  -5.1718
  -5.1984
  -5.2176
  -5.2371
  -5.2542
  -5.2702
  -5.2840
  -5.2967
  -5.3091
  -5.3316
  -5.3407
  -5.3550
  -5.3656
  -5.3739
  -5.3825
  -5.3836
  -5.3863
  -5.3791
  -5.3772
  -5.3772
  -5.3766
  -5.3755
  -5.3787
  -5.3790
  -5.3856
  -5.3902
  -5.3927
  -5.3922
  -5.3878
  -5.3783
  -5.3623
  -5.3409
  -5.3167
  -5.2866
  -5.2554
  -5.2209
  -5.1897
  -5.1601
  -5.1338
  -5.1098
  -5.0807
  -5.0557
  -5.0367
  -5.0172
  -4.9935
  -4.9732
  -4.9490
  -4.9281
  -4.9050
  -4.8819
  -4.8596
  -4.8367
  -4.8105
  -4.7830
  -4.7558
  -4.7280
  -4.6988
  -4.6669
  -4.6307
  -4.5898
  -4.5486
  -4.5107
  -4.4687
  -4.4289
  -4.3867
  -4.3455
  -4.3071
  -4.2747
  -4.2366
  -4.2102
  -4.1722
  -4.1463
  -4.1155
  -4.0825
  -4.0493
  -4.0130
  -3.9742
  -3.9303
  -3.8890
  -3.8426
  -3.7896
  -3.7325
  -3.6694
  -3.5994
  -3.5286
  -3.4468
  -3.3695
  -3.2973
  -3.2219
  -3.1421
  -3.0683
  -2.9941
  -2.9198
  -2.8436
  -2.7708
  -2.6970
  -2.6287
  -2.5568
  -2.4931
  -2.4287
  -2.3710
  -2.3202
  -2.2699
  -2.2157
  -2.1728
  -2.1332
  -2.0900
  -2.0493
  -2.0091
  -1.9700
  -1.9404
  -1.9082
  -1.8784
  -1.8540
  -1.8299
  -1.8067
  -1.7826
  -1.7742
  -1.7612
  -1.7412
  -1.7291
  -1.7201
  -1.7100
  -1.7018
  -1.6952
  -1.6881
  -1.6839
  -1.6787
  -1.6686
  -1.6705
  -1.6488
  -1.6533
  -1.6407
  -1.6347
  -1.6347
  -1.6326
  -1.6303
  -1.6344
  -1.6414
  -1.6519
  -1.6629
  -1.6888
  -1.7160
  -1.7537
  -1.7974
  -1.8457
  -1.9034
  -1.9670
  -2.0214
  -2.0899
  -2.1579
  -2.2211
  -2.2845
  -2.3478
  -2.4109
  -2.4757
  -2.5460
  -2.6130
  -2.6855
  -2.7644
  -2.8483
  -2.9261
  -3.0037
  -3.0905
  -3.1744
  -3.2590
  -3.3430
  -3.4277
  -3.5200
  -3.6113
  -3.7017
  -3.7871
  -3.8782
  -3.9677
  -4.0558
  -4.1476
  -4.2394
  -4.3352
  -4.4179
  -4.5083
  -4.6065
  -4.7020
  -4.7944
  -4.8882
  -4.9735
  -5.0633
  -5.1514
  -5.2373
  -5.3216
  -5.4097
  -5.4915
  -5.5857
  -5.6611
  -5.7519
  -5.8293
  -5.9069
  -5.9848
  -6.0613
  -6.1335
  -6.2069
  -6.2768
  -6.3519
  -6.4121
  -6.4748
  -6.5372
  -6.5922
  -6.6397
  -6.6831
  -6.7158
  -6.7545
  -6.7767
  -6.8053
  -6.8291
  -6.8489
  -6.8661
  -6.8792
  -6.8825
  -6.8837
  -6.8847
  -6.8802
  -6.8652
  -6.8413
  -6.8203
  -6.7986
  -6.7691
  -6.7428
  -6.7089
  -6.6760
  -6.6432
  -6.6048
  -6.5700
  -6.5322
  -6.4949
  -6.4463
  -6.4044
  -6.3531
  -6.3016
  -6.2511
  -6.1971
  -6.1459
  -6.0866
  -6.0253
  -5.9644
  -5.9024
  -5.8385
  -5.7738
  -5.7019
  -5.6319
  -5.5623
  -5.4951
  -5.4242
  -5.3542
  -5.2880
  -5.2209
  -5.1530
  -5.0904
  -5.0269
  -4.9615
  -4.9016
  -4.8364
  -4.7676
  -4.7014
  -4.6270
  -4.5611
  -4.4932
  -4.4230
  -4.3520
  -4.2842
  -4.2201
  -4.1517
  -4.0808
  -4.0091
  -3.9322
  -3.8632
  -3.7933
  -3.7186
  -3.6524
  -3.5840
  -3.5145
  -3.4423
  -3.3726
  -3.3011
  -3.2307
  -3.1530
  -3.0707
  -2.9821
  -2.8877
  -2.7887
  -2.6888
  -2.5879
  -2.4836
  -2.3700
  -2.2553
  -2.1374
  -2.0307
  -1.9165
  -1.8087
  -1.7026
  -1.5923
  -1.4756
  -1.3517
  -1.2228
  -1.0869
  -0.9379
  -0.7836
  -0.6163
  -0.4434
  -0.2657
  -0.0864
   0.1057
   0.2991
   0.4874
   0.6680
   0.8491
   1.0213
   1.1871
   1.3528
   1.5179
   1.6702
   1.8284
   1.9838
   2.1364
   2.2856
   2.4276
   2.5662
   2.7075
   2.8524
   2.9900
   3.1180
   3.2499
   3.3702
   3.4838
   3.5925
   3.6972
   3.8078
   3.9217
   4.0240
   4.1338
   4.2380
   4.3419
   4.4323
   4.5212
   4.6115
   4.6978
   4.7817
   4.8621
   4.9231
   4.9753
   5.0232
   5.0668
   5.1156
   5.1729
   5.2306
   5.2795
   5.3337
   5.3958
   5.4451
   5.4911
   5.5338
   5.5708
   5.6016
   5.6273
   5.6366
   5.6410
   5.6387
   5.6486
   5.6534
   5.6489
   5.6445
   5.6334
   5.6106
   5.5929
   5.5771
   5.5688
   5.5563
   5.5527
   5.5532
   5.5511
   5.5488
   5.5502
   5.5477
   5.5462
   5.5499
   5.5545
   5.5678
   5.5874
   5.6061
   5.6239
   5.6462
   5.6829
   5.7254
   5.7696
   5.8254
   5.8782
   5.9278
   5.9746
   6.0123
   6.0629
   6.1133
   6.1713
   6.2316
   6.3006
   6.3729
   6.4438
   6.5215
   6.5972
   6.6758
   6.7699
   6.8724
   6.9852
   7.1108
   7.2331
   7.3427
   7.4400
   7.5408
   7.6445
   7.7403
   7.8571
   7.9764
   8.1027
   8.2334
   8.3635
   8.4947
   8.6303
   8.7641
   8.8927
   9.0027
   9.1095
   9.2214
   9.3369
   9.4578
   9.5732
   9.6757
   9.7852
   9.8894
  10.0063
  10.1247
  10.2437
  10.3630
  10.4835
  10.6152
  10.7434
  10.8768
  10.9995
  11.1278
  11.2594
  11.3880
  11.5081
  11.6248
  11.7322
  11.8379
  11.9434
  12.0565
  12.1627
  12.2512
  12.3469
  12.4318
  12.5140
  12.5781
  12.6364
  12.6839
  12.7338
  12.7902
  12.8453
  12.9066
  12.9638
  13.0259
  13.0885
  13.1483
  13.2058
  13.2594
  13.3050
  13.3530
  13.4078
  13.4638
  13.5233
  13.5636
  13.6060
  13.6351
  13.6621
  13.6808
  13.6897
  13.6933
  13.6943
  13.7051
  13.7260
  13.7486
  13.7763
  13.8020
  13.8249
  13.8431
  13.8627
  13.8889
  13.9156
  13.9307
  13.9379
  13.9486
  13.9565
  13.9710
  13.9959
  14.0181
  14.0378
  14.0570
  14.0761
  14.1132
  14.1452
  14.1690
  14.2021
  14.2440
  14.2790
  14.3207
  14.3548
  14.3899
  14.4236
  14.4515
  14.4983
  14.5355
  14.5874
  14.6548
  14.7299
  14.8111
  14.8929
  14.9714
  15.0573
  15.1475
  15.2333
  15.3008
  15.3661
  15.4172
  15.4588
  15.4941
  15.5198
  15.5406
  15.5567
  15.5653
  15.5754
  15.5880
  15.6086
  15.6356
  15.6551
  15.6676
  15.6770
  15.6947
  15.7204
  15.7559
  15.7803
  15.7948
  15.8115
  15.8216
  15.8256
  15.8309
  15.8254
  15.8066
  15.7689
  15.7224
  15.6753
  15.6432
  15.5993
  15.5635
  15.5188
  15.4687
  15.4196
  15.3608
  15.3004
  15.2299
  15.1560
  15.0773
  14.9995
  14.9120
  14.8207
  14.7334
  14.6494
  14.5633
  14.4749
  14.3770
  14.2852
  14.1895
  14.0964
  13.9985
  13.8868
  13.7858
  13.6767
  13.5665
  13.4510
  13.3353
  13.2199
  13.1041
  13.0067
  12.9129
  12.8183
  12.7368
  12.6542
  12.5772
  12.5010
  12.4231
  12.3472
  12.2750
  12.2023
  12.1345
  12.0612
  11.9970
  11.9405
  11.8893
  11.8369
  11.7716
  11.6887
  11.6008
  11.5071
  11.4060
  11.3042
  11.2041
  11.1053
  11.0200
  10.9439
  10.8867
  10.8443
  10.8025
  10.7611
  10.7185
  10.6743
  10.6395
  10.5988
  10.5656
  10.5409
  10.5241
  10.5041
  10.4725
  10.4314
  10.3784
  10.3129
  10.2301
  10.1333
  10.0234
   9.9112
   9.7880
   9.6716
   9.5562
   9.4452
   9.3418
   9.2447
   9.1589
   9.0650
   8.9717
   8.8756
   8.7827
   8.6852
   8.5964
   8.5077
   8.4104
   8.2987
   8.1864
   8.0623
   7.9441
   7.8273
   7.7166
   7.5966
   7.4737
   7.3401
   7.1951
   7.0449
   6.8920
   6.7408
   6.5904
   6.4454
   6.3001
   6.1627
   6.0314
   5.8924
   5.7627
   5.6355
   5.5133
   5.3907
   5.2502
   5.0805
   4.8905
   4.6992
   4.5101
   4.3354
   4.1652
   4.0059
   3.8532
   3.7003
   3.5449
   3.3923
   3.2340
   3.0638
   2.8899
   2.7203
   2.5551
   2.3860
   2.2200
   2.0715
   1.9416
   1.8208
   1.7187
   1.6314
   1.5543
   1.4776
   1.3998
   1.3102
   1.2198
   1.1186
   1.0217
   0.9327
   0.8471
   0.7599
   0.6681
   0.5607
   0.4493
   0.3457
   0.2493
   0.1641
   0.0827
   0.0007
  -0.0846
  -0.1721
  -0.2561
  -0.3449
  -0.4214
  -0.4931
  -0.5612
  -0.6304
  -0.7001
  -0.7816
  -0.8635
  -0.9354
  -1.0124
  -1.1098
  -1.2128
  -1.3294
  -1.4376
  -1.5244
  -1.6104
  -1.6797
  -1.7252
  -1.7476
  -1.7566
  -1.7565
  -1.7580
  -1.7642
  -1.7868
  -1.8212
  -1.8555
  -1.8781
  -1.9051
  -1.9273
  -1.9472
  -1.9647
  -1.9824
  -1.9887
  -1.9779
  -1.9583
  -1.9446
  -1.9358
  -1.9310
  -1.9400
  -1.9538
  -1.9749
  -1.9945
  -1.9435
  -1.8910
  -1.8469
  -1.8017
  -1.7596
  -1.7180
  -1.6756
  -1.6366
  -1.6027
  -1.5649
  -1.5223
  -1.4859
  -1.4495
  -1.4125
  -1.3723
  -1.3322
  -1.2959
  -1.2587
  -1.2182
  -1.1688
  -1.1186
  -1.0702
  -1.0245
  -0.9752
  -0.9285
  -0.8721
  -0.8201
  -0.7723
  -0.7230
  -0.6461
