28120.4473
28120.1543
28119.8652
28119.5723
28119.2734
28118.9707
28118.6621
28118.3477
28118.0293
28117.7051
28117.3750
28117.0430
28116.7031
28116.3594
28116.0117
28115.6562
28115.2988
28114.9316
28114.5586
28114.1816
28113.7969
28113.4023
28112.9980
28112.5898
28112.1738
28111.7559
28111.3340
28110.9121
28110.4922
28110.0723
28109.6543
28109.6074
28109.5605
28109.5137
28109.4629
28109.4121
28109.3633
28109.3184
28109.2773
28109.2344
28109.1953
28109.1602
28109.1309
28109.0996
28109.0703
28109.0410
28109.0059
28108.9688
28108.9297
28108.8926
28108.8574
28108.8281
28108.8008
28108.7773
28108.7578
28108.7441
28108.7344
28108.7246
28108.7168
28108.7129
28108.7090
28108.7070
28108.7070
28108.7129
28108.7207
28108.7285
28108.7422
28108.7598
28108.7832
28108.8105
28108.8457
28108.8848
28108.9297
28108.9824
28109.0469
28109.1211
28109.2051
28109.2969
28109.4004
28109.5078
28109.6191
28109.7363
28109.8594
28109.9824
28110.1074
28110.2324
28110.3574
28110.4844
28110.6035
28110.7129
28110.8203
28110.9199
28111.0137
28111.1055
28111.1973
28111.2910
28111.3848
28111.4844
28111.5859
28111.6816
28111.7773
28111.8711
28111.9609
28112.0430
28112.1230
28112.2012
28112.2754
28112.3496
28112.4258
28112.5039
28112.5801
28112.6543
28112.7246
28112.7949
28112.8594
28112.9199
28112.9746
28113.0254
28113.0684
28113.1074
28113.1426
28113.1719
28113.1992
28113.2227
28113.2461
28113.2617
28113.2812
28113.2969
28113.3145
28113.3320
28113.3496
28113.3691
28113.3926
28113.4141
28113.4355
28113.4570
28113.4727
28113.4863
28113.4961
28113.5000
28113.4961
28113.4863
28113.4688
28113.4453
28113.4219
28113.3965
28113.3711
28113.3496
28113.3242
28113.3008
28113.2793
28113.2598
28113.2441
28113.2344
28113.2246
28113.2168
28113.2148
28113.2148
28113.2188
28113.2207
28113.2285
28113.2422
28113.2539
28113.2617
28113.2715
28113.2773
28113.2812
28113.2832
28113.2871
28113.2891
28113.2871
28113.2871
28113.2852
28113.2871
28113.2871
28113.2910
28113.2988
28113.3086
28113.3203
28113.3340
28113.3477
28113.3574
28113.3711
28113.3809
28113.3906
28113.3926
28113.3926
28113.3848
28113.3730
28113.3516
28113.3281
28113.2988
28113.2656
28113.2266
28113.1875
28113.1426
28113.0957
28113.0469
28112.9961
28112.9473
28112.8984
28112.8535
28112.8105
28112.7715
28112.7344
28112.6953
28112.6523
28112.6172
28112.5820
28112.5488
28112.5176
28112.4961
28112.4727
28112.4609
28112.4375
28112.4121
28112.3828
28112.3477
28112.3105
28112.2637
28112.2168
28112.1719
28112.1270
28112.0859
28112.0469
28112.0117
28111.9785
28111.9473
28111.9238
28111.9043
28111.8867
28111.8750
28111.8652
28111.8613
28111.8574
28111.8574
28111.8555
28111.8516
28111.8457
28111.8379
28111.8281
28111.8203
28111.8164
28111.8105
28111.8086
28111.8105
28111.8184
28111.8301
28111.8477
28111.8672
28111.8926
28111.9219
28111.9551
28111.9902
28112.0293
28112.0703
28112.1133
28112.1582
28112.2090
28112.2617
28112.3145
28112.3711
28112.4258
28112.4805
28112.5352
28112.5898
28112.6445
28112.7051
28112.7617
28112.8164
28112.8711
28112.9277
28112.9785
28113.0293
28113.0566
28113.1016
28113.1172
28113.1602
28113.1992
28113.2324
28113.2695
28113.3086
28113.3496
28113.3887
28113.4277
28113.4688
28113.5098
28113.5527
28113.5938
28113.6328
28113.6660
28113.7012
28113.7324
28113.7578
28113.7812
28113.8008
28113.8145
28113.8223
28113.8262
28113.8301
28113.8301
28113.8340
28113.8379
28113.8379
28113.8359
28113.8340
28113.8281
28113.8184
28113.8105
28113.8027
28113.7969
28113.7930
28113.7910
28113.7910
28113.7930
28113.7969
28113.7988
28113.7988
28113.7969
28113.7949
28113.7930
28113.7910
28113.7891
28113.7871
28113.7812
28113.7754
28113.7617
28113.7480
28113.7305
28113.7109
28113.6875
28113.6680
28113.6426
28113.6152
28113.5840
28113.5527
28113.5176
28113.5059
28113.4746
28113.4473
28113.4238
28113.4062
28113.3867
28113.3672
28113.3477
28113.3281
28113.3047
28113.2793
28113.2520
28113.2246
28113.1934
28113.1621
28113.1309
28113.0996
28113.0664
28113.0352
28113.0059
28112.9746
28112.9473
28112.9219
28112.8965
28112.8750
28112.8496
28112.8281
28112.8086
28112.7949
28112.7793
28112.7637
28112.7520
28112.7363
28112.7227
28112.7109
28112.6953
28112.6758
28112.6543
28112.6289
28112.6055
28112.5801
28112.5547
28112.5273
28112.5020
28112.4727
28112.4434
28112.4160
28112.3906
28112.3711
28112.3496
28112.3379
28112.3301
28112.3281
28112.3281
28112.3340
28112.3398
28112.3418
28112.3457
28112.3516
28112.3555
28112.3594
28112.3613
28112.3633
28112.3652
28112.3652
28112.3652
28112.3633
28112.3633
28112.3613
28112.3594
28112.3574
28112.3555
28112.3555
28112.3535
28112.3516
28112.3516
28112.3535
28112.3535
28112.3594
28112.3633
28112.3672
28112.3691
28112.3730
28112.3750
28112.3789
28112.3809
28112.3828
28112.3828
28112.3848
28112.3828
28112.3809
28112.3809
28112.3770
28112.3750
28112.3672
28112.3574
28112.3496
28112.3418
28112.3320
28112.3242
28112.3145
28112.3066
28112.3008
28112.2910
28112.2832
28112.2734
28112.2617
28112.2461
28112.2246
28112.2031
28112.1836
28112.1641
28112.1426
28112.1211
28112.0938
28112.0664
28112.0371
28112.0098
28111.9824
28111.9551
28111.9258
28111.8984
28111.8711
28111.8457
28111.8184
28111.7891
28111.7559
28111.7188
28111.6816
28111.6406
28111.5996
28111.5586
28111.5156
28111.4727
28111.4297
28111.3867
28111.3477
28111.3047
28111.2637
28111.2207
28111.1836
28111.1484
28111.1250
28111.1055
28111.0918
28111.0801
28111.0742
28111.0723
28111.0723
28111.0684
28111.0684
28111.0664
28111.0645
28111.0586
28111.0527
28111.0488
28111.0391
28111.0312
28111.0234
28111.0176
28111.0117
28111.0078
28111.0078
28111.0078
28111.0137
28111.0254
28111.0391
28111.0566
28111.0781
28111.0996
28111.1211
28111.1426
28111.1641
28111.1836
28111.2070
28111.2324
28111.2559
28111.2852
28111.3145
28111.3438
28111.3789
28111.4160
28111.4551
28111.4980
28111.5430
28111.5898
28111.6387
28111.6914
28111.7461
28111.8047
28111.8613
28111.9219
28111.9824
28112.0488
28112.1152
28112.1836
28112.2539
28112.3223
28112.3926
28112.4668
28112.5410
28112.6152
28112.6895
28112.7578
28112.8262
28112.8945
28112.9219
28112.9863
28113.0508
28113.1133
28113.1777
28113.2422
28113.3066
28113.3750
28113.4434
28113.5137
28113.5859
28113.6621
28113.7422
28113.8223
28113.9023
28113.9844
28114.0664
28114.1465
28114.2246
28114.3008
28114.3750
28114.4492
28114.5234
28114.5996
28114.6777
28114.7617
28114.8457
28114.9336
28115.0176
28115.1016
28115.1855
28115.2676
28115.3496
28115.4316
28115.5156
28115.6016
28115.6855
28115.7715
28115.8594
28115.9492
28116.0391
28116.1328
28116.2246
28116.3184
28116.4121
28116.5117
28116.6113
28116.7148
28116.8145
28116.9160
28117.0156
28117.1172
28117.2188
28117.3203
28117.4199
28117.5176
28117.6133
28117.7070
28117.7969
28117.8867
28117.9727
28118.0098
28118.0840
28118.1523
28118.2168
28118.2773
28118.3359
28118.3926
28118.4492
28118.5059
28118.5645
28118.6211
28118.6797
28118.7344
28118.7871
28118.8418
28118.8906
28118.9375
28118.9805
28119.0215
28119.0625
28119.0996
28119.1309
28119.1582
28119.1836
28119.1992
28119.2051
28119.2031
28119.1895
28119.1699
28119.1445
28119.1133
28119.0840
28119.0488
28119.0156
28118.9746
28118.9336
28118.8906
28118.8438
28118.7930
28118.7383
28118.6777
28118.6133
28118.5449
28118.4746
28118.4004
28118.3242
28118.2461
28118.1660
28118.0840
28118.0039
28117.9258
28117.8457
28117.7637
28117.6816
28117.5996
28117.5195
28117.4355
28117.3555
28117.2754
28117.1992
28117.1270
28117.0586
28116.9941
28116.9375
28116.8848
28116.8340
28116.7852
28116.7383
28116.6895
28116.6387
28116.5879
28116.5391
28116.4922
28116.4512
28116.4160
28116.3887
28116.3750
28116.3750
28116.3848
28116.4043
28116.4316
28116.4668
28116.5000
28116.5352
28116.5703
28116.6035
28116.6348
28116.6699
28116.7090
28116.7500
28116.7910
28116.8379
28116.8828
28116.9316
28116.9824
28117.0391
28117.0977
28117.1582
28117.2246
28117.2949
28117.3691
28117.4453
28117.5273
28117.6113
28117.7031
28117.7949
28117.8887
28117.9824
28118.0742
28118.1660
28118.2520
28118.3359
28118.4141
28118.4902
28118.5684
28118.6426
28118.7188
28118.7988
28118.8789
28118.9609
28119.0430
28119.1230
28119.2031
28119.2812
28119.3535
28119.4219
28119.4902
28119.5566
28119.6191
28119.6836
28119.7461
28119.8086
28119.8652
28119.9238
28119.9766
28120.0215
28120.0605
28120.0898
28120.1074
28120.1172
28120.1191
28120.1133
28120.1035
28120.0957
28120.0859
28120.0781
28120.0742
28120.0820
28120.0918
28120.1074
28120.1289
28120.1523
28120.1738
28120.1973
28120.2227
28120.2461
28120.2656
28120.2812
28120.2930
28120.3027
28120.3086
28120.3125
28120.3145
28120.3125
28120.3145
28120.3145
28120.3145
28120.3184
28120.3262
28120.3379
28120.3516
28120.3691
28120.3906
28120.4160
28120.4434
28120.4707
28120.4980
28120.5254
28120.5527
28120.5762
28120.5977
28120.6172
28120.6328
28120.6465
28120.6621
28120.6816
28120.7031
28120.7227
28120.7441
28120.7676
28120.7930
28120.8184
28120.8457
28120.8711
28120.8965
28120.9238
28120.9531
28120.9844
28121.0176
28121.0508
28121.0840
28121.1172
28121.1465
28121.1777
28121.2070
28121.2383
28121.2715
28121.3047
28121.3340
28121.3613
28121.3848
28121.4082
28121.4316
28121.4590
28121.4844
28121.5098
28121.5352
28121.5605
28121.5898
28121.6211
28121.6543
28121.6875
28121.7246
28121.7637
28121.8086
28121.8555
28121.9043
28121.9551
28122.0059
28122.0547
28122.1055
28122.1562
28122.2090
28122.2617
28122.3203
28122.3789
28122.4434
28122.5117
28122.5820
28122.6543
28122.7305
28122.8086
28122.8906
28122.9746
28123.0645
28123.1523
28123.2461
28123.3418
28123.4434
28123.5449
28123.6465
28123.7500
28123.8594
28123.9727
28124.0938
28124.2188
28124.3477
28124.4805
28124.6133
28124.7500
28124.8887
28125.0273
28125.1660
28125.3125
28125.4570
28125.6016
28125.7480
28125.8984
28126.0488
28126.1973
28126.3496
28126.5059
28126.6602
28126.8184
28126.9805
28127.1406
28127.3047
28127.4668
28127.6250
28127.7852
28127.9414
28128.0977
28128.2539
28128.4043
28128.5605
28128.7109
28128.8594
28129.0059
28129.1484
28129.2891
28129.4297
28129.5664
28129.7051
28129.8398
28129.9766
28130.1094
28130.2402
28130.3711
28130.4961
28130.6211
28130.7441
28130.8672
28130.9922
28131.1172
28131.2441
28131.3711
28131.5000
28131.6250
28131.7539
28131.8828
28132.0117
28132.1465
28132.2871
28132.4258
28132.5664
28132.7051
28132.8438
28132.9824
28133.1211
28133.2637
28133.4062
28133.5527
28133.7031
28133.8594
28134.0078
28134.1523
28134.2969
28134.4375
28134.5703
28134.6953
28134.8184
28134.9375
28135.0469
28135.1562
28135.2637
28135.3594
28135.4609
28135.5547
28135.6484
28135.7480
28135.8516
28135.9531
28136.0547
28136.1582
28136.2695
28136.3770
28136.4941
28136.6172
28136.7402
28136.8672
28137.0020
28137.1387
28137.2793
28137.4238
28137.5742
28137.7246
28137.8789
28138.0312
28138.1855
28138.3398
28138.4941
28138.6484
28138.8027
28138.9512
28139.0996
28139.2461
28139.3926
28139.5371
28139.6797
28139.8203
28139.9570
28140.0938
28140.2266
28140.3574
28140.4883
28140.6133
28140.7324
28140.8457
28140.9551
28141.0605
28141.1641
28141.2617
28141.3535
28141.4453
28141.5352
28141.6289
28141.7305
28141.8379
28141.9512
28142.0664
28142.1895
28142.3184
28142.4473
28142.5840
28142.7207
28142.8535
28142.9883
28143.1230
28143.2617
28143.4043
28143.5430
28143.6777
28143.8125
28143.9492
28144.0820
28144.2070
28144.3281
28144.4355
28144.5352
28144.6289
28144.7168
28144.7891
28144.8535
28144.9141
28144.9668
28145.0098
28145.0488
28145.0820
28145.1133
28145.1387
28145.1582
28145.1738
28145.1895
28145.2031
28145.2148
28145.2246
28145.2305
28145.2363
28145.2422
28145.2461
28145.2520
28145.2598
28145.2695
28145.2793
28145.2891
28145.2969
28145.3047
28145.3125
28145.3242
28145.3340
28145.3418
28145.3496
28145.3574
28145.3672
28145.3770
28145.3848
28145.3887
28145.3906
28145.3906
28145.3906
28145.3887
28145.3848
28145.3789
28145.3730
28145.3672
28145.3613
28145.3535
28145.3457
28145.3379
28145.3301
28145.3203
28145.3086
28145.3008
28145.2930
28145.2852
28145.2754
28145.2695
28145.2637
28145.2656
28145.2734
28145.2910
28145.3184
28145.3574
28145.4043
28145.4609
28145.5215
28145.5879
28145.6582
28145.7305
28145.8086
28145.8906
28145.9746
28146.0625
28146.1504
28146.2402
28146.3320
28146.4277
28146.5254
28146.6211
28146.7188
28146.8086
28146.8926
28146.9668
28147.0312
28147.0840
28147.1289
28147.1641
28147.1973
28147.2246
28147.2441
28147.2617
28147.2734
28147.2812
28147.2832
28147.2832
28147.2734
28147.2500
28147.2207
28147.1855
28147.1367
28147.0762
28147.0137
28146.9492
28146.8887
28146.8223
28146.7559
28146.6914
28146.6309
28146.5723
28146.5137
28146.4512
28146.3906
28146.3301
28146.2656
28146.2031
28146.1406
28146.0801
28146.0215
28145.9629
28145.9023
28145.8359
28145.7656
28145.6855
28145.5977
28145.4980
28145.3906
28145.2793
28145.1602
28145.0332
28144.9102
28144.7812
28144.6523
28144.5254
28144.4023
28144.2812
28144.1562
28144.0312
28143.9062
28143.7773
28143.6465
28143.5156
28143.3867
28143.2598
28143.1387
28143.0215
28142.9121
28142.8066
28142.7051
28142.6074
28142.5117
28142.4141
28142.3184
28142.2285
28142.1406
28142.0547
28141.9688
28141.8945
28141.8281
28141.7676
28141.7168
28141.6797
28141.6543
28141.6367
28141.6250
28141.6094
28141.5977
28141.5859
28141.5664
28141.5410
28141.5039
28141.4629
28141.4180
28141.3770
28141.3398
28141.3125
28141.2910
28141.2812
28141.2891
28141.3066
28141.3242
28141.3457
28141.3594
28141.3633
28141.3652
28141.3652
28141.3691
28141.3652
28141.3555
28141.3438
28141.3262
28141.3066
28141.2832
28141.2598
28141.2305
28141.1953
28141.1562
28141.1152
28141.0781
28141.0430
28141.0098
28140.9785
28140.9492
28140.9141
28140.8887
28140.8711
28140.8633
28140.8672
28140.8770
28140.8965
28140.9180
28140.9473
28140.9805
28141.0195
28141.0586
28141.0996
28141.1406
28141.1797
28141.2129
28141.2480
28141.2812
28141.3086
28141.3301
28141.3438
28141.3516
28141.3477
28141.3438
28141.3379
28141.3301
28141.3203
28141.3086
28141.3066
28141.3066
28141.3086
28141.3047
28141.2949
28141.2715
28141.2266
28141.1641
28141.0762
28140.9746
28140.8672
28140.7578
28140.6465
28140.5449
28140.4434
28140.3379
28140.2305
28140.1211
28140.0195
28139.9180
28139.8145
28139.7070
28139.5996
28139.4922
28139.3867
28139.2871
28139.1895
28139.0977
28138.9961
28138.8867
28138.7754
28138.6602
28138.5449
28138.4277
28138.3027
28138.1660
28138.0117
28137.8418
28137.6641
28137.4805
28137.2910
28137.1074
28136.9258
28136.7402
28136.5527
28136.3574
28136.1504
28135.9375
28135.7266
28135.5117
28135.2988
28135.0840
28134.8711
28134.6621
28134.4551
28134.2578
28134.0664
28133.8750
28133.6836
28133.4980
28133.3145
28133.1309
28132.9453
28132.7578
28132.5703
28132.3809
28132.1992
28132.0293
28131.8613
28131.7070
28131.5605
28131.4219
28131.2891
28131.1660
28131.0508
28130.9453
28130.8477
28130.7637
28130.6953
28130.6328
28130.5801
28130.5352
28130.4922
28130.4492
28130.4023
28130.3496
28130.2949
28130.2383
28130.1738
28130.1152
28130.0625
28130.0098
28129.9609
28129.9238
28129.8945
28129.8750
28129.8633
28129.8633
28129.8711
28129.8809
28129.8848
28129.8867
28129.8809
28129.8672
28129.8477
28129.8262
28129.8105
28129.7988
28129.7949
28129.7949
28129.7969
28129.8027
28129.8145
28129.8262
28129.8379
28129.8496
28129.8613
28129.8672
28129.8770
28129.8906
28129.9082
28129.9297
28129.9570
28129.9922
28130.0312
28130.0762
28130.1289
28130.1855
28130.2422
28130.2988
28130.3477
28130.3867
28130.4102
28130.4141
28130.4043
28130.3789
28130.3418
28130.3008
28130.2559
28130.2109
28130.1660
28130.1191
28130.0781
28130.0371
28130.0000
28129.9668
28129.9336
28129.9004
28129.8672
28129.8340
28129.7988
28129.7617
28129.7305
28129.6992
28129.6699
28129.6426
28129.6191
28129.5996
28129.5840
28129.5742
28129.5684
28129.5723
28129.5820
28129.5977
28129.6230
28129.6602
28129.3496
28129.0430
28128.7461
28128.4512
28128.1562
28127.8516
28127.5410
28127.2266
28126.9102
28126.5898
28126.2695
28125.9492
28125.6367
28125.3262
28125.0176
28124.7070
28124.3984
28124.0859
28123.7695
28123.4473
28123.1211
28122.7852
28122.4414
28122.0977
28121.7500
28121.4062
28121.0723
28120.7520
28120.4453
28120.1504
