  -4.3696
  -4.3326
  -4.2938
  -4.2573
  -4.2277
  -4.2050
  -4.1810
  -4.1531
  -4.1294
  -4.1028
  -4.0822
  -4.0536
  -4.0265
  -4.0030
  -3.9809
  -3.9653
  -3.9515
  -3.9364
  -3.9138
  -3.8974
  -3.8794
  -3.8544
  -3.8254
  -3.7981
  -3.7706
  -3.7398
  -3.7072
  -3.6798
  -3.6419
  -3.6236
  -3.6007
  -3.5943
  -3.5881
  -3.5764
  -3.5662
  -3.5646
  -3.5718
  -3.5674
  -3.5684
  -3.5800
  -3.5902
  -3.5987
  -3.6043
  -3.6096
  -3.6153
  -3.6209
  -3.6337
  -3.6474
  -3.6625
  -3.6730
  -3.6824
  -3.6929
  -3.7051
  -3.7214
  -3.7347
  -3.7469
  -3.7453
  -3.7451
  -3.7302
  -3.7184
  -3.7041
  -3.6793
  -3.6478
  -3.6056
  -3.5586
  -3.5057
  -3.4404
  -3.3788
  -3.3137
  -3.2477
  -3.1816
  -3.1121
  -3.0446
  -2.9712
  -2.8962
  -2.8169
  -2.7322
  -2.6541
  -2.5747
  -2.4979
  -2.4235
  -2.3478
  -2.2766
  -2.2151
  -2.1501
  -2.0950
  -2.0399
  -1.9906
  -1.9454
  -1.9053
  -1.8615
  -1.8270
  -1.7880
  -1.7522
  -1.7219
  -1.6927
  -1.6645
  -1.6349
  -1.6181
  -1.5942
  -1.5706
  -1.5537
  -1.5382
  -1.5260
  -1.5094
  -1.4919
  -1.4719
  -1.4523
  -1.4315
  -1.4103
  -1.3892
  -1.3662
  -1.3399
  -1.3154
  -1.2892
  -1.2611
  -1.2333
  -1.2108
  -1.1853
  -1.1662
  -1.1441
  -1.1247
  -1.1112
  -1.0982
  -1.0876
  -1.0795
  -1.0716
  -1.0699
  -1.0655
  -1.0592
  -1.0503
  -1.0426
  -1.0394
  -1.0349
  -1.0376
  -1.0391
  -1.0356
  -1.0279
  -1.0170
  -1.0074
  -1.0015
  -0.9936
  -0.9857
  -0.9812
  -0.9700
  -0.9630
  -0.9550
  -0.9478
  -0.9408
  -0.9351
  -0.9301
  -0.9265
  -0.9225
  -0.9133
  -0.9036
  -0.8976
  -0.8874
  -0.8770
  -0.8669
  -0.8533
  -0.8414
  -0.8215
  -0.7976
  -0.7678
  -0.7368
  -0.7025
  -0.6686
  -0.6355
  -0.5986
  -0.5626
  -0.5249
  -0.4816
  -0.4450
  -0.4084
  -0.3688
  -0.3254
  -0.2813
  -0.2373
  -0.1930
  -0.1485
  -0.1097
  -0.0694
  -0.0294
   0.0118
   0.0531
   0.0923
   0.1328
   0.1696
   0.2081
   0.2471
   0.2803
   0.3114
   0.3404
   0.3740
   0.4070
   0.4452
   0.4887
   0.5259
   0.5591
   0.5933
   0.6288
   0.6550
   0.6831
   0.7139
   0.7554
   0.7990
   0.8384
   0.9115
   0.9603
   0.9811
   1.0053
   1.0621
   1.1152
   1.1658
   1.2121
   1.2574
   1.3085
   1.3553
   1.3973
   1.4418
   1.4816
   1.5171
   1.5451
   1.5642
   1.5776
   1.5874
   1.5918
   1.5961
   1.5991
   1.6016
   1.6005
   1.5968
   1.5887
   1.5852
   1.5821
   1.5713
   1.5571
   1.5390
   1.5189
   1.4964
   1.4729
   1.4479
   1.4282
   1.4135
   1.3971
   1.3810
   1.3730
   1.3669
   1.3677
   1.3601
   1.3511
   1.3522
   1.3482
   1.3449
   1.3406
   1.3378
   1.3214
   1.3024
   1.2942
   1.3012
   1.3053
   1.3073
   1.3195
   1.3353
   1.3516
   1.3565
   1.3623
   1.3728
   1.3543
   1.3547
   1.3887
   1.4218
   1.4230
   1.4285
   1.4390
   1.4455
   1.4568
   1.4656
   1.4766
   1.4896
   1.4967
   1.5032
   1.5070
   1.5104
   1.5172
   1.5187
   1.5166
   1.5107
   1.4990
   1.4865
   1.4685
   1.4497
   1.4280
   1.4004
   1.3605
   1.3174
   1.2804
   1.2443
   1.2125
   1.1810
   1.1498
   1.1204
   1.0962
   1.0672
   1.0349
   1.0041
   0.9712
   0.9290
   0.8818
   0.8242
   0.7728
   0.7232
   0.6630
   0.6087
   0.5546
   0.4993
   0.4377
   0.3808
   0.3187
   0.2444
   0.1566
   0.0684
  -0.0215
  -0.1181
  -0.2261
  -0.3417
  -0.4616
  -0.5899
  -0.7235
  -0.8612
  -0.9962
  -1.1346
  -1.2732
  -1.4090
  -1.5488
  -1.6895
  -1.8307
  -1.9787
  -2.1274
  -2.2753
  -2.4262
  -2.5692
  -2.7076
  -2.8419
  -2.9700
  -3.0919
  -3.2127
  -3.3329
  -3.4482
  -3.5585
  -3.6655
  -3.7671
  -3.8624
  -3.9535
  -4.0421
  -4.1294
  -4.2221
  -4.3197
  -4.4249
  -4.5316
  -4.6329
  -4.7296
  -4.8250
  -4.9184
  -5.0092
  -5.1053
  -5.2026
  -5.2982
  -5.3908
  -5.4807
  -5.5678
  -5.6515
  -5.7356
  -5.8181
  -5.8984
  -5.9775
  -6.0520
  -6.1199
  -6.1837
  -6.2424
  -6.2968
  -6.3541
  -6.4036
  -6.4510
  -6.4918
  -6.5248
  -6.5511
  -6.5678
  -6.5777
  -6.5830
  -6.5846
  -6.5831
  -6.5824
  -6.5843
  -6.5890
  -6.5929
  -6.5970
  -6.5966
  -6.5873
  -6.5734
  -6.5558
  -6.5325
  -6.5084
  -6.4826
  -6.4523
  -6.4187
  -6.3821
  -6.3385
  -6.2895
  -6.2354
  -6.1759
  -6.1185
  -6.0601
  -6.0009
  -5.9392
  -5.8722
  -5.7978
  -5.7130
  -5.6240
  -5.5267
  -5.4290
  -5.3330
  -5.2395
  -5.1469
  -5.0556
  -4.9687
  -4.8834
  -4.8010
  -4.7211
  -4.6442
  -4.5713
  -4.4993
  -4.4332
  -4.3745
  -4.3220
  -4.2780
  -4.2423
  -4.2103
  -4.1793
  -4.1464
  -4.1145
  -4.0884
  -4.0618
  -4.0364
  -4.0106
  -3.9857
  -3.9611
  -3.9352
  -3.9161
  -3.9024
  -3.8936
  -3.8888
  -3.8896
  -3.8933
  -3.8960
  -3.8963
  -3.8916
  -3.8888
  -3.8876
  -3.8920
  -3.9026
  -3.9154
  -3.9306
  -3.9470
  -3.9677
  -3.9917
  -4.0224
  -4.0470
  -4.0725
  -4.0952
  -4.1198
  -4.1436
  -4.1637
  -4.1732
  -4.1810
  -4.1881
  -4.1903
  -4.1971
  -4.2126
  -4.2229
  -4.2360
  -4.2524
  -4.2732
  -4.3016
  -4.3362
  -4.3696
  -4.3991
  -4.4215
  -4.4378
  -4.4514
  -4.4621
  -4.4716
  -4.4798
  -4.4868
  -4.4875
  -4.4846
  -4.4799
  -4.4690
  -4.4506
  -4.4359
  -4.4255
  -4.4233
  -4.4186
  -4.4201
  -4.4241
  -4.4276
  -4.4253
  -4.4213
  -4.4227
  -4.4186
  -4.4178
  -4.4154
  -4.4093
  -4.3911
  -4.3695
  -4.3288
  -4.2772
  -4.2244
  -4.1766
  -4.1262
  -4.0789
  -4.0352
  -3.9945
  -3.9500
  -3.9096
  -3.8713
  -3.8351
  -3.7993
  -3.7712
  -3.7418
  -3.7236
  -3.6974
  -3.6703
  -3.6485
  -3.6361
  -3.6211
  -3.6152
  -3.6145
  -3.6086
  -3.5980
  -3.5958
  -3.5958
  -3.5961
  -3.5976
  -3.5962
  -3.5905
  -3.5849
  -3.5819
  -3.5793
  -3.5788
  -3.5772
  -3.5744
  -3.5670
  -3.5554
  -3.5372
  -3.5172
  -3.4935
  -3.4656
  -3.4381
  -3.4202
  -3.4047
  -3.3930
  -3.3783
  -3.3667
  -3.3488
  -3.3335
  -3.3179
  -3.3061
  -3.2951
  -3.2784
  -3.2631
  -3.2369
  -3.2066
  -3.1773
  -3.1582
  -3.1397
  -3.1403
  -3.1571
  -3.1813
  -3.2038
  -3.2322
  -3.2582
  -3.2816
  -3.3045
  -3.3333
  -3.3613
  -3.3881
  -3.4206
  -3.4519
  -3.4875
  -3.5280
  -3.5665
  -3.6174
  -3.6729
  -3.7271
  -3.7778
  -3.8381
  -3.8910
  -3.9409
  -3.9908
  -4.0402
  -4.0889
  -4.1347
  -4.1762
  -4.2145
  -4.2540
  -4.2927
  -4.3274
  -4.3608
  -4.3933
  -4.4242
  -4.4539
  -4.4856
  -4.5202
  -4.5590
  -4.6022
  -4.6477
  -4.6956
  -4.7406
  -4.7793
  -4.8168
  -4.8469
  -4.8653
  -4.8809
  -4.8873
  -4.8933
  -4.8944
  -4.8933
  -4.8943
  -4.8966
  -4.8988
  -4.9039
  -4.9128
  -4.9283
  -4.9433
  -4.9605
  -4.9840
  -5.0071
  -5.0297
  -5.0466
  -5.0622
  -5.0765
  -5.0875
  -5.0977
  -5.1074
  -5.1171
  -5.1259
  -5.1347
  -5.1394
  -5.1403
  -5.1367
  -5.1298
  -5.1139
  -5.0979
  -5.0786
  -5.0618
  -5.0525
  -5.0431
  -5.0354
  -5.0376
  -5.0391
  -5.0348
  -5.0259
  -5.0132
  -5.0036
  -4.9980
  -4.9937
  -4.9973
  -5.0124
  -5.0259
  -5.0461
  -5.0670
  -5.0880
  -5.1064
  -5.1290
  -5.1435
  -5.1599
  -5.1726
  -5.1841
  -5.1902
  -5.1947
  -5.1987
  -5.2052
  -5.2159
  -5.2216
  -5.2319
  -5.2376
  -5.2445
  -5.2511
  -5.2539
  -5.2551
  -5.2547
  -5.2523
  -5.2481
  -5.2366
  -5.2192
  -5.1993
  -5.1693
  -5.1378
  -5.0996
  -5.0610
  -5.0298
  -4.9907
  -4.9562
  -4.9175
  -4.8739
  -4.8263
  -4.7766
  -4.7241
  -4.6588
  -4.5968
  -4.5319
  -4.4646
  -4.3993
  -4.3324
  -4.2662
  -4.1989
  -4.1294
  -4.0572
  -3.9878
  -3.9093
  -3.8358
  -3.7644
  -3.6971
  -3.6331
  -3.5683
  -3.5011
  -3.4259
  -3.3433
  -3.2504
  -3.1636
  -3.0702
  -2.9764
  -2.8846
  -2.7929
  -2.6978
  -2.6064
  -2.5208
  -2.4142
  -2.3133
  -2.2249
  -2.1394
  -2.0469
  -1.9481
  -1.8485
  -1.7497
  -1.6439
  -1.5394
  -1.4341
  -1.3313
  -1.2256
  -1.1191
  -1.0179
  -0.9135
  -0.8092
  -0.7043
  -0.6041
  -0.5014
  -0.3980
  -0.2933
  -0.1944
  -0.0944
   0.0209
   0.1320
   0.2467
   0.3619
   0.4799
   0.5947
   0.7087
   0.8247
   0.9292
   1.0321
   1.1338
   1.2317
   1.3288
   1.4304
   1.5278
   1.6273
   1.7243
   1.8263
   1.9286
   2.0251
   2.1266
   2.2247
   2.3277
   2.4320
   2.5342
   2.6397
   2.7389
   2.8406
   2.9357
   3.0299
   3.1212
   3.2124
   3.3033
   3.3899
   3.4774
   3.5632
   3.6555
   3.7210
   3.7951
   3.8688
   3.9388
   3.9980
   4.0498
   4.1015
   4.1483
   4.1893
   4.2237
   4.2545
   4.2832
   4.3112
   4.3363
   4.3639
   4.3903
   4.4116
   4.4309
   4.4531
   4.4687
   4.4842
   4.4993
   4.5185
   4.5369
   4.5516
   4.5728
   4.5940
   4.6147
   4.6300
   4.6502
   4.6703
   4.6840
   4.7009
   4.7146
   4.7227
   4.7284
   4.7303
   4.7289
   4.7296
   4.7269
   4.7283
   4.7214
   4.7187
   4.7102
   4.7006
   4.6909
   4.6767
   4.6591
   4.6464
   4.6316
   4.6188
   4.5954
   4.5781
   4.5637
   4.5451
   4.5221
   4.4936
   4.4664
   4.4335
   4.3931
   4.3565
   4.3252
   4.2857
   4.2520
   4.2174
   4.1813
   4.1431
   4.0975
   4.0573
   4.0122
   3.9697
   3.9355
   3.8952
   3.8500
   3.8063
   3.7619
   3.7142
   3.6661
   3.6217
   3.5716
   3.5318
   3.4917
   3.4543
   3.4162
   3.3786
   3.3369
   3.2898
   3.2415
   3.1942
   3.1448
   3.0893
   3.0339
   2.9783
   2.9196
   2.8620
   2.8109
   2.7635
   2.7190
   2.6753
   2.6266
   2.5814
   2.5330
   2.4841
   2.4316
   2.3885
   2.3458
   2.3019
   2.2548
   2.2114
   2.1645
   2.1139
   2.0628
   2.0122
   1.9596
   1.9066
   1.8556
   1.8018
   1.7538
   1.7083
   1.6644
   1.6272
   1.5895
   1.5527
   1.5208
   1.4847
   1.4520
   1.4296
   1.4134
   1.4017
   1.3944
   1.3975
   1.4078
   1.4151
   1.4350
   1.4611
   1.4921
   1.5257
   1.5608
   1.6022
   1.6444
   1.6919
   1.7390
   1.7898
   1.8373
   1.8935
   1.9480
   2.0160
   2.0853
   2.1571
   2.2273
   2.3040
   2.3877
   2.4772
   2.5744
   2.6754
   2.7824
   2.8907
   2.9999
   3.1111
   3.2306
   3.3579
   3.4852
   3.6174
   3.7488
   3.8909
   4.0338
   4.1824
   4.3348
   4.5007
   4.6727
   4.8452
   5.0275
   5.2151
   5.4106
   5.6097
   5.8113
   6.0150
   6.2293
   6.4462
   6.6658
   6.8912
   7.1171
   7.3421
   7.5712
   7.7983
   8.0328
   8.2614
   8.4947
   8.7250
   8.9624
   9.1919
   9.4189
   9.6447
   9.8725
  10.0987
  10.3261
  10.5433
  10.7645
  10.9915
  11.2148
  11.4348
  11.6572
  11.8780
  12.0873
  12.3010
  12.5071
  12.7126
  12.9132
  13.1101
  13.3108
  13.5082
  13.7014
  13.8901
  14.0719
  14.2541
  14.4432
  14.6360
  14.8285
  15.0200
  15.2161
  15.4023
  15.5840
  15.7632
  15.9386
  16.1173
  16.2903
  16.4555
  16.6182
  16.7813
  16.9251
  17.0603
  17.1964
  17.3295
  17.4557
  17.5815
  17.6969
  17.8149
  17.9354
  18.0455
  18.1560
  18.2591
  18.3570
  18.4470
  18.5628
  18.6622
  18.7645
  18.8639
  18.9744
  19.0745
  19.1735
  19.2733
  19.3757
  19.4804
  19.5842
  19.6856
  19.7870
  19.8880
  19.9971
  20.0964
  20.1994
  20.3073
  20.4139
  20.5168
  20.6169
  20.7243
  20.8309
  20.9384
  21.0433
  21.1475
  21.2537
  21.3606
  21.4635
  21.5639
  21.6655
  21.7601
  21.8531
  21.9477
  22.0062
  22.0844
  22.1802
  22.2432
  22.3254
  22.4077
  22.5022
  22.6016
  22.7015
  22.8021
  22.9093
  23.0165
  23.1208
  23.2329
  23.3466
  23.4546
  23.5577
  23.6673
  23.7711
  23.8787
  23.9817
  24.0826
  24.1889
  24.2956
  24.4072
  24.5266
  24.6525
  24.7502
  24.8638
  24.9733
  25.0869
  25.1882
  25.2949
  25.4048
  25.5048
  25.6038
  25.6977
  25.7850
  25.8711
  25.9588
  26.0436
  26.1239
  26.2013
  26.2672
  26.3229
  26.3823
  26.4364
  26.4856
  26.5298
  26.5691
  26.6083
  26.6488
  26.6856
  26.7195
  26.7497
  26.7853
  26.8221
  26.8573
  26.8961
  26.9300
  26.9471
  26.9986
  27.0210
  27.0258
  27.0580
  27.0698
  27.0774
  27.0752
  27.0640
  27.0524
  27.0334
  27.0074
  26.9707
  26.9320
  26.8934
  26.8514
  26.8131
  26.7716
  26.7235
  26.6759
  26.6294
  26.5728
  26.5157
  26.4599
  26.4007
  26.3465
  26.2857
  26.2220
  26.1657
  26.1073
  26.0451
  25.9773
  25.9116
  25.8462
  25.7808
  25.7146
  25.6423
  25.5679
  25.4971
  25.4252
  25.3479
  25.2723
  25.1994
  25.1316
  25.0584
  24.9942
  24.9238
  24.8546
  24.7920
  24.7253
  24.6578
  24.5846
  24.5069
  24.4243
  24.3392
  24.2467
  24.1501
  24.0528
  23.9517
  23.8499
  23.7419
  23.6368
  23.5265
  23.4116
  23.2991
  23.1838
  23.0632
  22.9413
  22.8145
  22.6854
  22.5533
  22.4230
  22.2975
  22.1802
  22.0629
  21.9382
  21.8131
  21.6852
  21.5581
  21.4302
  21.2994
  21.1597
  21.0204
  20.8725
  20.7201
  20.5657
  20.4011
  20.2282
  20.0563
  19.8757
  19.6818
  19.4955
  19.3019
  19.1066
  18.9045
  18.6896
  18.4765
  18.2686
  18.0603
  17.8542
  17.6456
  17.4414
  17.2405
  17.0347
  16.8261
  16.6179
  16.4056
  16.1922
  15.9779
  15.7575
  15.5379
  15.3135
  15.0930
  14.8739
  14.6539
  14.4356
  14.2173
  14.0034
  13.7907
  13.5814
  13.3642
  13.1483
  12.9291
  12.7062
  12.4875
  12.2601
  12.0356
  11.8156
  11.5998
  11.3867
  11.1794
  10.9741
  10.7684
  10.5651
  10.3594
  10.1545
   9.9554
   9.7489
   9.5433
   9.3396
   9.1348
   8.9312
   8.7300
   8.5338
   8.3449
   8.1583
   7.9710
   7.7825
   7.6063
   7.4239
   7.2439
   7.0713
   6.8951
   6.7270
   6.5634
   6.3981
   6.2443
   6.0909
   5.9357
   5.7761
   5.6131
   5.4526
   5.2900
   5.1231
   4.9573
   4.7979
   4.6452
   4.4920
   4.3408
   4.1892
   4.0449
   3.9035
   3.7683
   3.6245
   3.4822
   3.3445
   3.2077
   3.0753
   2.9433
   2.8114
   2.6790
   2.5602
   2.4450
   2.3339
   2.2305
   2.1262
   2.0249
   1.9252
   1.8218
   1.7197
   1.6126
   1.5077
   1.3998
   1.2940
   1.1845
   1.0762
   0.9684
   0.8584
   0.7567
   0.6586
   0.5629
   0.4693
   0.3765
   0.2951
   0.2190
   0.1388
   0.0542
  -0.0308
  -0.1118
  -0.1993
  -0.2798
  -0.3579
  -0.4336
  -0.5093
  -0.5817
  -0.6590
  -0.7298
  -0.8007
  -0.8731
  -0.9479
  -1.0178
  -1.0885
  -1.1613
  -1.2386
  -1.3211
  -1.4004
  -1.4862
  -1.5789
  -1.6618
  -1.7495
  -1.8324
  -1.9226
  -2.0104
  -2.1006
  -2.1855
  -2.2712
  -2.3537
  -2.4345
  -2.5145
  -2.5949
  -2.6745
  -2.7546
  -2.8448
  -2.9276
  -3.0076
  -3.0995
  -3.1852
  -3.2644
  -3.3461
  -3.4225
  -3.5022
  -3.5741
  -3.6473
  -3.7139
  -3.7863
  -3.8546
  -3.9229
  -3.9928
  -4.0575
  -4.1181
  -4.1816
  -4.2500
  -4.3119
  -4.3725
  -4.4393
  -4.5064
  -4.5671
  -4.6180
  -4.6690
  -4.7179
  -4.7552
  -4.7993
  -4.8296
  -4.8584
  -4.8801
  -4.9045
  -4.9246
  -4.9474
  -4.9595
  -4.9630
  -4.9619
  -4.9574
  -4.9450
  -4.9292
  -4.9109
  -4.8893
  -4.8729
  -4.8536
  -4.8272
  -4.8049
  -4.7744
  -4.7449
  -4.7162
  -4.6846
  -4.6525
  -4.6117
  -4.5651
  -4.5241
  -4.4823
  -4.4461
  -4.4085
  -4.3774
  -4.3454
  -4.3015
