 995.0580
1025.4753
1055.8112
1086.0814
1116.2860
1146.4252
1176.4987
1206.5066
1236.4325
1266.2930
1296.0878
1325.8170
1355.4806
1385.0787
1414.5948
1444.0453
1473.4303
1502.7496
1532.0034
1561.1917
1590.2979
1619.3385
1648.3136
1677.2231
1706.0671
1734.8455
1763.5577
1792.1885
1820.7538
1849.2534
1877.6875
1873.5236
1869.3755
1865.2115
1861.0476
1856.8837
1852.7197
1848.5558
1844.4078
1840.2439
1836.0800
1831.9160
1827.7521
1823.5881
1819.4406
1815.2766
1811.1127
1806.9487
1802.7848
1798.6208
1794.4734
1790.3253
1786.1614
1781.9974
1777.8335
1773.6696
1769.5221
1765.3740
1761.2101
1757.0461
1752.8822
1748.7183
1744.5548
1740.4069
1736.2429
1732.0790
1727.9150
1723.7511
1719.5872
1715.4391
1711.2751
1707.1112
1702.9473
1698.7833
1694.6194
1690.4714
1686.3234
1682.1594
1677.9955
1673.8315
1669.6676
1665.5200
1661.3721
1657.2081
1653.0442
1648.8802
1644.7163
1640.5529
1636.4048
1632.2408
1628.0769
1623.9131
1619.7491
1615.5857
1611.4376
1607.2737
1603.1097
1598.9458
1594.7819
1590.6184
1586.4705
1582.3224
1578.1584
1573.9945
1569.8306
1565.6666
1561.5187
1557.3706
1553.2067
1549.0427
1544.8788
1540.7148
1536.5509
1532.4030
1528.2390
1524.0751
1519.9111
1515.7472
1511.5837
1507.4357
1503.2717
1499.1079
1494.9440
1490.7800
1486.6166
1482.4685
1478.3206
1474.1566
1469.9927
1465.8287
1461.6653
1457.5172
1453.3693
1449.2053
1445.0414
1440.8774
1436.7140
1432.5500
1428.4020
1424.2380
1420.0741
1415.9103
1411.7463
1407.5824
1403.4343
1399.2704
1395.1064
1390.9425
1386.7786
1382.6147
1378.4667
1374.3186
1370.1547
1365.9907
1361.8269
1357.6635
1353.5154
1349.3673
1345.2034
1341.0396
1336.8756
1332.7122
1328.5482
1324.4001
1320.2362
1316.0723
1311.9083
1307.7449
1303.5811
1299.4330
1295.2690
1291.1051
1286.9412
1282.7777
1278.6138
1274.4658
1270.3177
1266.1538
1261.9900
1257.8260
1253.6621
1249.5140
1245.3661
1241.2021
1237.0382
1232.8743
1228.7103
1224.5464
1220.3984
1216.2345
1212.0706
1207.9066
1203.7432
1199.5792
1195.4313
1191.2673
1187.1034
1182.9395
1178.7760
1174.6121
1170.4640
1166.3160
1162.1521
1157.9882
1153.8247
1149.6608
1145.5128
1141.3647
1137.2008
1133.0369
1128.8734
1124.7095
1120.5457
1116.3976
1112.2336
1108.0697
1103.9058
1099.7418
1095.5780
1091.4299
1087.2660
1083.1021
1078.9381
1074.7743
1070.6104
1066.4623
1062.3143
1058.1504
1053.9865
1049.8230
1045.6591
1041.5111
1037.3630
1033.1991
1029.0352
1024.8717
1020.7078
1016.5439
1012.3959
1008.2319
1004.0681
 999.9045
 995.7407
 991.5767
 987.4287
 983.2648
 979.1008
 974.9374
 970.7735
 966.6096
 962.4615
 958.2976
 954.1337
 949.9697
 945.8058
 941.6419
 937.4939
 933.3459
 929.1820
 925.0181
 920.8541
 916.6902
 912.5263
 908.3783
 904.2144
 900.0504
 895.8870
 891.7230
 887.5591
 883.4111
 879.2472
 875.0833
 870.9198
 866.7559
 862.5920
 858.4440
 854.2800
 850.1161
 845.9526
 841.7887
 837.6248
 833.4768
 829.3288
 825.1649
 821.0014
 816.8375
 812.6736
 808.5096
 804.3616
 800.1978
 796.0338
 791.8699
 787.7059
 783.5421
 779.3940
 775.2301
 771.0662
 766.9023
 762.7383
 758.5744
 754.4265
 750.2625
 746.0986
 741.9351
 737.7712
 733.6072
 729.4593
 725.3113
 721.1473
 716.9839
 712.8199
 708.6560
 704.5081
 700.3600
 696.1961
 692.0327
 687.8687
 683.7048
 679.5409
 675.3929
 671.2290
 667.0655
 662.9016
 658.7377
 654.5737
 650.4258
 646.2618
 642.0979
 637.9340
 633.7701
 629.6061
 625.4581
 621.3102
 617.1462
 612.9823
 608.8184
 604.6545
 600.5065
 596.3585
 592.1946
 588.0311
 583.8672
 579.7033
 575.5394
 571.3914
 567.2275
 563.0640
 558.9000
 554.7361
 550.5722
 546.4243
 542.2603
 538.0968
 533.9329
 529.7690
 525.6050
 521.4571
 517.3091
 513.1456
 508.9817
 504.8178
 500.6539
 496.5059
 492.3579
 488.1940
 484.0301
 479.8661
 475.7022
 471.5383
 467.3904
 463.2264
 459.0625
 454.8986
 450.7346
 446.5707
 442.4228
 438.2588
 434.0953
 429.9314
 425.7675
 421.6036
 417.4556
 413.3076
 409.1441
 404.9802
 400.8163
 396.6524
 392.5044
 388.3565
 384.1930
 380.0291
 375.8651
 371.7012
 367.5373
 363.3893
 359.2258
 355.0619
 350.8980
 346.7341
 342.5702
 338.4222
 334.2582
 330.0943
 325.9304
 321.7665
 317.6026
 313.4546
 309.3067
 305.1427
 300.9788
 296.8149
 292.6510
 288.5030
 284.3551
 280.1916
 276.0276
 271.8637
 267.6998
 263.5359
 259.3879
 255.2244
 251.0605
 246.8966
 242.7327
 238.5687
 234.4208
 230.2573
 226.0934
 221.9294
 217.7655
 213.6016
 209.4537
 205.3061
 201.1422
 196.9783
 192.8144
 188.6505
 184.5025
 180.3546
 176.1906
 172.0267
 167.8628
 163.6989
 159.5349
 155.3870
 151.2231
 147.0592
 142.8952
 138.7313
 134.5674
 130.4194
 126.3371
 122.3203
 118.3691
 114.4835
 110.6634
 106.9249
 103.2524
  99.6454
  96.1040
  92.6282
  89.2180
  85.8893
  82.6267
  79.4295
  76.2980
  73.2320
  70.2317
  67.2968
  64.4440
  61.6567
  58.9350
  56.2789
  53.6884
  51.1634
  48.7200
  46.3425
  44.0307
  41.7844
  39.6037
  37.4885
  35.4549
  33.4873
  31.5853
  29.7489
  27.9780
  26.2727
  24.6489
  23.0912
  21.5990
  20.1884
  18.8433
  17.5639
  16.3500
  15.2181
  14.1517
  13.1509
  12.2157
  11.3461
  10.5420
   9.8200
   9.1634
   8.5725
   8.0471
   7.5874
   7.1931
   6.8809
   6.6342
   6.4531
   6.3376
   6.2877
   6.3033
   6.3193
   6.3353
   6.3514
   6.3674
   6.3834
   6.3995
   6.4155
   6.4315
   6.4476
   6.4636
   6.4796
   6.4957
   6.5117
   6.5277
   6.5438
   6.5598
   6.5758
   6.6079
   6.6399
   6.6720
   6.7040
   6.7361
   6.7681
   6.8001
   6.8322
   6.8642
   6.8963
   6.9283
   6.9604
   6.9924
   7.0245
   7.0565
   7.0886
   7.1206
   7.1527
   7.1847
   7.2168
   7.2488
   7.2809
   7.2969
   7.3130
   7.3290
   7.3451
   7.3611
   7.3772
   7.3933
   7.4093
   7.4254
   7.4414
   7.4575
   7.4735
   7.4896
   7.5057
   7.5217
   7.5378
   7.5538
   7.5699
   7.6020
   7.6341
   7.6661
   7.6982
   7.7303
   7.7624
   7.7944
   7.8265
   7.8586
   7.8907
   7.9228
   7.9548
   7.9869
   8.0190
   8.0511
   8.0832
   8.1153
   8.1473
   8.1794
   8.2115
   8.2436
   8.2597
   8.2757
   8.2918
   8.3079
   8.3240
   8.3401
   8.3562
   8.3722
   8.3883
   8.4044
   8.4205
   8.4366
   8.4526
   8.4687
   8.4848
   8.5009
   8.5170
   8.5331
   8.5652
   8.5973
   8.6294
   8.6615
   8.6936
   8.7257
   8.7578
   8.7899
   8.8221
   8.8542
   8.8863
   8.9184
   8.9505
   8.9826
   9.0147
   9.0469
   9.0790
   9.1111
   9.1432
   9.1753
   9.2075
   9.2396
   9.2557
   9.2718
   9.2879
   9.3040
   9.3201
   9.3362
   9.3523
   9.3684
   9.3845
   9.4006
   9.4167
   9.4328
   9.4489
   9.4651
   9.4812
   9.4973
   9.5134
   9.5455
   9.5777
   9.6098
   9.6420
   9.6741
   9.7062
   9.7384
   9.7705
   9.8027
   9.8348
   9.8670
   9.8991
   9.9313
   9.9634
   9.9956
  10.0277
  10.0599
  10.0920
  10.1242
  10.1563
  10.1885
  10.2206
  10.2368
  10.2529
  10.2690
  10.2851
  10.3013
  10.3174
  10.3335
  10.3497
  10.3658
  10.3819
  10.3981
  10.4142
  10.4303
  10.4465
  10.4626
  10.4787
  10.4949
  10.5110
  10.5432
  10.5753
  10.6075
  10.6397
  10.6719
  10.7041
  10.7362
  10.7684
  10.8006
  10.8328
  10.8650
  10.8971
  10.9293
  10.9615
  10.9937
  11.0259
  11.0581
  11.0902
  11.1224
  11.1546
  11.1868
  11.2030
  11.2191
  11.2353
  11.2514
  11.2676
  11.2837
  11.2999
  11.3160
  11.3322
  11.3483
  11.3645
  11.3806
  11.3968
  11.4130
  11.4291
  11.4453
  11.4614
  11.4776
  11.5098
  11.5420
  11.5742
  11.6064
  11.6386
  11.6709
  11.7031
  11.7353
  11.7675
  11.7997
  11.8319
  11.8641
  11.8964
  11.9286
  11.9608
  11.9930
  12.0252
  12.0575
  12.0897
  12.1219
  12.1541
  12.1863
  12.2025
  12.2187
  12.2349
  12.2510
  12.2672
  12.2834
  12.2996
  12.3158
  12.3319
  12.3481
  12.3643
  12.3805
  12.3967
  12.4128
  12.4290
  12.4452
  12.4614
  12.4776
  12.5098
  12.5420
  12.5743
  12.6065
  12.6388
  12.6710
  12.7033
  12.7355
  12.7678
  12.8000
  12.8323
  12.8645
  12.8968
  12.9290
  12.9613
  12.9935
  13.0258
  13.0580
  13.0903
  13.1225
  13.1548
  13.1710
  13.1872
  13.2034
  13.2196
  13.2358
  13.2520
  13.2682
  13.2844
  13.3006
  13.3168
  13.3330
  13.3492
  13.3654
  13.3816
  13.3978
  13.4141
  13.4303
  13.4465
  13.4787
  13.5110
  13.5433
  13.5756
  13.6079
  13.6401
  13.6724
  13.7047
  13.7370
  13.7693
  13.8016
  13.8338
  13.8661
  13.8984
  13.9307
  13.9630
  13.9953
  14.0275
  14.0598
  14.0921
  14.1244
  14.1567
  14.1729
  14.1892
  14.2054
  14.2216
  14.2378
  14.2541
  14.2703
  14.2865
  14.3027
  14.3190
  14.3352
  14.3514
  14.3677
  14.3839
  14.4001
  14.4163
  14.4326
  14.4649
  14.4972
  14.5295
  14.5618
  14.5941
  14.6265
  14.6588
  14.6911
  14.7234
  14.7557
  14.7880
  14.8203
  14.8527
  14.8850
  14.9173
  14.9496
  14.9819
  15.0143
  15.0466
  15.0789
  15.1112
  15.1436
  15.1598
  15.1761
  15.1923
  15.2086
  15.2248
  15.2411
  15.2573
  15.2736
  15.2898
  15.3061
  15.3223
  15.3386
  15.3548
  15.3711
  15.3873
  15.4036
  15.4198
  15.4361
  15.4684
  15.5008
  15.5331
  15.5655
  15.5978
  15.6302
  15.6625
  15.6949
  15.7272
  15.7596
  15.7919
  15.8243
  15.8566
  15.8890
  15.9213
  15.9537
  15.9860
  16.0184
  16.0508
  16.0831
  16.1155
  16.1317
  16.1480
  16.1643
  16.1806
  16.1968
  16.2131
  16.2294
  16.2457
  16.2619
  16.2782
  16.2945
  16.3108
  16.3270
  16.3433
  16.3596
  16.3759
  16.3922
  16.4084
  16.4408
  16.4732
  16.5056
  16.5380
  16.5703
  16.6027
  16.6351
  16.6836
  16.7321
  16.7806
  16.8291
  16.8775
  16.9260
  16.9745
  17.0230
  17.0715
  17.1200
  17.1685
  17.2170
  17.2655
  17.3140
  17.3625
  17.3949
  17.4273
  17.4597
  17.4921
  17.5245
  17.5569
  17.5893
  17.6217
  17.6541
  17.6866
  17.7190
  17.7514
  17.7838
  17.8162
  17.8486
  17.8810
  17.9134
  17.9458
  17.9783
  18.0107
  18.0431
  18.0755
  18.1079
  18.1403
  18.1728
  18.2052
  18.2376
  18.2700
  18.3024
  18.3349
  18.3673
  18.3997
  18.4321
  18.4645
  18.4970
  18.5294
  18.5618
  18.5942
  18.6266
  18.6430
  18.6593
  18.6756
  18.6919
  18.7083
  18.7246
  18.7409
  18.7411
  18.7414
  18.7416
  18.7418
  18.7420
  18.7422
  18.7425
  18.7427
  18.7429
  18.7431
  18.7434
  18.7436
  18.7438
  18.7440
  18.7442
  18.7445
  18.7447
  18.7449
  18.7451
  18.7453
  18.7456
  18.7458
  18.7460
  18.7462
  18.7465
  18.7467
  18.7469
  18.7471
  18.7473
  18.7476
  18.7478
  18.7480
  18.7482
  18.7484
  18.7487
  18.7489
  18.7491
  18.7493
  18.7496
  18.7498
  18.7500
  18.7502
  18.7504
  18.7507
  18.7509
  18.7511
  18.7513
  18.7516
  18.7518
  18.7520
  18.7522
  18.7524
  18.7527
  18.7529
  18.7531
  18.7533
  18.7535
  18.7538
  18.7540
  18.7542
  18.7544
  18.7547
  18.7549
  18.7551
  18.7553
  18.7555
  18.7558
  18.7560
  18.7562
  18.7564
  18.7566
  18.7569
  18.7571
  18.7573
  18.7575
  18.7578
  18.7580
  18.7582
  18.7584
  18.7586
  18.7589
  18.7591
  18.7593
  18.7595
  18.7598
  18.7600
  18.7602
  18.7604
  18.7606
  18.7609
  18.7611
  18.7613
  18.7615
  18.7617
  18.7620
  18.7622
  18.7624
  18.7626
  18.7629
  18.7631
  18.7633
  18.7635
  18.7637
  18.7640
  18.7642
  18.7644
  18.7646
  18.7648
  18.7651
  18.7653
  18.7655
  18.7657
  18.7660
  18.7662
  18.7664
  18.7666
  18.7668
  18.7671
  18.7673
  18.7675
  18.7677
  18.7680
  18.7682
  18.7684
  18.7686
  18.7688
  18.7691
  18.7693
  18.7695
  18.7697
  18.7699
  18.7702
  18.7704
  18.7706
  18.7708
  18.7711
  18.7713
  18.7715
  18.7717
  18.7719
  18.7722
  18.7724
  18.7726
  18.7728
  18.7731
  18.7733
  18.7735
  18.7737
  18.7739
  18.7742
  18.7744
  18.7746
  18.7748
  18.7750
  18.7753
  18.7755
  18.7757
  18.7759
  18.7762
  18.7764
  18.7766
  18.7768
  18.7770
  18.7773
  18.7775
  18.7777
  18.7779
  18.7781
  18.7784
  18.7786
  18.7788
  18.7790
  18.7793
  18.7795
  18.7797
  18.7799
  18.7801
  18.7804
  18.7806
  18.7808
  18.7810
  18.7812
  18.7815
  18.7817
  18.7819
  18.7821
  18.7824
  18.7826
  18.7828
  18.7830
  18.7832
  18.7835
  18.7837
  18.7839
  18.7841
  18.7844
  18.7846
  18.7848
  18.7850
  18.7852
  18.7855
  18.7857
  18.7859
  18.7861
  18.7863
  18.7866
  18.7868
  18.7870
  18.7872
  18.7875
  18.7877
  18.7879
  18.7881
  18.7883
  18.7886
  18.7888
  18.7890
  18.7892
  18.7894
  18.7897
  18.7899
  18.7901
  18.7903
  18.7906
  18.7908
  18.7910
  18.7912
  18.7914
  18.7917
  18.7919
  18.7921
  18.7923
  18.7926
  18.7928
  18.7930
  18.7932
  18.7934
  18.7937
  18.7939
  18.7941
  18.7943
  18.7945
  18.7948
  18.7950
  18.7952
  18.7954
  18.7957
  18.7959
  18.7961
  18.7963
  18.7965
  18.7968
  18.7970
  18.7972
  18.7974
  18.7977
  18.7979
  18.7981
  18.7983
  18.7985
  18.7988
  18.7990
  18.7992
  18.7994
  18.7996
  18.7999
  18.8001
  18.8003
  18.8005
  18.8008
  18.8010
  18.8012
  18.8014
  18.8016
  18.8019
  18.8021
  18.8023
  18.8025
  18.8027
  18.8030
  18.8032
  18.8034
  18.8036
  18.8039
  18.8041
  18.8043
  18.8045
  18.8047
  18.8050
  18.8052
  18.8054
  18.8056
  18.8059
  18.8061
  18.8063
  18.8065
  18.8067
  18.8070
  18.8072
  18.8074
  18.8076
  18.8078
  18.8081
  18.8083
  18.8085
  18.8087
  18.8090
  18.8092
  18.8094
  18.8096
  18.8098
  18.8101
  18.8103
  18.8105
  18.8107
  18.8109
  18.8112
  18.8114
  18.8116
  18.8118
  18.8121
  18.8123
  18.8125
  18.8127
  18.8129
  18.8132
  18.8134
  18.8136
  18.8138
  18.8141
  18.8143
  18.8145
  18.8147
  18.8149
  18.8152
  18.8154
  18.8156
  18.8158
  18.8160
  18.8163
  18.8165
  18.8167
  18.8169
  18.8172
  18.8174
  18.8176
  18.8178
  18.8180
  18.8183
  18.8185
  18.8187
  18.8189
  18.8191
  18.8194
  18.8196
  18.8198
  18.8200
  18.8203
  18.8205
  18.8207
  18.8209
  18.8211
  18.8214
  18.8216
  18.8218
  18.8220
  18.8223
  18.8225
  18.8227
  18.8229
  18.8231
  18.8234
  18.8236
  18.8238
  18.8240
  18.8242
  18.8245
  18.8247
  18.8249
  18.8251
  18.8254
  18.8256
  18.8258
  18.8260
  18.8262
  18.8265
  18.8267
  18.8269
  18.8271
  18.8273
  18.8276
  18.8278
  18.8280
  18.8282
  18.8285
  18.8287
  18.8289
  18.8291
  18.8293
  18.8296
  18.8298
  18.8300
  18.8302
  18.8305
  18.8307
  18.8309
  18.8311
  18.8313
  18.8316
  18.8318
  18.8320
  18.8322
  18.8324
  18.8327
  18.8329
  18.8331
  18.8333
  18.8336
  18.8338
  51.3612
  83.8067
 116.1865
 148.5008
 180.7495
 212.9327
 245.0503
 277.0858
 309.0559
 340.9603
 372.7992
 404.5724
 436.2802
 467.9059
 499.4661
 530.9606
 562.3896
 593.7531
 625.0510
 656.2668
 687.4171
 718.5018
 749.5210
 780.4745
 811.3625
 842.1686
 872.9090
 903.5839
 934.1932
 964.7369
