 -14.4117
 -14.4809
 -14.5451
 -14.6108
 -14.6828
 -14.7581
 -14.8429
 -14.9211
 -15.0025
 -15.0743
 -15.1476
 -15.2273
 -15.3101
 -15.3897
 -15.4724
 -15.5601
 -15.6383
 -15.7432
 -15.8341
 -15.9266
 -16.0317
 -16.1465
 -16.2567
 -16.3747
 -16.4926
 -16.6220
 -16.7468
 -16.8765
 -17.0030
 -17.1266
 -17.2612
 -17.2999
 -17.3307
 -17.3602
 -17.4006
 -17.4395
 -17.4781
 -17.5152
 -17.5588
 -17.6039
 -17.6428
 -17.6960
 -17.7462
 -17.7996
 -17.8482
 -17.8955
 -17.9313
 -17.9831
 -18.0319
 -18.0663
 -18.1070
 -18.1460
 -18.1742
 -18.1958
 -18.2049
 -18.2124
 -18.2196
 -18.2239
 -18.2279
 -18.2196
 -18.2242
 -18.2241
 -18.2178
 -18.2163
 -18.2132
 -18.2132
 -18.2213
 -18.2275
 -18.2308
 -18.2354
 -18.2481
 -18.2577
 -18.2641
 -18.2627
 -18.2598
 -18.2759
 -18.2649
 -18.2698
 -18.2651
 -18.2589
 -18.2432
 -18.2339
 -18.2167
 -18.1947
 -18.1617
 -18.1448
 -18.1119
 -18.0951
 -18.0767
 -18.0487
 -18.0383
 -18.0152
 -17.9904
 -17.9750
 -17.9566
 -17.9334
 -17.9056
 -17.8827
 -17.8533
 -17.8286
 -17.8008
 -17.7712
 -17.7336
 -17.6925
 -17.6355
 -17.5783
 -17.5158
 -17.4598
 -17.3894
 -17.3157
 -17.2485
 -17.1799
 -17.1002
 -17.0268
 -16.9568
 -16.8914
 -16.8179
 -16.7459
 -16.6719
 -16.6013
 -16.5387
 -16.4763
 -16.4109
 -16.3535
 -16.2934
 -16.2330
 -16.1730
 -16.1081
 -16.0447
 -15.9845
 -15.9194
 -15.8576
 -15.8006
 -15.7455
 -15.6933
 -15.6440
 -15.5853
 -15.5521
 -15.5112
 -15.4686
 -15.4390
 -15.4140
 -15.3877
 -15.3567
 -15.3306
 -15.2868
 -15.2430
 -15.2039
 -15.1534
 -15.1027
 -15.0455
 -14.9836
 -14.9170
 -14.8489
 -14.7792
 -14.7189
 -14.6554
 -14.6095
 -14.5524
 -14.5019
 -14.4483
 -14.3899
 -14.3382
 -14.2914
 -14.2430
 -14.2108
 -14.1803
 -14.1549
 -14.1457
 -14.1268
 -14.1239
 -14.1144
 -14.1099
 -14.1164
 -14.1309
 -14.1452
 -14.1628
 -14.1900
 -14.2096
 -14.2358
 -14.2555
 -14.2703
 -14.2754
 -14.2945
 -14.3010
 -14.3023
 -14.3003
 -14.2965
 -14.2992
 -14.2941
 -14.2937
 -14.2882
 -14.2846
 -14.2664
 -14.2543
 -14.2342
 -14.2111
 -14.1880
 -14.1619
 -14.1368
 -14.1135
 -14.0821
 -14.0445
 -14.0002
 -13.9574
 -13.9178
 -13.8957
 -13.8667
 -13.8359
 -13.8167
 -13.7976
 -13.7928
 -13.7864
 -13.7812
 -13.7775
 -13.7706
 -13.7636
 -13.7631
 -13.7542
 -13.7547
 -13.7634
 -13.7815
 -13.8012
 -13.8258
 -13.8440
 -13.8783
 -13.9045
 -13.9341
 -13.9732
 -13.9995
 -14.0404
 -14.0749
 -14.1225
 -14.1572
 -14.1918
 -14.2120
 -14.2323
 -14.2443
 -14.2616
 -14.2803
 -14.2943
 -14.3243
 -14.3641
 -14.3989
 -14.4290
 -14.4607
 -14.4875
 -14.5145
 -14.5481
 -14.5737
 -14.5993
 -14.6174
 -14.6422
 -14.6553
 -14.6829
 -14.7025
 -14.7317
 -14.7690
 -14.8109
 -14.8528
 -14.8900
 -14.9239
 -14.9576
 -14.9961
 -15.0295
 -15.0757
 -15.1266
 -15.1823
 -15.2399
 -15.2993
 -15.3551
 -15.3966
 -15.4335
 -15.4639
 -15.5041
 -15.5381
 -15.5770
 -15.6078
 -15.6338
 -15.6600
 -15.6881
 -15.7146
 -15.7282
 -15.7403
 -15.7442
 -15.7465
 -15.7376
 -15.7205
 -15.7112
 -15.6699
 -15.6283
 -15.5610
 -15.5032
 -15.4372
 -15.3824
 -15.3244
 -15.2695
 -15.2146
 -15.1615
 -15.1030
 -15.0448
 -14.9879
 -14.9200
 -14.8341
 -14.7533
 -14.6596
 -14.5688
 -14.4896
 -14.4184
 -14.3407
 -14.2612
 -14.1849
 -14.1100
 -14.0383
 -13.9716
 -13.9049
 -13.8415
 -13.7847
 -13.7230
 -13.6597
 -13.5932
 -13.5364
 -13.4860
 -13.4405
 -13.4015
 -13.3676
 -13.3305
 -13.2903
 -13.2486
 -13.2038
 -13.1623
 -13.1209
 -13.0923
 -13.0688
 -13.0533
 -13.0346
 -13.0191
 -13.0003
 -12.9830
 -12.9658
 -12.9520
 -12.9316
 -12.9047
 -12.8795
 -12.8592
 -12.8405
 -12.8185
 -12.7918
 -12.7716
 -12.7433
 -12.7457
 -12.7707
 -12.8328
 -12.8933
 -12.9522
 -13.0030
 -13.0635
 -13.1353
 -13.2184
 -13.3031
 -13.3847
 -13.4663
 -13.5527
 -13.6376
 -13.7353
 -13.8364
 -13.9454
 -14.0611
 -14.1767
 -14.2761
 -14.3771
 -14.4732
 -14.5644
 -14.6539
 -14.7385
 -14.8164
 -14.8942
 -14.9688
 -15.0368
 -15.1014
 -15.1596
 -15.2179
 -15.2696
 -15.3182
 -15.3635
 -15.4023
 -15.4443
 -15.4831
 -15.5219
 -15.5623
 -15.5995
 -15.6302
 -15.6577
 -15.6867
 -15.7109
 -15.7253
 -15.7383
 -15.7513
 -15.7659
 -15.7823
 -15.8001
 -15.8099
 -15.8164
 -15.8247
 -15.8377
 -15.8588
 -15.8896
 -15.9221
 -15.9561
 -15.9884
 -16.0224
 -16.0531
 -16.0661
 -16.0597
 -16.0484
 -16.0486
 -16.0550
 -16.0615
 -16.0551
 -16.0471
 -16.0439
 -16.0473
 -16.0505
 -16.0539
 -16.0571
 -16.0571
 -16.0537
 -16.0471
 -16.0437
 -16.0354
 -16.0352
 -16.0367
 -16.0416
 -16.0529
 -16.0692
 -16.0921
 -16.1233
 -16.1560
 -16.1905
 -16.2265
 -16.2676
 -16.3086
 -16.3512
 -16.3971
 -16.4431
 -16.4891
 -16.5383
 -16.5859
 -16.6335
 -16.6795
 -16.7223
 -16.7667
 -16.8160
 -16.8653
 -16.9131
 -16.9592
 -17.0101
 -17.0626
 -17.1166
 -17.1707
 -17.2247
 -17.2820
 -17.3410
 -17.4046
 -17.4715
 -17.5335
 -17.5873
 -17.6346
 -17.6852
 -17.7405
 -17.8022
 -17.8608
 -17.9160
 -17.9713
 -18.0266
 -18.0771
 -18.1226
 -18.1666
 -18.2041
 -18.2448
 -18.2775
 -18.3069
 -18.3315
 -18.3545
 -18.3791
 -18.4021
 -18.4267
 -18.4530
 -18.4793
 -18.5024
 -18.5271
 -18.5502
 -18.5717
 -18.5866
 -18.6000
 -18.6100
 -18.6152
 -18.6154
 -18.6109
 -18.6048
 -18.6019
 -18.5974
 -18.5913
 -18.5870
 -18.5809
 -18.5765
 -18.5737
 -18.5693
 -18.5633
 -18.5572
 -18.5463
 -18.5370
 -18.5259
 -18.5133
 -18.4991
 -18.4817
 -18.4642
 -18.4436
 -18.4229
 -18.4024
 -18.3850
 -18.3677
 -18.3488
 -18.3299
 -18.3110
 -18.2839
 -18.2553
 -18.2250
 -18.1930
 -18.1595
 -18.1260
 -18.0925
 -18.0622
 -18.0304
 -18.0001
 -17.9731
 -17.9493
 -17.9255
 -17.9017
 -17.8826
 -17.8636
 -17.8494
 -17.8353
 -17.8226
 -17.8099
 -17.7924
 -17.7731
 -17.7539
 -17.7363
 -17.7187
 -17.6993
 -17.6784
 -17.6558
 -17.6365
 -17.6221
 -17.6077
 -17.5917
 -17.5789
 -17.5662
 -17.5569
 -17.5458
 -17.5332
 -17.5156
 -17.4997
 -17.4805
 -17.4613
 -17.4355
 -17.4130
 -17.3905
 -17.3647
 -17.3389
 -17.3180
 -17.2938
 -17.2763
 -17.2586
 -17.2393
 -17.2200
 -17.2039
 -17.1911
 -17.1750
 -17.1589
 -17.1378
 -17.1167
 -17.0989
 -17.0746
 -17.0568
 -17.0390
 -17.0294
 -17.0231
 -17.0151
 -17.0152
 -17.0105
 -17.0057
 -17.0043
 -16.9979
 -16.9932
 -16.9788
 -16.9740
 -16.9579
 -16.9450
 -16.9289
 -16.9063
 -16.8804
 -16.8546
 -16.8239
 -16.7915
 -16.7640
 -16.7350
 -16.7059
 -16.6784
 -16.6444
 -16.6137
 -16.5846
 -16.5604
 -16.5346
 -16.5071
 -16.4862
 -16.4669
 -16.4442
 -16.4249
 -16.4038
 -16.3844
 -16.3633
 -16.3455
 -16.3228
 -16.3001
 -16.2757
 -16.2498
 -16.2190
 -16.1816
 -16.1442
 -16.1020
 -16.0597
 -16.0174
 -15.9751
 -15.9246
 -15.8839
 -15.8384
 -15.7960
 -15.7520
 -15.7064
 -15.6608
 -15.6200
 -15.5727
 -15.5270
 -15.4829
 -15.4339
 -15.3915
 -15.3409
 -15.2853
 -15.2298
 -15.1661
 -15.1105
 -15.0500
 -14.9830
 -14.9208
 -14.8570
 -14.7932
 -14.7230
 -14.6543
 -14.5923
 -14.5237
 -14.4681
 -14.4125
 -14.3585
 -14.3143
 -14.2685
 -14.2259
 -14.1883
 -14.1556
 -14.1229
 -14.0950
 -14.0673
 -14.0330
 -13.9953
 -13.9560
 -13.9250
 -13.8808
 -13.8367
 -13.7892
 -13.7434
 -13.6992
 -13.6583
 -13.6142
 -13.5667
 -13.5242
 -13.4866
 -13.4473
 -13.4162
 -13.3835
 -13.3556
 -13.3261
 -13.3015
 -13.2720
 -13.2458
 -13.2097
 -13.1901
 -13.1523
 -13.1293
 -13.0965
 -13.0702
 -13.0423
 -13.0194
 -12.9898
 -12.9603
 -12.9307
 -12.9011
 -12.8765
 -12.8485
 -12.8205
 -12.7991
 -12.7745
 -12.7547
 -12.7268
 -12.7136
 -12.6923
 -12.6758
 -12.6610
 -12.6494
 -12.6411
 -12.6328
 -12.6212
 -12.6194
 -12.6112
 -12.6012
 -12.5995
 -12.5846
 -12.5747
 -12.5599
 -12.5401
 -12.5121
 -12.4891
 -12.4628
 -12.4365
 -12.4233
 -12.3986
 -12.3822
 -12.3559
 -12.3362
 -12.3165
 -12.3099
 -12.2902
 -12.2837
 -12.2574
 -12.2425
 -12.2392
 -12.2260
 -12.2145
 -12.2047
 -12.1899
 -12.1751
 -12.1602
 -12.1504
 -12.1388
 -12.1305
 -12.1189
 -12.1205
 -12.1154
 -12.1317
 -12.1382
 -12.1513
 -12.1512
 -12.1609
 -12.1690
 -12.1871
 -12.2166
 -12.2378
 -12.2706
 -12.2935
 -12.3214
 -12.3476
 -12.3672
 -12.4033
 -12.4328
 -12.4688
 -12.4933
 -12.5294
 -12.5703
 -12.6113
 -12.6622
 -12.7065
 -12.7639
 -12.8148
 -12.8525
 -12.8968
 -12.9395
 -12.9872
 -13.0464
 -13.1056
 -13.1648
 -13.2207
 -13.2832
 -13.3473
 -13.4181
 -13.4839
 -13.5481
 -13.6221
 -13.6830
 -13.7521
 -13.8196
 -13.8854
 -13.9430
 -14.0105
 -14.0682
 -14.1324
 -14.1984
 -14.2528
 -14.3204
 -14.3780
 -14.4472
 -14.5131
 -14.5906
 -14.6631
 -14.7323
 -14.8048
 -14.8774
 -14.9631
 -15.0374
 -15.1100
 -15.1711
 -15.2371
 -15.2965
 -15.3659
 -15.4303
 -15.4931
 -15.5492
 -15.5956
 -15.6453
 -15.6917
 -15.7364
 -15.7762
 -15.8209
 -15.8642
 -15.9040
 -15.9439
 -15.9856
 -16.0173
 -16.0556
 -16.0742
 -16.0929
 -16.1049
 -16.1219
 -16.1405
 -16.1543
 -16.1828
 -16.2130
 -16.2432
 -16.2717
 -16.2970
 -16.3223
 -16.3509
 -16.3811
 -16.4131
 -16.4351
 -16.4572
 -16.4727
 -16.4816
 -16.4970
 -16.5175
 -16.5281
 -16.5486
 -16.5625
 -16.5714
 -16.5902
 -16.5959
 -16.6230
 -16.6403
 -16.6575
 -16.6764
 -16.6937
 -16.7011
 -16.7168
 -16.7193
 -16.7267
 -16.7391
 -16.7499
 -16.7606
 -16.7648
 -16.7641
 -16.7716
 -16.7759
 -16.7769
 -16.7811
 -16.7837
 -16.7880
 -16.7872
 -16.7817
 -16.7860
 -16.7919
 -16.7947
 -16.8007
 -16.8101
 -16.8213
 -16.8339
 -16.8384
 -16.8511
 -16.8590
 -16.8717
 -16.8780
 -16.8908
 -16.9035
 -16.9097
 -16.9093
 -16.9023
 -16.8969
 -16.8949
 -16.8764
 -16.8612
 -16.8344
 -16.8077
 -16.7727
 -16.7361
 -16.7045
 -16.6678
 -16.6262
 -16.5830
 -16.5397
 -16.4964
 -16.4548
 -16.4017
 -16.3584
 -16.3036
 -16.2587
 -16.2171
 -16.1640
 -16.1158
 -16.0527
 -15.9912
 -15.9299
 -15.8520
 -15.7790
 -15.7029
 -15.6167
 -15.5356
 -15.4512
 -15.3584
 -15.2608
 -15.1633
 -15.0525
 -14.9450
 -14.8292
 -14.7201
 -14.6076
 -14.4936
 -14.3746
 -14.2606
 -14.1500
 -14.0426
 -13.9303
 -13.8147
 -13.6991
 -13.5850
 -13.4743
 -13.3487
 -13.2297
 -13.1024
 -12.9751
 -12.8411
 -12.7136
 -12.5762
 -12.4405
 -12.3031
 -12.1624
 -12.0217
 -11.8845
 -11.7472
 -11.6015
 -11.4592
 -11.3151
 -11.1811
 -11.0370
 -10.9030
 -10.7756
 -10.6448
 -10.5174
 -10.3934
 -10.2676
 -10.1452
 -10.0211
  -9.8887
  -9.7662
  -9.6486
  -9.5329
  -9.4188
  -9.3081
  -9.2022
  -9.0947
  -8.9889
  -8.8797
  -8.7688
  -8.6662
  -8.5586
  -8.4343
  -8.3166
  -8.1989
  -8.0861
  -7.9782
  -7.8769
  -7.7673
  -7.6659
  -7.5727
  -7.4696
  -7.3713
  -7.2715
  -7.1715
  -7.0751
  -6.9718
  -6.8685
  -6.7733
  -6.6750
  -6.5732
  -6.4814
  -6.3780
  -6.2646
  -6.1676
  -6.0591
  -5.9587
  -5.8484
  -5.7480
  -5.6410
  -5.5489
  -5.4535
  -5.3564
  -5.2692
  -5.1903
  -5.1047
  -5.0240
  -4.9400
  -4.8626
  -4.7884
  -4.7059
  -4.6317
  -4.5623
  -4.4746
  -4.3950
  -4.3170
  -4.2372
  -4.1639
  -4.0854
  -4.0118
  -3.9431
  -3.8762
  -3.8009
  -3.7224
  -3.6455
  -3.5768
  -3.5033
  -3.4448
  -3.3896
  -3.3426
  -3.3039
  -3.2617
  -3.2345
  -3.2321
  -3.2315
  -3.2339
  -3.2415
  -3.2508
  -3.2600
  -3.2709
  -3.2834
  -3.2793
  -3.2902
  -3.2994
  -3.3102
  -3.3276
  -3.3465
  -3.3687
  -3.3909
  -3.4114
  -3.4235
  -3.4324
  -3.4280
  -3.4403
  -3.4591
  -3.4830
  -3.5202
  -3.5690
  -3.6228
  -3.6800
  -3.7419
  -3.7987
  -3.8556
  -3.9092
  -3.9610
  -4.0144
  -4.0794
  -4.1428
  -4.2193
  -4.3041
  -4.3921
  -4.4767
  -4.5629
  -4.6424
  -4.7252
  -4.8081
  -4.8911
  -4.9742
  -5.0559
  -5.1411
  -5.2282
  -5.3202
  -5.4122
  -5.5110
  -5.6079
  -5.7048
  -5.8001
  -5.8870
  -5.9687
  -6.0489
  -6.1256
  -6.1956
  -6.2774
  -6.3440
  -6.4057
  -6.4658
  -6.5276
  -6.5992
  -6.6659
  -6.7393
  -6.8259
  -6.9109
  -7.0143
  -7.1143
  -7.2125
  -7.3158
  -7.4226
  -7.5160
  -7.6094
  -7.6962
  -7.7847
  -7.8897
  -8.0047
  -8.1262
  -8.2394
  -8.3610
  -8.4610
  -8.5609
  -8.6477
  -8.7378
  -8.8195
  -8.9097
  -8.9941
  -9.0793
  -9.1660
  -9.2676
  -9.3643
  -9.4493
  -9.5392
  -9.6211
  -9.6831
  -9.7484
  -9.8105
  -9.8779
  -9.9452
 -10.0227
 -10.0936
 -10.1559
 -10.2350
 -10.3141
 -10.3931
 -10.4769
 -10.5507
 -10.6311
 -10.7048
 -10.7901
 -10.8737
 -10.9441
 -11.0194
 -11.0996
 -11.1779
 -11.2512
 -11.3277
 -11.4043
 -11.4963
 -11.5801
 -11.6675
 -11.7516
 -11.8257
 -11.9097
 -11.9853
 -12.0607
 -12.1394
 -12.2099
 -12.2804
 -12.3510
 -12.4217
 -12.5007
 -12.5879
 -12.6619
 -12.7442
 -12.8181
 -12.8855
 -12.9477
 -13.0084
 -13.0698
 -13.1187
 -13.1825
 -13.2448
 -13.3068
 -13.3605
 -13.4176
 -13.4731
 -13.5275
 -13.5913
 -13.6534
 -13.7072
 -13.7594
 -13.8216
 -13.8754
 -13.9308
 -13.9893
 -14.0378
 -14.0928
 -14.1328
 -14.1725
 -14.2121
 -14.2468
 -14.2798
 -14.3029
 -14.3242
 -14.3504
 -14.3668
 -14.3899
 -14.4100
 -14.4216
 -14.4300
 -14.4401
 -14.4602
 -14.4956
 -14.5194
 -14.5533
 -14.5807
 -14.6134
 -14.6392
 -14.6483
 -14.6570
 -14.6554
 -14.6422
 -14.6290
 -14.6008
 -14.5708
 -14.5347
 -14.4966
 -14.4518
 -14.4169
 -14.3718
 -14.3150
 -14.2430
 -14.1645
 -14.1044
 -14.0425
 -13.9841
 -13.9238
 -13.8754
 -13.8269
 -13.7809
 -13.7341
 -13.6821
 -13.6201
 -13.5682
 -13.5129
 -13.4577
 -13.3908
 -13.3256
 -13.2605
 -13.1920
 -13.1202
 -13.0502
 -12.9767
 -12.9101
 -12.8452
 -12.7805
 -12.7276
 -12.6647
 -12.6168
 -12.5724
 -12.5216
 -12.4774
 -12.4383
 -12.3959
 -12.3518
 -12.3010
 -12.2552
 -12.1990
 -12.1512
 -12.1017
 -12.0486
 -11.9972
 -11.9440
 -11.8735
 -11.8135
 -11.7535
 -11.6969
 -11.6196
 -11.5478
 -11.4806
 -11.4152
 -11.3550
 -11.2944
 -11.2273
 -11.1668
 -11.1115
 -11.0575
 -11.0107
 -10.9787
 -10.9350
 -10.9084
 -10.8884
 -10.8790
 -10.8842
 -10.8812
 -10.8817
 -10.8786
 -10.8840
 -10.8879
 -10.8916
 -10.8941
 -10.8997
 -10.9037
 -10.9182
 -10.9206
 -10.9315
 -10.9391
 -10.9449
 -10.9490
 -10.9394
 -10.9284
 -10.9122
 -10.8827
 -10.8566
 -10.8123
 -10.7694
 -10.7334
 -10.6821
 -10.6444
 -10.6030
 -10.5720
 -10.5444
 -10.5233
 -10.5040
 -10.4863
 -10.4636
 -10.4540
 -10.4379
 -10.4353
 -10.4208
 -10.4080
 -10.4004
 -10.3929
 -10.3734
 -10.3713
 -10.3673
 -10.3551
 -10.3594
 -10.3777
 -10.3924
 -10.4124
 -10.4405
 -10.4703
 -10.5137
 -10.5570
 -10.6087
 -10.6637
 -10.7223
 -10.7723
 -10.8190
 -10.8605
 -10.9037
 -10.9401
 -10.9747
 -11.0112
 -11.0394
 -11.0604
 -11.0938
 -11.1184
 -11.1283
 -11.1395
 -11.1592
 -11.1687
 -11.1919
 -11.2178
 -11.2540
 -11.2800
 -11.3092
 -11.3419
 -11.3880
 -11.4393
 -11.5036
 -11.5715
 -11.6460
 -11.7136
 -11.7996
 -11.8721
 -11.9461
 -12.0271
 -12.0860
 -12.1520
 -12.2078
 -12.2501
 -12.2807
 -12.3132
 -12.3440
 -12.3732
 -12.3943
 -12.4122
 -12.4219
 -12.4419
 -12.4653
 -12.4837
 -12.4954
 -12.5158
 -12.5258
 -12.5292
 -12.5325
 -12.5242
 -12.5174
 -12.5108
 -12.5023
 -12.4925
 -12.4826
 -12.4695
 -12.4581
 -12.4416
 -12.4186
 -12.3904
 -12.3641
 -12.3361
 -12.3151
 -12.2821
 -12.2593
 -12.2281
 -12.1901
 -12.1622
 -12.1379
 -12.1032
 -12.0723
 -12.0493
 -12.0234
 -11.9905
