  -5.4768
  -5.4068
  -5.3418
  -5.2748
  -5.2097
  -5.1397
  -5.0648
  -4.9931
  -4.9225
  -4.8455
  -4.7641
  -4.6934
  -4.6272
  -4.5641
  -4.5023
  -4.4422
  -4.3851
  -4.3221
  -4.2602
  -4.2000
  -4.1508
  -4.1016
  -4.0507
  -4.0055
  -3.9555
  -3.9183
  -3.8781
  -3.8488
  -3.8117
  -3.7665
  -3.7290
  -3.6682
  -3.6101
  -3.5487
  -3.4796
  -3.3952
  -3.3091
  -3.2109
  -3.1082
  -3.0039
  -2.8966
  -2.7915
  -2.6773
  -2.5708
  -2.4722
  -2.3759
  -2.2922
  -2.2113
  -2.1403
  -2.0788
  -2.0220
  -1.9788
  -1.9481
  -1.9253
  -1.9179
  -1.9088
  -1.9075
  -1.8906
  -1.8785
  -1.8752
  -1.8824
  -1.8894
  -1.8951
  -1.9082
  -1.9233
  -1.9412
  -1.9611
  -1.9778
  -1.9975
  -2.0175
  -2.0407
  -2.0616
  -2.0702
  -2.0834
  -2.0935
  -2.1069
  -2.1216
  -2.1273
  -2.1434
  -2.1519
  -2.1668
  -2.1848
  -2.1980
  -2.2204
  -2.2429
  -2.2716
  -2.2956
  -2.3147
  -2.3354
  -2.3611
  -2.3949
  -2.4298
  -2.4680
  -2.5107
  -2.5645
  -2.6258
  -2.7039
  -2.7899
  -2.8955
  -3.0060
  -3.1244
  -3.2521
  -3.3701
  -3.4959
  -3.6140
  -3.7333
  -3.8476
  -3.9586
  -4.0684
  -4.1732
  -4.2642
  -4.3441
  -4.4055
  -4.4483
  -4.4862
  -4.5256
  -4.5616
  -4.5824
  -4.5927
  -4.5948
  -4.5865
  -4.5770
  -4.5613
  -4.5531
  -4.5587
  -4.5704
  -4.5821
  -4.5949
  -4.6141
  -4.6337
  -4.6691
  -4.7015
  -4.7410
  -4.7974
  -4.8635
  -4.9344
  -5.0008
  -5.0751
  -5.1569
  -5.2298
  -5.3136
  -5.3897
  -5.4581
  -5.5391
  -5.6109
  -5.6859
  -5.7546
  -5.8230
  -5.8964
  -5.9652
  -6.0326
  -6.0953
  -6.1617
  -6.2246
  -6.2882
  -6.3515
  -6.4119
  -6.4597
  -6.5046
  -6.5372
  -6.5665
  -6.5943
  -6.6115
  -6.6315
  -6.6483
  -6.6637
  -6.6805
  -6.7021
  -6.7207
  -6.7378
  -6.7567
  -6.7817
  -6.8180
  -6.8605
  -6.9113
  -6.9652
  -7.0177
  -7.0676
  -7.1298
  -7.2010
  -7.2682
  -7.3523
  -7.4350
  -7.5210
  -7.5949
  -7.6521
  -7.7015
  -7.7476
  -7.7897
  -7.8299
  -7.8649
  -7.8858
  -7.9112
  -7.9302
  -7.9478
  -7.9479
  -7.9524
  -7.9549
  -7.9527
  -7.9483
  -7.9515
  -7.9483
  -7.9468
  -7.9500
  -7.9463
  -7.9472
  -7.9451
  -7.9438
  -7.9456
  -7.9455
  -7.9457
  -7.9485
  -7.9508
  -7.9433
  -7.9439
  -7.9408
  -7.9348
  -7.9284
  -7.9194
  -7.9148
  -7.9088
  -7.9107
  -7.9045
  -7.9041
  -7.9112
  -7.9292
  -7.9436
  -7.9535
  -7.9680
  -7.9837
  -8.0041
  -8.0305
  -8.0598
  -8.0889
  -8.1197
  -8.1498
  -8.1783
  -8.2069
  -8.2338
  -8.2573
  -8.2825
  -8.3182
  -8.3539
  -8.3880
  -8.4158
  -8.4497
  -8.4818
  -8.5097
  -8.5423
  -8.5809
  -8.6151
  -8.6493
  -8.6852
  -8.7225
  -8.7550
  -8.7871
  -8.8066
  -8.8216
  -8.8305
  -8.8395
  -8.8504
  -8.8584
  -8.8771
  -8.8941
  -8.9142
  -8.9304
  -8.9438
  -8.9603
  -8.9699
  -8.9812
  -8.9835
  -8.9727
  -8.9589
  -8.9470
  -8.9367
  -8.9151
  -8.8906
  -8.8660
  -8.8481
  -8.8315
  -8.8133
  -8.8045
  -8.7862
  -8.7697
  -8.7472
  -8.7264
  -8.6979
  -8.6756
  -8.6567
  -8.6345
  -8.6108
  -8.5853
  -8.5600
  -8.5343
  -8.5122
  -8.4882
  -8.4720
  -8.4560
  -8.4413
  -8.4343
  -8.4289
  -8.4279
  -8.4208
  -8.4118
  -8.4011
  -8.4011
  -8.3871
  -8.3778
  -8.3714
  -8.3699
  -8.3615
  -8.3523
  -8.3354
  -8.3307
  -8.3214
  -8.3115
  -8.2972
  -8.2938
  -8.2886
  -8.2898
  -8.2863
  -8.2800
  -8.2671
  -8.2429
  -8.2190
  -8.1879
  -8.1626
  -8.1444
  -8.1224
  -8.1052
  -8.0922
  -8.0835
  -8.0875
  -8.0885
  -8.0897
  -8.0832
  -8.0911
  -8.1007
  -8.1104
  -8.1122
  -8.1141
  -8.1164
  -8.1138
  -8.1144
  -8.1150
  -8.1158
  -8.1139
  -8.1083
  -8.1046
  -8.0995
  -8.0931
  -8.0833
  -8.0708
  -8.0533
  -8.0331
  -8.0063
  -7.9801
  -7.9463
  -7.9110
  -7.8650
  -7.8192
  -7.7703
  -7.7171
  -7.6623
  -7.6027
  -7.5495
  -7.4861
  -7.4293
  -7.3749
  -7.3152
  -7.2461
  -7.1831
  -7.1239
  -7.0756
  -7.0132
  -6.9540
  -6.9012
  -6.8436
  -6.7877
  -6.7286
  -6.6676
  -6.6066
  -6.5406
  -6.4857
  -6.4233
  -6.3637
  -6.2972
  -6.2232
  -6.1450
  -6.0690
  -5.9930
  -5.9065
  -5.8249
  -5.7367
  -5.6548
  -5.5711
  -5.4933
  -5.4152
  -5.3353
  -5.2539
  -5.1803
  -5.1081
  -5.0358
  -4.9667
  -4.8947
  -4.8258
  -4.7614
  -4.6953
  -4.6344
  -4.5703
  -4.5109
  -4.4513
  -4.3982
  -4.3467
  -4.2967
  -4.2453
  -4.1985
  -4.1498
  -4.1055
  -4.0611
  -4.0229
  -3.9783
  -3.9368
  -3.8968
  -3.8628
  -3.8274
  -3.7953
  -3.7656
  -3.7431
  -3.7101
  -3.6839
  -3.6589
  -3.6297
  -3.6008
  -3.5670
  -3.5338
  -3.5023
  -3.4744
  -3.4486
  -3.4274
  -3.4063
  -3.3844
  -3.3624
  -3.3426
  -3.3178
  -3.3029
  -3.2816
  -3.2652
  -3.2537
  -3.2438
  -3.2338
  -3.2238
  -3.2183
  -3.2114
  -3.2076
  -3.2054
  -3.2002
  -3.1951
  -3.1871
  -3.1792
  -3.1746
  -3.1637
  -3.1557
  -3.1492
  -3.1426
  -3.1376
  -3.1353
  -3.1298
  -3.1259
  -3.1217
  -3.1174
  -3.1112
  -3.1034
  -3.0943
  -3.0866
  -3.0775
  -3.0700
  -3.0624
  -3.0565
  -3.0537
  -3.0540
  -3.0606
  -3.0687
  -3.0768
  -3.0847
  -3.0914
  -3.0996
  -3.1029
  -3.1043
  -3.1012
  -3.0995
  -3.0964
  -3.0918
  -3.0888
  -3.0840
  -3.0793
  -3.0792
  -3.0773
  -3.0723
  -3.0686
  -3.0666
  -3.0680
  -3.0723
  -3.0797
  -3.0945
  -3.1094
  -3.1223
  -3.1352
  -3.1462
  -3.1536
  -3.1592
  -3.1632
  -3.1671
  -3.1695
  -3.1719
  -3.1805
  -3.1893
  -3.2042
  -3.2254
  -3.2448
  -3.2673
  -3.2866
  -3.3040
  -3.3187
  -3.3301
  -3.3368
  -3.3432
  -3.3468
  -3.3536
  -3.3555
  -3.3590
  -3.3626
  -3.3648
  -3.3635
  -3.3620
  -3.3588
  -3.3552
  -3.3532
  -3.3508
  -3.3434
  -3.3312
  -3.3190
  -3.3037
  -3.2882
  -3.2713
  -3.2544
  -3.2359
  -3.2175
  -3.2008
  -3.1844
  -3.1684
  -3.1541
  -3.1445
  -3.1349
  -3.1251
  -3.1181
  -3.1124
  -3.1067
  -3.1021
  -3.0974
  -3.0926
  -3.0828
  -3.0744
  -3.0675
  -3.0574
  -3.0508
  -3.0427
  -3.0410
  -3.0393
  -3.0442
  -3.0492
  -3.0542
  -3.0641
  -3.0723
  -3.0774
  -3.0822
  -3.0762
  -3.0699
  -3.0605
  -3.0495
  -3.0260
  -3.0149
  -2.9893
  -2.9702
  -2.9507
  -2.9329
  -2.9182
  -2.9021
  -2.8843
  -2.8618
  -2.8409
  -2.8214
  -2.7988
  -2.7732
  -2.7524
  -2.7317
  -2.7094
  -2.6856
  -2.6554
  -2.6269
  -2.5986
  -2.5672
  -2.5436
  -2.5103
  -2.4834
  -2.4548
  -2.4231
  -2.3993
  -2.3722
  -2.3435
  -2.3179
  -2.2906
  -2.2646
  -2.2372
  -2.2052
  -2.1764
  -2.1432
  -2.1100
  -2.0705
  -2.0313
  -1.9890
  -1.9496
  -1.9120
  -1.8649
  -1.8114
  -1.7672
  -1.7153
  -1.6694
  -1.6174
  -1.5686
  -1.5134
  -1.4582
  -1.4015
  -1.3431
  -1.2894
  -1.2421
  -1.1964
  -1.1587
  -1.1163
  -1.0769
  -1.0328
  -1.0043
  -0.9617
  -0.9287
  -0.8926
  -0.8503
  -0.8110
  -0.7702
  -0.7308
  -0.6976
  -0.6739
  -0.6487
  -0.6172
  -0.5951
  -0.5744
  -0.5553
  -0.5329
  -0.5121
  -0.5011
  -0.4867
  -0.4803
  -0.4675
  -0.4625
  -0.4436
  -0.4370
  -0.4210
  -0.4003
  -0.3858
  -0.3603
  -0.3363
  -0.3029
  -0.2695
  -0.2343
  -0.1976
  -0.1592
  -0.1257
  -0.0920
  -0.0538
  -0.0185
   0.0214
   0.0644
   0.1041
   0.1470
   0.1900
   0.2249
   0.2490
   0.2764
   0.3038
   0.3343
   0.3696
   0.4034
   0.4386
   0.4721
   0.5104
   0.5597
   0.6123
   0.6808
   0.7521
   0.8221
   0.8887
   0.9426
   0.9918
   1.0423
   1.0977
   1.1581
   1.2167
   1.2692
   1.3282
   1.3934
   1.4634
   1.5506
   1.6488
   1.7440
   1.8376
   1.9357
   2.0263
   2.1153
   2.1995
   2.2807
   2.3638
   2.4402
   2.5214
   2.5964
   2.6744
   2.7511
   2.8352
   2.9225
   3.0082
   3.0985
   3.1909
   3.2782
   3.3595
   3.4487
   3.5330
   3.6208
   3.7130
   3.8133
   3.9228
   4.0325
   4.1437
   4.2488
   4.3573
   4.4660
   4.5793
   4.6913
   4.8129
   4.9407
   5.0779
   5.2136
   5.3589
   5.4965
   5.6453
   5.7866
   5.9299
   6.0617
   6.1826
   6.3050
   6.4131
   6.5201
   6.6366
   6.7470
   6.8735
   7.0001
   7.1288
   7.2509
   7.3695
   7.4872
   7.6078
   7.7237
   7.8383
   7.9479
   8.0485
   8.1523
   8.2560
   8.3644
   8.4715
   8.5828
   8.7036
   8.8262
   8.9518
   9.0807
   9.2131
   9.3533
   9.4889
   9.6212
   9.7489
   9.8751
   9.9938
  10.1062
  10.2247
  10.3383
  10.4630
  10.5811
  10.6945
  10.8032
  10.9167
  11.0304
  11.1378
  11.2488
  11.3564
  11.4814
  11.6001
  11.7122
  11.8211
  11.9272
  12.0347
  12.1328
  12.2310
  12.3259
  12.4178
  12.5078
  12.6007
  12.6778
  12.7549
  12.8285
  12.9043
  12.9831
  13.0588
  13.1329
  13.2055
  13.2698
  13.3375
  13.4016
  13.4660
  13.5224
  13.5867
  13.6385
  13.6933
  13.7383
  13.7880
  13.8250
  13.8590
  13.8893
  13.9023
  13.9091
  13.8969
  13.8940
  13.8910
  13.8865
  13.8785
  13.8754
  13.8701
  13.8569
  13.8403
  13.8156
  13.7972
  13.7707
  13.7458
  13.7223
  13.7018
  13.6768
  13.6515
  13.6183
  13.5838
  13.5504
  13.5155
  13.4675
  13.4135
  13.3498
  13.2780
  13.2078
  13.1168
  13.0321
  12.9455
  12.8543
  12.7533
  12.6489
  12.5332
  12.4126
  12.2920
  12.1680
  12.0375
  11.9131
  11.7935
  11.6720
  11.5520
  11.4335
  11.3163
  11.2085
  11.0958
  10.9909
  10.8875
  10.7871
  10.6851
  10.5893
  10.4980
  10.4020
  10.3150
  10.2309
  10.1550
  10.0790
  10.0062
   9.9395
   9.8791
   9.8280
   9.7862
   9.7632
   9.7357
   9.7085
   9.6748
   9.6413
   9.5994
   9.5624
   9.5194
   9.4782
   9.4529
   9.4180
   9.3977
   9.3757
   9.3554
   9.3224
   9.2848
   9.2487
   9.2130
   9.1866
   9.1574
   9.1376
   9.1275
   9.1250
   9.1288
   9.1467
   9.1570
   9.1705
   9.1860
   9.2078
   9.2392
   9.2771
   9.3216
   9.3678
   9.4173
   9.4635
   9.5130
   9.5627
   9.5967
   9.6340
   9.6743
   9.7128
   9.7468
   9.7792
   9.7988
   9.8263
   9.8508
   9.8782
   9.8993
   9.9234
   9.9392
   9.9565
   9.9804
   9.9952
  10.0134
  10.0298
  10.0432
  10.0564
  10.0669
  10.0791
  10.0787
  10.0735
  10.0632
  10.0483
  10.0347
  10.0228
  10.0140
  10.0070
   9.9999
  10.0067
  10.0104
  10.0080
  10.0086
  10.0129
  10.0123
  10.0149
  10.0254
  10.0376
  10.0513
  10.0557
  10.0539
  10.0476
  10.0334
  10.0129
   9.9831
   9.9567
   9.9148
   9.8744
   9.8340
   9.7933
   9.7496
   9.7108
   9.6715
   9.6242
   9.5911
   9.5565
   9.5126
   9.4543
   9.3771
   9.3158
   9.2494
   9.1850
   9.1093
   9.0368
   8.9562
   8.8725
   8.7873
   8.6987
   8.6150
   8.5425
   8.4736
   8.4096
   8.3429
   8.2648
   8.1930
   8.1100
   8.0223
   7.9362
   7.8547
   7.7701
   7.6742
   7.5846
   7.4952
   7.4095
   7.3282
   7.2551
   7.1774
   7.0980
   7.0269
   6.9593
   6.8915
   6.8334
   6.7656
   6.6965
   6.6142
   6.5350
   6.4430
   6.3446
   6.2460
   6.1505
   6.0673
   6.0091
   5.9680
   5.9333
   5.8967
   5.8456
   5.7846
   5.7060
   5.6243
   5.5377
   5.4481
   5.3570
   5.2628
   5.1672
   5.0765
   4.9827
   4.8859
   4.7938
   4.7209
   4.6784
   4.6390
   4.5997
   4.5572
   4.5180
   4.4805
   4.4414
   4.4073
   4.3796
   4.3585
   4.3325
   4.3048
   4.2784
   4.2507
   4.2289
   4.2183
   4.2045
   4.1937
   4.1767
   4.1611
   4.1471
   4.1393
   4.1382
   4.1418
   4.1408
   4.1398
   4.1211
   4.0946
   4.0617
   4.0367
   3.9990
   3.9562
   3.9071
   3.8468
   3.7991
   3.7444
   3.6897
   3.6319
   3.5771
   3.5257
   3.4790
   3.4213
   3.3622
   3.2763
   3.1668
   3.0605
   2.9609
   2.8854
   2.8210
   2.7677
   2.7127
   2.6563
   2.6044
   2.5477
   2.4812
   2.4098
   2.3367
   2.2635
   2.1822
   2.1071
   2.0289
   1.9378
   1.8291
   1.7220
   1.6180
   1.5171
   1.4195
   1.3220
   1.2275
   1.1315
   1.0257
   0.9236
   0.8183
   0.7068
   0.5808
   0.4473
   0.2947
   0.1438
  -0.0101
  -0.1609
  -0.3067
  -0.4600
  -0.6088
  -0.7655
  -0.9160
  -1.0569
  -1.2012
  -1.3261
  -1.4479
  -1.5682
  -1.6935
  -1.8235
  -1.9564
  -2.0958
  -2.2353
  -2.3826
  -2.5232
  -2.6604
  -2.7959
  -2.9267
  -3.0497
  -3.1759
  -3.2941
  -3.4253
  -3.5548
  -3.6874
  -3.8186
  -3.9646
  -4.1219
  -4.2855
  -4.4443
  -4.6064
  -4.7588
  -4.9109
  -5.0582
  -5.2024
  -5.3354
  -5.4733
  -5.6175
  -5.7491
  -5.8838
  -6.0233
  -6.1645
  -6.2990
  -6.4384
  -6.5825
  -6.7153
  -6.8500
  -6.9716
  -7.0839
  -7.2040
  -7.3177
  -7.4364
  -7.5488
  -7.6642
  -7.7637
  -7.8636
  -7.9522
  -8.0393
  -8.1169
  -8.1864
  -8.2657
  -8.3324
  -8.4006
  -8.4721
  -8.5418
  -8.6133
  -8.6910
  -8.7754
  -8.8756
  -8.9695
  -9.0601
  -9.1316
  -9.1936
  -9.2588
  -9.3333
  -9.4079
  -9.4681
  -9.5027
  -9.5549
  -9.6166
  -9.6717
  -9.7203
  -9.7785
  -9.8334
  -9.8946
  -9.9544
 -10.0190
 -10.0800
 -10.1393
 -10.2065
 -10.2722
 -10.3298
 -10.3795
 -10.4375
 -10.5003
 -10.5646
 -10.6401
 -10.7110
 -10.7753
 -10.8301
 -10.8898
 -10.9383
 -10.9916
 -11.0465
 -11.0983
 -11.1405
 -11.1953
 -11.2436
 -11.3000
 -11.3611
 -11.4159
 -11.4802
 -11.5399
 -11.6058
 -11.6689
 -11.7368
 -11.7916
 -11.8562
 -11.9207
 -11.9929
 -12.0575
 -12.1075
 -12.1606
 -12.2216
 -12.2717
 -12.3215
 -12.3714
 -12.4180
 -12.4597
 -12.4887
 -12.5096
 -12.5351
 -12.5620
 -12.5952
 -12.6058
 -12.5989
 -12.5871
 -12.5877
 -12.6171
 -12.6273
 -12.6279
 -12.6365
 -12.6497
 -12.6533
 -12.6505
 -12.6413
 -12.6210
 -12.6120
 -12.5934
 -12.5765
 -12.5486
 -12.5240
 -12.4997
 -12.4880
 -12.4685
 -12.4395
 -12.4025
 -12.3558
 -12.3155
 -12.2704
 -12.2398
 -12.2010
 -12.1719
 -12.1268
 -12.0804
 -12.0356
 -11.9970
 -11.9571
 -11.9156
 -11.8741
 -11.8375
 -11.8071
 -11.7672
 -11.7334
 -11.6964
 -11.6594
 -11.6255
 -11.5967
 -11.5646
 -11.5309
 -11.5007
 -11.4783
 -11.4720
 -11.4722
 -11.4707
 -11.4691
 -11.4788
 -11.4885
 -11.4902
 -11.4887
 -11.4840
 -11.4859
 -11.4846
 -11.4867
 -11.4857
 -11.4977
 -11.5115
 -11.5235
 -11.5324
 -11.5351
 -11.5394
 -11.5359
 -11.5371
 -11.5274
 -11.5290
 -11.5274
 -11.5276
 -11.5242
 -11.5163
 -11.5066
 -11.4971
 -11.4970
 -11.4935
 -11.4915
 -11.4864
 -11.4842
 -11.4773
 -11.4735
 -11.4666
 -11.4500
 -11.4351
 -11.4153
 -11.3942
 -11.3696
 -11.3548
 -11.3383
 -11.3092
 -11.2756
 -11.2354
 -11.2052
 -11.1701
 -11.1319
 -11.0922
 -11.0477
 -10.9986
 -10.9464
 -10.8896
 -10.8265
 -10.7682
 -10.7037
 -10.6394
 -10.5703
 -10.4901
 -10.4100
 -10.3236
 -10.2356
 -10.1427
 -10.0436
  -9.9430
  -9.8489
  -9.7646
  -9.6804
  -9.5898
  -9.5041
  -9.4251
  -9.3412
  -9.2510
  -9.1609
  -9.0742
  -8.9844
  -8.8946
  -8.8048
  -8.7231
  -8.6382
  -8.5578
  -8.4711
  -8.3830
  -8.2853
  -8.1958
  -8.0917
  -7.9974
  -7.8950
  -7.7879
  -7.6842
  -7.5724
  -7.4896
  -7.4055
  -7.3264
  -7.2489
  -7.1874
  -7.1229
  -7.0617
  -7.0054
  -6.9506
  -6.8993
  -6.8461
  -6.7978
  -6.7575
  -6.7121
  -6.6668
  -6.6118
  -6.5584
  -6.4985
  -6.4339
  -6.3725
  -6.3127
  -6.2498
  -6.1851
  -6.1044
  -6.0270
  -5.9462
  -5.8830
  -5.8184
  -5.7554
  -5.6763
