  -3.5478
  -3.5206
  -3.4982
  -3.4887
  -3.4851
  -3.4885
  -3.4900
  -3.4903
  -3.4929
  -3.4982
  -3.5002
  -3.5074
  -3.5212
  -3.5293
  -3.5474
  -3.5651
  -3.5857
  -3.6061
  -3.6278
  -3.6440
  -3.6637
  -3.6792
  -3.6910
  -3.7048
  -3.7171
  -3.7297
  -3.7439
  -3.7628
  -3.7772
  -3.7830
  -3.7956
  -3.8206
  -3.8457
  -3.8573
  -3.8641
  -3.8696
  -3.8779
  -3.8897
  -3.8974
  -3.8979
  -3.9003
  -3.9109
  -3.9173
  -3.9266
  -3.9339
  -3.9389
  -3.9455
  -3.9537
  -3.9575
  -3.9577
  -3.9567
  -3.9595
  -3.9630
  -3.9702
  -3.9800
  -3.9822
  -3.9819
  -3.9786
  -3.9773
  -3.9710
  -3.9650
  -3.9643
  -3.9524
  -3.9415
  -3.9299
  -3.9144
  -3.8913
  -3.8610
  -3.8302
  -3.8019
  -3.7698
  -3.7468
  -3.7329
  -3.7185
  -3.7057
  -3.6955
  -3.6850
  -3.6795
  -3.6749
  -3.6679
  -3.6616
  -3.6607
  -3.6598
  -3.6599
  -3.6634
  -3.6634
  -3.6629
  -3.6610
  -3.6558
  -3.6530
  -3.6542
  -3.6570
  -3.6536
  -3.6478
  -3.6508
  -3.6585
  -3.6667
  -3.6746
  -3.6837
  -3.6918
  -3.7048
  -3.7065
  -3.7004
  -3.6889
  -3.6753
  -3.6667
  -3.6599
  -3.6519
  -3.6395
  -3.6266
  -3.6167
  -3.6082
  -3.5956
  -3.5814
  -3.5580
  -3.5348
  -3.5178
  -3.5065
  -3.4982
  -3.4920
  -3.4843
  -3.4829
  -3.4736
  -3.4689
  -3.4575
  -3.4542
  -3.4509
  -3.4581
  -3.4755
  -3.4999
  -3.5306
  -3.5629
  -3.5961
  -3.6158
  -3.6301
  -3.6391
  -3.6461
  -3.6513
  -3.6508
  -3.6487
  -3.6468
  -3.6429
  -3.6456
  -3.6502
  -3.6595
  -3.6730
  -3.6918
  -3.7078
  -3.7220
  -3.7369
  -3.7484
  -3.7622
  -3.7709
  -3.7869
  -3.8070
  -3.8281
  -3.8419
  -3.8552
  -3.8648
  -3.8677
  -3.8698
  -3.8709
  -3.8744
  -3.8824
  -3.8954
  -3.9040
  -3.9071
  -3.9088
  -3.9116
  -3.9164
  -3.9242
  -3.9344
  -3.9465
  -3.9613
  -3.9851
  -4.0107
  -4.0382
  -4.0654
  -4.0900
  -4.1139
  -4.1407
  -4.1681
  -4.1882
  -4.2171
  -4.2456
  -4.2817
  -4.3045
  -4.3242
  -4.3402
  -4.3524
  -4.3623
  -4.3703
  -4.3859
  -4.3928
  -4.4002
  -4.4074
  -4.4178
  -4.4262
  -4.4322
  -4.4414
  -4.4524
  -4.4625
  -4.4719
  -4.4740
  -4.4700
  -4.4596
  -4.4390
  -4.4112
  -4.3824
  -4.3523
  -4.3223
  -4.2930
  -4.2656
  -4.2386
  -4.2125
  -4.1853
  -4.1542
  -4.1189
  -4.0844
  -4.0286
  -3.9895
  -3.9469
  -3.9065
  -3.8677
  -3.8287
  -3.7970
  -3.7672
  -3.7395
  -3.7145
  -3.6862
  -3.6601
  -3.6334
  -3.6065
  -3.5781
  -3.5484
  -3.5123
  -3.4767
  -3.4325
  -3.3827
  -3.3345
  -3.2876
  -3.2405
  -3.1987
  -3.1539
  -3.1048
  -3.0567
  -3.0018
  -2.9502
  -2.9068
  -2.8599
  -2.8157
  -2.7739
  -2.7286
  -2.6782
  -2.6286
  -2.5791
  -2.5265
  -2.4664
  -2.4094
  -2.3582
  -2.3072
  -2.2587
  -2.2146
  -2.1771
  -2.1435
  -2.1161
  -2.0936
  -2.0761
  -2.0656
  -2.0577
  -2.0552
  -2.0556
  -2.0583
  -2.0570
  -2.0538
  -2.0439
  -2.0290
  -2.0162
  -2.0065
  -1.9964
  -2.0088
  -2.0085
  -2.0129
  -2.0162
  -2.0212
  -2.0277
  -2.0315
  -2.0360
  -2.0379
  -2.0420
  -2.0472
  -2.0522
  -2.0579
  -2.0639
  -2.0723
  -2.0837
  -2.0969
  -2.1157
  -2.1427
  -2.1758
  -2.2145
  -2.2533
  -2.2926
  -2.3308
  -2.3779
  -2.4226
  -2.4725
  -2.5288
  -2.5894
  -2.6470
  -2.7094
  -2.7848
  -2.8589
  -2.9346
  -3.0135
  -3.0935
  -3.1661
  -3.2382
  -3.3148
  -3.3926
  -3.4677
  -3.5389
  -3.6050
  -3.6650
  -3.7205
  -3.7709
  -3.8168
  -3.8599
  -3.8991
  -3.9317
  -3.9610
  -3.9847
  -4.0055
  -4.0224
  -4.0382
  -4.0557
  -4.0752
  -4.0982
  -4.1197
  -4.1412
  -4.1617
  -4.1796
  -4.1981
  -4.2151
  -4.2328
  -4.2505
  -4.2687
  -4.2832
  -4.2986
  -4.3101
  -4.3187
  -4.3263
  -4.3313
  -4.3368
  -4.3443
  -4.3494
  -4.3560
  -4.3636
  -4.3721
  -4.3799
  -4.3850
  -4.3840
  -4.3807
  -4.3752
  -4.3657
  -4.3535
  -4.3377
  -4.3086
  -4.2675
  -4.2147
  -4.1542
  -4.0855
  -3.9989
  -3.9089
  -3.8172
  -3.7281
  -3.6434
  -3.5729
  -3.5067
  -3.4415
  -3.3744
  -3.3041
  -3.2381
  -3.1728
  -3.1108
  -3.0485
  -2.9906
  -2.9362
  -2.8852
  -2.8376
  -2.8007
  -2.7657
  -2.7373
  -2.7144
  -2.6987
  -2.6869
  -2.6800
  -2.6792
  -2.6789
  -2.6814
  -2.6834
  -2.6856
  -2.6851
  -2.6822
  -2.6749
  -2.6623
  -2.6465
  -2.6277
  -2.6085
  -2.5904
  -2.5773
  -2.5658
  -2.5583
  -2.5519
  -2.5454
  -2.5373
  -2.5313
  -2.5214
  -2.5126
  -2.5010
  -2.4906
  -2.4807
  -2.4687
  -2.4555
  -2.4413
  -2.4260
  -2.4124
  -2.4053
  -2.4116
  -2.4273
  -2.4535
  -2.4887
  -2.5306
  -2.5818
  -2.6396
  -2.7012
  -2.7604
  -2.8213
  -2.8781
  -2.9356
  -2.9938
  -3.0545
  -3.1208
  -3.1906
  -3.2659
  -3.3452
  -3.4310
  -3.5173
  -3.6067
  -3.6882
  -3.7691
  -3.8435
  -3.9200
  -3.9948
  -4.0736
  -4.1508
  -4.2278
  -4.2998
  -4.3669
  -4.4345
  -4.5005
  -4.5658
  -4.6320
  -4.7013
  -4.7708
  -4.8445
  -4.9136
  -4.9842
  -5.0555
  -5.1294
  -5.2011
  -5.2783
  -5.3540
  -5.4267
  -5.4978
  -5.5656
  -5.6328
  -5.6973
  -5.7623
  -5.8246
  -5.8852
  -5.9453
  -6.0055
  -6.0653
  -6.1295
  -6.1937
  -6.2597
  -6.3214
  -6.3788
  -6.4292
  -6.4757
  -6.5198
  -6.5577
  -6.5939
  -6.6267
  -6.6562
  -6.6872
  -6.7221
  -6.7568
  -6.7953
  -6.8353
  -6.8780
  -6.9234
  -6.9681
  -7.0094
  -7.0429
  -7.0649
  -7.0808
  -7.0903
  -7.0976
  -7.1118
  -7.1237
  -7.1286
  -7.1301
  -7.1277
  -7.1175
  -7.1062
  -7.0945
  -7.0830
  -7.0735
  -7.0604
  -7.0467
  -7.0335
  -7.0192
  -7.0045
  -6.9897
  -6.9760
  -6.9710
  -6.9661
  -6.9602
  -6.9553
  -6.9488
  -6.9347
  -6.9211
  -6.9075
  -6.8945
  -6.8826
  -6.8647
  -6.8463
  -6.8247
  -6.8025
  -6.7809
  -6.7614
  -6.7391
  -6.7178
  -6.6904
  -6.6652
  -6.6388
  -6.6204
  -6.6063
  -6.5926
  -6.5861
  -6.5792
  -6.5718
  -6.5657
  -6.5613
  -6.5478
  -6.5290
  -6.5054
  -6.4775
  -6.4459
  -6.4145
  -6.3819
  -6.3472
  -6.3120
  -6.2762
  -6.2448
  -6.2200
  -6.1935
  -6.1714
  -6.1474
  -6.1223
  -6.0987
  -6.0784
  -6.0602
  -6.0431
  -6.0260
  -6.0082
  -5.9903
  -5.9724
  -5.9551
  -5.9410
  -5.9290
  -5.9181
  -5.9078
  -5.9002
  -5.8926
  -5.8850
  -5.8762
  -5.8691
  -5.8626
  -5.8565
  -5.8553
  -5.8552
  -5.8519
  -5.8469
  -5.8414
  -5.8370
  -5.8377
  -5.8383
  -5.8422
  -5.8489
  -5.8561
  -5.8605
  -5.8682
  -5.8791
  -5.8950
  -5.9141
  -5.9299
  -5.9424
  -5.9550
  -5.9675
  -5.9735
  -5.9794
  -5.9874
  -5.9926
  -5.9961
  -6.0051
  -6.0194
  -6.0320
  -6.0532
  -6.0749
  -6.0966
  -6.1177
  -6.1367
  -6.1612
  -6.1824
  -6.2020
  -6.2245
  -6.2507
  -6.2791
  -6.3038
  -6.3268
  -6.3411
  -6.3592
  -6.3718
  -6.3894
  -6.4092
  -6.4330
  -6.4529
  -6.4733
  -6.4894
  -6.5060
  -6.5178
  -6.5273
  -6.5385
  -6.5480
  -6.5565
  -6.5700
  -6.5796
  -6.5881
  -6.5928
  -6.5986
  -6.6045
  -6.6065
  -6.6085
  -6.6111
  -6.6099
  -6.6092
  -6.6073
  -6.6115
  -6.6064
  -6.6024
  -6.5978
  -6.5943
  -6.5920
  -6.5886
  -6.5868
  -6.5752
  -6.5697
  -6.5669
  -6.5619
  -6.5596
  -6.5600
  -6.5582
  -6.5620
  -6.5630
  -6.5651
  -6.5699
  -6.5693
  -6.5676
  -6.5594
  -6.5490
  -6.5376
  -6.5267
  -6.5164
  -6.4979
  -6.4875
  -6.4739
  -6.4586
  -6.4432
  -6.4218
  -6.4021
  -6.3867
  -6.3741
  -6.3598
  -6.3489
  -6.3324
  -6.3143
  -6.2874
  -6.2654
  -6.2418
  -6.2209
  -6.1967
  -6.1719
  -6.1483
  -6.1224
  -6.0960
  -6.0684
  -6.0382
  -6.0090
  -5.9739
  -5.9469
  -5.9134
  -5.8738
  -5.8342
  -5.7991
  -5.7600
  -5.7303
  -5.6972
  -5.6670
  -5.6301
  -5.6068
  -5.5787
  -5.5516
  -5.5234
  -5.4930
  -5.4577
  -5.4213
  -5.3909
  -5.3544
  -5.3163
  -5.2766
  -5.2324
  -5.1855
  -5.1402
  -5.0857
  -5.0338
  -4.9831
  -4.9290
  -4.8722
  -4.8198
  -4.7712
  -4.7215
  -4.6740
  -4.6259
  -4.5735
  -4.5281
  -4.4784
  -4.4369
  -4.3970
  -4.3598
  -4.3255
  -4.2981
  -4.2701
  -4.2526
  -4.2335
  -4.2148
  -4.1962
  -4.1798
  -4.1676
  -4.1593
  -4.1499
  -4.1357
  -4.1285
  -4.1223
  -4.1145
  -4.1083
  -4.1056
  -4.1019
  -4.0973
  -4.0950
  -4.0997
  -4.1001
  -4.1033
  -4.1129
  -4.1253
  -4.1350
  -4.1452
  -4.1553
  -4.1645
  -4.1680
  -4.1771
  -4.1774
  -4.1794
  -4.1809
  -4.1785
  -4.1751
  -4.1782
  -4.1775
  -4.1812
  -4.1871
  -4.1979
  -4.2093
  -4.2278
  -4.2458
  -4.2676
  -4.2922
  -4.3202
  -4.3415
  -4.3695
  -4.4002
  -4.4271
  -4.4491
  -4.4711
  -4.4920
  -4.5145
  -4.5394
  -4.5609
  -4.5846
  -4.6090
  -4.6335
  -4.6536
  -4.6774
  -4.6981
  -4.7177
  -4.7346
  -4.7542
  -4.7711
  -4.7941
  -4.8127
  -4.8330
  -4.8482
  -4.8658
  -4.8876
  -4.9030
  -4.9237
  -4.9445
  -4.9659
  -4.9850
  -5.0072
  -5.0286
  -5.0489
  -5.0718
  -5.0953
  -5.1144
  -5.1314
  -5.1468
  -5.1632
  -5.1828
  -5.1982
  -5.2129
  -5.2326
  -5.2516
  -5.2729
  -5.2897
  -5.3076
  -5.3266
  -5.3450
  -5.3606
  -5.3817
  -5.3984
  -5.4211
  -5.4387
  -5.4563
  -5.4728
  -5.4893
  -5.5007
  -5.5105
  -5.5169
  -5.5277
  -5.5270
  -5.5317
  -5.5325
  -5.5317
  -5.5309
  -5.5283
  -5.5160
  -5.5105
  -5.5040
  -5.4952
  -5.4793
  -5.4627
  -5.4472
  -5.4296
  -5.4097
  -5.3882
  -5.3655
  -5.3423
  -5.3191
  -5.2936
  -5.2725
  -5.2443
  -5.2183
  -5.1867
  -5.1568
  -5.1241
  -5.0854
  -5.0510
  -5.0123
  -4.9746
  -4.9299
  -4.8813
  -4.8397
  -4.7938
  -4.7451
  -4.6981
  -4.6471
  -4.5988
  -4.5526
  -4.5054
  -4.4539
  -4.4055
  -4.3578
  -4.3057
  -4.2563
  -4.2128
  -4.1661
  -4.1215
  -4.0791
  -4.0355
  -3.9875
  -3.9396
  -3.8893
  -3.8376
  -3.7879
  -3.7393
  -3.6874
  -3.6388
  -3.5945
  -3.5485
  -3.5024
  -3.4579
  -3.4078
  -3.3644
  -3.3225
  -3.2815
  -3.2450
  -3.2094
  -3.1696
  -3.1286
  -3.0877
  -3.0499
  -3.0115
  -2.9741
  -2.9328
  -2.8918
  -2.8474
  -2.7992
  -2.7526
  -2.7075
  -2.6580
  -2.6067
  -2.5559
  -2.4970
  -2.4484
  -2.3949
  -2.3467
  -2.2955
  -2.2425
  -2.1888
  -2.1312
  -2.0792
  -2.0243
  -1.9563
  -1.8871
  -1.8163
  -1.7433
  -1.6711
  -1.5972
  -1.5124
  -1.4269
  -1.3474
  -1.2740
  -1.1984
  -1.1283
  -1.0589
  -0.9847
  -0.9185
  -0.8585
  -0.7951
  -0.7327
  -0.6715
  -0.6147
  -0.5558
  -0.5013
  -0.4456
  -0.3855
  -0.3352
  -0.2830
  -0.2302
  -0.1840
  -0.1396
  -0.1000
  -0.0616
  -0.0252
   0.0204
   0.0536
   0.0975
   0.1334
   0.1682
   0.1936
   0.2233
   0.2535
   0.2830
   0.3184
   0.3495
   0.3783
   0.4016
   0.4232
   0.4421
   0.4564
   0.4741
   0.4941
   0.5085
   0.5184
   0.5353
   0.5461
   0.5584
   0.5626
   0.5693
   0.5764
   0.5775
   0.5786
   0.5748
   0.5693
   0.5727
   0.5760
   0.5716
   0.5673
   0.5669
   0.5599
   0.5473
   0.5374
   0.5382
   0.5374
   0.5421
   0.5486
   0.5492
   0.5545
   0.5595
   0.5638
   0.5666
   0.5706
   0.5779
   0.5850
   0.5975
   0.6116
   0.6216
   0.6402
   0.6608
   0.6848
   0.7105
   0.7488
   0.7848
   0.8176
   0.8551
   0.8801
   0.9230
   0.9590
   1.0012
   1.0472
   1.0988
   1.1478
   1.1963
   1.2467
   1.2944
   1.3432
   1.3937
   1.4477
   1.5021
   1.5628
   1.6250
   1.6821
   1.7350
   1.7866
   1.8451
   1.8965
   1.9566
   2.0169
   2.0800
   2.1402
   2.1973
   2.2596
   2.3191
   2.3758
   2.4266
   2.4678
   2.5058
   2.5498
   2.5982
   2.6421
   2.6847
   2.7259
   2.7699
   2.8080
   2.8513
   2.8952
   2.9366
   2.9791
   3.0211
   3.0735
   3.1217
   3.1758
   3.2275
   3.2815
   3.3388
   3.3940
   3.4457
   3.4988
   3.5442
   3.5938
   3.6424
   3.6960
   3.7421
   3.7826
   3.8271
   3.8691
   3.9099
   3.9442
   3.9752
   4.0036
   4.0310
   4.0651
   4.0986
   4.1376
   4.1749
   4.2114
   4.2501
   4.2876
   4.3260
   4.3639
   4.4004
   4.4418
   4.4850
   4.5278
   4.5749
   4.6103
   4.6494
   4.6801
   4.7128
   4.7431
   4.7693
   4.7941
   4.8132
   4.8421
   4.8763
   4.9121
   4.9481
   4.9862
   5.0232
   5.0563
   5.0900
   5.1246
   5.1613
   5.1923
   5.2161
   5.2443
   5.2656
   5.2935
   5.3277
   5.3617
   5.3900
   5.4161
   5.4413
   5.4730
   5.4988
   5.5223
   5.5534
   5.5834
   5.6115
   5.6405
   5.6645
   5.6870
   5.7089
   5.7217
   5.7454
   5.7602
   5.7774
   5.8078
   5.8318
   5.8604
   5.8864
   5.9081
   5.9349
   5.9578
   5.9779
   5.9903
   6.0048
   6.0066
   6.0064
   6.0007
   5.9919
   5.9783
   5.9608
   5.9383
   5.9165
   5.8947
   5.8745
   5.8598
   5.8401
   5.8117
   5.7811
   5.7530
   5.7264
   5.7040
   5.6712
   5.6343
   5.6012
   5.5616
   5.5176
   5.4674
   5.4147
   5.3545
   5.2836
   5.2080
   5.1292
   5.0606
   4.9795
   4.9057
   4.8262
   4.7454
   4.6631
   4.5778
   4.4909
   4.3988
   4.3024
   4.2079
   4.1119
   4.0061
   3.9007
   3.7960
   3.6889
   3.5838
   3.4797
   3.3678
   3.2661
   3.1580
   3.0501
   2.9440
   2.8273
   2.7180
   2.6015
   2.4856
   2.3694
   2.2521
   2.1360
   2.0178
   1.9074
   1.7956
   1.6864
   1.5847
   1.4834
   1.3845
   1.2888
   1.1914
   1.0978
   1.0029
   0.9117
   0.8253
   0.7310
   0.6434
   0.5619
   0.4807
   0.4000
   0.3130
   0.2224
   0.1325
   0.0392
  -0.0581
  -0.1557
  -0.2488
  -0.3356
  -0.4195
  -0.4966
  -0.5640
  -0.6221
  -0.6772
  -0.7368
  -0.7837
  -0.8444
  -0.8974
  -0.9538
  -1.0050
  -1.0470
  -1.0885
  -1.1266
  -1.1704
  -1.2164
  -1.2703
  -1.3275
  -1.3873
  -1.4578
  -1.5233
  -1.5993
  -1.6847
  -1.7624
  -1.8415
  -1.9245
  -1.9957
  -2.0680
  -2.1355
  -2.2045
  -2.2647
  -2.3262
  -2.3843
  -2.4519
  -2.5091
  -2.5664
  -2.6272
  -2.6950
  -2.7593
  -2.8306
  -2.8983
  -2.9654
  -3.0281
  -3.0918
  -3.1567
  -3.2234
  -3.2948
  -3.3666
  -3.4385
  -3.5087
  -3.5748
  -3.6339
  -3.6940
  -3.7414
  -3.7965
  -3.8578
  -3.9047
  -3.9524
  -3.9980
  -4.0484
  -4.1036
  -4.1684
  -4.2427
  -4.3203
  -4.3971
  -4.4668
  -4.5269
  -4.5910
  -4.6361
  -4.6822
  -4.7275
  -4.7726
  -4.8191
  -4.8669
  -4.9200
  -4.9647
  -5.0066
  -5.0482
  -5.0877
  -5.1234
  -5.1447
  -5.1658
  -5.1725
  -5.1699
  -5.1621
  -5.1521
  -5.1351
  -5.1250
  -5.1124
  -5.1015
  -5.0888
  -5.0755
  -5.0579
  -5.0420
  -5.0233
  -5.0168
  -5.0111
  -5.0048
  -4.9955
  -4.9824
  -4.9695
  -4.9597
  -4.9527
  -4.9508
  -4.9437
  -4.9415
  -4.9293
  -4.9132
  -4.8983
  -4.8821
  -4.8622
  -4.8549
  -4.8497
  -4.8402
  -4.8432
  -4.8436
  -4.8454
  -4.8559
  -4.8637
  -4.8566
  -4.8455
  -4.8292
  -4.8045
  -4.7691
  -4.7223
  -4.6724
  -4.6242
  -4.5799
  -4.5387
  -4.5110
  -4.4767
  -4.4421
  -4.4037
  -4.3669
  -4.3255
  -4.2848
  -4.2387
  -4.1942
  -4.1424
  -4.0860
  -4.0329
  -3.9848
  -3.9365
  -3.8922
  -3.8522
  -3.8223
  -3.7918
  -3.7422
  -3.6921
  -3.6513
  -3.6186
  -3.5883
  -3.5610
  -3.5364
  -3.5161
  -3.5019
  -3.4879
  -3.4702
  -3.4514
  -3.4328
  -3.4177
  -3.4004
  -3.3832
  -3.3664
  -3.3516
  -3.3402
  -3.3242
  -3.3107
  -3.3001
  -3.2897
  -3.2751
  -3.2674
  -3.2499
  -3.2354
  -3.2163
  -3.1967
  -3.1635
