   0.7781
   0.7818
   0.7851
   0.7867
   0.7862
   0.7842
   0.7794
   0.7773
   0.7732
   0.7724
   0.7782
   0.7846
   0.7885
   0.7893
   0.7917
   0.7952
   0.8019
   0.8100
   0.8125
   0.8077
   0.7949
   0.7746
   0.7506
   0.7303
   0.7154
   0.7071
   0.7067
   0.7125
   0.7230
   0.7314
   0.7414
   0.7625
   0.7841
   0.8067
   0.8319
   0.8592
   0.8893
   0.9203
   0.9527
   0.9844
   1.0135
   1.0406
   1.0652
   1.0841
   1.0990
   1.1103
   1.1188
   1.1298
   1.1445
   1.1624
   1.1866
   1.2171
   1.2527
   1.2925
   1.3380
   1.3862
   1.4353
   1.4876
   1.5381
   1.5880
   1.6385
   1.6905
   1.7457
   1.8004
   1.8558
   1.9106
   1.9631
   2.0144
   2.0607
   2.1071
   2.1523
   2.1936
   2.2347
   2.2780
   2.3190
   2.3585
   2.3973
   2.4339
   2.4669
   2.5035
   2.5428
   2.5864
   2.6336
   2.6844
   2.7315
   2.7765
   2.8175
   2.8525
   2.8805
   2.9023
   2.9199
   2.9306
   2.9378
   2.9418
   2.9432
   2.9426
   2.9438
   2.9480
   2.9525
   2.9620
   2.9724
   2.9852
   2.9992
   3.0152
   3.0338
   3.0577
   3.0849
   3.1161
   3.1479
   3.1775
   3.2029
   3.2233
   3.2403
   3.2537
   3.2677
   3.2774
   3.2859
   3.2957
   3.3050
   3.3165
   3.3278
   3.3318
   3.3334
   3.3315
   3.3271
   3.3214
   3.3168
   3.3118
   3.3064
   3.3033
   3.3002
   3.2945
   3.2884
   3.2819
   3.2729
   3.2631
   3.2512
   3.2346
   3.2160
   3.1927
   3.1631
   3.1288
   3.0900
   3.0469
   3.0005
   2.9549
   2.9096
   2.8640
   2.8204
   2.7810
   2.7455
   2.7116
   2.6812
   2.6533
   2.6268
   2.6018
   2.5787
   2.5580
   2.5366
   2.5163
   2.4956
   2.4765
   2.4600
   2.4468
   2.4379
   2.4334
   2.4315
   2.4278
   2.4234
   2.4154
   2.4047
   2.3923
   2.3765
   2.3537
   2.3263
   2.2942
   2.2589
   2.2197
   2.1803
   2.1402
   2.1002
   2.0606
   2.0237
   1.9847
   1.9476
   1.9111
   1.8762
   1.8435
   1.8126
   1.7846
   1.7575
   1.7312
   1.7072
   1.6840
   1.6620
   1.6417
   1.6231
   1.6052
   1.5913
   1.5788
   1.5720
   1.5689
   1.5695
   1.5708
   1.5734
   1.5769
   1.5789
   1.5768
   1.5737
   1.5693
   1.5599
   1.5456
   1.5315
   1.5164
   1.5007
   1.4867
   1.4757
   1.4671
   1.4601
   1.4557
   1.4514
   1.4441
   1.4367
   1.4255
   1.4103
   1.3908
   1.3692
   1.3444
   1.3218
   1.3014
   1.2861
   1.2724
   1.2638
   1.2605
   1.2633
   1.2704
   1.2801
   1.2943
   1.3101
   1.3268
   1.3441
   1.3610
   1.3782
   1.3969
   1.4203
   1.4426
   1.4656
   1.4877
   1.5072
   1.5255
   1.5439
   1.5610
   1.5773
   1.5929
   1.6087
   1.6215
   1.6331
   1.6434
   1.6544
   1.6627
   1.6726
   1.6802
   1.6888
   1.6969
   1.7077
   1.7177
   1.7284
   1.7411
   1.7554
   1.7690
   1.7821
   1.7974
   1.8147
   1.8314
   1.8491
   1.8678
   1.8848
   1.8999
   1.9147
   1.9251
   1.9326
   1.9382
   1.9453
   1.9508
   1.9588
   1.9692
   1.9811
   1.9928
   2.0050
   2.0160
   2.0237
   2.0285
   2.0328
   2.0342
   2.0319
   2.0255
   2.0175
   2.0066
   1.9924
   1.9795
   1.9681
   1.9599
   1.9568
   1.9583
   1.9607
   1.9616
   1.9614
   1.9586
   1.9538
   1.9479
   1.9437
   1.9411
   1.9407
   1.9440
   1.9502
   1.9534
   1.9553
   1.9506
   1.9410
   1.9263
   1.9067
   1.8836
   1.8601
   1.8353
   1.8128
   1.7900
   1.7701
   1.7506
   1.7317
   1.7135
   1.6972
   1.6825
   1.6681
   1.6541
   1.6417
   1.6312
   1.6215
   1.6123
   1.6031
   1.5916
   1.5814
   1.5712
   1.5593
   1.5438
   1.5264
   1.5061
   1.4857
   1.4639
   1.4430
   1.4219
   1.3988
   1.3781
   1.3594
   1.3443
   1.3341
   1.3338
   1.3388
   1.3440
   1.3470
   1.3500
   1.3493
   1.3457
   1.3405
   1.3336
   1.3296
   1.3295
   1.3370
   1.3531
   1.3764
   1.4040
   1.4342
   1.4631
   1.4914
   1.5183
   1.5380
   1.5439
   1.5429
   1.5327
   1.5179
   1.5029
   1.4901
   1.4859
   1.4876
   1.4915
   1.4991
   1.5073
   1.5205
   1.5382
   1.5624
   1.5891
   1.6160
   1.6422
   1.6652
   1.6862
   1.7075
   1.7266
   1.7443
   1.7610
   1.7797
   1.7987
   1.8193
   1.8399
   1.8599
   1.8805
   1.9031
   1.9273
   1.9498
   1.9720
   1.9942
   2.0157
   2.0366
   2.0637
   2.0924
   2.1227
   2.1531
   2.1827
   2.2074
   2.2338
   2.2641
   2.2993
   2.3388
   2.3812
   2.4240
   2.4635
   2.4975
   2.5203
   2.5339
   2.5360
   2.5306
   2.5196
   2.5069
   2.4932
   2.4779
   2.4587
   2.4369
   2.4167
   2.4066
   2.4061
   2.4161
   2.4368
   2.4639
   2.4929
   2.5238
   2.5537
   2.5860
   2.6172
   2.6452
   2.6669
   2.6831
   2.6910
   2.6947
   2.6987
   2.7034
   2.7107
   2.7187
   2.7244
   2.7281
   2.7292
   2.7286
   2.7264
   2.7269
   2.7303
   2.7353
   2.7437
   2.7546
   2.7640
   2.7723
   2.7820
   2.7904
   2.7984
   2.8052
   2.8116
   2.8148
   2.8166
   2.8181
   2.8180
   2.8169
   2.8148
   2.8100
   2.8027
   2.7946
   2.7834
   2.7701
   2.7548
   2.7396
   2.7282
   2.7215
   2.7199
   2.7249
   2.7339
   2.7467
   2.7583
   2.7708
   2.7831
   2.7957
   2.8083
   2.8209
   2.8305
   2.8382
   2.8472
   2.8549
   2.8635
   2.8734
   2.8818
   2.8898
   2.8984
   2.9088
   2.9237
   2.9382
   2.9574
   2.9794
   3.0044
   3.0317
   3.0655
   3.1036
   3.1456
   3.1922
   3.2401
   3.2850
   3.3296
   3.3700
   3.4057
   3.4360
   3.4633
   3.4863
   3.5064
   3.5272
   3.5480
   3.5697
   3.5928
   3.6135
   3.6317
   3.6473
   3.6574
   3.6644
   3.6686
   3.6714
   3.6699
   3.6675
   3.6627
   3.6566
   3.6505
   3.6470
   3.6467
   3.6500
   3.6540
   3.6584
   3.6660
   3.6744
   3.6834
   3.6915
   3.6996
   3.7105
   3.7228
   3.7376
   3.7566
   3.7805
   3.8109
   3.8472
   3.8896
   3.9384
   3.9904
   4.0425
   4.0940
   4.1441
   4.1914
   4.2369
   4.2815
   4.3229
   4.3684
   4.4143
   4.4637
   4.5184
   4.5736
   4.6280
   4.6793
   4.7310
   4.7834
   4.8400
   4.9021
   4.9695
   5.0433
   5.1220
   5.2082
   5.2977
   5.3920
   5.4921
   5.5988
   5.7086
   5.8237
   5.9456
   6.0745
   6.2113
   6.3526
   6.5005
   6.6516
   6.8021
   6.9558
   7.1132
   7.2719
   7.4342
   7.5991
   7.7654
   7.9310
   8.0973
   8.2620
   8.4263
   8.5880
   8.7431
   8.8936
   9.0375
   9.1778
   9.3139
   9.4477
   9.5802
   9.7138
   9.8451
   9.9738
  10.0997
  10.2223
  10.3416
  10.4549
  10.5689
  10.6819
  10.7942
  10.9040
  11.0122
  11.1129
  11.2068
  11.2955
  11.3783
  11.4563
  11.5314
  11.6008
  11.6703
  11.7368
  11.8039
  11.8645
  11.9217
  11.9767
  12.0293
  12.0797
  12.1291
  12.1788
  12.2256
  12.2714
  12.3162
  12.3585
  12.3971
  12.4336
  12.4668
  12.4905
  12.5094
  12.5234
  12.5338
  12.5394
  12.5447
  12.5517
  12.5563
  12.5618
  12.5658
  12.5659
  12.5650
  12.5616
  12.5582
  12.5525
  12.5471
  12.5421
  12.5392
  12.5404
  12.5482
  12.5638
  12.5815
  12.6014
  12.6230
  12.6420
  12.6585
  12.6737
  12.6885
  12.7033
  12.7202
  12.7370
  12.7545
  12.7685
  12.7822
  12.7952
  12.8104
  12.8302
  12.8585
  12.8926
  12.9327
  12.9785
  13.0260
  13.0745
  13.1222
  13.1681
  13.2113
  13.2535
  13.2985
  13.3463
  13.3955
  13.4464
  13.4999
  13.5565
  13.6102
  13.6653
  13.7228
  13.7809
  13.8404
  13.9035
  13.9696
  14.0379
  14.1118
  14.1892
  14.2711
  14.3550
  14.4437
  14.5342
  14.6239
  14.7135
  14.8012
  14.8849
  14.9674
  15.0473
  15.1259
  15.2025
  15.2804
  15.3622
  15.4479
  15.5366
  15.6268
  15.7145
  15.7970
  15.8811
  15.9637
  16.0465
  16.1317
  16.2216
  16.3132
  16.4058
  16.4990
  16.5930
  16.6862
  16.7819
  16.8774
  16.9744
  17.0746
  17.1749
  17.2751
  17.3743
  17.4741
  17.5736
  17.6692
  17.7619
  17.8501
  17.9380
  18.0244
  18.1121
  18.2027
  18.2920
  18.3771
  18.4593
  18.5401
  18.6175
  18.6861
  18.7494
  18.8049
  18.8510
  18.8881
  18.9186
  18.9409
  18.9605
  18.9789
  18.9989
  19.0208
  19.0422
  19.0658
  19.0843
  19.0932
  19.0957
  19.0914
  19.0825
  19.0795
  19.0808
  19.0872
  19.1017
  19.1210
  19.1406
  19.1599
  19.1766
  19.1872
  19.1935
  19.1946
  19.1937
  19.1899
  19.1877
  19.1855
  19.1870
  19.1905
  19.2013
  19.2221
  19.2528
  19.2851
  19.3183
  19.3477
  19.3796
  19.4122
  19.4498
  19.5006
  19.5633
  19.6321
  19.7077
  19.7816
  19.8510
  19.9162
  19.9798
  20.0398
  20.0990
  20.1599
  20.2238
  20.2920
  20.3674
  20.4403
  20.5080
  20.5660
  20.6266
  20.6887
  20.7540
  20.8260
  20.9084
  20.9947
  21.0842
  21.1780
  21.2765
  21.3734
  21.4673
  21.5602
  21.6550
  21.7516
  21.8521
  21.9558
  22.0633
  22.1683
  22.2691
  22.3679
  22.4612
  22.5435
  22.6154
  22.6803
  22.7333
  22.7782
  22.8179
  22.8480
  22.8682
  22.8760
  22.8707
  22.8538
  22.8242
  22.7851
  22.7347
  22.6742
  22.5980
  22.5066
  22.4083
  22.3077
  22.2035
  22.0964
  21.9849
  21.8670
  21.7334
  21.5788
  21.4113
  21.2274
  21.0332
  20.8352
  20.6372
  20.4354
  20.2333
  20.0333
  19.8319
  19.6291
  19.4304
  19.2310
  19.0356
  18.8428
  18.6526
  18.4595
  18.2626
  18.0631
  17.8614
  17.6589
  17.4548
  17.2505
  17.0433
  16.8299
  16.6135
  16.3926
  16.1678
  15.9337
  15.6935
  15.4497
  15.2025
  14.9516
  14.7048
  14.4621
  14.2110
  13.9540
  13.7006
  13.4545
  13.2077
  12.9701
  12.7476
  12.5308
  12.3165
  12.1161
  11.9311
  11.7598
  11.6056
  11.4663
  11.3391
  11.2207
  11.1104
  11.0111
  10.9211
  10.8382
  10.7630
  10.6988
  10.6420
  10.5905
  10.5400
  10.4946
  10.4557
  10.4121
  10.3626
  10.3123
  10.2557
  10.1937
  10.1342
  10.0843
  10.0371
   9.9934
   9.9462
   9.8941
   9.8403
   9.7820
   9.7209
   9.6620
   9.6069
   9.5563
   9.5078
   9.4599
   9.4133
   9.3743
   9.3417
   9.3223
   9.3147
   9.3180
   9.3319
   9.3542
   9.3871
   9.4337
   9.4877
   9.5495
   9.6216
   9.6955
   9.7530
   9.7918
   9.8087
   9.8009
   9.7691
   9.7338
   9.6967
   9.6516
   9.6051
   9.5618
   9.5181
   9.4773
   9.4425
   9.4094
   9.3753
   9.3399
   9.3055
   9.2719
   9.2392
   9.2087
   9.1814
   9.1556
   9.1289
   9.0987
   9.0705
   9.0429
   9.0147
   8.9904
   8.9792
   8.9860
   9.0077
   9.0486
   9.1050
   9.1687
   9.2296
   9.2888
   9.3451
   9.4012
   9.4572
   9.5126
   9.5738
   9.6426
   9.7170
   9.7927
   9.8722
   9.9553
  10.0420
  10.1271
  10.2090
  10.2857
  10.3487
  10.3997
  10.4399
  10.4729
  10.4999
  10.5225
  10.5400
  10.5579
  10.5759
  10.5900
  10.6052
  10.6367
  10.6970
  10.7890
  10.9094
  11.0543
  11.2101
  11.3673
  11.5252
  11.6858
  11.8521
  12.0210
  12.1897
  12.3569
  12.5211
  12.6858
  12.8478
  13.0063
  13.1575
  13.3024
  13.4409
  13.5739
  13.7012
  13.8256
  13.9509
  14.0732
  14.1944
  14.3109
  14.4255
  14.5355
  14.6388
  14.7368
  14.8309
  14.9199
  15.0044
  15.0892
  15.1751
  15.2596
  15.3407
  15.4190
  15.4977
  15.5755
  15.6525
  15.7332
  15.8151
  15.8936
  15.9660
  16.0320
  16.0948
  16.1507
  16.2032
  16.2518
  16.2990
  16.3460
  16.3907
  16.4316
  16.4741
  16.5186
  16.5622
  16.6097
  16.6628
  16.7164
  16.7672
  16.8203
  16.8754
  16.9252
  16.9691
  17.0040
  17.0265
  17.0362
  17.0416
  17.0435
  17.0462
  17.0498
  17.0508
  17.0501
  17.0434
  17.0285
  17.0097
  16.9850
  16.9535
  16.9159
  16.8700
  16.8174
  16.7612
  16.6976
  16.6265
  16.5465
  16.4608
  16.3623
  16.2561
  16.1443
  16.0278
  15.9070
  15.7822
  15.6558
  15.5231
  15.3806
  15.2338
  15.0849
  14.9289
  14.7619
  14.5905
  14.4123
  14.2253
  14.0374
  13.8537
  13.6740
  13.4963
  13.3189
  13.1431
  12.9681
  12.7943
  12.6220
  12.4496
  12.2785
  12.1118
  11.9415
  11.7670
  11.5935
  11.4157
  11.2323
  11.0491
  10.8701
  10.6892
  10.5048
  10.3259
  10.1555
   9.9968
   9.8558
   9.7356
   9.6227
   9.5111
   9.3906
   9.2621
   9.1245
   8.9788
   8.8316
   8.6872
   8.5423
   8.3968
   8.2513
   8.1065
   7.9652
   7.8253
   7.6839
   7.5426
   7.4063
   7.2742
   7.1444
   7.0225
   6.9087
   6.7999
   6.6962
   6.5967
   6.5041
   6.4148
   6.3304
   6.2518
   6.1796
   6.1106
   6.0472
   5.9881
   5.9305
   5.8751
   5.8191
   5.7571
   5.6893
   5.6201
   5.5550
   5.4897
   5.4307
   5.3784
   5.3300
   5.2835
   5.2381
   5.1906
   5.1400
   5.0899
   5.0363
   4.9791
   4.9196
   4.8613
   4.8027
   4.7435
   4.6861
   4.6311
   4.5768
   4.5189
   4.4545
   4.3804
   4.2947
   4.2040
   4.1088
   4.0146
   3.9223
   3.8328
   3.7446
   3.6597
   3.5776
   3.4959
   3.4203
   3.3543
   3.2937
   3.2401
   3.1942
   3.1548
   3.1240
   3.0977
   3.0775
   3.0628
   3.0573
   3.0552
   3.0586
   3.0641
   3.0689
   3.0728
   3.0746
   3.0734
   3.0745
   3.0766
   3.0823
   3.0954
   3.1186
   3.1472
   3.1851
   3.2346
   3.2924
   3.3555
   3.4215
   3.4849
   3.5457
   3.6010
   3.6487
   3.6926
   3.7280
   3.7585
   3.7931
   3.8286
   3.8633
   3.9062
   3.9561
   4.0101
   4.0670
   4.1245
   4.1816
   4.2370
   4.2880
   4.3307
   4.3706
   4.4076
   4.4388
   4.4634
   4.4825
   4.5020
   4.5212
   4.5358
   4.5507
   4.5660
   4.5758
   4.5837
   4.5935
   4.6017
   4.6062
   4.6111
   4.6122
   4.6080
   4.5984
   4.5822
   4.5605
   4.5364
   4.5135
   4.4852
   4.4580
   4.4268
   4.3933
   4.3607
   4.3269
   4.2922
   4.2561
   4.2136
   4.1656
   4.1106
   4.0483
   3.9765
   3.8989
   3.8126
   3.7147
   3.6073
   3.4954
   3.3774
   3.2556
   3.1326
   3.0092
   2.8871
   2.7668
   2.6539
   2.5486
   2.4458
   2.3490
   2.2593
   2.1698
   2.0764
   1.9845
   1.8904
   1.7960
   1.7033
   1.6103
   1.5206
   1.4372
   1.3568
   1.2806
   1.2123
   1.1525
   1.0995
   1.0519
   1.0086
   0.9707
   0.9383
   0.9084
   0.8826
   0.8589
   0.8348
   0.8132
   0.7911
   0.7691
   0.7474
   0.7274
   0.7091
   0.6950
   0.6834
   0.6736
   0.6628
   0.6519
   0.6373
   0.6290
   0.6218
   0.6120
   0.5995
   0.5860
   0.5717
   0.5591
   0.5489
   0.5399
   0.5303
   0.5206
   0.5130
   0.5069
   0.5072
   0.5145
   0.5260
   0.5394
   0.5548
   0.5712
   0.5869
   0.6034
   0.6212
   0.6377
   0.6510
   0.6621
   0.6699
   0.6719
   0.6703
   0.6674
   0.6581
   0.6468
   0.6374
   0.6295
   0.6216
   0.6140
   0.6046
   0.5974
   0.5939
   0.5974
   0.6064
   0.6199
   0.6338
   0.6473
   0.6606
   0.6706
   0.6794
   0.6902
   0.7015
   0.7189
   0.7384
   0.7487
   0.7580
   0.7664
   0.7702
   0.7696
   0.7618
   0.7519
   0.7365
   0.7216
   0.7078
   0.6941
   0.6779
   0.6636
   0.6531
   0.6483
   0.6459
   0.6447
   0.6455
   0.6453
   0.6451
   0.6466
   0.6505
   0.6527
   0.6550
   0.6561
   0.6546
   0.6506
   0.6498
   0.6519
   0.6610
