 -15.1748
 -15.8452
 -16.4997
 -17.1446
 -17.7905
 -18.4454
 -19.1053
 -19.7752
 -20.4473
 -21.1141
 -21.7752
 -22.4327
 -23.0898
 -23.7495
 -24.4100
 -25.0760
 -25.7378
 -26.4024
 -27.0695
 -27.7403
 -28.4119
 -29.0873
 -29.7631
 -30.4283
 -31.0781
 -31.7081
 -32.3325
 -32.9138
 -33.4592
 -33.9732
 -34.4581
 -34.3516
 -34.2422
 -34.1408
 -34.0383
 -33.9363
 -33.8102
 -33.6578
 -33.4548
 -33.2225
 -32.9716
 -32.7168
 -32.4650
 -32.2423
 -32.0206
 -31.8244
 -31.6205
 -31.4065
 -31.1744
 -30.9507
 -30.7037
 -30.4622
 -30.2346
 -30.0135
 -29.7838
 -29.5538
 -29.3169
 -29.0664
 -28.7970
 -28.5235
 -28.2353
 -27.9468
 -27.6749
 -27.4115
 -27.1466
 -26.8982
 -26.6457
 -26.3754
 -26.0930
 -25.8120
 -25.5183
 -25.2271
 -24.9443
 -24.6836
 -24.4191
 -24.1545
 -23.8748
 -23.5826
 -23.2652
 -22.9467
 -22.6215
 -22.3068
 -22.0049
 -21.7112
 -21.4303
 -21.1784
 -20.9413
 -20.7029
 -20.5138
 -20.3758
 -20.2768
 -20.2296
 -20.1998
 -20.1967
 -20.1971
 -20.2017
 -20.2024
 -20.2238
 -20.2493
 -20.3062
 -20.3867
 -20.4729
 -20.5396
 -20.5828
 -20.5936
 -20.5995
 -20.5821
 -20.5670
 -20.5662
 -20.5833
 -20.5819
 -20.5977
 -20.6284
 -20.6414
 -20.6541
 -20.6817
 -20.7213
 -20.7693
 -20.8510
 -20.9614
 -21.0886
 -21.2361
 -21.3988
 -21.5511
 -21.7094
 -21.8797
 -22.0335
 -22.1752
 -22.3361
 -22.4997
 -22.6608
 -22.8394
 -23.0210
 -23.1917
 -23.3415
 -23.4945
 -23.6449
 -23.8057
 -23.9889
 -24.1924
 -24.3899
 -24.5892
 -24.7769
 -24.9417
 -25.0891
 -25.2293
 -25.3556
 -25.4640
 -25.5691
 -25.6611
 -25.7299
 -25.7980
 -25.8513
 -25.8935
 -25.9173
 -25.9304
 -25.9328
 -25.9306
 -25.9214
 -25.9230
 -25.9317
 -25.9391
 -25.9455
 -25.9579
 -25.9812
 -26.0089
 -26.0517
 -26.1026
 -26.1674
 -26.2277
 -26.2896
 -26.3463
 -26.4076
 -26.4508
 -26.5036
 -26.5492
 -26.5906
 -26.6193
 -26.6426
 -26.6435
 -26.6376
 -26.6225
 -26.6082
 -26.5890
 -26.5761
 -26.5660
 -26.5601
 -26.5461
 -26.5416
 -26.5298
 -26.5164
 -26.4989
 -26.4815
 -26.4580
 -26.4388
 -26.4189
 -26.3934
 -26.3651
 -26.3403
 -26.3040
 -26.2631
 -26.2258
 -26.1917
 -26.1588
 -26.1336
 -26.1238
 -26.1205
 -26.1081
 -26.1101
 -26.1221
 -26.1413
 -26.1746
 -26.2042
 -26.2347
 -26.2588
 -26.2799
 -26.2967
 -26.3217
 -26.3510
 -26.3929
 -26.4423
 -26.4854
 -26.5192
 -26.5422
 -26.5535
 -26.5476
 -26.5336
 -26.5093
 -26.4841
 -26.4483
 -26.4085
 -26.3674
 -26.3368
 -26.2865
 -26.2382
 -26.1893
 -26.1440
 -26.0880
 -26.0375
 -25.9884
 -25.9402
 -25.8860
 -25.8372
 -25.7766
 -25.7090
 -25.6318
 -25.5408
 -25.4230
 -25.3069
 -25.1874
 -25.0661
 -24.9529
 -24.8483
 -24.7468
 -24.6640
 -24.5860
 -24.5035
 -24.4240
 -24.3521
 -24.2633
 -24.1746
 -24.0898
 -24.0072
 -23.9211
 -23.8380
 -23.7523
 -23.6653
 -23.5641
 -23.4588
 -23.3549
 -23.2496
 -23.1503
 -23.0495
 -22.9530
 -22.8522
 -22.7528
 -22.6522
 -22.5574
 -22.4645
 -22.3724
 -22.2817
 -22.1847
 -22.0849
 -21.9843
 -21.8882
 -21.7934
 -21.7077
 -21.6171
 -21.5302
 -21.4285
 -21.3181
 -21.2011
 -21.0958
 -20.9758
 -20.8684
 -20.7698
 -20.6780
 -20.5746
 -20.4852
 -20.3975
 -20.3107
 -20.2285
 -20.1663
 -20.1022
 -20.0443
 -19.9912
 -19.9379
 -19.8715
 -19.8209
 -19.7749
 -19.7258
 -19.6860
 -19.6463
 -19.6060
 -19.5744
 -19.5347
 -19.4914
 -19.4600
 -19.4423
 -19.4180
 -19.4109
 -19.4117
 -19.4221
 -19.4288
 -19.4405
 -19.4583
 -19.4846
 -19.5012
 -19.5333
 -19.5861
 -19.6459
 -19.7153
 -19.7853
 -19.8560
 -19.9256
 -19.9953
 -20.0723
 -20.1597
 -20.2574
 -20.3584
 -20.4736
 -20.5847
 -20.6957
 -20.8110
 -20.9331
 -21.0577
 -21.1911
 -21.3272
 -21.4750
 -21.6241
 -21.7827
 -21.9489
 -22.1259
 -22.2816
 -22.4437
 -22.6059
 -22.7664
 -22.9267
 -23.1016
 -23.2719
 -23.4415
 -23.6103
 -23.7799
 -23.9361
 -24.0787
 -24.2172
 -24.3453
 -24.4633
 -24.5988
 -24.7421
 -24.8799
 -25.0232
 -25.1567
 -25.2724
 -25.3731
 -25.4549
 -25.5221
 -25.5909
 -25.6588
 -25.7146
 -25.7706
 -25.8199
 -25.8612
 -25.8909
 -25.9194
 -25.9455
 -25.9637
 -25.9690
 -25.9741
 -25.9791
 -25.9744
 -25.9712
 -25.9673
 -25.9623
 -25.9591
 -25.9550
 -25.9569
 -25.9605
 -25.9655
 -25.9632
 -25.9653
 -25.9507
 -25.9306
 -25.9077
 -25.8841
 -25.8521
 -25.8194
 -25.7833
 -25.7472
 -25.7092
 -25.6694
 -25.6336
 -25.6012
 -25.5628
 -25.5347
 -25.5061
 -25.4738
 -25.4394
 -25.4003
 -25.3506
 -25.3035
 -25.2571
 -25.2189
 -25.1776
 -25.1278
 -25.0891
 -25.0504
 -25.0089
 -24.9825
 -24.9671
 -24.9462
 -24.9339
 -24.9184
 -24.9023
 -24.8932
 -24.8913
 -24.8921
 -24.9091
 -24.9336
 -24.9555
 -24.9819
 -25.0108
 -25.0399
 -25.0702
 -25.1039
 -25.1413
 -25.1803
 -25.2107
 -25.2392
 -25.2728
 -25.2989
 -25.3345
 -25.3693
 -25.4079
 -25.4498
 -25.4936
 -25.5438
 -25.5986
 -25.6508
 -25.7012
 -25.7625
 -25.8146
 -25.8665
 -25.9187
 -25.9706
 -26.0093
 -26.0513
 -26.0940
 -26.1391
 -26.1838
 -26.2293
 -26.2754
 -26.3162
 -26.3491
 -26.3818
 -26.4152
 -26.4463
 -26.4849
 -26.5196
 -26.5465
 -26.5748
 -26.5957
 -26.6137
 -26.6171
 -26.6056
 -26.5934
 -26.5701
 -26.5286
 -26.4933
 -26.4586
 -26.4169
 -26.3845
 -26.3567
 -26.3324
 -26.3147
 -26.3009
 -26.2847
 -26.2735
 -26.2637
 -26.2408
 -26.2170
 -26.1885
 -26.1560
 -26.1208
 -26.0863
 -26.0530
 -26.0201
 -25.9783
 -25.9395
 -25.9109
 -25.8778
 -25.8526
 -25.8233
 -25.7973
 -25.7646
 -25.7280
 -25.6886
 -25.6448
 -25.5879
 -25.5235
 -25.4605
 -25.3783
 -25.2922
 -25.2099
 -25.1327
 -25.0450
 -24.9658
 -24.8817
 -24.7908
 -24.6908
 -24.5884
 -24.4825
 -24.3772
 -24.2676
 -24.1618
 -24.0609
 -23.9539
 -23.8462
 -23.7302
 -23.6068
 -23.4856
 -23.3688
 -23.2651
 -23.1674
 -23.0786
 -23.0059
 -22.9370
 -22.8636
 -22.8066
 -22.7555
 -22.6989
 -22.6507
 -22.6003
 -22.5458
 -22.4946
 -22.4437
 -22.3912
 -22.3471
 -22.3084
 -22.2603
 -22.2130
 -22.1619
 -22.1079
 -22.0520
 -21.9993
 -21.9511
 -21.9056
 -21.8503
 -21.7934
 -21.7392
 -21.6740
 -21.6160
 -21.5584
 -21.5026
 -21.4448
 -21.3836
 -21.3259
 -21.2672
 -21.2033
 -21.1406
 -21.0811
 -21.0100
 -20.9449
 -20.8763
 -20.8044
 -20.7225
 -20.6416
 -20.5480
 -20.4535
 -20.3535
 -20.2576
 -20.1607
 -20.0630
 -19.9622
 -19.8589
 -19.7582
 -19.6517
 -19.5505
 -19.4453
 -19.3387
 -19.2324
 -19.1266
 -19.0166
 -18.8967
 -18.7733
 -18.6491
 -18.5233
 -18.3941
 -18.2774
 -18.1623
 -18.0406
 -17.9228
 -17.7968
 -17.6691
 -17.5420
 -17.4187
 -17.2847
 -17.1591
 -17.0318
 -16.8966
 -16.7603
 -16.6348
 -16.5173
 -16.4043
 -16.3027
 -16.2076
 -16.1140
 -16.0135
 -15.9218
 -15.8422
 -15.7696
 -15.7121
 -15.6571
 -15.6037
 -15.5513
 -15.4981
 -15.4528
 -15.4067
 -15.3637
 -15.3268
 -15.2950
 -15.2637
 -15.2373
 -15.2110
 -15.1873
 -15.1628
 -15.1421
 -15.1272
 -15.1258
 -15.1329
 -15.1556
 -15.1878
 -15.2256
 -15.2671
 -15.3069
 -15.3502
 -15.3850
 -15.4195
 -15.4496
 -15.4825
 -15.5173
 -15.5587
 -15.5987
 -15.6317
 -15.6596
 -15.6832
 -15.7056
 -15.7291
 -15.7660
 -15.8095
 -15.8578
 -15.9110
 -15.9620
 -16.0092
 -16.0517
 -16.0910
 -16.1245
 -16.1697
 -16.2090
 -16.2492
 -16.2913
 -16.3351
 -16.3693
 -16.3956
 -16.4183
 -16.4329
 -16.4445
 -16.4535
 -16.4669
 -16.4841
 -16.5019
 -16.5174
 -16.5305
 -16.5419
 -16.5510
 -16.5554
 -16.5558
 -16.5497
 -16.5357
 -16.5147
 -16.4866
 -16.4524
 -16.4114
 -16.3662
 -16.3156
 -16.2638
 -16.2098
 -16.1549
 -16.0972
 -16.0345
 -15.9646
 -15.8863
 -15.7976
 -15.7013
 -15.6000
 -15.4998
 -15.4018
 -15.3071
 -15.2153
 -15.1296
 -15.0443
 -14.9613
 -14.8788
 -14.8010
 -14.7319
 -14.6701
 -14.6104
 -14.5514
 -14.4888
 -14.4156
 -14.3312
 -14.2373
 -14.1361
 -14.0284
 -13.9184
 -13.8098
 -13.7059
 -13.6053
 -13.5077
 -13.4152
 -13.3225
 -13.2302
 -13.1410
 -13.0566
 -12.9793
 -12.9104
 -12.8487
 -12.7847
 -12.7175
 -12.6468
 -12.5664
 -12.4755
 -12.3807
 -12.2776
 -12.1668
 -12.0485
 -11.9291
 -11.8092
 -11.6941
 -11.5888
 -11.4924
 -11.4054
 -11.3242
 -11.2471
 -11.1705
 -11.0940
 -11.0163
 -10.9401
 -10.8641
 -10.7904
 -10.7186
 -10.6482
 -10.5772
 -10.5060
 -10.4342
 -10.3584
 -10.2729
 -10.1731
 -10.0672
  -9.9602
  -9.8544
  -9.7590
  -9.6709
  -9.5886
  -9.5103
  -9.4346
  -9.3619
  -9.2937
  -9.2266
  -9.1600
  -9.0965
  -9.0423
  -8.9969
  -8.9614
  -8.9382
  -8.9220
  -8.9050
  -8.8826
  -8.8519
  -8.8129
  -8.7648
  -8.7139
  -8.6604
  -8.6042
  -8.5446
  -8.4805
  -8.4100
  -8.3333
  -8.2575
  -8.1848
  -8.1136
  -8.0487
  -7.9900
  -7.9346
  -7.8843
  -7.8387
  -7.8003
  -7.7595
  -7.7175
  -7.6715
  -7.6224
  -7.5680
  -7.5084
  -7.4469
  -7.3856
  -7.3237
  -7.2596
  -7.1941
  -7.1247
  -7.0545
  -6.9817
  -6.9068
  -6.8324
  -6.7589
  -6.6881
  -6.6228
  -6.5656
  -6.5204
  -6.4913
  -6.4670
  -6.4425
  -6.4093
  -6.3665
  -6.3105
  -6.2480
  -6.1786
  -6.1060
  -6.0268
  -5.9416
  -5.8552
  -5.7683
  -5.6842
  -5.5968
  -5.5111
  -5.4250
  -5.3362
  -5.2441
  -5.1507
  -5.0555
  -4.9651
  -4.8778
  -4.7926
  -4.7042
  -4.6131
  -4.5161
  -4.4150
  -4.3114
  -4.2096
  -4.1109
  -4.0169
  -3.9251
  -3.8367
  -3.7487
  -3.6610
  -3.5719
  -3.4823
  -3.3957
  -3.3054
  -3.2150
  -3.1282
  -3.0424
  -2.9560
  -2.8720
  -2.7863
  -2.7013
  -2.6152
  -2.5300
  -2.4484
  -2.3658
  -2.2860
  -2.2042
  -2.1221
  -2.0419
  -1.9615
  -1.8822
  -1.8039
  -1.7249
  -1.6451
  -1.5649
  -1.4819
  -1.3991
  -1.3145
  -1.2297
  -1.1427
  -1.0593
  -0.9738
  -0.8876
  -0.8019
  -0.7154
  -0.6297
  -0.5445
  -0.4618
  -0.3779
  -0.2942
  -0.2068
  -0.1141
  -0.0150
   0.0863
   0.1922
   0.2993
   0.4119
   0.5288
   0.6467
   0.7618
   0.8748
   0.9830
   1.0862
   1.1898
   1.2947
   1.3988
   1.5073
   1.6201
   1.7343
   1.8460
   1.9564
   2.0671
   2.1712
   2.2785
   2.3852
   2.4853
   2.5861
   2.6849
   2.7824
   2.8848
   2.9886
   3.0947
   3.2036
   3.3146
   3.4282
   3.5401
   3.6538
   3.7693
   3.8832
   4.0013
   4.1238
   4.2494
   4.3778
   4.5096
   4.6448
   4.7832
   4.9235
   5.0679
   5.2156
   5.3636
   5.5138
   5.6662
   5.8153
   5.9615
   6.1080
   6.2514
   6.3967
   6.5446
   6.6934
   6.8419
   6.9874
   7.1298
   7.2645
   7.3937
   7.5226
   7.6457
   7.7664
   7.8850
   8.0041
   8.1244
   8.2448
   8.3601
   8.4640
   8.5592
   8.6435
   8.7233
   8.8076
   8.9015
   9.0003
   9.1087
   9.2237
   9.3401
   9.4535
   9.5702
   9.6802
   9.7871
   9.8952
  10.0094
  10.1245
  10.2461
  10.3634
  10.4841
  10.6072
  10.7291
  10.8482
  10.9671
  11.0834
  11.1947
  11.3037
  11.4143
  11.5193
  11.6107
  11.6932
  11.7683
  11.8346
  11.8940
  11.9477
  11.9960
  12.0345
  12.0613
  12.0779
  12.0881
  12.0920
  12.0924
  12.0900
  12.0870
  12.0827
  12.0728
  12.0592
  12.0445
  12.0295
  12.0161
  12.0044
  11.9950
  11.9856
  11.9706
  11.9500
  11.9248
  11.8962
  11.8607
  11.8178
  11.7727
  11.7287
  11.6887
  11.6540
  11.6235
  11.5902
  11.5520
  11.5019
  11.4501
  11.3899
  11.3260
  11.2604
  11.1949
  11.1244
  11.0581
  10.9914
  10.9237
  10.8485
  10.7743
  10.6907
  10.6029
  10.5074
  10.4102
  10.3088
  10.2114
  10.1166
  10.0274
   9.9456
   9.8653
   9.7841
   9.7050
   9.6362
   9.5751
   9.5220
   9.4776
   9.4437
   9.4182
   9.3991
   9.3894
   9.3915
   9.4038
   9.4216
   9.4465
   9.4772
   9.5112
   9.5466
   9.5829
   9.6214
   9.6605
   9.7018
   9.7398
   9.7761
   9.8063
   9.8307
   9.8492
   9.8672
   9.8892
   9.9159
   9.9440
   9.9760
  10.0104
  10.0417
  10.0698
  10.0995
  10.1231
  10.1383
  10.1520
  10.1611
  10.1631
  10.1539
  10.1456
  10.1391
  10.1362
  10.1355
  10.1405
  10.1442
  10.1456
  10.1444
  10.1401
  10.1325
  10.1313
  10.1392
  10.1501
  10.1646
  10.1879
  10.2120
  10.2405
  10.2723
  10.3013
  10.3265
  10.3509
  10.3726
  10.3913
  10.4128
  10.4416
  10.4699
  10.4894
  10.5013
  10.5088
  10.5057
  10.4940
  10.4753
  10.4486
  10.4151
  10.3764
  10.3397
  10.3069
  10.2819
  10.2606
  10.2405
  10.2194
  10.2031
  10.1884
  10.1809
  10.1807
  10.1868
  10.1927
  10.1991
  10.2055
  10.2097
  10.2138
  10.2180
  10.2298
  10.2448
  10.2631
  10.2866
  10.3274
  10.3743
  10.4310
  10.5006
  10.5834
  10.6722
  10.7681
  10.8651
  10.9690
  11.0773
  11.1901
  11.3071
  11.4224
  11.5441
  11.6648
  11.7803
  11.8930
  12.0107
  12.1302
  12.2527
  12.3838
  12.5145
  12.6369
  12.7496
  12.8623
  12.9680
  13.0702
  13.1752
  13.2802
  13.3663
  13.4422
  13.5149
  13.5847
  13.6547
  13.7305
  13.8189
  13.9129
  14.0104
  14.1130
  14.2134
  14.3083
  14.4035
  14.4951
  14.5849
  14.6703
  14.7529
  14.8370
  14.9235
  15.0159
  15.1127
  15.2077
  15.2986
  15.3822
  15.4598
  15.5371
  15.6104
  15.6827
  15.7497
  15.8147
  15.8774
  15.9455
  16.0122
  16.0839
  16.1541
  16.2194
  16.2725
  16.3095
  16.3304
  16.3448
  16.3534
  16.3624
  16.3695
  16.3779
  16.3959
  16.4156
  16.4379
  16.4649
  16.4879
  16.5049
  16.5111
  16.5077
  16.4940
  16.4738
  16.4500
  16.4301
  16.4069
  16.3837
  16.3595
  16.3283
  16.2886
  16.2557
  16.2280
  16.2061
  16.1852
  16.1596
  16.1311
  16.0928
  16.0499
  16.0057
  15.9564
  15.9037
  15.8469
  15.7755
  15.6920
  15.5981
  15.5006
  15.3981
  15.2887
  15.1729
  15.0471
  14.9137
  14.7808
  14.6526
  14.5340
  14.4236
  14.3209
  14.2250
  14.1362
  14.0534
  13.9722
  13.8910
  13.8058
  13.7143
  13.6172
  13.5147
  13.4111
  13.3098
  13.2140
  13.1226
  13.0332
  12.9385
  12.8363
  12.7299
  12.6176
  12.4983
  12.3705
  12.2396
  12.1048
  11.9706
  11.8332
  11.6969
  11.5565
  11.4111
  11.2596
  11.1106
  10.9650
  10.8221
  10.6861
  10.5570
  10.4320
  10.3090
  10.1876
  10.0683
   9.9497
   9.8369
   9.7295
   9.6280
   9.5265
   9.4273
   9.3295
   9.2338
   9.1453
   9.0657
   8.9953
   8.9319
   8.8760
   8.8257
   8.7813
   8.7394
   8.6973
   8.6533
   8.6081
   8.5604
   8.5089
   8.4561
   8.3979
   8.3327
   8.2583
   8.1765
   8.0866
   7.9975
   7.9102
   7.8252
   7.7422
   7.6612
   7.5827
   7.5061
   7.4286
   7.3512
   7.2728
   7.1942
   7.1161
   7.0417
   6.9711
   6.9043
   6.8396
   6.7798
   6.7265
   6.6792
   6.6395
   6.6058
   6.5747
   6.5453
   6.5147
   6.4808
   6.4423
   6.3996
   6.3550
   6.3050
   6.2497
   6.1905
   6.1294
   6.0675
   6.0050
   5.9414
   5.8754
   5.8080
   5.7373
   5.6676
   5.5986
   5.5334
   5.4717
   5.4113
   5.3502
   5.2870
   5.2235
   5.1606
   5.0997
   5.0427
   4.9896
   4.9431
   4.9031
   4.8680
   4.8358
   4.8137
   4.7955
   4.7848
   4.7817
   4.7902
   4.2114
   3.6401
   3.0697
   2.4953
   1.9136
   1.3245
   0.7185
   0.0887
  -0.5563
  -1.2168
  -1.8972
  -2.5902
  -3.2854
  -3.9726
  -4.6576
  -5.3491
  -6.0468
  -6.7459
  -7.4634
  -8.1970
  -8.9267
  -9.6562
 -10.3899
 -11.1227
 -11.8489
 -12.5730
 -13.2918
 -14.0029
 -14.7044
 -15.4038
