 988.6227
1019.2402
1049.7905
1080.2753
1110.6945
1141.0481
1171.3361
1201.5586
1231.6990
1261.7739
1291.7832
1321.7269
1351.6051
1381.4177
1411.1483
1440.8134
1470.4128
1499.9467
1529.4150
1558.8177
1588.1385
1617.3937
1646.5833
1675.7073
1704.7657
1733.7585
1762.6711
1791.5164
1820.2961
1849.0103
1877.6589
1873.4950
1869.3326
1865.1687
1861.0048
1856.8408
1852.6769
1848.5129
1844.3506
1840.1866
1836.0227
1831.8588
1827.6948
1823.5309
1819.3834
1815.2195
1811.0555
1806.8916
1802.7277
1798.5637
1794.4161
1790.2538
1786.0898
1781.9259
1777.7620
1773.5981
1769.4506
1765.2882
1761.1243
1756.9603
1752.7964
1748.6324
1744.4834
1740.3210
1736.1571
1731.9932
1727.8292
1723.6653
1719.5013
1715.3390
1711.1750
1707.0111
1702.8472
1698.6832
1694.5193
1690.3569
1686.1946
1682.0308
1677.8668
1673.7029
1669.5389
1665.3914
1661.2290
1657.0651
1652.9011
1648.7372
1644.5732
1640.4242
1636.2618
1632.0979
1627.9340
1623.7700
1619.6061
1615.4569
1611.2947
1607.1307
1602.9668
1598.8029
1594.6389
1590.4897
1586.3274
1582.1650
1578.0011
1573.8373
1569.6733
1565.5094
1561.3470
1557.1847
1553.0208
1548.8568
1544.6929
1540.5289
1536.3650
1532.2028
1528.0388
1523.8749
1519.7109
1515.5470
1511.3978
1507.2355
1503.0715
1498.9076
1494.7437
1490.5797
1486.4307
1482.2683
1478.1060
1473.9420
1469.7781
1465.6141
1461.4651
1457.3027
1453.1404
1448.9764
1444.8125
1440.6486
1436.4995
1432.3356
1428.1732
1424.0093
1419.8453
1415.6814
1411.5175
1407.3535
1403.1913
1399.0273
1394.8634
1390.6995
1386.5355
1382.3716
1378.2092
1374.0469
1369.8831
1365.7191
1361.5552
1357.4060
1353.2437
1349.0813
1344.9174
1340.7535
1336.5896
1332.4404
1328.2765
1324.1141
1319.9502
1315.7863
1311.6223
1307.4733
1303.3093
1299.1470
1294.9830
1290.8191
1286.6552
1282.5060
1278.3422
1274.1798
1270.0175
1265.8535
1261.6896
1257.5256
1253.3618
1249.1995
1245.0371
1240.8732
1236.7092
1232.5453
1228.3815
1224.2175
1220.0552
1215.8912
1211.7273
1207.5634
1203.4142
1199.2504
1195.0880
1190.9241
1186.7601
1182.5962
1178.4470
1174.2831
1170.1208
1165.9585
1161.7946
1157.6306
1153.4814
1149.3175
1145.1553
1140.9929
1136.8290
1132.6650
1128.5159
1124.3521
1120.1881
1116.0258
1111.8618
1107.6979
1103.5339
1099.3701
1095.2062
1091.0438
1086.8799
1082.7159
1078.5520
1074.3881
1070.2242
1066.0619
1061.8995
1057.7356
1053.5718
1049.4226
1045.2587
1041.0963
1036.9341
1032.7701
1028.6062
1024.4570
1020.2931
1016.1292
1011.9669
1007.8029
1003.6390
 999.4899
 995.3259
 991.1620
 986.9997
 982.8358
 978.6718
 974.5226
 970.3588
 966.1948
 962.0325
 957.8686
 953.7047
 949.5407
 945.3768
 941.2129
 937.0506
 932.8883
 928.7244
 924.5604
 920.3965
 916.2326
 912.0687
 907.9064
 903.7424
 899.5785
 895.4293
 891.2654
 887.1015
 882.9392
 878.7753
 874.6113
 870.4622
 866.2983
 862.1343
 857.9720
 853.8081
 849.6442
 845.4950
 841.3311
 837.1672
 833.0049
 828.8426
 824.6786
 820.5295
 816.3655
 812.2017
 808.0377
 803.8754
 799.7115
 795.5475
 791.3837
 787.2197
 783.0558
 778.8935
 774.7296
 770.5657
 766.4017
 762.2378
 758.0739
 753.9116
 749.7477
 745.5837
 741.4346
 737.2706
 733.1068
 728.9445
 724.7822
 720.6182
 716.4691
 712.3051
 708.1412
 703.9789
 699.8167
 695.6527
 691.5035
 687.3396
 683.1757
 679.0118
 674.8495
 670.6855
 666.5364
 662.3724
 658.2086
 654.0446
 649.8823
 645.7184
 641.5544
 637.3906
 633.2266
 629.0627
 624.9005
 620.7382
 616.5742
 612.4103
 608.2464
 604.0825
 599.9202
 595.7579
 591.5940
 587.4448
 583.2809
 579.1169
 574.9530
 570.7908
 566.6268
 562.4777
 558.3137
 554.1498
 549.9859
 545.8236
 541.6597
 537.5105
 533.3466
 529.1826
 525.0187
 520.8564
 516.6942
 512.5450
 508.3811
 504.2172
 500.0532
 495.8910
 491.7287
 487.5648
 483.4008
 479.2369
 475.0730
 470.9091
 466.7468
 462.5829
 458.4189
 454.2550
 450.0911
 445.9272
 441.7649
 437.6010
 433.4518
 429.2879
 425.1240
 420.9601
 416.7978
 412.6355
 408.4863
 404.3224
 400.1585
 395.9946
 391.8323
 387.6700
 383.5208
 379.3569
 375.1930
 371.0291
 366.8651
 362.7029
 358.5537
 354.3898
 350.2259
 346.0619
 341.8980
 337.7357
 333.5718
 329.4079
 325.2440
 321.0800
 316.9161
 312.7539
 308.5916
 304.4277
 300.2638
 296.0999
 291.9359
 287.7737
 283.6114
 279.4622
 275.2983
 271.1344
 266.9705
 262.8065
 258.6443
 254.4951
 250.3312
 246.1673
 242.0033
 237.8394
 233.6772
 229.5280
 225.3640
 221.2001
 217.0362
 212.8723
 208.7100
 204.5625
 200.3986
 196.2346
 192.0707
 187.9068
 183.7446
 179.5823
 175.4184
 171.2545
 167.0905
 162.9266
 158.7627
 154.6005
 150.4365
 146.2726
 142.1087
 137.9448
 133.7809
 129.6186
 125.5220
 121.4909
 117.5254
 113.6254
 109.7911
 106.0239
 102.3371
  98.7159
  95.1602
  91.6701
  88.2456
  84.8883
  81.6113
  78.3999
  75.2541
  72.1738
  69.1591
  66.2100
  63.3428
  60.5413
  57.8053
  55.1349
  52.5300
  49.9907
  47.5187
  45.1270
  42.8008
  40.5402
  38.3452
  36.2158
  34.1536
  32.1717
  30.2554
  28.4046
  26.6194
  24.8998
  23.2475
  21.6754
  20.1689
  18.7297
  17.3561
  16.0480
  14.8055
  13.6450
  12.5500
  11.5207
  10.5569
   9.6586
   8.8260
   8.0753
   7.3902
   6.7706
   6.2167
   5.7283
   5.3055
   4.9646
   4.6893
   4.4796
   4.3355
   4.2570
   4.2440
   4.2457
   4.2474
   4.2492
   4.2509
   4.2526
   4.2544
   4.2561
   4.2578
   4.2596
   4.2613
   4.2630
   4.2648
   4.2665
   4.2682
   4.2700
   4.2717
   4.2734
   4.2769
   4.2803
   4.2838
   4.2872
   4.2906
   4.2941
   4.2975
   4.3010
   4.3044
   4.3079
   4.3113
   4.3147
   4.3182
   4.3216
   4.3251
   4.3285
   4.3320
   4.3354
   4.3389
   4.3423
   4.3458
   4.3492
   4.3510
   4.3527
   4.3545
   4.3562
   4.3580
   4.3598
   4.3615
   4.3633
   4.3650
   4.3668
   4.3685
   4.3703
   4.3721
   4.3738
   4.3756
   4.3773
   4.3791
   4.3809
   4.3843
   4.3878
   4.3913
   4.3948
   4.3982
   4.4017
   4.4052
   4.4087
   4.4121
   4.4156
   4.4191
   4.4226
   4.4261
   4.4295
   4.4330
   4.4365
   4.4400
   4.4435
   4.4469
   4.4504
   4.4539
   4.4557
   4.4575
   4.4593
   4.4610
   4.4628
   4.4646
   4.4664
   4.4682
   4.4699
   4.4717
   4.4735
   4.4753
   4.4771
   4.4788
   4.4806
   4.4824
   4.4842
   4.4860
   4.4895
   4.4930
   4.4965
   4.5000
   4.5035
   4.5070
   4.5105
   4.5141
   4.5176
   4.5211
   4.5246
   4.5281
   4.5316
   4.5351
   4.5386
   4.5422
   4.5457
   4.5492
   4.5527
   4.5562
   4.5597
   4.5633
   4.5651
   4.5669
   4.5687
   4.5705
   4.5723
   4.5741
   4.5759
   4.5777
   4.5795
   4.5813
   4.5831
   4.5849
   4.5867
   4.5885
   4.5903
   4.5921
   4.5940
   4.5975
   4.6010
   4.6046
   4.6081
   4.6117
   4.6152
   4.6188
   4.6223
   4.6258
   4.6294
   4.6329
   4.6365
   4.6400
   4.6436
   4.6471
   4.6507
   4.6542
   4.6578
   4.6613
   4.6649
   4.6684
   4.6720
   4.6738
   4.6756
   4.6775
   4.6793
   4.6811
   4.6829
   4.6848
   4.6866
   4.6884
   4.6903
   4.6921
   4.6939
   4.6958
   4.6976
   4.6994
   4.7013
   4.7031
   4.7049
   4.7085
   4.7121
   4.7156
   4.7192
   4.7228
   4.7264
   4.7300
   4.7335
   4.7371
   4.7407
   4.7443
   4.7479
   4.7514
   4.7550
   4.7586
   4.7622
   4.7658
   4.7693
   4.7729
   4.7765
   4.7801
   4.7820
   4.7838
   4.7857
   4.7875
   4.7894
   4.7912
   4.7931
   4.7949
   4.7968
   4.7986
   4.8005
   4.8023
   4.8042
   4.8061
   4.8079
   4.8098
   4.8116
   4.8135
   4.8171
   4.8207
   4.8243
   4.8279
   4.8315
   4.8351
   4.8388
   4.8424
   4.8460
   4.8496
   4.8532
   4.8568
   4.8604
   4.8641
   4.8677
   4.8713
   4.8749
   4.8785
   4.8821
   4.8858
   4.8894
   4.8930
   4.8949
   4.8967
   4.8986
   4.9005
   4.9024
   4.9043
   4.9061
   4.9080
   4.9099
   4.9118
   4.9136
   4.9155
   4.9174
   4.9193
   4.9212
   4.9230
   4.9249
   4.9268
   4.9305
   4.9341
   4.9377
   4.9414
   4.9450
   4.9487
   4.9523
   4.9560
   4.9596
   4.9633
   4.9669
   4.9706
   4.9742
   4.9779
   4.9815
   4.9852
   4.9888
   4.9925
   4.9961
   4.9998
   5.0034
   5.0053
   5.0072
   5.0091
   5.0110
   5.0129
   5.0148
   5.0167
   5.0186
   5.0205
   5.0224
   5.0243
   5.0262
   5.0282
   5.0301
   5.0320
   5.0339
   5.0358
   5.0377
   5.0413
   5.0450
   5.0487
   5.0524
   5.0561
   5.0597
   5.0634
   5.0671
   5.0708
   5.0745
   5.0781
   5.0818
   5.0855
   5.0892
   5.0929
   5.0966
   5.1002
   5.1039
   5.1076
   5.1113
   5.1150
   5.1187
   5.1206
   5.1225
   5.1245
   5.1264
   5.1283
   5.1302
   5.1322
   5.1341
   5.1360
   5.1379
   5.1399
   5.1418
   5.1437
   5.1457
   5.1476
   5.1495
   5.1514
   5.1552
   5.1589
   5.1626
   5.1663
   5.1700
   5.1737
   5.1774
   5.1811
   5.1849
   5.1886
   5.1923
   5.1960
   5.1997
   5.2034
   5.2072
   5.2109
   5.2146
   5.2183
   5.2220
   5.2257
   5.2295
   5.2332
   5.2351
   5.2371
   5.2390
   5.2410
   5.2429
   5.2449
   5.2468
   5.2488
   5.2507
   5.2527
   5.2546
   5.2566
   5.2586
   5.2605
   5.2625
   5.2644
   5.2664
   5.2683
   5.2721
   5.2758
   5.2796
   5.2833
   5.2870
   5.2908
   5.2945
   5.2983
   5.3020
   5.3058
   5.3095
   5.3133
   5.3170
   5.3208
   5.3245
   5.3283
   5.3320
   5.3358
   5.3396
   5.3433
   5.3471
   5.3490
   5.3510
   5.3530
   5.3550
   5.3569
   5.3589
   5.3609
   5.3629
   5.3648
   5.3668
   5.3688
   5.3708
   5.3727
   5.3747
   5.3767
   5.3787
   5.3806
   5.3826
   5.3864
   5.3902
   5.3940
   5.3977
   5.4015
   5.4053
   5.4091
   5.4147
   5.4203
   5.4258
   5.4314
   5.4370
   5.4426
   5.4482
   5.4538
   5.4594
   5.4650
   5.4706
   5.4761
   5.4817
   5.4873
   5.4929
   5.4967
   5.5005
   5.5043
   5.5081
   5.5120
   5.5158
   5.5196
   5.5234
   5.5272
   5.5310
   5.5348
   5.5386
   5.5424
   5.5462
   5.5500
   5.5539
   5.5577
   5.5615
   5.5653
   5.5691
   5.5729
   5.5767
   5.5805
   5.5844
   5.5882
   5.5920
   5.5958
   5.5996
   5.6034
   5.6073
   5.6111
   5.6149
   5.6187
   5.6225
   5.6264
   5.6302
   5.6340
   5.6378
   5.6416
   5.6437
   5.6457
   5.6477
   5.6497
   5.6518
   5.6538
   5.6558
   5.6560
   5.6562
   5.6565
   5.6567
   5.6569
   5.6571
   5.6574
   5.6576
   5.6578
   5.6580
   5.6582
   5.6585
   5.6587
   5.6589
   5.6591
   5.6594
   5.6596
   5.6598
   5.6600
   5.6602
   5.6605
   5.6607
   5.6609
   5.6611
   5.6613
   5.6616
   5.6618
   5.6620
   5.6622
   5.6625
   5.6627
   5.6629
   5.6631
   5.6633
   5.6636
   5.6638
   5.6640
   5.6642
   5.6645
   5.6647
   5.6649
   5.6651
   5.6653
   5.6656
   5.6658
   5.6660
   5.6662
   5.6664
   5.6667
   5.6669
   5.6671
   5.6673
   5.6676
   5.6678
   5.6680
   5.6682
   5.6684
   5.6687
   5.6689
   5.6691
   5.6693
   5.6695
   5.6698
   5.6700
   5.6702
   5.6704
   5.6707
   5.6709
   5.6711
   5.6713
   5.6715
   5.6718
   5.6720
   5.6722
   5.6724
   5.6727
   5.6729
   5.6731
   5.6733
   5.6735
   5.6738
   5.6740
   5.6742
   5.6744
   5.6746
   5.6749
   5.6751
   5.6753
   5.6755
   5.6758
   5.6760
   5.6762
   5.6764
   5.6766
   5.6769
   5.6771
   5.6773
   5.6775
   5.6777
   5.6780
   5.6782
   5.6784
   5.6786
   5.6789
   5.6791
   5.6793
   5.6795
   5.6797
   5.6800
   5.6802
   5.6804
   5.6806
   5.6809
   5.6811
   5.6813
   5.6815
   5.6817
   5.6820
   5.6822
   5.6824
   5.6826
   5.6828
   5.6831
   5.6833
   5.6835
   5.6837
   5.6840
   5.6842
   5.6844
   5.6846
   5.6848
   5.6851
   5.6853
   5.6855
   5.6857
   5.6859
   5.6862
   5.6864
   5.6866
   5.6868
   5.6871
   5.6873
   5.6875
   5.6877
   5.6879
   5.6882
   5.6884
   5.6886
   5.6888
   5.6891
   5.6893
   5.6895
   5.6897
   5.6899
   5.6902
   5.6904
   5.6906
   5.6908
   5.6910
   5.6913
   5.6915
   5.6917
   5.6919
   5.6922
   5.6924
   5.6926
   5.6928
   5.6930
   5.6933
   5.6935
   5.6937
   5.6939
   5.6941
   5.6944
   5.6946
   5.6948
   5.6950
   5.6953
   5.6955
   5.6957
   5.6959
   5.6961
   5.6964
   5.6966
   5.6968
   5.6970
   5.6973
   5.6975
   5.6977
   5.6979
   5.6981
   5.6984
   5.6986
   5.6988
   5.6990
   5.6992
   5.6995
   5.6997
   5.6999
   5.7001
   5.7004
   5.7006
   5.7008
   5.7010
   5.7012
   5.7015
   5.7017
   5.7019
   5.7021
   5.7023
   5.7026
   5.7028
   5.7030
   5.7032
   5.7035
   5.7037
   5.7039
   5.7041
   5.7043
   5.7046
   5.7048
   5.7050
   5.7052
   5.7055
   5.7057
   5.7059
   5.7061
   5.7063
   5.7066
   5.7068
   5.7070
   5.7072
   5.7074
   5.7077
   5.7079
   5.7081
   5.7083
   5.7086
   5.7088
   5.7090
   5.7092
   5.7094
   5.7097
   5.7099
   5.7101
   5.7103
   5.7105
   5.7108
   5.7110
   5.7112
   5.7114
   5.7117
   5.7119
   5.7121
   5.7123
   5.7125
   5.7128
   5.7130
   5.7132
   5.7134
   5.7137
   5.7139
   5.7141
   5.7143
   5.7145
   5.7148
   5.7150
   5.7152
   5.7154
   5.7156
   5.7159
   5.7161
   5.7163
   5.7165
   5.7168
   5.7170
   5.7172
   5.7174
   5.7176
   5.7179
   5.7181
   5.7183
   5.7185
   5.7188
   5.7190
   5.7192
   5.7194
   5.7196
   5.7199
   5.7201
   5.7203
   5.7205
   5.7207
   5.7210
   5.7212
   5.7214
   5.7216
   5.7219
   5.7221
   5.7223
   5.7225
   5.7227
   5.7230
   5.7232
   5.7234
   5.7236
   5.7238
   5.7241
   5.7243
   5.7245
   5.7247
   5.7250
   5.7252
   5.7254
   5.7256
   5.7258
   5.7261
   5.7263
   5.7265
   5.7267
   5.7270
   5.7272
   5.7274
   5.7276
   5.7278
   5.7281
   5.7283
   5.7285
   5.7287
   5.7289
   5.7292
   5.7294
   5.7296
   5.7298
   5.7301
   5.7303
   5.7305
   5.7307
   5.7309
   5.7312
   5.7314
   5.7316
   5.7318
   5.7320
   5.7323
   5.7325
   5.7327
   5.7329
   5.7332
   5.7334
   5.7336
   5.7338
   5.7340
   5.7343
   5.7345
   5.7347
   5.7349
   5.7352
   5.7354
   5.7356
   5.7358
   5.7360
   5.7363
   5.7365
   5.7367
   5.7369
   5.7371
   5.7374
   5.7376
   5.7378
   5.7380
   5.7383
   5.7385
   5.7387
   5.7389
   5.7391
   5.7394
   5.7396
   5.7398
   5.7400
   5.7402
   5.7405
   5.7407
   5.7409
   5.7411
   5.7414
   5.7416
   5.7418
   5.7420
   5.7422
   5.7425
   5.7427
   5.7429
   5.7431
   5.7434
   5.7436
   5.7438
   5.7440
   5.7442
   5.7445
   5.7447
   5.7449
   5.7451
   5.7453
   5.7456
   5.7458
   5.7460
   5.7462
   5.7465
   5.7467
   5.7469
   5.7471
   5.7473
   5.7476
   5.7478
   5.7480
   5.7482
   5.7484
   5.7487
  38.4906
  71.1506
 103.7450
 136.2738
 168.7370
 201.1346
 233.4667
 265.7168
 297.9014
 330.0203
 362.0737
 394.0615
 425.9837
 457.8239
 489.5986
 521.3077
 552.9512
 584.5292
 616.0415
 647.4719
 678.8367
 710.1359
 741.3696
 772.5377
 803.6402
 834.6607
 865.6157
 896.5051
 927.3289
 958.0871
