   0.2096
   0.0048
  -0.1983
  -0.3969
  -0.5999
  -0.7955
  -0.9996
  -1.2068
  -1.4050
  -1.6014
  -1.7945
  -1.9911
  -2.1790
  -2.3631
  -2.5467
  -2.7262
  -2.9074
  -3.0871
  -3.2726
  -3.4502
  -3.6337
  -3.8184
  -4.0057
  -4.1997
  -4.3889
  -4.5772
  -4.7633
  -4.9464
  -5.1284
  -5.3113
  -5.4901
  -5.4225
  -5.3513
  -5.2751
  -5.2039
  -5.1361
  -5.0785
  -5.0073
  -4.9276
  -4.8467
  -4.7719
  -4.6935
  -4.6234
  -4.5448
  -4.4737
  -4.3931
  -4.3270
  -4.2678
  -4.2034
  -4.1387
  -4.0712
  -4.0111
  -3.9517
  -3.8895
  -3.8270
  -3.7685
  -3.7061
  -3.6381
  -3.5716
  -3.4971
  -3.4292
  -3.3539
  -3.2838
  -3.2097
  -3.1370
  -3.0596
  -2.9840
  -2.9122
  -2.8404
  -2.7789
  -2.7212
  -2.6724
  -2.6148
  -2.5673
  -2.5266
  -2.4843
  -2.4488
  -2.4137
  -2.3789
  -2.3399
  -2.3126
  -2.2804
  -2.2493
  -2.2134
  -2.1779
  -2.1450
  -2.1113
  -2.0743
  -2.0366
  -1.9970
  -1.9543
  -1.9121
  -1.8746
  -1.8377
  -1.8040
  -1.7613
  -1.7199
  -1.6735
  -1.6330
  -1.5929
  -1.5554
  -1.5129
  -1.4651
  -1.4164
  -1.3763
  -1.3307
  -1.2915
  -1.2545
  -1.2120
  -1.1721
  -1.1337
  -1.1007
  -1.0690
  -1.0335
  -1.0017
  -0.9629
  -0.9295
  -0.8935
  -0.8649
  -0.8317
  -0.8069
  -0.7778
  -0.7540
  -0.7310
  -0.7140
  -0.6927
  -0.6822
  -0.6599
  -0.6409
  -0.6193
  -0.5951
  -0.5670
  -0.5312
  -0.4992
  -0.4640
  -0.4238
  -0.3774
  -0.3305
  -0.2822
  -0.2374
  -0.1940
  -0.1468
  -0.1025
  -0.0600
  -0.0237
   0.0130
   0.0459
   0.0808
   0.1053
   0.1289
   0.1489
   0.1683
   0.1854
   0.2066
   0.2256
   0.2449
   0.2649
   0.2812
   0.3014
   0.3214
   0.3398
   0.3671
   0.3950
   0.4027
   0.4307
   0.4493
   0.4720
   0.4931
   0.5152
   0.5414
   0.5609
   0.5848
   0.6071
   0.6336
   0.6530
   0.6760
   0.6939
   0.7135
   0.7232
   0.7376
   0.7497
   0.7586
   0.7698
   0.7756
   0.7833
   0.7934
   0.7978
   0.8125
   0.8136
   0.8236
   0.8322
   0.8406
   0.8455
   0.8473
   0.8542
   0.8605
   0.8681
   0.8689
   0.8798
   0.8851
   0.8975
   0.9097
   0.9208
   0.9325
   0.9428
   0.9550
   0.9614
   0.9720
   0.9733
   0.9822
   0.9908
   1.0008
   1.0074
   1.0213
   1.0302
   1.0462
   1.0629
   1.0767
   1.0893
   1.0999
   1.1098
   1.1189
   1.1219
   1.1206
   1.1329
   1.1270
   1.1281
   1.1275
   1.1294
   1.1295
   1.1283
   1.1320
   1.1362
   1.1372
   1.1400
   1.1406
   1.1384
   1.1337
   1.1236
   1.1168
   1.1089
   1.0963
   1.0904
   1.0820
   1.0838
   1.0822
   1.0798
   1.0767
   1.0718
   1.0686
   1.0669
   1.0593
   1.0546
   1.0541
   1.0542
   1.0488
   1.0447
   1.0369
   1.0320
   1.0189
   1.0111
   0.9977
   0.9883
   0.9745
   0.9672
   0.9607
   0.9572
   0.9562
   0.9502
   0.9449
   0.9381
   0.9302
   0.9214
   0.9154
   0.9014
   0.8895
   0.8736
   0.8531
   0.8356
   0.8190
   0.8023
   0.7883
   0.7698
   0.7494
   0.7305
   0.7131
   0.6932
   0.6771
   0.6591
   0.6349
   0.6129
   0.5835
   0.5565
   0.5239
   0.4991
   0.4704
   0.4468
   0.4257
   0.4102
   0.3997
   0.3839
   0.3647
   0.3530
   0.3360
   0.3165
   0.2913
   0.2654
   0.2367
   0.2088
   0.1779
   0.1440
   0.1069
   0.0724
   0.0567
   0.0241
   0.0101
   0.0035
  -0.0045
  -0.0017
  -0.0009
   0.0041
   0.0179
   0.0314
   0.0415
   0.0570
   0.0680
   0.0812
   0.0932
   0.1054
   0.1232
   0.1397
   0.1552
   0.1708
   0.1839
   0.1952
   0.2040
   0.2142
   0.2186
   0.2277
   0.2283
   0.2274
   0.2242
   0.2216
   0.2164
   0.2115
   0.2052
   0.1922
   0.1765
   0.1571
   0.1382
   0.1200
   0.0974
   0.0772
   0.0542
   0.0285
   0.0041
  -0.0191
  -0.0524
  -0.0857
  -0.1185
  -0.1566
  -0.1943
  -0.2351
  -0.2765
  -0.3283
  -0.3754
  -0.4263
  -0.4805
  -0.5285
  -0.5789
  -0.6324
  -0.6823
  -0.7297
  -0.7792
  -0.8471
  -0.9017
  -0.9756
  -1.0564
  -1.1343
  -1.2239
  -1.3107
  -1.3965
  -1.4965
  -1.5926
  -1.6861
  -1.7771
  -1.8676
  -1.9560
  -2.0438
  -2.1299
  -2.2188
  -2.3042
  -2.3875
  -2.4683
  -2.5480
  -2.6179
  -2.6854
  -2.7538
  -2.8178
  -2.8867
  -2.9459
  -3.0063
  -3.0724
  -3.1338
  -3.1881
  -3.2471
  -3.3003
  -3.3546
  -3.4029
  -3.4491
  -3.4972
  -3.5401
  -3.5818
  -3.6251
  -3.6683
  -3.7047
  -3.7437
  -3.7870
  -3.8154
  -3.8430
  -3.8807
  -3.9085
  -3.9346
  -3.9599
  -3.9834
  -4.0021
  -4.0208
  -4.0345
  -4.0414
  -4.0557
  -4.0631
  -4.0691
  -4.0700
  -4.0724
  -4.0658
  -4.0643
  -4.0546
  -4.0469
  -4.0337
  -4.0215
  -4.0116
  -3.9947
  -3.9832
  -3.9602
  -3.9381
  -3.9169
  -3.8966
  -3.8794
  -3.8607
  -3.8455
  -3.8266
  -3.8118
  -3.7980
  -3.7874
  -3.7817
  -3.7771
  -3.7824
  -3.7872
  -3.7933
  -3.8045
  -3.8089
  -3.8214
  -3.8288
  -3.8279
  -3.8317
  -3.8332
  -3.8288
  -3.8292
  -3.8246
  -3.8228
  -3.8250
  -3.8232
  -3.8277
  -3.8290
  -3.8292
  -3.8291
  -3.8329
  -3.8367
  -3.8353
  -3.8377
  -3.8436
  -3.8410
  -3.8403
  -3.8392
  -3.8340
  -3.8355
  -3.8291
  -3.8280
  -3.8268
  -3.8272
  -3.8229
  -3.8212
  -3.8157
  -3.8151
  -3.8111
  -3.8128
  -3.8096
  -3.8154
  -3.8199
  -3.8272
  -3.8365
  -3.8393
  -3.8488
  -3.8535
  -3.8648
  -3.8775
  -3.8922
  -3.9082
  -3.9282
  -3.9531
  -3.9742
  -4.0003
  -4.0221
  -4.0409
  -4.0559
  -4.0679
  -4.0759
  -4.0827
  -4.0879
  -4.0900
  -4.0848
  -4.0818
  -4.0738
  -4.0632
  -4.0579
  -4.0450
  -4.0349
  -4.0247
  -4.0111
  -3.9966
  -3.9798
  -3.9592
  -3.9403
  -3.9200
  -3.8978
  -3.8751
  -3.8501
  -3.8225
  -3.7932
  -3.7642
  -3.7343
  -3.7015
  -3.6682
  -3.6345
  -3.5994
  -3.5641
  -3.5250
  -3.4859
  -3.4452
  -3.4066
  -3.3692
  -3.3355
  -3.3067
  -3.2765
  -3.2485
  -3.2246
  -3.2037
  -3.1840
  -3.1622
  -3.1388
  -3.1161
  -3.0945
  -3.0758
  -3.0580
  -3.0431
  -3.0309
  -3.0176
  -3.0012
  -2.9879
  -2.9701
  -2.9513
  -2.9363
  -2.9201
  -2.9051
  -2.8941
  -2.8852
  -2.8798
  -2.8702
  -2.8610
  -2.8510
  -2.8443
  -2.8387
  -2.8341
  -2.8300
  -2.8308
  -2.8232
  -2.8243
  -2.8249
  -2.8289
  -2.8332
  -2.8402
  -2.8485
  -2.8598
  -2.8667
  -2.8698
  -2.8718
  -2.8708
  -2.8722
  -2.8740
  -2.8754
  -2.8784
  -2.8842
  -2.8895
  -2.8964
  -2.9043
  -2.9090
  -2.9150
  -2.9193
  -2.9229
  -2.9272
  -2.9285
  -2.9265
  -2.9245
  -2.9170
  -2.9094
  -2.8993
  -2.8859
  -2.8681
  -2.8508
  -2.8374
  -2.8242
  -2.8080
  -2.7909
  -2.7752
  -2.7598
  -2.7459
  -2.7299
  -2.7136
  -2.7017
  -2.6925
  -2.6828
  -2.6727
  -2.6637
  -2.6515
  -2.6406
  -2.6281
  -2.6144
  -2.5958
  -2.5852
  -2.5712
  -2.5600
  -2.5501
  -2.5397
  -2.5256
  -2.5097
  -2.4906
  -2.4720
  -2.4591
  -2.4412
  -2.4208
  -2.4036
  -2.3871
  -2.3710
  -2.3505
  -2.3340
  -2.3201
  -2.3094
  -2.3014
  -2.2921
  -2.2815
  -2.2673
  -2.2525
  -2.2347
  -2.2206
  -2.2041
  -2.1891
  -2.1776
  -2.1678
  -2.1548
  -2.1454
  -2.1351
  -2.1241
  -2.1160
  -2.1060
  -2.1003
  -2.0958
  -2.0933
  -2.0946
  -2.0996
  -2.1022
  -2.1048
  -2.1058
  -2.1145
  -2.1226
  -2.1324
  -2.1391
  -2.1455
  -2.1522
  -2.1649
  -2.1736
  -2.1730
  -2.1842
  -2.1962
  -2.2060
  -2.2186
  -2.2291
  -2.2381
  -2.2516
  -2.2674
  -2.2796
  -2.2962
  -2.3117
  -2.3259
  -2.3372
  -2.3528
  -2.3661
  -2.3870
  -2.4097
  -2.4253
  -2.4492
  -2.4721
  -2.4908
  -2.5054
  -2.5185
  -2.5314
  -2.5412
  -2.5487
  -2.5535
  -2.5576
  -2.5583
  -2.5615
  -2.5689
  -2.5747
  -2.5834
  -2.5884
  -2.5968
  -2.6017
  -2.6067
  -2.6065
  -2.6125
  -2.6155
  -2.6228
  -2.6247
  -2.6272
  -2.6307
  -2.6334
  -2.6323
  -2.6325
  -2.6306
  -2.6230
  -2.6221
  -2.6186
  -2.6134
  -2.6054
  -2.5927
  -2.5791
  -2.5688
  -2.5574
  -2.5484
  -2.5360
  -2.5217
  -2.5137
  -2.4970
  -2.4790
  -2.4576
  -2.4401
  -2.4184
  -2.4023
  -2.3786
  -2.3560
  -2.3376
  -2.3140
  -2.2869
  -2.2625
  -2.2380
  -2.2125
  -2.1877
  -2.1586
  -2.1310
  -2.1051
  -2.0736
  -2.0479
  -2.0200
  -1.9871
  -1.9558
  -1.9279
  -1.8952
  -1.8632
  -1.8288
  -1.7937
  -1.7585
  -1.7241
  -1.6877
  -1.6523
  -1.6145
  -1.5756
  -1.5330
  -1.4974
  -1.4570
  -1.4159
  -1.3717
  -1.3276
  -1.2790
  -1.2317
  -1.1862
  -1.1371
  -1.0844
  -1.0329
  -0.9837
  -0.9367
  -0.8891
  -0.8392
  -0.7876
  -0.7381
  -0.6873
  -0.6427
  -0.5894
  -0.5423
  -0.4842
  -0.4305
  -0.3711
  -0.3197
  -0.2644
  -0.2018
  -0.1411
  -0.0821
  -0.0260
   0.0285
   0.0903
   0.1459
   0.1969
   0.2571
   0.3164
   0.3753
   0.4386
   0.4981
   0.5536
   0.6076
   0.6610
   0.7148
   0.7669
   0.8167
   0.8724
   0.9275
   0.9682
   1.0168
   1.0655
   1.1084
   1.1461
   1.1853
   1.2262
   1.2600
   1.2970
   1.3317
   1.3689
   1.4048
   1.4424
   1.4770
   1.5156
   1.5545
   1.5878
   1.6227
   1.6559
   1.6920
   1.7253
   1.7643
   1.8028
   1.8384
   1.8778
   1.9229
   1.9689
   2.0175
   2.0665
   2.1188
   2.1675
   2.2208
   2.2760
   2.3301
   2.3865
   2.4411
   2.5000
   2.5537
   2.6159
   2.6788
   2.7345
   2.7936
   2.8559
   2.9324
   3.0078
   3.0879
   3.1703
   3.2609
   3.3329
   3.4177
   3.4997
   3.5810
   3.6609
   3.7448
   3.8314
   3.9199
   4.0090
   4.1090
   4.2155
   4.3196
   4.4211
   4.5318
   4.6316
   4.7397
   4.8487
   4.9557
   5.0596
   5.1630
   5.2762
   5.3907
   5.4983
   5.6025
   5.7068
   5.8076
   5.9085
   6.0066
   6.1036
   6.2097
   6.3148
   6.4233
   6.5255
   6.6266
   6.7317
   6.8285
   6.9319
   7.0274
   7.1308
   7.2315
   7.3283
   7.4225
   7.5085
   7.5941
   7.6794
   7.7641
   7.8390
   7.9197
   7.9862
   8.0599
   8.1308
   8.1999
   8.2671
   8.3396
   8.4091
   8.4746
   8.5323
   8.5906
   8.6408
   8.6877
   8.7314
   8.7866
   8.8214
   8.8599
   8.8916
   8.9254
   8.9568
   8.9870
   9.0128
   9.0406
   9.0579
   9.0749
   9.0834
   9.0987
   9.1118
   9.1279
   9.1422
   9.1493
   9.1699
   9.1879
   9.2074
   9.2204
   9.2300
   9.2460
   9.2636
   9.2805
   9.2985
   9.3144
   9.3310
   9.3460
   9.3573
   9.3689
   9.3795
   9.3921
   9.4021
   9.4101
   9.4234
   9.4317
   9.4462
   9.4523
   9.4630
   9.4670
   9.4790
   9.4893
   9.5032
   9.5116
   9.5190
   9.5286
   9.5320
   9.5433
   9.5513
   9.5625
   9.5692
   9.5743
   9.5751
   9.5791
   9.5851
   9.5914
   9.5958
   9.6037
   9.6071
   9.6147
   9.6161
   9.6257
   9.6293
   9.6399
   9.6459
   9.6578
   9.6629
   9.6689
   9.6778
   9.6867
   9.6861
   9.6986
   9.7059
   9.7092
   9.7164
   9.7158
   9.7201
   9.7172
   9.7149
   9.7101
   9.7072
   9.7033
   9.7060
   9.7005
   9.6937
   9.6855
   9.6800
   9.6746
   9.6691
   9.6574
   9.6460
   9.6294
   9.6185
   9.6062
   9.5935
   9.5825
   9.5689
   9.5484
   9.5302
   9.5096
   9.4915
   9.4723
   9.4581
   9.4429
   9.4250
   9.4111
   9.3971
   9.3907
   9.3830
   9.3737
   9.3598
   9.3475
   9.3316
   9.3154
   9.3038
   9.2929
   9.2794
   9.2683
   9.2512
   9.2394
   9.2224
   9.2149
   9.2054
   9.1992
   9.1904
   9.1879
   9.1769
   9.1689
   9.1651
   9.1489
   9.1323
   9.1197
   9.1009
   9.0791
   9.0622
   9.0388
   9.0226
   9.0087
   8.9967
   8.9812
   8.9633
   8.9454
   8.9297
   8.9062
   8.8906
   8.8743
   8.8652
   8.8509
   8.8372
   8.8242
   8.8122
   8.8041
   8.7964
   8.7834
   8.7737
   8.7554
   8.7357
   8.7243
   8.7181
   8.7061
   8.6999
   8.6868
   8.6671
   8.6465
   8.6283
   8.6123
   8.5877
   8.5705
   8.5444
   8.5189
   8.4967
   8.4744
   8.4490
   8.4288
   8.4203
   8.4178
   8.4226
   8.4415
   8.4613
   8.4829
   8.5001
   8.4999
   8.4816
   8.4441
   8.3953
   8.3516
   8.3144
   8.2893
   8.2652
   8.2431
   8.2292
   8.2160
   8.1925
   8.1694
   8.1464
   8.1143
   8.0904
   8.0637
   8.0406
   8.0132
   7.9842
   7.9648
   7.9339
   7.8985
   7.8758
   7.8511
   7.8288
   7.7992
   7.7732
   7.7429
   7.7122
   7.6853
   7.6474
   7.6162
   7.5862
   7.5438
   7.5055
   7.4756
   7.4351
   7.3904
   7.3462
   7.2986
   7.2570
   7.2200
   7.1800
   7.1382
   7.0997
   7.0629
   7.0287
   7.0013
   6.9733
   6.9500
   6.9234
   6.9047
   6.8821
   6.8494
   6.7943
   6.7260
   6.6450
   6.5626
   6.4787
   6.3982
   6.3364
   6.2918
   6.2683
   6.2571
   6.2375
   6.2084
   6.1782
   6.1407
   6.1014
   6.0582
   6.0120
   5.9768
   5.9410
   5.9028
   5.8721
   5.8367
   5.7966
   5.7468
   5.6984
   5.6549
   5.5996
   5.5541
   5.5154
   5.4652
   5.4125
   5.3537
   5.3020
   5.2527
   5.1993
   5.1428
   5.0884
   5.0366
   4.9853
   4.9308
   4.8820
   4.8314
   4.7771
   4.7224
   4.6771
   4.6285
   4.5774
   4.5239
   4.4685
   4.4207
   4.3693
   4.3135
   4.2568
   4.1989
   4.1360
   4.0754
   4.0116
   3.9532
   3.8890
   3.8269
   3.7592
   3.6986
   3.6423
   3.5854
   3.5285
   3.4706
   3.4219
   3.3686
   3.3111
   3.2560
   3.1950
   3.1358
   3.0735
   3.0012
   2.9363
   2.8653
   2.7987
   2.7338
   2.6658
   2.6028
   2.5441
   2.4834
   2.4214
   2.3603
   2.3014
   2.2444
   2.1935
   2.1410
   2.0869
   2.0230
   1.9574
   1.8991
   1.8442
   1.7859
   1.7265
   1.6827
   1.6395
   1.5910
   1.5416
   1.4828
   1.4301
   1.3734
   1.3218
   1.2646
   1.2133
   1.1505
   1.0927
   1.0368
   0.9945
   0.9550
   0.9174
   0.8756
   0.8395
   0.8063
   0.7692
   0.7355
   0.7019
   0.6657
   0.6302
   0.6082
   0.5825
   0.5626
   0.5469
   0.5323
   0.5267
   0.5186
   0.5203
   0.5181
   0.5239
   0.5356
   0.5474
   0.5627
   0.5869
   0.6116
   0.6377
   0.6660
   0.6992
   0.7358
   0.7731
   0.8140
   0.8581
   0.9030
   0.9511
   0.9976
   1.0497
   1.1004
   1.1563
   1.2080
   1.2682
   1.3338
   1.4029
   1.4766
   1.5431
   1.6112
   1.6742
   1.7376
   1.7986
   1.8628
   1.9255
   2.0010
   2.0860
   2.1689
   2.2623
   2.3539
   2.4508
   2.5466
   2.6482
   2.7523
   2.8580
   2.9576
   3.0599
   3.1618
   3.2639
   3.3670
   3.4696
   3.5743
   3.6828
   3.7913
   3.8982
   4.0137
   4.1194
   4.2297
   4.3363
   4.4373
   4.5377
   4.6299
   4.7298
   4.8225
   4.9104
   4.9976
   5.0853
   5.1670
   5.2561
   5.3412
   5.4386
   5.5374
   5.6319
   5.7192
   5.8012
   5.8849
   5.9618
   6.0338
   6.0999
   6.1684
   6.2355
   6.3064
   6.3831
   6.4522
   6.5200
   6.5866
   6.6461
   6.7067
   6.7647
   6.8223
   6.8780
   6.9374
   6.9964
   7.0504
   7.1064
   7.1669
   7.2220
   7.2727
   7.3317
   7.3898
   7.4500
   7.5056
   7.5608
   7.6123
   7.6601
   7.7040
   7.4894
   7.2664
   7.0357
   6.8091
   6.5899
   6.3760
   6.1480
   5.9102
   5.6688
   5.4298
   5.1828
   4.9414
   4.6995
   4.4612
   4.2241
   4.0018
   3.7811
   3.5530
   3.3274
   3.1043
   2.8838
   2.6624
   2.4390
   2.2072
   1.9825
   1.7470
   1.5146
   1.2798
   1.0526
   0.8299
