  -0.3188
  -0.2738
  -0.2284
  -0.1840
  -0.1423
  -0.1022
  -0.0644
  -0.0234
   0.0157
   0.0590
   0.1098
   0.1621
   0.2139
   0.2638
   0.3170
   0.3721
   0.4312
   0.4921
   0.5477
   0.5965
   0.6373
   0.6712
   0.7018
   0.7367
   0.7790
   0.8281
   0.8855
   0.9496
   1.0193
   1.0878
   1.1578
   1.1719
   1.1880
   1.2056
   1.2265
   1.2504
   1.2779
   1.3069
   1.3377
   1.3692
   1.3977
   1.4247
   1.4501
   1.4697
   1.4842
   1.4940
   1.4999
   1.5066
   1.5159
   1.5276
   1.5449
   1.5692
   1.5987
   1.6325
   1.6720
   1.7147
   1.7583
   1.8057
   1.8516
   1.8959
   1.9402
   1.9851
   2.0315
   2.0766
   2.1214
   2.1667
   2.2107
   2.2546
   2.2946
   2.3365
   2.3782
   2.4173
   2.4565
   2.4981
   2.5382
   2.5766
   2.6152
   2.6530
   2.6876
   2.7265
   2.7685
   2.8143
   2.8621
   2.9130
   2.9592
   3.0020
   3.0403
   3.0728
   3.0976
   3.1166
   3.1323
   3.1422
   3.1507
   3.1566
   3.1620
   3.1666
   3.1752
   3.1869
   3.1984
   3.2132
   3.2292
   3.2476
   3.2653
   3.2843
   3.3058
   3.3314
   3.3601
   3.3940
   3.4312
   3.4684
   3.5043
   3.5376
   3.5682
   3.5963
   3.6244
   3.6482
   3.6695
   3.6912
   3.7102
   3.7307
   3.7509
   3.7654
   3.7800
   3.7931
   3.8061
   3.8197
   3.8342
   3.8491
   3.8626
   3.8789
   3.8956
   3.9106
   3.9257
   3.9412
   3.9542
   3.9660
   3.9754
   3.9791
   3.9795
   3.9744
   3.9621
   3.9454
   3.9247
   3.9016
   3.8759
   3.8518
   3.8296
   3.8074
   3.7868
   3.7710
   3.7577
   3.7448
   3.7348
   3.7250
   3.7147
   3.7036
   3.6930
   3.6824
   3.6709
   3.6603
   3.6497
   3.6402
   3.6324
   3.6290
   3.6302
   3.6357
   3.6458
   3.6557
   3.6656
   3.6707
   3.6731
   3.6722
   3.6669
   3.6541
   3.6355
   3.6124
   3.5861
   3.5563
   3.5279
   3.5003
   3.4742
   3.4496
   3.4279
   3.4029
   3.3792
   3.3541
   3.3283
   3.3027
   3.2766
   3.2512
   3.2240
   3.1951
   3.1654
   3.1340
   3.1024
   3.0715
   3.0427
   3.0153
   2.9934
   2.9749
   2.9635
   2.9581
   2.9572
   2.9581
   2.9608
   2.9645
   2.9667
   2.9645
   2.9616
   2.9567
   2.9465
   2.9309
   2.9155
   2.8983
   2.8810
   2.8662
   2.8550
   2.8465
   2.8401
   2.8363
   2.8327
   2.8264
   2.8199
   2.8108
   2.7975
   2.7797
   2.7595
   2.7351
   2.7104
   2.6857
   2.6641
   2.6409
   2.6203
   2.6024
   2.5888
   2.5781
   2.5690
   2.5632
   2.5583
   2.5518
   2.5449
   2.5357
   2.5253
   2.5152
   2.5095
   2.5027
   2.4975
   2.4929
   2.4882
   2.4835
   2.4821
   2.4811
   2.4813
   2.4831
   2.4878
   2.4913
   2.4955
   2.4990
   2.5031
   2.5044
   2.5053
   2.5029
   2.5003
   2.4955
   2.4914
   2.4859
   2.4801
   2.4757
   2.4726
   2.4693
   2.4661
   2.4657
   2.4683
   2.4706
   2.4748
   2.4802
   2.4846
   2.4877
   2.4912
   2.4911
   2.4887
   2.4851
   2.4837
   2.4800
   2.4779
   2.4776
   2.4777
   2.4768
   2.4756
   2.4731
   2.4678
   2.4610
   2.4554
   2.4487
   2.4408
   2.4302
   2.4197
   2.4078
   2.3929
   2.3806
   2.3714
   2.3658
   2.3672
   2.3744
   2.3831
   2.3903
   2.3959
   2.3968
   2.3944
   2.3894
   2.3858
   2.3822
   2.3812
   2.3830
   2.3871
   2.3870
   2.3856
   2.3754
   2.3597
   2.3389
   2.3125
   2.2833
   2.2543
   2.2239
   2.1969
   2.1701
   2.1460
   2.1223
   2.0987
   2.0751
   2.0527
   2.0303
   2.0076
   1.9847
   1.9632
   1.9426
   1.9223
   1.9014
   1.8794
   1.8543
   1.8309
   1.8073
   1.7823
   1.7540
   1.7256
   1.6957
   1.6664
   1.6385
   1.6143
   1.5916
   1.5690
   1.5507
   1.5352
   1.5241
   1.5186
   1.5228
   1.5330
   1.5428
   1.5500
   1.5573
   1.5602
   1.5604
   1.5596
   1.5571
   1.5574
   1.5617
   1.5727
   1.5926
   1.6212
   1.6542
   1.6896
   1.7238
   1.7580
   1.7908
   1.8166
   1.8286
   1.8336
   1.8283
   1.8185
   1.8085
   1.8011
   1.8032
   1.8124
   1.8241
   1.8400
   1.8573
   1.8801
   1.9086
   1.9438
   1.9819
   2.0200
   2.0567
   2.0910
   2.1230
   2.1555
   2.1855
   2.2145
   2.2424
   2.2715
   2.3003
   2.3302
   2.3585
   2.3854
   2.4121
   2.4402
   2.4702
   2.4987
   2.5278
   2.5570
   2.5865
   2.6162
   2.6532
   2.6916
   2.7314
   2.7713
   2.8102
   2.8435
   2.8768
   2.9127
   2.9530
   2.9960
   3.0406
   3.0835
   3.1222
   3.1536
   3.1731
   3.1839
   3.1850
   3.1797
   3.1698
   3.1596
   3.1487
   3.1360
   3.1188
   3.0987
   3.0800
   3.0713
   3.0723
   3.0845
   3.1079
   3.1367
   3.1671
   3.1989
   3.2279
   3.2586
   3.2879
   3.3125
   3.3302
   3.3412
   3.3441
   3.3430
   3.3436
   3.3460
   3.3510
   3.3572
   3.3603
   3.3617
   3.3602
   3.3569
   3.3527
   3.3518
   3.3540
   3.3578
   3.3647
   3.3732
   3.3789
   3.3815
   3.3839
   3.3833
   3.3810
   3.3758
   3.3693
   3.3583
   3.3462
   3.3346
   3.3220
   3.3092
   3.2971
   3.2841
   3.2703
   3.2568
   3.2422
   3.2270
   3.2111
   3.1960
   3.1865
   3.1824
   3.1839
   3.1905
   3.2000
   3.2122
   3.2217
   3.2316
   3.2403
   3.2492
   3.2583
   3.2670
   3.2727
   3.2770
   3.2829
   3.2879
   3.2948
   3.3033
   3.3095
   3.3159
   3.3223
   3.3301
   3.3426
   3.3551
   3.3726
   3.3928
   3.4157
   3.4396
   3.4702
   3.5050
   3.5439
   3.5883
   3.6341
   3.6773
   3.7210
   3.7604
   3.7954
   3.8250
   3.8516
   3.8739
   3.8936
   3.9148
   3.9357
   3.9585
   3.9826
   4.0042
   4.0232
   4.0392
   4.0498
   4.0573
   4.0614
   4.0633
   4.0608
   4.0573
   4.0520
   4.0459
   4.0409
   4.0384
   4.0407
   4.0466
   4.0527
   4.0579
   4.0650
   4.0706
   4.0768
   4.0820
   4.0873
   4.0967
   4.1092
   4.1259
   4.1478
   4.1753
   4.2103
   4.2512
   4.2978
   4.3485
   4.4023
   4.4551
   4.5066
   4.5565
   4.6040
   4.6501
   4.6945
   4.7360
   4.7816
   4.8274
   4.8774
   4.9329
   4.9895
   5.0448
   5.0973
   5.1492
   5.2012
   5.2574
   5.3190
   5.3857
   5.4595
   5.5390
   5.6267
   5.7186
   5.8159
   5.9202
   6.0316
   6.1472
   6.2684
   6.3980
   6.5355
   6.6809
   6.8316
   6.9888
   7.1487
   7.3071
   7.4681
   7.6315
   7.7947
   7.9600
   8.1269
   8.2939
   8.4594
   8.6245
   8.7885
   8.9527
   9.1152
   9.2721
   9.4264
   9.5751
   9.7205
   9.8619
  10.0008
  10.1366
  10.2725
  10.4045
  10.5323
  10.6555
  10.7755
  10.8928
  11.0059
  11.1196
  11.2330
  11.3452
  11.4541
  11.5599
  11.6573
  11.7481
  11.8335
  11.9140
  11.9890
  12.0617
  12.1290
  12.1967
  12.2617
  12.3281
  12.3890
  12.4476
  12.5048
  12.5605
  12.6133
  12.6642
  12.7145
  12.7617
  12.8067
  12.8504
  12.8910
  12.9277
  12.9617
  12.9918
  13.0122
  13.0276
  13.0390
  13.0467
  13.0489
  13.0500
  13.0511
  13.0482
  13.0454
  13.0404
  13.0318
  13.0214
  13.0081
  12.9948
  12.9789
  12.9628
  12.9470
  12.9327
  12.9227
  12.9184
  12.9209
  12.9250
  12.9303
  12.9370
  12.9409
  12.9420
  12.9417
  12.9413
  12.9410
  12.9421
  12.9431
  12.9442
  12.9413
  12.9382
  12.9344
  12.9335
  12.9367
  12.9498
  12.9678
  12.9911
  13.0193
  13.0501
  13.0809
  13.1119
  13.1416
  13.1686
  13.1944
  13.2220
  13.2521
  13.2822
  13.3142
  13.3496
  13.3896
  13.4279
  13.4673
  13.5090
  13.5510
  13.5929
  13.6374
  13.6849
  13.7348
  13.7905
  13.8501
  13.9138
  13.9803
  14.0527
  14.1293
  14.2078
  14.2882
  14.3672
  14.4431
  14.5178
  14.5899
  14.6606
  14.7301
  14.8008
  14.8755
  14.9542
  15.0351
  15.1172
  15.1965
  15.2706
  15.3461
  15.4204
  15.4947
  15.5725
  15.6559
  15.7411
  15.8281
  15.9167
  16.0065
  16.0951
  16.1865
  16.2782
  16.3715
  16.4696
  16.5674
  16.6670
  16.7653
  16.8655
  16.9658
  17.0624
  17.1547
  17.2425
  17.3287
  17.4118
  17.4961
  17.5833
  17.6684
  17.7493
  17.8275
  17.9043
  17.9766
  18.0393
  18.0946
  18.1414
  18.1780
  18.2058
  18.2286
  18.2447
  18.2595
  18.2739
  18.2902
  18.3081
  18.3251
  18.3438
  18.3568
  18.3582
  18.3523
  18.3396
  18.3225
  18.3112
  18.3036
  18.3019
  18.3088
  18.3213
  18.3340
  18.3474
  18.3584
  18.3643
  18.3663
  18.3645
  18.3615
  18.3563
  18.3532
  18.3507
  18.3507
  18.3523
  18.3622
  18.3831
  18.4157
  18.4515
  18.4892
  18.5231
  18.5598
  18.5965
  18.6375
  18.6926
  18.7605
  18.8357
  18.9180
  18.9993
  19.0764
  19.1490
  19.2204
  19.2892
  19.3580
  19.4285
  19.5013
  19.5800
  19.6656
  19.7481
  19.8245
  19.8910
  19.9603
  20.0322
  20.1081
  20.1929
  20.2877
  20.3860
  20.4865
  20.5915
  20.7011
  20.8088
  20.9134
  21.0181
  21.1254
  21.2355
  21.3503
  21.4696
  21.5931
  21.7149
  21.8333
  21.9514
  22.0645
  22.1669
  22.2586
  22.3434
  22.4154
  22.4787
  22.5363
  22.5840
  22.6200
  22.6431
  22.6515
  22.6481
  22.6313
  22.6057
  22.5686
  22.5217
  22.4574
  22.3761
  22.2860
  22.1929
  22.0965
  21.9974
  21.8957
  21.7884
  21.6660
  21.5222
  21.3645
  21.1901
  21.0046
  20.8149
  20.6260
  20.4322
  20.2385
  20.0476
  19.8567
  19.6661
  19.4817
  19.2977
  19.1197
  18.9450
  18.7733
  18.5994
  18.4214
  18.2410
  18.0580
  17.8773
  17.6956
  17.5160
  17.3333
  17.1451
  16.9541
  16.7589
  16.5593
  16.3502
  16.1337
  15.9148
  15.6917
  15.4655
  15.2445
  15.0290
  14.8042
  14.5735
  14.3469
  14.1287
  13.9108
  13.7045
  13.5153
  13.3335
  13.1545
  12.9913
  12.8454
  12.7147
  12.6026
  12.5075
  12.4255
  12.3536
  12.2905
  12.2393
  12.1981
  12.1646
  12.1399
  12.1270
  12.1229
  12.1249
  12.1285
  12.1380
  12.1555
  12.1689
  12.1753
  12.1820
  12.1815
  12.1755
  12.1730
  12.1805
  12.1914
  12.2052
  12.2149
  12.2174
  12.2184
  12.2137
  12.2061
  12.2013
  12.2001
  12.2042
  12.2104
  12.2177
  12.2253
  12.2412
  12.2638
  12.3006
  12.3497
  12.4103
  12.4822
  12.5625
  12.6538
  12.7609
  12.8746
  12.9964
  13.1280
  13.2594
  13.3701
  13.4583
  13.5205
  13.5538
  13.5595
  13.5604
  13.5581
  13.5472
  13.5353
  13.5282
  13.5210
  13.5164
  13.5194
  13.5234
  13.5264
  13.5286
  13.5323
  13.5376
  13.5443
  13.5539
  13.5680
  13.5834
  13.5973
  13.6067
  13.6173
  13.6267
  13.6331
  13.6408
  13.6600
  13.6958
  13.7441
  13.8107
  13.8912
  13.9765
  14.0565
  14.1320
  14.2039
  14.2750
  14.3457
  14.4140
  14.4881
  14.5694
  14.6567
  14.7453
  14.8371
  14.9324
  15.0293
  15.1226
  15.2103
  15.2916
  15.3580
  15.4108
  15.4532
  15.4877
  15.5160
  15.5395
  15.5568
  15.5749
  15.5940
  15.6113
  15.6320
  15.6723
  15.7455
  15.8546
  15.9958
  16.1640
  16.3444
  16.5269
  16.7102
  16.8959
  17.0859
  17.2761
  17.4643
  17.6475
  17.8246
  17.9997
  18.1707
  18.3381
  18.4983
  18.6515
  18.7977
  18.9365
  19.0681
  19.1953
  19.3209
  19.4417
  19.5621
  19.6777
  19.7930
  19.9067
  20.0159
  20.1223
  20.2272
  20.3291
  20.4284
  20.5303
  20.6357
  20.7398
  20.8398
  20.9363
  21.0333
  21.1280
  21.2217
  21.3186
  21.4167
  21.5111
  21.6002
  21.6850
  21.7679
  21.8445
  21.9177
  21.9856
  22.0512
  22.1142
  22.1732
  22.2266
  22.2804
  22.3356
  22.3883
  22.4425
  22.4997
  22.5545
  22.6044
  22.6556
  22.7086
  22.7558
  22.7960
  22.8262
  22.8415
  22.8415
  22.8350
  22.8245
  22.8160
  22.8090
  22.8009
  22.7931
  22.7801
  22.7572
  22.7275
  22.6884
  22.6417
  22.5873
  22.5237
  22.4535
  22.3799
  22.2998
  22.2117
  22.1129
  22.0081
  21.8881
  21.7573
  21.6191
  21.4746
  21.3242
  21.1678
  21.0104
  20.8456
  20.6696
  20.4882
  20.3061
  20.1159
  19.9137
  19.7075
  19.4943
  19.2716
  19.0472
  18.8273
  18.6101
  18.3936
  18.1756
  17.9589
  17.7420
  17.5265
  17.3141
  17.1034
  16.8958
  16.6942
  16.4898
  16.2811
  16.0752
  15.8664
  15.6534
  15.4433
  15.2403
  15.0367
  14.8296
  14.6290
  14.4384
  14.2617
  14.1043
  13.9715
  13.8475
  13.7252
  13.5930
  13.4525
  13.3032
  13.1466
  12.9893
  12.8377
  12.6872
  12.5378
  12.3878
  12.2402
  12.0967
  11.9559
  11.8146
  11.6750
  11.5425
  11.4160
  11.2918
  11.1764
  11.0694
  10.9677
  10.8718
  10.7799
  10.6967
  10.6161
  10.5397
  10.4689
  10.4053
  10.3447
  10.2913
  10.2432
  10.1968
  10.1522
  10.1057
  10.0521
   9.9911
   9.9289
   9.8698
   9.8122
   9.7621
   9.7190
   9.6794
   9.6405
   9.6007
   9.5574
   9.5094
   9.4616
   9.4097
   9.3524
   9.2915
   9.2304
   9.1658
   9.0973
   9.0283
   8.9600
   8.8895
   8.8124
   8.7265
   8.6292
   8.5170
   8.3996
   8.2776
   8.1578
   8.0401
   7.9250
   7.8109
   7.6996
   7.5898
   7.4803
   7.3765
   7.2831
   7.1943
   7.1131
   7.0382
   6.9700
   6.9094
   6.8523
   6.8015
   6.7573
   6.7235
   6.6947
   6.6719
   6.6524
   6.6333
   6.6127
   6.5889
   6.5604
   6.5320
   6.5016
   6.4736
   6.4510
   6.4391
   6.4324
   6.4356
   6.4503
   6.4742
   6.5027
   6.5328
   6.5602
   6.5833
   6.5994
   6.6073
   6.6117
   6.6072
   6.5977
   6.5927
   6.5892
   6.5828
   6.5831
   6.5895
   6.5980
   6.6080
   6.6189
   6.6304
   6.6406
   6.6472
   6.6468
   6.6435
   6.6372
   6.6251
   6.6056
   6.5784
   6.5513
   6.5214
   6.4865
   6.4515
   6.4147
   6.3723
   6.3286
   6.2861
   6.2419
   6.1933
   6.1445
   6.0912
   6.0336
   5.9696
   5.8991
   5.8231
   5.7439
   5.6661
   5.5827
   5.4993
   5.4116
   5.3211
   5.2304
   5.1382
   5.0460
   4.9543
   4.8586
   4.7616
   4.6601
   4.5546
   4.4409
   4.3230
   4.1967
   4.0596
   3.9120
   3.7599
   3.6008
   3.4363
   3.2686
   3.0994
   2.9302
   2.7610
   2.5990
   2.4451
   2.2942
   2.1504
   2.0174
   1.8885
   1.7589
   1.6355
   1.5121
   1.3904
   1.2721
   1.1539
   1.0393
   0.9298
   0.8243
   0.7225
   0.6288
   0.5454
   0.4707
   0.4018
   0.3395
   0.2830
   0.2332
   0.1868
   0.1450
   0.1051
   0.0655
   0.0282
  -0.0081
  -0.0436
  -0.0786
  -0.1121
  -0.1439
  -0.1701
  -0.1938
  -0.2159
  -0.2396
  -0.2649
  -0.2948
  -0.3193
  -0.3437
  -0.3711
  -0.4014
  -0.4329
  -0.4656
  -0.4973
  -0.5283
  -0.5602
  -0.5957
  -0.6341
  -0.6717
  -0.7094
  -0.7403
  -0.7637
  -0.7811
  -0.7944
  -0.8037
  -0.8098
  -0.8144
  -0.8161
  -0.8151
  -0.8146
  -0.8161
  -0.8203
  -0.8284
  -0.8446
  -0.8672
  -0.8941
  -0.9311
  -0.9723
  -1.0147
  -1.0575
  -1.1017
  -1.1471
  -1.1946
  -1.2399
  -1.2802
  -1.3127
  -1.3395
  -1.3614
  -1.3828
  -1.4059
  -1.4301
  -1.4587
  -1.4883
  -1.5159
  -1.5432
  -1.5647
  -1.5834
  -1.5400
  -1.4984
  -1.4586
  -1.4247
  -1.3967
  -1.3776
  -1.3612
  -1.3491
  -1.3373
  -1.3225
  -1.3058
  -1.2919
  -1.2748
  -1.2531
  -1.2252
  -1.1944
  -1.1623
  -1.1282
  -1.0953
  -1.0626
  -1.0273
  -0.9891
  -0.9513
  -0.9124
  -0.8737
  -0.8363
  -0.8016
  -0.7641
  -0.7221
  -0.6727
