  -3.6498
  -3.7473
  -3.8401
  -3.9393
  -4.0319
  -4.1229
  -4.2183
  -4.3094
  -4.4018
  -4.4976
  -4.5936
  -4.6865
  -4.7792
  -4.8753
  -4.9734
  -5.0753
  -5.1819
  -5.2939
  -5.4161
  -5.5432
  -5.6673
  -5.7758
  -5.8864
  -5.9941
  -6.1114
  -6.2314
  -6.3559
  -6.4841
  -6.6105
  -6.7369
  -6.8663
  -6.8653
  -6.8709
  -6.8786
  -6.8883
  -6.8980
  -6.9055
  -6.9167
  -6.9304
  -6.9455
  -6.9560
  -6.9764
  -6.9969
  -7.0255
  -7.0577
  -7.0938
  -7.1269
  -7.1660
  -7.2094
  -7.2523
  -7.2934
  -7.3337
  -7.3643
  -7.3853
  -7.3984
  -7.4034
  -7.4020
  -7.3876
  -7.3765
  -7.3589
  -7.3473
  -7.3335
  -7.3280
  -7.3236
  -7.3210
  -7.3107
  -7.3050
  -7.2957
  -7.2859
  -7.2800
  -7.2605
  -7.2367
  -7.2127
  -7.1870
  -7.1516
  -7.1106
  -7.0598
  -7.0052
  -6.9456
  -6.8727
  -6.8000
  -6.7317
  -6.6734
  -6.6168
  -6.5635
  -6.5031
  -6.4418
  -6.3780
  -6.3114
  -6.2397
  -6.1670
  -6.0933
  -6.0263
  -5.9564
  -5.8886
  -5.8189
  -5.7541
  -5.6913
  -5.6279
  -5.5666
  -5.5077
  -5.4488
  -5.3940
  -5.3345
  -5.2684
  -5.2097
  -5.1486
  -5.0858
  -5.0223
  -4.9540
  -4.8871
  -4.8217
  -4.7544
  -4.6908
  -4.6270
  -4.5721
  -4.5254
  -4.4912
  -4.4657
  -4.4424
  -4.4230
  -4.4003
  -4.3824
  -4.3602
  -4.3366
  -4.3122
  -4.3033
  -4.2954
  -4.2889
  -4.2822
  -4.2757
  -4.2788
  -4.2884
  -4.3037
  -4.3257
  -4.3500
  -4.3813
  -4.4216
  -4.4592
  -4.5034
  -4.5528
  -4.5961
  -4.6384
  -4.6852
  -4.7322
  -4.7823
  -4.8320
  -4.8765
  -4.9214
  -4.9634
  -5.0068
  -5.0521
  -5.0986
  -5.1435
  -5.1885
  -5.2340
  -5.2776
  -5.3124
  -5.3427
  -5.3683
  -5.3920
  -5.4075
  -5.4246
  -5.4315
  -5.4402
  -5.4518
  -5.4552
  -5.4537
  -5.4603
  -5.4633
  -5.4656
  -5.4700
  -5.4768
  -5.4898
  -5.4941
  -5.5135
  -5.5356
  -5.5601
  -5.5777
  -5.5995
  -5.6207
  -5.6443
  -5.6681
  -5.6866
  -5.7034
  -5.7239
  -5.7470
  -5.7824
  -5.8251
  -5.8685
  -5.9170
  -5.9579
  -6.0010
  -6.0435
  -6.0881
  -6.1277
  -6.1709
  -6.2111
  -6.2458
  -6.2819
  -6.3116
  -6.3446
  -6.3813
  -6.4224
  -6.4612
  -6.5027
  -6.5386
  -6.5713
  -6.6089
  -6.6442
  -6.6818
  -6.7134
  -6.7454
  -6.7730
  -6.7975
  -6.8205
  -6.8444
  -6.8666
  -6.8892
  -6.9121
  -6.9360
  -6.9646
  -6.9980
  -7.0348
  -7.0730
  -7.1121
  -7.1466
  -7.1827
  -7.2185
  -7.2447
  -7.2708
  -7.2962
  -7.3177
  -7.3363
  -7.3525
  -7.3842
  -7.4070
  -7.4280
  -7.4451
  -7.4602
  -7.4697
  -7.4780
  -7.4847
  -7.4851
  -7.4872
  -7.4884
  -7.4838
  -7.4750
  -7.4527
  -7.4219
  -7.3895
  -7.3542
  -7.3297
  -7.3035
  -7.2792
  -7.2541
  -7.2358
  -7.2207
  -7.2128
  -7.2104
  -7.2136
  -7.2180
  -7.2234
  -7.2259
  -7.2284
  -7.2316
  -7.2371
  -7.2440
  -7.2507
  -7.2530
  -7.2573
  -7.2621
  -7.2726
  -7.2845
  -7.3003
  -7.3126
  -7.3247
  -7.3298
  -7.3345
  -7.3457
  -7.3546
  -7.3650
  -7.3739
  -7.3832
  -7.3886
  -7.3957
  -7.4019
  -7.4165
  -7.4281
  -7.4491
  -7.4777
  -7.5113
  -7.5488
  -7.5916
  -7.6356
  -7.6791
  -7.7182
  -7.7531
  -7.7846
  -7.8169
  -7.8546
  -7.8928
  -7.9318
  -7.9717
  -8.0194
  -8.0726
  -8.1319
  -8.1950
  -8.2658
  -8.3409
  -8.4151
  -8.4873
  -8.5656
  -8.6388
  -8.7071
  -8.7735
  -8.8407
  -8.9056
  -8.9649
  -9.0204
  -9.0718
  -9.1165
  -9.1623
  -9.2059
  -9.2522
  -9.2945
  -9.3378
  -9.3713
  -9.4048
  -9.4388
  -9.4704
  -9.5024
  -9.5355
  -9.5736
  -9.6117
  -9.6482
  -9.6881
  -9.7328
  -9.7866
  -9.8442
  -9.8994
  -9.9570
 -10.0131
 -10.0675
 -10.1198
 -10.1743
 -10.2296
 -10.2895
 -10.3455
 -10.4048
 -10.4606
 -10.5094
 -10.5565
 -10.6034
 -10.6462
 -10.6897
 -10.7323
 -10.7692
 -10.8078
 -10.8480
 -10.8869
 -10.9199
 -10.9549
 -10.9859
 -11.0133
 -11.0355
 -11.0559
 -11.0745
 -11.0923
 -11.1068
 -11.1165
 -11.1247
 -11.1361
 -11.1419
 -11.1448
 -11.1485
 -11.1509
 -11.1486
 -11.1442
 -11.1414
 -11.1355
 -11.1272
 -11.1181
 -11.1058
 -11.0943
 -11.0754
 -11.0565
 -11.0351
 -11.0163
 -10.9985
 -10.9819
 -10.9682
 -10.9553
 -10.9410
 -10.9191
 -10.8951
 -10.8694
 -10.8437
 -10.8132
 -10.7770
 -10.7377
 -10.6976
 -10.6541
 -10.6074
 -10.5549
 -10.5009
 -10.4436
 -10.3853
 -10.3230
 -10.2598
 -10.1959
 -10.1271
 -10.0660
  -9.9999
  -9.9354
  -9.8677
  -9.7976
  -9.7308
  -9.6621
  -9.5992
  -9.5329
  -9.4640
  -9.4034
  -9.3425
  -9.2873
  -9.2310
  -9.1777
  -9.1194
  -9.0536
  -8.9894
  -8.9248
  -8.8580
  -8.7911
  -8.7227
  -8.6532
  -8.5868
  -8.5211
  -8.4536
  -8.3827
  -8.3133
  -8.2400
  -8.1693
  -8.0972
  -8.0277
  -7.9616
  -7.8923
  -7.8281
  -7.7630
  -7.6978
  -7.6340
  -7.5718
  -7.5096
  -7.4472
  -7.3830
  -7.3170
  -7.2533
  -7.1870
  -7.1214
  -7.0565
  -6.9924
  -6.9298
  -6.8679
  -6.8068
  -6.7457
  -6.6838
  -6.6301
  -6.5723
  -6.5212
  -6.4655
  -6.4106
  -6.3523
  -6.2915
  -6.2332
  -6.1663
  -6.1027
  -6.0358
  -5.9706
  -5.9104
  -5.8444
  -5.7834
  -5.7158
  -5.6556
  -5.5978
  -5.5408
  -5.4837
  -5.4251
  -5.3682
  -5.3106
  -5.2570
  -5.2066
  -5.1562
  -5.1084
  -5.0651
  -5.0266
  -4.9937
  -4.9658
  -4.9396
  -4.9135
  -4.8897
  -4.8620
  -4.8357
  -4.8133
  -4.7929
  -4.7724
  -4.7573
  -4.7403
  -4.7246
  -4.7080
  -4.6945
  -4.6786
  -4.6568
  -4.6275
  -4.5957
  -4.5614
  -4.5295
  -4.5001
  -4.4699
  -4.4365
  -4.3931
  -4.3506
  -4.3120
  -4.2736
  -4.2352
  -4.1984
  -4.1689
  -4.1426
  -4.1177
  -4.0987
  -4.0774
  -4.0567
  -4.0360
  -4.0169
  -3.9985
  -3.9745
  -3.9496
  -3.9190
  -3.8868
  -3.8521
  -3.8124
  -3.7742
  -3.7345
  -3.6962
  -3.6555
  -3.6123
  -3.5633
  -3.5136
  -3.4679
  -3.4207
  -3.3719
  -3.3216
  -3.2722
  -3.2253
  -3.1704
  -3.1163
  -3.0598
  -3.0001
  -2.9402
  -2.8794
  -2.8192
  -2.7606
  -2.7108
  -2.6578
  -2.6040
  -2.5517
  -2.5043
  -2.4503
  -2.3963
  -2.3406
  -2.2874
  -2.2368
  -2.1912
  -2.1538
  -2.1239
  -2.0923
  -2.0600
  -2.0277
  -1.9933
  -1.9608
  -1.9333
  -1.9173
  -1.8978
  -1.8777
  -1.8542
  -1.8355
  -1.8152
  -1.7940
  -1.7777
  -1.7613
  -1.7481
  -1.7341
  -1.7225
  -1.7124
  -1.7016
  -1.6932
  -1.6906
  -1.6928
  -1.6982
  -1.7045
  -1.7156
  -1.7308
  -1.7452
  -1.7636
  -1.7820
  -1.7971
  -1.8170
  -1.8395
  -1.8628
  -1.8786
  -1.8978
  -1.9129
  -1.9272
  -1.9350
  -1.9395
  -1.9448
  -1.9420
  -1.9350
  -1.9263
  -1.9161
  -1.9027
  -1.8885
  -1.8670
  -1.8422
  -1.8142
  -1.7854
  -1.7492
  -1.7115
  -1.6712
  -1.6286
  -1.5860
  -1.5416
  -1.4939
  -1.4454
  -1.3961
  -1.3443
  -1.2966
  -1.2514
  -1.2070
  -1.1613
  -1.1136
  -1.0626
  -1.0091
  -0.9532
  -0.8957
  -0.8390
  -0.7799
  -0.7183
  -0.6517
  -0.5794
  -0.5039
  -0.4300
  -0.3552
  -0.2780
  -0.1982
  -0.1233
  -0.0510
   0.0189
   0.0880
   0.1554
   0.2162
   0.2828
   0.3535
   0.4192
   0.4915
   0.5639
   0.6296
   0.6903
   0.7576
   0.8258
   0.8965
   0.9705
   1.0396
   1.1013
   1.1598
   1.2248
   1.2832
   1.3409
   1.4011
   1.4670
   1.5402
   1.6135
   1.6835
   1.7494
   1.8055
   1.8664
   1.9209
   1.9745
   2.0257
   2.0736
   2.1191
   2.1687
   2.2199
   2.2743
   2.3296
   2.3857
   2.4426
   2.4962
   2.5474
   2.6010
   2.6497
   2.6976
   2.7405
   2.7826
   2.8223
   2.8596
   2.8944
   2.9292
   2.9566
   2.9849
   3.0066
   3.0283
   3.0550
   3.0775
   3.0968
   3.1094
   3.1246
   3.1406
   3.1583
   3.1710
   3.1781
   3.1860
   3.1898
   3.1903
   3.1868
   3.1800
   3.1724
   3.1715
   3.1697
   3.1598
   3.1442
   3.1260
   3.1030
   3.0808
   3.0653
   3.0375
   3.0039
   2.9712
   2.9246
   2.8690
   2.8109
   2.7496
   2.6777
   2.6107
   2.5299
   2.4598
   2.3816
   2.3124
   2.2440
   2.1862
   2.1350
   2.0845
   2.0291
   1.9737
   1.9158
   1.8596
   1.8000
   1.7446
   1.6965
   1.6509
   1.6101
   1.5800
   1.5491
   1.5183
   1.4842
   1.4533
   1.4209
   1.3860
   1.3552
   1.3310
   1.3002
   1.2712
   1.2331
   1.1959
   1.1643
   1.1361
   1.1152
   1.0985
   1.0939
   1.0917
   1.1001
   1.1234
   1.1498
   1.1877
   1.2321
   1.2789
   1.3307
   1.3881
   1.4471
   1.5184
   1.5928
   1.6763
   1.7557
   1.8367
   1.9160
   1.9961
   2.0901
   2.1702
   2.2543
   2.3467
   2.4397
   2.5287
   2.6144
   2.7098
   2.8134
   2.9291
   3.0341
   3.1423
   3.2424
   3.3342
   3.4129
   3.4867
   3.5483
   3.6050
   3.6664
   3.7302
   3.7954
   3.8631
   3.9218
   3.9749
   4.0191
   4.0528
   4.0808
   4.1113
   4.1392
   4.1728
   4.2039
   4.2489
   4.3101
   4.3738
   4.4318
   4.4849
   4.5318
   4.5779
   4.6175
   4.6498
   4.6765
   4.6991
   4.7119
   4.7173
   4.7129
   4.7020
   4.6805
   4.6632
   4.6328
   4.5993
   4.5725
   4.5375
   4.5026
   4.4696
   4.4333
   4.3948
   4.3554
   4.3211
   4.2900
   4.2639
   4.2373
   4.2065
   4.1846
   4.1695
   4.1569
   4.1542
   4.1540
   4.1589
   4.1614
   4.1608
   4.1610
   4.1704
   4.1764
   4.1842
   4.1979
   4.2124
   4.2253
   4.2463
   4.2757
   4.3045
   4.3368
   4.3669
   4.4035
   4.4418
   4.4850
   4.5429
   4.6056
   4.6684
   4.7311
   4.8021
   4.8715
   4.9368
   4.9948
   5.0440
   5.0883
   5.1359
   5.1890
   5.2435
   5.3093
   5.3798
   5.4536
   5.5321
   5.6114
   5.6940
   5.7775
   5.8724
   5.9704
   6.0701
   6.1714
   6.2776
   6.3828
   6.4830
   6.5915
   6.6956
   6.7996
   6.9019
   7.0057
   7.1113
   7.2175
   7.3229
   7.4316
   7.5408
   7.6526
   7.7726
   7.8834
   7.9983
   8.1067
   8.2183
   8.3305
   8.4412
   8.5484
   8.6639
   8.7785
   8.8932
   9.0109
   9.1327
   9.2603
   9.3888
   9.5198
   9.6525
   9.7817
   9.9084
  10.0319
  10.1489
  10.2732
  10.3941
  10.5076
  10.6254
  10.7430
  10.8542
  10.9614
  11.0695
  11.1799
  11.2904
  11.4015
  11.5142
  11.6310
  11.7470
  11.8680
  11.9844
  12.1185
  12.2519
  12.3789
  12.5181
  12.6571
  12.7985
  12.9398
  13.0795
  13.2207
  13.3585
  13.4922
  13.6307
  13.7732
  13.9107
  14.0480
  14.1804
  14.3185
  14.4540
  14.5797
  14.7020
  14.8210
  14.9359
  15.0506
  15.1652
  15.2756
  15.3844
  15.4905
  15.5925
  15.6951
  15.7881
  15.8833
  15.9760
  16.0596
  16.1448
  16.2276
  16.3113
  16.3898
  16.4626
  16.5337
  16.6040
  16.6650
  16.7246
  16.7832
  16.8442
  16.9043
  16.9626
  17.0257
  17.0911
  17.1572
  17.2247
  17.2986
  17.3772
  17.4541
  17.5328
  17.6064
  17.6782
  17.7467
  17.8143
  17.8801
  17.9508
  18.0237
  18.0814
  18.1447
  18.2120
  18.2737
  18.3403
  18.4043
  18.4699
  18.5410
  18.6186
  18.7001
  18.7840
  18.8669
  18.9474
  19.0274
  19.1046
  19.1811
  19.2529
  19.3213
  19.3897
  19.4557
  19.5139
  19.5657
  19.6132
  19.6513
  19.6846
  19.7173
  19.7518
  19.7864
  19.8130
  19.8371
  19.8629
  19.8913
  19.9211
  19.9493
  19.9807
  20.0119
  20.0471
  20.0831
  20.1239
  20.1701
  20.2230
  20.2736
  20.3226
  20.3724
  20.4182
  20.4634
  20.5010
  20.5305
  20.5567
  20.5658
  20.5709
  20.5663
  20.5584
  20.5490
  20.5436
  20.5361
  20.5254
  20.5124
  20.4968
  20.4778
  20.4552
  20.4318
  20.4069
  20.3818
  20.3607
  20.3369
  20.3118
  20.2805
  20.2424
  20.1982
  20.1417
  20.0780
  20.0044
  19.9227
  19.8347
  19.7414
  19.6443
  19.5490
  19.4555
  19.3619
  19.2635
  19.1804
  19.0961
  19.0092
  18.9285
  18.8474
  18.7614
  18.6629
  18.5642
  18.4679
  18.3747
  18.2785
  18.1751
  18.0787
  17.9748
  17.8653
  17.7513
  17.6314
  17.5152
  17.3917
  17.2633
  17.1335
  16.9961
  16.8495
  16.7021
  16.5578
  16.4162
  16.2712
  16.1328
  15.9894
  15.8575
  15.7284
  15.5988
  15.4703
  15.3360
  15.1977
  15.0535
  14.9088
  14.7603
  14.6139
  14.4708
  14.3309
  14.1943
  14.0519
  13.9131
  13.7677
  13.6287
  13.4905
  13.3560
  13.2238
  13.0888
  12.9531
  12.8180
  12.6769
  12.5472
  12.4128
  12.2865
  12.1672
  12.0382
  11.9089
  11.7892
  11.6732
  11.5489
  11.4257
  11.3130
  11.1967
  11.0855
  10.9816
  10.8889
  10.7962
  10.7040
  10.6082
  10.5109
  10.4125
  10.3046
  10.1958
  10.0908
   9.9829
   9.8694
   9.7496
   9.6341
   9.5112
   9.3871
   9.2708
   9.1613
   9.0443
   8.9281
   8.8095
   8.7004
   8.5944
   8.4884
   8.3911
   8.2941
   8.2073
   8.1196
   8.0355
   7.9481
   7.8638
   7.7805
   7.7065
   7.6412
   7.5759
   7.5083
   7.4381
   7.3686
   7.2953
   7.2225
   7.1377
   7.0512
   6.9620
   6.8681
   6.7689
   6.6764
   6.5820
   6.4907
   6.3872
   6.2951
   6.2078
   6.1126
   6.0155
   5.9173
   5.8094
   5.7020
   5.6017
   5.5240
   5.4404
   5.3526
   5.2685
   5.1959
   5.1201
   5.0049
   4.9039
   4.8080
   4.7147
   4.6235
   4.5365
   4.4489
   4.3605
   4.2813
   4.2052
   4.1323
   4.0624
   3.9915
   3.9216
   3.8483
   3.7741
   3.7064
   3.6371
   3.5627
   3.4825
   3.4042
   3.3271
   3.2472
   3.1635
   3.0713
   2.9799
   2.8859
   2.7948
   2.7109
   2.6281
   2.5402
   2.4467
   2.3425
   2.2398
   2.1268
   2.0171
   1.9027
   1.7813
   1.6683
   1.5580
   1.4543
   1.3528
   1.2603
   1.1669
   1.0853
   0.9986
   0.9198
   0.8383
   0.7498
   0.6608
   0.5790
   0.5040
   0.4371
   0.3755
   0.3068
   0.2218
   0.1285
   0.0442
  -0.0390
  -0.1321
  -0.2249
  -0.2722
  -0.3314
  -0.3870
  -0.4382
  -0.4859
  -0.5397
  -0.5917
  -0.6449
  -0.7019
  -0.7524
  -0.8080
  -0.8598
  -0.9043
  -0.9566
  -1.0094
  -1.0691
  -1.1340
  -1.1988
  -1.2584
  -1.3218
  -1.3882
  -1.4552
  -1.5223
  -1.5878
  -1.6512
  -1.7086
  -1.7613
  -1.8089
  -1.8620
  -1.9084
  -1.9526
  -1.9909
  -2.0157
  -2.0420
  -2.0596
  -2.0750
  -2.0868
  -2.0917
  -2.0974
  -2.1047
  -2.1130
  -2.1224
  -2.1393
  -2.1536
  -2.1732
  -2.1827
  -2.1964
  -2.2030
  -2.2092
  -2.2141
  -2.2154
  -2.2130
  -2.2155
  -2.2204
  -2.2236
  -2.2236
  -2.2107
  -2.2009
  -2.1943
  -2.1847
  -2.1745
  -2.1656
  -2.1582
  -2.1493
  -2.1435
  -2.1388
  -2.1289
  -2.1154
  -2.1018
  -2.0921
  -2.0841
  -2.0687
  -2.0590
  -2.0494
  -2.0318
  -2.0078
  -1.9721
  -1.9269
  -1.8829
  -1.8386
  -1.7897
  -1.7468
  -1.6989
  -1.6521
  -1.6018
  -1.5522
  -1.5065
  -1.4594
  -1.4082
  -1.3562
  -1.3103
  -1.2746
  -1.2399
  -1.2161
  -1.1839
  -1.1557
  -1.1218
  -1.0884
  -1.0549
  -1.0218
  -0.9912
  -0.9640
  -0.9356
  -0.9047
  -0.8727
  -0.8378
  -0.8010
  -0.7561
  -0.7165
  -0.6762
  -0.6279
  -0.5772
  -0.5327
  -0.4854
  -0.4414
  -0.3933
  -0.3517
  -0.3120
  -0.2747
  -0.2353
  -0.1985
  -0.1665
  -0.1362
  -0.1052
  -0.2460
  -0.3819
  -0.5125
  -0.6447
  -0.7741
  -0.9020
  -1.0241
  -1.1407
  -1.2576
  -1.3773
  -1.4911
  -1.6082
  -1.7239
  -1.8400
  -1.9596
  -2.0775
  -2.1953
  -2.3123
  -2.4246
  -2.5393
  -2.6572
  -2.7832
  -2.9126
  -3.0436
  -3.1781
  -3.3164
  -3.4592
  -3.5981
  -3.7324
  -3.8708
