  -3.9062
  -3.7511
  -3.6010
  -3.4472
  -3.2962
  -3.1407
  -2.9794
  -2.8214
  -2.6621
  -2.4968
  -2.3290
  -2.1684
  -2.0111
  -1.8553
  -1.6997
  -1.5462
  -1.3936
  -1.2383
  -1.0814
  -0.9266
  -0.7804
  -0.6337
  -0.4859
  -0.3393
  -0.1888
  -0.0495
   0.0920
   0.2250
   0.3642
   0.5115
   0.6530
   0.7049
   0.7560
   0.8103
   0.8704
   0.9410
   1.0132
   1.0936
   1.1765
   1.2611
   1.3474
   1.4292
   1.5169
   1.5993
   1.6745
   1.7446
   1.8046
   1.8632
   1.9116
   1.9525
   1.9890
   2.0166
   2.0340
   2.0452
   2.0444
   2.0458
   2.0408
   2.0483
   2.0515
   2.0501
   2.0422
   2.0352
   2.0284
   2.0167
   2.0025
   1.9869
   1.9678
   1.9514
   1.9332
   1.9136
   1.8906
   1.8732
   1.8641
   1.8524
   1.8425
   1.8294
   1.8165
   1.8086
   1.7951
   1.7864
   1.7720
   1.7559
   1.7437
   1.7250
   1.7054
   1.6812
   1.6609
   1.6450
   1.6279
   1.6055
   1.5753
   1.5464
   1.5138
   1.4781
   1.4334
   1.3839
   1.3228
   1.2549
   1.1744
   1.0891
   0.9974
   0.8989
   0.8086
   0.7127
   0.6225
   0.5326
   0.4481
   0.3663
   0.2848
   0.2082
   0.1415
   0.0842
   0.0399
   0.0103
  -0.0148
  -0.0407
  -0.0627
  -0.0747
  -0.0801
  -0.0773
  -0.0694
  -0.0612
  -0.0485
  -0.0406
  -0.0421
  -0.0482
  -0.0539
  -0.0588
  -0.0692
  -0.0821
  -0.1076
  -0.1317
  -0.1652
  -0.2105
  -0.2656
  -0.3252
  -0.3813
  -0.4446
  -0.5123
  -0.5745
  -0.6462
  -0.7117
  -0.7719
  -0.8424
  -0.9059
  -0.9727
  -1.0345
  -1.0943
  -1.1600
  -1.2217
  -1.2833
  -1.3414
  -1.4052
  -1.4648
  -1.5278
  -1.5888
  -1.6485
  -1.6985
  -1.7467
  -1.7866
  -1.8228
  -1.8583
  -1.8867
  -1.9164
  -1.9429
  -1.9691
  -1.9956
  -2.0260
  -2.0550
  -2.0835
  -2.1144
  -2.1496
  -2.1957
  -2.2459
  -2.3053
  -2.3665
  -2.4280
  -2.4901
  -2.5605
  -2.6364
  -2.7126
  -2.8006
  -2.8884
  -2.9800
  -3.0633
  -3.1363
  -3.2026
  -3.2661
  -3.3295
  -3.3898
  -3.4438
  -3.4868
  -3.5324
  -3.5724
  -3.6117
  -3.6359
  -3.6626
  -3.6853
  -3.7045
  -3.7266
  -3.7536
  -3.7751
  -3.7976
  -3.8251
  -3.8511
  -3.8802
  -3.9078
  -3.9398
  -3.9742
  -4.0054
  -4.0386
  -4.0712
  -4.1013
  -4.1217
  -4.1502
  -4.1725
  -4.1941
  -4.2141
  -4.2338
  -4.2554
  -4.2774
  -4.3057
  -4.3262
  -4.3494
  -4.3770
  -4.4132
  -4.4447
  -4.4732
  -4.5046
  -4.5358
  -4.5704
  -4.6083
  -4.6480
  -4.6862
  -4.7266
  -4.7636
  -4.7994
  -4.8352
  -4.8689
  -4.8988
  -4.9314
  -4.9692
  -5.0079
  -5.0445
  -5.0765
  -5.1126
  -5.1462
  -5.1786
  -5.2150
  -5.2551
  -5.2932
  -5.3312
  -5.3714
  -5.4118
  -5.4477
  -5.4817
  -5.5055
  -5.5269
  -5.5445
  -5.5621
  -5.5753
  -5.5876
  -5.6071
  -5.6255
  -5.6452
  -5.6578
  -5.6709
  -5.6854
  -5.6919
  -5.7010
  -5.7046
  -5.6956
  -5.6847
  -5.6760
  -5.6693
  -5.6521
  -5.6346
  -5.6160
  -5.6041
  -5.5928
  -5.5804
  -5.5744
  -5.5615
  -5.5508
  -5.5363
  -5.5244
  -5.5068
  -5.4938
  -5.4846
  -5.4726
  -5.4594
  -5.4436
  -5.4288
  -5.4126
  -5.4011
  -5.3860
  -5.3777
  -5.3699
  -5.3622
  -5.3604
  -5.3593
  -5.3607
  -5.3575
  -5.3521
  -5.3442
  -5.3434
  -5.3322
  -5.3255
  -5.3186
  -5.3172
  -5.3073
  -5.2931
  -5.2736
  -5.2620
  -5.2469
  -5.2289
  -5.2084
  -5.1965
  -5.1820
  -5.1731
  -5.1607
  -5.1479
  -5.1286
  -5.0983
  -5.0699
  -5.0311
  -4.9946
  -4.9602
  -4.9196
  -4.8830
  -4.8474
  -4.8126
  -4.7893
  -4.7638
  -4.7402
  -4.7112
  -4.6947
  -4.6802
  -4.6662
  -4.6464
  -4.6266
  -4.6092
  -4.5873
  -4.5678
  -4.5488
  -4.5307
  -4.5122
  -4.4894
  -4.4689
  -4.4480
  -4.4275
  -4.4032
  -4.3790
  -4.3498
  -4.3202
  -4.2846
  -4.2518
  -4.2141
  -4.1762
  -4.1316
  -4.0870
  -4.0415
  -3.9944
  -3.9456
  -3.8925
  -3.8454
  -3.7861
  -3.7339
  -3.6797
  -3.6182
  -3.5497
  -3.4850
  -3.4264
  -3.3764
  -3.3151
  -3.2565
  -3.2040
  -3.1476
  -3.0928
  -3.0352
  -2.9745
  -2.9138
  -2.8473
  -2.7908
  -2.7295
  -2.6690
  -2.6080
  -2.5435
  -2.4775
  -2.4164
  -2.3558
  -2.2894
  -2.2274
  -2.1594
  -2.0960
  -2.0295
  -1.9668
  -1.9022
  -1.8349
  -1.7666
  -1.7040
  -1.6426
  -1.5803
  -1.5207
  -1.4603
  -1.4021
  -1.3470
  -1.2893
  -1.2379
  -1.1842
  -1.1340
  -1.0829
  -1.0383
  -0.9944
  -0.9522
  -0.9092
  -0.8693
  -0.8263
  -0.7853
  -0.7439
  -0.7067
  -0.6648
  -0.6248
  -0.5850
  -0.5489
  -0.5131
  -0.4805
  -0.4534
  -0.4288
  -0.3989
  -0.3765
  -0.3534
  -0.3297
  -0.3078
  -0.2820
  -0.2589
  -0.2385
  -0.2228
  -0.2115
  -0.2037
  -0.1964
  -0.1921
  -0.1884
  -0.1886
  -0.1844
  -0.1895
  -0.1900
  -0.1949
  -0.2047
  -0.2161
  -0.2276
  -0.2385
  -0.2516
  -0.2649
  -0.2805
  -0.2974
  -0.3128
  -0.3287
  -0.3436
  -0.3595
  -0.3787
  -0.3932
  -0.4081
  -0.4243
  -0.4399
  -0.4567
  -0.4740
  -0.4876
  -0.5027
  -0.5165
  -0.5298
  -0.5396
  -0.5486
  -0.5570
  -0.5661
  -0.5758
  -0.5858
  -0.5963
  -0.6088
  -0.6233
  -0.6400
  -0.6619
  -0.6845
  -0.7072
  -0.7288
  -0.7512
  -0.7747
  -0.7929
  -0.8085
  -0.8211
  -0.8348
  -0.8478
  -0.8602
  -0.8737
  -0.8852
  -0.8969
  -0.9118
  -0.9245
  -0.9345
  -0.9442
  -0.9560
  -0.9721
  -0.9895
  -1.0088
  -1.0311
  -1.0544
  -1.0741
  -1.0939
  -1.1101
  -1.1207
  -1.1297
  -1.1366
  -1.1430
  -1.1487
  -1.1544
  -1.1649
  -1.1762
  -1.1917
  -1.2120
  -1.2296
  -1.2496
  -1.2672
  -1.2809
  -1.2950
  -1.3063
  -1.3137
  -1.3196
  -1.3246
  -1.3325
  -1.3363
  -1.3413
  -1.3464
  -1.3512
  -1.3523
  -1.3514
  -1.3490
  -1.3437
  -1.3401
  -1.3341
  -1.3228
  -1.3070
  -1.2912
  -1.2731
  -1.2545
  -1.2352
  -1.2164
  -1.1959
  -1.1764
  -1.1594
  -1.1434
  -1.1302
  -1.1195
  -1.1124
  -1.1048
  -1.0958
  -1.0871
  -1.0786
  -1.0694
  -1.0586
  -1.0473
  -1.0355
  -1.0184
  -1.0011
  -0.9844
  -0.9659
  -0.9516
  -0.9356
  -0.9263
  -0.9169
  -0.9140
  -0.9126
  -0.9107
  -0.9133
  -0.9142
  -0.9128
  -0.9100
  -0.8989
  -0.8870
  -0.8727
  -0.8572
  -0.8329
  -0.8160
  -0.7867
  -0.7640
  -0.7384
  -0.7146
  -0.6935
  -0.6717
  -0.6483
  -0.6214
  -0.5956
  -0.5705
  -0.5431
  -0.5139
  -0.4890
  -0.4650
  -0.4396
  -0.4133
  -0.3818
  -0.3521
  -0.3237
  -0.2938
  -0.2690
  -0.2357
  -0.2073
  -0.1777
  -0.1455
  -0.1195
  -0.0900
  -0.0593
  -0.0316
  -0.0012
   0.0291
   0.0598
   0.0937
   0.1240
   0.1567
   0.1890
   0.2262
   0.2613
   0.2988
   0.3346
   0.3685
   0.4096
   0.4560
   0.4960
   0.5415
   0.5830
   0.6289
   0.6725
   0.7211
   0.7698
   0.8190
   0.8699
   0.9169
   0.9595
   0.9996
   1.0335
   1.0712
   1.1066
   1.1461
   1.1741
   1.2119
   1.2419
   1.2744
   1.3108
   1.3455
   1.3816
   1.4170
   1.4475
   1.4711
   1.4955
   1.5243
   1.5461
   1.5685
   1.5889
   1.6123
   1.6349
   1.6484
   1.6651
   1.6756
   1.6908
   1.7008
   1.7199
   1.7307
   1.7485
   1.7697
   1.7869
   1.8122
   1.8375
   1.8684
   1.9009
   1.9354
   1.9705
   2.0075
   2.0398
   2.0730
   2.1086
   2.1431
   2.1805
   2.2196
   2.2558
   2.2946
   2.3342
   2.3664
   2.3905
   2.4192
   2.4473
   2.4776
   2.5117
   2.5450
   2.5783
   2.6094
   2.6448
   2.6883
   2.7354
   2.7946
   2.8546
   2.9142
   2.9703
   3.0169
   3.0593
   3.1009
   3.1472
   3.1993
   3.2481
   3.2944
   3.3461
   3.4015
   3.4613
   3.5333
   3.6140
   3.6930
   3.7703
   3.8501
   3.9259
   4.0010
   4.0716
   4.1403
   4.2129
   4.2785
   4.3477
   4.4126
   4.4789
   4.5455
   4.6152
   4.6868
   4.7577
   4.8317
   4.9092
   4.9812
   5.0509
   5.1256
   5.1958
   5.2711
   5.3472
   5.4307
   5.5198
   5.6108
   5.7016
   5.7886
   5.8802
   5.9728
   6.0685
   6.1643
   6.2686
   6.3772
   6.4920
   6.6061
   6.7286
   6.8466
   6.9737
   7.0973
   7.2257
   7.3417
   7.4508
   7.5606
   7.6590
   7.7584
   7.8662
   7.9703
   8.0889
   8.2080
   8.3314
   8.4488
   8.5614
   8.6775
   8.7941
   8.9072
   9.0214
   9.1293
   9.2338
   9.3401
   9.4460
   9.5560
   9.6661
   9.7761
   9.8936
  10.0146
  10.1362
  10.2610
  10.3904
  10.5258
  10.6577
  10.7867
  10.9131
  11.0392
  11.1612
  11.2790
  11.3992
  11.5154
  11.6404
  11.7584
  11.8723
  11.9832
  12.0980
  12.2143
  12.3262
  12.4429
  12.5558
  12.6822
  12.8034
  12.9185
  13.0303
  13.1420
  13.2535
  13.3593
  13.4656
  13.5676
  13.6691
  13.7667
  13.8653
  13.9512
  14.0375
  14.1191
  14.2056
  14.2940
  14.3805
  14.4653
  14.5494
  14.6253
  14.7044
  14.7789
  14.8548
  14.9247
  14.9996
  15.0664
  15.1342
  15.1931
  15.2556
  15.3072
  15.3577
  15.4023
  15.4343
  15.4615
  15.4749
  15.4941
  15.5119
  15.5295
  15.5420
  15.5589
  15.5706
  15.5768
  15.5779
  15.5716
  15.5706
  15.5610
  15.5530
  15.5453
  15.5385
  15.5292
  15.5185
  15.5009
  15.4849
  15.4669
  15.4477
  15.4154
  15.3810
  15.3373
  15.2868
  15.2365
  15.1695
  15.1067
  15.0410
  14.9717
  14.8939
  14.8114
  14.7193
  14.6219
  14.5248
  14.4227
  14.3154
  14.2106
  14.1093
  14.0046
  13.9010
  13.7973
  13.6930
  13.5949
  13.4924
  13.3940
  13.2972
  13.2014
  13.1040
  13.0104
  12.9182
  12.8233
  12.7319
  12.6406
  12.5566
  12.4717
  12.3906
  12.3115
  12.2371
  12.1685
  12.1053
  12.0554
  12.0042
  11.9544
  11.8985
  11.8439
  11.7798
  11.7206
  11.6590
  11.6003
  11.5539
  11.5000
  11.4586
  11.4156
  11.3746
  11.3237
  11.2706
  11.2173
  11.1672
  11.1233
  11.0793
  11.0416
  11.0128
  10.9868
  10.9669
  10.9550
  10.9394
  10.9272
  10.9184
  10.9152
  10.9192
  10.9293
  10.9464
  10.9656
  10.9885
  11.0077
  11.0302
  11.0540
  11.0673
  11.0839
  11.1011
  11.1153
  11.1277
  11.1394
  11.1402
  11.1475
  11.1523
  11.1582
  11.1594
  11.1607
  11.1533
  11.1468
  11.1467
  11.1423
  11.1429
  11.1401
  11.1363
  11.1307
  11.1263
  11.1240
  11.1130
  11.0977
  11.0765
  11.0517
  11.0268
  11.0039
  10.9826
  10.9634
  10.9441
  10.9320
  10.9180
  10.9019
  10.8864
  10.8769
  10.8634
  10.8522
  10.8475
  10.8439
  10.8416
  10.8334
  10.8214
  10.8084
  10.7891
  10.7659
  10.7364
  10.7116
  10.6784
  10.6447
  10.6113
  10.5758
  10.5388
  10.5058
  10.4696
  10.4271
  10.3939
  10.3605
  10.3217
  10.2717
  10.2083
  10.1572
  10.0994
  10.0459
   9.9832
   9.9225
   9.8544
   9.7844
   9.7137
   9.6392
   9.5693
   9.5090
   9.4538
   9.4039
   9.3557
   9.2956
   9.2411
   9.1760
   9.1088
   9.0422
   8.9788
   8.9134
   8.8379
   8.7667
   8.6974
   8.6335
   8.5723
   8.5175
   8.4605
   8.4028
   8.3537
   8.3083
   8.2634
   8.2265
   8.1798
   8.1350
   8.0758
   8.0194
   7.9516
   7.8787
   7.8043
   7.7320
   7.6652
   7.6140
   7.5719
   7.5360
   7.4953
   7.4429
   7.3799
   7.3023
   7.2232
   7.1393
   7.0547
   6.9689
   6.8821
   6.7958
   6.7136
   6.6307
   6.5459
   6.4656
   6.3996
   6.3580
   6.3181
   6.2803
   6.2392
   6.2023
   6.1666
   6.1302
   6.0987
   6.0719
   6.0527
   6.0285
   6.0013
   5.9740
   5.9469
   5.9210
   5.9049
   5.8845
   5.8657
   5.8438
   5.8214
   5.7997
   5.7811
   5.7708
   5.7637
   5.7542
   5.7453
   5.7205
   5.6915
   5.6572
   5.6281
   5.5898
   5.5453
   5.4956
   5.4366
   5.3863
   5.3264
   5.2656
   5.2033
   5.1412
   5.0841
   5.0298
   4.9684
   4.9067
   4.8269
   4.7313
   4.6391
   4.5538
   4.4887
   4.4320
   4.3832
   4.3332
   4.2825
   4.2331
   4.1802
   4.1178
   4.0505
   3.9812
   3.9105
   3.8333
   3.7588
   3.6823
   3.5945
   3.4935
   3.3920
   3.2937
   3.1970
   3.1031
   3.0100
   2.9189
   2.8266
   2.7249
   2.6296
   2.5328
   2.4313
   2.3189
   2.2036
   2.0743
   1.9480
   1.8206
   1.6952
   1.5752
   1.4531
   1.3328
   1.2061
   1.0833
   0.9673
   0.8472
   0.7445
   0.6429
   0.5424
   0.4362
   0.3268
   0.2176
   0.1028
  -0.0125
  -0.1329
  -0.2454
  -0.3537
  -0.4604
  -0.5627
  -0.6620
  -0.7623
  -0.8576
  -0.9646
  -1.0696
  -1.1765
  -1.2836
  -1.4049
  -1.5378
  -1.6741
  -1.8064
  -1.9419
  -2.0698
  -2.1938
  -2.3146
  -2.4334
  -2.5448
  -2.6592
  -2.7790
  -2.8900
  -3.0016
  -3.1182
  -3.2360
  -3.3468
  -3.4611
  -3.5791
  -3.6883
  -3.8003
  -3.9006
  -3.9954
  -4.0953
  -4.1904
  -4.2900
  -4.3870
  -4.4837
  -4.5685
  -4.6567
  -4.7361
  -4.8156
  -4.8879
  -4.9538
  -5.0287
  -5.0961
  -5.1629
  -5.2334
  -5.3014
  -5.3719
  -5.4464
  -5.5282
  -5.6204
  -5.7095
  -5.7940
  -5.8654
  -5.9304
  -5.9974
  -6.0695
  -6.1420
  -6.2032
  -6.2451
  -6.3007
  -6.3622
  -6.4180
  -6.4685
  -6.5250
  -6.5782
  -6.6357
  -6.6930
  -6.7547
  -6.8105
  -6.8620
  -6.9209
  -6.9786
  -7.0293
  -7.0750
  -7.1301
  -7.1888
  -7.2474
  -7.3153
  -7.3809
  -7.4404
  -7.4922
  -7.5498
  -7.5985
  -7.6517
  -7.7057
  -7.7577
  -7.8029
  -7.8560
  -7.9021
  -7.9568
  -8.0143
  -8.0673
  -8.1263
  -8.1851
  -8.2470
  -8.3091
  -8.3761
  -8.4308
  -8.4937
  -8.5553
  -8.6207
  -8.6835
  -8.7329
  -8.7851
  -8.8428
  -8.8948
  -8.9437
  -8.9930
  -9.0390
  -9.0805
  -9.1125
  -9.1379
  -9.1656
  -9.1924
  -9.2227
  -9.2339
  -9.2319
  -9.2258
  -9.2263
  -9.2485
  -9.2550
  -9.2537
  -9.2589
  -9.2665
  -9.2672
  -9.2626
  -9.2528
  -9.2367
  -9.2287
  -9.2146
  -9.2032
  -9.1837
  -9.1687
  -9.1568
  -9.1532
  -9.1462
  -9.1319
  -9.1133
  -9.0848
  -9.0612
  -9.0357
  -9.0210
  -8.9977
  -8.9846
  -8.9582
  -8.9340
  -8.9109
  -8.8919
  -8.8746
  -8.8566
  -8.8381
  -8.8241
  -8.8132
  -8.7951
  -8.7796
  -8.7616
  -8.7432
  -8.7268
  -8.7166
  -8.7044
  -8.6911
  -8.6818
  -8.6773
  -8.6865
  -8.7010
  -8.7126
  -8.7241
  -8.7455
  -8.7672
  -8.7829
  -8.7957
  -8.8069
  -8.8247
  -8.8409
  -8.8604
  -8.8801
  -8.9116
  -8.9455
  -8.9778
  -9.0085
  -9.0353
  -9.0650
  -9.0917
  -9.1202
  -9.1441
  -9.1769
  -9.2073
  -9.2414
  -9.2702
  -9.2970
  -9.3221
  -9.3481
  -9.3796
  -9.4065
  -9.4346
  -9.4608
  -9.4858
  -9.5086
  -9.5337
  -9.5580
  -9.5738
  -9.5908
  -9.6051
  -9.6211
  -9.6312
  -9.6512
  -9.6690
  -9.6781
  -9.6860
  -9.6861
  -9.6961
  -9.7019
  -9.7044
  -9.7058
  -9.7039
  -9.7000
  -9.6929
  -9.6838
  -9.6704
  -9.6596
  -9.6449
  -9.6323
  -9.6152
  -9.5892
  -9.5641
  -9.5340
  -9.5024
  -9.4645
  -9.4243
  -9.3808
  -9.3429
  -9.3144
  -9.2859
  -9.2508
  -9.2202
  -9.1957
  -9.1667
  -9.1328
  -9.0994
  -9.0687
  -9.0365
  -9.0034
  -8.9699
  -8.9411
  -8.9090
  -8.8771
  -8.8408
  -8.8023
  -8.7574
  -8.7195
  -8.6684
  -8.6238
  -8.5722
  -8.5170
  -8.4660
  -8.4071
  -8.2627
  -8.1184
  -7.9773
  -7.8361
  -7.7059
  -7.5732
  -7.4425
  -7.3138
  -7.1850
  -7.0582
  -6.9269
  -6.7983
  -6.6741
  -6.5446
  -6.4142
  -6.2749
  -6.1368
  -5.9922
  -5.8453
  -5.6999
  -5.5554
  -5.4089
  -5.2594
  -5.0970
  -4.9375
  -4.7734
  -4.6219
  -4.4704
  -4.3193
  -4.1553
