  -1.3688
  -1.5312
  -1.6870
  -1.8421
  -1.9989
  -2.1499
  -2.3073
  -2.4699
  -2.6240
  -2.7775
  -2.9287
  -3.0823
  -3.2316
  -3.3754
  -3.5171
  -3.6552
  -3.7950
  -3.9323
  -4.0758
  -4.2103
  -4.3492
  -4.4865
  -4.6268
  -4.7729
  -4.9130
  -5.0538
  -5.1909
  -5.3237
  -5.4572
  -5.5921
  -5.7234
  -5.6603
  -5.5958
  -5.5274
  -5.4629
  -5.4007
  -5.3456
  -5.2810
  -5.2103
  -5.1410
  -5.0751
  -5.0078
  -4.9417
  -4.8692
  -4.8037
  -4.7315
  -4.6699
  -4.6070
  -4.5400
  -4.4689
  -4.3917
  -4.3274
  -4.2593
  -4.1901
  -4.1168
  -4.0421
  -3.9688
  -3.8884
  -3.8106
  -3.7236
  -3.6422
  -3.5539
  -3.4686
  -3.3788
  -3.2865
  -3.1884
  -3.0960
  -3.0041
  -2.9172
  -2.8382
  -2.7648
  -2.7008
  -2.6323
  -2.5719
  -2.5170
  -2.4655
  -2.4197
  -2.3771
  -2.3325
  -2.2843
  -2.2467
  -2.2042
  -2.1601
  -2.1111
  -2.0653
  -2.0205
  -1.9754
  -1.9269
  -1.8762
  -1.8258
  -1.7711
  -1.7137
  -1.6621
  -1.6127
  -1.5675
  -1.5128
  -1.4557
  -1.3946
  -1.3378
  -1.2791
  -1.2215
  -1.1598
  -1.0952
  -1.0331
  -0.9794
  -0.9186
  -0.8653
  -0.8108
  -0.7601
  -0.7055
  -0.6535
  -0.6086
  -0.5621
  -0.5152
  -0.4697
  -0.4195
  -0.3774
  -0.3333
  -0.2970
  -0.2539
  -0.2172
  -0.1777
  -0.1414
  -0.1063
  -0.0806
  -0.0523
  -0.0341
  -0.0003
   0.0301
   0.0676
   0.1071
   0.1521
   0.2021
   0.2527
   0.3065
   0.3652
   0.4264
   0.4908
   0.5553
   0.6148
   0.6718
   0.7343
   0.7908
   0.8474
   0.8947
   0.9461
   0.9911
   1.0418
   1.0795
   1.1178
   1.1537
   1.1884
   1.2192
   1.2546
   1.2911
   1.3258
   1.3617
   1.3921
   1.4272
   1.4631
   1.4974
   1.5362
   1.5772
   1.6063
   1.6493
   1.6828
   1.7208
   1.7562
   1.7920
   1.8373
   1.8711
   1.9126
   1.9475
   1.9909
   2.0257
   2.0619
   2.0941
   2.1279
   2.1519
   2.1768
   2.1987
   2.2165
   2.2381
   2.2516
   2.2659
   2.2822
   2.2931
   2.3112
   2.3130
   2.3251
   2.3338
   2.3435
   2.3516
   2.3606
   2.3736
   2.3844
   2.3987
   2.4082
   2.4258
   2.4396
   2.4598
   2.4808
   2.4975
   2.5163
   2.5317
   2.5478
   2.5537
   2.5682
   2.5702
   2.5781
   2.5879
   2.6002
   2.6102
   2.6280
   2.6409
   2.6625
   2.6863
   2.7041
   2.7234
   2.7379
   2.7512
   2.7582
   2.7619
   2.7619
   2.7682
   2.7673
   2.7703
   2.7725
   2.7816
   2.7900
   2.7949
   2.8048
   2.8168
   2.8305
   2.8400
   2.8506
   2.8561
   2.8636
   2.8640
   2.8677
   2.8720
   2.8705
   2.8746
   2.8718
   2.8770
   2.8799
   2.8815
   2.8818
   2.8765
   2.8778
   2.8758
   2.8694
   2.8632
   2.8606
   2.8593
   2.8518
   2.8479
   2.8375
   2.8322
   2.8188
   2.8084
   2.7919
   2.7799
   2.7652
   2.7531
   2.7414
   2.7347
   2.7350
   2.7264
   2.7191
   2.7142
   2.7048
   2.6951
   2.6866
   2.6689
   2.6501
   2.6268
   2.5977
   2.5727
   2.5482
   2.5245
   2.5019
   2.4776
   2.4525
   2.4300
   2.4100
   2.3870
   2.3705
   2.3483
   2.3178
   2.2862
   2.2477
   2.2121
   2.1694
   2.1327
   2.0954
   2.0622
   2.0359
   2.0118
   1.9917
   1.9685
   1.9429
   1.9243
   1.9026
   1.8788
   1.8490
   1.8178
   1.7816
   1.7458
   1.7107
   1.6705
   1.6270
   1.5856
   1.5499
   1.5044
   1.4655
   1.4296
   1.3912
   1.3582
   1.3254
   1.2961
   1.2725
   1.2507
   1.2255
   1.2035
   1.1797
   1.1588
   1.1393
   1.1189
   1.1047
   1.0920
   1.0749
   1.0578
   1.0379
   1.0172
   0.9945
   0.9744
   0.9489
   0.9293
   0.9033
   0.8748
   0.8472
   0.8219
   0.7945
   0.7703
   0.7434
   0.7061
   0.6677
   0.6277
   0.5900
   0.5535
   0.5142
   0.4779
   0.4365
   0.3931
   0.3530
   0.3165
   0.2631
   0.2089
   0.1577
   0.0985
   0.0376
  -0.0227
  -0.0851
  -0.1633
  -0.2310
  -0.3040
  -0.3842
  -0.4522
  -0.5230
  -0.6020
  -0.6746
  -0.7452
  -0.8195
  -0.8965
  -0.9661
  -1.0436
  -1.1219
  -1.1991
  -1.2829
  -1.3656
  -1.4478
  -1.5388
  -1.6292
  -1.7175
  -1.8077
  -1.8957
  -1.9839
  -2.0746
  -2.1638
  -2.2540
  -2.3419
  -2.4221
  -2.4994
  -2.5772
  -2.6413
  -2.7063
  -2.7679
  -2.8267
  -2.8904
  -2.9395
  -2.9881
  -3.0468
  -3.0959
  -3.1362
  -3.1862
  -3.2271
  -3.2674
  -3.3034
  -3.3395
  -3.3802
  -3.4130
  -3.4463
  -3.4859
  -3.5217
  -3.5518
  -3.5839
  -3.6275
  -3.6447
  -3.6606
  -3.6941
  -3.7091
  -3.7233
  -3.7402
  -3.7524
  -3.7588
  -3.7651
  -3.7666
  -3.7546
  -3.7581
  -3.7521
  -3.7436
  -3.7349
  -3.7239
  -3.7082
  -3.6966
  -3.6806
  -3.6693
  -3.6509
  -3.6329
  -3.6177
  -3.5978
  -3.5849
  -3.5605
  -3.5326
  -3.5090
  -3.4780
  -3.4511
  -3.4217
  -3.3947
  -3.3661
  -3.3413
  -3.3206
  -3.3080
  -3.3041
  -3.2998
  -3.3091
  -3.3164
  -3.3308
  -3.3494
  -3.3622
  -3.3880
  -3.4098
  -3.4195
  -3.4388
  -3.4554
  -3.4626
  -3.4796
  -3.4878
  -3.5010
  -3.5187
  -3.5319
  -3.5525
  -3.5698
  -3.5828
  -3.5976
  -3.6169
  -3.6401
  -3.6553
  -3.6798
  -3.7067
  -3.7223
  -3.7426
  -3.7647
  -3.7783
  -3.8024
  -3.8088
  -3.8269
  -3.8374
  -3.8534
  -3.8559
  -3.8642
  -3.8633
  -3.8634
  -3.8612
  -3.8566
  -3.8471
  -3.8432
  -3.8359
  -3.8336
  -3.8321
  -3.8232
  -3.8208
  -3.8126
  -3.8110
  -3.8157
  -3.8203
  -3.8244
  -3.8331
  -3.8429
  -3.8473
  -3.8528
  -3.8546
  -3.8523
  -3.8446
  -3.8327
  -3.8163
  -3.8004
  -3.7828
  -3.7611
  -3.7354
  -3.7096
  -3.6826
  -3.6499
  -3.6289
  -3.5971
  -3.5703
  -3.5444
  -3.5151
  -3.4856
  -3.4531
  -3.4152
  -3.3790
  -3.3403
  -3.2970
  -3.2554
  -3.2109
  -3.1644
  -3.1162
  -3.0672
  -3.0177
  -2.9671
  -2.9144
  -2.8595
  -2.8022
  -2.7496
  -2.6877
  -2.6297
  -2.5663
  -2.5104
  -2.4540
  -2.4069
  -2.3646
  -2.3237
  -2.2865
  -2.2568
  -2.2312
  -2.2090
  -2.1830
  -2.1554
  -2.1290
  -2.1022
  -2.0766
  -2.0513
  -2.0273
  -2.0082
  -1.9858
  -1.9592
  -1.9406
  -1.9153
  -1.8935
  -1.8770
  -1.8610
  -1.8445
  -1.8288
  -1.8168
  -1.8072
  -1.7940
  -1.7790
  -1.7598
  -1.7440
  -1.7277
  -1.7117
  -1.6941
  -1.6815
  -1.6539
  -1.6404
  -1.6248
  -1.6125
  -1.5985
  -1.5903
  -1.5846
  -1.5830
  -1.5786
  -1.5725
  -1.5699
  -1.5630
  -1.5592
  -1.5573
  -1.5534
  -1.5511
  -1.5499
  -1.5505
  -1.5527
  -1.5591
  -1.5613
  -1.5631
  -1.5670
  -1.5697
  -1.5736
  -1.5734
  -1.5700
  -1.5627
  -1.5493
  -1.5360
  -1.5186
  -1.4962
  -1.4671
  -1.4401
  -1.4214
  -1.4018
  -1.3781
  -1.3541
  -1.3325
  -1.3130
  -1.2960
  -1.2752
  -1.2552
  -1.2419
  -1.2335
  -1.2267
  -1.2179
  -1.2124
  -1.1998
  -1.1934
  -1.1855
  -1.1779
  -1.1617
  -1.1545
  -1.1478
  -1.1423
  -1.1364
  -1.1284
  -1.1188
  -1.1047
  -1.0902
  -1.0778
  -1.0678
  -1.0566
  -1.0397
  -1.0297
  -1.0173
  -1.0069
  -0.9936
  -0.9811
  -0.9772
  -0.9700
  -0.9649
  -0.9601
  -0.9492
  -0.9357
  -0.9211
  -0.9052
  -0.8918
  -0.8755
  -0.8579
  -0.8428
  -0.8293
  -0.8154
  -0.8039
  -0.7950
  -0.7820
  -0.7730
  -0.7670
  -0.7674
  -0.7675
  -0.7732
  -0.7823
  -0.7967
  -0.8083
  -0.8199
  -0.8298
  -0.8496
  -0.8710
  -0.8941
  -0.9130
  -0.9327
  -0.9516
  -0.9787
  -1.0013
  -1.0058
  -1.0303
  -1.0561
  -1.0782
  -1.1089
  -1.1322
  -1.1568
  -1.1878
  -1.2246
  -1.2561
  -1.2905
  -1.3252
  -1.3603
  -1.3943
  -1.4319
  -1.4732
  -1.5178
  -1.5670
  -1.6112
  -1.6599
  -1.7119
  -1.7565
  -1.8003
  -1.8387
  -1.8742
  -1.9093
  -1.9378
  -1.9679
  -1.9968
  -2.0196
  -2.0480
  -2.0802
  -2.1108
  -2.1454
  -2.1747
  -2.2101
  -2.2430
  -2.2788
  -2.3105
  -2.3467
  -2.3816
  -2.4202
  -2.4584
  -2.4978
  -2.5375
  -2.5732
  -2.6100
  -2.6464
  -2.6792
  -2.7094
  -2.7454
  -2.7765
  -2.8059
  -2.8304
  -2.8528
  -2.8711
  -2.8927
  -2.9110
  -2.9350
  -2.9529
  -2.9699
  -3.0009
  -3.0150
  -3.0267
  -3.0350
  -3.0450
  -3.0541
  -3.0694
  -3.0748
  -3.0798
  -3.0922
  -3.0940
  -3.0961
  -3.1003
  -3.1044
  -3.1053
  -3.1037
  -3.1022
  -3.0994
  -3.0982
  -3.0937
  -3.0917
  -3.0897
  -3.0799
  -3.0718
  -3.0726
  -3.0592
  -3.0433
  -3.0282
  -3.0119
  -2.9928
  -2.9712
  -2.9460
  -2.9211
  -2.8906
  -2.8596
  -2.8205
  -2.7900
  -2.7509
  -2.7106
  -2.6634
  -2.6162
  -2.5596
  -2.5054
  -2.4493
  -2.3878
  -2.3239
  -2.2567
  -2.1924
  -2.1281
  -2.0655
  -2.0000
  -1.9328
  -1.8693
  -1.8062
  -1.7476
  -1.6852
  -1.6302
  -1.5658
  -1.5041
  -1.4400
  -1.3812
  -1.3179
  -1.2468
  -1.1738
  -1.1052
  -1.0378
  -0.9721
  -0.8930
  -0.8212
  -0.7551
  -0.6804
  -0.6126
  -0.5403
  -0.4651
  -0.3917
  -0.3256
  -0.2647
  -0.1994
  -0.1349
  -0.0749
  -0.0149
   0.0504
   0.1173
   0.1686
   0.2289
   0.2949
   0.3491
   0.3991
   0.4544
   0.5077
   0.5560
   0.6047
   0.6506
   0.6958
   0.7413
   0.7912
   0.8343
   0.8874
   0.9370
   0.9804
   1.0254
   1.0660
   1.1079
   1.1541
   1.2000
   1.2502
   1.2964
   1.3471
   1.4040
   1.4584
   1.5177
   1.5791
   1.6409
   1.7029
   1.7707
   1.8394
   1.9085
   1.9860
   2.0655
   2.1514
   2.2333
   2.3225
   2.4130
   2.4985
   2.5808
   2.6756
   2.7804
   2.8882
   2.9899
   3.0972
   3.2127
   3.3089
   3.4219
   3.5271
   3.6404
   3.7511
   3.8664
   3.9948
   4.1158
   4.2352
   4.3704
   4.5094
   4.6455
   4.7768
   4.9167
   5.0463
   5.1869
   5.3251
   5.4651
   5.5901
   5.7277
   5.8722
   6.0193
   6.1549
   6.2846
   6.4142
   6.5322
   6.6530
   6.7689
   6.8879
   7.0184
   7.1484
   7.2816
   7.4076
   7.5302
   7.6574
   7.7736
   7.8964
   8.0101
   8.1329
   8.2508
   8.3670
   8.4756
   8.5815
   8.6826
   8.7818
   8.8854
   8.9790
   9.0753
   9.1552
   9.2400
   9.3264
   9.4102
   9.4922
   9.5774
   9.6641
   9.7407
   9.8139
   9.8856
   9.9545
  10.0230
  10.0882
  10.1677
  10.2262
  10.2873
  10.3362
  10.3860
  10.4330
  10.4757
  10.5165
  10.5636
  10.5997
  10.6338
  10.6660
  10.7040
  10.7419
  10.7811
  10.8186
  10.8510
  10.8903
  10.9386
  10.9774
  11.0097
  11.0332
  11.0723
  11.1131
  11.1526
  11.2009
  11.2427
  11.2830
  11.3216
  11.3523
  11.3848
  11.4169
  11.4527
  11.4808
  11.5109
  11.5424
  11.5689
  11.6001
  11.6183
  11.6411
  11.6597
  11.6861
  11.7108
  11.7407
  11.7700
  11.7934
  11.8223
  11.8440
  11.8718
  11.8991
  11.9296
  11.9554
  11.9805
  12.0028
  12.0228
  12.0437
  12.0611
  12.0777
  12.0940
  12.1074
  12.1244
  12.1369
  12.1548
  12.1702
  12.1913
  12.2067
  12.2302
  12.2434
  12.2615
  12.2783
  12.2922
  12.2984
  12.3121
  12.3217
  12.3295
  12.3391
  12.3343
  12.3343
  12.3267
  12.3229
  12.3116
  12.3012
  12.2931
  12.2888
  12.2818
  12.2696
  12.2523
  12.2453
  12.2329
  12.2231
  12.2088
  12.1882
  12.1608
  12.1405
  12.1196
  12.0967
  12.0754
  12.0521
  12.0230
  11.9994
  11.9769
  11.9522
  11.9309
  11.9118
  11.8896
  11.8598
  11.8400
  11.8174
  11.8045
  11.7893
  11.7724
  11.7444
  11.7235
  11.7000
  11.6746
  11.6522
  11.6283
  11.6050
  11.5765
  11.5508
  11.5237
  11.4898
  11.4638
  11.4370
  11.4134
  11.3850
  11.3612
  11.3273
  11.2975
  11.2686
  11.2306
  11.1907
  11.1579
  11.1178
  11.0736
  11.0317
  10.9832
  10.9479
  10.9155
  10.8839
  10.8471
  10.8156
  10.7813
  10.7526
  10.7150
  10.6836
  10.6536
  10.6315
  10.5998
  10.5746
  10.5453
  10.5164
  10.4848
  10.4624
  10.4294
  10.4034
  10.3654
  10.3250
  10.2928
  10.2648
  10.2387
  10.2107
  10.1795
  10.1418
  10.0983
  10.0577
  10.0226
   9.9773
   9.9371
   9.8875
   9.8418
   9.7967
   9.7570
   9.7086
   9.6644
   9.6236
   9.5857
   9.5555
   9.5263
   9.5030
   9.4759
   9.4505
   9.4181
   9.3758
   9.3202
   9.2578
   9.1976
   9.1414
   9.0933
   9.0429
   8.9908
   8.9468
   8.9068
   8.8577
   8.8104
   8.7678
   8.7165
   8.6708
   8.6211
   8.5712
   8.5202
   8.4650
   8.4150
   8.3562
   8.2891
   8.2260
   8.1646
   8.1007
   8.0317
   7.9680
   7.9005
   7.8364
   7.7696
   7.7005
   7.6299
   7.5698
   7.4924
   7.4241
   7.3640
   7.2929
   7.2180
   7.1345
   7.0556
   6.9795
   6.9037
   6.8319
   6.7540
   6.6766
   6.5983
   6.5246
   6.4523
   6.3762
   6.3102
   6.2338
   6.1637
   6.0917
   6.0180
   5.9278
   5.8272
   5.7227
   5.6139
   5.5081
   5.4002
   5.3016
   5.2126
   5.1404
   5.0755
   5.0077
   4.9321
   4.8614
   4.7784
   4.6964
   4.6126
   4.5248
   4.4446
   4.3606
   4.2693
   4.1850
   4.1003
   4.0081
   3.9079
   3.8102
   3.7147
   3.6111
   3.5174
   3.4250
   3.3309
   3.2295
   3.1307
   3.0351
   2.9370
   2.8371
   2.7313
   2.6336
   2.5406
   2.4443
   2.3395
   2.2479
   2.1501
   2.0524
   1.9555
   1.8718
   1.7848
   1.6931
   1.6012
   1.5084
   1.4200
   1.3362
   1.2513
   1.1659
   1.0827
   0.9973
   0.9173
   0.8358
   0.7658
   0.6949
   0.6249
   0.5489
   0.4831
   0.4212
   0.3581
   0.3021
   0.2456
   0.1978
   0.1443
   0.0872
   0.0302
  -0.0322
  -0.0910
  -0.1557
  -0.2276
  -0.2873
  -0.3471
  -0.4084
  -0.4680
  -0.5336
  -0.5897
  -0.6420
  -0.6953
  -0.7510
  -0.8036
  -0.8507
  -0.9015
  -0.9449
  -0.9900
  -1.0367
  -1.0817
  -1.1328
  -1.1717
  -1.2170
  -1.2630
  -1.3068
  -1.3399
  -1.3719
  -1.4125
  -1.4518
  -1.4944
  -1.5343
  -1.5787
  -1.6136
  -1.6547
  -1.6904
  -1.7420
  -1.7843
  -1.8256
  -1.8546
  -1.8840
  -1.9099
  -1.9421
  -1.9709
  -1.9956
  -2.0275
  -2.0560
  -2.0872
  -2.1276
  -2.1693
  -2.1987
  -2.2351
  -2.2636
  -2.2883
  -2.3125
  -2.3255
  -2.3476
  -2.3626
  -2.3793
  -2.3897
  -2.3903
  -2.3909
  -2.3863
  -2.3794
  -2.3642
  -2.3538
  -2.3335
  -2.3154
  -2.2895
  -2.2624
  -2.2327
  -2.2043
  -2.1701
  -2.1328
  -2.0926
  -2.0508
  -2.0113
  -1.9650
  -1.9225
  -1.8724
  -1.8182
  -1.7659
  -1.7034
  -1.6487
  -1.5854
  -1.5244
  -1.4641
  -1.4040
  -1.3451
  -1.2834
  -1.2149
  -1.1384
  -1.0647
  -0.9826
  -0.9040
  -0.8168
  -0.7344
  -0.6441
  -0.5536
  -0.4614
  -0.3764
  -0.2849
  -0.1927
  -0.1031
  -0.0085
   0.0848
   0.1810
   0.2797
   0.3785
   0.4757
   0.5847
   0.6840
   0.7907
   0.8930
   0.9891
   1.0885
   1.1798
   1.2825
   1.3775
   1.4694
   1.5640
   1.6540
   1.7368
   1.8266
   1.9146
   2.0082
   2.1060
   2.1956
   2.2820
   2.3640
   2.4477
   2.5319
   2.6111
   2.6849
   2.7589
   2.8288
   2.9030
   2.9853
   3.0605
   3.1359
   3.2108
   3.2780
   3.3501
   3.4131
   3.4767
   3.5369
   3.5996
   3.6630
   3.7214
   3.7834
   3.8510
   3.9100
   3.9678
   4.0356
   4.0986
   4.1643
   4.2226
   4.2817
   4.3381
   4.3919
   4.4413
   4.2881
   4.1292
   3.9631
   3.8033
   3.6416
   3.4842
   3.3148
   3.1400
   2.9644
   2.7890
   2.6071
   2.4243
   2.2422
   2.0626
   1.8852
   1.7156
   1.5476
   1.3699
   1.1900
   1.0102
   0.8356
   0.6592
   0.4836
   0.2936
   0.1112
  -0.0710
  -0.2518
  -0.4354
  -0.6165
  -0.7946
