  -1.3339
  -1.4320
  -1.5335
  -1.6274
  -1.7265
  -1.8210
  -1.9174
  -2.0171
  -2.1279
  -2.2393
  -2.3584
  -2.4735
  -2.5981
  -2.7190
  -2.8374
  -2.9524
  -3.0745
  -3.1910
  -3.3104
  -3.4268
  -3.5379
  -3.6438
  -3.7505
  -3.8555
  -3.9633
  -4.0660
  -4.1713
  -4.2676
  -4.3595
  -4.4550
  -4.5535
  -4.5293
  -4.5010
  -4.4763
  -4.4513
  -4.4258
  -4.4010
  -4.3877
  -4.3751
  -4.3716
  -4.3713
  -4.3831
  -4.3987
  -4.4193
  -4.4409
  -4.4630
  -4.4821
  -4.4971
  -4.5055
  -4.5147
  -4.5161
  -4.5199
  -4.5236
  -4.5338
  -4.5432
  -4.5570
  -4.5713
  -4.5881
  -4.6010
  -4.6182
  -4.6247
  -4.6329
  -4.6377
  -4.6402
  -4.6463
  -4.6514
  -4.6536
  -4.6508
  -4.6347
  -4.6144
  -4.5821
  -4.5477
  -4.5084
  -4.4671
  -4.4305
  -4.3927
  -4.3497
  -4.2930
  -4.2369
  -4.1820
  -4.1358
  -4.0894
  -4.0459
  -4.0053
  -3.9662
  -3.9325
  -3.9042
  -3.8798
  -3.8566
  -3.8448
  -3.8314
  -3.8151
  -3.8018
  -3.8045
  -3.8018
  -3.8085
  -3.8174
  -3.8169
  -3.8181
  -3.8323
  -3.8522
  -3.8776
  -3.9031
  -3.9269
  -3.9498
  -3.9709
  -3.9885
  -4.0047
  -4.0158
  -4.0253
  -4.0283
  -4.0286
  -4.0218
  -4.0090
  -3.9896
  -3.9686
  -3.9416
  -3.9106
  -3.8752
  -3.8462
  -3.8112
  -3.7888
  -3.7737
  -3.7657
  -3.7589
  -3.7469
  -3.7326
  -3.7223
  -3.7190
  -3.7212
  -3.7236
  -3.7255
  -3.7264
  -3.7274
  -3.7223
  -3.7154
  -3.7055
  -3.7056
  -3.7090
  -3.7142
  -3.7203
  -3.7212
  -3.7206
  -3.7244
  -3.7288
  -3.7289
  -3.7269
  -3.7232
  -3.7127
  -3.7062
  -3.6953
  -3.6806
  -3.6652
  -3.6400
  -3.6011
  -3.5587
  -3.5084
  -3.4527
  -3.4065
  -3.3536
  -3.2895
  -3.2239
  -3.1500
  -3.0786
  -3.0063
  -2.9343
  -2.8665
  -2.7986
  -2.7310
  -2.6735
  -2.6147
  -2.5631
  -2.5151
  -2.4689
  -2.4315
  -2.3924
  -2.3557
  -2.3196
  -2.2848
  -2.2498
  -2.2100
  -2.1738
  -2.1329
  -2.0910
  -2.0401
  -1.9879
  -1.9379
  -1.8850
  -1.8335
  -1.7747
  -1.7178
  -1.6526
  -1.5926
  -1.5316
  -1.4754
  -1.4257
  -1.3779
  -1.3350
  -1.2952
  -1.2631
  -1.2365
  -1.2108
  -1.1890
  -1.1707
  -1.1512
  -1.1285
  -1.1114
  -1.0937
  -1.0759
  -1.0632
  -1.0458
  -1.0285
  -1.0122
  -0.9947
  -0.9771
  -0.9614
  -0.9484
  -0.9354
  -0.9254
  -0.9211
  -0.9183
  -0.9179
  -0.9136
  -0.9101
  -0.9024
  -0.8974
  -0.8928
  -0.8874
  -0.8854
  -0.8838
  -0.8860
  -0.8918
  -0.8956
  -0.9031
  -0.9134
  -0.9187
  -0.9257
  -0.9315
  -0.9409
  -0.9521
  -0.9658
  -0.9817
  -0.9977
  -1.0108
  -1.0220
  -1.0333
  -1.0416
  -1.0483
  -1.0590
  -1.0707
  -1.0885
  -1.1097
  -1.1344
  -1.1637
  -1.1918
  -1.2182
  -1.2443
  -1.2702
  -1.2926
  -1.3133
  -1.3248
  -1.3324
  -1.3349
  -1.3286
  -1.3273
  -1.3189
  -1.3146
  -1.3039
  -1.2942
  -1.2843
  -1.2735
  -1.2664
  -1.2602
  -1.2558
  -1.2527
  -1.2558
  -1.2615
  -1.2669
  -1.2713
  -1.2752
  -1.2778
  -1.2830
  -1.2875
  -1.2904
  -1.2942
  -1.3004
  -1.3052
  -1.3117
  -1.3172
  -1.3242
  -1.3309
  -1.3367
  -1.3424
  -1.3503
  -1.3551
  -1.3607
  -1.3648
  -1.3681
  -1.3697
  -1.3711
  -1.3724
  -1.3746
  -1.3784
  -1.3836
  -1.3910
  -1.3969
  -1.4069
  -1.4210
  -1.4358
  -1.4506
  -1.4654
  -1.4777
  -1.4884
  -1.5008
  -1.5099
  -1.5226
  -1.5386
  -1.5517
  -1.5639
  -1.5789
  -1.5964
  -1.6224
  -1.6543
  -1.6890
  -1.7278
  -1.7625
  -1.8020
  -1.8374
  -1.8742
  -1.9119
  -1.9488
  -1.9816
  -2.0089
  -2.0322
  -2.0529
  -2.0713
  -2.0899
  -2.1075
  -2.1258
  -2.1458
  -2.1656
  -2.1845
  -2.2034
  -2.2196
  -2.2351
  -2.2469
  -2.2560
  -2.2626
  -2.2681
  -2.2761
  -2.2807
  -2.2907
  -2.2958
  -2.3000
  -2.3041
  -2.3121
  -2.3235
  -2.3398
  -2.3627
  -2.3923
  -2.4245
  -2.4611
  -2.4986
  -2.5386
  -2.5785
  -2.6193
  -2.6591
  -2.6957
  -2.7324
  -2.7700
  -2.8075
  -2.8451
  -2.8811
  -2.9177
  -2.9552
  -2.9919
  -3.0268
  -3.0576
  -3.0901
  -3.1211
  -3.1512
  -3.1779
  -3.2028
  -3.2251
  -3.2439
  -3.2626
  -3.2799
  -3.2971
  -3.3178
  -3.3409
  -3.3632
  -3.3830
  -3.4094
  -3.4350
  -3.4614
  -3.4853
  -3.5167
  -3.5389
  -3.5602
  -3.5707
  -3.5777
  -3.5857
  -3.5936
  -3.6014
  -3.6109
  -3.6220
  -3.6365
  -3.6543
  -3.6773
  -3.7003
  -3.7151
  -3.7375
  -3.7483
  -3.7543
  -3.7634
  -3.7667
  -3.7715
  -3.7696
  -3.7604
  -3.7463
  -3.7288
  -3.7087
  -3.6828
  -3.6504
  -3.6135
  -3.5742
  -3.5275
  -3.4832
  -3.4399
  -3.3981
  -3.3597
  -3.3205
  -3.2790
  -3.2406
  -3.1990
  -3.1575
  -3.1176
  -3.0760
  -3.0362
  -2.9997
  -2.9632
  -2.9302
  -2.8973
  -2.8652
  -2.8332
  -2.8037
  -2.7719
  -2.7424
  -2.7097
  -2.6744
  -2.6384
  -2.6016
  -2.5691
  -2.5350
  -2.5035
  -2.4796
  -2.4630
  -2.4432
  -2.4300
  -2.4228
  -2.4288
  -2.4423
  -2.4547
  -2.4672
  -2.4790
  -2.4932
  -2.5075
  -2.5176
  -2.5252
  -2.5278
  -2.5313
  -2.5404
  -2.5443
  -2.5533
  -2.5705
  -2.5837
  -2.6020
  -2.6127
  -2.6269
  -2.6442
  -2.6580
  -2.6693
  -2.6757
  -2.6852
  -2.6981
  -2.7135
  -2.7307
  -2.7545
  -2.7750
  -2.7971
  -2.8177
  -2.8365
  -2.8570
  -2.8791
  -2.8988
  -2.9195
  -2.9368
  -2.9518
  -2.9677
  -2.9811
  -2.9919
  -3.0044
  -3.0136
  -3.0199
  -3.0225
  -3.0226
  -3.0202
  -3.0211
  -3.0203
  -3.0204
  -3.0213
  -3.0199
  -3.0184
  -3.0170
  -3.0139
  -3.0116
  -3.0059
  -2.9969
  -2.9887
  -2.9829
  -2.9729
  -2.9620
  -2.9470
  -2.9329
  -2.9187
  -2.9046
  -2.8880
  -2.8731
  -2.8642
  -2.8602
  -2.8613
  -2.8649
  -2.8712
  -2.8800
  -2.8929
  -2.9017
  -2.9105
  -2.9193
  -2.9300
  -2.9390
  -2.9481
  -2.9614
  -2.9781
  -2.9987
  -3.0187
  -3.0386
  -3.0560
  -3.0749
  -3.0906
  -3.1079
  -3.1251
  -3.1448
  -3.1637
  -3.1825
  -3.2013
  -3.2217
  -3.2446
  -3.2708
  -3.2993
  -3.3284
  -3.3600
  -3.3883
  -3.4182
  -3.4481
  -3.4809
  -3.5149
  -3.5488
  -3.5861
  -3.6242
  -3.6649
  -3.7063
  -3.7486
  -3.7900
  -3.8314
  -3.8728
  -3.9109
  -3.9506
  -3.9870
  -4.0242
  -4.0582
  -4.0929
  -4.1243
  -4.1533
  -4.1814
  -4.2070
  -4.2326
  -4.2582
  -4.2830
  -4.3060
  -4.3258
  -4.3406
  -4.3495
  -4.3533
  -4.3538
  -4.3444
  -4.3335
  -4.3232
  -4.3114
  -4.2971
  -4.2870
  -4.2826
  -4.2824
  -4.2880
  -4.2970
  -4.3051
  -4.3116
  -4.3197
  -4.3254
  -4.3335
  -4.3401
  -4.3516
  -4.3597
  -4.3671
  -4.3720
  -4.3761
  -4.3794
  -4.3809
  -4.3849
  -4.3881
  -4.3938
  -4.3996
  -4.4045
  -4.4136
  -4.4186
  -4.4227
  -4.4269
  -4.4286
  -4.4245
  -4.4179
  -4.4130
  -4.4073
  -4.4023
  -4.3933
  -4.3867
  -4.3843
  -4.3785
  -4.3817
  -4.3816
  -4.3832
  -4.3830
  -4.3780
  -4.3697
  -4.3597
  -4.3464
  -4.3298
  -4.3157
  -4.2975
  -4.2785
  -4.2595
  -4.2429
  -4.2272
  -4.2132
  -4.2058
  -4.2026
  -4.2051
  -4.2201
  -4.2358
  -4.2558
  -4.2790
  -4.3055
  -4.3254
  -4.3461
  -4.3593
  -4.3667
  -4.3675
  -4.3691
  -4.3708
  -4.3675
  -4.3691
  -4.3650
  -4.3691
  -4.3657
  -4.3739
  -4.3812
  -4.3910
  -4.4048
  -4.4146
  -4.4261
  -4.4343
  -4.4432
  -4.4497
  -4.4538
  -4.4569
  -4.4601
  -4.4714
  -4.4811
  -4.4915
  -4.4987
  -4.5158
  -4.5329
  -4.5483
  -4.5644
  -4.5831
  -4.5993
  -4.6179
  -4.6324
  -4.6486
  -4.6565
  -4.6694
  -4.6815
  -4.6936
  -4.7106
  -4.7300
  -4.7495
  -4.7772
  -4.8048
  -4.8374
  -4.8717
  -4.9067
  -4.9425
  -4.9760
  -5.0028
  -5.0297
  -5.0524
  -5.0718
  -5.0870
  -5.0958
  -5.1123
  -5.1309
  -5.1494
  -5.1680
  -5.1874
  -5.2018
  -5.2196
  -5.2422
  -5.2624
  -5.2827
  -5.3054
  -5.3297
  -5.3515
  -5.3718
  -5.3887
  -5.4057
  -5.4128
  -5.4215
  -5.4262
  -5.4260
  -5.4283
  -5.4273
  -5.4255
  -5.4196
  -5.4153
  -5.4086
  -5.4028
  -5.3961
  -5.3853
  -5.3696
  -5.3548
  -5.3457
  -5.3358
  -5.3282
  -5.3134
  -5.2968
  -5.2771
  -5.2581
  -5.2359
  -5.2107
  -5.1877
  -5.1654
  -5.1416
  -5.1185
  -5.0931
  -5.0725
  -5.0471
  -5.0225
  -4.9905
  -4.9618
  -4.9281
  -4.8945
  -4.8658
  -4.8364
  -4.7995
  -4.7725
  -4.7479
  -4.7226
  -4.6972
  -4.6711
  -4.6433
  -4.6037
  -4.5624
  -4.5166
  -4.4749
  -4.4291
  -4.3858
  -4.3416
  -4.2933
  -4.2534
  -4.2092
  -4.1651
  -4.1210
  -4.0744
  -4.0336
  -3.9928
  -3.9570
  -3.9187
  -3.8804
  -3.8453
  -3.8038
  -3.7678
  -3.7353
  -3.7031
  -3.6738
  -3.6329
  -3.6044
  -3.5685
  -3.5359
  -3.4999
  -3.4714
  -3.4404
  -3.4079
  -3.3671
  -3.3272
  -3.2899
  -3.2517
  -3.2135
  -3.1786
  -3.1404
  -3.1052
  -3.0646
  -3.0258
  -2.9869
  -2.9463
  -2.9065
  -2.8609
  -2.8186
  -2.7779
  -2.7422
  -2.7058
  -2.6661
  -2.6288
  -2.5833
  -2.5362
  -2.4981
  -2.4560
  -2.4098
  -2.3628
  -2.3158
  -2.2655
  -2.2185
  -2.1739
  -2.1314
  -2.0819
  -2.0300
  -1.9805
  -1.9286
  -1.8743
  -1.8175
  -1.7566
  -1.6982
  -1.6366
  -1.5733
  -1.5093
  -1.4404
  -1.3730
  -1.2982
  -1.2235
  -1.1496
  -1.0751
  -1.0077
  -0.9322
  -0.8559
  -0.7767
  -0.6946
  -0.6184
  -0.5338
  -0.4527
  -0.3649
  -0.2780
  -0.1836
  -0.0925
   0.0011
   0.0923
   0.1883
   0.2869
   0.3797
   0.4782
   0.5735
   0.6679
   0.7641
   0.8644
   0.9672
   1.0708
   1.1753
   1.2781
   1.3815
   1.4874
   1.5967
   1.7092
   1.8235
   1.9353
   2.0544
   2.1743
   2.2918
   2.4134
   2.5343
   2.6610
   2.7851
   2.9126
   3.0369
   3.1621
   3.2904
   3.4236
   3.5479
   3.6778
   3.8061
   3.9384
   4.0666
   4.1906
   4.3182
   4.4456
   4.5732
   4.6999
   4.8209
   4.9395
   5.0622
   5.1807
   5.2950
   5.4133
   5.5284
   5.6434
   5.7527
   5.8652
   5.9767
   6.0809
   6.1858
   6.2851
   6.3835
   6.4761
   6.5670
   6.6506
   6.7341
   6.8077
   6.8822
   6.9575
   7.0285
   7.1021
   7.1682
   7.2353
   7.2975
   7.3595
   7.4134
   7.4669
   7.5165
   7.5612
   7.6099
   7.6577
   7.7039
   7.7450
   7.7779
   7.8108
   7.8413
   7.8679
   7.8894
   7.9038
   7.9215
   7.9353
   7.9412
   7.9383
   7.9280
   7.9234
   7.9130
   7.9012
   7.8884
   7.8723
   7.8585
   7.8430
   7.8191
   7.7962
   7.7750
   7.7543
   7.7285
   7.6988
   7.6715
   7.6445
   7.6172
   7.5861
   7.5584
   7.5306
   7.4964
   7.4688
   7.4435
   7.4203
   7.3946
   7.3662
   7.3432
   7.3177
   7.2974
   7.2711
   7.2461
   7.2234
   7.2029
   7.1804
   7.1633
   7.1383
   7.1133
   7.0888
   7.0614
   7.0347
   7.0108
   6.9890
   6.9653
   6.9439
   6.9226
   6.9040
   6.8953
   6.8797
   6.8668
   6.8597
   6.8569
   6.8616
   6.8637
   6.8683
   6.8728
   6.8773
   6.8899
   6.8936
   6.8994
   6.9050
   6.9234
   6.9402
   6.9529
   6.9666
   6.9785
   6.9882
   6.9989
   7.0050
   7.0053
   7.0131
   7.0224
   7.0326
   7.0438
   7.0626
   7.0887
   7.1115
   7.1339
   7.1623
   7.1920
   7.2232
   7.2573
   7.3002
   7.3399
   7.3760
   7.4173
   7.4649
   7.5110
   7.5643
   7.6178
   7.6685
   7.7222
   7.7849
   7.8460
   7.9078
   7.9765
   8.0474
   8.1254
   8.2002
   8.2736
   8.3557
   8.4358
   8.5177
   8.6000
   8.6854
   8.7770
   8.8653
   8.9566
   9.0414
   9.1315
   9.2167
   9.2983
   9.3815
   9.4649
   9.5531
   9.6412
   9.7335
   9.8298
   9.9262
  10.0265
  10.1262
  10.2307
  10.3312
  10.4388
  10.5490
  10.6597
  10.7745
  10.8923
  11.0128
  11.1377
  11.2677
  11.3910
  11.5111
  11.6252
  11.7375
  11.8468
  11.9501
  12.0518
  12.1569
  12.2600
  12.3627
  12.4615
  12.5571
  12.6518
  12.7435
  12.8382
  12.9252
  13.0054
  13.0831
  13.1515
  13.2155
  13.2812
  13.3427
  13.3979
  13.4534
  13.5093
  13.5573
  13.6035
  13.6480
  13.6988
  13.7471
  13.7975
  13.8527
  13.9021
  13.9510
  13.9950
  14.0299
  14.0649
  14.0937
  14.1168
  14.1339
  14.1474
  14.1577
  14.1590
  14.1556
  14.1433
  14.1319
  14.1122
  14.0936
  14.0741
  14.0547
  14.0391
  14.0185
  13.9971
  13.9709
  13.9424
  13.9128
  13.8835
  13.8473
  13.8112
  13.7665
  13.7178
  13.6722
  13.6217
  13.5724
  13.5166
  13.4549
  13.3911
  13.3267
  13.2558
  13.1821
  13.1088
  13.0358
  12.9669
  12.8897
  12.8181
  12.7402
  12.6643
  12.5844
  12.5070
  12.4258
  12.3449
  12.2650
  12.1883
  12.1060
  12.0213
  11.9319
  11.8484
  11.7618
  11.6728
  11.5752
  11.4794
  11.3751
  11.2691
  11.1630
  11.0550
  10.9417
  10.8298
  10.7171
  10.6035
  10.4895
  10.3808
  10.2749
  10.1697
  10.0665
   9.9683
   9.8715
   9.7741
   9.6764
   9.5749
   9.4772
   9.3732
   9.2680
   9.1662
   9.0653
   8.9649
   8.8636
   8.7642
   8.6579
   8.5565
   8.4536
   8.3524
   8.2543
   8.1541
   8.0594
   7.9685
   7.8827
   7.8018
   7.7256
   7.6501
   7.5776
   7.5079
   7.4378
   7.3706
   7.3048
   7.2445
   7.1802
   7.1174
   7.0522
   6.9890
   6.9206
   6.8529
   6.7886
   6.7217
   6.6548
   6.5976
   6.5398
   6.4816
   6.4276
   6.3738
   6.3233
   6.2835
   6.2441
   6.2061
   6.1678
   6.1256
   6.0888
   6.0542
   6.0217
   5.9862
   5.9502
   5.9220
   5.8897
   5.8584
   5.8237
   5.7938
   5.7625
   5.7344
   5.7029
   5.6759
   5.6475
   5.6115
   5.5800
   5.5460
   5.5138
   5.4826
   5.4551
   5.4209
   5.3933
   5.3682
   5.3458
   5.3232
   5.3023
   5.2848
   5.2665
   5.2503
   5.2350
   5.2205
   5.2082
   5.2008
   5.1923
   5.1866
   5.1769
   5.1702
   5.1578
   5.1455
   5.1298
   5.1185
   5.1035
   5.0945
   5.0858
   5.0874
   5.0939
   5.0996
   5.1114
   5.1184
   5.1255
   5.1351
   5.1491
   5.1552
   5.1656
   5.1756
   5.1730
   5.1657
   5.1626
   5.1589
   5.1658
   5.1673
   5.1716
   5.1705
   5.1706
   5.1687
   5.1600
   5.1437
   5.1335
   5.1197
   5.1041
   5.0878
   5.0693
   5.0505
   5.0289
   5.0130
   5.0015
   4.9890
   4.9706
   4.9468
   4.9171
   4.8848
   4.8590
   4.8251
   4.7912
   4.7550
   4.7139
   4.6770
   4.6310
   4.5925
   4.5517
   4.5149
   4.4751
   4.4366
   4.3905
   4.3414
   4.2902
   4.2371
   4.1812
   4.1272
   4.0689
   4.0111
   3.9462
   3.8890
   3.8272
   3.7613
   3.6931
   3.6214
   3.5503
   3.4766
   3.4078
   3.3336
   3.2600
   3.1835
   3.1108
   3.0328
   2.9575
   2.8812
   2.8109
   2.7378
   2.6615
   2.5829
   2.5015
   2.4268
   2.3503
   2.2763
   2.2116
   2.1513
   2.0991
   2.0385
   1.9840
   1.9322
   1.8830
   1.8337
   1.7899
   1.7459
   1.6992
   1.6506
   1.6073
   1.5646
   1.5281
   1.4952
   1.4620
   1.4291
   1.4050
   1.3740
   1.3481
   1.3209
   1.2971
   1.2798
   1.2557
   1.2358
   1.2117
   1.1877
   1.1622
   1.1369
   1.1150
   1.0916
   1.0748
   1.0536
   1.0383
   1.0206
   1.0087
   0.9922
   0.9777
   0.9641
   0.9562
   0.8368
   0.7215
   0.6037
   0.4860
   0.3680
   0.2533
   0.1456
   0.0399
  -0.0587
  -0.1521
  -0.2393
  -0.3194
  -0.3947
  -0.4701
  -0.5411
  -0.6171
  -0.6850
  -0.7650
  -0.8401
  -0.9198
  -1.0007
  -1.0840
  -1.1644
  -1.2406
  -1.3150
  -1.3917
  -1.4722
  -1.5509
  -1.6290
  -1.7123
