   0.0996
   0.2944
   0.4796
   0.6607
   0.8445
   1.0293
   1.2132
   1.3953
   1.5733
   1.7420
   1.9086
   2.0733
   2.2335
   2.3914
   2.5376
   2.6618
   2.7787
   2.8959
   3.0117
   3.1266
   3.2547
   3.3811
   3.5068
   3.6450
   3.7802
   3.9069
   4.0405
   4.1795
   4.3219
   4.4640
   4.6049
   4.6086
   4.6060
   4.5988
   4.5861
   4.5828
   4.5962
   4.6013
   4.5847
   4.5726
   4.5698
   4.5877
   4.6053
   4.6238
   4.6328
   4.6508
   4.6695
   4.7007
   4.7354
   4.7839
   4.8315
   4.8770
   4.9248
   4.9747
   5.0142
   5.0485
   5.0945
   5.1340
   5.1722
   5.2105
   5.2544
   5.2919
   5.3365
   5.3732
   5.3978
   5.4162
   5.4279
   5.4339
   5.4329
   5.4313
   5.4338
   5.4421
   5.4465
   5.4538
   5.4501
   5.4527
   5.4682
   5.4881
   5.5150
   5.5463
   5.5830
   5.6176
   5.6521
   5.6784
   5.7029
   5.7387
   5.7910
   5.8464
   5.8978
   5.9613
   6.0177
   6.0807
   6.1318
   6.1871
   6.2405
   6.2947
   6.3544
   6.4117
   6.4741
   6.5309
   6.5871
   6.6436
   6.6859
   6.7228
   6.7627
   6.8018
   6.8391
   6.8786
   6.9078
   6.9284
   6.9337
   6.9488
   6.9787
   7.0047
   7.0294
   7.0557
   7.0872
   7.1183
   7.1533
   7.1957
   7.2362
   7.2702
   7.2988
   7.3291
   7.3583
   7.3942
   7.4155
   7.4123
   7.4040
   7.3896
   7.3722
   7.3460
   7.3117
   7.2720
   7.2264
   7.1784
   7.1279
   7.0790
   7.0313
   6.9815
   6.9219
   6.8553
   6.7805
   6.7098
   6.6369
   6.5548
   6.4689
   6.3788
   6.2804
   6.1751
   6.0493
   5.9095
   5.7673
   5.6419
   5.5141
   5.3835
   5.2595
   5.1251
   4.9854
   4.8431
   4.7103
   4.5725
   4.4338
   4.2977
   4.1647
   4.0351
   3.9052
   3.7753
   3.6516
   3.5264
   3.4015
   3.2659
   3.1148
   2.9409
   2.7573
   2.5708
   2.3768
   2.1838
   1.9839
   1.7825
   1.5685
   1.3418
   1.1050
   0.8673
   0.6227
   0.3797
   0.1347
  -0.0972
  -0.3041
  -0.4953
  -0.6730
  -0.8514
  -1.0404
  -1.2384
  -1.4433
  -1.6440
  -1.8256
  -2.0023
  -2.1832
  -2.3616
  -2.5436
  -2.7241
  -2.9074
  -3.1016
  -3.3035
  -3.5101
  -3.7163
  -3.9387
  -4.1660
  -4.3867
  -4.6018
  -4.7993
  -4.9714
  -5.1466
  -5.3269
  -5.5080
  -5.6842
  -5.8665
  -6.0513
  -6.2429
  -6.4338
  -6.6283
  -6.8224
  -7.0296
  -7.2381
  -7.4533
  -7.6773
  -7.8990
  -8.1231
  -8.3584
  -8.5997
  -8.8381
  -9.0583
  -9.2612
  -9.4472
  -9.6184
  -9.7818
  -9.9353
 -10.0842
 -10.2256
 -10.3654
 -10.4960
 -10.6116
 -10.7116
 -10.8097
 -10.8989
 -10.9899
 -11.0797
 -11.1792
 -11.2867
 -11.4089
 -11.5388
 -11.6664
 -11.7846
 -11.8981
 -12.0003
 -12.1069
 -12.2264
 -12.3473
 -12.4687
 -12.5897
 -12.7196
 -12.8517
 -12.9769
 -13.0858
 -13.1855
 -13.2698
 -13.3432
 -13.4056
 -13.4668
 -13.5259
 -13.5856
 -13.6472
 -13.7151
 -13.7797
 -13.8467
 -13.9162
 -13.9897
 -14.0761
 -14.1591
 -14.2437
 -14.3439
 -14.4517
 -14.5598
 -14.6572
 -14.7600
 -14.8553
 -14.9493
 -15.0380
 -15.1151
 -15.1839
 -15.2341
 -15.2725
 -15.3126
 -15.3529
 -15.3933
 -15.4330
 -15.4726
 -15.5124
 -15.5563
 -15.6090
 -15.6627
 -15.7143
 -15.7683
 -15.8247
 -15.8782
 -15.9385
 -15.9949
 -16.0546
 -16.1055
 -16.1511
 -16.1720
 -16.1680
 -16.1492
 -16.1078
 -16.0489
 -15.9733
 -15.8864
 -15.7881
 -15.6828
 -15.5779
 -15.4661
 -15.3456
 -15.2163
 -15.0833
 -14.9462
 -14.8112
 -14.6810
 -14.5535
 -14.4233
 -14.2894
 -14.1599
 -14.0280
 -13.8898
 -13.7497
 -13.6050
 -13.4511
 -13.2909
 -13.1373
 -12.9740
 -12.8168
 -12.6556
 -12.4828
 -12.3070
 -12.1300
 -11.9535
 -11.7721
 -11.5931
 -11.4150
 -11.2395
 -11.0705
 -10.9024
 -10.7417
 -10.5883
 -10.4263
 -10.2645
 -10.0928
  -9.9161
  -9.7260
  -9.5254
  -9.3165
  -9.0933
  -8.8628
  -8.6256
  -8.3865
  -8.1463
  -7.9050
  -7.6640
  -7.4219
  -7.1837
  -6.9519
  -6.7242
  -6.5196
  -6.3440
  -6.1817
  -6.0376
  -5.9050
  -5.7882
  -5.6784
  -5.5779
  -5.4825
  -5.3802
  -5.2770
  -5.1727
  -5.0767
  -4.9853
  -4.9036
  -4.8210
  -4.7346
  -4.6444
  -4.5546
  -4.4618
  -4.3690
  -4.2798
  -4.1986
  -4.1194
  -4.0458
  -3.9819
  -3.9207
  -3.8441
  -3.7625
  -3.6714
  -3.5729
  -3.4703
  -3.3604
  -3.2490
  -3.1375
  -3.0244
  -2.9108
  -2.7905
  -2.6690
  -2.5347
  -2.3885
  -2.2429
  -2.0970
  -1.9580
  -1.8260
  -1.7178
  -1.6339
  -1.5827
  -1.5611
  -1.5603
  -1.5794
  -1.6119
  -1.6579
  -1.7114
  -1.7722
  -1.8354
  -1.8960
  -1.9579
  -2.0180
  -2.0774
  -2.1391
  -2.1990
  -2.2501
  -2.2962
  -2.3371
  -2.3757
  -2.4096
  -2.4368
  -2.4620
  -2.4815
  -2.5001
  -2.5235
  -2.5456
  -2.5588
  -2.5626
  -2.5645
  -2.5687
  -2.5738
  -2.5823
  -2.5937
  -2.6082
  -2.6214
  -2.6326
  -2.6386
  -2.6425
  -2.6441
  -2.6404
  -2.6330
  -2.6302
  -2.6260
  -2.6219
  -2.6169
  -2.6090
  -2.6014
  -2.5924
  -2.5808
  -2.5647
  -2.5435
  -2.5257
  -2.5081
  -2.5023
  -2.5037
  -2.5057
  -2.5094
  -2.5123
  -2.5150
  -2.5130
  -2.5012
  -2.4798
  -2.4487
  -2.4096
  -2.3645
  -2.3150
  -2.2624
  -2.2085
  -2.1480
  -2.0892
  -2.0319
  -1.9730
  -1.9122
  -1.8524
  -1.7877
  -1.7232
  -1.6631
  -1.6077
  -1.5457
  -1.4883
  -1.4430
  -1.4148
  -1.3916
  -1.3673
  -1.3349
  -1.3004
  -1.2653
  -1.2349
  -1.2125
  -1.1901
  -1.1652
  -1.1395
  -1.1095
  -1.0772
  -1.0460
  -1.0179
  -0.9873
  -0.9553
  -0.9185
  -0.8806
  -0.8474
  -0.8192
  -0.7881
  -0.7630
  -0.7380
  -0.7159
  -0.6918
  -0.6619
  -0.6358
  -0.6080
  -0.5939
  -0.5830
  -0.5770
  -0.5753
  -0.5718
  -0.5774
  -0.5815
  -0.5848
  -0.5893
  -0.5895
  -0.5884
  -0.5839
  -0.5741
  -0.5563
  -0.5352
  -0.5114
  -0.4922
  -0.4721
  -0.4559
  -0.4337
  -0.4073
  -0.3809
  -0.3552
  -0.3304
  -0.3020
  -0.2769
  -0.2532
  -0.2318
  -0.2141
  -0.2103
  -0.2032
  -0.1911
  -0.1647
  -0.1339
  -0.1012
  -0.0720
  -0.0331
   0.0096
   0.0532
   0.1005
   0.1465
   0.1891
   0.2289
   0.2616
   0.2995
   0.3358
   0.3776
   0.4129
   0.4494
   0.4823
   0.5163
   0.5562
   0.5983
   0.6385
   0.6893
   0.7398
   0.7927
   0.8402
   0.8789
   0.9206
   0.9585
   1.0100
   1.0618
   1.1213
   1.1798
   1.2335
   1.2877
   1.3360
   1.3768
   1.4156
   1.4563
   1.4987
   1.5453
   1.5992
   1.6538
   1.7102
   1.7644
   1.8185
   1.8677
   1.9215
   1.9701
   2.0213
   2.0738
   2.1253
   2.1780
   2.2322
   2.2942
   2.3625
   2.4390
   2.5254
   2.6188
   2.7135
   2.8108
   2.9064
   3.0008
   3.0915
   3.1732
   3.2443
   3.3125
   3.3779
   3.4464
   3.5184
   3.5983
   3.6892
   3.7846
   3.8639
   3.9401
   4.0151
   4.0874
   4.1501
   4.2092
   4.2689
   4.3273
   4.3961
   4.4660
   4.5283
   4.5865
   4.6455
   4.7074
   4.7730
   4.8414
   4.9129
   4.9866
   5.0597
   5.1350
   5.2188
   5.3055
   5.3992
   5.4975
   5.6030
   5.7170
   5.8281
   5.9460
   6.0643
   6.1821
   6.3009
   6.4135
   6.5274
   6.6472
   6.7712
   6.8989
   7.0281
   7.1504
   7.2734
   7.3963
   7.5229
   7.6464
   7.7659
   7.8812
   7.9768
   8.0660
   8.1477
   8.2221
   8.3002
   8.3765
   8.4548
   8.5331
   8.6105
   8.6805
   8.7356
   8.7844
   8.8206
   8.8503
   8.8714
   8.8866
   8.8974
   8.9212
   8.9453
   8.9651
   8.9849
   9.0038
   9.0233
   9.0333
   9.0361
   9.0231
   9.0101
   8.9948
   8.9838
   8.9711
   8.9519
   8.9336
   8.9035
   8.8735
   8.8319
   8.7838
   8.7299
   8.6696
   8.6104
   8.5439
   8.4735
   8.3968
   8.3024
   8.2090
   8.1101
   8.0081
   7.9016
   7.7987
   7.7013
   7.6023
   7.5086
   7.4096
   7.3040
   7.2008
   7.1270
   7.0613
   6.9950
   6.9257
   6.8588
   6.7804
   6.6961
   6.6224
   6.5516
   6.4880
   6.4366
   6.3812
   6.3268
   6.2737
   6.2215
   6.1759
   6.1360
   6.1104
   6.0999
   6.1042
   6.1146
   6.1336
   6.1549
   6.1820
   6.2114
   6.2480
   6.2876
   6.3432
   6.4077
   6.4846
   6.5755
   6.6752
   6.7834
   6.8939
   7.0125
   7.1308
   7.2464
   7.3739
   7.4965
   7.6250
   7.7503
   7.8828
   8.0189
   8.1433
   8.2582
   8.3562
   8.4574
   8.5573
   8.6565
   8.7613
   8.8615
   8.9555
   9.0443
   9.1211
   9.1871
   9.2462
   9.2982
   9.3388
   9.3869
   9.4301
   9.4670
   9.4801
   9.4804
   9.4782
   9.4796
   9.4809
   9.4992
   9.5279
   9.5693
   9.6044
   9.6461
   9.6851
   9.7355
   9.7912
   9.8534
   9.9197
   9.9906
  10.0731
  10.1523
  10.2431
  10.3227
  10.4179
  10.5121
  10.6079
  10.7088
  10.8097
  10.9144
  11.0176
  11.1162
  11.2104
  11.2973
  11.3804
  11.4623
  11.5421
  11.6187
  11.6984
  11.7826
  11.8639
  11.9451
  12.0294
  12.1195
  12.2070
  12.2915
  12.3919
  12.4904
  12.6028
  12.7503
  12.8915
  13.0413
  13.1985
  13.3560
  13.5191
  13.6904
  13.8687
  14.0507
  14.2383
  14.4303
  14.6304
  14.8293
  15.0177
  15.2067
  15.3941
  15.5742
  15.7517
  15.9304
  16.0971
  16.2627
  16.4150
  16.5584
  16.6811
  16.8125
  16.9243
  17.0330
  17.1225
  17.2100
  17.2838
  17.3520
  17.4291
  17.4871
  17.5353
  17.5674
  17.5995
  17.6117
  17.6163
  17.6141
  17.6011
  17.5793
  17.5582
  17.5239
  17.4807
  17.4452
  17.3968
  17.3448
  17.2845
  17.2122
  17.1412
  17.0607
  16.9831
  16.9199
  16.8421
  16.7517
  16.6564
  16.5727
  16.5059
  16.4259
  16.3492
  16.2647
  16.1621
  16.0689
  15.9806
  15.8916
  15.7992
  15.6907
  15.5698
  15.4455
  15.3283
  15.2111
  15.0879
  14.9491
  14.8169
  14.6843
  14.5556
  14.4260
  14.2993
  14.1708
  14.0397
  13.9114
  13.7879
  13.6663
  13.5482
  13.4436
  13.3274
  13.2269
  13.1356
  13.0401
  12.9423
  12.8456
  12.7502
  12.6352
  12.5225
  12.4184
  12.3136
  12.2133
  12.1031
  12.0011
  11.9031
  11.8164
  11.7383
  11.6524
  11.5736
  11.4958
  11.4117
  11.3384
  11.2625
  11.1871
  11.1210
  11.0534
  10.9847
  10.9095
  10.8247
  10.7404
  10.6625
  10.5833
  10.4903
  10.3760
  10.2586
  10.1459
  10.0330
   9.9083
   9.7722
   9.6269
   9.4737
   9.3276
   9.1885
   9.0528
   8.9105
   8.7706
   8.6184
   8.4744
   8.3410
   8.2029
   8.0661
   7.9329
   7.7945
   7.6456
   7.4944
   7.3448
   7.1868
   6.9992
   6.7979
   6.5764
   6.3484
   6.1229
   5.8869
   5.6365
   5.4004
   5.1593
   4.9157
   4.6791
   4.4460
   4.2210
   3.9971
   3.7656
   3.5254
   3.2927
   3.0433
   2.7924
   2.5315
   2.2634
   1.9927
   1.7279
   1.4616
   1.1880
   0.9149
   0.6454
   0.3808
   0.1177
  -0.1413
  -0.3950
  -0.6357
  -0.8790
  -1.1033
  -1.3183
  -1.5272
  -1.7293
  -1.9191
  -2.1033
  -2.2756
  -2.4309
  -2.5700
  -2.7053
  -2.8367
  -2.9628
  -3.0756
  -3.1814
  -3.2851
  -3.3735
  -3.4576
  -3.5270
  -3.5994
  -3.6691
  -3.7365
  -3.7977
  -3.8491
  -3.8791
  -3.8871
  -3.8787
  -3.8599
  -3.8253
  -3.7573
  -3.6721
  -3.5599
  -3.4490
  -3.3349
  -3.2134
  -3.0874
  -2.9637
  -2.8407
  -2.7027
  -2.5675
  -2.4309
  -2.2915
  -2.1440
  -1.9948
  -1.8464
  -1.6984
  -1.5390
  -1.3777
  -1.2093
  -1.0468
  -0.8873
  -0.7260
  -0.5560
  -0.3684
  -0.1949
  -0.0345
   0.1269
   0.2893
   0.4543
   0.6272
   0.7889
   0.9581
   1.1228
   1.2898
   1.4543
   1.6124
   1.7736
   1.9327
   2.0848
   2.2252
   2.3500
   2.4674
   2.5817
   2.6917
   2.7887
   2.8788
   2.9609
   3.0304
   3.0970
   3.1534
   3.1992
   3.2461
   3.2975
   3.3510
   3.3952
   3.4248
   3.4360
   3.4350
   3.4181
   3.3917
   3.3568
   3.3222
   3.2810
   3.2423
   3.2031
   3.1643
   3.1247
   3.0793
   3.0315
   2.9730
   2.9076
   2.8405
   2.7671
   2.6809
   2.5984
   2.5136
   2.4324
   2.3478
   2.2542
   2.1409
   2.0241
   1.9114
   1.7975
   1.6774
   1.5341
   1.3919
   1.2543
   1.1071
   0.9436
   0.7665
   0.5717
   0.3629
   0.1484
  -0.0765
  -0.3193
  -0.5599
  -0.7970
  -1.0614
  -1.3272
  -1.6040
  -1.8811
  -2.1514
  -2.4160
  -2.6911
  -2.9647
  -3.2460
  -3.5257
  -3.8029
  -4.0811
  -4.3768
  -4.6684
  -4.9523
  -5.2409
  -5.5439
  -5.8547
  -6.1698
  -6.4844
  -6.7882
  -7.0909
  -7.3863
  -7.6839
  -7.9993
  -8.3169
  -8.6358
  -8.9643
  -9.2935
  -9.6231
  -9.9601
 -10.2801
 -10.5845
 -10.8925
 -11.1948
 -11.4934
 -11.7962
 -12.0976
 -12.4054
 -12.6993
 -12.9936
 -13.2784
 -13.5576
 -13.8144
 -14.0569
 -14.2938
 -14.5167
 -14.7347
 -14.9534
 -15.1611
 -15.3595
 -15.5355
 -15.6938
 -15.8456
 -15.9902
 -16.1292
 -16.2677
 -16.3941
 -16.5085
 -16.6259
 -16.7358
 -16.8275
 -16.9147
 -16.9961
 -17.0832
 -17.1659
 -17.2489
 -17.3277
 -17.4073
 -17.4727
 -17.5403
 -17.6032
 -17.6617
 -17.7090
 -17.7488
 -17.7802
 -17.8025
 -17.8153
 -17.8299
 -17.8498
 -17.8714
 -17.8998
 -17.9181
 -17.9360
 -17.9422
 -17.9346
 -17.9275
 -17.9247
 -17.9055
 -17.8933
 -17.8846
 -17.8726
 -17.8772
 -17.8883
 -17.8926
 -17.8910
 -17.8904
 -17.8843
 -17.8821
 -17.8758
 -17.8717
 -17.8570
 -17.8464
 -17.8337
 -17.8335
 -17.8342
 -17.8330
 -17.8413
 -17.8507
 -17.8462
 -17.8362
 -17.8218
 -17.8197
 -17.8171
 -17.8130
 -17.8035
 -17.7827
 -17.7515
 -17.7273
 -17.7007
 -17.6676
 -17.6404
 -17.6125
 -17.5954
 -17.5734
 -17.5498
 -17.5232
 -17.4886
 -17.4460
 -17.4003
 -17.3533
 -17.3047
 -17.2473
 -17.1923
 -17.1288
 -17.0656
 -17.0022
 -16.9395
 -16.8671
 -16.7813
 -16.6827
 -16.5733
 -16.4624
 -16.3550
 -16.2403
 -16.1249
 -16.0049
 -15.8761
 -15.7465
 -15.6185
 -15.4822
 -15.3498
 -15.2131
 -15.0699
 -14.9322
 -14.7913
 -14.6584
 -14.5209
 -14.3876
 -14.2416
 -14.0956
 -13.9552
 -13.8199
 -13.6901
 -13.5604
 -13.4306
 -13.3020
 -13.1760
 -13.0559
 -12.9384
 -12.8167
 -12.6955
 -12.5788
 -12.4685
 -12.3666
 -12.2797
 -12.2025
 -12.1411
 -12.0930
 -12.0423
 -11.9944
 -11.9456
 -11.8975
 -11.8460
 -11.7897
 -11.7383
 -11.6839
 -11.6342
 -11.5871
 -11.5450
 -11.5055
 -11.4762
 -11.4386
 -11.4061
 -11.3597
 -11.3111
 -11.2584
 -11.2078
 -11.1590
 -11.1167
 -11.0782
 -11.0451
 -11.0176
 -10.9934
 -10.9718
 -10.9509
 -10.9380
 -10.9199
 -10.9119
 -10.8962
 -10.8889
 -10.8807
 -10.8661
 -10.8497
 -10.8349
 -10.8141
 -10.8000
 -10.7919
 -10.7879
 -10.7816
 -10.7789
 -10.7742
 -10.7630
 -10.7549
 -10.7474
 -10.7449
 -10.7345
 -10.7204
 -10.7139
 -10.7039
 -10.6886
 -10.6782
 -10.6700
 -10.6571
 -10.6323
 -10.6069
 -10.5636
 -10.5087
 -10.4392
 -10.3631
 -10.2847
 -10.1977
 -10.1029
  -9.9940
  -9.8815
  -9.7582
  -9.6250
  -9.4853
  -9.3433
  -9.1941
  -9.0426
  -8.8854
  -8.7241
  -8.5632
  -8.4031
  -8.2501
  -8.1109
  -7.9857
  -7.8611
  -7.7401
  -7.6232
  -7.5079
  -7.3884
  -7.2814
  -7.1707
  -7.0633
  -6.9676
  -6.8670
  -6.7832
  -6.6947
  -6.6135
  -6.3984
  -6.1806
  -5.9581
  -5.7328
  -5.5136
  -5.3056
  -5.0923
  -4.8562
  -4.6241
  -4.3940
  -4.1721
  -3.9447
  -3.7180
  -3.4843
  -3.2542
  -3.0256
  -2.8025
  -2.5802
  -2.3548
  -2.1350
  -1.9201
  -1.7036
  -1.4921
  -1.2789
  -1.0725
  -0.8661
  -0.6614
  -0.4674
  -0.2736
  -0.0853
