  -2.1104
  -2.2219
  -2.3219
  -2.4265
  -2.5291
  -2.6355
  -2.7417
  -2.8474
  -2.9508
  -3.0524
  -3.1633
  -3.2675
  -3.3676
  -3.4681
  -3.5647
  -3.6678
  -3.7640
  -3.8600
  -3.9508
  -4.0424
  -4.1282
  -4.2101
  -4.2915
  -4.3703
  -4.4434
  -4.5089
  -4.5770
  -4.6415
  -4.6991
  -4.7621
  -4.8258
  -4.7558
  -4.6915
  -4.6293
  -4.5828
  -4.5460
  -4.5104
  -4.4817
  -4.4551
  -4.4512
  -4.4557
  -4.4585
  -4.4595
  -4.4690
  -4.4798
  -4.4908
  -4.5055
  -4.5189
  -4.5382
  -4.5583
  -4.5840
  -4.6140
  -4.6456
  -4.6835
  -4.7196
  -4.7513
  -4.7811
  -4.8167
  -4.8475
  -4.8759
  -4.9140
  -4.9533
  -4.9862
  -5.0247
  -5.0540
  -5.0840
  -5.1038
  -5.1283
  -5.1438
  -5.1607
  -5.1776
  -5.1854
  -5.1964
  -5.2081
  -5.2139
  -5.2218
  -5.2277
  -5.2401
  -5.2523
  -5.2649
  -5.2778
  -5.2948
  -5.3152
  -5.3398
  -5.3653
  -5.3964
  -5.4318
  -5.4708
  -5.5119
  -5.5535
  -5.5905
  -5.6301
  -5.6663
  -5.7058
  -5.7431
  -5.7749
  -5.8012
  -5.8316
  -5.8594
  -5.8877
  -5.9034
  -5.9213
  -5.9352
  -5.9523
  -5.9618
  -5.9726
  -5.9830
  -5.9949
  -6.0023
  -6.0084
  -6.0144
  -6.0131
  -6.0085
  -6.0013
  -5.9925
  -5.9806
  -5.9702
  -5.9519
  -5.9361
  -5.9212
  -5.9045
  -5.8838
  -5.8626
  -5.8428
  -5.8233
  -5.8043
  -5.7809
  -5.7626
  -5.7384
  -5.7167
  -5.6946
  -5.6670
  -5.6429
  -5.6186
  -5.5939
  -5.5689
  -5.5433
  -5.5158
  -5.4849
  -5.4543
  -5.4242
  -5.3952
  -5.3662
  -5.3363
  -5.3040
  -5.2737
  -5.2390
  -5.2031
  -5.1628
  -5.1227
  -5.0857
  -5.0487
  -5.0103
  -4.9754
  -4.9433
  -4.9203
  -4.8953
  -4.8745
  -4.8494
  -4.8254
  -4.8029
  -4.7823
  -4.7555
  -4.7292
  -4.6986
  -4.6690
  -4.6408
  -4.6155
  -4.5899
  -4.5628
  -4.5384
  -4.5062
  -4.4762
  -4.4463
  -4.4189
  -4.3909
  -4.3600
  -4.3290
  -4.3066
  -4.2785
  -4.2582
  -4.2321
  -4.2117
  -4.1911
  -4.1748
  -4.1574
  -4.1440
  -4.1354
  -4.1294
  -4.1262
  -4.1266
  -4.1302
  -4.1326
  -4.1359
  -4.1363
  -4.1403
  -4.1380
  -4.1365
  -4.1313
  -4.1273
  -4.1232
  -4.1217
  -4.1229
  -4.1222
  -4.1229
  -4.1248
  -4.1288
  -4.1340
  -4.1437
  -4.1586
  -4.1745
  -4.1818
  -4.1939
  -4.2063
  -4.2165
  -4.2211
  -4.2220
  -4.2207
  -4.2144
  -4.2076
  -4.1958
  -4.1818
  -4.1688
  -4.1568
  -4.1486
  -4.1350
  -4.1237
  -4.1080
  -4.0926
  -4.0743
  -4.0609
  -4.0478
  -4.0423
  -4.0334
  -4.0274
  -4.0280
  -4.0319
  -4.0463
  -4.0588
  -4.0667
  -4.0690
  -4.0729
  -4.0790
  -4.0801
  -4.0787
  -4.0757
  -4.0746
  -4.0661
  -4.0539
  -4.0370
  -4.0161
  -3.9938
  -3.9722
  -3.9577
  -3.9418
  -3.9300
  -3.9186
  -3.9175
  -3.9122
  -3.9091
  -3.9079
  -3.9098
  -3.9103
  -3.9061
  -3.9047
  -3.9048
  -3.9062
  -3.9084
  -3.9144
  -3.9180
  -3.9186
  -3.9221
  -3.9412
  -3.9626
  -3.9877
  -4.0190
  -4.0553
  -4.0920
  -4.1341
  -4.1831
  -4.2357
  -4.2997
  -4.3698
  -4.4414
  -4.5183
  -4.5972
  -4.6852
  -4.7737
  -4.8658
  -4.9566
  -5.0496
  -5.1412
  -5.2346
  -5.3316
  -5.4345
  -5.5307
  -5.6218
  -5.7100
  -5.7905
  -5.8745
  -5.9621
  -6.0522
  -6.1317
  -6.2061
  -6.2796
  -6.3514
  -6.4221
  -6.4868
  -6.5565
  -6.6289
  -6.7006
  -6.7706
  -6.8433
  -6.9125
  -6.9759
  -7.0396
  -7.1040
  -7.1692
  -7.2308
  -7.2926
  -7.3505
  -7.4098
  -7.4664
  -7.5254
  -7.5815
  -7.6343
  -7.6849
  -7.7308
  -7.7731
  -7.8131
  -7.8470
  -7.8758
  -7.9002
  -7.9143
  -7.9246
  -7.9293
  -7.9312
  -7.9311
  -7.9340
  -7.9339
  -7.9357
  -7.9350
  -7.9309
  -7.9247
  -7.9135
  -7.8972
  -7.8765
  -7.8586
  -7.8357
  -7.8122
  -7.7854
  -7.7565
  -7.7310
  -7.7036
  -7.6758
  -7.6479
  -7.6264
  -7.6055
  -7.5855
  -7.5672
  -7.5511
  -7.5358
  -7.5246
  -7.5203
  -7.5242
  -7.5346
  -7.5494
  -7.5625
  -7.5781
  -7.5976
  -7.6154
  -7.6341
  -7.6543
  -7.6729
  -7.6926
  -7.7122
  -7.7283
  -7.7421
  -7.7540
  -7.7652
  -7.7787
  -7.7983
  -7.8112
  -7.8210
  -7.8328
  -7.8479
  -7.8649
  -7.8822
  -7.9015
  -7.9216
  -7.9412
  -7.9633
  -7.9883
  -8.0136
  -8.0407
  -8.0649
  -8.0805
  -8.0927
  -8.0937
  -8.0913
  -8.0842
  -8.0735
  -8.0597
  -8.0443
  -8.0255
  -8.0078
  -7.9882
  -7.9692
  -7.9436
  -7.9075
  -7.8650
  -7.8213
  -7.7732
  -7.7179
  -7.6579
  -7.5959
  -7.5285
  -7.4584
  -7.3864
  -7.3148
  -7.2417
  -7.1659
  -7.0905
  -7.0137
  -6.9329
  -6.8498
  -6.7640
  -6.6799
  -6.5963
  -6.5145
  -6.4345
  -6.3533
  -6.2757
  -6.1989
  -6.1230
  -6.0424
  -5.9700
  -5.8938
  -5.8163
  -5.7415
  -5.6653
  -5.5927
  -5.5186
  -5.4490
  -5.3821
  -5.3139
  -5.2473
  -5.1805
  -5.1160
  -5.0493
  -4.9875
  -4.9276
  -4.8699
  -4.8140
  -4.7593
  -4.7044
  -4.6489
  -4.6007
  -4.5541
  -4.5197
  -4.4861
  -4.4557
  -4.4256
  -4.3956
  -4.3676
  -4.3386
  -4.3076
  -4.2715
  -4.2297
  -4.1819
  -4.1415
  -4.1025
  -4.0586
  -4.0205
  -3.9809
  -3.9425
  -3.8950
  -3.8509
  -3.8079
  -3.7643
  -3.7167
  -3.6724
  -3.6314
  -3.5914
  -3.5523
  -3.5172
  -3.4817
  -3.4468
  -3.4111
  -3.3793
  -3.3457
  -3.3119
  -3.2780
  -3.2440
  -3.2092
  -3.1696
  -3.1370
  -3.0950
  -3.0563
  -3.0181
  -2.9775
  -2.9408
  -2.9039
  -2.8720
  -2.8405
  -2.8117
  -2.7836
  -2.7539
  -2.7306
  -2.7052
  -2.6830
  -2.6593
  -2.6351
  -2.6108
  -2.5875
  -2.5604
  -2.5334
  -2.5063
  -2.4841
  -2.4615
  -2.4366
  -2.4120
  -2.3892
  -2.3660
  -2.3447
  -2.3222
  -2.3029
  -2.2850
  -2.2738
  -2.2668
  -2.2698
  -2.2747
  -2.2809
  -2.2935
  -2.3001
  -2.3107
  -2.3239
  -2.3434
  -2.3609
  -2.3792
  -2.4014
  -2.4283
  -2.4508
  -2.4735
  -2.4945
  -2.5177
  -2.5367
  -2.5560
  -2.5724
  -2.5878
  -2.5987
  -2.6094
  -2.6167
  -2.6263
  -2.6337
  -2.6437
  -2.6575
  -2.6695
  -2.6828
  -2.6960
  -2.7138
  -2.7320
  -2.7485
  -2.7624
  -2.7713
  -2.7761
  -2.7752
  -2.7748
  -2.7730
  -2.7634
  -2.7539
  -2.7402
  -2.7202
  -2.6990
  -2.6804
  -2.6591
  -2.6415
  -2.6260
  -2.6157
  -2.6038
  -2.5911
  -2.5781
  -2.5648
  -2.5499
  -2.5344
  -2.5202
  -2.5058
  -2.4908
  -2.4755
  -2.4580
  -2.4411
  -2.4210
  -2.4025
  -2.3873
  -2.3764
  -2.3664
  -2.3605
  -2.3537
  -2.3451
  -2.3407
  -2.3392
  -2.3348
  -2.3285
  -2.3246
  -2.3175
  -2.3105
  -2.3005
  -2.2886
  -2.2765
  -2.2658
  -2.2534
  -2.2408
  -2.2314
  -2.2238
  -2.2182
  -2.2117
  -2.2040
  -2.1966
  -2.1875
  -2.1775
  -2.1717
  -2.1607
  -2.1468
  -2.1355
  -2.1215
  -2.1061
  -2.0901
  -2.0752
  -2.0591
  -2.0432
  -2.0317
  -2.0219
  -2.0126
  -2.0056
  -1.9970
  -1.9829
  -1.9696
  -1.9548
  -1.9385
  -1.9186
  -1.8986
  -1.8828
  -1.8679
  -1.8544
  -1.8437
  -1.8331
  -1.8238
  -1.8145
  -1.8032
  -1.7914
  -1.7763
  -1.7578
  -1.7367
  -1.7157
  -1.6957
  -1.6760
  -1.6616
  -1.6471
  -1.6300
  -1.6185
  -1.6039
  -1.5858
  -1.5685
  -1.5508
  -1.5306
  -1.5123
  -1.4942
  -1.4784
  -1.4655
  -1.4510
  -1.4388
  -1.4251
  -1.4115
  -1.3976
  -1.3813
  -1.3611
  -1.3441
  -1.3266
  -1.3089
  -1.2892
  -1.2722
  -1.2536
  -1.2355
  -1.2192
  -1.1979
  -1.1802
  -1.1633
  -1.1466
  -1.1284
  -1.1097
  -1.0895
  -1.0633
  -1.0339
  -1.0072
  -0.9796
  -0.9528
  -0.9299
  -0.9059
  -0.8846
  -0.8610
  -0.8403
  -0.8247
  -0.8069
  -0.7923
  -0.7759
  -0.7546
  -0.7270
  -0.6962
  -0.6594
  -0.6195
  -0.5787
  -0.5360
  -0.4930
  -0.4532
  -0.4117
  -0.3689
  -0.3260
  -0.2842
  -0.2364
  -0.1903
  -0.1417
  -0.0937
  -0.0445
   0.0027
   0.0510
   0.0980
   0.1452
   0.1905
   0.2366
   0.2855
   0.3293
   0.3753
   0.4141
   0.4498
   0.4899
   0.5288
   0.5587
   0.5936
   0.6310
   0.6692
   0.7016
   0.7365
   0.7708
   0.8058
   0.8395
   0.8702
   0.9089
   0.9474
   0.9846
   1.0259
   1.0689
   1.1106
   1.1502
   1.1931
   1.2403
   1.2847
   1.3299
   1.3798
   1.4326
   1.4856
   1.5393
   1.6018
   1.6720
   1.7489
   1.8304
   1.9135
   1.9984
   2.0757
   2.1544
   2.2274
   2.2934
   2.3620
   2.4261
   2.4898
   2.5592
   2.6276
   2.6942
   2.7639
   2.8376
   2.9118
   2.9876
   3.0642
   3.1456
   3.2281
   3.3155
   3.4030
   3.4918
   3.5838
   3.6795
   3.7798
   3.8778
   3.9815
   4.0835
   4.1941
   4.3075
   4.4190
   4.5335
   4.6593
   4.7830
   4.9051
   5.0281
   5.1583
   5.2837
   5.4136
   5.5427
   5.6761
   5.8133
   5.9469
   6.0695
   6.1918
   6.3023
   6.4097
   6.5110
   6.6257
   6.7315
   6.8454
   6.9562
   7.0775
   7.1878
   7.3069
   7.4244
   7.5483
   7.6734
   7.8025
   7.9295
   8.0695
   8.2167
   8.3618
   8.5205
   8.6836
   8.8357
   8.9912
   9.1303
   9.2659
   9.3882
   9.5144
   9.6331
   9.7635
   9.8993
  10.0500
  10.1883
  10.3371
  10.4781
  10.6102
  10.7424
  10.8841
  11.0313
  11.1921
  11.3585
  11.5279
  11.6932
  11.8636
  12.0358
  12.2105
  12.3816
  12.5551
  12.7288
  12.9032
  13.0767
  13.2507
  13.4268
  13.6034
  13.7749
  13.9521
  14.1277
  14.3001
  14.4674
  14.6367
  14.8012
  14.9797
  15.1628
  15.3495
  15.5401
  15.7366
  15.9214
  16.1073
  16.2874
  16.4723
  16.6449
  16.8289
  17.0026
  17.1825
  17.3551
  17.5248
  17.6883
  17.8541
  18.0067
  18.1536
  18.2974
  18.4318
  18.5576
  18.6963
  18.8361
  18.9848
  19.1357
  19.3000
  19.4574
  19.6222
  19.7778
  19.9279
  20.0618
  20.2028
  20.3304
  20.4663
  20.6081
  20.7497
  20.8794
  21.0009
  21.1132
  21.2164
  21.3181
  21.4171
  21.5128
  21.6071
  21.7001
  21.7915
  21.8820
  21.9685
  22.0522
  22.1339
  22.2140
  22.2928
  22.3721
  22.4539
  22.5346
  22.6180
  22.7021
  22.7895
  22.8761
  22.9697
  23.0633
  23.1501
  23.2441
  23.3388
  23.4342
  23.5298
  23.6314
  23.7293
  23.8260
  23.9290
  24.0262
  24.1281
  24.2311
  24.3395
  24.4418
  24.5588
  24.6716
  24.7803
  24.8830
  24.9880
  25.0922
  25.2000
  25.3146
  25.4252
  25.5408
  25.6566
  25.7710
  25.8843
  25.9970
  26.1120
  26.2227
  26.3295
  26.4334
  26.5414
  26.6480
  26.7538
  26.8556
  26.9634
  27.0762
  27.1862
  27.2972
  27.4104
  27.5258
  27.6461
  27.7623
  27.8772
  27.9962
  28.1156
  28.2367
  28.3613
  28.4788
  28.5976
  28.7140
  28.8316
  28.9500
  29.0692
  29.1831
  29.2952
  29.4110
  29.5201
  29.6289
  29.7288
  29.8318
  29.9333
  30.0348
  30.1338
  30.2302
  30.3303
  30.4255
  30.5262
  30.6228
  30.7220
  30.8143
  30.9098
  30.9944
  31.0817
  31.1510
  31.2243
  31.2937
  31.3641
  31.4325
  31.5019
  31.5676
  31.6218
  31.6751
  31.7290
  31.7857
  31.8350
  31.8833
  31.9262
  31.9700
  32.0179
  32.0653
  32.1203
  32.1718
  32.2210
  32.2743
  32.3290
  32.3743
  32.4187
  32.4529
  32.4897
  32.5184
  32.5456
  32.5615
  32.5776
  32.5941
  32.6035
  32.6101
  32.6114
  32.6063
  32.6076
  32.6074
  32.6039
  32.5979
  32.5900
  32.5791
  32.5698
  32.5560
  32.5409
  32.5268
  32.5078
  32.4946
  32.4811
  32.4675
  32.4525
  32.4369
  32.4202
  32.3995
  32.3837
  32.3590
  32.3339
  32.3114
  32.2941
  32.2694
  32.2521
  32.2302
  32.2183
  32.2008
  32.1907
  32.1742
  32.1576
  32.1323
  32.1120
  32.0945
  32.0830
  32.0616
  32.0380
  32.0222
  32.0086
  32.0000
  31.9827
  31.9666
  31.9512
  31.9285
  31.9132
  31.8956
  31.8737
  31.8500
  31.8330
  31.8132
  31.7987
  31.7792
  31.7619
  31.7455
  31.7338
  31.7230
  31.7134
  31.7103
  31.7087
  31.7120
  31.7219
  31.7297
  31.7387
  31.7538
  31.7671
  31.7778
  31.7872
  31.7986
  31.8177
  31.8313
  31.8411
  31.8496
  31.8516
  31.8578
  31.8612
  31.8628
  31.8654
  31.8662
  31.8599
  31.8511
  31.8470
  31.8365
  31.8210
  31.7963
  31.7666
  31.7281
  31.6898
  31.6511
  31.6063
  31.5654
  31.5353
  31.5053
  31.4781
  31.4468
  31.4106
  31.3654
  31.3283
  31.2850
  31.2427
  31.1962
  31.1488
  31.0996
  31.0448
  30.9876
  30.9333
  30.8737
  30.8062
  30.7345
  30.6684
  30.5979
  30.5242
  30.4509
  30.3874
  30.3218
  30.2576
  30.1892
  30.1183
  30.0458
  29.9735
  29.8979
  29.8228
  29.7412
  29.6577
  29.5752
  29.4893
  29.3988
  29.3090
  29.2181
  29.1243
  29.0304
  28.9335
  28.8360
  28.7353
  28.6437
  28.5433
  28.4408
  28.3399
  28.2365
  28.1336
  28.0330
  27.9304
  27.8272
  27.7284
  27.6319
  27.5378
  27.4451
  27.3532
  27.2624
  27.1622
  27.0661
  26.9648
  26.8572
  26.7511
  26.6444
  26.5436
  26.4422
  26.3468
  26.2495
  26.1531
  26.0570
  25.9592
  25.8549
  25.7505
  25.6499
  25.5578
  25.4639
  25.3674
  25.2801
  25.1966
  25.1087
  25.0201
  24.9299
  24.8424
  24.7492
  24.6573
  24.5637
  24.4764
  24.3820
  24.2866
  24.1878
  24.0903
  23.9902
  23.8820
  23.7812
  23.6707
  23.5589
  23.4494
  23.3390
  23.2227
  23.1071
  22.9887
  22.8720
  22.7616
  22.6499
  22.5413
  22.4368
  22.3314
  22.2249
  22.1223
  22.0179
  21.9151
  21.8148
  21.7100
  21.6023
  21.4939
  21.3841
  21.2694
  21.1567
  21.0441
  20.9329
  20.8190
  20.7051
  20.5903
  20.4712
  20.3511
  20.2199
  20.0845
  19.9502
  19.8155
  19.6828
  19.5403
  19.3996
  19.2625
  19.1316
  18.9982
  18.8551
  18.7152
  18.5738
  18.4371
  18.2957
  18.1530
  18.0095
  17.8696
  17.7283
  17.5902
  17.4476
  17.3051
  17.1586
  17.0213
  16.8761
  16.7311
  16.5874
  16.4437
  16.3100
  16.1670
  16.0285
  15.8952
  15.7659
  15.6317
  15.5052
  15.3727
  15.2384
  15.1057
  14.9627
  14.8205
  14.6663
  14.5123
  14.3596
  14.2079
  14.0518
  13.8980
  13.7463
  13.5931
  13.4386
  13.2826
  13.1273
  12.9783
  12.8343
  12.6894
  12.5417
  12.4019
  12.2607
  12.1185
  11.9778
  11.8415
  11.7037
  11.5760
  11.4532
  11.3279
  11.2049
  11.0788
  10.9589
  10.8363
  10.7176
  10.5991
  10.4757
  10.3642
  10.2465
  10.1320
  10.0127
   9.8935
   9.7759
   9.6595
   9.5426
   9.4260
   9.3052
   9.1877
   9.0687
   8.9524
   8.8380
   8.7306
   8.6242
   8.5119
   8.4015
   8.2933
   8.1888
   8.0846
   7.9762
   7.8678
   7.7627
   7.6527
   7.5447
   7.4412
   7.3405
   7.2439
   7.1523
   7.0620
   6.9685
   6.8761
   6.7817
   6.6905
   6.6016
   6.5090
   6.4219
   6.3343
   6.2515
   6.1681
   6.0804
   5.9969
   5.9110
   5.8309
   5.7453
   5.6657
   5.5847
   5.5067
   5.4228
   5.3462
   5.2627
   5.1844
   5.1078
   5.0226
   4.9426
   4.8602
   4.7820
   4.7014
   4.6175
   4.5403
   4.4541
   4.3745
   4.2914
   4.2102
   4.1289
   4.0460
   3.9651
   3.8817
   3.7965
   3.7108
   3.6273
   3.5439
   3.4598
   3.3743
   3.2909
   3.2041
   3.1172
   3.0335
   2.9451
   2.8531
   2.7639
   2.6765
   2.4466
   2.2282
   2.0206
   1.8245
   1.6369
   1.4501
   1.2756
   1.1043
   0.9486
   0.8006
   0.6484
   0.4952
   0.3443
   0.1953
   0.0499
  -0.0974
  -0.2409
  -0.3801
  -0.5178
  -0.6538
  -0.7882
  -0.9129
  -1.0341
  -1.1587
  -1.2847
  -1.4099
  -1.5306
  -1.6488
  -1.7773
  -1.8927
