   0.1685
   0.2690
   0.3690
   0.4673
   0.5638
   0.6589
   0.7514
   0.8465
   0.9393
   1.0351
   1.1371
   1.2395
   1.3390
   1.4356
   1.5334
   1.6320
   1.7334
   1.8361
   1.9337
   2.0241
   2.1070
   2.1828
   2.2549
   2.3301
   2.4100
   2.4961
   2.5896
   2.6888
   2.7922
   2.8935
   2.9963
   3.0156
   3.0350
   3.0552
   3.0780
   3.1025
   3.1295
   3.1573
   3.1864
   3.2148
   3.2407
   3.2644
   3.2854
   3.3010
   3.3130
   3.3215
   3.3279
   3.3372
   3.3501
   3.3663
   3.3886
   3.4168
   3.4496
   3.4865
   3.5289
   3.5738
   3.6194
   3.6676
   3.7141
   3.7602
   3.8071
   3.8560
   3.9085
   3.9609
   4.0141
   4.0665
   4.1165
   4.1649
   4.2084
   4.2515
   4.2931
   4.3306
   4.3678
   4.4070
   4.4437
   4.4789
   4.5132
   4.5452
   4.5735
   4.6052
   4.6393
   4.6775
   4.7194
   4.7650
   4.8072
   4.8478
   4.8846
   4.9156
   4.9400
   4.9581
   4.9718
   4.9785
   4.9812
   4.9803
   4.9763
   4.9694
   4.9636
   4.9602
   4.9573
   4.9592
   4.9621
   4.9670
   4.9735
   4.9820
   4.9930
   5.0093
   5.0290
   5.0520
   5.0747
   5.0948
   5.1100
   5.1195
   5.1258
   5.1284
   5.1317
   5.1309
   5.1296
   5.1298
   5.1303
   5.1333
   5.1359
   5.1311
   5.1231
   5.1112
   5.0961
   5.0794
   5.0636
   5.0472
   5.0309
   5.0166
   5.0022
   4.9854
   4.9682
   4.9506
   4.9305
   4.9099
   4.8877
   4.8612
   4.8331
   4.8007
   4.7626
   4.7199
   4.6728
   4.6211
   4.5662
   4.5117
   4.4573
   4.4024
   4.3496
   4.3009
   4.2562
   4.2135
   4.1746
   4.1387
   4.1051
   4.0739
   4.0451
   4.0195
   3.9934
   3.9682
   3.9425
   3.9184
   3.8972
   3.8789
   3.8647
   3.8547
   3.8468
   3.8365
   3.8254
   3.8110
   3.7941
   3.7759
   3.7548
   3.7270
   3.6950
   3.6586
   3.6188
   3.5750
   3.5305
   3.4848
   3.4387
   3.3926
   3.3491
   3.3038
   3.2606
   3.2185
   3.1783
   3.1410
   3.1061
   3.0745
   3.0445
   3.0160
   2.9903
   2.9661
   2.9435
   2.9227
   2.9035
   2.8846
   2.8692
   2.8546
   2.8450
   2.8383
   2.8350
   2.8321
   2.8305
   2.8297
   2.8273
   2.8210
   2.8140
   2.8058
   2.7929
   2.7755
   2.7586
   2.7408
   2.7222
   2.7049
   2.6900
   2.6772
   2.6657
   2.6566
   2.6475
   2.6356
   2.6236
   2.6077
   2.5879
   2.5640
   2.5385
   2.5101
   2.4844
   2.4616
   2.4446
   2.4300
   2.4209
   2.4176
   2.4208
   2.4286
   2.4393
   2.4548
   2.4723
   2.4914
   2.5117
   2.5324
   2.5538
   2.5773
   2.6053
   2.6325
   2.6601
   2.6865
   2.7098
   2.7314
   2.7522
   2.7714
   2.7890
   2.8054
   2.8212
   2.8336
   2.8443
   2.8536
   2.8632
   2.8704
   2.8796
   2.8867
   2.8951
   2.9034
   2.9146
   2.9253
   2.9368
   2.9503
   2.9656
   2.9800
   2.9936
   3.0093
   3.0266
   3.0431
   3.0604
   3.0785
   3.0950
   3.1095
   3.1236
   3.1336
   3.1407
   3.1457
   3.1524
   3.1578
   3.1660
   3.1767
   3.1895
   3.2022
   3.2158
   3.2282
   3.2373
   3.2431
   3.2478
   3.2493
   3.2467
   3.2396
   3.2305
   3.2181
   3.2025
   3.1877
   3.1738
   3.1628
   3.1559
   3.1531
   3.1512
   3.1476
   3.1432
   3.1367
   3.1286
   3.1200
   3.1130
   3.1081
   3.1052
   3.1060
   3.1097
   3.1109
   3.1109
   3.1051
   3.0948
   3.0800
   3.0606
   3.0376
   3.0142
   2.9895
   2.9669
   2.9439
   2.9238
   2.9041
   2.8852
   2.8672
   2.8511
   2.8371
   2.8235
   2.8104
   2.7988
   2.7893
   2.7807
   2.7728
   2.7653
   2.7557
   2.7474
   2.7391
   2.7292
   2.7155
   2.6994
   2.6801
   2.6603
   2.6381
   2.6159
   2.5929
   2.5674
   2.5437
   2.5215
   2.5026
   2.4883
   2.4833
   2.4833
   2.4837
   2.4820
   2.4804
   2.4754
   2.4676
   2.4581
   2.4470
   2.4387
   2.4341
   2.4369
   2.4479
   2.4655
   2.4871
   2.5113
   2.5342
   2.5563
   2.5771
   2.5910
   2.5917
   2.5859
   2.5715
   2.5526
   2.5333
   2.5161
   2.5067
   2.5026
   2.5005
   2.5016
   2.5031
   2.5091
   2.5192
   2.5354
   2.5536
   2.5723
   2.5906
   2.6056
   2.6190
   2.6327
   2.6445
   2.6550
   2.6647
   2.6764
   2.6886
   2.7024
   2.7166
   2.7304
   2.7450
   2.7616
   2.7799
   2.7966
   2.8128
   2.8289
   2.8443
   2.8588
   2.8790
   2.9008
   2.9243
   2.9477
   2.9708
   2.9894
   3.0100
   3.0347
   3.0644
   3.0985
   3.1361
   3.1745
   3.2100
   3.2406
   3.2606
   3.2716
   3.2711
   3.2627
   3.2487
   3.2325
   3.2151
   3.1961
   3.1734
   3.1482
   3.1246
   3.1110
   3.1063
   3.1114
   3.1267
   3.1482
   3.1717
   3.1972
   3.2224
   3.2500
   3.2768
   3.3008
   3.3190
   3.3324
   3.3380
   3.3395
   3.3409
   3.3427
   3.3471
   3.3518
   3.3545
   3.3551
   3.3534
   3.3499
   3.3447
   3.3421
   3.3424
   3.3442
   3.3494
   3.3575
   3.3643
   3.3708
   3.3789
   3.3863
   3.3938
   3.4004
   3.4071
   3.4109
   3.4135
   3.4156
   3.4161
   3.4153
   3.4133
   3.4084
   3.4006
   3.3920
   3.3797
   3.3649
   3.3475
   3.3298
   3.3153
   3.3049
   3.2993
   3.3002
   3.3053
   3.3145
   3.3229
   3.3325
   3.3422
   3.3523
   3.3624
   3.3725
   3.3797
   3.3849
   3.3913
   3.3965
   3.4025
   3.4097
   3.4157
   3.4213
   3.4277
   3.4358
   3.4484
   3.4605
   3.4767
   3.4958
   3.5177
   3.5421
   3.5726
   3.6071
   3.6453
   3.6875
   3.7310
   3.7716
   3.8119
   3.8480
   3.8796
   3.9059
   3.9294
   3.9488
   3.9654
   3.9823
   3.9993
   4.0170
   4.0359
   4.0529
   4.0674
   4.0795
   4.0863
   4.0903
   4.0913
   4.0912
   4.0869
   4.0815
   4.0735
   4.0638
   4.0537
   4.0460
   4.0411
   4.0399
   4.0394
   4.0399
   4.0442
   4.0497
   4.0561
   4.0617
   4.0673
   4.0753
   4.0840
   4.0946
   4.1089
   4.1276
   4.1524
   4.1829
   4.2196
   4.2628
   4.3094
   4.3563
   4.4030
   4.4483
   4.4909
   4.5318
   4.5719
   4.6087
   4.6496
   4.6909
   4.7354
   4.7848
   4.8345
   4.8835
   4.9295
   4.9760
   5.0233
   5.0747
   5.1313
   5.1928
   5.2605
   5.3326
   5.4115
   5.4932
   5.5793
   5.6707
   5.7681
   5.8684
   5.9735
   6.0846
   6.2022
   6.3270
   6.4559
   6.5908
   6.7290
   6.8668
   7.0078
   7.1527
   7.2991
   7.4493
   7.6023
   7.7570
   7.9113
   8.0665
   8.2201
   8.3732
   8.5234
   8.6670
   8.8057
   8.9378
   9.0661
   9.1905
   9.3128
   9.4344
   9.5572
   9.6785
   9.7978
   9.9147
  10.0283
  10.1387
  10.2428
  10.3474
  10.4506
  10.5535
  10.6540
  10.7534
  10.8459
  10.9319
  11.0131
  11.0885
  11.1595
  11.2277
  11.2905
  11.3534
  11.4134
  11.4737
  11.5275
  11.5780
  11.6259
  11.6714
  11.7148
  11.7575
  11.8005
  11.8407
  11.8801
  11.9187
  11.9549
  11.9879
  12.0188
  12.0470
  12.0662
  12.0810
  12.0909
  12.0975
  12.0998
  12.1021
  12.1066
  12.1091
  12.1129
  12.1156
  12.1147
  12.1130
  12.1088
  12.1047
  12.0986
  12.0929
  12.0877
  12.0845
  12.0854
  12.0929
  12.1081
  12.1254
  12.1451
  12.1665
  12.1855
  12.2021
  12.2175
  12.2325
  12.2474
  12.2645
  12.2816
  12.2995
  12.3142
  12.3285
  12.3420
  12.3574
  12.3773
  12.4049
  12.4381
  12.4771
  12.5218
  12.5676
  12.6147
  12.6609
  12.7051
  12.7467
  12.7877
  12.8316
  12.8783
  12.9267
  12.9768
  13.0293
  13.0846
  13.1370
  13.1911
  13.2477
  13.3051
  13.3643
  13.4272
  13.4930
  13.5607
  13.6337
  13.7099
  13.7906
  13.8728
  13.9594
  14.0471
  14.1333
  14.2191
  14.3029
  14.3825
  14.4609
  14.5369
  14.6116
  14.6843
  14.7583
  14.8358
  14.9170
  15.0010
  15.0866
  15.1699
  15.2483
  15.3283
  15.4068
  15.4856
  15.5664
  15.6516
  15.7385
  15.8262
  15.9141
  16.0029
  16.0908
  16.1812
  16.2712
  16.3627
  16.4571
  16.5514
  16.6453
  16.7383
  16.8317
  16.9246
  17.0140
  17.1010
  17.1835
  17.2661
  17.3475
  17.4302
  17.5158
  17.6001
  17.6804
  17.7579
  17.8341
  17.9071
  17.9721
  18.0323
  18.0854
  18.1297
  18.1650
  18.1937
  18.2142
  18.2318
  18.2482
  18.2661
  18.2862
  18.3060
  18.3282
  18.3456
  18.3543
  18.3569
  18.3530
  18.3447
  18.3421
  18.3436
  18.3498
  18.3638
  18.3821
  18.4009
  18.4192
  18.4351
  18.4449
  18.4507
  18.4511
  18.4494
  18.4449
  18.4420
  18.4392
  18.4400
  18.4430
  18.4527
  18.4715
  18.4996
  18.5287
  18.5587
  18.5849
  18.6136
  18.6432
  18.6777
  18.7246
  18.7828
  18.8465
  18.9167
  18.9852
  19.0493
  19.1093
  19.1677
  19.2224
  19.2762
  19.3317
  19.3899
  19.4521
  19.5211
  19.5878
  19.6497
  19.7023
  19.7573
  19.8134
  19.8722
  19.9370
  20.0118
  20.0903
  20.1721
  20.2580
  20.3482
  20.4367
  20.5223
  20.6066
  20.6925
  20.7799
  20.8709
  20.9646
  21.0619
  21.1569
  21.2478
  21.3366
  21.4202
  21.4932
  21.5567
  21.6133
  21.6586
  21.6963
  21.7292
  21.7529
  21.7674
  21.7702
  21.7606
  21.7398
  21.7068
  21.6644
  21.6110
  21.5480
  21.4701
  21.3782
  21.2801
  21.1799
  21.0761
  20.9694
  20.8581
  20.7403
  20.6075
  20.4545
  20.2895
  20.1089
  19.9186
  19.7247
  19.5309
  19.3335
  19.1356
  18.9397
  18.7421
  18.5426
  18.3466
  18.1498
  17.9564
  17.7654
  17.5768
  17.3855
  17.1904
  16.9931
  16.7937
  16.5929
  16.3906
  16.1876
  15.9817
  15.7698
  15.5549
  15.3357
  15.1128
  14.8810
  14.6437
  14.4027
  14.1586
  13.9108
  13.6664
  13.4255
  13.1766
  12.9220
  12.6705
  12.4258
  12.1803
  11.9430
  11.7195
  11.5012
  11.2854
  11.0822
  10.8934
  10.7174
  10.5573
  10.4111
  10.2761
  10.1495
  10.0305
   9.9219
   9.8222
   9.7293
   9.6436
   9.5682
   9.4997
   9.4363
   9.3737
   9.3159
   9.2640
   9.2076
   9.1457
   9.0830
   9.0143
   8.9404
   8.8689
   8.8067
   8.7468
   8.6906
   8.6312
   8.5676
   8.5024
   8.4332
   8.3612
   8.2912
   8.2247
   8.1621
   8.1015
   8.0412
   7.9820
   7.9300
   7.8839
   7.8502
   7.8276
   7.8154
   7.8132
   7.8191
   7.8349
   7.8634
   7.8991
   7.9420
   7.9951
   8.0503
   8.0907
   8.1142
   8.1176
   8.0981
   8.0564
   8.0116
   7.9652
   7.9113
   7.8561
   7.8037
   7.7507
   7.7006
   7.6560
   7.6130
   7.5692
   7.5242
   7.4799
   7.4364
   7.3935
   7.3526
   7.3144
   7.2777
   7.2404
   7.1998
   7.1613
   7.1238
   7.0862
   7.0528
   7.0325
   7.0297
   7.0415
   7.0720
   7.1175
   7.1704
   7.2212
   7.2710
   7.3181
   7.3654
   7.4127
   7.4599
   7.5126
   7.5727
   7.6379
   7.7042
   7.7743
   7.8480
   7.9255
   8.0021
   8.0761
   8.1455
   8.2021
   8.2477
   8.2828
   8.3112
   8.3340
   8.3528
   8.3671
   8.3817
   8.3963
   8.4067
   8.4176
   8.4435
   8.4958
   8.5774
   8.6856
   8.8165
   8.9577
   9.1000
   9.2431
   9.3886
   9.5398
   9.6941
   9.8487
  10.0030
  10.1554
  10.3090
  10.4602
  10.6083
  10.7490
  10.8838
  11.0125
  11.1361
  11.2547
  11.3704
  11.4877
  11.6022
  11.7155
  11.8243
  11.9309
  12.0323
  12.1265
  12.2153
  12.2998
  12.3788
  12.4532
  12.5273
  12.6019
  12.6746
  12.7441
  12.8107
  12.8776
  12.9438
  13.0091
  13.0780
  13.1481
  13.2150
  13.2756
  13.3296
  13.3801
  13.4237
  13.4640
  13.5009
  13.5365
  13.5724
  13.6064
  13.6368
  13.6690
  13.7031
  13.7366
  13.7742
  13.8176
  13.8623
  13.9047
  13.9498
  13.9970
  14.0394
  14.0765
  14.1053
  14.1228
  14.1285
  14.1304
  14.1291
  14.1279
  14.1273
  14.1236
  14.1175
  14.1051
  14.0853
  14.0621
  14.0342
  13.9998
  13.9602
  13.9125
  13.8583
  13.8004
  13.7352
  13.6627
  13.5819
  13.4955
  13.3973
  13.2921
  13.1820
  13.0676
  12.9494
  12.8278
  12.7046
  12.5754
  12.4373
  12.2953
  12.1512
  12.0006
  11.8395
  11.6740
  11.5021
  11.3220
  11.1411
  10.9642
  10.7916
  10.6210
  10.4511
  10.2828
  10.1155
   9.9493
   9.7842
   9.6185
   9.4537
   9.2927
   9.1280
   8.9593
   8.7911
   8.6184
   8.4398
   8.2608
   8.0849
   7.9068
   7.7249
   7.5481
   7.3791
   7.2205
   7.0785
   6.9556
   6.8394
   6.7244
   6.6012
   6.4703
   6.3306
   6.1826
   6.0329
   5.8851
   5.7362
   5.5863
   5.4363
   5.2864
   5.1396
   4.9938
   4.8462
   4.6984
   4.5546
   4.4146
   4.2765
   4.1460
   4.0230
   3.9049
   3.7914
   3.6819
   3.5787
   3.4787
   3.3836
   3.2941
   3.2106
   3.1303
   3.0550
   2.9838
   2.9142
   2.8466
   2.7788
   2.7056
   2.6270
   2.5472
   2.4715
   2.3954
   2.3251
   2.2613
   2.2010
   2.1429
   2.0862
   2.0276
   1.9665
   1.9059
   1.8423
   1.7758
   1.7077
   1.6410
   1.5749
   1.5086
   1.4448
   1.3835
   1.3235
   1.2606
   1.1921
   1.1146
   1.0269
   0.9345
   0.8376
   0.7414
   0.6466
   0.5547
   0.4641
   0.3767
   0.2924
   0.2087
   0.1311
   0.0627
  -0.0002
  -0.0563
  -0.1043
  -0.1459
  -0.1786
  -0.2066
  -0.2284
  -0.2451
  -0.2530
  -0.2577
  -0.2573
  -0.2549
  -0.2533
  -0.2524
  -0.2533
  -0.2568
  -0.2574
  -0.2563
  -0.2514
  -0.2390
  -0.2171
  -0.1901
  -0.1542
  -0.1070
  -0.0517
   0.0090
   0.0728
   0.1343
   0.1936
   0.2480
   0.2954
   0.3392
   0.3753
   0.4067
   0.4421
   0.4782
   0.5136
   0.5570
   0.6065
   0.6601
   0.7165
   0.7730
   0.8292
   0.8837
   0.9338
   0.9757
   1.0149
   1.0511
   1.0819
   1.1063
   1.1257
   1.1457
   1.1660
   1.1822
   1.1989
   1.2162
   1.2284
   1.2386
   1.2508
   1.2614
   1.2684
   1.2759
   1.2800
   1.2786
   1.2721
   1.2592
   1.2412
   1.2209
   1.2017
   1.1774
   1.1544
   1.1276
   1.0988
   1.0710
   1.0420
   1.0121
   0.9804
   0.9419
   0.8974
   0.8458
   0.7868
   0.7186
   0.6448
   0.5625
   0.4691
   0.3665
   0.2595
   0.1464
   0.0299
  -0.0878
  -0.2059
  -0.3229
  -0.4382
  -0.5465
  -0.6477
  -0.7465
  -0.8400
  -0.9269
  -1.0140
  -1.1047
  -1.1944
  -1.2860
  -1.3781
  -1.4687
  -1.5598
  -1.6478
  -1.7297
  -1.8090
  -1.8843
  -1.9521
  -2.0121
  -2.0660
  -2.1147
  -2.1596
  -2.1994
  -2.2340
  -2.2662
  -2.2944
  -2.3205
  -2.3471
  -2.3710
  -2.3954
  -2.4198
  -2.4437
  -2.4660
  -2.4866
  -2.5035
  -2.5179
  -2.5307
  -2.5442
  -2.5574
  -2.5742
  -2.5847
  -2.5939
  -2.6053
  -2.6197
  -2.6346
  -2.6502
  -2.6642
  -2.6755
  -2.6854
  -2.6953
  -2.7049
  -2.7123
  -2.7178
  -2.7175
  -2.7103
  -2.6994
  -2.6871
  -2.6729
  -2.6579
  -2.6438
  -2.6291
  -2.6131
  -2.5983
  -2.5867
  -2.5771
  -2.5704
  -2.5691
  -2.5705
  -2.5729
  -2.5808
  -2.5906
  -2.5980
  -2.6035
  -2.6087
  -2.6132
  -2.6190
  -2.6228
  -2.6230
  -2.6164
  -2.6047
  -2.5884
  -2.5718
  -2.5553
  -2.5386
  -2.5249
  -2.5124
  -2.4977
  -2.4826
  -2.4613
  -2.4382
  -2.3291
  -2.2207
  -2.1130
  -2.0097
  -1.9100
  -1.8170
  -1.7259
  -1.6403
  -1.5543
  -1.4674
  -1.3808
  -1.2967
  -1.2108
  -1.1214
  -1.0264
  -0.9292
  -0.8309
  -0.7305
  -0.6309
  -0.5314
  -0.4305
  -0.3273
  -0.2261
  -0.1253
  -0.0260
   0.0707
   0.1650
   0.2626
   0.3626
   0.4693
