 -31.6729
 -32.4561
 -33.2159
 -33.9615
 -34.7087
 -35.4714
 -36.2390
 -37.0180
 -37.7972
 -38.5613
 -39.3090
 -40.0447
 -40.7716
 -41.4961
 -42.2148
 -42.9371
 -43.6488
 -44.3595
 -45.0733
 -45.7933
 -46.5135
 -47.2355
 -47.9548
 -48.6526
 -49.3182
 -49.9455
 -50.5562
 -51.0910
 -51.5624
 -51.9768
 -52.3415
 -52.1108
 -51.8740
 -51.6497
 -51.4224
 -51.1937
 -50.9261
 -50.6149
 -50.2197
 -49.7735
 -49.2990
 -48.8212
 -48.3510
 -47.9291
 -47.5101
 -47.1346
 -46.7437
 -46.3343
 -45.8953
 -45.4718
 -45.0109
 -44.5650
 -44.1453
 -43.7379
 -43.3179
 -42.9022
 -42.4771
 -42.0286
 -41.5505
 -41.0675
 -40.5597
 -40.0547
 -39.5790
 -39.1203
 -38.6614
 -38.2319
 -37.7975
 -37.3351
 -36.8568
 -36.3844
 -35.8960
 -35.4166
 -34.9583
 -34.5460
 -34.1376
 -33.7392
 -33.3246
 -32.8955
 -32.4316
 -31.9705
 -31.5013
 -31.0536
 -30.6334
 -30.2272
 -29.8426
 -29.5078
 -29.1993
 -28.8920
 -28.6642
 -28.5176
 -28.4376
 -28.4390
 -28.4640
 -28.5313
 -28.6033
 -28.6802
 -28.7493
 -28.8571
 -28.9754
 -29.1436
 -29.3523
 -29.5717
 -29.7555
 -29.8948
 -29.9753
 -30.0452
 -30.0718
 -30.1001
 -30.1562
 -30.2418
 -30.2934
 -30.3731
 -30.4748
 -30.5441
 -30.6105
 -30.6989
 -30.8031
 -30.9170
 -31.0826
 -31.2935
 -31.5295
 -31.7969
 -32.0877
 -32.3585
 -32.6372
 -32.9319
 -33.1971
 -33.4407
 -33.7169
 -33.9978
 -34.2754
 -34.5841
 -34.9003
 -35.1979
 -35.4598
 -35.7250
 -35.9797
 -36.2501
 -36.5550
 -36.8912
 -37.2137
 -37.5334
 -37.8287
 -38.0793
 -38.3005
 -38.5092
 -38.6931
 -38.8489
 -38.9956
 -39.1176
 -39.2036
 -39.2895
 -39.3549
 -39.4060
 -39.4304
 -39.4376
 -39.4290
 -39.4171
 -39.3956
 -39.3913
 -39.4038
 -39.4176
 -39.4284
 -39.4471
 -39.4845
 -39.5281
 -39.5953
 -39.6750
 -39.7794
 -39.8718
 -39.9643
 -40.0505
 -40.1445
 -40.2088
 -40.2917
 -40.3635
 -40.4306
 -40.4759
 -40.5133
 -40.5148
 -40.5025
 -40.4732
 -40.4454
 -40.4069
 -40.3779
 -40.3492
 -40.3253
 -40.2830
 -40.2535
 -40.2057
 -40.1519
 -40.0875
 -40.0188
 -39.9362
 -39.8586
 -39.7765
 -39.6837
 -39.5861
 -39.4933
 -39.3832
 -39.2653
 -39.1536
 -39.0496
 -38.9500
 -38.8658
 -38.8066
 -38.7597
 -38.7030
 -38.6698
 -38.6536
 -38.6542
 -38.6811
 -38.7017
 -38.7239
 -38.7352
 -38.7390
 -38.7321
 -38.7392
 -38.7511
 -38.7790
 -38.8194
 -38.8504
 -38.8643
 -38.8611
 -38.8391
 -38.7890
 -38.7263
 -38.6494
 -38.5768
 -38.4884
 -38.3967
 -38.3063
 -38.2360
 -38.1344
 -38.0374
 -37.9418
 -37.8523
 -37.7457
 -37.6484
 -37.5513
 -37.4557
 -37.3522
 -37.2580
 -37.1435
 -37.0196
 -36.8814
 -36.7258
 -36.5278
 -36.3388
 -36.1450
 -35.9538
 -35.7811
 -35.6252
 -35.4770
 -35.3629
 -35.2580
 -35.1467
 -35.0417
 -34.9520
 -34.8357
 -34.7208
 -34.6136
 -34.5125
 -34.4067
 -34.3070
 -34.2041
 -34.1025
 -33.9790
 -33.8462
 -33.7136
 -33.5808
 -33.4560
 -33.3252
 -33.1992
 -33.0626
 -32.9262
 -32.7853
 -32.6566
 -32.5267
 -32.3970
 -32.2717
 -32.1369
 -31.9976
 -31.8566
 -31.7235
 -31.5949
 -31.4818
 -31.3638
 -31.2520
 -31.1138
 -30.9587
 -30.7912
 -30.6424
 -30.4629
 -30.3038
 -30.1573
 -30.0187
 -29.8571
 -29.7160
 -29.5765
 -29.4386
 -29.3085
 -29.2111
 -29.1106
 -29.0196
 -28.9377
 -28.8545
 -28.7479
 -28.6693
 -28.5984
 -28.5258
 -28.4701
 -28.4146
 -28.3604
 -28.3232
 -28.2735
 -28.2175
 -28.1818
 -28.1694
 -28.1447
 -28.1481
 -28.1626
 -28.1912
 -28.2122
 -28.2395
 -28.2748
 -28.3213
 -28.3477
 -28.3948
 -28.4748
 -28.5642
 -28.6679
 -28.7702
 -28.8726
 -28.9719
 -29.0727
 -29.1845
 -29.3164
 -29.4669
 -29.6266
 -29.8126
 -29.9938
 -30.1750
 -30.3611
 -30.5611
 -30.7642
 -30.9800
 -31.2004
 -31.4382
 -31.6761
 -31.9268
 -32.1913
 -32.4731
 -32.7176
 -32.9730
 -33.2285
 -33.4823
 -33.7346
 -34.0162
 -34.2901
 -34.5638
 -34.8375
 -35.1113
 -35.3647
 -35.5961
 -35.8227
 -36.0307
 -36.2215
 -36.4419
 -36.6733
 -36.8955
 -37.1269
 -37.3384
 -37.5173
 -37.6682
 -37.7850
 -37.8769
 -37.9704
 -38.0623
 -38.1325
 -38.2041
 -38.2634
 -38.3101
 -38.3395
 -38.3702
 -38.3991
 -38.4171
 -38.4175
 -38.4223
 -38.4315
 -38.4264
 -38.4274
 -38.4283
 -38.4262
 -38.4271
 -38.4266
 -38.4339
 -38.4430
 -38.4522
 -38.4489
 -38.4520
 -38.4255
 -38.3897
 -38.3492
 -38.3086
 -38.2526
 -38.1964
 -38.1369
 -38.0775
 -38.0134
 -37.9478
 -37.8898
 -37.8366
 -37.7754
 -37.7329
 -37.6918
 -37.6444
 -37.5925
 -37.5312
 -37.4499
 -37.3717
 -37.2936
 -37.2281
 -37.1563
 -37.0691
 -37.0006
 -36.9321
 -36.8589
 -36.8136
 -36.7870
 -36.7511
 -36.7263
 -36.6939
 -36.6614
 -36.6399
 -36.6294
 -36.6235
 -36.6428
 -36.6760
 -36.7060
 -36.7424
 -36.7820
 -36.8230
 -36.8627
 -36.9057
 -36.9506
 -36.9971
 -37.0265
 -37.0528
 -37.0856
 -37.1043
 -37.1358
 -37.1672
 -37.2049
 -37.2517
 -37.3016
 -37.3625
 -37.4311
 -37.4966
 -37.5590
 -37.6387
 -37.7027
 -37.7653
 -37.8250
 -37.8817
 -37.9151
 -37.9517
 -37.9884
 -38.0269
 -38.0623
 -38.0994
 -38.1350
 -38.1627
 -38.1794
 -38.1946
 -38.2098
 -38.2233
 -38.2508
 -38.2750
 -38.2940
 -38.3189
 -38.3358
 -38.3523
 -38.3497
 -38.3264
 -38.3031
 -38.2610
 -38.1891
 -38.1267
 -38.0629
 -37.9851
 -37.9230
 -37.8687
 -37.8192
 -37.7821
 -37.7526
 -37.7215
 -37.7012
 -37.6853
 -37.6520
 -37.6172
 -37.5789
 -37.5372
 -37.4909
 -37.4505
 -37.4131
 -37.3787
 -37.3316
 -37.2907
 -37.2670
 -37.2370
 -37.2225
 -37.2046
 -37.1900
 -37.1673
 -37.1369
 -37.1019
 -37.0605
 -37.0002
 -36.9273
 -36.8589
 -36.7593
 -36.6563
 -36.5611
 -36.4766
 -36.3778
 -36.2946
 -36.2021
 -36.1001
 -35.9839
 -35.8659
 -35.7432
 -35.6250
 -35.5004
 -35.3836
 -35.2761
 -35.1606
 -35.0451
 -34.9154
 -34.7733
 -34.6314
 -34.4958
 -34.3836
 -34.2794
 -34.1879
 -34.1215
 -34.0614
 -33.9949
 -33.9551
 -33.9276
 -33.8907
 -33.8694
 -33.8464
 -33.8200
 -33.8013
 -33.7856
 -33.7683
 -33.7650
 -33.7712
 -33.7602
 -33.7492
 -33.7320
 -33.7087
 -33.6822
 -33.6634
 -33.6509
 -33.6431
 -33.6211
 -33.5974
 -33.5784
 -33.5406
 -33.5139
 -33.4858
 -33.4593
 -33.4296
 -33.3953
 -33.3657
 -33.3389
 -33.3057
 -33.2756
 -33.2532
 -33.2134
 -33.1860
 -33.1539
 -33.1184
 -33.0673
 -33.0177
 -32.9477
 -32.8820
 -32.8069
 -32.7410
 -32.6735
 -32.6045
 -32.5294
 -32.4510
 -32.3758
 -32.2897
 -32.2116
 -32.1242
 -32.0323
 -31.9374
 -31.8411
 -31.7356
 -31.6084
 -31.4721
 -31.3299
 -31.1816
 -31.0240
 -30.8854
 -30.7484
 -30.5990
 -30.4574
 -30.3032
 -30.1458
 -29.9885
 -29.8375
 -29.6662
 -29.5091
 -29.3503
 -29.1745
 -28.9971
 -28.8356
 -28.6867
 -28.5441
 -28.4174
 -28.2972
 -28.1727
 -28.0344
 -27.9027
 -27.7826
 -27.6677
 -27.5690
 -27.4691
 -27.3649
 -27.2579
 -27.1508
 -27.0489
 -26.9470
 -26.8468
 -26.7547
 -26.6689
 -26.5817
 -26.4995
 -26.4128
 -26.3249
 -26.2311
 -26.1391
 -26.0536
 -25.9886
 -25.9347
 -25.9060
 -25.8901
 -25.8836
 -25.8833
 -25.8813
 -25.8842
 -25.8714
 -25.8571
 -25.8365
 -25.8206
 -25.8078
 -25.8076
 -25.8071
 -25.7970
 -25.7806
 -25.7593
 -25.7393
 -25.7268
 -25.7393
 -25.7641
 -25.7984
 -25.8419
 -25.8792
 -25.9103
 -25.9336
 -25.9537
 -25.9672
 -26.0041
 -26.0388
 -26.0796
 -26.1338
 -26.2001
 -26.2579
 -26.3105
 -26.3613
 -26.4054
 -26.4433
 -26.4824
 -26.5279
 -26.5796
 -26.6315
 -26.6815
 -26.7298
 -26.7765
 -26.8215
 -26.8630
 -26.8968
 -26.9240
 -26.9401
 -26.9467
 -26.9422
 -26.9298
 -26.9094
 -26.8840
 -26.8552
 -26.8277
 -26.8001
 -26.7752
 -26.7516
 -26.7215
 -26.6804
 -26.6252
 -26.5513
 -26.4633
 -26.3645
 -26.2643
 -26.1643
 -26.0676
 -25.9771
 -25.8946
 -25.8151
 -25.7417
 -25.6713
 -25.6102
 -25.5648
 -25.5318
 -25.5035
 -25.4753
 -25.4364
 -25.3773
 -25.2993
 -25.2041
 -25.0920
 -24.9689
 -24.8396
 -24.7105
 -24.5848
 -24.4624
 -24.3417
 -24.2216
 -24.0955
 -23.9621
 -23.8261
 -23.6891
 -23.5572
 -23.4350
 -23.3195
 -23.2022
 -23.0773
 -22.9475
 -22.8049
 -22.6524
 -22.4967
 -22.3326
 -22.1590
 -21.9772
 -21.7923
 -21.6088
 -21.4348
 -21.2749
 -21.1278
 -20.9934
 -20.8640
 -20.7395
 -20.6135
 -20.4832
 -20.3497
 -20.2164
 -20.0845
 -19.9544
 -19.8275
 -19.7050
 -19.5841
 -19.4660
 -19.3493
 -19.2293
 -19.0950
 -18.9401
 -18.7771
 -18.6111
 -18.4482
 -18.2996
 -18.1620
 -18.0310
 -17.9034
 -17.7789
 -17.6562
 -17.5399
 -17.4266
 -17.3163
 -17.2138
 -17.1269
 -17.0571
 -17.0075
 -16.9798
 -16.9661
 -16.9523
 -16.9306
 -16.8948
 -16.8449
 -16.7807
 -16.7119
 -16.6398
 -16.5630
 -16.4830
 -16.3951
 -16.2977
 -16.1908
 -16.0855
 -15.9878
 -15.8948
 -15.8112
 -15.7372
 -15.6664
 -15.6020
 -15.5454
 -15.5000
 -15.4528
 -15.4025
 -15.3430
 -15.2773
 -15.2036
 -15.1235
 -15.0447
 -14.9674
 -14.8900
 -14.8124
 -14.7347
 -14.6551
 -14.5740
 -14.4896
 -14.4051
 -14.3191
 -14.2347
 -14.1550
 -14.0832
 -14.0241
 -13.9854
 -13.9748
 -13.9736
 -13.9754
 -13.9660
 -13.9438
 -13.9025
 -13.8547
 -13.7988
 -13.7397
 -13.6740
 -13.6003
 -13.5235
 -13.4482
 -13.3776
 -13.3037
 -13.2315
 -13.1607
 -13.0867
 -13.0094
 -12.9320
 -12.8574
 -12.7906
 -12.7316
 -12.6772
 -12.6195
 -12.5587
 -12.4898
 -12.4131
 -12.3333
 -12.2565
 -12.1816
 -12.1100
 -12.0387
 -11.9721
 -11.9086
 -11.8421
 -11.7754
 -11.7102
 -11.6467
 -11.5814
 -11.5206
 -11.4645
 -11.4115
 -11.3585
 -11.3072
 -11.2542
 -11.2013
 -11.1454
 -11.0910
 -11.0370
 -10.9858
 -10.9349
 -10.8793
 -10.8223
 -10.7639
 -10.7040
 -10.6472
 -10.5920
 -10.5367
 -10.4814
 -10.4275
 -10.3689
 -10.3118
 -10.2515
 -10.1898
 -10.1234
 -10.0618
  -9.9956
  -9.9292
  -9.8615
  -9.7937
  -9.7259
  -9.6612
  -9.5997
  -9.5396
  -9.4809
  -9.4160
  -9.3431
  -9.2608
  -9.1722
  -9.0773
  -8.9779
  -8.8705
  -8.7567
  -8.6414
  -8.5308
  -8.4249
  -8.3283
  -8.2411
  -8.1568
  -8.0680
  -7.9792
  -7.8855
  -7.7855
  -7.6809
  -7.5751
  -7.4678
  -7.3591
  -7.2525
  -7.1425
  -7.0326
  -6.9249
  -6.8170
  -6.7079
  -6.5989
  -6.4849
  -6.3709
  -6.2507
  -6.1257
  -5.9961
  -5.8677
  -5.7366
  -5.6082
  -5.4812
  -5.3557
  -5.2255
  -5.0933
  -4.9549
  -4.8118
  -4.6640
  -4.5128
  -4.3538
  -4.1917
  -4.0203
  -3.8412
  -3.6605
  -3.4737
  -3.2822
  -3.0940
  -2.9060
  -2.7166
  -2.5289
  -2.3380
  -2.1395
  -1.9394
  -1.7363
  -1.5350
  -1.3400
  -1.1546
  -0.9786
  -0.8041
  -0.6362
  -0.4699
  -0.3038
  -0.1347
   0.0375
   0.2112
   0.3785
   0.5298
   0.6655
   0.7837
   0.8912
   1.0005
   1.1226
   1.2497
   1.3895
   1.5359
   1.6780
   1.8139
   1.9486
   2.0708
   2.1911
   2.3102
   2.4372
   2.5613
   2.6920
   2.8163
   2.9498
   3.0851
   3.2172
   3.3447
   3.4752
   3.6024
   3.7291
   3.8586
   3.9943
   4.1250
   4.2440
   4.3548
   4.4574
   4.5533
   4.6441
   4.7299
   4.8122
   4.8802
   4.9308
   4.9685
   4.9967
   5.0154
   5.0293
   5.0385
   5.0477
   5.0537
   5.0503
   5.0405
   5.0277
   5.0134
   5.0007
   4.9897
   4.9803
   4.9710
   4.9522
   4.9239
   4.8878
   4.8438
   4.7904
   4.7258
   4.6595
   4.5963
   4.5409
   4.4979
   4.4643
   4.4303
   4.3915
   4.3337
   4.2743
   4.2006
   4.1207
   4.0392
   3.9576
   3.8667
   3.7805
   3.6913
   3.6006
   3.4972
   3.3955
   3.2824
   3.1645
   3.0324
   2.8987
   2.7602
   2.6294
   2.5019
   2.3839
   2.2740
   2.1643
   2.0484
   1.9328
   1.8256
   1.7235
   1.6281
   1.5395
   1.4607
   1.3872
   1.3188
   1.2571
   1.2099
   1.1741
   1.1432
   1.1220
   1.1072
   1.0957
   1.0844
   1.0746
   1.0694
   1.0644
   1.0640
   1.0603
   1.0550
   1.0417
   1.0219
   0.9955
   0.9706
   0.9535
   0.9444
   0.9398
   0.9431
   0.9525
   0.9557
   0.9556
   0.9571
   0.9551
   0.9479
   0.9406
   0.9298
   0.9184
   0.8971
   0.8819
   0.8728
   0.8700
   0.8764
   0.8983
   0.9200
   0.9401
   0.9569
   0.9719
   0.9837
   1.0050
   1.0405
   1.0824
   1.1290
   1.1883
   1.2478
   1.3136
   1.3827
   1.4471
   1.5051
   1.5616
   1.6149
   1.6663
   1.7271
   1.8034
   1.8813
   1.9508
   2.0122
   2.0673
   2.1124
   2.1464
   2.1707
   2.1839
   2.1890
   2.1876
   2.1895
   2.1991
   2.2229
   2.2531
   2.2863
   2.3180
   2.3575
   2.3987
   2.4510
   2.5145
   2.5874
   2.6588
   2.7288
   2.7988
   2.8641
   2.9279
   2.9887
   3.0622
   3.1390
   3.2190
   3.3009
   3.4009
   3.5043
   3.6176
   3.7380
   3.8716
   4.0086
   4.1508
   4.2961
   4.4450
   4.5958
   4.7530
   4.9149
   5.0753
   5.2452
   5.4136
   5.5709
   5.7191
   5.8721
   6.0238
   6.1773
   6.3406
   6.5023
   6.6498
   6.7799
   6.9101
   7.0307
   7.1465
   7.2715
   7.3966
   7.4930
   7.5736
   7.6464
   7.7144
   7.7840
   7.8631
   7.9612
   8.0688
   8.1857
   8.3091
   8.4307
   8.5444
   8.6596
   8.7701
   8.8774
   8.9783
   9.0790
   9.1768
   9.2763
   9.3823
   9.4902
   9.5949
   9.6918
   9.7775
   9.8507
   9.9224
   9.9863
  10.0485
  10.0983
  10.1449
  10.1898
  10.2427
  10.2955
  10.3577
  10.4197
  10.4769
  10.5135
  10.5262
  10.5166
  10.4959
  10.4687
  10.4445
  10.4217
  10.4066
  10.4087
  10.4170
  10.4331
  10.4616
  10.4912
  10.5173
  10.5365
  10.5474
  10.5500
  10.5460
  10.5417
  10.5483
  10.5516
  10.5549
  10.5565
  10.5441
  10.5175
  10.4989
  10.4868
  10.4857
  10.4862
  10.4787
  10.4665
  10.4400
  10.4056
  10.3680
  10.3240
  10.2722
  10.2156
  10.1367
  10.0388
   9.9265
   9.8093
   9.6827
   9.5510
   9.4143
   9.2662
   9.1100
   8.9523
   8.7980
   8.6566
   8.5278
   8.4087
   8.2976
   8.1962
   8.1073
   8.0199
   7.9323
   7.8382
   7.7345
   7.6226
   7.5026
   7.3809
   7.2652
   7.1588
   7.0587
   6.9586
   6.8520
   6.7325
   6.6050
   6.4663
   6.3149
   6.1491
   5.9769
   5.7982
   5.6194
   5.4341
   5.2474
   5.0526
   4.8437
   4.6236
   4.4020
   4.1806
   3.9592
   3.7428
   3.5313
   3.3200
   3.1043
   2.8857
   2.6673
   2.4444
   2.2279
   2.0195
   1.8176
   1.6156
   1.4154
   1.2152
   1.0152
   0.8263
   0.6457
   0.4749
   0.3136
   0.1605
   0.0124
  -0.1293
  -0.2677
  -0.4077
  -0.5508
  -0.6926
  -0.8330
  -0.9707
  -1.1086
  -1.2498
  -1.3962
  -1.5524
  -1.7166
  -1.8921
  -2.0674
  -2.2409
  -2.4126
  -2.5810
  -2.7460
  -2.9092
  -3.0690
  -3.2303
  -3.3915
  -3.5556
  -3.7166
  -3.8789
  -4.0362
  -4.1916
  -4.3450
  -4.4981
  -4.6477
  -4.7906
  -4.9268
  -5.0547
  -5.1759
  -5.2938
  -5.4099
  -5.5260
  -5.6452
  -5.7676
  -5.8918
  -6.0144
  -6.1374
  -6.2591
  -6.3794
  -6.4954
  -6.6069
  -6.7139
  -6.8195
  -6.9268
  -7.0343
  -7.1450
  -7.2541
  -7.3587
  -7.4569
  -7.5457
  -7.6314
  -7.7127
  -7.7942
  -7.8771
  -7.9570
  -8.0322
  -8.1010
  -8.1666
  -8.2255
  -8.2779
  -8.3300
  -8.3848
  -8.4328
  -8.4820
  -8.5277
  -8.5681
  -8.5971
  -9.2199
  -9.8345
 -10.4476
 -11.0685
 -11.7006
 -12.3393
 -13.0020
 -13.7014
 -14.4262
 -15.1749
 -15.9569
 -16.7611
 -17.5745
 -18.3768
 -19.1774
 -19.9891
 -20.8088
 -21.6287
 -22.4772
 -23.3482
 -24.2083
 -25.0624
 -25.9213
 -26.7786
 -27.6249
 -28.4710
 -29.3137
 -30.1467
 -30.9669
 -31.7869
