  -0.8769
  -0.8034
  -0.7168
  -0.6237
  -0.5274
  -0.4426
  -0.3753
  -0.3286
  -0.2866
  -0.2431
  -0.1962
  -0.1398
  -0.0801
  -0.0111
   0.0597
   0.1320
   0.2076
   0.2801
   0.3461
   0.4120
   0.4763
   0.5390
   0.5998
   0.6585
   0.7168
   0.7783
   0.8411
   0.9070
   0.9713
   1.0388
   1.0996
   1.1130
   1.1246
   1.1315
   1.1256
   1.1180
   1.1168
   1.1060
   1.0920
   1.0796
   1.0671
   1.0625
   1.0613
   1.0712
   1.0781
   1.0816
   1.0789
   1.0713
   1.0540
   1.0256
   1.0036
   0.9849
   0.9823
   0.9942
   1.0270
   1.0755
   1.1355
   1.1890
   1.2459
   1.2885
   1.3152
   1.3306
   1.3366
   1.3331
   1.3248
   1.3069
   1.3034
   1.3127
   1.3379
   1.3729
   1.4047
   1.4269
   1.4395
   1.4504
   1.4550
   1.4578
   1.4590
   1.4569
   1.4643
   1.4637
   1.4694
   1.4768
   1.4919
   1.5073
   1.5211
   1.5350
   1.5440
   1.5418
   1.5333
   1.5214
   1.5113
   1.4979
   1.4863
   1.4794
   1.4741
   1.4719
   1.4683
   1.4613
   1.4496
   1.4378
   1.4147
   1.3867
   1.3540
   1.3181
   1.2773
   1.2333
   1.1925
   1.1612
   1.1411
   1.1308
   1.1362
   1.1433
   1.1534
   1.1522
   1.1431
   1.1145
   1.0814
   1.0385
   1.0004
   0.9620
   0.9300
   0.9076
   0.8804
   0.8516
   0.8177
   0.7823
   0.7483
   0.7031
   0.6611
   0.6238
   0.5799
   0.5409
   0.4985
   0.4608
   0.4183
   0.3742
   0.3253
   0.2731
   0.2178
   0.1625
   0.1105
   0.0537
  -0.0062
  -0.0742
  -0.1390
  -0.2053
  -0.2733
  -0.3444
  -0.4061
  -0.4660
  -0.5212
  -0.5780
  -0.6317
  -0.6934
  -0.7535
  -0.8183
  -0.8878
  -0.9623
  -1.0399
  -1.1064
  -1.1680
  -1.2279
  -1.2812
  -1.3281
  -1.3606
  -1.3802
  -1.3917
  -1.3952
  -1.3955
  -1.3877
  -1.3735
  -1.3673
  -1.3596
  -1.3663
  -1.3715
  -1.3847
  -1.3947
  -1.4162
  -1.4297
  -1.4416
  -1.4519
  -1.4606
  -1.4710
  -1.4832
  -1.4905
  -1.4992
  -1.5113
  -1.5251
  -1.5325
  -1.5431
  -1.5618
  -1.5756
  -1.5976
  -1.6128
  -1.6315
  -1.6517
  -1.6704
  -1.6858
  -1.6965
  -1.7040
  -1.7148
  -1.7175
  -1.7154
  -1.7101
  -1.6983
  -1.6947
  -1.6910
  -1.6857
  -1.6854
  -1.6834
  -1.6815
  -1.6858
  -1.6903
  -1.6947
  -1.6960
  -1.7070
  -1.7132
  -1.7100
  -1.7051
  -1.6889
  -1.6646
  -1.6726
  -1.6630
  -1.6550
  -1.6567
  -1.6648
  -1.6857
  -1.7147
  -1.7453
  -1.7806
  -1.8240
  -1.8739
  -1.9302
  -1.9816
  -2.0362
  -2.0891
  -2.1340
  -2.1853
  -2.2252
  -2.2683
  -2.3131
  -2.3465
  -2.3927
  -2.4325
  -2.4658
  -2.5007
  -2.5356
  -2.5626
  -2.5910
  -2.6193
  -2.6508
  -2.6775
  -2.7057
  -2.7227
  -2.7365
  -2.7469
  -2.7621
  -2.7772
  -2.7857
  -2.7925
  -2.7993
  -2.8043
  -2.8158
  -2.8242
  -2.8356
  -2.8568
  -2.8747
  -2.8991
  -2.9252
  -2.9414
  -2.9642
  -2.9822
  -2.9937
  -2.9954
  -3.0004
  -3.0020
  -3.0067
  -3.0194
  -3.0417
  -3.0608
  -3.0896
  -3.1249
  -3.1343
  -3.1583
  -3.1741
  -3.1868
  -3.2027
  -3.2138
  -3.2135
  -3.2037
  -3.1986
  -3.1951
  -3.1866
  -3.1701
  -3.1681
  -3.1612
  -3.1544
  -3.1572
  -3.1601
  -3.1758
  -3.2109
  -3.2589
  -3.3231
  -3.3728
  -3.4320
  -3.4897
  -3.5489
  -3.6065
  -3.6704
  -3.7393
  -3.8082
  -3.8723
  -3.9428
  -4.0101
  -4.0887
  -4.1721
  -4.2653
  -4.3537
  -4.4468
  -4.5515
  -4.6593
  -4.7753
  -4.8928
  -5.0121
  -5.1443
  -5.2733
  -5.4023
  -5.5395
  -5.6700
  -5.8006
  -5.9231
  -6.0294
  -6.1340
  -6.2356
  -6.3434
  -6.4465
  -6.5481
  -6.6400
  -6.7271
  -6.8094
  -6.8869
  -6.9610
  -7.0351
  -7.0994
  -7.1636
  -7.2358
  -7.3064
  -7.3833
  -7.4684
  -7.5599
  -7.6626
  -7.7589
  -7.8552
  -7.9499
  -8.0447
  -8.1313
  -8.2083
  -8.2787
  -8.3378
  -8.3871
  -8.4219
  -8.4389
  -8.4397
  -8.4276
  -8.4154
  -8.3984
  -8.3814
  -8.3676
  -8.3474
  -8.3273
  -8.2991
  -8.2758
  -8.2573
  -8.2307
  -8.2024
  -8.1661
  -8.1233
  -8.0708
  -8.0117
  -7.9461
  -7.8740
  -7.7986
  -7.7200
  -7.6397
  -7.5432
  -7.4339
  -7.3213
  -7.2038
  -7.0798
  -6.9689
  -6.8709
  -6.7891
  -6.7252
  -6.6613
  -6.6070
  -6.5544
  -6.5018
  -6.4507
  -6.3931
  -6.3388
  -6.2853
  -6.2375
  -6.1848
  -6.1402
  -6.1069
  -6.0738
  -6.0438
  -6.0107
  -5.9726
  -5.9362
  -5.9014
  -5.8715
  -5.8432
  -5.8116
  -5.7881
  -5.7581
  -5.7330
  -5.7062
  -5.6892
  -5.6771
  -5.6650
  -5.6561
  -5.6474
  -5.6386
  -5.6331
  -5.6244
  -5.6158
  -5.6072
  -5.5986
  -5.5899
  -5.5813
  -5.5677
  -5.5492
  -5.5242
  -5.4992
  -5.4758
  -5.4573
  -5.4421
  -5.4285
  -5.4199
  -5.4178
  -5.4174
  -5.4202
  -5.4198
  -5.4177
  -5.4222
  -5.4281
  -5.4388
  -5.4497
  -5.4557
  -5.4487
  -5.4255
  -5.3940
  -5.3594
  -5.3231
  -5.2803
  -5.2391
  -5.1963
  -5.1551
  -5.1221
  -5.0810
  -5.0358
  -4.9899
  -4.9488
  -4.9062
  -4.8651
  -4.8290
  -4.7961
  -4.7681
  -4.7402
  -4.7074
  -4.6747
  -4.6403
  -4.6076
  -4.5798
  -4.5422
  -4.5095
  -4.4719
  -4.4327
  -4.3886
  -4.3462
  -4.3070
  -4.2711
  -4.2302
  -4.1927
  -4.1551
  -4.1175
  -4.0798
  -4.0437
  -4.0077
  -3.9781
  -3.9437
  -3.9142
  -3.8831
  -3.8536
  -3.8274
  -3.8044
  -3.7781
  -3.7534
  -3.7320
  -3.7058
  -3.6763
  -3.6452
  -3.6124
  -3.5829
  -3.5551
  -3.5322
  -3.5092
  -3.4862
  -3.4583
  -3.4319
  -3.4073
  -3.3874
  -3.3657
  -3.3393
  -3.3193
  -3.3009
  -3.2824
  -3.2655
  -3.2487
  -3.2318
  -3.2197
  -3.2125
  -3.2037
  -3.1948
  -3.1844
  -3.1691
  -3.1490
  -3.1272
  -3.1086
  -3.0933
  -3.0763
  -3.0544
  -3.0308
  -3.0057
  -2.9789
  -2.9585
  -2.9383
  -2.9164
  -2.8978
  -2.8808
  -2.8638
  -2.8451
  -2.8232
  -2.7964
  -2.7630
  -2.7296
  -2.6979
  -2.6679
  -2.6378
  -2.5996
  -2.5581
  -2.5166
  -2.4702
  -2.4221
  -2.3724
  -2.3227
  -2.2698
  -2.2202
  -2.1722
  -2.1258
  -2.0810
  -2.0362
  -1.9898
  -1.9433
  -1.8936
  -1.8472
  -1.7974
  -1.7527
  -1.7063
  -1.6664
  -1.6282
  -1.5851
  -1.5389
  -1.4927
  -1.4448
  -1.3921
  -1.3427
  -1.2918
  -1.2424
  -1.1930
  -1.1469
  -1.0975
  -1.0465
  -0.9956
  -0.9429
  -0.8869
  -0.8310
  -0.7700
  -0.7058
  -0.6384
  -0.5678
  -0.5021
  -0.4413
  -0.3821
  -0.3229
  -0.2636
  -0.2044
  -0.1500
  -0.0955
  -0.0427
   0.0102
   0.0646
   0.1175
   0.1687
   0.2101
   0.2466
   0.2831
   0.3197
   0.3579
   0.3960
   0.4245
   0.4529
   0.4780
   0.4999
   0.5201
   0.5404
   0.5639
   0.5874
   0.6143
   0.6427
   0.6744
   0.7046
   0.7363
   0.7664
   0.7916
   0.8168
   0.8436
   0.8720
   0.9005
   0.9290
   0.9592
   0.9893
   1.0178
   1.0447
   1.0700
   1.0903
   1.1058
   1.1245
   1.1417
   1.1588
   1.1807
   1.2027
   1.2279
   1.2547
   1.2799
   1.3067
   1.3302
   1.3553
   1.3739
   1.3892
   1.4013
   1.4084
   1.4221
   1.4358
   1.4479
   1.4616
   1.4752
   1.4905
   1.5090
   1.5292
   1.5559
   1.5810
   1.6111
   1.6395
   1.6679
   1.6947
   1.7247
   1.7548
   1.7832
   1.8100
   1.8385
   1.8784
   1.9215
   1.9778
   2.0489
   2.1314
   2.2221
   2.3161
   2.4118
   2.5074
   2.5997
   2.6970
   2.7959
   2.8865
   2.9740
   3.0598
   3.1391
   3.2118
   3.2796
   3.3409
   3.3972
   3.4454
   3.4870
   3.5236
   3.5586
   3.5887
   3.6171
   3.6456
   3.6691
   3.6893
   3.7112
   3.7281
   3.7466
   3.7636
   3.7789
   3.7958
   3.8127
   3.8314
   3.8483
   3.8735
   3.9069
   3.9435
   3.9818
   4.0251
   4.0684
   4.1132
   4.1581
   4.2030
   4.2495
   4.2977
   4.3411
   4.3794
   4.4161
   4.4480
   4.4782
   4.5067
   4.5385
   4.5687
   4.5988
   4.6305
   4.6623
   4.6941
   4.7177
   4.7347
   4.7403
   4.7278
   4.7039
   4.6685
   4.6331
   4.6010
   4.5673
   4.5319
   4.4883
   4.4431
   4.4061
   4.3723
   4.3484
   4.3294
   4.3169
   4.3044
   4.2985
   4.2975
   4.3013
   4.3134
   4.3304
   4.3474
   4.3791
   4.4125
   4.4508
   4.4941
   4.5406
   4.5872
   4.6354
   4.6771
   4.7154
   4.7570
   4.7921
   4.8289
   4.8574
   4.8859
   4.9063
   4.9184
   4.9387
   4.9656
   4.9925
   5.0243
   5.0595
   5.0880
   5.1182
   5.1550
   5.1901
   5.2186
   5.2471
   5.2805
   5.3106
   5.3440
   5.3824
   5.4240
   5.4641
   5.5041
   5.5491
   5.5957
   5.6407
   5.6825
   5.7291
   5.7708
   5.8257
   5.8788
   5.9337
   5.9836
   6.0253
   6.0637
   6.1103
   6.1603
   6.2152
   6.2684
   6.3283
   6.3882
   6.4547
   6.5228
   6.5975
   6.6722
   6.7469
   6.8330
   6.9176
   7.0054
   7.0915
   7.1679
   7.2391
   7.3105
   7.3785
   7.4530
   7.5292
   7.6022
   7.6817
   7.7743
   7.8653
   7.9563
   8.0439
   8.1381
   8.2323
   8.3315
   8.4372
   8.5331
   8.6256
   8.7116
   8.7944
   8.8705
   8.9567
   9.0394
   9.1158
   9.1855
   9.2668
   9.3398
   9.4112
   9.4875
   9.5656
   9.6404
   9.7135
   9.7900
   9.8631
   9.9296
   9.9978
  10.0594
  10.1276
  10.1875
  10.2508
  10.3059
  10.3544
  10.4063
  10.4597
  10.5164
  10.5766
  10.6400
  10.7034
  10.7585
  10.8169
  10.8655
  10.9091
  10.9380
  10.9685
  10.9841
  10.9949
  11.0007
  11.0050
  11.0043
  11.0069
  11.0111
  11.0072
  11.0066
  11.0110
  11.0122
  11.0068
  11.0113
  11.0290
  11.0583
  11.0761
  11.0924
  11.1185
  11.1462
  11.1740
  11.2002
  11.2198
  11.2345
  11.2509
  11.2607
  11.2721
  11.2835
  11.3033
  11.3148
  11.3214
  11.3214
  11.3279
  11.3329
  11.3463
  11.3597
  11.3680
  11.3730
  11.3780
  11.3798
  11.3766
  11.3766
  11.3716
  11.3666
  11.3649
  11.3632
  11.3679
  11.3709
  11.3690
  11.3836
  11.3866
  11.3962
  11.4058
  11.4137
  11.4200
  11.4246
  11.4390
  11.4452
  11.4563
  11.4707
  11.4900
  11.5094
  11.5371
  11.5780
  11.6220
  11.6661
  11.7168
  11.7676
  11.8199
  11.8806
  11.9413
  11.9937
  12.0526
  12.1116
  12.1574
  12.1932
  12.2224
  12.2532
  12.2824
  12.3084
  12.3311
  12.3538
  12.3848
  12.4125
  12.4384
  12.4610
  12.4853
  12.5063
  12.5289
  12.5499
  12.5725
  12.6115
  12.6356
  12.6680
  12.6970
  12.7225
  12.7480
  12.7769
  12.8090
  12.8378
  12.8648
  12.8936
  12.9242
  12.9564
  12.9772
  13.0079
  13.0304
  13.0464
  13.0607
  13.0767
  13.0761
  13.0905
  13.0950
  13.1028
  13.1122
  13.1167
  13.1196
  13.1210
  13.1257
  13.1239
  13.1122
  13.1041
  13.0910
  13.0779
  13.0582
  13.0437
  13.0258
  13.0111
  12.9948
  12.9818
  12.9753
  12.9655
  12.9524
  12.9264
  12.8988
  12.8714
  12.8426
  12.8104
  12.7734
  12.7396
  12.7025
  12.6654
  12.6282
  12.5793
  12.5420
  12.5096
  12.4789
  12.4482
  12.4142
  12.3735
  12.3263
  12.2857
  12.2303
  12.1946
  12.1541
  12.1119
  12.0815
  12.0477
  12.0090
  11.9670
  11.9284
  11.8915
  11.8528
  11.8092
  11.7656
  11.7254
  11.6768
  11.6282
  11.5862
  11.5492
  11.5072
  11.4702
  11.4282
  11.3863
  11.3378
  11.2927
  11.2475
  11.2057
  11.1539
  11.1020
  11.0568
  11.0197
  10.9808
  10.9450
  10.9125
  10.8733
  10.8307
  10.7848
  10.7357
  10.6768
  10.6179
  10.5457
  10.4818
  10.4177
  10.3635
  10.3107
  10.2562
  10.2014
  10.1466
  10.0935
  10.0370
   9.9804
   9.9254
   9.8685
   9.8165
   9.7563
   9.6861
   9.6142
   9.5490
   9.4820
   9.4251
   9.3633
   9.2917
   9.2317
   9.1603
   9.0855
   9.0108
   8.9195
   8.8264
   8.7333
   8.6402
   8.5470
   8.4555
   8.3641
   8.2727
   8.1829
   8.0962
   8.0081
   7.9200
   7.8351
   7.7438
   7.6556
   7.5692
   7.4778
   7.3879
   7.3014
   7.2050
   7.0985
   6.9921
   6.8838
   6.7772
   6.6640
   6.5491
   6.4357
   6.3174
   6.1959
   6.0759
   5.9510
   5.8312
   5.7098
   5.5900
   5.4669
   5.3505
   5.2326
   5.1081
   4.9885
   4.8638
   4.7424
   4.6210
   4.4996
   4.3783
   4.2519
   4.1273
   3.9962
   3.8719
   3.7427
   3.6184
   3.5058
   3.3914
   3.2738
   3.1593
   3.0432
   2.9335
   2.8254
   2.7107
   2.6075
   2.5027
   2.3964
   2.3002
   2.2143
   2.1369
   2.0581
   1.9776
   1.8958
   1.8187
   1.7435
   1.6683
   1.5981
   1.5311
   1.4724
   1.4037
   1.3432
   1.2827
   1.2206
   1.1618
   1.0981
   1.0359
   0.9835
   0.9411
   0.8986
   0.8646
   0.8288
   0.8031
   0.7741
   0.7437
   0.7200
   0.6914
   0.6729
   0.6593
   0.6439
   0.6284
   0.6145
   0.6072
   0.5999
   0.5925
   0.5920
   0.5863
   0.5858
   0.5888
   0.5936
   0.5934
   0.5932
   0.6012
   0.6127
   0.6224
   0.6304
   0.6415
   0.6459
   0.6451
   0.6493
   0.6501
   0.6542
   0.6534
   0.6559
   0.6602
   0.6628
   0.6603
   0.6559
   0.6548
   0.6487
   0.6373
   0.6243
   0.6176
   0.6143
   0.6155
   0.6102
   0.5996
   0.5857
   0.5701
   0.5514
   0.5277
   0.5159
   0.4988
   0.4853
   0.4699
   0.4512
   0.4373
   0.4167
   0.3963
   0.3773
   0.3602
   0.3396
   0.3191
   0.2899
   0.2575
   0.2355
   0.2096
   0.1864
   0.1587
   0.1292
   0.0997
   0.0669
   0.0323
  -0.0089
  -0.0634
  -0.1212
  -0.1809
  -0.2338
  -0.2921
  -0.3503
  -0.4089
  -0.4607
  -0.5160
  -0.5727
  -0.6330
  -0.6897
  -0.7463
  -0.8043
  -0.8655
  -0.9299
  -0.9942
  -1.0585
  -1.1277
  -1.1967
  -1.2674
  -1.3381
  -1.4088
  -1.4745
  -1.5334
  -1.5857
  -1.6380
  -1.6922
  -1.7531
  -1.8188
  -1.8861
  -1.9567
  -2.0256
  -2.0959
  -2.1549
  -2.2103
  -2.2692
  -2.3248
  -2.3888
  -2.4443
  -2.5049
  -2.5654
  -2.6174
  -2.6660
  -2.7077
  -2.7459
  -2.7875
  -2.8273
  -2.8625
  -2.8941
  -2.9272
  -2.9539
  -2.9944
  -3.0395
  -3.0825
  -3.1243
  -3.1678
  -3.2162
  -3.2629
  -3.3099
  -3.3585
  -3.3921
  -3.4242
  -3.4563
  -3.4917
  -3.5218
  -3.5602
  -3.5987
  -3.6456
  -3.6857
  -3.7275
  -3.7711
  -3.8145
  -3.8548
  -3.8967
  -3.9252
  -3.9537
  -3.9820
  -4.0022
  -4.0239
  -4.0458
  -4.0676
  -4.0911
  -4.1080
  -4.1214
  -4.1434
  -4.1772
  -4.2126
  -4.2462
  -4.2738
  -4.2998
  -4.3230
  -4.3478
  -4.3695
  -4.3778
  -4.3961
  -4.4161
  -4.4309
  -4.4425
  -4.4592
  -4.4859
  -4.5110
  -4.5292
  -4.5459
  -4.5709
  -4.6010
  -4.6294
  -4.6612
  -4.6981
  -4.7330
  -4.7744
  -4.8127
  -4.8459
  -4.8707
  -4.8886
  -4.9030
  -4.9189
  -4.9265
  -4.9324
  -4.9316
  -4.9273
  -4.9196
  -4.9170
  -4.9177
  -4.9099
  -4.9053
  -4.8989
  -4.8910
  -4.8779
  -4.8581
  -4.8367
  -4.8119
  -4.7836
  -4.7504
  -4.7220
  -4.6889
  -4.6605
  -4.6287
  -4.5920
  -4.5604
  -4.5206
  -4.4773
  -4.4373
  -4.3974
  -4.3590
  -4.3276
  -4.2927
  -4.2526
  -4.2094
  -4.1661
  -4.1224
  -4.0820
  -4.0396
  -4.0020
  -3.9626
  -3.9320
  -3.8963
  -3.8611
  -3.8246
  -3.7932
  -3.7536
  -3.7123
  -3.6661
  -3.6250
  -3.5858
  -3.5416
  -3.4957
  -3.4565
  -3.4123
  -3.3663
  -3.3238
  -3.2780
  -3.2305
  -3.1880
  -3.1488
  -3.1114
  -3.0759
  -3.0404
  -3.0114
  -2.9810
  -2.9537
  -2.9263
  -2.8990
  -2.8683
  -2.8343
  -2.8039
  -2.7718
  -2.7415
  -2.7080
  -2.6793
  -2.6524
  -2.6272
  -2.6038
  -2.5819
  -2.5618
