  -3.0597
  -2.9528
  -2.8405
  -2.7286
  -2.6133
  -2.4931
  -2.3740
  -2.2493
  -2.1222
  -1.9992
  -1.8695
  -1.7411
  -1.6102
  -1.4733
  -1.3366
  -1.1953
  -1.0558
  -0.9157
  -0.7743
  -0.6325
  -0.4821
  -0.3325
  -0.1821
  -0.0272
   0.1241
   0.2754
   0.4241
   0.5775
   0.7293
   0.8839
   1.0438
   1.0661
   1.0859
   1.1170
   1.1525
   1.1974
   1.2462
   1.3021
   1.3531
   1.4086
   1.4566
   1.4931
   1.5184
   1.5470
   1.5710
   1.5895
   1.6084
   1.6261
   1.6552
   1.6913
   1.7260
   1.7665
   1.8027
   1.8448
   1.8956
   1.9562
   2.0036
   2.0629
   2.1168
   2.1681
   2.2237
   2.2734
   2.3367
   2.3961
   2.4643
   2.5318
   2.6101
   2.6776
   2.7402
   2.8010
   2.8611
   2.9270
   2.9864
   3.0492
   3.1100
   3.1743
   3.2326
   3.2847
   3.3294
   3.3682
   3.4070
   3.4385
   3.4630
   3.4884
   3.5200
   3.5488
   3.5729
   3.5975
   3.6100
   3.6204
   3.6223
   3.6256
   3.6232
   3.6188
   3.6070
   3.5977
   3.5850
   3.5709
   3.5529
   3.5452
   3.5368
   3.5273
   3.5132
   3.5078
   3.5035
   3.5093
   3.5154
   3.5160
   3.5183
   3.5097
   3.5053
   3.5046
   3.4991
   3.5022
   3.5105
   3.5119
   3.5105
   3.5192
   3.5161
   3.5127
   3.5097
   3.5117
   3.5106
   3.5112
   3.5068
   3.4951
   3.4799
   3.4572
   3.4339
   3.4121
   3.3908
   3.3771
   3.3476
   3.3291
   3.3012
   3.2732
   3.2429
   3.2153
   3.1917
   3.1755
   3.1626
   3.1483
   3.1375
   3.1358
   3.1350
   3.1238
   3.1190
   3.1180
   3.1134
   3.1147
   3.1139
   3.1261
   3.1308
   3.1459
   3.1601
   3.1770
   3.1878
   3.2034
   3.2125
   3.2221
   3.2303
   3.2416
   3.2486
   3.2594
   3.2757
   3.2840
   3.2938
   3.3043
   3.3197
   3.3372
   3.3542
   3.3693
   3.3828
   3.3964
   3.4079
   3.4143
   3.4241
   3.4313
   3.4326
   3.4416
   3.4535
   3.4697
   3.4816
   3.4972
   3.5078
   3.5157
   3.5279
   3.5372
   3.5466
   3.5588
   3.5708
   3.5841
   3.6035
   3.6308
   3.6528
   3.6747
   3.6977
   3.7166
   3.7479
   3.7634
   3.7654
   3.7621
   3.7589
   3.7564
   3.7530
   3.7515
   3.7538
   3.7577
   3.7631
   3.7710
   3.7768
   3.7847
   3.7853
   3.7892
   3.7884
   3.7903
   3.7934
   3.7997
   3.7979
   3.8050
   3.8086
   3.8090
   3.8128
   3.8211
   3.8340
   3.8353
   3.8419
   3.8332
   3.8316
   3.8225
   3.8129
   3.8062
   3.7991
   3.7855
   3.7666
   3.7444
   3.7229
   3.6931
   3.6572
   3.6269
   3.5879
   3.5511
   3.5021
   3.4589
   3.4099
   3.3596
   3.3087
   3.2430
   3.1809
   3.1134
   3.0439
   2.9749
   2.9118
   2.8477
   2.7910
   2.7302
   2.6727
   2.6210
   2.5706
   2.5143
   2.4715
   2.4393
   2.4209
   2.3914
   2.3690
   2.3471
   2.3193
   2.2880
   2.2608
   2.2361
   2.2166
   2.1922
   2.1749
   2.1639
   2.1512
   2.1400
   2.1257
   2.1132
   2.0916
   2.0701
   2.0416
   2.0152
   1.9896
   1.9591
   1.9286
   1.8971
   1.8715
   1.8440
   1.8297
   1.8019
   1.7807
   1.7603
   1.7339
   1.7100
   1.6879
   1.6713
   1.6568
   1.6479
   1.6423
   1.6413
   1.6370
   1.6369
   1.6340
   1.6372
   1.6357
   1.6396
   1.6437
   1.6549
   1.6813
   1.7059
   1.7397
   1.7770
   1.8159
   1.8532
   1.8913
   1.9229
   1.9592
   1.9989
   2.0297
   2.0621
   2.0807
   2.1014
   2.1184
   2.1212
   2.1303
   2.1280
   2.1327
   2.1385
   2.1465
   2.1471
   2.1437
   2.1345
   2.1219
   2.0972
   2.0715
   2.0420
   2.0103
   1.9746
   1.9307
   1.8912
   1.8464
   1.7967
   1.7476
   1.6950
   1.6386
   1.5768
   1.5090
   1.4376
   1.3706
   1.2989
   1.2321
   1.1673
   1.1002
   1.0355
   0.9678
   0.9058
   0.8440
   0.7823
   0.7137
   0.6417
   0.5664
   0.4970
   0.4301
   0.3621
   0.2956
   0.2292
   0.1656
   0.1016
   0.0333
  -0.0399
  -0.1088
  -0.1832
  -0.2533
  -0.3274
  -0.4055
  -0.4877
  -0.5706
  -0.6648
  -0.7672
  -0.8704
  -0.9673
  -1.0526
  -1.1354
  -1.1931
  -1.2432
  -1.2852
  -1.2771
  -1.2981
  -1.3003
  -1.2939
  -1.3032
  -1.2885
  -1.2807
  -1.2597
  -1.2320
  -1.2119
  -1.1855
  -1.1558
  -1.1194
  -1.0819
  -1.0319
  -0.9778
  -0.9198
  -0.8701
  -0.8157
  -0.7568
  -0.6972
  -0.6447
  -0.5830
  -0.5240
  -0.4599
  -0.3965
  -0.3297
  -0.2676
  -0.1966
  -0.1235
  -0.0495
   0.0267
   0.0999
   0.1774
   0.2621
   0.3538
   0.4305
   0.5043
   0.5704
   0.6424
   0.7121
   0.7723
   0.8316
   0.8923
   0.9636
   1.0254
   1.0948
   1.1569
   1.2285
   1.2859
   1.3397
   1.4016
   1.4606
   1.5227
   1.5831
   1.6359
   1.6844
   1.7277
   1.7502
   1.7607
   1.7748
   1.7265
   1.7205
   1.6826
   1.6512
   1.6356
   1.5974
   1.5726
   1.5338
   1.5021
   1.4811
   1.4513
   1.4278
   1.4032
   1.3737
   1.3417
   1.3095
   1.2800
   1.2504
   1.2203
   1.1944
   1.1708
   1.1542
   1.1416
   1.1150
   1.0870
   1.0670
   1.0332
   1.0118
   0.9816
   0.9501
   0.9188
   0.8744
   0.8478
   0.8115
   0.7917
   0.7555
   0.7315
   0.7103
   0.7022
   0.6960
   0.6975
   0.7000
   0.7105
   0.7250
   0.7300
   0.7399
   0.7465
   0.7518
   0.7491
   0.7500
   0.7514
   0.7416
   0.7394
   0.7320
   0.7230
   0.7145
   0.7112
   0.7093
   0.7014
   0.7127
   0.7154
   0.7370
   0.7329
   0.7523
   0.7518
   0.7532
   0.7532
   0.7450
   0.7519
   0.7557
   0.7588
   0.7667
   0.7676
   0.7672
   0.7759
   0.7759
   0.7701
   0.7731
   0.7887
   0.8084
   0.8208
   0.8353
   0.8647
   0.8773
   0.9099
   0.9398
   0.9622
   0.9882
   0.9991
   1.0084
   1.0157
   1.0135
   1.0156
   1.0048
   0.9985
   0.9700
   0.9543
   0.9351
   0.9156
   0.8933
   0.8658
   0.8356
   0.8081
   0.7724
   0.7324
   0.6943
   0.6578
   0.6186
   0.5889
   0.5590
   0.5428
   0.5334
   0.5202
   0.5109
   0.5116
   0.5181
   0.5246
   0.5240
   0.5262
   0.5357
   0.5315
   0.5290
   0.5199
   0.5157
   0.5024
   0.4957
   0.4886
   0.4797
   0.4765
   0.4641
   0.4495
   0.4294
   0.4120
   0.3941
   0.3744
   0.3518
   0.3334
   0.3253
   0.3063
   0.2834
   0.2581
   0.2300
   0.2043
   0.1732
   0.1437
   0.1165
   0.0831
   0.0586
   0.0371
   0.0229
   0.0120
   0.0056
   0.0018
  -0.0002
  -0.0037
  -0.0039
  -0.0041
  -0.0100
  -0.0196
  -0.0239
  -0.0373
  -0.0426
  -0.0487
  -0.0451
  -0.0414
  -0.0315
  -0.0248
  -0.0125
  -0.0037
   0.0121
   0.0290
   0.0450
   0.0600
   0.0831
   0.1046
   0.1078
   0.1125
   0.1165
   0.1146
   0.1114
   0.1049
   0.0915
   0.0792
   0.0693
   0.0590
   0.0502
   0.0423
   0.0358
   0.0347
   0.0380
   0.0365
   0.0473
   0.0249
   0.0088
   0.0035
  -0.0016
   0.0067
   0.0156
   0.0249
   0.0369
   0.0445
   0.0585
   0.0717
   0.0832
   0.0837
   0.0916
   0.0930
   0.1086
   0.1151
   0.1224
   0.1352
   0.1495
   0.1623
   0.1801
   0.2001
   0.2211
   0.2400
   0.2516
   0.2797
   0.3071
   0.3328
   0.3626
   0.3840
   0.4066
   0.4202
   0.4335
   0.4402
   0.4474
   0.4600
   0.4726
   0.4809
   0.4834
   0.4846
   0.4828
   0.4711
   0.4619
   0.4614
   0.4651
   0.4687
   0.4884
   0.4995
   0.5098
   0.5372
   0.5680
   0.6014
   0.6374
   0.6780
   0.7186
   0.7600
   0.7979
   0.8297
   0.8664
   0.8937
   0.9552
   1.0053
   1.0499
   1.0951
   1.1261
   1.1653
   1.2020
   1.2381
   1.2785
   1.3110
   1.3417
   1.3746
   1.4178
   1.4595
   1.5066
   1.5503
   1.5988
   1.6527
   1.6998
   1.7482
   1.7959
   1.8486
   1.9127
   1.9812
   2.0518
   2.1316
   2.2007
   2.2719
   2.3371
   2.3975
   2.4652
   2.5302
   2.5948
   2.6595
   2.7242
   2.7914
   2.8514
   2.9161
   2.9720
   3.0365
   3.0959
   3.1607
   3.2323
   3.2994
   3.3707
   3.4324
   3.4981
   3.5564
   3.6168
   3.6809
   3.7392
   3.7940
   3.8523
   3.9058
   3.9560
   4.0049
   4.0508
   4.1030
   4.1667
   4.2391
   4.3062
   4.3756
   4.4498
   4.5182
   4.5897
   4.6607
   4.7187
   4.7777
   4.8398
   4.9054
   4.9706
   5.0339
   5.0949
   5.1509
   5.2114
   5.2637
   5.3107
   5.3600
   5.4014
   5.4450
   5.4847
   5.5244
   5.5605
   5.5843
   5.6121
   5.6405
   5.6697
   5.7021
   5.7440
   5.7903
   5.8402
   5.8839
   5.9319
   5.9782
   6.0162
   6.0642
   6.1086
   6.1495
   6.1929
   6.2370
   6.2841
   6.3349
   6.3824
   6.4283
   6.4752
   6.5224
   6.5658
   6.6057
   6.6508
   6.6987
   6.7565
   6.8053
   6.8555
   6.9002
   6.9429
   6.9848
   7.0314
   7.0737
   7.1160
   7.1456
   7.1735
   7.2048
   7.2333
   7.2622
   7.2911
   7.3181
   7.3544
   7.3914
   7.4209
   7.4562
   7.4889
   7.5288
   7.5713
   7.6188
   7.6623
   7.7115
   7.7696
   7.8363
   7.9017
   7.9782
   8.0472
   8.1232
   8.1983
   8.2741
   8.3570
   8.4371
   8.5120
   8.5926
   8.6690
   8.7345
   8.8086
   8.8868
   8.9672
   9.0478
   9.1296
   9.2250
   9.3131
   9.3995
   9.4894
   9.5761
   9.6640
   9.7449
   9.8351
   9.9201
  10.0078
  10.0934
  10.1818
  10.2789
  10.3763
  10.4705
  10.5717
  10.6552
  10.7493
  10.8370
  10.9248
  11.0180
  11.1037
  11.1879
  11.2772
  11.3648
  11.4474
  11.5350
  11.6181
  11.7041
  11.7940
  11.8870
  11.9855
  12.0773
  12.1748
  12.2801
  12.3745
  12.4720
  12.5664
  12.6604
  12.7511
  12.8487
  12.9383
  13.0164
  13.0982
  13.1759
  13.2523
  13.3275
  13.3982
  13.4698
  13.5366
  13.5963
  13.6480
  13.7006
  13.7547
  13.8017
  13.8625
  13.9099
  13.9611
  14.0101
  14.0602
  14.1148
  14.1662
  14.2140
  14.2687
  14.3234
  14.3728
  14.4252
  14.4822
  14.5290
  14.5838
  14.6323
  14.6867
  14.7333
  14.7776
  14.8253
  14.8628
  14.8992
  14.9412
  14.9674
  14.9975
  15.0262
  15.0366
  15.0582
  15.0788
  15.0931
  15.1094
  15.1294
  15.1423
  15.1685
  15.2008
  15.2303
  15.2625
  15.2947
  15.3284
  15.3716
  15.4107
  15.4526
  15.5031
  15.5495
  15.6046
  15.6490
  15.6838
  15.7054
  15.7373
  15.7517
  15.7745
  15.7885
  15.8024
  15.8205
  15.8370
  15.8567
  15.8723
  15.8905
  15.9082
  15.9170
  15.9271
  15.9270
  15.9229
  15.9166
  15.9050
  15.8892
  15.8632
  15.8497
  15.8338
  15.8168
  15.7848
  15.7639
  15.7481
  15.7257
  15.6957
  15.6724
  15.6486
  15.6180
  15.5940
  15.5652
  15.5310
  15.5062
  15.4714
  15.4316
  15.3905
  15.3458
  15.2997
  15.2681
  15.2202
  15.1603
  15.1076
  15.0440
  14.9837
  14.9256
  14.8566
  14.7754
  14.6915
  14.6054
  14.5149
  14.4268
  14.3300
  14.2425
  14.1471
  14.0471
  13.9428
  13.8363
  13.7342
  13.6386
  13.5513
  13.4655
  13.3890
  13.3037
  13.2211
  13.1463
  13.0659
  12.9862
  12.9039
  12.8329
  12.7665
  12.7018
  12.6331
  12.5686
  12.5084
  12.4545
  12.3976
  12.3457
  12.2948
  12.2561
  12.2040
  12.1593
  12.1075
  12.0686
  12.0313
  11.9805
  11.9315
  11.8947
  11.8438
  11.8030
  11.7650
  11.7161
  11.6853
  11.6463
  11.6107
  11.5799
  11.5528
  11.5477
  11.5335
  11.5238
  11.5093
  11.5087
  11.5203
  11.5230
  11.5218
  11.5320
  11.5390
  11.5386
  11.5461
  11.5539
  11.5579
  11.5608
  11.5585
  11.5558
  11.5512
  11.5487
  11.5410
  11.5404
  11.5415
  11.5448
  11.5532
  11.5545
  11.5442
  11.5315
  11.5207
  11.5028
  11.4828
  11.4610
  11.4498
  11.4274
  11.3959
  11.3672
  11.3359
  11.3088
  11.2712
  11.2332
  11.2001
  11.1755
  11.1408
  11.1084
  11.0747
  11.0400
  10.9985
  10.9614
  10.9187
  10.8677
  10.8254
  10.7835
  10.7388
  10.6970
  10.6263
  10.5701
  10.5273
  10.4714
  10.4227
  10.3661
  10.3031
  10.2394
  10.1675
  10.1038
  10.0358
   9.9748
   9.9070
   9.8376
   9.7733
   9.7111
   9.6328
   9.5460
   9.4676
   9.3841
   9.2958
   9.2121
   9.1227
   9.0316
   8.9336
   8.8287
   8.7280
   8.6179
   8.5031
   8.3814
   8.2628
   8.1343
   8.0118
   7.9010
   7.7895
   7.6780
   7.5720
   7.4637
   7.3536
   7.2324
   7.1152
   7.0038
   6.8799
   6.7661
   6.6471
   6.5417
   6.4377
   6.3222
   6.2095
   6.0958
   5.9864
   5.8687
   5.7524
   5.6487
   5.5463
   5.4411
   5.3407
   5.2431
   5.1463
   5.0502
   4.9504
   4.8738
   4.7909
   4.7022
   4.6091
   4.5207
   4.4219
   4.3283
   4.2363
   4.1375
   4.0312
   3.9299
   3.8223
   3.7171
   3.6091
   3.4970
   3.3941
   3.2962
   3.2014
   3.1061
   3.0074
   2.9121
   2.8072
   2.7089
   2.6160
   2.5228
   2.4338
   2.3403
   2.2580
   2.1855
   2.1167
   2.0444
   1.9776
   1.9179
   1.8443
   1.7702
   1.6967
   1.6281
   1.5636
   1.5024
   1.4405
   1.3851
   1.3176
   1.2576
   1.1859
   1.1235
   1.0637
   0.9955
   0.9296
   0.8477
   0.7749
   0.6940
   0.6102
   0.5163
   0.4181
   0.3121
   0.2069
   0.0943
  -0.0264
  -0.1521
  -0.2771
  -0.4009
  -0.5208
  -0.6471
  -0.7676
  -0.8819
  -1.0019
  -1.1111
  -1.2171
  -1.3231
  -1.4223
  -1.5073
  -1.5994
  -1.6899
  -1.7772
  -1.8624
  -1.9447
  -2.0303
  -2.1195
  -2.2020
  -2.2798
  -2.3579
  -2.4323
  -2.5001
  -2.5602
  -2.6293
  -2.6903
  -2.7568
  -2.8163
  -2.8860
  -2.9664
  -3.0443
  -3.1234
  -3.2113
  -3.3024
  -3.3794
  -3.4591
  -3.5409
  -3.6175
  -3.6925
  -3.7625
  -3.8362
  -3.9057
  -3.9631
  -4.0254
  -4.0837
  -4.1467
  -4.2097
  -4.2739
  -4.3323
  -4.3842
  -4.4437
  -4.4928
  -4.5441
  -4.5894
  -4.6343
  -4.6724
  -4.7122
  -4.7505
  -4.7907
  -4.8231
  -4.8659
  -4.8996
  -4.9402
  -4.9785
  -5.0153
  -5.0543
  -5.0888
  -5.1204
  -5.1524
  -5.1760
  -5.1984
  -5.2185
  -5.2326
  -5.2394
  -5.2568
  -5.2667
  -5.2770
  -5.2854
  -5.2936
  -5.3075
  -5.3259
  -5.3303
  -5.3377
  -5.3504
  -5.3786
  -5.3990
  -5.4236
  -5.4469
  -5.4737
  -5.5019
  -5.5303
  -5.5612
  -5.5891
  -5.6136
  -5.6305
  -5.6641
  -5.6907
  -5.7188
  -5.7592
  -5.8037
  -5.8502
  -5.8942
  -5.9413
  -5.9886
  -6.0320
  -6.0729
  -6.1110
  -6.1513
  -6.1847
  -6.2283
  -6.2721
  -6.3076
  -6.3523
  -6.3924
  -6.4327
  -6.4783
  -6.5191
  -6.5508
  -6.5839
  -6.6102
  -6.6393
  -6.6544
  -6.6785
  -6.6955
  -6.7213
  -6.7460
  -6.7720
  -6.7967
  -6.8250
  -6.8464
  -6.8753
  -6.9124
  -6.9554
  -6.9990
  -7.0418
  -7.0746
  -7.1141
  -7.1525
  -7.1923
  -7.2367
  -7.2737
  -7.3130
  -7.3647
  -7.4073
  -7.4503
  -7.4858
  -7.5127
  -7.5467
  -7.5768
  -7.5992
  -7.6122
  -7.6228
  -7.6305
  -7.6411
  -7.6469
  -7.6687
  -7.6725
  -7.6801
  -7.6854
  -7.6913
  -7.6974
  -7.6979
  -7.6937
  -7.6912
  -7.6917
  -7.6923
  -7.6893
  -7.6851
  -7.6794
  -7.6722
  -7.6587
  -7.6448
  -7.6312
  -7.6215
  -7.6049
  -7.5833
  -7.5569
  -7.5314
  -7.5074
  -7.4814
  -7.4597
  -7.3091
  -7.1592
  -7.0136
  -6.8751
  -6.7345
  -6.6001
  -6.4692
  -6.3398
  -6.2137
  -6.0844
  -5.9411
  -5.7894
  -5.6412
  -5.4991
  -5.3586
  -5.2183
  -5.0800
  -4.9420
  -4.8149
  -4.6807
  -4.5496
  -4.4205
  -4.2967
  -4.1822
  -4.0646
  -3.9419
  -3.8322
  -3.7109
  -3.5917
  -3.4853
