  -2.5797
  -2.3903
  -2.2057
  -2.0132
  -1.8255
  -1.6344
  -1.4352
  -1.2392
  -1.0357
  -0.8271
  -0.6213
  -0.4130
  -0.2050
   0.0060
   0.2199
   0.4308
   0.6461
   0.8557
   1.0744
   1.2900
   1.5034
   1.7184
   1.9334
   2.1589
   2.3863
   2.6067
   2.8274
   3.0459
   3.2665
   3.4953
   3.7236
   3.7479
   3.7767
   3.8088
   3.8413
   3.8718
   3.9040
   3.9339
   3.9609
   3.9897
   4.0172
   4.0338
   4.0479
   4.0630
   4.0731
   4.0707
   4.0644
   4.0610
   4.0464
   4.0295
   4.0093
   3.9928
   3.9724
   3.9500
   3.9251
   3.9033
   3.8795
   3.8597
   3.8366
   3.8207
   3.8086
   3.7995
   3.7875
   3.7781
   3.7640
   3.7527
   3.7337
   3.7163
   3.7003
   3.6798
   3.6559
   3.6460
   3.6339
   3.6246
   3.6139
   3.5999
   3.5904
   3.5754
   3.5674
   3.5567
   3.5426
   3.5299
   3.5190
   3.5090
   3.4959
   3.4825
   3.4708
   3.4626
   3.4542
   3.4394
   3.4180
   3.4041
   3.3854
   3.3680
   3.3467
   3.3281
   3.3113
   3.2910
   3.2771
   3.2583
   3.2373
   3.2158
   3.1995
   3.1827
   3.1663
   3.1546
   3.1492
   3.1457
   3.1391
   3.1375
   3.1353
   3.1384
   3.1396
   3.1452
   3.1542
   3.1646
   3.1799
   3.1916
   3.1994
   3.2154
   3.2228
   3.2273
   3.2321
   3.2394
   3.2488
   3.2577
   3.2681
   3.2845
   3.2973
   3.3025
   3.3034
   3.3016
   3.2839
   3.2681
   3.2423
   3.2132
   3.1843
   3.1502
   3.1202
   3.0861
   3.0468
   3.0094
   2.9709
   2.9285
   2.8867
   2.8415
   2.7983
   2.7611
   2.7159
   2.6725
   2.6261
   2.5800
   2.5229
   2.4721
   2.4105
   2.3550
   2.2966
   2.2405
   2.1831
   2.1234
   2.0684
   2.0120
   1.9531
   1.8972
   1.8444
   1.7887
   1.7359
   1.6812
   1.6236
   1.5645
   1.5007
   1.4379
   1.3652
   1.2936
   1.2106
   1.1289
   1.0427
   0.9475
   0.8545
   0.7653
   0.6642
   0.5650
   0.4629
   0.3560
   0.2468
   0.1312
   0.0191
  -0.0913
  -0.2120
  -0.3264
  -0.4314
  -0.5339
  -0.6336
  -0.7299
  -0.8276
  -0.9164
  -1.0025
  -1.0793
  -1.1557
  -1.2488
  -1.3394
  -1.4265
  -1.5137
  -1.6057
  -1.7110
  -1.8151
  -1.9220
  -2.0428
  -2.1637
  -2.2784
  -2.3992
  -2.5110
  -2.6152
  -2.7096
  -2.8121
  -2.9022
  -2.9966
  -3.0864
  -3.1821
  -3.2736
  -3.3695
  -3.4675
  -3.5589
  -3.6445
  -3.7261
  -3.8100
  -3.8860
  -3.9632
  -4.0392
  -4.1108
  -4.1827
  -4.2504
  -4.3167
  -4.3784
  -4.4434
  -4.4975
  -4.5516
  -4.6058
  -4.6567
  -4.7028
  -4.7536
  -4.7959
  -4.8414
  -4.8836
  -4.9255
  -4.9662
  -5.0022
  -5.0455
  -5.0907
  -5.1333
  -5.1802
  -5.2269
  -5.2769
  -5.3239
  -5.3676
  -5.4051
  -5.4387
  -5.4750
  -5.5139
  -5.5528
  -5.5705
  -5.5926
  -5.6124
  -5.6321
  -5.6490
  -5.6505
  -5.6608
  -5.6683
  -5.6645
  -5.6655
  -5.6705
  -5.6638
  -5.6584
  -5.6563
  -5.6572
  -5.6498
  -5.6482
  -5.6436
  -5.6455
  -5.6461
  -5.6465
  -5.6460
  -5.6449
  -5.6469
  -5.6516
  -5.6609
  -5.6698
  -5.6790
  -5.6931
  -5.7054
  -5.7176
  -5.7251
  -5.7356
  -5.7417
  -5.7555
  -5.7616
  -5.7713
  -5.7826
  -5.7908
  -5.7996
  -5.8071
  -5.8118
  -5.8161
  -5.8172
  -5.8136
  -5.8077
  -5.8008
  -5.7973
  -5.7865
  -5.7820
  -5.7649
  -5.7340
  -5.7041
  -5.6706
  -5.6368
  -5.5937
  -5.5533
  -5.5153
  -5.4726
  -5.4334
  -5.3939
  -5.3602
  -5.3201
  -5.2699
  -5.2258
  -5.1630
  -5.0930
  -5.0114
  -4.9174
  -4.8252
  -4.7258
  -4.6175
  -4.5178
  -4.4178
  -4.3239
  -4.2310
  -4.1452
  -4.0626
  -3.9815
  -3.8998
  -3.8181
  -3.7441
  -3.6666
  -3.5894
  -3.5137
  -3.4411
  -3.3743
  -3.3012
  -3.2313
  -3.1644
  -3.1019
  -3.0345
  -2.9746
  -2.9098
  -2.8507
  -2.7867
  -2.7319
  -2.6795
  -2.6300
  -2.5843
  -2.5386
  -2.4972
  -2.4616
  -2.4244
  -2.3838
  -2.3482
  -2.2952
  -2.2503
  -2.1918
  -2.1208
  -2.0491
  -1.9749
  -1.9131
  -1.8536
  -1.7901
  -1.7282
  -1.6714
  -1.6129
  -1.5559
  -1.4971
  -1.4322
  -1.3672
  -1.2942
  -1.2282
  -1.1647
  -1.0968
  -1.0450
  -1.0004
  -0.9615
  -0.9348
  -0.9097
  -0.8914
  -0.8766
  -0.8567
  -0.8372
  -0.8117
  -0.7834
  -0.7490
  -0.7100
  -0.6708
  -0.6323
  -0.5937
  -0.5522
  -0.5125
  -0.4770
  -0.4418
  -0.4054
  -0.3643
  -0.3326
  -0.3008
  -0.2693
  -0.2348
  -0.2068
  -0.1775
  -0.1497
  -0.1234
  -0.0959
  -0.0621
  -0.0242
   0.0154
   0.0559
   0.0970
   0.1393
   0.1846
   0.2324
   0.2758
   0.3159
   0.3422
   0.3785
   0.4065
   0.4248
   0.4492
   0.4648
   0.4744
   0.4858
   0.4881
   0.4857
   0.4754
   0.4544
   0.4330
   0.4101
   0.3737
   0.3358
   0.2886
   0.2449
   0.1928
   0.1411
   0.0861
   0.0262
  -0.0353
  -0.0969
  -0.1569
  -0.2127
  -0.2729
  -0.3334
  -0.3940
  -0.4573
  -0.5222
  -0.5914
  -0.6637
  -0.7392
  -0.8143
  -0.8835
  -0.9529
  -1.0207
  -1.0887
  -1.1507
  -1.2080
  -1.2669
  -1.3213
  -1.3741
  -1.4193
  -1.4658
  -1.5137
  -1.5602
  -1.6126
  -1.6622
  -1.7131
  -1.7674
  -1.8203
  -1.8734
  -1.9286
  -1.9824
  -2.0362
  -2.0869
  -2.1435
  -2.2002
  -2.2505
  -2.2962
  -2.3430
  -2.3899
  -2.4382
  -2.4879
  -2.5378
  -2.5850
  -2.6327
  -2.6798
  -2.7236
  -2.7657
  -2.8033
  -2.8442
  -2.8913
  -2.9356
  -2.9787
  -3.0132
  -3.0508
  -3.0807
  -3.1106
  -3.1328
  -3.1440
  -3.1536
  -3.1600
  -3.1650
  -3.1713
  -3.1776
  -3.1845
  -3.1944
  -3.2033
  -3.2127
  -3.2173
  -3.2222
  -3.2269
  -3.2223
  -3.2266
  -3.2291
  -3.2297
  -3.2258
  -3.2262
  -3.2283
  -3.2287
  -3.2291
  -3.2295
  -3.2328
  -3.2314
  -3.2238
  -3.2147
  -3.1963
  -3.1797
  -3.1555
  -3.1249
  -3.0909
  -3.0568
  -3.0225
  -2.9867
  -2.9522
  -2.9193
  -2.8848
  -2.8533
  -2.8265
  -2.8027
  -2.7880
  -2.7780
  -2.7683
  -2.7571
  -2.7414
  -2.7194
  -2.6939
  -2.6664
  -2.6300
  -2.5920
  -2.5525
  -2.5067
  -2.4563
  -2.4046
  -2.3542
  -2.3100
  -2.2642
  -2.2250
  -2.1857
  -2.1530
  -2.1249
  -2.0953
  -2.0691
  -2.0412
  -2.0131
  -1.9805
  -1.9471
  -1.9105
  -1.8737
  -1.8368
  -1.8003
  -1.7588
  -1.7102
  -1.6680
  -1.6168
  -1.5673
  -1.5196
  -1.4732
  -1.4253
  -1.3768
  -1.3285
  -1.2789
  -1.2290
  -1.1803
  -1.1351
  -1.0924
  -1.0490
  -1.0065
  -0.9615
  -0.9191
  -0.8806
  -0.8445
  -0.8069
  -0.7636
  -0.7217
  -0.6791
  -0.6358
  -0.5941
  -0.5486
  -0.5025
  -0.4591
  -0.4106
  -0.3586
  -0.3090
  -0.2600
  -0.2153
  -0.1742
  -0.1341
  -0.0930
  -0.0589
  -0.0241
   0.0126
   0.0466
   0.0819
   0.1198
   0.1589
   0.1976
   0.2380
   0.2777
   0.3178
   0.3588
   0.4004
   0.4397
   0.4810
   0.5211
   0.5611
   0.5970
   0.6313
   0.6665
   0.7019
   0.7398
   0.7769
   0.8126
   0.8451
   0.8784
   0.9096
   0.9427
   0.9764
   1.0120
   1.0461
   1.0800
   1.1130
   1.1455
   1.1772
   1.2148
   1.2492
   1.2865
   1.3246
   1.3553
   1.3889
   1.4213
   1.4536
   1.4879
   1.5182
   1.5515
   1.5851
   1.6185
   1.6539
   1.6897
   1.7293
   1.7647
   1.8056
   1.8492
   1.8908
   1.9351
   1.9755
   2.0183
   2.0580
   2.1015
   2.1433
   2.1833
   2.2211
   2.2601
   2.3016
   2.3374
   2.3733
   2.4165
   2.4576
   2.4984
   2.5406
   2.5837
   2.6234
   2.6594
   2.6984
   2.7377
   2.7813
   2.8272
   2.8683
   2.9118
   2.9516
   2.9896
   3.0253
   3.0545
   3.0882
   3.1292
   3.1636
   3.2045
   3.2484
   3.2893
   3.3331
   3.3763
   3.4214
   3.4688
   3.5140
   3.5566
   3.6045
   3.6538
   3.6998
   3.7469
   3.8033
   3.8515
   3.9001
   3.9498
   3.9967
   4.0479
   4.0908
   4.1325
   4.1756
   4.2175
   4.2672
   4.3104
   4.3606
   4.4085
   4.4530
   4.5067
   4.5518
   4.6021
   4.6487
   4.7013
   4.7496
   4.8003
   4.8589
   4.9205
   4.9810
   5.0458
   5.1159
   5.1851
   5.2520
   5.3203
   5.3940
   5.4716
   5.5530
   5.6414
   5.7419
   5.8280
   5.9177
   6.0060
   6.0900
   6.1814
   6.2781
   6.3773
   6.4870
   6.5981
   6.7199
   6.8366
   6.9456
   7.0695
   7.1876
   7.3053
   7.4304
   7.5461
   7.6731
   7.7987
   7.9229
   8.0490
   8.1795
   8.2983
   8.4194
   8.5483
   8.6713
   8.7976
   8.9316
   9.0663
   9.2007
   9.3333
   9.4684
   9.6065
   9.7500
   9.8944
  10.0318
  10.1673
  10.3053
  10.4352
  10.5632
  10.6923
  10.8233
  10.9588
  11.0954
  11.2397
  11.3792
  11.5218
  11.6623
  11.7977
  11.9298
  12.0692
  12.2042
  12.3430
  12.4832
  12.6171
  12.7568
  12.8873
  13.0136
  13.1355
  13.2589
  13.3745
  13.5023
  13.6288
  13.7565
  13.8826
  14.0101
  14.1294
  14.2520
  14.3667
  14.4860
  14.6045
  14.7207
  14.8404
  14.9558
  15.0643
  15.1732
  15.2765
  15.3841
  15.4794
  15.5747
  15.6694
  15.7639
  15.8549
  15.9412
  16.0305
  16.1103
  16.1936
  16.2633
  16.3338
  16.3951
  16.4511
  16.5092
  16.5576
  16.6076
  16.6547
  16.6976
  16.7432
  16.7841
  16.8214
  16.8675
  16.9034
  16.9391
  16.9616
  16.9926
  17.0153
  17.0342
  17.0504
  17.0602
  17.0691
  17.0718
  17.0742
  17.0711
  17.0602
  17.0439
  17.0212
  17.0000
  16.9695
  16.9370
  16.8975
  16.8583
  16.8116
  16.7649
  16.7139
  16.6571
  16.5981
  16.5357
  16.4679
  16.4018
  16.3314
  16.2595
  16.1850
  16.1035
  16.0245
  15.9343
  15.8370
  15.7449
  15.6498
  15.5594
  15.4606
  15.3623
  15.2605
  15.1533
  15.0449
  14.9435
  14.8467
  14.7448
  14.6474
  14.5374
  14.4322
  14.3340
  14.2419
  14.1528
  14.0614
  13.9771
  13.8912
  13.8084
  13.7231
  13.6418
  13.5562
  13.4811
  13.4039
  13.3338
  13.2616
  13.1962
  13.1211
  13.0510
  12.9732
  12.9021
  12.8344
  12.7743
  12.7178
  12.6621
  12.6115
  12.5689
  12.5295
  12.4948
  12.4553
  12.4192
  12.3875
  12.3589
  12.3337
  12.3027
  12.2656
  12.2341
  12.2039
  12.1681
  12.1345
  12.1006
  12.0626
  12.0239
  11.9781
  11.9226
  11.8657
  11.8154
  11.7733
  11.7404
  11.6999
  11.6636
  11.6213
  11.5906
  11.5632
  11.5375
  11.5085
  11.4717
  11.4344
  11.3927
  11.3541
  11.3129
  11.2748
  11.2367
  11.1879
  11.1404
  11.1012
  11.0563
  11.0237
  10.9892
  10.9550
  10.9229
  10.8910
  10.8593
  10.8312
  10.8055
  10.7884
  10.7690
  10.7520
  10.7372
  10.7301
  10.7336
  10.7313
  10.7304
  10.7221
  10.7165
  10.7128
  10.6987
  10.6823
  10.6627
  10.6459
  10.6343
  10.6199
  10.6067
  10.5965
  10.5754
  10.5648
  10.5504
  10.5346
  10.5137
  10.4940
  10.4756
  10.4524
  10.4327
  10.4185
  10.4135
  10.4150
  10.4296
  10.4312
  10.4363
  10.4330
  10.4338
  10.4332
  10.4316
  10.4311
  10.4237
  10.4153
  10.4129
  10.4213
  10.4271
  10.4351
  10.4472
  10.4606
  10.4836
  10.5115
  10.5408
  10.5741
  10.5975
  10.6312
  10.6473
  10.6651
  10.6759
  10.6845
  10.6887
  10.6917
  10.6824
  10.6634
  10.6326
  10.6069
  10.5692
  10.5271
  10.4722
  10.4111
  10.3528
  10.2895
  10.2319
  10.1742
  10.1206
  10.0729
  10.0271
   9.9870
   9.9481
   9.9126
   9.8788
   9.8538
   9.8261
   9.8058
   9.7823
   9.7650
   9.7478
   9.7320
   9.7211
   9.7108
   9.7101
   9.7044
   9.6927
   9.6766
   9.6648
   9.6417
   9.6241
   9.6003
   9.5738
   9.5526
   9.5256
   9.4972
   9.4635
   9.4423
   9.4200
   9.4018
   9.3851
   9.3578
   9.3357
   9.3115
   9.2851
   9.2591
   9.2236
   9.1860
   9.1444
   9.1010
   9.0407
   8.9773
   8.9166
   8.8488
   8.7901
   8.7290
   8.6713
   8.6165
   8.5666
   8.5220
   8.4806
   8.4472
   8.4236
   8.4010
   8.3779
   8.3547
   8.3328
   8.3040
   8.2746
   8.2369
   8.1942
   8.1485
   8.0982
   8.0457
   7.9864
   7.9282
   7.8629
   7.7959
   7.7232
   7.6537
   7.5815
   7.5112
   7.4438
   7.3751
   7.3064
   7.2293
   7.1659
   7.1051
   7.0438
   6.9811
   6.9281
   6.8748
   6.8275
   6.7845
   6.7402
   6.7024
   6.6772
   6.6465
   6.6135
   6.5782
   6.5423
   6.5001
   6.4701
   6.4360
   6.4020
   6.3601
   6.3193
   6.2870
   6.2512
   6.2139
   6.1788
   6.1547
   6.1369
   6.1207
   6.1080
   6.0856
   6.0673
   6.0468
   6.0177
   5.9916
   5.9668
   5.9376
   5.8951
   5.8412
   5.7911
   5.7430
   5.6916
   5.6426
   5.6070
   5.5703
   5.5325
   5.4927
   5.4540
   5.4131
   5.3705
   5.3335
   5.2916
   5.2495
   5.2155
   5.1810
   5.1461
   5.1137
   5.0752
   5.0454
   5.0106
   4.9779
   4.9458
   4.9103
   4.8680
   4.8343
   4.8021
   4.7580
   4.7165
   4.6707
   4.6258
   4.5830
   4.5334
   4.4776
   4.4276
   4.3729
   4.3228
   4.2680
   4.2156
   4.1537
   4.0962
   4.0333
   3.9782
   3.9205
   3.8607
   3.8021
   3.7499
   3.6963
   3.6456
   3.5973
   3.5458
   3.4979
   3.4536
   3.4114
   3.3728
   3.3374
   3.3029
   3.2655
   3.2248
   3.1961
   3.1781
   3.1548
   3.1316
   3.1122
   3.0906
   3.0564
   3.0217
   2.9913
   2.9568
   2.9184
   2.8850
   2.8540
   2.8151
   2.7788
   2.7391
   2.7006
   2.6611
   2.6209
   2.5854
   2.5580
   2.5208
   2.4862
   2.4507
   2.4188
   2.3755
   2.3375
   2.2909
   2.2394
   2.1981
   2.1528
   2.1120
   2.0777
   2.0324
   1.9975
   1.9607
   1.9247
   1.8808
   1.8474
   1.8124
   1.7808
   1.7525
   1.7255
   1.7008
   1.6800
   1.6665
   1.6569
   1.6568
   1.6584
   1.6620
   1.6748
   1.6847
   1.7010
   1.7196
   1.7360
   1.7564
   1.7763
   1.7982
   1.8222
   1.8399
   1.8580
   1.8726
   1.8826
   1.8922
   1.8941
   1.8856
   1.8803
   1.8668
   1.8544
   1.8368
   1.8291
   1.8208
   1.8069
   1.7917
   1.7861
   1.7693
   1.7584
   1.7359
   1.7132
   1.6928
   1.6623
   1.6304
   1.6001
   1.5662
   1.5377
   1.5102
   1.4894
   1.4689
   1.4500
   1.4322
   1.4050
   1.3766
   1.3484
   1.3140
   1.2832
   1.2450
   1.2046
   1.1703
   1.1360
   1.0961
   1.0548
   1.0142
   0.9755
   0.9342
   0.8863
   0.8358
   0.7820
   0.7195
   0.6485
   0.5729
   0.4989
   0.4222
   0.3433
   0.2582
   0.1636
   0.0745
  -0.0269
  -0.1309
  -0.2345
  -0.3471
  -0.4490
  -0.5564
  -0.6621
  -0.7709
  -0.8746
  -0.9706
  -1.0667
  -1.1640
  -1.2498
  -1.3395
  -1.4295
  -1.5251
  -1.6154
  -1.7057
  -1.7985
  -1.9015
  -1.9923
  -2.0930
  -2.1905
  -2.2897
  -2.3972
  -2.4939
  -2.6004
  -2.7049
  -2.8060
  -2.9070
  -3.0091
  -3.1166
  -3.2208
  -3.3304
  -3.4409
  -3.5489
  -3.6592
  -3.7769
  -3.8912
  -4.0028
  -4.1175
  -4.2314
  -4.3438
  -4.4468
  -4.5580
  -4.6617
  -4.7689
  -4.8845
  -5.0001
  -5.1092
  -5.2218
  -5.3393
  -5.4534
  -5.5669
  -5.6819
  -5.7986
  -5.9181
  -6.0345
  -6.1495
  -6.2609
  -6.3690
  -6.4656
  -6.5632
  -6.6576
  -6.7540
  -6.8542
  -6.9455
  -7.0349
  -7.1205
  -7.2056
  -7.2970
  -7.3815
  -7.2720
  -7.1667
  -7.0603
  -6.9497
  -6.8362
  -6.7224
  -6.6074
  -6.4870
  -6.3623
  -6.2365
  -6.0987
  -5.9583
  -5.8128
  -5.6609
  -5.5059
  -5.3440
  -5.1823
  -5.0141
  -4.8497
  -4.6827
  -4.5143
  -4.3470
  -4.1736
  -3.9955
  -3.8193
  -3.6353
  -3.4501
  -3.2692
  -3.0855
  -2.8971
