  -3.8486
  -3.7449
  -3.6460
  -3.5483
  -3.4456
  -3.3549
  -3.2606
  -3.1684
  -3.0704
  -2.9707
  -2.8615
  -2.7488
  -2.6505
  -2.5527
  -2.4697
  -2.3883
  -2.3104
  -2.2424
  -2.1698
  -2.1040
  -2.0373
  -1.9781
  -1.9203
  -1.8689
  -1.8173
  -1.7801
  -1.7393
  -1.7028
  -1.6668
  -1.6274
  -1.5894
  -1.6817
  -1.7761
  -1.8698
  -1.9629
  -2.0654
  -2.1652
  -2.2704
  -2.3761
  -2.4951
  -2.6107
  -2.7237
  -2.8421
  -2.9618
  -3.0863
  -3.2133
  -3.3491
  -3.4812
  -3.6194
  -3.7684
  -3.9220
  -4.0881
  -4.2551
  -4.4206
  -4.5857
  -4.7501
  -4.9214
  -5.0845
  -5.2478
  -5.4171
  -5.5888
  -5.7755
  -5.9608
  -6.1465
  -6.3410
  -6.5376
  -6.7352
  -6.9319
  -7.1266
  -7.3208
  -7.5091
  -7.7071
  -7.9129
  -8.1164
  -8.3261
  -8.5349
  -8.7386
  -8.9413
  -9.1409
  -9.3380
  -9.5321
  -9.7347
  -9.9260
 -10.1221
 -10.3193
 -10.5137
 -10.6937
 -10.8779
 -11.0545
 -11.2268
 -11.4084
 -11.5897
 -11.7721
 -11.9534
 -12.1392
 -12.3280
 -12.5129
 -12.7019
 -12.8901
 -13.0743
 -13.2520
 -13.4275
 -13.6000
 -13.7656
 -13.9220
 -14.0824
 -14.2341
 -14.3833
 -14.5432
 -14.6946
 -14.8422
 -14.9808
 -15.1090
 -15.2304
 -15.3501
 -15.4647
 -15.5766
 -15.6873
 -15.7970
 -15.9032
 -16.0065
 -16.1051
 -16.1897
 -16.2773
 -16.3641
 -16.4529
 -16.5412
 -16.6150
 -16.6951
 -16.7712
 -16.8433
 -16.9146
 -16.9688
 -17.0188
 -17.0586
 -17.0945
 -17.1341
 -17.1774
 -17.2135
 -17.2420
 -17.2677
 -17.2883
 -17.3024
 -17.3203
 -17.3256
 -17.3201
 -17.3047
 -17.2700
 -17.2253
 -17.1770
 -17.1267
 -17.0671
 -17.0079
 -16.9448
 -16.8814
 -16.8159
 -16.7068
 -16.5871
 -16.4633
 -16.3371
 -16.2075
 -16.0678
 -15.9259
 -15.7756
 -15.6222
 -15.4704
 -15.3041
 -15.1081
 -14.9345
 -14.7521
 -14.5745
 -14.3877
 -14.1984
 -14.0028
 -13.8074
 -13.6072
 -13.4092
 -13.2080
 -12.9937
 -12.7857
 -12.5806
 -12.3628
 -12.1472
 -11.9366
 -11.7160
 -11.4932
 -11.2644
 -11.0384
 -10.8236
 -10.6091
 -10.3956
 -10.1945
  -9.9909
  -9.8038
  -9.6271
  -9.4600
  -9.2983
  -9.1285
  -8.9629
  -8.8109
  -8.6669
  -8.5385
  -8.4190
  -8.3096
  -8.2024
  -8.1114
  -8.0292
  -7.9627
  -7.9283
  -7.9049
  -7.8928
  -7.8845
  -7.8865
  -7.8899
  -7.8895
  -7.8902
  -7.8902
  -7.9295
  -7.9686
  -8.0082
  -8.0381
  -8.0631
  -8.0956
  -8.1297
  -8.1693
  -8.2124
  -8.2604
  -8.3215
  -8.4126
  -8.4835
  -8.5532
  -8.6177
  -8.6938
  -8.7707
  -8.8576
  -8.9432
  -9.0270
  -9.1148
  -9.2067
  -9.3059
  -9.3984
  -9.4843
  -9.5711
  -9.6530
  -9.7248
  -9.7982
  -9.8688
  -9.9328
  -9.9918
 -10.0412
 -10.0809
 -10.1141
 -10.1358
 -10.1603
 -10.1814
 -10.1917
 -10.2036
 -10.2045
 -10.2094
 -10.2064
 -10.1961
 -10.1825
 -10.1575
 -10.1300
 -10.0920
 -10.0488
  -9.9955
  -9.9413
  -9.8817
  -9.8151
  -9.7497
  -9.6822
  -9.6167
  -9.5484
  -9.4718
  -9.3943
  -9.3115
  -9.2289
  -9.1458
  -9.0708
  -8.9963
  -8.9284
  -8.8663
  -8.8086
  -8.7472
  -8.6907
  -8.6338
  -8.5770
  -8.5160
  -8.4525
  -8.3872
  -8.3252
  -8.2650
  -8.2018
  -8.1419
  -8.0819
  -8.0274
  -7.9769
  -7.9253
  -7.8752
  -7.8264
  -7.7877
  -7.7489
  -7.7171
  -7.6869
  -7.6603
  -7.6376
  -7.6104
  -7.5896
  -7.5651
  -7.5437
  -7.5216
  -7.5062
  -7.4911
  -7.4757
  -7.4579
  -7.4401
  -7.4182
  -7.3996
  -7.3818
  -7.3682
  -7.3546
  -7.3392
  -7.3283
  -7.3218
  -7.3094
  -7.2942
  -7.2696
  -7.2423
  -7.2153
  -7.1841
  -7.1454
  -7.1035
  -7.0590
  -7.0114
  -6.9691
  -6.9287
  -6.8903
  -6.8539
  -6.8203
  -6.7875
  -6.7531
  -6.7224
  -6.6929
  -6.6611
  -6.6375
  -6.6139
  -6.5929
  -6.5701
  -6.5541
  -6.5373
  -6.5232
  -6.5038
  -6.4821
  -6.4591
  -6.4341
  -6.4084
  -6.3830
  -6.3581
  -6.3389
  -6.3197
  -6.2992
  -6.2753
  -6.2522
  -6.2304
  -6.2085
  -6.1891
  -6.1687
  -6.1537
  -6.1393
  -6.1285
  -6.1211
  -6.1154
  -6.1103
  -6.1064
  -6.1066
  -6.1059
  -6.1064
  -6.1081
  -6.1115
  -6.1153
  -6.1183
  -6.1224
  -6.1266
  -6.1275
  -6.1202
  -6.1196
  -6.1217
  -6.1321
  -6.1439
  -6.1533
  -6.1629
  -6.1744
  -6.1880
  -6.2074
  -6.2292
  -6.2524
  -6.2784
  -6.3065
  -6.3337
  -6.3593
  -6.3878
  -6.4182
  -6.4477
  -6.4779
  -6.5088
  -6.5332
  -6.5588
  -6.5847
  -6.6123
  -6.6328
  -6.6566
  -6.6778
  -6.7010
  -6.7229
  -6.7428
  -6.7619
  -6.7769
  -6.7896
  -6.8022
  -6.8120
  -6.8201
  -6.8261
  -6.8329
  -6.8417
  -6.8502
  -6.8610
  -6.8736
  -6.8889
  -6.9058
  -6.9215
  -6.9356
  -6.9463
  -6.9575
  -6.9658
  -6.9746
  -6.9835
  -6.9942
  -7.0036
  -7.0090
  -7.0095
  -7.0025
  -6.9923
  -6.9793
  -6.9624
  -6.9479
  -6.9346
  -6.9185
  -6.9048
  -6.8888
  -6.8707
  -6.8548
  -6.8421
  -6.8310
  -6.8215
  -6.8080
  -6.7963
  -6.7858
  -6.7709
  -6.7596
  -6.7450
  -6.7307
  -6.7135
  -6.6955
  -6.6772
  -6.6622
  -6.6481
  -6.6341
  -6.6234
  -6.6143
  -6.6041
  -6.5996
  -6.5983
  -6.6012
  -6.6102
  -6.6240
  -6.6415
  -6.6618
  -6.6879
  -6.7160
  -6.7400
  -6.7648
  -6.7959
  -6.8303
  -6.8644
  -6.9038
  -6.9420
  -6.9791
  -7.0144
  -7.0551
  -7.0956
  -7.1407
  -7.1853
  -7.2278
  -7.2756
  -7.3238
  -7.3723
  -7.4243
  -7.4745
  -7.5243
  -7.5780
  -7.6330
  -7.6928
  -7.7531
  -7.8167
  -7.8884
  -7.9565
  -8.0211
  -8.0865
  -8.1474
  -8.2152
  -8.2790
  -8.3430
  -8.4063
  -8.4693
  -8.5318
  -8.5977
  -8.6596
  -8.7165
  -8.7703
  -8.8215
  -8.8739
  -8.9305
  -8.9801
  -9.0276
  -9.0661
  -9.0956
  -9.1245
  -9.1485
  -9.1643
  -9.1700
  -9.1722
  -9.1695
  -9.1640
  -9.1577
  -9.1424
  -9.1287
  -9.1082
  -9.0870
  -9.0648
  -9.0429
  -9.0248
  -9.0038
  -8.9762
  -8.9445
  -8.9120
  -8.8758
  -8.8391
  -8.8000
  -8.7588
  -8.7078
  -8.6507
  -8.5895
  -8.5333
  -8.4746
  -8.4053
  -8.3373
  -8.2726
  -8.2015
  -8.1320
  -8.0621
  -7.9911
  -7.9217
  -7.8531
  -7.7805
  -7.7063
  -7.6284
  -7.5498
  -7.4690
  -7.3936
  -7.3182
  -7.2408
  -7.1641
  -7.0850
  -7.0050
  -6.9238
  -6.8373
  -6.7446
  -6.6531
  -6.5657
  -6.4822
  -6.3948
  -6.3106
  -6.2253
  -6.1470
  -6.0715
  -6.0002
  -5.9409
  -5.8755
  -5.8175
  -5.7628
  -5.7154
  -5.6738
  -5.6292
  -5.5883
  -5.5429
  -5.5070
  -5.4681
  -5.4399
  -5.4091
  -5.3780
  -5.3447
  -5.3126
  -5.2814
  -5.2563
  -5.2333
  -5.2073
  -5.1781
  -5.1518
  -5.1201
  -5.0925
  -5.0694
  -5.0516
  -5.0314
  -5.0013
  -4.9826
  -4.9655
  -4.9505
  -4.9330
  -4.9146
  -4.9008
  -4.8878
  -4.8736
  -4.8581
  -4.8414
  -4.8328
  -4.8214
  -4.8100
  -4.7977
  -4.7900
  -4.7798
  -4.7671
  -4.7548
  -4.7418
  -4.7320
  -4.7161
  -4.6986
  -4.6860
  -4.6774
  -4.6644
  -4.6465
  -4.6352
  -4.6222
  -4.6112
  -4.5966
  -4.5791
  -4.5592
  -4.5396
  -4.5192
  -4.5033
  -4.4882
  -4.4781
  -4.4662
  -4.4503
  -4.4443
  -4.4333
  -4.4247
  -4.4133
  -4.3973
  -4.3728
  -4.3466
  -4.3254
  -4.3020
  -4.2779
  -4.2477
  -4.2165
  -4.1837
  -4.1513
  -4.1200
  -4.0921
  -4.0756
  -4.0551
  -4.0340
  -4.0151
  -3.9981
  -3.9869
  -3.9700
  -3.9559
  -3.9471
  -3.9359
  -3.9299
  -3.9194
  -3.9122
  -3.9066
  -3.8965
  -3.8876
  -3.8729
  -3.8689
  -3.8595
  -3.8526
  -3.8518
  -3.8465
  -3.8485
  -3.8559
  -3.8686
  -3.8780
  -3.8948
  -3.9082
  -3.9278
  -3.9405
  -3.9597
  -3.9895
  -4.0152
  -4.0397
  -4.0626
  -4.0813
  -4.1062
  -4.1286
  -4.1584
  -4.1735
  -4.1881
  -4.1973
  -4.1972
  -4.1946
  -4.2018
  -4.2045
  -4.2035
  -4.2108
  -4.2110
  -4.2125
  -4.2164
  -4.2248
  -4.2307
  -4.2334
  -4.2352
  -4.2379
  -4.2450
  -4.2538
  -4.2709
  -4.2772
  -4.2835
  -4.2833
  -4.2925
  -4.3042
  -4.3060
  -4.3160
  -4.3252
  -4.3381
  -4.3530
  -4.3659
  -4.3722
  -4.3790
  -4.3824
  -4.3847
  -4.3873
  -4.4001
  -4.4162
  -4.4352
  -4.4493
  -4.4733
  -4.4914
  -4.5066
  -4.5260
  -4.5433
  -4.5585
  -4.5635
  -4.5742
  -4.5857
  -4.5972
  -4.5997
  -4.6070
  -4.6103
  -4.6136
  -4.6103
  -4.6205
  -4.6254
  -4.6323
  -4.6384
  -4.6477
  -4.6521
  -4.6672
  -4.6797
  -4.7009
  -4.7278
  -4.7617
  -4.7899
  -4.8167
  -4.8449
  -4.8574
  -4.8781
  -4.9025
  -4.9262
  -4.9469
  -4.9676
  -4.9964
  -5.0294
  -5.0751
  -5.1088
  -5.1462
  -5.1798
  -5.2242
  -5.2506
  -5.2738
  -5.2905
  -5.3071
  -5.3299
  -5.3500
  -5.3682
  -5.3863
  -5.3946
  -5.3996
  -5.4116
  -5.4194
  -5.4321
  -5.4470
  -5.4577
  -5.4688
  -5.4783
  -5.4948
  -5.5023
  -5.5040
  -5.5181
  -5.5256
  -5.5336
  -5.5353
  -5.5334
  -5.5389
  -5.5374
  -5.5347
  -5.5353
  -5.5309
  -5.5311
  -5.5239
  -5.5121
  -5.5062
  -5.4921
  -5.4821
  -5.4716
  -5.4592
  -5.4460
  -5.4348
  -5.4257
  -5.4191
  -5.4077
  -5.3933
  -5.3752
  -5.3539
  -5.3338
  -5.3166
  -5.3064
  -5.2962
  -5.2836
  -5.2717
  -5.2641
  -5.2564
  -5.2443
  -5.2255
  -5.2011
  -5.1788
  -5.1524
  -5.1183
  -5.0795
  -5.0516
  -5.0245
  -4.9979
  -4.9663
  -4.9348
  -4.8976
  -4.8645
  -4.8274
  -4.8000
  -4.7723
  -4.7437
  -4.7093
  -4.6721
  -4.6328
  -4.5916
  -4.5470
  -4.4979
  -4.4413
  -4.3865
  -4.3363
  -4.2721
  -4.2066
  -4.1288
  -4.0465
  -3.9571
  -3.8685
  -3.7826
  -3.6982
  -3.6131
  -3.5362
  -3.4524
  -3.3822
  -3.3051
  -3.2279
  -3.1487
  -3.0683
  -2.9907
  -2.9090
  -2.8268
  -2.7441
  -2.6577
  -2.5700
  -2.4812
  -2.3903
  -2.2999
  -2.2091
  -2.1076
  -2.0049
  -1.8961
  -1.7773
  -1.6585
  -1.5375
  -1.4138
  -1.2942
  -1.1759
  -1.0633
  -0.9407
  -0.8165
  -0.6873
  -0.5602
  -0.4317
  -0.3050
  -0.1862
  -0.0685
   0.0486
   0.1613
   0.2764
   0.3920
   0.5054
   0.6208
   0.7325
   0.8430
   0.9448
   1.0503
   1.1580
   1.2561
   1.3520
   1.4470
   1.5409
   1.6329
   1.7250
   1.8105
   1.8914
   1.9537
   2.0103
   2.0541
   2.0926
   2.1368
   2.1782
   2.2126
   2.2520
   2.2840
   2.3253
   2.3607
   2.4048
   2.4454
   2.4913
   2.5393
   2.5901
   2.6373
   2.6939
   2.7451
   2.8030
   2.8631
   2.9154
   2.9731
   3.0353
   3.0915
   3.1539
   3.2115
   3.2647
   3.3217
   3.3834
   3.4446
   3.5166
   3.5844
   3.6538
   3.7168
   3.7760
   3.8261
   3.8685
   3.8977
   3.9281
   3.9592
   3.9907
   4.0199
   4.0506
   4.0807
   4.1091
   4.1425
   4.1719
   4.2109
   4.2553
   4.3035
   4.3481
   4.3946
   4.4544
   4.5156
   4.5795
   4.6478
   4.7194
   4.7960
   4.8795
   4.9679
   5.0654
   5.1602
   5.2660
   5.3708
   5.4732
   5.5782
   5.6913
   5.7971
   5.9063
   6.0017
   6.1064
   6.2024
   6.2930
   6.3729
   6.4572
   6.5384
   6.6187
   6.6799
   6.7514
   6.8169
   6.8847
   6.9576
   7.0222
   7.0836
   7.1391
   7.1876
   7.2340
   7.2795
   7.3139
   7.3391
   7.3607
   7.3864
   7.4099
   7.4322
   7.4517
   7.4691
   7.4873
   7.5062
   7.5280
   7.5420
   7.5508
   7.5651
   7.5835
   7.5973
   7.6093
   7.6244
   7.6377
   7.6585
   7.6746
   7.6944
   7.7044
   7.7121
   7.7133
   7.7156
   7.7203
   7.7286
   7.7330
   7.7304
   7.7256
   7.7054
   7.6778
   7.6484
   7.6164
   7.5772
   7.5399
   7.4986
   7.4637
   7.4358
   7.4159
   7.3990
   7.3895
   7.3772
   7.3653
   7.3532
   7.3521
   7.3455
   7.3393
   7.3393
   7.3456
   7.3526
   7.3587
   7.3668
   7.3791
   7.3916
   7.4004
   7.4067
   7.4182
   7.4295
   7.4365
   7.4465
   7.4590
   7.4764
   7.4848
   7.4970
   7.5157
   7.5323
   7.5489
   7.5725
   7.6016
   7.6390
   7.6848
   7.7363
   7.7791
   7.8160
   7.8563
   7.8911
   7.9243
   7.9591
   7.9838
   8.0040
   8.0157
   8.0344
   8.0517
   8.0748
   8.0826
   8.0900
   8.0844
   8.0781
   8.0736
   8.0715
   8.0745
   8.0779
   8.0704
   8.0665
   8.0640
   8.0789
   8.0991
   8.1197
   8.1277
   8.1410
   8.1488
   8.1500
   8.1407
   8.1276
   8.1223
   8.1096
   8.0994
   8.0862
   8.0602
   8.0374
   8.0056
   7.9677
   7.9280
   7.8836
   7.8387
   7.7944
   7.7482
   7.7004
   7.6544
   7.6059
   7.5614
   7.5220
   7.4816
   7.4481
   7.4104
   7.3744
   7.3401
   7.3119
   7.2746
   7.2349
   7.1790
   7.1207
   7.0655
   7.0080
   6.9485
   6.8877
   6.8292
   6.7691
   6.7055
   6.6483
   6.5968
   6.5355
   6.4600
   6.3891
   6.3191
   6.2481
   6.1863
   6.1385
   6.1009
   6.0580
   6.0171
   5.9672
   5.9005
   5.8299
   5.7611
   5.7009
   5.6332
   5.5571
   5.4794
   5.4080
   5.3227
   5.2518
   5.1839
   5.1117
   5.0381
   4.9580
   4.8639
   4.7627
   4.6623
   4.5834
   4.4994
   4.4310
   4.3833
   4.3269
   4.2718
   4.2240
   4.1876
   4.1772
   4.1624
   4.1450
   4.1317
   4.1204
   4.1023
   4.0800
   4.0629
   4.0481
   4.0250
   4.0015
   3.9753
   3.9576
   3.9330
   3.9191
   3.9052
   3.8926
   3.8834
   3.8858
   3.8957
   3.9128
   3.9309
   3.9509
   3.9665
   3.9729
   3.9713
   3.9732
   3.9764
   4.0035
   4.0853
   4.1851
   4.2976
   4.4035
   4.5019
   4.5851
   4.6610
   4.7455
   4.8344
   4.9010
   4.9516
   4.9775
   4.9987
   5.0193
   5.0321
   5.0521
   5.0611
   5.0778
   5.0961
   5.1204
   5.1426
   5.1777
   5.2177
   5.2498
   5.2700
   5.2925
   5.2937
   5.2790
   5.2654
   5.2515
   5.2295
   5.1907
   5.1302
   5.0644
   4.9986
   4.9321
   4.8633
   4.7838
   4.7042
   4.6158
   4.5215
   4.4293
   4.3302
   4.2281
   4.1208
   4.0174
   3.9248
   3.8420
   3.7682
   3.7057
   3.6269
   3.5428
   3.4472
   3.3485
   3.2480
   3.1430
   3.0387
   2.9464
   2.8606
   2.7661
   2.6431
   2.4668
   2.2668
   2.0415
   1.8181
   1.6086
   1.4011
   1.1990
   1.0037
   0.8181
   0.6518
   0.4906
   0.3446
   0.2069
   0.0637
  -0.0814
  -0.2291
  -0.3730
  -0.5245
  -0.6630
  -0.8024
  -0.9368
  -1.0673
  -1.1992
  -1.3278
  -1.4516
  -1.5741
  -1.6918
  -1.8205
  -1.9480
  -2.0778
  -2.2087
  -2.3334
  -2.4574
  -2.5777
  -2.6940
  -2.8144
  -2.9355
  -3.0492
  -3.1581
  -3.2688
  -3.3710
  -3.4756
  -3.5682
  -3.6552
  -3.7388
  -3.8158
  -3.9019
  -3.9967
  -4.0981
  -4.2008
  -4.2997
  -4.3982
  -4.4951
  -4.5931
  -4.6934
  -4.7873
  -4.8684
  -4.9493
  -5.0279
  -5.1017
  -5.1764
  -5.2443
  -5.3163
  -5.3871
  -5.4629
  -5.5409
  -5.6129
  -5.6769
  -5.7325
  -5.7890
  -5.8470
  -5.9020
  -5.9605
  -6.0201
  -6.0730
  -6.1212
  -6.1698
  -6.2239
  -6.2749
  -6.3346
  -6.3922
  -6.4480
  -6.5038
  -6.5564
  -6.6066
  -6.6633
  -6.7106
  -6.7546
  -6.7880
  -6.8157
  -6.8485
  -6.8715
  -6.9003
  -6.9317
  -6.9689
  -7.0151
  -7.0614
  -7.1085
  -7.1454
  -7.1821
  -7.2060
  -7.2313
  -7.2526
  -7.2730
  -7.3000
  -7.3260
  -7.3547
  -7.3858
  -7.4187
  -7.4528
  -7.4962
  -7.5314
  -7.5669
  -7.5957
  -7.6191
  -7.6376
  -7.6553
  -7.5385
  -7.4172
  -7.2913
  -7.1670
  -7.0364
  -6.9097
  -6.7831
  -6.6580
  -6.5267
  -6.4029
  -6.2813
  -6.1565
  -6.0403
  -5.9181
  -5.8033
  -5.6800
  -5.5515
  -5.4228
  -5.2911
  -5.1632
  -5.0301
  -4.8985
  -4.7699
  -4.6361
  -4.5043
  -4.3731
  -4.2459
  -4.1253
  -4.0047
  -3.8867
