  -4.9069
  -4.9746
  -5.0299
  -5.0791
  -5.1098
  -5.1310
  -5.1471
  -5.1634
  -5.1885
  -5.2134
  -5.2390
  -5.2711
  -5.3049
  -5.3388
  -5.3778
  -5.4091
  -5.4480
  -5.4853
  -5.5215
  -5.5528
  -5.5873
  -5.6171
  -5.6324
  -5.6558
  -5.6686
  -5.6762
  -5.6760
  -5.6701
  -5.6690
  -5.6633
  -5.6503
  -5.5927
  -5.5352
  -5.4730
  -5.4153
  -5.3578
  -5.3036
  -5.2430
  -5.1904
  -5.1343
  -5.0736
  -5.0189
  -4.9645
  -4.9144
  -4.8660
  -4.8160
  -4.7663
  -4.7133
  -4.6576
  -4.6031
  -4.5453
  -4.4855
  -4.4241
  -4.3705
  -4.3110
  -4.2572
  -4.1957
  -4.1465
  -4.0911
  -4.0388
  -3.9955
  -3.9451
  -3.9055
  -3.8693
  -3.8409
  -3.8281
  -3.8218
  -3.8185
  -3.8059
  -3.7872
  -3.7658
  -3.7487
  -3.7239
  -3.6977
  -3.6670
  -3.6424
  -3.6232
  -3.6066
  -3.5858
  -3.5600
  -3.5391
  -3.5179
  -3.5003
  -3.4889
  -3.4717
  -3.4637
  -3.4623
  -3.4579
  -3.4516
  -3.4457
  -3.4406
  -3.4371
  -3.4312
  -3.4205
  -3.4127
  -3.3956
  -3.3812
  -3.3573
  -3.3414
  -3.3133
  -3.2961
  -3.2743
  -3.2513
  -3.2268
  -3.2054
  -3.1859
  -3.1692
  -3.1572
  -3.1452
  -3.1271
  -3.1122
  -3.0927
  -3.0738
  -3.0550
  -3.0346
  -3.0128
  -2.9898
  -2.9748
  -2.9461
  -2.9236
  -2.8982
  -2.8681
  -2.8426
  -2.8169
  -2.7930
  -2.7673
  -2.7353
  -2.7063
  -2.6771
  -2.6635
  -2.6436
  -2.6294
  -2.6121
  -2.5997
  -2.5855
  -2.5778
  -2.5563
  -2.5357
  -2.5032
  -2.4707
  -2.4445
  -2.4165
  -2.3843
  -2.3592
  -2.3315
  -2.3127
  -2.2921
  -2.2729
  -2.2582
  -2.2501
  -2.2417
  -2.2248
  -2.2156
  -2.1998
  -2.1904
  -2.1781
  -2.1769
  -2.1663
  -2.1589
  -2.1530
  -2.1560
  -2.1452
  -2.1466
  -2.1479
  -2.1478
  -2.1433
  -2.1383
  -2.1260
  -2.1105
  -2.0968
  -2.0842
  -2.0689
  -2.0628
  -2.0535
  -2.0346
  -2.0159
  -1.9996
  -1.9731
  -1.9463
  -1.9199
  -1.8950
  -1.8655
  -1.8319
  -1.7980
  -1.7599
  -1.7275
  -1.6921
  -1.6663
  -1.6401
  -1.6140
  -1.5753
  -1.5418
  -1.5066
  -1.4669
  -1.4244
  -1.3817
  -1.3387
  -1.3036
  -1.2666
  -1.2404
  -1.2174
  -1.1973
  -1.1773
  -1.1493
  -1.1125
  -1.0882
  -1.0482
  -1.0182
  -0.9787
  -0.9424
  -0.9079
  -0.8695
  -0.8416
  -0.8141
  -0.7934
  -0.7770
  -0.7679
  -0.7529
  -0.7414
  -0.7368
  -0.7255
  -0.7175
  -0.7079
  -0.6928
  -0.6707
  -0.6493
  -0.6297
  -0.6051
  -0.5759
  -0.5502
  -0.5241
  -0.4998
  -0.4763
  -0.4514
  -0.4309
  -0.4261
  -0.4119
  -0.4059
  -0.4091
  -0.4169
  -0.4183
  -0.4180
  -0.4239
  -0.4297
  -0.4339
  -0.4490
  -0.4538
  -0.4629
  -0.4638
  -0.4653
  -0.4618
  -0.4570
  -0.4611
  -0.4596
  -0.4599
  -0.4564
  -0.4537
  -0.4504
  -0.4376
  -0.4285
  -0.4165
  -0.4027
  -0.3875
  -0.3632
  -0.3587
  -0.3455
  -0.3240
  -0.3088
  -0.2811
  -0.2631
  -0.2405
  -0.2189
  -0.1963
  -0.1768
  -0.1541
  -0.1306
  -0.0998
  -0.0660
  -0.0307
   0.0046
   0.0412
   0.0724
   0.1048
   0.1298
   0.1538
   0.1663
   0.1858
   0.1972
   0.2056
   0.2029
   0.2005
   0.2028
   0.2000
   0.1988
   0.1939
   0.1970
   0.2044
   0.2012
   0.2071
   0.2181
   0.2278
   0.2316
   0.2307
   0.2302
   0.2237
   0.2198
   0.2195
   0.2134
   0.2085
   0.2034
   0.2016
   0.1964
   0.1834
   0.1782
   0.1637
   0.1464
   0.1227
   0.0980
   0.0752
   0.0481
   0.0233
   0.0014
  -0.0238
  -0.0455
  -0.0760
  -0.0952
  -0.1245
  -0.1517
  -0.1783
  -0.2113
  -0.2411
  -0.2770
  -0.3097
  -0.3475
  -0.3805
  -0.4135
  -0.4481
  -0.4839
  -0.5199
  -0.5550
  -0.5870
  -0.6224
  -0.6559
  -0.6873
  -0.7203
  -0.7549
  -0.7849
  -0.8162
  -0.8410
  -0.8648
  -0.8867
  -0.9118
  -0.9374
  -0.9614
  -0.9905
  -1.0115
  -1.0399
  -1.0653
  -1.0876
  -1.1068
  -1.1384
  -1.1671
  -1.1958
  -1.2201
  -1.2430
  -1.2640
  -1.2923
  -1.3193
  -1.3495
  -1.3766
  -1.4080
  -1.4439
  -1.4813
  -1.5158
  -1.5521
  -1.5839
  -1.6146
  -1.6435
  -1.6700
  -1.6958
  -1.7252
  -1.7611
  -1.8000
  -1.8413
  -1.8848
  -1.9304
  -1.9810
  -2.0304
  -2.0790
  -2.1269
  -2.1725
  -2.2165
  -2.2589
  -2.2964
  -2.3329
  -2.3690
  -2.4032
  -2.4346
  -2.4658
  -2.4989
  -2.5325
  -2.5690
  -2.6024
  -2.6348
  -2.6701
  -2.7066
  -2.7400
  -2.7716
  -2.7972
  -2.8229
  -2.8528
  -2.8810
  -2.9000
  -2.9170
  -2.9354
  -2.9519
  -2.9702
  -2.9832
  -2.9986
  -3.0125
  -3.0339
  -3.0476
  -3.0624
  -3.0777
  -3.0961
  -3.1210
  -3.1434
  -3.1635
  -3.1841
  -3.2003
  -3.2211
  -3.2378
  -3.2562
  -3.2733
  -3.2887
  -3.3039
  -3.3139
  -3.3174
  -3.3108
  -3.3057
  -3.2911
  -3.2686
  -3.2387
  -3.2056
  -3.1642
  -3.1192
  -3.0697
  -3.0205
  -2.9666
  -2.9096
  -2.8575
  -2.8070
  -2.7551
  -2.7047
  -2.6543
  -2.6080
  -2.5589
  -2.5164
  -2.4706
  -2.4236
  -2.3755
  -2.3282
  -2.2764
  -2.2291
  -2.1798
  -2.1339
  -2.0852
  -2.0339
  -1.9871
  -1.9494
  -1.9086
  -1.8699
  -1.8383
  -1.8082
  -1.7905
  -1.7683
  -1.7478
  -1.7289
  -1.7141
  -1.7043
  -1.6948
  -1.6852
  -1.6757
  -1.6587
  -1.6431
  -1.6228
  -1.5930
  -1.5675
  -1.5460
  -1.5209
  -1.4986
  -1.4735
  -1.4498
  -1.4261
  -1.4022
  -1.3800
  -1.3592
  -1.3433
  -1.3334
  -1.3384
  -1.3446
  -1.3648
  -1.3897
  -1.4144
  -1.4408
  -1.4714
  -1.5051
  -1.5446
  -1.5810
  -1.6265
  -1.6781
  -1.7264
  -1.7748
  -1.8265
  -1.8813
  -1.9395
  -1.9978
  -2.0577
  -2.1131
  -2.1730
  -2.2316
  -2.2939
  -2.3570
  -2.4247
  -2.4928
  -2.5640
  -2.6276
  -2.6929
  -2.7671
  -2.8386
  -2.9102
  -2.9864
  -3.0606
  -3.1293
  -3.1993
  -3.2629
  -3.3277
  -3.3876
  -3.4457
  -3.5040
  -3.5497
  -3.5936
  -3.6332
  -3.6687
  -3.7086
  -3.7470
  -3.7881
  -3.8290
  -3.8638
  -3.8986
  -3.9287
  -3.9559
  -3.9753
  -4.0024
  -4.0279
  -4.0472
  -4.0607
  -4.0683
  -4.0774
  -4.0806
  -4.0791
  -4.0761
  -4.0709
  -4.0635
  -4.0608
  -4.0606
  -4.0576
  -4.0562
  -4.0470
  -4.0325
  -4.0183
  -4.0004
  -3.9834
  -3.9546
  -3.9245
  -3.8869
  -3.8478
  -3.8020
  -3.7516
  -3.7039
  -3.6547
  -3.6081
  -3.5541
  -3.4981
  -3.4379
  -3.3763
  -3.3132
  -3.2472
  -3.1855
  -3.1116
  -3.0405
  -2.9700
  -2.8965
  -2.8234
  -2.7500
  -2.6766
  -2.6080
  -2.5366
  -2.4669
  -2.4007
  -2.3343
  -2.2757
  -2.2172
  -2.1540
  -2.0950
  -2.0392
  -1.9786
  -1.9215
  -1.8648
  -1.8138
  -1.7586
  -1.7122
  -1.6641
  -1.6268
  -1.5815
  -1.5403
  -1.5039
  -1.4730
  -1.4433
  -1.4105
  -1.3852
  -1.3587
  -1.3426
  -1.3121
  -1.2913
  -1.2675
  -1.2438
  -1.2293
  -1.2114
  -1.1984
  -1.1926
  -1.1819
  -1.1721
  -1.1630
  -1.1612
  -1.1561
  -1.1535
  -1.1466
  -1.1461
  -1.1548
  -1.1637
  -1.1651
  -1.1712
  -1.1789
  -1.1873
  -1.1970
  -1.1974
  -1.2057
  -1.2170
  -1.2219
  -1.2347
  -1.2385
  -1.2450
  -1.2524
  -1.2628
  -1.2688
  -1.2761
  -1.2775
  -1.2848
  -1.2874
  -1.2898
  -1.2894
  -1.2904
  -1.2960
  -1.3030
  -1.3084
  -1.3142
  -1.3286
  -1.3327
  -1.3451
  -1.3546
  -1.3627
  -1.3706
  -1.3840
  -1.3974
  -1.4069
  -1.4144
  -1.4184
  -1.4182
  -1.4202
  -1.4219
  -1.4236
  -1.4285
  -1.4224
  -1.4257
  -1.4229
  -1.4215
  -1.4169
  -1.4088
  -1.4004
  -1.3930
  -1.3809
  -1.3692
  -1.3482
  -1.3360
  -1.3188
  -1.3108
  -1.2976
  -1.2893
  -1.2747
  -1.2621
  -1.2447
  -1.2385
  -1.2291
  -1.2143
  -1.2030
  -1.1928
  -1.1850
  -1.1660
  -1.1519
  -1.1369
  -1.1217
  -1.1154
  -1.1060
  -1.0927
  -1.0754
  -1.0620
  -1.0415
  -1.0277
  -1.0121
  -0.9998
  -0.9756
  -0.9605
  -0.9425
  -0.9187
  -0.9028
  -0.8794
  -0.8559
  -0.8238
  -0.8008
  -0.7689
  -0.7423
  -0.7119
  -0.6767
  -0.6430
  -0.6037
  -0.5667
  -0.5327
  -0.5009
  -0.4755
  -0.4466
  -0.4276
  -0.3985
  -0.3699
  -0.3404
  -0.3122
  -0.2789
  -0.2441
  -0.2067
  -0.1676
  -0.1301
  -0.0853
  -0.0454
  -0.0084
   0.0202
   0.0517
   0.0778
   0.1097
   0.1418
   0.1710
   0.1980
   0.2226
   0.2519
   0.2822
   0.3132
   0.3397
   0.3661
   0.3970
   0.4248
   0.4490
   0.4822
   0.5151
   0.5428
   0.5757
   0.6094
   0.6423
   0.6757
   0.7127
   0.7420
   0.7813
   0.8189
   0.8556
   0.8821
   0.9238
   0.9634
   1.0033
   1.0502
   1.0856
   1.1296
   1.1743
   1.2165
   1.2638
   1.3163
   1.3626
   1.4141
   1.4681
   1.5245
   1.5787
   1.6486
   1.7143
   1.7880
   1.8649
   1.9543
   2.0317
   2.1190
   2.2062
   2.3009
   2.3866
   2.4788
   2.5649
   2.6508
   2.7452
   2.8292
   2.9259
   3.0265
   3.1266
   3.2374
   3.3503
   3.4631
   3.5741
   3.6879
   3.8065
   3.9404
   4.0646
   4.1919
   4.3253
   4.4560
   4.5940
   4.7274
   4.8666
   5.0057
   5.1392
   5.2747
   5.4130
   5.5479
   5.6837
   5.8189
   5.9522
   6.0814
   6.2178
   6.3503
   6.4805
   6.6085
   6.7425
   6.8703
   6.9993
   7.1280
   7.2540
   7.3868
   7.5223
   7.6502
   7.7791
   7.9063
   8.0377
   8.1644
   8.2867
   8.4167
   8.5383
   8.6611
   8.7770
   8.8989
   9.0240
   9.1445
   9.2621
   9.3871
   9.5028
   9.6228
   9.7394
   9.8576
   9.9659
  10.0737
  10.1885
  10.2944
  10.4121
  10.5167
  10.6161
  10.7154
  10.8133
  10.9129
  11.0142
  11.1205
  11.2305
  11.3391
  11.4440
  11.5524
  11.6629
  11.7727
  11.8880
  11.9987
  12.1088
  12.2160
  12.3256
  12.4355
  12.5399
  12.6438
  12.7552
  12.8640
  12.9773
  13.1013
  13.2204
  13.3448
  13.4681
  13.5979
  13.7363
  13.8666
  14.0022
  14.1332
  14.2680
  14.3983
  14.5262
  14.6517
  14.7773
  14.9074
  15.0331
  15.1580
  15.2903
  15.4279
  15.5655
  15.7080
  15.8507
  16.0003
  16.1499
  16.2832
  16.4247
  16.5633
  16.6998
  16.8432
  16.9822
  17.1193
  17.2631
  17.4111
  17.5629
  17.7098
  17.8582
  17.9989
  18.1452
  18.2948
  18.4452
  18.5934
  18.7373
  18.8780
  19.0132
  19.1449
  19.2720
  19.3981
  19.5232
  19.6476
  19.7683
  19.8833
  20.0017
  20.1216
  20.2390
  20.3564
  20.4726
  20.5912
  20.7159
  20.8343
  20.9536
  21.0678
  21.1747
  21.2865
  21.3901
  21.4935
  21.5970
  21.6940
  21.7938
  21.8866
  21.9855
  22.0803
  22.1792
  22.2785
  22.3726
  22.4697
  22.5673
  22.6619
  22.7540
  22.8432
  22.9277
  23.0058
  23.0819
  23.1568
  23.2223
  23.2836
  23.3527
  23.4126
  23.4777
  23.5410
  23.6012
  23.6612
  23.7191
  23.7714
  23.8240
  23.8673
  23.9030
  23.9398
  23.9733
  24.0056
  24.0368
  24.0683
  24.0939
  24.1224
  24.1517
  24.1838
  24.2194
  24.2536
  24.2948
  24.3356
  24.3718
  24.4066
  24.4430
  24.4749
  24.5103
  24.5450
  24.5792
  24.6102
  24.6437
  24.6832
  24.7269
  24.7706
  24.8097
  24.8570
  24.9057
  24.9480
  24.9941
  25.0387
  25.0902
  25.1463
  25.1989
  25.2470
  25.2918
  25.3299
  25.3716
  25.4015
  25.4312
  25.4586
  25.4880
  25.5177
  25.5545
  25.5931
  25.6423
  25.6883
  25.7437
  25.8084
  25.8767
  25.9509
  26.0281
  26.1027
  26.1799
  26.2595
  26.3376
  26.4187
  26.5028
  26.5832
  26.6716
  26.7672
  26.8633
  26.9626
  27.0604
  27.1593
  27.2607
  27.3639
  27.4640
  27.5632
  27.6543
  27.7380
  27.8289
  27.9080
  27.9911
  28.0747
  28.1669
  28.2522
  28.3353
  28.4074
  28.4879
  28.5609
  28.6321
  28.6992
  28.7543
  28.8060
  28.8605
  28.9119
  28.9554
  28.9830
  29.0191
  29.0479
  29.0856
  29.1218
  29.1393
  29.1703
  29.2063
  29.2501
  29.3008
  29.3540
  29.4205
  29.4851
  29.5509
  29.6181
  29.6819
  29.7290
  29.7693
  29.7997
  29.8287
  29.8432
  29.8495
  29.8472
  29.8370
  29.8201
  29.8019
  29.7762
  29.7515
  29.7228
  29.6852
  29.6467
  29.6074
  29.5661
  29.5218
  29.4696
  29.4101
  29.3429
  29.2728
  29.1903
  29.1156
  29.0377
  28.9551
  28.8767
  28.7947
  28.7006
  28.6123
  28.5176
  28.4205
  28.3207
  28.2338
  28.1508
  28.0724
  27.9838
  27.8965
  27.8164
  27.7380
  27.6618
  27.5858
  27.5049
  27.4265
  27.3491
  27.2832
  27.2046
  27.1280
  27.0383
  26.9430
  26.8622
  26.7729
  26.6827
  26.5900
  26.4927
  26.3883
  26.2785
  26.1767
  26.0736
  25.9703
  25.8719
  25.7823
  25.6914
  25.5929
  25.4992
  25.4135
  25.3162
  25.2251
  25.1361
  25.0547
  24.9782
  24.9037
  24.8227
  24.7474
  24.6693
  24.5882
  24.5070
  24.4286
  24.3471
  24.2688
  24.1970
  24.1426
  24.0982
  24.0656
  24.0313
  24.0014
  23.9764
  23.9540
  23.9385
  23.9254
  23.9062
  23.8811
  23.8536
  23.8132
  23.7631
  23.7117
  23.6551
  23.6031
  23.5490
  23.4861
  23.4218
  23.3580
  23.2962
  23.2415
  23.1776
  23.1137
  23.0488
  22.9941
  22.9334
  22.8720
  22.8050
  22.7290
  22.6476
  22.5552
  22.4536
  22.3524
  22.2446
  22.1474
  22.0372
  21.9387
  21.8283
  21.7176
  21.6025
  21.4971
  21.3938
  21.2838
  21.1668
  21.0508
  20.9381
  20.8158
  20.6865
  20.5491
  20.4107
  20.2640
  20.1212
  19.9823
  19.8457
  19.7108
  19.5784
  19.4520
  19.3295
  19.2123
  19.0810
  18.9459
  18.8079
  18.6689
  18.5281
  18.3910
  18.2436
  18.0947
  17.9521
  17.8001
  17.6646
  17.5262
  17.3942
  17.2711
  17.1464
  17.0265
  16.9063
  16.7914
  16.6808
  16.5656
  16.4577
  16.3351
  16.2077
  16.0818
  15.9488
  15.8143
  15.6797
  15.5477
  15.4172
  15.2913
  15.1795
  15.0742
  14.9816
  14.8893
  14.8036
  14.7248
  14.6337
  14.5486
  14.4466
  14.3549
  14.2556
  14.1619
  14.0525
  13.9474
  13.8505
  13.7643
  13.6890
  13.6101
  13.5381
  13.4593
  13.3808
  13.2962
  13.2190
  13.1342
  13.0538
  12.9636
  12.8785
  12.7863
  12.6922
  12.5870
  12.4758
  12.3724
  12.2711
  12.1580
  12.0463
  11.9364
  11.8234
  11.7113
  11.5967
  11.4790
  11.3761
  11.2636
  11.1546
  11.0435
  10.9251
  10.8099
  10.6962
  10.5807
  10.4666
  10.3569
  10.2455
  10.1223
  10.0080
   9.8941
   9.7900
   9.6906
   9.5952
   9.4965
   9.3988
   9.3030
   9.2065
   9.1038
   8.9945
   8.8874
   8.7851
   8.6834
   8.5669
   8.4432
   8.3060
   8.1631
   8.0090
   7.8621
   7.6988
   7.5495
   7.3975
   7.2465
   7.0902
   6.9277
   6.7710
   6.6144
   6.4689
   6.3288
   6.1956
   6.0606
   5.9319
   5.8007
   5.6779
   5.5457
   5.4118
   5.2788
   5.1493
   5.0188
   4.8825
   4.7406
   4.6123
   4.4813
   4.3560
   4.2327
   4.1087
   3.9885
   3.8675
   3.7381
   3.6087
   3.4799
   3.3515
   3.2238
   3.0924
   2.9692
   2.8389
   2.7074
   2.5724
   2.4390
   2.3116
   2.1820
   2.0526
   1.9195
   1.7820
   1.6471
   1.5136
   1.3847
   1.2601
   1.1360
   1.0116
   0.8949
   0.7738
   0.6579
   0.5372
   0.4316
   0.3366
   0.2544
   0.1853
   0.1176
   0.0519
  -0.0002
  -0.0566
  -0.1135
  -0.1763
  -0.2355
  -0.2950
  -0.3609
  -0.4997
  -0.6408
  -0.7825
  -0.9226
  -1.0630
  -1.2045
  -1.3457
  -1.4828
  -1.6133
  -1.7393
  -1.8621
  -1.9827
  -2.0961
  -2.2024
  -2.3120
  -2.4228
  -2.5341
  -2.6564
  -2.7789
  -2.8959
  -3.0153
  -3.1352
  -3.2476
  -3.3617
  -3.4696
  -3.5724
  -3.6747
  -3.7736
  -3.8798
  -3.9775
