 -11.2031
 -11.3728
 -11.5398
 -11.7135
 -11.8809
 -12.0449
 -12.2041
 -12.3615
 -12.5245
 -12.6760
 -12.8346
 -12.9861
 -13.1379
 -13.2879
 -13.4368
 -13.5817
 -13.7311
 -13.8805
 -14.0270
 -14.1800
 -14.3273
 -14.4791
 -14.6254
 -14.7710
 -14.9171
 -15.0614
 -15.2019
 -15.3408
 -15.4750
 -15.6003
 -15.7277
 -15.6457
 -15.5613
 -15.4792
 -15.3972
 -15.3167
 -15.2327
 -15.1483
 -15.0647
 -14.9800
 -14.8949
 -14.8059
 -14.7127
 -14.6184
 -14.5269
 -14.4375
 -14.3476
 -14.2589
 -14.1706
 -14.0807
 -13.9947
 -13.9072
 -13.8142
 -13.7236
 -13.6312
 -13.5400
 -13.4470
 -13.3573
 -13.2584
 -13.1590
 -13.0597
 -12.9624
 -12.8632
 -12.7698
 -12.6760
 -12.5804
 -12.4925
 -12.4148
 -12.3431
 -12.2789
 -12.2263
 -12.1773
 -12.1374
 -12.0991
 -12.0691
 -12.0424
 -12.0167
 -11.9882
 -11.9646
 -11.9432
 -11.9180
 -11.8933
 -11.8671
 -11.8458
 -11.8262
 -11.8056
 -11.7839
 -11.7671
 -11.7514
 -11.7379
 -11.7244
 -11.7093
 -11.6996
 -11.6905
 -11.6814
 -11.6701
 -11.6589
 -11.6538
 -11.6427
 -11.6333
 -11.6230
 -11.6071
 -11.5931
 -11.5768
 -11.5670
 -11.5534
 -11.5415
 -11.5328
 -11.5274
 -11.5193
 -11.5118
 -11.5058
 -11.5042
 -11.5020
 -11.4999
 -11.5035
 -11.5088
 -11.5168
 -11.5209
 -11.5303
 -11.5414
 -11.5507
 -11.5590
 -11.5716
 -11.5760
 -11.5831
 -11.5908
 -11.5958
 -11.5933
 -11.5854
 -11.5694
 -11.5493
 -11.5219
 -11.4919
 -11.4636
 -11.4314
 -11.3955
 -11.3623
 -11.3264
 -11.2916
 -11.2519
 -11.2144
 -11.1768
 -11.1375
 -11.0954
 -11.0518
 -11.0081
 -10.9655
 -10.9239
 -10.8873
 -10.8501
 -10.8210
 -10.7930
 -10.7617
 -10.7348
 -10.7044
 -10.6752
 -10.6475
 -10.6144
 -10.5905
 -10.5644
 -10.5388
 -10.5175
 -10.4939
 -10.4742
 -10.4489
 -10.4270
 -10.4073
 -10.3887
 -10.3636
 -10.3494
 -10.3362
 -10.3221
 -10.3013
 -10.2859
 -10.2693
 -10.2539
 -10.2346
 -10.2176
 -10.2056
 -10.1897
 -10.1821
 -10.1744
 -10.1706
 -10.1657
 -10.1635
 -10.1575
 -10.1547
 -10.1536
 -10.1463
 -10.1456
 -10.1433
 -10.1388
 -10.1371
 -10.1309
 -10.1199
 -10.1126
 -10.1075
 -10.1008
 -10.0958
 -10.0885
 -10.0856
 -10.0800
 -10.0754
 -10.0742
 -10.0735
 -10.0766
 -10.0814
 -10.0867
 -10.0920
 -10.0923
 -10.0865
 -10.0880
 -10.0877
 -10.0880
 -10.0783
 -10.0743
 -10.0669
 -10.0612
 -10.0614
 -10.0552
 -10.0451
 -10.0355
 -10.0308
 -10.0197
 -10.0074
 -10.0002
  -9.9890
  -9.9712
  -9.9545
  -9.9388
  -9.9149
  -9.8888
  -9.8665
  -9.8475
  -9.8324
  -9.8205
  -9.8103
  -9.8028
  -9.7981
  -9.7950
  -9.7929
  -9.7881
  -9.7850
  -9.7817
  -9.7763
  -9.7693
  -9.7623
  -9.7503
  -9.7389
  -9.7352
  -9.7281
  -9.7221
  -9.7171
  -9.7105
  -9.7055
  -9.6984
  -9.6896
  -9.6814
  -9.6743
  -9.6699
  -9.6655
  -9.6611
  -9.6627
  -9.6637
  -9.6689
  -9.6726
  -9.6731
  -9.6720
  -9.6725
  -9.6686
  -9.6641
  -9.6684
  -9.6623
  -9.6589
  -9.6560
  -9.6630
  -9.6678
  -9.6758
  -9.6811
  -9.6836
  -9.6939
  -9.7089
  -9.7219
  -9.7282
  -9.7454
  -9.7649
  -9.7762
  -9.7935
  -9.8130
  -9.8314
  -9.8519
  -9.8735
  -9.8974
  -9.9115
  -9.9304
  -9.9439
  -9.9573
  -9.9675
  -9.9694
  -9.9717
  -9.9643
  -9.9480
  -9.9344
  -9.9132
  -9.8770
  -9.8518
  -9.8217
  -9.7898
  -9.7579
  -9.7277
  -9.6953
  -9.6563
  -9.6211
  -9.5881
  -9.5563
  -9.5238
  -9.4953
  -9.4673
  -9.4306
  -9.3921
  -9.3515
  -9.2982
  -9.2461
  -9.1858
  -9.1271
  -9.0659
  -9.0099
  -8.9556
  -8.9035
  -8.8718
  -8.8350
  -8.7977
  -8.7565
  -8.7214
  -8.6906
  -8.6582
  -8.6286
  -8.5957
  -8.5629
  -8.5323
  -8.5022
  -8.4699
  -8.4420
  -8.4146
  -8.3910
  -8.3609
  -8.3351
  -8.3159
  -8.2952
  -8.2760
  -8.2507
  -8.2216
  -8.2002
  -8.1770
  -8.1537
  -8.1272
  -8.1062
  -8.0825
  -8.0593
  -8.0455
  -8.0313
  -8.0213
  -8.0191
  -8.0152
  -8.0147
  -8.0262
  -8.0284
  -8.0328
  -8.0388
  -8.0476
  -8.0563
  -8.0623
  -8.0749
  -8.0852
  -8.0950
  -8.1053
  -8.1201
  -8.1309
  -8.1384
  -8.1509
  -8.1633
  -8.1752
  -8.1970
  -8.2137
  -8.2349
  -8.2534
  -8.2707
  -8.2847
  -8.2949
  -8.3014
  -8.2868
  -8.2789
  -8.2737
  -8.2702
  -8.2684
  -8.2595
  -8.2493
  -8.2336
  -8.2268
  -8.2210
  -8.2164
  -8.2109
  -8.2061
  -8.1988
  -8.1965
  -8.1892
  -8.1851
  -8.1755
  -8.1670
  -8.1534
  -8.1411
  -8.1287
  -8.1240
  -8.1099
  -8.0948
  -8.0791
  -8.0612
  -8.0293
  -7.9968
  -7.9698
  -7.9383
  -7.9085
  -7.8837
  -7.8600
  -7.8314
  -7.8077
  -7.7840
  -7.7582
  -7.7334
  -7.7075
  -7.6838
  -7.6551
  -7.6325
  -7.6121
  -7.5895
  -7.5658
  -7.5444
  -7.5219
  -7.5072
  -7.4948
  -7.4850
  -7.4737
  -7.4628
  -7.4514
  -7.4416
  -7.4296
  -7.4164
  -7.3988
  -7.3761
  -7.3746
  -7.3590
  -7.3428
  -7.3250
  -7.3088
  -7.2977
  -7.2786
  -7.2551
  -7.2333
  -7.2193
  -7.1986
  -7.1789
  -7.1538
  -7.1300
  -7.1055
  -7.0803
  -7.0474
  -7.0188
  -6.9870
  -6.9564
  -6.9235
  -6.8945
  -6.8626
  -6.8352
  -6.8056
  -6.7761
  -6.7508
  -6.7305
  -6.7107
  -6.7027
  -6.6941
  -6.6844
  -6.6781
  -6.6679
  -6.6555
  -6.6397
  -6.6261
  -6.6070
  -6.5884
  -6.5686
  -6.5516
  -6.5352
  -6.5104
  -6.4896
  -6.4647
  -6.4382
  -6.4122
  -6.3858
  -6.3603
  -6.3327
  -6.3028
  -6.2691
  -6.2376
  -6.2072
  -6.1773
  -6.1468
  -6.1169
  -6.0864
  -6.0565
  -6.0310
  -6.0033
  -5.9553
  -5.9224
  -5.8912
  -5.8622
  -5.8316
  -5.7969
  -5.7628
  -5.7323
  -5.7039
  -5.6716
  -5.6397
  -5.6074
  -5.5777
  -5.5475
  -5.5185
  -5.4906
  -5.4675
  -5.4440
  -5.4210
  -5.3979
  -5.3716
  -5.3451
  -5.3164
  -5.2893
  -5.2578
  -5.2256
  -5.1913
  -5.1565
  -5.1227
  -5.0874
  -5.0548
  -5.0189
  -4.9800
  -4.9428
  -4.9050
  -4.8679
  -4.8290
  -4.7907
  -4.7547
  -4.7197
  -4.6842
  -4.6508
  -4.6236
  -4.5952
  -4.5680
  -4.5434
  -4.5189
  -4.4938
  -4.4631
  -4.4319
  -4.4003
  -4.3703
  -4.3339
  -4.2965
  -4.2582
  -4.2166
  -4.1775
  -4.1413
  -4.1045
  -4.0700
  -4.0432
  -4.0181
  -3.9969
  -3.9736
  -3.9469
  -3.9185
  -3.8918
  -3.8646
  -3.8416
  -3.8186
  -3.7945
  -3.7681
  -3.7423
  -3.7172
  -3.6909
  -3.6651
  -3.6377
  -3.6098
  -3.5829
  -3.5544
  -3.5249
  -3.4964
  -3.4681
  -3.4407
  -3.4108
  -3.3849
  -3.3634
  -3.3444
  -3.3278
  -3.3116
  -3.2938
  -3.2760
  -3.2577
  -3.2428
  -3.2267
  -3.2072
  -3.1920
  -3.1784
  -3.1665
  -3.1505
  -3.1357
  -3.1185
  -3.0972
  -3.0726
  -3.0469
  -3.0202
  -2.9912
  -2.9645
  -2.9479
  -2.9426
  -2.9471
  -2.9550
  -2.9673
  -2.9839
  -3.0004
  -3.0171
  -3.0374
  -3.0539
  -3.0683
  -3.0827
  -3.0915
  -3.1003
  -3.1096
  -3.1167
  -3.1243
  -3.1346
  -3.1407
  -3.1404
  -3.1362
  -3.1306
  -3.1229
  -3.1113
  -3.1008
  -3.0864
  -3.0680
  -3.0469
  -3.0200
  -2.9906
  -2.9613
  -2.9292
  -2.8988
  -2.8712
  -2.8438
  -2.8192
  -2.7970
  -2.7760
  -2.7523
  -2.7275
  -2.6952
  -2.6587
  -2.6217
  -2.5845
  -2.5463
  -2.5076
  -2.4705
  -2.4366
  -2.4073
  -2.3788
  -2.3499
  -2.3203
  -2.2922
  -2.2645
  -2.2392
  -2.2178
  -2.2028
  -2.1903
  -2.1823
  -2.1759
  -2.1670
  -2.1470
  -2.1190
  -2.0835
  -2.0431
  -2.0032
  -1.9654
  -1.9314
  -1.9011
  -1.8687
  -1.8381
  -1.8079
  -1.7793
  -1.7527
  -1.7267
  -1.7013
  -1.6785
  -1.6545
  -1.6305
  -1.6109
  -1.5968
  -1.5889
  -1.5834
  -1.5773
  -1.5748
  -1.5788
  -1.5837
  -1.5911
  -1.6047
  -1.6224
  -1.6418
  -1.6600
  -1.6826
  -1.7064
  -1.7280
  -1.7510
  -1.7711
  -1.7911
  -1.8092
  -1.8344
  -1.8632
  -1.8980
  -1.9318
  -1.9672
  -2.0092
  -2.0473
  -2.0863
  -2.1240
  -2.1524
  -2.1806
  -2.2053
  -2.2326
  -2.2622
  -2.2961
  -2.3336
  -2.3725
  -2.4095
  -2.4461
  -2.4831
  -2.5122
  -2.5415
  -2.5755
  -2.6092
  -2.6389
  -2.6703
  -2.7031
  -2.7340
  -2.7621
  -2.7875
  -2.8066
  -2.8247
  -2.8448
  -2.8716
  -2.9012
  -2.9309
  -2.9597
  -2.9882
  -3.0151
  -3.0432
  -3.0777
  -3.1110
  -3.1472
  -3.1851
  -3.2184
  -3.2573
  -3.2977
  -3.3287
  -3.3680
  -3.4080
  -3.4456
  -3.4880
  -3.5317
  -3.5759
  -3.6173
  -3.6514
  -3.6973
  -3.7410
  -3.7824
  -3.8090
  -3.8546
  -3.8851
  -3.9155
  -3.9491
  -3.9827
  -4.0181
  -4.0492
  -4.0846
  -4.1202
  -4.1543
  -4.1922
  -4.2343
  -4.2766
  -4.3174
  -4.3561
  -4.3909
  -4.4209
  -4.4512
  -4.4813
  -4.5146
  -4.5477
  -4.5845
  -4.6259
  -4.6595
  -4.6975
  -4.7351
  -4.7725
  -4.8048
  -4.8375
  -4.8641
  -4.8876
  -4.9177
  -4.9483
  -4.9745
  -4.9907
  -5.0032
  -5.0152
  -5.0265
  -5.0358
  -5.0399
  -5.0436
  -5.0410
  -5.0376
  -5.0332
  -5.0270
  -5.0332
  -5.0359
  -5.0385
  -5.0460
  -5.0437
  -5.0386
  -5.0229
  -5.0012
  -4.9743
  -4.9502
  -4.9146
  -4.8992
  -4.8718
  -4.8362
  -4.7974
  -4.7813
  -4.7528
  -4.7217
  -4.6847
  -4.6429
  -4.6005
  -4.5472
  -4.4877
  -4.4263
  -4.3626
  -4.2975
  -4.2423
  -4.1812
  -4.1206
  -4.0571
  -3.9921
  -3.9265
  -3.8542
  -3.7897
  -3.7223
  -3.6524
  -3.5765
  -3.5022
  -3.4182
  -3.3388
  -3.2531
  -3.1704
  -3.0824
  -2.9946
  -2.9016
  -2.8132
  -2.7257
  -2.6254
  -2.5165
  -2.4075
  -2.3035
  -2.1985
  -2.0942
  -1.9874
  -1.8819
  -1.7809
  -1.6780
  -1.5762
  -1.4757
  -1.3724
  -1.2699
  -1.1557
  -1.0376
  -0.9186
  -0.7990
  -0.6816
  -0.5720
  -0.4695
  -0.3702
  -0.2697
  -0.1678
  -0.0734
   0.0355
   0.1441
   0.2428
   0.3378
   0.4407
   0.5521
   0.6497
   0.7435
   0.8407
   0.9366
   1.0255
   1.1087
   1.1942
   1.2798
   1.3698
   1.4689
   1.5673
   1.6650
   1.7602
   1.8565
   1.9512
   2.0377
   2.1334
   2.2266
   2.3272
   2.4231
   2.5247
   2.6206
   2.7213
   2.8224
   2.9222
   3.0215
   3.1203
   3.2168
   3.3152
   3.4036
   3.4753
   3.5384
   3.5999
   3.6677
   3.7401
   3.8037
   3.8658
   3.9293
   3.9939
   4.0581
   4.1293
   4.2018
   4.2834
   4.3765
   4.4580
   4.5317
   4.6107
   4.6839
   4.7640
   4.8489
   4.9540
   5.0642
   5.1724
   5.2814
   5.3715
   5.4547
   5.5338
   5.6208
   5.7152
   5.8114
   5.9166
   6.0274
   6.1409
   6.2496
   6.3573
   6.4658
   6.5673
   6.6581
   6.7509
   6.8319
   6.9155
   7.0023
   7.0878
   7.1777
   7.2664
   7.3580
   7.4472
   7.5393
   7.6354
   7.7325
   7.8349
   7.9382
   8.0364
   8.1350
   8.2243
   8.3166
   8.4082
   8.4987
   8.5871
   8.6758
   8.7702
   8.8728
   8.9710
   9.0676
   9.1525
   9.2321
   9.3174
   9.4003
   9.4823
   9.5587
   9.6369
   9.7077
   9.7751
   9.8329
   9.8818
   9.9390
   9.9985
  10.0500
  10.1067
  10.1536
  10.1960
  10.2189
  10.2388
  10.2528
  10.2654
  10.2933
  10.3281
  10.3625
  10.3904
  10.4078
  10.4194
  10.4192
  10.4145
  10.4103
  10.4050
  10.3977
  10.3933
  10.3960
  10.4079
  10.4167
  10.4317
  10.4436
  10.4488
  10.4551
  10.4567
  10.4537
  10.4526
  10.4520
  10.4510
  10.4460
  10.4351
  10.4189
  10.3987
  10.3845
  10.3663
  10.3504
  10.3369
  10.3227
  10.3053
  10.2915
  10.2701
  10.2539
  10.2331
  10.2137
  10.1928
  10.1758
  10.1551
  10.1394
  10.1267
  10.1104
  10.1001
  10.0828
  10.0684
  10.0525
  10.0384
  10.0244
  10.0146
   9.9995
   9.9856
   9.9739
   9.9605
   9.9476
   9.9323
   9.9121
   9.8927
   9.8685
   9.8460
   9.8141
   9.7873
   9.7614
   9.7386
   9.7135
   9.6874
   9.6608
   9.6327
   9.6049
   9.5799
   9.5470
   9.5125
   9.4727
   9.4340
   9.3925
   9.3505
   9.3045
   9.2637
   9.2225
   9.1779
   9.1357
   9.0824
   9.0348
   8.9845
   8.9130
   8.8482
   8.8265
   8.7923
   8.7410
   8.6692
   8.6257
   8.5798
   8.5470
   8.5143
   8.4851
   8.4528
   8.4106
   8.3713
   8.3284
   8.3056
   8.2784
   8.2373
   8.1996
   8.1644
   8.1259
   8.0874
   8.0475
   8.0069
   7.9634
   7.9204
   7.8753
   7.8359
   7.7941
   7.7533
   7.7153
   7.6758
   7.6388
   7.6042
   7.5703
   7.5430
   7.5122
   7.4919
   7.4672
   7.4434
   7.4155
   7.3957
   7.3786
   7.3593
   7.3416
   7.3237
   7.3037
   7.2933
   7.2806
   7.2730
   7.2648
   7.2541
   7.2421
   7.2359
   7.2232
   7.2095
   7.2012
   7.1868
   7.1789
   7.1627
   7.1473
   7.1530
   7.1550
   7.1108
   7.0797
   7.0672
   7.0753
   7.0525
   7.0315
   7.0000
   6.9630
   6.9278
   6.8944
   6.8739
   6.8504
   6.8294
   6.7875
   6.7549
   6.7312
   6.7063
   6.6767
   6.6478
   6.6190
   6.5943
   6.5666
   6.5406
   6.5109
   6.4785
   6.4453
   6.4151
   6.3827
   6.3499
   6.3213
   6.2878
   6.2602
   6.2290
   6.1981
   6.1674
   6.1295
   6.0919
   6.0463
   6.0040
   5.9584
   5.9088
   5.8610
   5.8080
   5.7518
   5.7005
   5.6433
   5.5865
   5.5201
   5.4526
   5.3943
   5.3383
   5.2895
   5.2310
   5.1751
   5.1168
   5.0635
   5.0175
   4.9634
   4.9035
   4.8442
   4.7791
   4.7149
   4.6464
   4.5796
   4.5107
   4.4479
   4.3787
   4.3135
   4.2460
   4.1793
   4.1114
   4.0451
   3.9780
   3.9155
   3.8510
   3.7842
   3.7227
   3.6521
   3.5804
   3.5090
   3.4329
   3.3514
   3.2712
   3.1848
   3.0961
   3.0100
   2.9296
   2.8427
   2.7599
   2.6750
   2.5909
   2.5109
   2.4338
   2.3578
   2.2829
   2.2014
   2.1224
   2.0440
   1.9672
   1.8855
   1.8072
   1.7281
   1.6497
   1.5774
   1.5116
   1.4401
   1.3734
   1.3045
   1.2439
   1.1815
   1.1148
   1.0458
   0.9635
   0.8897
   0.8175
   0.7480
   0.6694
   0.5890
   0.5173
   0.4498
   0.3791
   0.3142
   0.2513
   0.1939
   0.1337
   0.0772
   0.0108
  -0.0492
  -0.1154
  -0.1785
  -0.2417
  -0.3058
  -0.3709
  -0.4372
  -0.5051
  -0.5692
  -0.6363
  -0.7059
  -0.7717
  -0.8329
  -0.8947
  -0.9519
  -1.0129
  -1.0715
  -1.1285
  -1.1817
  -1.2374
  -1.2964
  -1.3506
  -1.4115
  -1.4699
  -1.5306
  -1.5907
  -1.6623
  -1.7276
  -1.7973
  -1.8627
  -1.9231
  -1.9839
  -2.0418
  -2.0967
  -2.1535
  -2.2067
  -2.2682
  -2.3266
  -2.3912
  -2.4558
  -2.5255
  -2.5846
  -2.6466
  -2.7014
  -2.7633
  -2.8194
  -2.8728
  -2.9264
  -2.9809
  -3.0321
  -3.0854
  -3.1342
  -3.1800
  -3.2234
  -3.2592
  -3.2944
  -3.3331
  -3.3680
  -3.4059
  -3.4502
  -3.4877
  -3.5309
  -3.5729
  -3.6078
  -3.6483
  -3.6902
  -3.7355
  -3.7740
  -3.8102
  -3.8453
  -3.8741
  -3.9092
  -3.9412
  -3.9753
  -4.0062
  -4.0360
  -4.0638
  -4.0898
  -4.1150
  -4.1428
  -4.1660
  -4.1950
  -4.2193
  -4.2429
  -4.2647
  -4.2817
  -4.3033
  -4.3177
  -4.3318
  -4.3459
  -4.3501
  -4.3629
  -4.3698
  -4.3797
  -4.3846
  -4.3850
  -4.3911
  -4.3824
  -4.3835
  -4.3810
  -4.3752
  -4.3710
  -4.3758
  -4.3777
  -4.3853
  -4.3872
  -4.3899
  -4.3912
  -4.3864
  -4.3849
  -4.3840
  -4.3778
  -4.3738
  -4.3733
  -4.3740
  -4.3812
  -4.3934
  -4.4006
  -4.6520
  -4.8981
  -5.1348
  -5.3755
  -5.6073
  -5.8370
  -6.0695
  -6.2946
  -6.5185
  -6.7391
  -6.9695
  -7.2039
  -7.4379
  -7.6748
  -7.9034
  -8.1312
  -8.3557
  -8.5786
  -8.7998
  -9.0161
  -9.2332
  -9.4454
  -9.6522
  -9.8557
 -10.0535
 -10.2483
 -10.4386
 -10.6368
 -10.8328
 -11.0305
