   8.2040
   7.6945
   7.1899
   6.6885
   6.1871
   5.6857
   5.1794
   4.6649
   4.1454
   3.6176
   3.0800
   2.5342
   1.9769
   1.4097
   0.8326
   0.2474
  -0.3429
  -0.9413
  -1.5414
  -2.1415
  -2.7432
  -3.3516
  -3.9649
  -4.5831
  -5.2096
  -5.8426
  -6.4855
  -7.1317
  -7.7812
  -8.4356
  -9.0900
  -9.1587
  -9.2291
  -9.3011
  -9.3747
  -9.4516
  -9.5252
  -9.5972
  -9.6659
  -9.7362
  -9.8016
  -9.8621
  -9.9193
  -9.9782
 -10.0353
 -10.0925
 -10.1530
 -10.2151
 -10.2755
 -10.3343
 -10.3898
 -10.4371
 -10.4811
 -10.5235
 -10.5626
 -10.5951
 -10.6244
 -10.6536
 -10.6796
 -10.7023
 -10.7249
 -10.7427
 -10.7588
 -10.7716
 -10.7812
 -10.7891
 -10.7937
 -10.7951
 -10.7899
 -10.7798
 -10.7615
 -10.7366
 -10.7018
 -10.6555
 -10.5946
 -10.5188
 -10.4299
 -10.3312
 -10.2211
 -10.1043
  -9.9827
  -9.8561
  -9.7213
  -9.5866
  -9.4518
  -9.3170
  -9.1806
  -9.0392
  -8.9044
  -8.7778
  -8.6512
  -8.5344
  -8.4258
  -8.3222
  -8.2201
  -8.1214
  -8.0242
  -7.9221
  -7.8151
  -7.7130
  -7.6109
  -7.5072
  -7.4068
  -7.3129
  -7.2239
  -7.1382
  -7.0573
  -6.9799
  -6.8974
  -6.8167
  -6.7391
  -6.6633
  -6.5923
  -6.5246
  -6.4602
  -6.4007
  -6.3478
  -6.3014
  -6.2632
  -6.2299
  -6.2015
  -6.1781
  -6.1579
  -6.1409
  -6.1272
  -6.1202
  -6.1147
  -6.1109
  -6.1071
  -6.1033
  -6.0978
  -6.0906
  -6.0802
  -6.0699
  -6.0595
  -6.0523
  -6.0534
  -6.0578
  -6.0670
  -6.0812
  -6.1003
  -6.1275
  -6.1614
  -6.2034
  -6.2454
  -6.2873
  -6.3310
  -6.3714
  -6.4167
  -6.4653
  -6.5089
  -6.5509
  -6.5863
  -6.6151
  -6.6374
  -6.6581
  -6.6755
  -6.6863
  -6.6939
  -6.7031
  -6.7057
  -6.7034
  -6.7027
  -6.7052
  -6.7078
  -6.7121
  -6.7196
  -6.7287
  -6.7362
  -6.7503
  -6.7676
  -6.7817
  -6.7957
  -6.8081
  -6.8172
  -6.8247
  -6.8289
  -6.8331
  -6.8356
  -6.8348
  -6.8374
  -6.8416
  -6.8457
  -6.8532
  -6.8623
  -6.8779
  -6.8968
  -6.9223
  -6.9526
  -6.9912
  -7.0347
  -7.0831
  -7.1380
  -7.1979
  -7.2610
  -7.3291
  -7.3988
  -7.4684
  -7.5397
  -7.6077
  -7.6758
  -7.7438
  -7.8086
  -7.8700
  -7.9282
  -7.9880
  -8.0462
  -8.0962
  -8.1478
  -8.1993
  -8.2444
  -8.2861
  -8.3279
  -8.3696
  -8.4114
  -8.4565
  -8.5064
  -8.5563
  -8.6096
  -8.6709
  -8.7324
  -8.7921
  -8.8535
  -8.9132
  -8.9713
  -9.0278
  -9.0826
  -9.1326
  -9.1743
  -9.2127
  -9.2462
  -9.2748
  -9.3001
  -9.3221
  -9.3425
  -9.3596
  -9.3766
  -9.3921
  -9.4075
  -9.4262
  -9.4450
  -9.4604
  -9.4758
  -9.4912
  -9.5033
  -9.5122
  -9.5128
  -9.5086
  -9.4961
  -9.4820
  -9.4597
  -9.4308
  -9.3987
  -9.3632
  -9.3245
  -9.2842
  -9.2422
  -9.1986
  -9.1516
  -9.1014
  -9.0496
  -8.9961
  -8.9393
  -8.8809
  -8.8208
  -8.7592
  -8.6925
  -8.6226
  -8.5560
  -8.4927
  -8.4260
  -8.3627
  -8.3042
  -8.2491
  -8.1989
  -8.1519
  -8.1082
  -8.0612
  -8.0207
  -7.9819
  -7.9399
  -7.8962
  -7.8524
  -7.8087
  -7.7650
  -7.7179
  -7.6709
  -7.6190
  -7.5670
  -7.5167
  -7.4697
  -7.4243
  -7.3806
  -7.3450
  -7.3111
  -7.2804
  -7.2547
  -7.2339
  -7.2179
  -7.2037
  -7.1894
  -7.1751
  -7.1625
  -7.1499
  -7.1389
  -7.1262
  -7.1152
  -7.1058
  -7.0948
  -7.0838
  -7.0678
  -7.0502
  -7.0327
  -7.0118
  -6.9876
  -6.9618
  -6.9360
  -6.9102
  -6.8844
  -6.8602
  -6.8377
  -6.8184
  -6.8025
  -6.7881
  -6.7771
  -6.7693
  -6.7664
  -6.7684
  -6.7787
  -6.7922
  -6.8090
  -6.8291
  -6.8524
  -6.8773
  -6.9039
  -6.9289
  -6.9555
  -6.9788
  -7.0005
  -7.0173
  -7.0307
  -7.0409
  -7.0511
  -7.0645
  -7.0747
  -7.0866
  -7.1017
  -7.1168
  -7.1351
  -7.1568
  -7.1833
  -7.2082
  -7.2348
  -7.2629
  -7.2911
  -7.3193
  -7.3459
  -7.3741
  -7.3957
  -7.4173
  -7.4373
  -7.4556
  -7.4755
  -7.4922
  -7.5073
  -7.5190
  -7.5324
  -7.5458
  -7.5592
  -7.5759
  -7.5926
  -7.6092
  -7.6308
  -7.6557
  -7.6838
  -7.7152
  -7.7466
  -7.7796
  -7.8127
  -7.8474
  -7.8805
  -7.9152
  -7.9482
  -7.9779
  -8.0028
  -8.0243
  -8.0426
  -8.0542
  -8.0594
  -8.0580
  -8.0533
  -8.0436
  -8.0324
  -8.0227
  -8.0131
  -8.0035
  -7.9971
  -7.9924
  -7.9910
  -7.9895
  -7.9897
  -7.9915
  -7.9934
  -7.9952
  -7.9954
  -7.9972
  -7.9974
  -7.9943
  -7.9912
  -7.9898
  -7.9866
  -7.9819
  -7.9788
  -7.9724
  -7.9644
  -7.9531
  -7.9417
  -7.9320
  -7.9240
  -7.9192
  -7.9161
  -7.9146
  -7.9147
  -7.9165
  -7.9199
  -7.9233
  -7.9267
  -7.9301
  -7.9303
  -7.9304
  -7.9306
  -7.9356
  -7.9439
  -7.9506
  -7.9589
  -7.9688
  -7.9787
  -7.9919
  -8.0035
  -8.0134
  -8.0250
  -8.0382
  -8.0498
  -8.0662
  -8.0860
  -8.1123
  -8.1402
  -8.1715
  -8.2027
  -8.2372
  -8.2734
  -8.3144
  -8.3538
  -8.3932
  -8.4277
  -8.4622
  -8.4967
  -8.5311
  -8.5639
  -8.5968
  -8.6312
  -8.6657
  -8.7018
  -8.7428
  -8.7871
  -8.8330
  -8.8822
  -8.9330
  -8.9872
  -9.0446
  -9.1020
  -9.1626
  -9.2216
  -9.2774
  -9.3348
  -9.3937
  -9.4495
  -9.5036
  -9.5527
  -9.5905
  -9.6232
  -9.6495
  -9.6691
  -9.6806
  -9.6855
  -9.6887
  -9.6920
  -9.6936
  -9.6969
  -9.7034
  -9.7132
  -9.7230
  -9.7328
  -9.7442
  -9.7540
  -9.7622
  -9.7670
  -9.7686
  -9.7669
  -9.7587
  -9.7505
  -9.7357
  -9.7159
  -9.6962
  -9.6699
  -9.6420
  -9.6108
  -9.5762
  -9.5401
  -9.5040
  -9.4662
  -9.4251
  -9.3791
  -9.3364
  -9.2888
  -9.2429
  -9.1969
  -9.1493
  -9.0967
  -9.0442
  -8.9883
  -8.9309
  -8.8685
  -8.8044
  -8.7371
  -8.6649
  -8.5910
  -8.5188
  -8.4432
  -8.3661
  -8.2856
  -8.2035
  -8.1165
  -8.0279
  -7.9376
  -7.8457
  -7.7505
  -7.6536
  -7.5568
  -7.4599
  -7.3680
  -7.2777
  -7.1857
  -7.0971
  -7.0117
  -6.9296
  -6.8475
  -6.7637
  -6.6816
  -6.5962
  -6.5108
  -6.4237
  -6.3334
  -6.2382
  -6.1397
  -6.0379
  -5.9345
  -5.8310
  -5.7276
  -5.6258
  -5.5256
  -5.4254
  -5.3269
  -5.2283
  -5.1265
  -5.0264
  -4.9262
  -4.8227
  -4.7176
  -4.6125
  -4.5074
  -4.4039
  -4.3037
  -4.2051
  -4.1066
  -4.0063
  -3.9078
  -3.8026
  -3.6942
  -3.5842
  -3.4709
  -3.3543
  -3.2344
  -3.1129
  -2.9881
  -2.8616
  -2.7352
  -2.6071
  -2.4708
  -2.3345
  -2.1950
  -2.0554
  -1.9158
  -1.7779
  -1.6383
  -1.5004
  -1.3640
  -1.2294
  -1.0980
  -0.9699
  -0.8467
  -0.7268
  -0.6101
  -0.5000
  -0.3948
  -0.2962
  -0.2025
  -0.1138
  -0.0283
   0.0556
   0.1379
   0.2217
   0.3072
   0.3927
   0.4766
   0.5605
   0.6411
   0.7217
   0.8039
   0.8812
   0.9586
   1.0326
   1.1051
   1.1759
   1.2417
   1.3010
   1.3505
   1.3967
   1.4314
   1.4530
   1.4648
   1.4635
   1.4539
   1.4346
   1.4086
   1.3843
   1.3486
   1.3144
   1.2754
   1.2331
   1.1875
   1.1386
   1.0848
   1.0245
   0.9560
   0.8809
   0.7992
   0.7127
   0.6228
   0.5281
   0.4317
   0.3304
   0.2291
   0.1278
   0.0281
  -0.0732
  -0.1762
  -0.2807
  -0.3837
  -0.4866
  -0.5896
  -0.6909
  -0.7889
  -0.8836
  -0.9751
  -1.0633
  -1.1465
  -1.2216
  -1.2933
  -1.3635
  -1.4320
  -1.4989
  -1.5690
  -1.6391
  -1.7092
  -1.7761
  -1.8380
  -1.8950
  -1.9406
  -1.9795
  -2.0037
  -2.0149
  -2.0145
  -2.0027
  -1.9843
  -1.9560
  -1.9294
  -1.8946
  -1.8615
  -1.8283
  -1.7968
  -1.7620
  -1.7239
  -1.6842
  -1.6411
  -1.5916
  -1.5436
  -1.4892
  -1.4314
  -1.3704
  -1.3077
  -1.2417
  -1.1708
  -1.0967
  -1.0143
  -0.9271
  -0.8348
  -0.7361
  -0.6291
  -0.5189
  -0.4070
  -0.2951
  -0.1849
  -0.0763
   0.0291
   0.1295
   0.2249
   0.3171
   0.4110
   0.5015
   0.5954
   0.6925
   0.7930
   0.8950
   0.9988
   1.1025
   1.2079
   1.3115
   1.4087
   1.5025
   1.5964
   1.6886
   1.7743
   1.8600
   1.9424
   2.0215
   2.0941
   2.1634
   2.2277
   2.2806
   2.3253
   2.3585
   2.3803
   2.3889
   2.3877
   2.3799
   2.3640
   2.3513
   2.3354
   2.3211
   2.3118
   2.3138
   2.3208
   2.3360
   2.3561
   2.3827
   2.4078
   2.4361
   2.4661
   2.4928
   2.5162
   2.5347
   2.5467
   2.5554
   2.5608
   2.5596
   2.5568
   2.5507
   2.5462
   2.5385
   2.5308
   2.5263
   2.5251
   2.5289
   2.5359
   2.5479
   2.5631
   2.5833
   2.6067
   2.6285
   2.6520
   2.6705
   2.6873
   2.6993
   2.7063
   2.7117
   2.7122
   2.7110
   2.7114
   2.7152
   2.7223
   2.7293
   2.7397
   2.7549
   2.7718
   2.7920
   2.8138
   2.8372
   2.8607
   2.8841
   2.9092
   2.9343
   2.9611
   2.9878
   3.0178
   3.0478
   3.0794
   3.1127
   3.1460
   3.1826
   3.2224
   3.2606
   3.2972
   3.3305
   3.3605
   3.3905
   3.4189
   3.4505
   3.4805
   3.5073
   3.5323
   3.5591
   3.5891
   3.6256
   3.6638
   3.7037
   3.7485
   3.7965
   3.8512
   3.9058
   3.9621
   4.0232
   4.0811
   4.1390
   4.1969
   4.2531
   4.3077
   4.3623
   4.4185
   4.4764
   4.5393
   4.6070
   4.6797
   4.7572
   4.8413
   4.9304
   5.0227
   5.1216
   5.2238
   5.3243
   5.4282
   5.5320
   5.6391
   5.7446
   5.8533
   5.9636
   6.0772
   6.1941
   6.3192
   6.4443
   6.5727
   6.7027
   6.8361
   6.9710
   7.1092
   7.2458
   7.3841
   7.5223
   7.6556
   7.7824
   7.9043
   8.0245
   8.1480
   8.2666
   8.3884
   8.5136
   8.6338
   8.7606
   8.8940
   9.0256
   9.1590
   9.2939
   9.4256
   9.5589
   9.6906
   9.8206
   9.9507
  10.0725
  10.2009
  10.3227
  10.4429
  10.5615
  10.6735
  10.7838
  10.8959
  11.0079
  11.1216
  11.2369
  11.3555
  11.4741
  11.5943
  11.7146
  11.8332
  11.9501
  12.0654
  12.1790
  12.2943
  12.4063
  12.5200
  12.6320
  12.7473
  12.8609
  12.9795
  13.0997
  13.2199
  13.3417
  13.4652
  13.5855
  13.7074
  13.8259
  13.9462
  14.0681
  14.1900
  14.3118
  14.4354
  14.5605
  14.6873
  14.8190
  14.9474
  15.0742
  15.2043
  15.3360
  15.4644
  15.5846
  15.6999
  15.8135
  15.9140
  16.0178
  16.1200
  16.2091
  16.2998
  16.3840
  16.4649
  16.5507
  16.6398
  16.7256
  16.8114
  16.8956
  16.9879
  17.0721
  17.1645
  17.2634
  17.3607
  17.4613
  17.5701
  17.6772
  17.7843
  17.8931
  18.0051
  18.1138
  18.2226
  18.3280
  18.4302
  18.5307
  18.6279
  18.7236
  18.8160
  18.9018
  18.9859
  19.0652
  19.1444
  19.2188
  19.2931
  19.3625
  19.4270
  19.4932
  19.5544
  19.6156
  19.6785
  19.7364
  19.7910
  19.8408
  19.8872
  19.9321
  19.9752
  20.0151
  20.0500
  20.0866
  20.1216
  20.1615
  20.2096
  20.2626
  20.3205
  20.3834
  20.4528
  20.5320
  20.6129
  20.7037
  20.7960
  20.8835
  20.9759
  21.0715
  21.1737
  21.2825
  21.3896
  21.4918
  21.5973
  21.7044
  21.8115
  21.9136
  22.0142
  22.1032
  22.1824
  22.2567
  22.3245
  22.3758
  22.4173
  22.4523
  22.4758
  22.4895
  22.4966
  22.4955
  22.4912
  22.4835
  22.4694
  22.4535
  22.4361
  22.4169
  22.3979
  22.3771
  22.3580
  22.3388
  22.3197
  22.3022
  22.2863
  22.2721
  22.2595
  22.2502
  22.2409
  22.2316
  22.2223
  22.2130
  22.2070
  22.1977
  22.1868
  22.1726
  22.1568
  22.1393
  22.1169
  22.0912
  22.0589
  22.0217
  21.9829
  21.9425
  21.9021
  21.8616
  21.8195
  21.7774
  21.7369
  21.6997
  21.6658
  21.6319
  21.5980
  21.5641
  21.5237
  21.4800
  21.4378
  21.3941
  21.3471
  21.2984
  21.2514
  21.2044
  21.1640
  21.1268
  21.0962
  21.0705
  21.0579
  21.0568
  21.0655
  21.0857
  21.1174
  21.1622
  21.2151
  21.2812
  21.3555
  21.4379
  21.5270
  21.6193
  21.7165
  21.8169
  21.9208
  22.0246
  22.1268
  22.2306
  22.3327
  22.4316
  22.5289
  22.6229
  22.7119
  22.7960
  22.8768
  22.9560
  23.0352
  23.1111
  23.1853
  23.2563
  23.3289
  23.3983
  23.4693
  23.5305
  23.5786
  23.6233
  23.6615
  23.6833
  23.6920
  23.6941
  23.6914
  23.6886
  23.6776
  23.6584
  23.6360
  23.6102
  23.5828
  23.5505
  23.5149
  23.4809
  23.4486
  23.4147
  23.3824
  23.3534
  23.3260
  23.3003
  23.2778
  23.2554
  23.2329
  23.2105
  23.1863
  23.1573
  23.1217
  23.0812
  23.0374
  22.9838
  22.9236
  22.8618
  22.7885
  22.7103
  22.6288
  22.5440
  22.4543
  22.3613
  22.2684
  22.1738
  22.0775
  21.9813
  21.8834
  21.7855
  21.6876
  21.5913
  21.4967
  21.4037
  21.3124
  21.2227
  21.1363
  21.0499
  20.9651
  20.8819
  20.8037
  20.7254
  20.6505
  20.5787
  20.5169
  20.4714
  20.4358
  20.4100
  20.4056
  20.4143
  20.4327
  20.4610
  20.4877
  20.5259
  20.5722
  20.6202
  20.6715
  20.7211
  20.7724
  20.8237
  20.8782
  20.9393
  21.0053
  21.0779
  21.1554
  21.2394
  21.3251
  21.4107
  21.4980
  21.5853
  21.6693
  21.7518
  21.8276
  21.9035
  21.9744
  22.0436
  22.1162
  22.1887
  22.2596
  22.3306
  22.4047
  22.4790
  22.5483
  22.6208
  22.6901
  22.7577
  22.8236
  22.8879
  22.9523
  23.0150
  23.0711
  23.1354
  23.2030
  23.2755
  23.3562
  23.4370
  23.5193
  23.6000
  23.6840
  23.7696
  23.8569
  23.9442
  24.0364
  24.1286
  24.2175
  24.3081
  24.3953
  24.4809
  24.5633
  24.6407
  24.7181
  24.7907
  24.8566
  24.9225
  24.9836
  25.0413
  25.0925
  25.1355
  25.1768
  25.2132
  25.2448
  25.2697
  25.2832
  25.2869
  25.2741
  25.2498
  25.2124
  25.1685
  25.1165
  25.0578
  24.9958
  24.9339
  24.8719
  24.8132
  24.7545
  24.7008
  24.6503
  24.5982
  24.5460
  24.4939
  24.4418
  24.3864
  24.3310
  24.2772
  24.2201
  24.1664
  24.1093
  24.0490
  23.9870
  23.9201
  23.8516
  23.7847
  23.7080
  23.6230
  23.5299
  23.4302
  23.3338
  23.2440
  23.1590
  23.0757
  22.9973
  22.9239
  22.8537
  22.7802
  22.7084
  22.6365
  22.5647
  22.4913
  22.4162
  22.3394
  22.2626
  22.1826
  22.1025
  22.0241
  21.9506
  21.8738
  21.7971
  21.7219
  21.6484
  21.5766
  21.5047
  21.4345
  21.3643
  21.2957
  21.2287
  21.1667
  21.1063
  21.0541
  21.0036
  20.9612
  20.9270
  20.8994
  20.8817
  20.8737
  20.8756
  20.8889
  20.9105
  20.9370
  20.9716
  21.0112
  21.0524
  21.0986
  21.1447
  21.1941
  21.2468
  21.3044
  21.3637
  21.4327
  21.5100
  21.5905
  21.6777
  21.7713
  21.8699
  21.9701
  22.0720
  22.1738
  22.2707
  22.3595
  22.4351
  22.5074
  22.5716
  22.6259
  22.6720
  22.7115
  22.7478
  22.7857
  22.8252
  22.8680
  22.9108
  22.9535
  22.9996
  23.0457
  23.0918
  23.1379
  23.1856
  23.2284
  23.2745
  23.3222
  23.3764
  23.4372
  23.5030
  23.5753
  23.6541
  23.7379
  23.8283
  23.9235
  24.0203
  24.1189
  24.2141
  24.3060
  24.3914
  24.4686
  24.5392
  24.5967
  24.6395
  24.6708
  24.6906
  24.7022
  24.7056
  24.7041
  24.6993
  24.6912
  24.6798
  24.6684
  24.6522
  24.6359
  24.6147
  24.5919
  24.5608
  24.5249
  24.4906
  24.4530
  24.4138
  24.3745
  24.3402
  24.3124
  24.2912
  24.2814
  24.2831
  24.2996
  24.3276
  24.3686
  24.4212
  24.4851
  23.9716
  23.4646
  22.9575
  22.4520
  21.9449
  21.4296
  20.9076
  20.3808
  19.8539
  19.3236
  18.7934
  18.2647
  17.7443
  17.2270
  16.7131
  16.1991
  15.6818
  15.1612
  14.6373
  14.1068
  13.5697
  13.0244
  12.4758
  11.9272
  11.3785
  10.8347
  10.2991
   9.7684
   9.2426
   8.7217
