 994.1163
1024.5629
1054.9301
1085.2317
1115.4678
1145.6383
1175.7432
1205.7825
1235.7399
1265.6316
1295.4578
1325.2184
1354.9135
1384.5430
1414.0905
1443.5724
1472.9886
1502.3395
1531.6246
1560.8442
1589.9819
1619.0540
1648.0604
1677.0013
1705.8767
1734.6864
1763.4280
1792.0902
1820.6868
1849.2179
1877.6833
1873.5194
1869.3693
1865.2053
1861.0414
1856.8774
1852.7135
1848.5496
1844.3994
1840.2355
1836.0715
1831.9076
1827.7437
1823.5797
1819.4323
1815.2683
1811.1044
1806.9404
1802.7765
1798.6125
1794.4650
1790.3148
1786.1509
1781.9869
1777.8231
1773.6592
1769.5116
1765.3615
1761.1975
1757.0336
1752.8696
1748.7057
1744.5444
1740.3943
1736.2303
1732.0664
1727.9025
1723.7385
1719.5746
1715.4244
1711.2605
1707.0966
1702.9326
1698.7687
1694.6047
1690.4546
1686.3046
1682.1406
1677.9767
1673.8127
1669.6488
1665.5012
1661.3511
1657.1871
1653.0232
1648.8593
1644.6953
1640.5341
1636.3839
1632.2200
1628.0560
1623.8921
1619.7281
1615.5668
1611.4167
1607.2528
1603.0889
1598.9249
1594.7610
1590.5996
1586.4495
1582.2994
1578.1355
1573.9716
1569.8076
1565.6437
1561.4935
1557.3434
1553.1794
1549.0155
1544.8516
1540.6876
1536.5237
1532.3737
1528.2097
1524.0458
1519.8818
1515.7179
1511.5565
1507.4064
1503.2424
1499.0785
1494.9147
1490.7507
1486.5894
1482.4392
1478.2891
1474.1251
1469.9612
1465.7972
1461.6360
1457.4858
1453.3357
1449.1718
1445.0078
1440.8439
1436.6826
1432.5187
1428.3685
1424.2046
1420.0406
1415.8767
1411.7128
1407.5488
1403.3988
1399.2349
1395.0709
1390.9070
1386.7430
1382.5791
1378.4290
1374.2789
1370.1150
1365.9510
1361.7871
1357.6257
1353.4756
1349.3256
1345.1616
1340.9977
1336.8337
1332.6724
1328.5084
1324.3583
1320.1943
1316.0304
1311.8666
1307.7052
1303.5413
1299.3911
1295.2272
1291.0632
1286.8993
1282.7380
1278.5741
1274.4240
1270.2738
1266.1099
1261.9460
1257.7821
1253.6182
1249.4680
1245.3179
1241.1539
1236.9901
1232.8262
1228.6622
1224.4983
1220.3481
1216.1842
1212.0203
1207.8563
1203.6951
1199.5311
1195.3810
1191.2170
1187.0531
1182.8892
1178.7278
1174.5640
1170.4138
1166.2637
1162.0997
1157.9358
1153.7745
1149.6106
1145.4604
1141.3103
1137.1465
1132.9825
1128.8212
1124.6572
1120.4933
1116.3431
1112.1792
1108.0154
1103.8514
1099.6875
1095.5236
1091.3734
1087.2095
1083.0455
1078.8816
1074.7178
1070.5538
1066.4037
1062.2537
1058.0897
1053.9258
1049.7644
1045.6005
1041.4503
1037.3003
1033.1364
1028.9724
1024.8110
1020.6471
1016.4832
1012.3331
1008.1692
1004.0052
 999.8439
 995.6799
 991.5161
 987.3660
 983.2020
 979.0381
 974.8767
 970.7128
 966.5489
 962.3988
 958.2349
 954.0709
 949.9070
 945.7430
 941.5792
 937.4290
 933.2789
 929.1151
 924.9511
 920.7872
 916.6232
 912.4594
 908.3093
 904.1453
 899.9814
 895.8200
 891.6561
 887.4922
 883.3421
 879.1782
 875.0142
 870.8528
 866.6889
 862.5250
 858.3749
 854.2110
 850.0471
 845.8857
 841.7217
 837.5578
 833.4077
 829.2576
 825.0938
 820.9324
 816.7684
 812.6045
 808.4406
 804.2905
 800.1266
 795.9626
 791.7987
 787.6348
 783.4709
 779.3208
 775.1569
 770.9929
 766.8290
 762.6651
 758.5012
 754.3511
 750.1871
 746.0233
 741.8618
 737.6979
 733.5340
 729.3839
 725.2338
 721.0699
 716.9085
 712.7446
 708.5807
 704.4306
 700.2805
 696.1166
 691.9552
 687.7913
 683.6274
 679.4634
 675.3134
 671.1495
 666.9880
 662.8242
 658.6602
 654.4963
 650.3463
 646.1823
 642.0184
 637.8544
 633.6906
 629.5266
 625.3765
 621.2264
 617.0626
 612.8986
 608.7347
 604.5708
 600.4207
 596.2706
 592.1067
 587.9453
 583.7814
 579.6175
 575.4536
 571.3035
 567.1395
 562.9781
 558.8142
 554.6503
 550.4864
 546.3364
 542.1724
 538.0110
 533.8471
 529.6832
 525.5192
 521.3692
 517.2191
 513.0577
 508.8938
 504.7299
 500.5659
 496.4159
 492.2658
 488.1019
 483.9380
 479.7741
 475.6101
 471.4462
 467.2962
 463.1322
 458.9683
 454.8044
 450.6405
 446.4766
 442.3265
 438.1626
 434.0012
 429.8372
 425.6733
 421.5094
 417.3593
 413.2093
 409.0479
 404.8840
 400.7200
 396.5561
 392.4061
 388.2560
 384.0946
 379.9307
 375.7668
 371.6028
 367.4389
 363.2889
 359.1275
 354.9635
 350.7996
 346.6357
 342.4718
 338.3217
 334.1578
 329.9939
 325.8300
 321.6660
 317.5021
 313.3521
 309.2020
 305.0381
 300.8742
 296.7103
 292.5463
 288.3963
 284.2462
 280.0848
 275.9209
 271.7570
 267.5931
 263.4291
 259.2791
 255.1177
 250.9538
 246.7899
 242.6259
 238.4620
 234.3120
 230.1506
 225.9866
 221.8227
 217.6588
 213.4949
 209.3448
 205.1973
 201.0334
 196.8695
 192.7055
 188.5416
 184.3916
 180.2415
 176.0776
 171.9137
 167.7498
 163.5859
 159.4219
 155.2719
 151.1080
 146.9441
 142.7801
 138.6162
 134.4523
 130.3023
 126.2178
 122.1989
 118.2456
 114.3579
 110.5357
 106.7930
 103.1184
  99.5094
  95.9659
  92.4880
  89.0757
  85.7428
  82.4781
  79.2789
  76.1452
  73.0772
  70.0747
  67.1378
  64.2829
  61.4935
  58.7697
  56.1115
  53.5188
  50.9918
  48.5442
  46.1646
  43.8507
  41.6023
  39.4195
  37.3023
  35.2645
  33.2948
  31.3907
  29.5521
  27.7792
  26.0718
  24.4438
  22.8840
  21.3897
  19.9749
  18.6257
  17.3420
  16.1240
  14.9879
  13.9173
  12.9124
  11.9730
  11.0992
  10.2909
   9.5646
   8.9039
   8.3088
   7.7793
   7.3153
   6.9169
   6.6005
   6.3496
   6.1643
   6.0446
   5.9905
   6.0019
   6.0159
   6.0298
   6.0437
   6.0577
   6.0716
   6.0856
   6.0995
   6.1134
   6.1274
   6.1413
   6.1553
   6.1692
   6.1831
   6.1971
   6.2110
   6.2250
   6.2389
   6.2668
   6.2946
   6.3225
   6.3503
   6.3782
   6.4060
   6.4339
   6.4618
   6.4896
   6.5175
   6.5453
   6.5732
   6.6011
   6.6289
   6.6568
   6.6847
   6.7125
   6.7404
   6.7682
   6.7961
   6.8240
   6.8518
   6.8658
   6.8798
   6.8937
   6.9077
   6.9217
   6.9356
   6.9496
   6.9636
   6.9775
   6.9915
   7.0054
   7.0194
   7.0334
   7.0473
   7.0613
   7.0753
   7.0892
   7.1032
   7.1311
   7.1590
   7.1869
   7.2148
   7.2427
   7.2706
   7.2985
   7.3263
   7.3542
   7.3821
   7.4100
   7.4379
   7.4658
   7.4937
   7.5216
   7.5495
   7.5774
   7.6053
   7.6332
   7.6611
   7.6890
   7.7030
   7.7170
   7.7310
   7.7450
   7.7589
   7.7729
   7.7869
   7.8009
   7.8149
   7.8289
   7.8429
   7.8569
   7.8709
   7.8848
   7.8988
   7.9128
   7.9268
   7.9408
   7.9687
   7.9967
   8.0246
   8.0525
   8.0804
   8.1084
   8.1363
   8.1642
   8.1921
   8.2201
   8.2480
   8.2759
   8.3038
   8.3318
   8.3597
   8.3876
   8.4156
   8.4435
   8.4714
   8.4994
   8.5273
   8.5552
   8.5692
   8.5833
   8.5973
   8.6113
   8.6253
   8.6393
   8.6533
   8.6673
   8.6813
   8.6954
   8.7094
   8.7234
   8.7374
   8.7514
   8.7654
   8.7794
   8.7935
   8.8214
   8.8494
   8.8773
   8.9053
   8.9333
   8.9612
   8.9892
   9.0171
   9.0451
   9.0731
   9.1010
   9.1290
   9.1569
   9.1849
   9.2129
   9.2408
   9.2688
   9.2968
   9.3247
   9.3527
   9.3807
   9.4086
   9.4227
   9.4367
   9.4507
   9.4648
   9.4788
   9.4929
   9.5069
   9.5209
   9.5350
   9.5490
   9.5630
   9.5771
   9.5911
   9.6052
   9.6192
   9.6332
   9.6473
   9.6613
   9.6893
   9.7173
   9.7453
   9.7733
   9.8013
   9.8293
   9.8573
   9.8853
   9.9133
   9.9412
   9.9692
   9.9972
  10.0252
  10.0532
  10.0812
  10.1092
  10.1372
  10.1652
  10.1932
  10.2212
  10.2492
  10.2633
  10.2774
  10.2914
  10.3055
  10.3195
  10.3336
  10.3477
  10.3617
  10.3758
  10.3898
  10.4039
  10.4180
  10.4320
  10.4461
  10.4602
  10.4742
  10.4883
  10.5024
  10.5304
  10.5584
  10.5864
  10.6145
  10.6425
  10.6705
  10.6985
  10.7266
  10.7546
  10.7826
  10.8107
  10.8387
  10.8667
  10.8947
  10.9228
  10.9508
  10.9788
  11.0069
  11.0349
  11.0629
  11.0910
  11.1190
  11.1331
  11.1472
  11.1613
  11.1754
  11.1894
  11.2035
  11.2176
  11.2317
  11.2458
  11.2599
  11.2740
  11.2880
  11.3021
  11.3162
  11.3303
  11.3444
  11.3585
  11.3726
  11.4006
  11.4287
  11.4567
  11.4848
  11.5129
  11.5409
  11.5690
  11.5971
  11.6251
  11.6532
  11.6812
  11.7093
  11.7374
  11.7654
  11.7935
  11.8216
  11.8496
  11.8777
  11.9058
  11.9338
  11.9619
  11.9760
  11.9901
  12.0042
  12.0184
  12.0325
  12.0466
  12.0607
  12.0748
  12.0889
  12.1030
  12.1171
  12.1312
  12.1453
  12.1595
  12.1736
  12.1877
  12.2018
  12.2159
  12.2440
  12.2721
  12.3002
  12.3283
  12.3564
  12.3845
  12.4126
  12.4407
  12.4688
  12.4969
  12.5250
  12.5531
  12.5812
  12.6093
  12.6374
  12.6655
  12.6936
  12.7217
  12.7498
  12.7779
  12.8060
  12.8341
  12.8482
  12.8623
  12.8765
  12.8906
  12.9047
  12.9189
  12.9330
  12.9471
  12.9613
  12.9754
  12.9895
  13.0037
  13.0178
  13.0319
  13.0461
  13.0602
  13.0744
  13.1025
  13.1306
  13.1587
  13.1869
  13.2150
  13.2431
  13.2713
  13.2994
  13.3275
  13.3556
  13.3838
  13.4119
  13.4400
  13.4682
  13.4963
  13.5244
  13.5526
  13.5807
  13.6088
  13.6370
  13.6651
  13.6933
  13.7074
  13.7216
  13.7357
  13.7499
  13.7640
  13.7782
  13.7924
  13.8065
  13.8207
  13.8348
  13.8490
  13.8632
  13.8773
  13.8915
  13.9056
  13.9198
  13.9340
  13.9481
  13.9763
  14.0044
  14.0326
  14.0608
  14.0889
  14.1171
  14.1453
  14.1734
  14.2016
  14.2298
  14.2579
  14.2861
  14.3142
  14.3424
  14.3706
  14.3988
  14.4269
  14.4551
  14.4833
  14.5114
  14.5396
  14.5538
  14.5680
  14.5821
  14.5963
  14.6105
  14.6247
  14.6389
  14.6531
  14.6672
  14.6814
  14.6956
  14.7098
  14.7240
  14.7382
  14.7523
  14.7665
  14.7807
  14.7949
  14.8231
  14.8513
  14.8795
  14.9077
  14.9359
  14.9641
  14.9923
  15.0345
  15.0767
  15.1189
  15.1611
  15.2033
  15.2455
  15.2877
  15.3300
  15.3722
  15.4144
  15.4566
  15.4988
  15.5410
  15.5833
  15.6255
  15.6537
  15.6819
  15.7101
  15.7384
  15.7666
  15.7948
  15.8230
  15.8512
  15.8795
  15.9077
  15.9359
  15.9641
  15.9924
  16.0206
  16.0488
  16.0770
  16.1053
  16.1335
  16.1617
  16.1900
  16.2182
  16.2464
  16.2746
  16.3029
  16.3311
  16.3593
  16.3876
  16.4158
  16.4440
  16.4723
  16.5005
  16.5287
  16.5570
  16.5852
  16.6135
  16.6417
  16.6699
  16.6982
  16.7264
  16.7406
  16.7549
  16.7691
  16.7833
  16.7976
  16.8118
  16.8260
  16.8262
  16.8265
  16.8267
  16.8269
  16.8271
  16.8273
  16.8276
  16.8278
  16.8280
  16.8282
  16.8285
  16.8287
  16.8289
  16.8291
  16.8293
  16.8296
  16.8298
  16.8300
  16.8302
  16.8305
  16.8307
  16.8309
  16.8311
  16.8313
  16.8316
  16.8318
  16.8320
  16.8322
  16.8324
  16.8327
  16.8329
  16.8331
  16.8333
  16.8336
  16.8338
  16.8340
  16.8342
  16.8344
  16.8347
  16.8349
  16.8351
  16.8353
  16.8356
  16.8358
  16.8360
  16.8362
  16.8364
  16.8367
  16.8369
  16.8371
  16.8373
  16.8375
  16.8378
  16.8380
  16.8382
  16.8384
  16.8387
  16.8389
  16.8391
  16.8393
  16.8395
  16.8398
  16.8400
  16.8402
  16.8404
  16.8406
  16.8409
  16.8411
  16.8413
  16.8415
  16.8418
  16.8420
  16.8422
  16.8424
  16.8426
  16.8429
  16.8431
  16.8433
  16.8435
  16.8438
  16.8440
  16.8442
  16.8444
  16.8446
  16.8449
  16.8451
  16.8453
  16.8455
  16.8457
  16.8460
  16.8462
  16.8464
  16.8466
  16.8469
  16.8471
  16.8473
  16.8475
  16.8477
  16.8480
  16.8482
  16.8484
  16.8486
  16.8488
  16.8491
  16.8493
  16.8495
  16.8497
  16.8500
  16.8502
  16.8504
  16.8506
  16.8508
  16.8511
  16.8513
  16.8515
  16.8517
  16.8519
  16.8522
  16.8524
  16.8526
  16.8528
  16.8531
  16.8533
  16.8535
  16.8537
  16.8539
  16.8542
  16.8544
  16.8546
  16.8548
  16.8551
  16.8553
  16.8555
  16.8557
  16.8559
  16.8562
  16.8564
  16.8566
  16.8568
  16.8570
  16.8573
  16.8575
  16.8577
  16.8579
  16.8582
  16.8584
  16.8586
  16.8588
  16.8590
  16.8593
  16.8595
  16.8597
  16.8599
  16.8602
  16.8604
  16.8606
  16.8608
  16.8610
  16.8613
  16.8615
  16.8617
  16.8619
  16.8621
  16.8624
  16.8626
  16.8628
  16.8630
  16.8633
  16.8635
  16.8637
  16.8639
  16.8641
  16.8644
  16.8646
  16.8648
  16.8650
  16.8652
  16.8655
  16.8657
  16.8659
  16.8661
  16.8664
  16.8666
  16.8668
  16.8670
  16.8672
  16.8675
  16.8677
  16.8679
  16.8681
  16.8684
  16.8686
  16.8688
  16.8690
  16.8692
  16.8695
  16.8697
  16.8699
  16.8701
  16.8703
  16.8706
  16.8708
  16.8710
  16.8712
  16.8715
  16.8717
  16.8719
  16.8721
  16.8723
  16.8726
  16.8728
  16.8730
  16.8732
  16.8734
  16.8737
  16.8739
  16.8741
  16.8743
  16.8746
  16.8748
  16.8750
  16.8752
  16.8754
  16.8757
  16.8759
  16.8761
  16.8763
  16.8766
  16.8768
  16.8770
  16.8772
  16.8774
  16.8777
  16.8779
  16.8781
  16.8783
  16.8785
  16.8788
  16.8790
  16.8792
  16.8794
  16.8797
  16.8799
  16.8801
  16.8803
  16.8805
  16.8808
  16.8810
  16.8812
  16.8814
  16.8816
  16.8819
  16.8821
  16.8823
  16.8825
  16.8828
  16.8830
  16.8832
  16.8834
  16.8836
  16.8839
  16.8841
  16.8843
  16.8845
  16.8848
  16.8850
  16.8852
  16.8854
  16.8856
  16.8859
  16.8861
  16.8863
  16.8865
  16.8867
  16.8870
  16.8872
  16.8874
  16.8876
  16.8879
  16.8881
  16.8883
  16.8885
  16.8887
  16.8890
  16.8892
  16.8894
  16.8896
  16.8898
  16.8901
  16.8903
  16.8905
  16.8907
  16.8910
  16.8912
  16.8914
  16.8916
  16.8918
  16.8921
  16.8923
  16.8925
  16.8927
  16.8930
  16.8932
  16.8934
  16.8936
  16.8938
  16.8941
  16.8943
  16.8945
  16.8947
  16.8949
  16.8952
  16.8954
  16.8956
  16.8958
  16.8961
  16.8963
  16.8965
  16.8967
  16.8969
  16.8972
  16.8974
  16.8976
  16.8978
  16.8981
  16.8983
  16.8985
  16.8987
  16.8989
  16.8992
  16.8994
  16.8996
  16.8998
  16.9000
  16.9003
  16.9005
  16.9007
  16.9009
  16.9012
  16.9014
  16.9016
  16.9018
  16.9020
  16.9023
  16.9025
  16.9027
  16.9029
  16.9031
  16.9034
  16.9036
  16.9038
  16.9040
  16.9043
  16.9045
  16.9047
  16.9049
  16.9051
  16.9054
  16.9056
  16.9058
  16.9060
  16.9062
  16.9065
  16.9067
  16.9069
  16.9071
  16.9074
  16.9076
  16.9078
  16.9080
  16.9082
  16.9085
  16.9087
  16.9089
  16.9091
  16.9094
  16.9096
  16.9098
  16.9100
  16.9102
  16.9105
  16.9107
  16.9109
  16.9111
  16.9113
  16.9116
  16.9118
  16.9120
  16.9122
  16.9125
  16.9127
  16.9129
  16.9131
  16.9133
  16.9136
  16.9138
  16.9140
  16.9142
  16.9144
  16.9147
  16.9149
  16.9151
  16.9153
  16.9156
  16.9158
  16.9160
  16.9162
  16.9164
  16.9167
  16.9169
  16.9171
  16.9173
  16.9176
  16.9178
  16.9180
  16.9182
  16.9184
  16.9187
  16.9189
  49.4777
  81.9545
 114.3658
 146.7115
 178.9916
 211.2061
 243.3551
 275.4221
 307.4235
 339.3593
 371.2296
 403.0343
 434.7734
 466.4305
 498.0221
 529.5480
 561.0084
 592.4033
 623.7325
 654.9797
 686.1614
 717.2776
 748.3281
 779.3130
 810.2324
 841.0699
 871.8417
 902.5480
 933.1887
 963.7637
