27958.2461
27958.1504
27958.2500
27958.6602
27958.6641
27958.7559
27959.1719
27959.1562
27959.0527
27958.8379
27958.9355
27958.8262
27958.9258
27958.9316
27958.8262
27959.1367
27958.8301
27958.6328
27959.0391
27959.1504
27959.2500
27959.1465
27959.4551
27959.4590
27959.1543
27959.6641
27959.4648
27959.7773
27959.6699
27959.4766
27959.6777
27959.6816
27959.8809
27959.6719
27959.5684
27959.8730
27959.9707
27959.7578
27960.0703
27959.8672
27960.1797
27960.2773
27960.5859
27960.3848
27960.7070
27960.5996
27960.6016
27960.5938
27960.4863
27960.2930
27960.2793
27959.9766
27959.9844
27959.7695
27960.1758
27960.2852
27960.0762
27959.9805
27960.0879
27959.7773
27959.6738
27959.5625
27959.3535
27959.2598
27959.6680
27959.5664
27959.4648
27959.6738
27959.1719
27958.9688
27958.6660
27959.1777
27959.0801
27959.0879
27958.8828
27958.4805
27958.5820
27958.4766
27958.4746
27958.3711
27958.0645
27958.0625
27957.8613
27957.7617
27957.7559
27957.3516
27957.2422
27957.2402
27956.8340
27956.9336
27957.0332
27956.9336
27956.9395
27956.7344
27956.4375
27956.2305
27956.6387
27956.4414
27956.2246
27956.2285
27956.3359
27956.1230
27956.0234
27956.2246
27956.2207
27956.5273
27956.7266
27956.4238
27956.5293
27956.3164
27956.1191
27956.4219
27956.6270
27956.4219
27956.5273
27956.3125
27956.2031
27956.3066
27956.3008
27956.0977
27956.1035
27956.0098
27956.3145
27956.1094
27956.0117
27955.9121
27955.4062
27955.7090
27955.5117
27955.9238
27955.6191
27955.8184
27955.5137
27955.6230
27955.5117
27955.3125
27955.5156
27955.4121
27955.2051
27955.2012
27955.1055
27955.0996
27955.1035
27955.4141
27955.2188
27955.4316
27955.2207
27955.4238
27955.5273
27955.5254
27955.5195
27955.7266
27955.7227
27955.7168
27955.3105
27955.2070
27955.2090
27955.2129
27955.4219
27955.0059
27955.1172
27954.8164
27955.2148
27955.1172
27955.0195
27955.1152
27954.6074
27954.7070
27954.9160
27954.4980
27954.3906
27954.4082
27954.7012
27954.6953
27954.6113
27954.5996
27954.6934
27954.4941
27954.3965
27954.5957
27954.2832
27954.0898
27954.1855
27953.9824
27954.0762
27953.8809
27953.9707
27953.6699
27953.9746
27953.9746
27954.0762
27954.1758
27954.0723
27954.2715
27954.3730
27954.2715
27954.7754
27954.7812
27954.7715
27954.9785
27954.9805
27955.0840
27955.1836
27954.9863
27954.9863
27954.7871
27954.7910
27954.6855
27955.0938
27954.8867
27954.7852
27954.7812
27954.7832
27954.7793
27954.5801
27954.4824
27954.5801
27954.2793
27954.1836
27954.2910
27954.3887
27954.2930
27954.3906
27954.1836
27954.1914
27954.0859
27954.2754
27953.9746
27954.4707
27954.2637
27954.3594
27954.4629
27954.4629
27954.3594
27954.1523
27954.0547
27953.9531
27953.9570
27953.8496
27953.9570
27953.9551
27954.2617
27954.1582
27954.4648
27954.5703
27954.4746
27954.4766
27954.5742
27954.3750
27954.5801
27954.3730
27954.1719
27954.1699
27953.9746
27953.9707
27953.6660
27953.9707
27954.1680
27954.1660
27954.0684
27953.9668
27954.0684
27953.9668
27953.9648
27953.8613
27953.4551
27953.7637
27953.5625
27953.6582
27953.5547
27953.4570
27953.0527
27953.1465
27952.9473
27952.5391
27952.5293
27952.5312
27952.7246
27952.7207
27952.7285
27952.4277
27952.3281
27952.3242
27952.0234
27952.2266
27952.1250
27952.1289
27952.3340
27951.8281
27952.0293
27952.2344
27952.2402
27952.3457
27952.4434
27952.5430
27952.3418
27952.1367
27952.1348
27951.9336
27951.8340
27951.8320
27951.9297
27951.9316
27952.1367
27952.1348
27952.2383
27952.3379
27952.0332
27952.2344
27951.7246
27952.0273
27952.0312
27951.8320
27951.7246
27951.6211
27951.7246
27951.6250
27951.8262
27951.8281
27951.7266
27951.2227
27951.4277
27951.6230
27951.4277
27951.4238
27951.7285
27951.7305
27951.5273
27951.5254
27951.5273
27951.5254
27951.6250
27951.8281
27951.9297
27951.8359
27952.0352
27951.9375
27951.8359
27951.8340
27951.6309
27951.6270
27951.6230
27951.8242
27951.5195
27951.4199
27951.3184
27951.4160
27951.3145
27951.3125
27951.1113
27951.2148
27951.1152
27951.0176
27952.3340
27952.9375
27953.5430
27954.9570
27954.2461
27955.8633
27955.1543
27956.0625
27956.2656
27956.3672
27956.8691
27956.8691
27957.4727
27957.7715
27957.5703
27957.7695
27957.9727
27958.2754
27958.1758
27958.0742
27958.3789
27958.1758
27957.8750
27957.9746
27957.5723
27957.4707
27957.4668
27957.0645
27957.0645
27956.9629
27956.8633
27957.4688
27956.4590
27957.3691
27956.9648
27957.6719
27957.1641
27957.4688
27956.7617
27956.4590
27956.1562
27955.8555
27956.0566
27955.6543
27955.6543
27955.7520
27955.5527
27955.5508
27955.6484
27955.4473
27955.2422
27954.9395
27954.7363
27954.6348
27954.6328
27954.4336
27954.2305
27954.2324
27954.1328
27954.1289
27954.0273
27954.0312
27953.9316
27953.9316
27953.9316
27953.8320
27953.5273
27953.6270
27953.4277
27953.1250
27953.2246
27953.1250
27953.2266
27953.1270
27953.0254
27952.9258
27952.7207
27952.7207
27952.7207
27952.6211
27952.5234
27952.6230
27952.8262
27952.9258
27952.9238
27952.9219
27952.7168
27952.7129
27952.6094
27952.6035
27952.5000
27952.5000
27952.3984
27952.5996
27952.7012
27952.6992
27952.9023
27953.0039
27953.1055
27953.2051
27953.1035
27953.2031
27953.1035
27953.0020
27953.0020
27952.9023
27952.8008
27952.6992
27952.6992
27952.7012
27952.5996
27952.5996
27952.5996
27952.5996
27952.7012
27952.6016
27952.4004
27952.5020
27952.5020
27952.5020
27952.5020
27952.4023
27952.5020
27952.8047
27953.0059
27953.2070
27953.5098
27953.4102
27953.4102
27953.3105
27953.2070
27952.9062
27952.8066
27952.8066
27953.0059
27953.0059
27953.0059
27952.9062
27953.0078
27953.1074
27953.4102
27953.6113
27953.6113
27953.7109
27953.6113
27953.8145
27953.9141
27954.2129
27954.3145
27954.3164
27954.4160
27954.5156
27954.4141
27954.5156
27954.7148
27954.7148
27954.7148
27954.8164
27955.2168
27955.3184
27955.2148
27955.2148
27955.2148
27955.2148
27954.9141
27954.8145
27954.6133
27954.6133
27954.5117
27954.5117
27954.2090
27954.3125
27954.2090
27954.2090
27954.0098
27954.1094
27954.1094
27954.2090
27954.3105
27954.5117
27954.4102
27954.7109
27954.7109
27954.7090
27954.7090
27954.8125
27954.9121
27955.0137
27955.1133
27954.9141
27954.9141
27955.0137
27954.8125
27954.9141
27954.9121
27954.8105
27954.8105
27954.7090
27954.6074
27954.8105
27954.9082
27955.0117
27955.1094
27955.2109
27955.1113
27955.0078
27955.0117
27954.9082
27954.9082
27954.8086
27954.8066
27954.7070
27954.5059
27954.4043
27954.5039
27954.4043
27954.5039
27954.5039
27954.7051
27954.5039
27954.5039
27954.5039
27954.6055
27954.5039
27954.7051
27954.8047
27954.7031
27954.8047
27954.6035
27954.6035
27954.6035
27954.6035
27954.7031
27954.8047
27954.8047
27954.8047
27954.9043
27955.0039
27955.1035
27955.5059
27955.5059
27955.6074
27955.9082
27955.7070
27955.8086
27956.1074
27956.1074
27956.2070
27956.2070
27956.2090
27956.3086
27956.3105
27956.6094
27956.8125
27957.1113
27957.2109
27957.1113
27957.0098
27957.1113
27957.0117
27957.1094
27957.1094
27956.9102
27956.8105
27956.7070
27956.7070
27957.0098
27957.2070
27957.5098
27957.5078
27957.7090
27957.8105
27958.1094
27958.1094
27958.1094
27958.0098
27958.0098
27957.9102
27958.1094
27958.0078
27957.9082
27958.0078
27958.3105
27958.3105
27958.3086
27958.4102
27958.4102
27958.3086
27958.3105
27958.3105
27958.5098
27958.7090
27958.8105
27958.7090
27958.6094
27958.6074
27958.5078
27958.3086
27958.3086
27958.3086
27958.3086
27958.4082
27958.5078
27958.8105
27959.0098
27959.2090
27959.0098
27959.0098
27959.2090
27959.3105
27959.4102
27959.5098
27959.5098
27959.4102
27959.6094
27959.6074
27959.5078
27959.5078
27959.5078
27959.5078
27959.5078
27959.4082
27959.5078
27959.5078
27959.7070
27959.7070
27959.9082
27959.9082
27959.9062
27960.1055
27960.1055
27959.9062
27959.9062
27960.1055
27960.0059
27960.1055
27960.0039
27960.2051
27960.2051
27960.2031
27960.1035
27960.3047
27960.3047
27960.2031
27960.2031
27960.1035
27960.2031
27960.0039
27960.3047
27960.4043
27960.7031
27960.6016
27960.7012
27960.7012
27960.7012
27960.8027
27960.9023
27961.0020
27960.8027
27960.9023
27960.8027
27961.0000
27961.1992
27961.0000
27961.0000
27961.0000
27960.8008
27961.0000
27960.9004
27961.0996
27961.1992
27960.9004
27961.0996
27960.9980
27960.7988
27960.8984
27960.9980
27960.9980
27960.6973
27960.7988
27960.4980
27960.3984
27960.2988
27960.2988
27960.4980
27960.6973
27960.8984
27960.6973
27960.9961
27961.0957
27961.0957
27960.7969
27961.0957
27960.9961
27960.7969
27961.0957
27961.4961
27961.3965
27961.4961
27961.3965
27961.5957
27961.5938
27961.8945
27961.6934
27961.7949
27961.9941
27962.3945
27962.0938
27961.9941
27961.9941
27961.6934
27962.0938
27962.3926
27962.5918
27962.5918
27962.6914
27962.7930
27962.6914
27962.8926
27962.9922
27963.0918
27962.8926
27963.1895
27962.9902
27963.2910
27963.1895
27963.5898
27963.4902
27963.5898
27963.7910
27963.7910
27963.5898
27963.7910
27963.5898
27963.7910
27963.6895
27963.6914
27963.8926
27963.7930
27963.6914
27963.3926
27963.6895
27963.5918
27963.6914
27963.4922
27963.4922
27963.3926
27963.6914
27964.1914
27963.6934
27963.7949
27964.0938
27963.9961
27964.1953
27964.1934
27964.2949
27964.3945
27963.9941
27964.0918
27963.6934
27964.2930
27964.1934
27964.0938
27963.6953
27964.0938
27964.3945
27964.2949
27964.3926
27964.7930
27964.4922
27964.9902
27964.9902
27964.6914
27964.7910
27965.0898
27965.2910
27965.2910
27965.3906
27965.3887
27965.7891
27965.6875
27965.3906
27965.2910
27965.6895
27965.6875
27965.3906
27965.8867
27965.9844
27965.9844
27965.3828
27965.8848
27965.5820
27966.0820
27965.7832
27965.9824
27965.1836
27965.4844
27966.0840
27965.9824
27965.7871
27965.5859
27965.7852
27965.8828
27966.3828
27966.5801
27966.7812
27966.8770
27966.5781
27966.8750
27966.7754
27966.8750
27966.7754
27966.7773
27966.6758
27966.7773
27966.8750
27966.5762
27966.6738
27966.2773
27966.2773
27965.9785
27965.9766
27965.9785
27965.9766
27965.5781
27965.3789
27965.3770
27964.9805
27964.8789
27964.7773
27964.6758
27964.6758
27964.5742
27964.2773
27964.5723
27964.0742
27964.4707
27964.5703
27964.5703
27964.3711
27964.5684
27964.1699
27964.3711
27964.2715
27964.2715
27964.0684
27963.8750
27963.5742
27963.9707
27963.9727
27963.8711
27963.8691
27963.4688
27963.6680
27962.9688
27963.1660
27962.9707
27963.1621
27962.9629
27963.3652
27963.0625
27963.1621
27963.1641
27963.2598
27963.1621
27963.0605
27963.0605
27963.2637
27962.9609
27962.6562
27962.8574
27963.0586
27962.8613
27963.0586
27962.7598
27962.6582
27962.6582
27963.1484
27962.7539
27963.3516
27963.3516
27963.1484
27963.3496
27963.3477
27963.1445
27963.1465
27963.2441
27963.3418
27963.1426
27963.3418
27962.9434
27963.5391
27963.5391
27963.4395
27963.2422
27963.4395
27963.6387
27963.9336
27963.3359
27963.4336
27963.4336
27963.1348
27963.0371
27962.8379
27962.1406
27961.3477
27961.3477
27961.2480
27961.2441
27961.2422
27961.0430
27961.4395
27961.3359
27961.3398
27960.9395
27961.4375
27960.8418
27960.7422
27961.0391
27960.8398
27961.2383
27960.9414
27960.9395
27960.8379
27960.7402
27960.5410
27961.1348
27960.8398
27960.9375
27960.7363
27960.2422
27960.3398
27960.4395
27960.3379
27960.4375
27960.5332
27960.6348
27960.6328
27960.5352
27961.2285
27961.0273
27961.4219
27961.7227
27961.5215
27961.5215
27961.6211
27961.4238
27961.3242
27961.2246
27961.2246
27961.1230
27961.1230
27960.9258
27960.8262
27960.9238
27961.1191
27961.0195
27960.9180
27961.2168
27961.1113
27961.0176
27961.4141
27961.4160
27961.5176
27961.5176
27961.3223
27961.7207
27961.9219
27961.9219
27962.3164
27962.3203
27962.8145
27962.7109
27963.0117
27962.9102
27963.3145
27963.2148
27963.2168
27963.2168
27963.6133
27963.5156
27963.6133
27963.9121
27964.0098
27964.2090
27964.2148
27964.2109
27964.4121
27964.4180
27964.7129
27965.0078
27964.9121
27965.1074
27965.0098
27965.2168
27965.1133
27965.1172
27965.5234
27965.4238
27965.4258
27965.9160
27965.9180
27966.0156
27966.0449
27966.0059
27965.9062
27966.2070
27966.4102
27966.6113
27966.7148
27966.8066
27966.9980
27966.6016
27966.7090
27966.7090
27967.3066
27967.2090
27967.5996
27967.4082
27967.6016
27967.4141
27967.3086
27967.3086
27967.4043
27967.7031
27967.1055
27967.2012
27967.1035
27967.0020
27967.0000
27966.7051
27966.6055
27966.5098
27966.4082
27966.7988
27966.7930
27966.6953
27966.9922
27967.1914
27966.9941
27966.5957
27966.4043
27966.4043
27966.3047
27966.9961
27967.5879
27968.2852
27968.3887
27968.4883
27968.4883
27968.6953
27968.8926
27968.8906
27969.1816
27968.7793
27968.8750
27968.6797
27968.4805
27968.8809
27968.5762
27968.7754
27968.6797
27968.6777
27968.9766
27968.8770
27969.2734
27968.8730
27968.8750
27968.7754
27969.0664
27969.1699
27969.2656
27969.0703
27969.0703
27969.1699
27969.1602
27969.0684
27969.2676
27968.9688
27969.0605
27968.6699
27969.2598
27968.5645
27968.5664
27968.4707
27968.3750
27968.3711
27968.2695
27967.9727
27968.3652
27968.4609
27968.9512
27969.3457
27968.9473
27969.1406
27969.1406
27969.3379
27969.3438
27969.2441
27968.9473
27969.2441
27969.2441
27969.2480
27969.6426
27969.6406
27969.5352
27969.5352
27969.9277
27969.9336
27970.0312
27970.0332
27970.1309
27970.1289
27969.9277
27970.0293
27969.7285
27969.9180
27969.9219
27969.9141
27969.7227
27970.1133
27969.8145
27970.0000
27969.8086
27970.4883
27970.2969
27970.0918
27969.8008
27969.9883
27970.0898
27970.1777
27970.1816
27970.1738
27970.2773
27969.9844
27969.9805
27969.9863
27969.7832
27970.0879
27970.0820
27970.2793
27970.1836
27970.4805
27970.2793
27970.2793
27970.0820
27970.1777
27970.4746
27970.5820
27970.6758
27970.7773
27970.8750
27970.5840
27970.2773
27970.5762
27970.7695
27970.6719
27970.4746
27970.5723
27970.5703
27970.7656
27970.7656
27970.7656
27970.9609
27970.5645
27970.4648
27970.4668
27970.2656
27970.0684
27969.7676
27969.9648
27969.9570
27969.9512
27969.7559
27969.8574
27969.8516
27970.1523
27969.9492
27969.9512
27969.6562
27969.3574
27968.9590
27969.0566
27968.7578
27968.8555
27968.7559
27968.7539
27968.8535
27968.7559
27968.6543
27969.1504
27968.5605
27968.6602
27968.7637
27968.5625
27968.6621
27968.6641
27968.7578
27968.7598
27968.2656
27968.3691
27968.0723
27968.1680
27967.7637
27968.2598
27968.6523
27968.2559
27968.4512
27968.0586
27968.1582
27967.7695
27967.8633
27968.1602
27967.7715
27968.1621
27967.8672
27968.1660
27967.6777
27967.7734
27967.7754
27967.9688
27968.0684
27968.3633
27968.2598
27968.2637
27968.1641
27968.0684
27967.7754
27967.7773
27967.7734
27967.8730
27967.6758
27967.8691
27967.8750
27968.0703
27968.1680
27968.0703
27968.0703
27968.1719
27968.2676
27967.8789
27968.1738
27967.7812
27967.8809
27968.1758
27967.7793
27967.7812
27967.7871
27967.9844
27967.9824
27967.9141
27967.7871
27967.7871
27967.9766
27967.9746
27968.1738
27967.9727
27968.3711
27968.0762
27967.6738
27968.1738
27967.4844
27967.8770
27967.3809
27967.6797
27967.3789
27967.4766
27966.8770
27967.2812
27966.9785
27967.2773
27967.2773
27967.1797
27966.8848
27967.0781
27966.9785
27966.9785
27966.7871
27966.4941
27966.3906
27966.2949
27966.6855
27966.7852
27966.7832
27966.7871
27966.6855
27966.3906
27966.3906
27965.8027
27966.0977
27965.7988
27965.7949
27965.4023
27965.3008
27964.9062
27964.9062
27964.9062
27965.1035
27964.6113
27964.6094
27964.6074
27964.4941
27964.3027
27964.4023
27963.8184
27964.4023
27964.3008
27964.2949
27964.3926
27964.2930
27964.2910
27964.0957
27964.1895
27964.2871
27964.1875
27964.0898
27964.5801
27964.6738
27964.6719
27964.9668
27964.6719
27964.7754
27964.7715
27965.0762
27965.2734
27965.5781
27965.2754
27964.8828
27965.3730
27964.6836
27965.0820
27964.8828
27964.6836
27964.9707
27965.0684
27965.3594
27965.3574
27964.9668
27965.1602
27965.0664
27964.9668
27965.1621
27964.6719
27964.8691
27964.4688
27964.7695
27964.6621
27964.6660
27964.9531
27965.1602
27965.0566
27965.4375
27965.8320
27965.8281
27965.9258
27966.0312
27965.7402
27966.0312
27966.0371
27965.9434
27966.1309
27966.2305
27966.0293
27966.0332
27966.0312
27965.8359
27965.8340
27965.5430
27965.6387
27965.3379
27965.2461
27965.4355
27965.3359
27965.7227
27965.2305
27965.6211
27965.6230
27965.5215
27965.2344
27965.4238
27965.7207
27965.7227
27965.7168
27965.8164
27965.7129
27965.8125
27966.1035
