 989.7215
1020.3047
1050.8185
1081.2666
1111.6492
1141.9662
1172.2175
1202.4033
1232.5072
1262.5454
1292.5182
1322.4253
1352.2668
1382.0427
1411.7367
1441.3651
1470.9280
1500.4253
1529.8569
1559.2230
1588.5072
1617.7257
1646.8787
1675.9661
1704.9879
1733.9442
1762.8225
1791.6311
1820.3743
1849.0518
1877.6638
1873.4999
1869.3400
1865.1760
1861.0121
1856.8481
1852.6842
1848.5203
1844.3604
1840.1964
1836.0325
1831.8685
1827.7046
1823.5406
1819.3932
1815.2292
1811.0653
1806.9014
1802.7374
1798.5735
1794.4259
1790.2660
1786.1021
1781.9381
1777.7742
1773.6104
1769.4628
1765.3029
1761.1389
1756.9750
1752.8110
1748.6471
1744.4956
1740.3357
1736.1718
1732.0078
1727.8439
1723.6799
1719.5160
1715.3561
1711.1921
1707.0282
1702.8643
1698.7003
1694.5364
1690.3765
1686.2166
1682.0527
1677.8888
1673.7249
1669.5609
1665.4133
1661.2534
1657.0895
1652.9255
1648.7616
1644.5977
1640.4462
1636.2863
1632.1223
1627.9584
1623.7944
1619.6305
1615.4789
1611.3191
1607.1552
1602.9912
1598.8273
1594.6633
1590.5117
1586.3518
1582.1919
1578.0281
1573.8641
1569.7002
1565.5363
1561.3763
1557.2164
1553.0525
1548.8885
1544.7246
1540.5607
1536.3967
1532.2369
1528.0730
1523.9091
1519.7451
1515.5812
1511.4296
1507.2697
1503.1057
1498.9418
1494.7778
1490.6140
1486.4624
1482.3025
1478.1426
1473.9786
1469.8147
1465.6508
1461.4993
1457.3394
1453.1794
1449.0155
1444.8516
1440.6876
1436.5361
1432.3722
1428.2123
1424.0483
1419.8844
1415.7205
1411.5565
1407.3926
1403.2328
1399.0688
1394.9049
1390.7410
1386.5770
1382.4131
1378.2532
1374.0933
1369.9294
1365.7655
1361.6016
1357.4500
1353.2900
1349.1301
1344.9662
1340.8024
1336.6384
1332.4868
1328.3229
1324.1630
1319.9990
1315.8351
1311.6711
1307.5197
1303.3557
1299.1958
1295.0319
1290.8679
1286.7040
1282.5524
1278.3885
1274.2286
1270.0687
1265.9048
1261.7408
1257.5769
1253.4131
1249.2532
1245.0933
1240.9293
1236.7654
1232.6014
1228.4376
1224.2737
1220.1138
1215.9498
1211.7859
1207.6219
1203.4703
1199.3065
1195.1466
1190.9827
1186.8187
1182.6548
1178.5032
1174.3392
1170.1794
1166.0195
1161.8556
1157.6917
1153.5400
1149.3762
1145.2163
1141.0564
1136.8925
1132.7285
1128.5770
1124.4131
1120.2491
1116.0892
1111.9253
1107.7614
1103.5974
1099.4336
1095.2697
1091.1097
1086.9458
1082.7819
1078.6179
1074.4540
1070.2902
1066.1302
1061.9703
1057.8065
1053.6426
1049.4910
1045.3270
1041.1671
1037.0073
1032.8434
1028.6794
1024.5278
1020.3639
1016.2000
1012.0401
1007.8762
1003.7123
 999.5607
 995.3967
 991.2328
 987.0729
 982.9090
 978.7451
 974.5935
 970.4296
 966.2656
 962.1058
 957.9418
 953.7779
 949.6140
 945.4501
 941.2861
 937.1263
 932.9664
 928.8025
 924.6385
 920.4747
 916.3107
 912.1468
 907.9869
 903.8230
 899.6591
 895.5074
 891.3436
 887.1796
 883.0198
 878.8558
 874.6919
 870.5403
 866.3764
 862.2125
 858.0526
 853.8887
 849.7247
 845.5731
 841.4092
 837.2453
 833.0854
 828.9256
 824.7617
 820.6100
 816.4461
 812.2822
 808.1183
 803.9584
 799.7945
 795.6306
 791.4667
 787.3027
 783.1388
 778.9790
 774.8151
 770.6511
 766.4872
 762.3232
 758.1594
 753.9995
 749.8356
 745.6716
 741.5200
 737.3561
 733.1922
 729.0323
 724.8725
 720.7086
 716.5569
 712.3930
 708.2291
 704.0693
 699.9094
 695.7455
 691.5939
 687.4299
 683.2661
 679.1021
 674.9423
 670.7783
 666.6267
 662.4628
 658.2989
 654.1349
 649.9751
 645.8112
 641.6472
 637.4833
 633.3194
 629.1555
 624.9957
 620.8358
 616.6719
 612.5079
 608.3441
 604.1801
 600.0203
 595.8605
 591.6965
 587.5449
 583.3810
 579.2170
 575.0532
 570.8933
 566.7294
 562.5778
 558.4138
 554.2499
 550.0860
 545.9261
 541.7622
 537.6106
 533.4467
 529.2828
 525.1188
 520.9590
 516.7992
 512.6475
 508.4836
 504.3197
 500.1558
 495.9959
 491.8361
 487.6722
 483.5083
 479.3444
 475.1804
 471.0165
 466.8567
 462.6927
 458.5288
 454.3649
 450.2010
 446.0371
 441.8773
 437.7133
 433.5617
 429.3978
 425.2338
 421.0699
 416.9101
 412.7503
 408.5986
 404.4347
 400.2708
 396.1069
 391.9471
 387.7872
 383.6356
 379.4717
 375.3077
 371.1438
 366.9799
 362.8201
 358.6685
 354.5045
 350.3406
 346.1767
 342.0128
 337.8530
 333.6890
 329.5251
 325.3612
 321.1973
 317.0333
 312.8735
 308.7137
 304.5498
 300.3859
 296.2220
 292.0580
 287.8982
 283.7384
 279.5868
 275.4228
 271.2589
 267.0950
 262.9311
 258.7712
 254.6196
 250.4557
 246.2918
 242.1279
 237.9639
 233.8041
 229.6525
 225.4886
 221.3246
 217.1607
 212.9968
 208.8370
 204.6895
 200.5255
 196.3616
 192.1977
 188.0338
 183.8740
 179.7142
 175.5502
 171.3863
 167.2224
 163.0585
 158.8946
 154.7347
 150.5708
 146.4069
 142.2430
 138.0791
 133.9151
 129.7553
 125.6611
 121.6325
 117.6694
 113.7719
 109.9400
 106.1778
 102.4934
  98.8746
  95.3213
  91.8337
  88.4116
  85.0592
  81.7847
  78.5757
  75.4323
  72.3545
  69.3422
  66.3956
  63.5308
  60.7317
  57.9982
  55.3302
  52.7278
  50.1909
  47.7238
  45.3345
  43.0108
  40.7526
  38.5601
  36.4331
  34.3758
  32.3963
  30.4824
  28.6341
  26.8514
  25.1342
  23.4868
  21.9171
  20.4131
  18.9788
  17.6100
  16.3068
  15.0692
  13.9136
  12.8235
  11.7990
  10.8401
   9.9467
   9.1190
   8.3732
   7.6929
   7.0783
   6.5292
   6.0457
   5.6277
   5.2918
   5.0214
   4.8166
   4.6773
   4.6037
   4.5956
   4.5997
   4.6039
   4.6081
   4.6123
   4.6164
   4.6206
   4.6248
   4.6290
   4.6331
   4.6373
   4.6415
   4.6457
   4.6498
   4.6540
   4.6582
   4.6624
   4.6665
   4.6749
   4.6832
   4.6915
   4.6998
   4.7082
   4.7165
   4.7248
   4.7331
   4.7415
   4.7498
   4.7581
   4.7664
   4.7748
   4.7831
   4.7914
   4.7998
   4.8081
   4.8164
   4.8248
   4.8331
   4.8414
   4.8498
   4.8539
   4.8581
   4.8623
   4.8665
   4.8707
   4.8749
   4.8791
   4.8833
   4.8875
   4.8917
   4.8959
   4.9001
   4.9043
   4.9085
   4.9127
   4.9169
   4.9211
   4.9253
   4.9337
   4.9420
   4.9504
   4.9588
   4.9671
   4.9755
   4.9838
   4.9922
   5.0006
   5.0089
   5.0173
   5.0256
   5.0340
   5.0424
   5.0507
   5.0591
   5.0675
   5.0758
   5.0842
   5.0926
   5.1009
   5.1052
   5.1094
   5.1136
   5.1178
   5.1220
   5.1263
   5.1305
   5.1347
   5.1389
   5.1431
   5.1474
   5.1516
   5.1558
   5.1600
   5.1643
   5.1685
   5.1727
   5.1769
   5.1853
   5.1937
   5.2021
   5.2105
   5.2189
   5.2273
   5.2357
   5.2441
   5.2525
   5.2609
   5.2693
   5.2777
   5.2861
   5.2945
   5.3029
   5.3113
   5.3197
   5.3281
   5.3365
   5.3449
   5.3533
   5.3617
   5.3659
   5.3701
   5.3744
   5.3786
   5.3829
   5.3871
   5.3914
   5.3956
   5.3999
   5.4041
   5.4084
   5.4126
   5.4169
   5.4211
   5.4254
   5.4296
   5.4339
   5.4423
   5.4507
   5.4591
   5.4676
   5.4760
   5.4844
   5.4928
   5.5013
   5.5097
   5.5181
   5.5266
   5.5350
   5.5434
   5.5518
   5.5603
   5.5687
   5.5771
   5.5856
   5.5940
   5.6024
   5.6109
   5.6193
   5.6236
   5.6278
   5.6321
   5.6364
   5.6407
   5.6449
   5.6492
   5.6535
   5.6577
   5.6620
   5.6663
   5.6706
   5.6748
   5.6791
   5.6834
   5.6876
   5.6919
   5.6962
   5.7047
   5.7131
   5.7216
   5.7300
   5.7385
   5.7470
   5.7554
   5.7639
   5.7723
   5.7808
   5.7893
   5.7977
   5.8062
   5.8147
   5.8231
   5.8316
   5.8401
   5.8485
   5.8570
   5.8655
   5.8739
   5.8782
   5.8825
   5.8868
   5.8911
   5.8954
   5.8997
   5.9040
   5.9083
   5.9126
   5.9169
   5.9212
   5.9255
   5.9298
   5.9341
   5.9384
   5.9427
   5.9470
   5.9513
   5.9597
   5.9682
   5.9767
   5.9852
   5.9937
   6.0022
   6.0107
   6.0192
   6.0277
   6.0362
   6.0447
   6.0532
   6.0617
   6.0702
   6.0787
   6.0872
   6.0957
   6.1042
   6.1127
   6.1212
   6.1297
   6.1382
   6.1425
   6.1468
   6.1512
   6.1555
   6.1598
   6.1641
   6.1684
   6.1727
   6.1771
   6.1814
   6.1857
   6.1900
   6.1944
   6.1987
   6.2030
   6.2073
   6.2116
   6.2160
   6.2245
   6.2330
   6.2415
   6.2501
   6.2586
   6.2671
   6.2757
   6.2842
   6.2927
   6.3012
   6.3098
   6.3183
   6.3268
   6.3354
   6.3439
   6.3524
   6.3610
   6.3695
   6.3780
   6.3866
   6.3951
   6.3995
   6.4038
   6.4081
   6.4125
   6.4168
   6.4212
   6.4255
   6.4299
   6.4342
   6.4386
   6.4429
   6.4472
   6.4516
   6.4559
   6.4603
   6.4646
   6.4690
   6.4733
   6.4819
   6.4904
   6.4990
   6.5076
   6.5161
   6.5247
   6.5333
   6.5418
   6.5504
   6.5589
   6.5675
   6.5761
   6.5846
   6.5932
   6.6018
   6.6103
   6.6189
   6.6275
   6.6360
   6.6446
   6.6532
   6.6618
   6.6661
   6.6705
   6.6749
   6.6792
   6.6836
   6.6880
   6.6923
   6.6967
   6.7011
   6.7054
   6.7098
   6.7142
   6.7185
   6.7229
   6.7273
   6.7317
   6.7360
   6.7446
   6.7532
   6.7618
   6.7704
   6.7790
   6.7876
   6.7962
   6.8048
   6.8134
   6.8220
   6.8306
   6.8392
   6.8478
   6.8564
   6.8650
   6.8736
   6.8822
   6.8908
   6.8994
   6.9080
   6.9166
   6.9252
   6.9296
   6.9340
   6.9384
   6.9428
   6.9472
   6.9516
   6.9559
   6.9603
   6.9647
   6.9691
   6.9735
   6.9779
   6.9823
   6.9867
   6.9911
   6.9955
   6.9999
   7.0043
   7.0129
   7.0215
   7.0302
   7.0388
   7.0474
   7.0561
   7.0647
   7.0733
   7.0819
   7.0906
   7.0992
   7.1078
   7.1165
   7.1251
   7.1338
   7.1424
   7.1510
   7.1597
   7.1683
   7.1769
   7.1856
   7.1900
   7.1944
   7.1988
   7.2032
   7.2076
   7.2121
   7.2165
   7.2209
   7.2253
   7.2297
   7.2342
   7.2386
   7.2430
   7.2474
   7.2518
   7.2562
   7.2607
   7.2651
   7.2737
   7.2824
   7.2911
   7.2997
   7.3084
   7.3171
   7.3257
   7.3386
   7.3515
   7.3645
   7.3774
   7.3903
   7.4032
   7.4161
   7.4290
   7.4419
   7.4548
   7.4678
   7.4807
   7.4936
   7.5065
   7.5194
   7.5281
   7.5368
   7.5455
   7.5542
   7.5629
   7.5716
   7.5803
   7.5889
   7.5976
   7.6063
   7.6150
   7.6237
   7.6324
   7.6411
   7.6498
   7.6585
   7.6672
   7.6759
   7.6846
   7.6933
   7.7020
   7.7107
   7.7194
   7.7281
   7.7368
   7.7455
   7.7542
   7.7629
   7.7716
   7.7803
   7.7890
   7.7977
   7.8064
   7.8151
   7.8238
   7.8325
   7.8412
   7.8499
   7.8586
   7.8631
   7.8675
   7.8720
   7.8765
   7.8809
   7.8854
   7.8898
   7.8901
   7.8903
   7.8905
   7.8907
   7.8910
   7.8912
   7.8914
   7.8916
   7.8918
   7.8921
   7.8923
   7.8925
   7.8927
   7.8930
   7.8932
   7.8934
   7.8936
   7.8938
   7.8941
   7.8943
   7.8945
   7.8947
   7.8949
   7.8952
   7.8954
   7.8956
   7.8958
   7.8961
   7.8963
   7.8965
   7.8967
   7.8969
   7.8972
   7.8974
   7.8976
   7.8978
   7.8980
   7.8983
   7.8985
   7.8987
   7.8989
   7.8992
   7.8994
   7.8996
   7.8998
   7.9000
   7.9003
   7.9005
   7.9007
   7.9009
   7.9012
   7.9014
   7.9016
   7.9018
   7.9020
   7.9023
   7.9025
   7.9027
   7.9029
   7.9031
   7.9034
   7.9036
   7.9038
   7.9040
   7.9043
   7.9045
   7.9047
   7.9049
   7.9051
   7.9054
   7.9056
   7.9058
   7.9060
   7.9062
   7.9065
   7.9067
   7.9069
   7.9071
   7.9074
   7.9076
   7.9078
   7.9080
   7.9082
   7.9085
   7.9087
   7.9089
   7.9091
   7.9094
   7.9096
   7.9098
   7.9100
   7.9102
   7.9105
   7.9107
   7.9109
   7.9111
   7.9113
   7.9116
   7.9118
   7.9120
   7.9122
   7.9125
   7.9127
   7.9129
   7.9131
   7.9133
   7.9136
   7.9138
   7.9140
   7.9142
   7.9145
   7.9147
   7.9149
   7.9151
   7.9153
   7.9156
   7.9158
   7.9160
   7.9162
   7.9164
   7.9167
   7.9169
   7.9171
   7.9173
   7.9176
   7.9178
   7.9180
   7.9182
   7.9184
   7.9187
   7.9189
   7.9191
   7.9193
   7.9195
   7.9198
   7.9200
   7.9202
   7.9204
   7.9207
   7.9209
   7.9211
   7.9213
   7.9215
   7.9218
   7.9220
   7.9222
   7.9224
   7.9227
   7.9229
   7.9231
   7.9233
   7.9235
   7.9238
   7.9240
   7.9242
   7.9244
   7.9246
   7.9249
   7.9251
   7.9253
   7.9255
   7.9258
   7.9260
   7.9262
   7.9264
   7.9266
   7.9269
   7.9271
   7.9273
   7.9275
   7.9277
   7.9280
   7.9282
   7.9284
   7.9286
   7.9289
   7.9291
   7.9293
   7.9295
   7.9297
   7.9300
   7.9302
   7.9304
   7.9306
   7.9309
   7.9311
   7.9313
   7.9315
   7.9317
   7.9320
   7.9322
   7.9324
   7.9326
   7.9328
   7.9331
   7.9333
   7.9335
   7.9337
   7.9340
   7.9342
   7.9344
   7.9346
   7.9348
   7.9351
   7.9353
   7.9355
   7.9357
   7.9359
   7.9362
   7.9364
   7.9366
   7.9368
   7.9371
   7.9373
   7.9375
   7.9377
   7.9379
   7.9382
   7.9384
   7.9386
   7.9388
   7.9391
   7.9393
   7.9395
   7.9397
   7.9399
   7.9402
   7.9404
   7.9406
   7.9408
   7.9410
   7.9413
   7.9415
   7.9417
   7.9419
   7.9422
   7.9424
   7.9426
   7.9428
   7.9430
   7.9433
   7.9435
   7.9437
   7.9439
   7.9441
   7.9444
   7.9446
   7.9448
   7.9450
   7.9453
   7.9455
   7.9457
   7.9459
   7.9461
   7.9464
   7.9466
   7.9468
   7.9470
   7.9473
   7.9475
   7.9477
   7.9479
   7.9481
   7.9484
   7.9486
   7.9488
   7.9490
   7.9492
   7.9495
   7.9497
   7.9499
   7.9501
   7.9504
   7.9506
   7.9508
   7.9510
   7.9512
   7.9515
   7.9517
   7.9519
   7.9521
   7.9523
   7.9526
   7.9528
   7.9530
   7.9532
   7.9535
   7.9537
   7.9539
   7.9541
   7.9543
   7.9546
   7.9548
   7.9550
   7.9552
   7.9555
   7.9557
   7.9559
   7.9561
   7.9563
   7.9566
   7.9568
   7.9570
   7.9572
   7.9574
   7.9577
   7.9579
   7.9581
   7.9583
   7.9586
   7.9588
   7.9590
   7.9592
   7.9594
   7.9597
   7.9599
   7.9601
   7.9603
   7.9605
   7.9608
   7.9610
   7.9612
   7.9614
   7.9617
   7.9619
   7.9621
   7.9623
   7.9625
   7.9628
   7.9630
   7.9632
   7.9634
   7.9637
   7.9639
   7.9641
   7.9643
   7.9645
   7.9648
   7.9650
   7.9652
   7.9654
   7.9656
   7.9659
   7.9661
   7.9663
   7.9665
   7.9668
   7.9670
   7.9672
   7.9674
   7.9676
   7.9679
   7.9681
   7.9683
   7.9685
   7.9688
   7.9690
   7.9692
   7.9694
   7.9696
   7.9699
   7.9701
   7.9703
   7.9705
   7.9707
   7.9710
   7.9712
   7.9714
   7.9716
   7.9719
   7.9721
   7.9723
   7.9725
   7.9727
   7.9730
   7.9732
   7.9734
   7.9736
   7.9738
   7.9741
   7.9743
   7.9745
   7.9747
   7.9750
   7.9752
   7.9754
   7.9756
   7.9758
   7.9761
   7.9763
   7.9765
   7.9767
   7.9770
   7.9772
   7.9774
   7.9776
   7.9778
   7.9781
   7.9783
   7.9785
   7.9787
   7.9789
   7.9792
   7.9794
   7.9796
   7.9798
   7.9801
   7.9803
   7.9805
   7.9807
   7.9809
   7.9812
   7.9814
   7.9816
   7.9818
   7.9820
   7.9823
   7.9825
   7.9827
  40.6880
  73.3114
 105.8691
 138.3613
 170.7879
 203.1489
 235.4444
 267.6579
 299.8058
 331.8881
 363.9049
 395.8560
 427.7416
 459.5453
 491.2833
 522.9557
 554.5627
 586.1040
 617.5797
 648.9734
 680.3016
 711.5643
 742.7613
 773.8928
 804.9586
 835.9426
 866.8609
 897.7136
 928.5008
 959.2224
