  -0.0167
   0.0228
   0.0629
   0.1021
   0.1387
   0.1739
   0.2069
   0.2432
   0.2774
   0.3159
   0.3615
   0.4088
   0.4559
   0.5012
   0.5500
   0.6007
   0.6552
   0.7117
   0.7631
   0.8081
   0.8453
   0.8762
   0.9037
   0.9353
   0.9742
   1.0197
   1.0730
   1.1329
   1.1981
   1.2622
   1.3279
   1.3427
   1.3596
   1.3781
   1.3998
   1.4245
   1.4528
   1.4827
   1.5142
   1.5467
   1.5763
   1.6044
   1.6309
   1.6518
   1.6675
   1.6785
   1.6859
   1.6940
   1.7044
   1.7172
   1.7353
   1.7600
   1.7897
   1.8235
   1.8629
   1.9054
   1.9487
   1.9955
   2.0409
   2.0846
   2.1284
   2.1729
   2.2189
   2.2636
   2.3080
   2.3530
   2.3967
   2.4404
   2.4804
   2.5223
   2.5640
   2.6033
   2.6426
   2.6842
   2.7242
   2.7626
   2.8013
   2.8393
   2.8740
   2.9131
   2.9550
   3.0007
   3.0480
   3.0984
   3.1442
   3.1864
   3.2243
   3.2565
   3.2812
   3.3002
   3.3160
   3.3261
   3.3349
   3.3408
   3.3461
   3.3505
   3.3586
   3.3694
   3.3800
   3.3935
   3.4082
   3.4249
   3.4410
   3.4581
   3.4776
   3.5010
   3.5275
   3.5589
   3.5936
   3.6283
   3.6617
   3.6928
   3.7212
   3.7473
   3.7734
   3.7954
   3.8151
   3.8351
   3.8527
   3.8717
   3.8904
   3.9034
   3.9168
   3.9285
   3.9402
   3.9526
   3.9657
   3.9793
   3.9916
   4.0066
   4.0222
   4.0363
   4.0505
   4.0652
   4.0777
   4.0890
   4.0981
   4.1017
   4.1021
   4.0971
   4.0852
   4.0689
   4.0490
   4.0267
   4.0021
   3.9791
   3.9580
   3.9369
   3.9175
   3.9026
   3.8902
   3.8784
   3.8693
   3.8604
   3.8513
   3.8416
   3.8325
   3.8234
   3.8136
   3.8045
   3.7954
   3.7873
   3.7808
   3.7787
   3.7811
   3.7877
   3.7988
   3.8096
   3.8204
   3.8266
   3.8301
   3.8303
   3.8262
   3.8148
   3.7977
   3.7763
   3.7516
   3.7234
   3.6965
   3.6704
   3.6455
   3.6223
   3.6018
   3.5780
   3.5555
   3.5316
   3.5068
   3.4823
   3.4572
   3.4326
   3.4060
   3.3778
   3.3487
   3.3178
   3.2866
   3.2562
   3.2277
   3.2006
   3.1788
   3.1603
   3.1487
   3.1431
   3.1418
   3.1424
   3.1447
   3.1480
   3.1497
   3.1473
   3.1443
   3.1392
   3.1291
   3.1140
   3.0989
   3.0821
   3.0651
   3.0505
   3.0392
   3.0305
   3.0236
   3.0191
   3.0149
   3.0081
   3.0010
   2.9915
   2.9780
   2.9601
   2.9399
   2.9157
   2.8912
   2.8667
   2.8453
   2.8221
   2.8016
   2.7835
   2.7697
   2.7585
   2.7491
   2.7428
   2.7378
   2.7311
   2.7243
   2.7155
   2.7056
   2.6960
   2.6907
   2.6844
   2.6797
   2.6756
   2.6716
   2.6675
   2.6668
   2.6665
   2.6674
   2.6698
   2.6750
   2.6791
   2.6839
   2.6880
   2.6925
   2.6944
   2.6956
   2.6936
   2.6914
   2.6868
   2.6827
   2.6772
   2.6715
   2.6670
   2.6637
   2.6603
   2.6569
   2.6562
   2.6585
   2.6604
   2.6643
   2.6692
   2.6733
   2.6762
   2.6795
   2.6796
   2.6776
   2.6746
   2.6738
   2.6709
   2.6696
   2.6703
   2.6713
   2.6716
   2.6715
   2.6701
   2.6660
   2.6605
   2.6561
   2.6507
   2.6442
   2.6351
   2.6262
   2.6160
   2.6028
   2.5920
   2.5842
   2.5798
   2.5821
   2.5901
   2.5994
   2.6074
   2.6137
   2.6154
   2.6138
   2.6098
   2.6071
   2.6044
   2.6042
   2.6066
   2.6111
   2.6116
   2.6108
   2.6015
   2.5869
   2.5676
   2.5429
   2.5155
   2.4884
   2.4599
   2.4348
   2.4100
   2.3878
   2.3659
   2.3443
   2.3228
   2.3022
   2.2816
   2.2608
   2.2397
   2.2199
   2.2008
   2.1820
   2.1627
   2.1422
   2.1188
   2.0970
   2.0750
   2.0516
   2.0249
   1.9982
   1.9699
   1.9421
   1.9155
   1.8924
   1.8707
   1.8493
   1.8319
   1.8171
   1.8067
   1.8016
   1.8059
   1.8160
   1.8257
   1.8328
   1.8401
   1.8431
   1.8436
   1.8432
   1.8411
   1.8417
   1.8460
   1.8568
   1.8762
   1.9040
   1.9361
   1.9703
   2.0035
   2.0367
   2.0685
   2.0936
   2.1056
   2.1108
   2.1060
   2.0969
   2.0875
   2.0804
   2.0825
   2.0914
   2.1026
   2.1177
   2.1343
   2.1562
   2.1835
   2.2172
   2.2536
   2.2900
   2.3252
   2.3581
   2.3891
   2.4205
   2.4496
   2.4780
   2.5053
   2.5337
   2.5618
   2.5909
   2.6184
   2.6445
   2.6703
   2.6975
   2.7266
   2.7544
   2.7827
   2.8113
   2.8403
   2.8695
   2.9058
   2.9434
   2.9824
   3.0214
   3.0596
   3.0924
   3.1253
   3.1606
   3.2001
   3.2423
   3.2860
   3.3280
   3.3659
   3.3969
   3.4161
   3.4271
   3.4286
   3.4238
   3.4145
   3.4048
   3.3942
   3.3817
   3.3649
   3.3454
   3.3272
   3.3185
   3.3191
   3.3306
   3.3527
   3.3800
   3.4089
   3.4391
   3.4666
   3.4958
   3.5238
   3.5470
   3.5636
   3.5740
   3.5766
   3.5754
   3.5759
   3.5783
   3.5832
   3.5891
   3.5920
   3.5932
   3.5915
   3.5880
   3.5838
   3.5830
   3.5851
   3.5889
   3.5956
   3.6040
   3.6097
   3.6123
   3.6147
   3.6142
   3.6120
   3.6069
   3.6006
   3.5900
   3.5783
   3.5673
   3.5554
   3.5433
   3.5321
   3.5201
   3.5075
   3.4953
   3.4821
   3.4683
   3.4535
   3.4393
   3.4305
   3.4268
   3.4284
   3.4349
   3.4441
   3.4559
   3.4651
   3.4748
   3.4835
   3.4924
   3.5015
   3.5102
   3.5158
   3.5202
   3.5262
   3.5314
   3.5385
   3.5473
   3.5541
   3.5610
   3.5680
   3.5763
   3.5893
   3.6023
   3.6198
   3.6400
   3.6626
   3.6862
   3.7161
   3.7499
   3.7878
   3.8308
   3.8752
   3.9171
   3.9597
   3.9982
   4.0323
   4.0614
   4.0874
   4.1094
   4.1290
   4.1500
   4.1706
   4.1932
   4.2170
   4.2385
   4.2575
   4.2736
   4.2846
   4.2926
   4.2970
   4.2993
   4.2971
   4.2938
   4.2886
   4.2825
   4.2773
   4.2743
   4.2763
   4.2819
   4.2876
   4.2928
   4.2998
   4.3054
   4.3117
   4.3172
   4.3227
   4.3323
   4.3449
   4.3614
   4.3829
   4.4097
   4.4439
   4.4838
   4.5291
   4.5784
   4.6308
   4.6823
   4.7325
   4.7813
   4.8277
   4.8728
   4.9162
   4.9570
   5.0015
   5.0462
   5.0951
   5.1491
   5.2042
   5.2579
   5.3089
   5.3594
   5.4098
   5.4643
   5.5239
   5.5884
   5.6596
   5.7363
   5.8207
   5.9092
   6.0029
   6.1032
   6.2103
   6.3216
   6.4382
   6.5627
   6.6947
   6.8342
   6.9786
   7.1292
   7.2822
   7.4338
   7.5879
   7.7441
   7.9000
   8.0578
   8.2173
   8.3767
   8.5347
   8.6923
   8.8488
   9.0056
   9.1607
   9.3104
   9.4577
   9.5996
   9.7382
   9.8731
  10.0056
  10.1351
  10.2646
  10.3906
  10.5125
  10.6299
  10.7442
  10.8558
  10.9634
  11.0714
  11.1790
  11.2854
  11.3887
  11.4889
  11.5809
  11.6668
  11.7476
  11.8238
  11.8949
  11.9639
  12.0277
  12.0921
  12.1538
  12.2169
  12.2749
  12.3307
  12.3852
  12.4383
  12.4884
  12.5366
  12.5842
  12.6286
  12.6708
  12.7116
  12.7495
  12.7836
  12.8153
  12.8432
  12.8619
  12.8760
  12.8864
  12.8932
  12.8950
  12.8956
  12.8963
  12.8932
  12.8904
  12.8855
  12.8773
  12.8673
  12.8545
  12.8418
  12.8266
  12.8111
  12.7959
  12.7824
  12.7729
  12.7688
  12.7713
  12.7753
  12.7805
  12.7870
  12.7907
  12.7918
  12.7915
  12.7912
  12.7910
  12.7921
  12.7931
  12.7943
  12.7916
  12.7886
  12.7848
  12.7839
  12.7868
  12.7992
  12.8162
  12.8380
  12.8644
  12.8932
  12.9220
  12.9511
  12.9790
  13.0043
  13.0285
  13.0545
  13.0828
  13.1112
  13.1415
  13.1753
  13.2135
  13.2505
  13.2888
  13.3296
  13.3707
  13.4118
  13.4554
  13.5017
  13.5503
  13.6045
  13.6623
  13.7241
  13.7885
  13.8586
  13.9328
  14.0089
  14.0870
  14.1637
  14.2374
  14.3100
  14.3802
  14.4490
  14.5167
  14.5856
  14.6582
  14.7346
  14.8129
  14.8923
  14.9690
  15.0408
  15.1140
  15.1861
  15.2582
  15.3338
  15.4149
  15.4977
  15.5824
  15.6687
  15.7560
  15.8423
  15.9313
  16.0207
  16.1116
  16.2072
  16.3025
  16.3998
  16.4957
  16.5935
  16.6916
  16.7861
  16.8767
  16.9628
  17.0473
  17.1287
  17.2113
  17.2967
  17.3798
  17.4588
  17.5354
  17.6106
  17.6815
  17.7431
  17.7977
  17.8441
  17.8804
  17.9084
  17.9317
  17.9487
  17.9644
  17.9801
  17.9978
  18.0171
  18.0356
  18.0558
  18.0705
  18.0742
  18.0706
  18.0606
  18.0464
  18.0377
  18.0326
  18.0331
  18.0418
  18.0560
  18.0704
  18.0856
  18.0988
  18.1070
  18.1117
  18.1129
  18.1131
  18.1113
  18.1117
  18.1129
  18.1163
  18.1214
  18.1343
  18.1578
  18.1925
  18.2305
  18.2704
  18.3067
  18.3458
  18.3849
  18.4281
  18.4848
  18.5539
  18.6300
  18.7129
  18.7950
  18.8731
  18.9468
  19.0194
  19.0895
  19.1597
  19.2315
  19.3054
  19.3851
  19.4713
  19.5545
  19.6317
  19.6994
  19.7697
  19.8426
  19.9191
  20.0044
  20.0992
  20.1973
  20.2972
  20.4015
  20.5099
  20.6164
  20.7199
  20.8233
  20.9293
  21.0379
  21.1512
  21.2689
  21.3906
  21.5110
  21.6283
  21.7458
  21.8586
  21.9613
  22.0540
  22.1401
  22.2139
  22.2793
  22.3392
  22.3896
  22.4288
  22.4554
  22.4678
  22.4688
  22.4567
  22.4361
  22.4043
  22.3632
  22.3053
  22.2310
  22.1484
  22.0626
  21.9736
  21.8821
  21.7882
  21.6888
  21.5753
  21.4410
  21.2934
  21.1300
  20.9559
  20.7780
  20.6009
  20.4191
  20.2373
  20.0583
  19.8792
  19.7004
  19.5279
  19.3557
  19.1895
  19.0265
  18.8665
  18.7046
  18.5389
  18.3709
  18.2005
  18.0325
  17.8638
  17.6972
  17.5277
  17.3529
  17.1754
  16.9938
  16.8081
  16.6133
  16.4115
  16.2074
  15.9993
  15.7881
  15.5818
  15.3807
  15.1705
  14.9546
  14.7425
  14.5385
  14.3349
  14.1423
  13.9664
  13.7976
  13.6315
  13.4807
  13.3464
  13.2267
  13.1249
  13.0394
  12.9666
  12.9035
  12.8489
  12.8060
  12.7726
  12.7469
  12.7297
  12.7239
  12.7266
  12.7353
  12.7457
  12.7617
  12.7857
  12.8058
  12.8194
  12.8331
  12.8401
  12.8418
  12.8470
  12.8618
  12.8802
  12.9013
  12.9185
  12.9287
  12.9375
  12.9408
  12.9413
  12.9446
  12.9511
  12.9625
  12.9758
  12.9900
  13.0042
  13.0262
  13.0546
  13.0966
  13.1503
  13.2150
  13.2906
  13.3742
  13.4682
  13.5774
  13.6929
  13.8160
  13.9485
  14.0806
  14.1928
  14.2833
  14.3487
  14.3865
  14.3974
  14.4037
  14.4066
  14.4014
  14.3954
  14.3940
  14.3925
  14.3936
  14.4020
  14.4112
  14.4196
  14.4275
  14.4368
  14.4477
  14.4600
  14.4750
  14.4944
  14.5151
  14.5343
  14.5490
  14.5648
  14.5795
  14.5911
  14.6037
  14.6272
  14.6664
  14.7174
  14.7857
  14.8671
  14.9528
  15.0332
  15.1092
  15.1818
  15.2535
  15.3251
  15.3945
  15.4693
  15.5508
  15.6380
  15.7263
  15.8177
  15.9124
  16.0085
  16.1014
  16.1887
  16.2699
  16.3368
  16.3908
  16.4349
  16.4715
  16.5023
  16.5286
  16.5491
  16.5703
  16.5928
  16.6136
  16.6379
  16.6810
  16.7556
  16.8647
  17.0047
  17.1705
  17.3481
  17.5277
  17.7081
  17.8906
  18.0771
  18.2638
  18.4485
  18.6286
  18.8030
  18.9755
  19.1440
  19.3092
  19.4672
  19.6183
  19.7627
  19.8997
  20.0296
  20.1552
  20.2789
  20.3978
  20.5163
  20.6302
  20.7439
  20.8560
  20.9641
  21.0695
  21.1736
  21.2751
  21.3741
  21.4758
  21.5808
  21.6842
  21.7833
  21.8788
  21.9745
  22.0679
  22.1603
  22.2556
  22.3520
  22.4447
  22.5323
  22.6158
  22.6975
  22.7732
  22.8455
  22.9126
  22.9773
  23.0394
  23.0975
  23.1499
  23.2025
  23.2562
  23.3073
  23.3595
  23.4144
  23.4669
  23.5145
  23.5636
  23.6147
  23.6603
  23.6993
  23.7289
  23.7442
  23.7446
  23.7387
  23.7288
  23.7206
  23.7137
  23.7055
  23.6974
  23.6841
  23.6611
  23.6313
  23.5925
  23.5464
  23.4927
  23.4303
  23.3614
  23.2893
  23.2107
  23.1244
  23.0276
  22.9249
  22.8074
  22.6793
  22.5440
  22.4024
  22.2551
  22.1020
  21.9480
  21.7869
  21.6150
  21.4383
  21.2609
  21.0758
  20.8792
  20.6788
  20.4717
  20.2556
  20.0378
  19.8244
  19.6135
  19.4032
  19.1912
  18.9806
  18.7697
  18.5602
  18.3537
  18.1488
  17.9470
  17.7511
  17.5526
  17.3498
  17.1499
  16.9469
  16.7402
  16.5361
  16.3388
  16.1408
  15.9393
  15.7438
  15.5579
  15.3852
  15.2309
  15.1002
  14.9781
  14.8576
  14.7278
  14.5900
  14.4436
  14.2904
  14.1361
  13.9874
  13.8394
  13.6926
  13.5450
  13.3996
  13.2580
  13.1189
  12.9793
  12.8413
  12.7102
  12.5848
  12.4617
  12.3468
  12.2401
  12.1384
  12.0422
  11.9498
  11.8657
  11.7841
  11.7066
  11.6343
  11.5689
  11.5065
  11.4510
  11.4009
  11.3525
  11.3060
  11.2575
  11.2022
  11.1398
  11.0762
  11.0157
  10.9567
  10.9049
  10.8597
  10.8177
  10.7760
  10.7332
  10.6868
  10.6359
  10.5850
  10.5303
  10.4705
  10.4074
  10.3441
  10.2771
  10.2061
  10.1344
  10.0631
   9.9894
   9.9092
   9.8204
   9.7206
   9.6063
   9.4871
   9.3633
   9.2416
   9.1215
   9.0039
   8.8871
   8.7729
   8.6601
   8.5477
   8.4408
   8.3439
   8.2515
   8.1665
   8.0877
   8.0157
   7.9510
   7.8900
   7.8350
   7.7866
   7.7485
   7.7152
   7.6879
   7.6636
   7.6401
   7.6149
   7.5865
   7.5536
   7.5207
   7.4857
   7.4528
   7.4250
   7.4071
   7.3941
   7.3906
   7.3981
   7.4145
   7.4354
   7.4579
   7.4778
   7.4938
   7.5029
   7.5043
   7.5026
   7.4926
   7.4781
   7.4681
   7.4595
   7.4476
   7.4415
   7.4405
   7.4408
   7.4421
   7.4441
   7.4469
   7.4484
   7.4466
   7.4383
   7.4272
   7.4130
   7.3933
   7.3665
   7.3321
   7.2978
   7.2609
   7.2192
   7.1775
   7.1340
   7.0852
   7.0351
   6.9861
   6.9354
   6.8804
   6.8251
   6.7655
   6.7017
   6.6317
   6.5555
   6.4741
   6.3896
   6.3063
   6.2178
   6.1292
   6.0366
   5.9412
   5.8455
   5.7485
   5.6515
   5.5549
   5.4548
   5.3538
   5.2490
   5.1408
   5.0253
   4.9064
   4.7794
   4.6422
   4.4948
   4.3430
   4.1842
   4.0197
   3.8517
   3.6817
   3.5112
   3.3403
   3.1758
   3.0190
   2.8651
   2.7179
   2.5819
   2.4506
   2.3199
   2.1960
   2.0731
   1.9524
   1.8352
   1.7179
   1.6040
   1.4948
   1.3893
   1.2871
   1.1925
   1.1080
   1.0318
   0.9612
   0.8971
   0.8388
   0.7871
   0.7389
   0.6952
   0.6533
   0.6120
   0.5731
   0.5355
   0.4989
   0.4629
   0.4284
   0.3957
   0.3682
   0.3429
   0.3194
   0.2942
   0.2674
   0.2361
   0.2100
   0.1838
   0.1548
   0.1230
   0.0902
   0.0562
   0.0231
  -0.0097
  -0.0435
  -0.0811
  -0.1219
  -0.1621
  -0.2025
  -0.2365
  -0.2631
  -0.2839
  -0.3004
  -0.3126
  -0.3214
  -0.3280
  -0.3316
  -0.3321
  -0.3327
  -0.3350
  -0.3399
  -0.3483
  -0.3649
  -0.3878
  -0.4153
  -0.4529
  -0.4951
  -0.5387
  -0.5829
  -0.6284
  -0.6751
  -0.7235
  -0.7695
  -0.8105
  -0.8438
  -0.8716
  -0.8947
  -0.9170
  -0.9410
  -0.9660
  -0.9953
  -1.0254
  -1.0533
  -1.0810
  -1.1029
  -1.1223
  -1.0849
  -1.0492
  -1.0153
  -0.9873
  -0.9648
  -0.9510
  -0.9397
  -0.9325
  -0.9256
  -0.9157
  -0.9040
  -0.8947
  -0.8823
  -0.8655
  -0.8423
  -0.8165
  -0.7894
  -0.7602
  -0.7320
  -0.7041
  -0.6737
  -0.6405
  -0.6078
  -0.5741
  -0.5405
  -0.5083
  -0.4784
  -0.4461
  -0.4092
  -0.3652
