   2.3997
   2.3956
   2.3930
   2.3910
   2.3872
   2.3825
   2.3775
   2.3758
   2.3716
   2.3707
   2.3758
   2.3825
   2.3912
   2.4005
   2.4138
   2.4295
   2.4477
   2.4683
   2.4860
   2.5002
   2.5098
   2.5157
   2.5184
   2.5243
   2.5361
   2.5523
   2.5736
   2.5994
   2.6286
   2.6576
   2.6883
   2.7093
   2.7327
   2.7577
   2.7861
   2.8169
   2.8518
   2.8883
   2.9265
   2.9669
   3.0048
   3.0418
   3.0772
   3.1083
   3.1338
   3.1550
   3.1744
   3.1932
   3.2129
   3.2336
   3.2579
   3.2865
   3.3179
   3.3519
   3.3902
   3.4311
   3.4720
   3.5141
   3.5552
   3.5948
   3.6343
   3.6754
   3.7181
   3.7599
   3.8010
   3.8435
   3.8852
   3.9269
   3.9667
   4.0089
   4.0504
   4.0909
   4.1314
   4.1728
   4.2126
   4.2508
   4.2898
   4.3295
   4.3658
   4.4056
   4.4478
   4.4919
   4.5355
   4.5816
   4.6236
   4.6616
   4.6961
   4.7264
   4.7500
   4.7693
   4.7854
   4.7971
   4.8080
   4.8142
   4.8189
   4.8213
   4.8256
   4.8295
   4.8327
   4.8362
   4.8398
   4.8437
   4.8461
   4.8486
   4.8521
   4.8582
   4.8668
   4.8782
   4.8928
   4.9075
   4.9214
   4.9341
   4.9452
   4.9553
   4.9654
   4.9728
   4.9792
   4.9864
   4.9926
   4.9997
   5.0060
   5.0080
   5.0108
   5.0120
   5.0132
   5.0159
   5.0179
   5.0215
   5.0242
   5.0286
   5.0345
   5.0417
   5.0489
   5.0577
   5.0654
   5.0730
   5.0797
   5.0827
   5.0825
   5.0787
   5.0698
   5.0575
   5.0433
   5.0281
   5.0119
   4.9973
   4.9852
   4.9730
   4.9624
   4.9561
   4.9508
   4.9469
   4.9448
   4.9435
   4.9443
   4.9457
   4.9486
   4.9515
   4.9551
   4.9580
   4.9609
   4.9639
   4.9686
   4.9767
   4.9889
   5.0037
   5.0228
   5.0411
   5.0593
   5.0734
   5.0857
   5.0947
   5.1003
   5.0999
   5.0953
   5.0872
   5.0759
   5.0605
   5.0460
   5.0308
   5.0166
   5.0039
   4.9931
   4.9789
   4.9656
   4.9513
   4.9348
   4.9191
   4.9018
   4.8832
   4.8622
   4.8395
   4.8145
   4.7879
   4.7604
   4.7335
   4.7078
   4.6830
   4.6618
   4.6438
   4.6310
   4.6232
   4.6188
   4.6167
   4.6163
   4.6161
   4.6142
   4.6096
   4.6057
   4.5993
   4.5901
   4.5781
   4.5662
   4.5526
   4.5383
   4.5250
   4.5128
   4.5024
   4.4915
   4.4816
   4.4724
   4.4616
   4.4500
   4.4374
   4.4220
   4.4033
   4.3836
   4.3612
   4.3381
   4.3150
   4.2944
   4.2722
   4.2517
   4.2323
   4.2162
   4.2020
   4.1894
   4.1800
   4.1736
   4.1656
   4.1598
   4.1536
   4.1474
   4.1419
   4.1398
   4.1376
   4.1370
   4.1379
   4.1389
   4.1398
   4.1440
   4.1497
   4.1555
   4.1629
   4.1722
   4.1813
   4.1909
   4.2000
   4.2077
   4.2137
   4.2181
   4.2193
   4.2197
   4.2170
   4.2129
   4.2080
   4.2022
   4.1974
   4.1927
   4.1880
   4.1833
   4.1803
   4.1799
   4.1786
   4.1798
   4.1812
   4.1831
   4.1843
   4.1862
   4.1876
   4.1888
   4.1899
   4.1941
   4.1980
   4.2035
   4.2114
   4.2202
   4.2295
   4.2380
   4.2457
   4.2516
   4.2565
   4.2617
   4.2667
   4.2715
   4.2746
   4.2784
   4.2813
   4.2817
   4.2831
   4.2871
   4.2923
   4.3018
   4.3157
   4.3305
   4.3443
   4.3566
   4.3646
   4.3693
   4.3730
   4.3776
   4.3822
   4.3879
   4.3953
   4.4030
   4.4080
   4.4122
   4.4102
   4.4047
   4.3971
   4.3860
   4.3731
   4.3609
   4.3479
   4.3381
   4.3291
   4.3219
   4.3154
   4.3097
   4.3040
   4.2984
   4.2927
   4.2864
   4.2793
   4.2731
   4.2663
   4.2602
   4.2526
   4.2449
   4.2345
   4.2259
   4.2166
   4.2063
   4.1928
   4.1793
   4.1641
   4.1476
   4.1319
   4.1174
   4.1039
   4.0910
   4.0809
   4.0724
   4.0674
   4.0660
   4.0708
   4.0800
   4.0884
   4.0950
   4.1023
   4.1063
   4.1091
   4.1119
   4.1130
   4.1158
   4.1206
   4.1291
   4.1445
   4.1660
   4.1909
   4.2161
   4.2412
   4.2662
   4.2904
   4.3101
   4.3216
   4.3287
   4.3280
   4.3239
   4.3190
   4.3152
   4.3168
   4.3230
   4.3301
   4.3399
   4.3505
   4.3648
   4.3826
   4.4041
   4.4275
   4.4508
   4.4733
   4.4954
   4.5173
   4.5407
   4.5630
   4.5859
   4.6088
   4.6317
   4.6540
   4.6763
   4.6970
   4.7168
   4.7359
   4.7558
   4.7782
   4.7996
   4.8226
   4.8462
   4.8707
   4.8959
   4.9263
   4.9576
   4.9898
   5.0220
   5.0549
   5.0841
   5.1134
   5.1437
   5.1774
   5.2128
   5.2493
   5.2841
   5.3161
   5.3430
   5.3605
   5.3719
   5.3770
   5.3763
   5.3715
   5.3659
   5.3581
   5.3479
   5.3343
   5.3188
   5.3043
   5.2960
   5.2940
   5.2991
   5.3113
   5.3264
   5.3431
   5.3607
   5.3765
   5.3939
   5.4105
   5.4230
   5.4310
   5.4360
   5.4363
   5.4347
   5.4348
   5.4372
   5.4407
   5.4444
   5.4455
   5.4449
   5.4419
   5.4371
   5.4329
   5.4321
   5.4338
   5.4371
   5.4430
   5.4504
   5.4561
   5.4593
   5.4617
   5.4616
   5.4599
   5.4557
   5.4512
   5.4434
   5.4353
   5.4288
   5.4229
   5.4162
   5.4118
   5.4079
   5.4054
   5.4036
   5.4017
   5.3983
   5.3926
   5.3857
   5.3823
   5.3818
   5.3848
   5.3899
   5.3968
   5.4055
   5.4125
   5.4209
   5.4291
   5.4381
   5.4471
   5.4553
   5.4610
   5.4658
   5.4723
   5.4794
   5.4888
   5.4999
   5.5107
   5.5222
   5.5337
   5.5461
   5.5627
   5.5793
   5.5973
   5.6171
   5.6379
   5.6588
   5.6828
   5.7094
   5.7388
   5.7710
   5.8041
   5.8361
   5.8696
   5.9004
   5.9278
   5.9523
   5.9743
   5.9936
   6.0119
   6.0311
   6.0494
   6.0702
   6.0918
   6.1124
   6.1319
   6.1490
   6.1631
   6.1748
   6.1824
   6.1869
   6.1879
   6.1860
   6.1817
   6.1752
   6.1681
   6.1620
   6.1609
   6.1637
   6.1673
   6.1715
   6.1781
   6.1838
   6.1910
   6.1988
   6.2066
   6.2171
   6.2301
   6.2458
   6.2637
   6.2851
   6.3125
   6.3443
   6.3797
   6.4177
   6.4583
   6.4995
   6.5397
   6.5790
   6.6174
   6.6548
   6.6905
   6.7245
   6.7604
   6.7971
   6.8365
   6.8787
   6.9212
   6.9627
   7.0025
   7.0407
   7.0790
   7.1199
   7.1638
   7.2097
   7.2601
   7.3142
   7.3729
   7.4343
   7.4985
   7.5672
   7.6404
   7.7164
   7.7959
   7.8802
   7.9684
   8.0604
   8.1547
   8.2519
   8.3501
   8.4475
   8.5460
   8.6448
   8.7429
   8.8406
   8.9398
   9.0391
   9.1375
   9.2345
   9.3313
   9.4289
   9.5248
   9.6171
   9.7083
   9.7959
   9.8803
   9.9627
  10.0441
  10.1229
  10.2018
  10.2795
  10.3544
  10.4252
  10.4933
  10.5598
  10.6235
  10.6859
  10.7469
  10.8077
  10.8652
  10.9202
  10.9698
  11.0164
  11.0601
  11.1024
  11.1418
  11.1810
  11.2172
  11.2549
  11.2909
  11.3278
  11.3618
  11.3954
  11.4282
  11.4601
  11.4894
  11.5164
  11.5419
  11.5641
  11.5832
  11.6015
  11.6172
  11.6310
  11.6437
  11.6544
  11.6595
  11.6633
  11.6651
  11.6656
  11.6633
  11.6608
  11.6584
  11.6540
  11.6503
  11.6463
  11.6417
  11.6349
  11.6262
  11.6176
  11.6078
  11.5973
  11.5876
  11.5795
  11.5741
  11.5723
  11.5743
  11.5779
  11.5818
  11.5865
  11.5893
  11.5904
  11.5906
  11.5908
  11.5910
  11.5921
  11.5932
  11.5944
  11.5935
  11.5919
  11.5881
  11.5868
  11.5875
  11.5945
  11.6028
  11.6134
  11.6253
  11.6383
  11.6514
  11.6651
  11.6780
  11.6898
  11.7014
  11.7147
  11.7291
  11.7434
  11.7602
  11.7809
  11.8051
  11.8312
  11.8609
  11.8945
  11.9289
  11.9632
  11.9986
  12.0359
  12.0742
  12.1161
  12.1600
  12.2059
  12.2535
  12.3056
  12.3604
  12.4175
  12.4770
  12.5357
  12.5917
  12.6476
  12.7024
  12.7563
  12.8101
  12.8640
  12.9199
  12.9778
  13.0353
  13.0930
  13.1489
  13.2026
  13.2573
  13.3117
  13.3662
  13.4247
  13.4868
  13.5505
  13.6167
  13.6845
  13.7524
  13.8202
  13.8898
  13.9601
  14.0321
  14.1082
  14.1837
  14.2614
  14.3384
  14.4176
  14.4976
  14.5764
  14.6525
  14.7250
  14.7960
  14.8644
  14.9329
  15.0034
  15.0706
  15.1352
  15.1987
  15.2613
  15.3204
  15.3740
  15.4222
  15.4650
  15.5001
  15.5289
  15.5563
  15.5806
  15.6039
  15.6301
  15.6586
  15.6888
  15.7196
  15.7520
  15.7808
  15.8016
  15.8171
  15.8287
  15.8377
  15.8503
  15.8641
  15.8823
  15.9060
  15.9333
  15.9613
  15.9915
  16.0214
  16.0491
  16.0755
  16.1007
  16.1257
  16.1511
  16.1795
  16.2101
  16.2412
  16.2738
  16.3112
  16.3550
  16.4070
  16.4622
  16.5197
  16.5760
  16.6341
  16.6922
  16.7530
  16.8229
  16.9010
  16.9844
  17.0723
  17.1608
  17.2465
  17.3288
  17.4109
  17.4919
  17.5730
  17.6556
  17.7386
  17.8260
  17.9172
  18.0058
  18.0894
  18.1666
  18.2455
  18.3256
  18.4076
  18.4965
  18.5918
  18.6876
  18.7831
  18.8820
  18.9809
  19.0774
  19.1714
  19.2654
  19.3605
  19.4574
  19.5585
  19.6630
  19.7703
  19.8794
  19.9886
  20.1006
  20.2112
  20.3166
  20.4170
  20.5135
  20.6018
  20.6840
  20.7624
  20.8345
  20.8986
  20.9537
  20.9982
  21.0341
  21.0595
  21.0787
  21.0899
  21.0955
  21.0887
  21.0709
  21.0470
  21.0205
  20.9908
  20.9599
  20.9279
  20.8924
  20.8489
  20.7911
  20.7249
  20.6493
  20.5670
  20.4828
  20.4006
  20.3143
  20.2279
  20.1434
  20.0588
  19.9751
  19.8971
  19.8198
  19.7477
  19.6788
  19.6124
  19.5464
  19.4784
  19.4099
  19.3404
  19.2746
  19.2094
  19.1473
  19.0827
  19.0152
  18.9457
  18.8736
  18.7987
  18.7189
  18.6337
  18.5482
  18.4599
  18.3690
  18.2803
  18.1945
  18.1010
  18.0031
  17.9072
  17.8168
  17.7271
  17.6454
  17.5753
  17.5106
  17.4476
  17.3953
  17.3547
  17.3227
  17.3032
  17.2947
  17.2951
  17.3026
  17.3163
  17.3394
  17.3689
  17.4052
  17.4477
  17.4989
  17.5563
  17.6189
  17.6831
  17.7516
  17.8276
  17.9015
  17.9716
  18.0423
  18.1085
  18.1717
  18.2390
  18.3125
  18.3902
  18.4696
  18.5470
  18.6191
  18.6904
  18.7579
  18.8236
  18.8911
  18.9591
  19.0294
  19.0992
  19.1686
  19.2352
  19.3065
  19.3810
  19.4646
  19.5550
  19.6527
  19.7577
  19.8675
  19.9832
  20.1096
  20.2392
  20.3727
  20.5119
  20.6504
  20.7739
  20.8835
  20.9751
  21.0477
  21.1007
  21.1495
  21.1950
  21.2350
  21.2756
  21.3203
  21.3650
  21.4108
  21.4627
  21.5140
  21.5658
  21.6189
  21.6730
  21.7286
  21.7853
  21.8437
  21.9056
  21.9684
  22.0296
  22.0873
  22.1452
  22.2018
  22.2547
  22.3066
  22.3648
  22.4313
  22.5034
  22.5856
  22.6743
  22.7627
  22.8470
  22.9267
  23.0047
  23.0821
  23.1610
  23.2385
  23.3185
  23.4019
  23.4885
  23.5743
  23.6622
  23.7522
  23.8427
  23.9315
  24.0155
  24.0961
  24.1675
  24.2309
  24.2887
  24.3421
  24.3926
  24.4412
  24.4870
  24.5339
  24.5833
  24.6325
  24.6847
  24.7505
  24.8369
  24.9458
  25.0759
  25.2223
  25.3770
  25.5337
  25.6914
  25.8484
  26.0069
  26.1651
  26.3225
  26.4772
  26.6299
  26.7818
  26.9305
  27.0775
  27.2180
  27.3529
  27.4828
  27.6055
  27.7218
  27.8342
  27.9432
  28.0468
  28.1501
  28.2503
  28.3509
  28.4510
  28.5495
  28.6473
  28.7453
  28.8426
  28.9399
  29.0395
  29.1408
  29.2389
  29.3320
  29.4187
  29.5046
  29.5879
  29.6694
  29.7512
  29.8343
  29.9138
  29.9889
  30.0623
  30.1344
  30.2026
  30.2679
  30.3287
  30.3868
  30.4415
  30.4919
  30.5364
  30.5793
  30.6208
  30.6589
  30.6957
  30.7321
  30.7658
  30.7957
  30.8276
  30.8630
  30.8959
  30.9259
  30.9507
  30.9660
  30.9696
  30.9685
  30.9630
  30.9577
  30.9510
  30.9418
  30.9310
  30.9158
  30.8918
  30.8617
  30.8250
  30.7834
  30.7361
  30.6831
  30.6245
  30.5639
  30.4978
  30.4260
  30.3450
  30.2595
  30.1619
  30.0551
  29.9429
  29.8248
  29.7023
  29.5755
  29.4491
  29.3174
  29.1790
  29.0384
  28.8990
  28.7556
  28.6033
  28.4490
  28.2908
  28.1276
  27.9628
  27.8014
  27.6412
  27.4797
  27.3166
  27.1543
  26.9914
  26.8293
  26.6699
  26.5121
  26.3568
  26.2067
  26.0547
  25.8999
  25.7470
  25.5916
  25.4341
  25.2784
  25.1273
  24.9740
  24.8168
  24.6620
  24.5137
  24.3731
  24.2433
  24.1299
  24.0226
  23.9171
  23.8058
  23.6897
  23.5674
  23.4404
  23.3105
  23.1844
  23.0577
  22.9313
  22.8026
  22.6744
  22.5482
  22.4231
  22.2966
  22.1717
  22.0515
  21.9356
  21.8202
  21.7103
  21.6059
  21.5038
  21.4053
  21.3089
  21.2180
  21.1283
  21.0413
  20.9572
  20.8778
  20.8010
  20.7287
  20.6628
  20.5986
  20.5367
  20.4724
  20.4035
  20.3293
  20.2549
  20.1831
  20.1123
  20.0468
  19.9853
  19.9237
  19.8603
  19.7933
  19.7224
  19.6473
  19.5723
  19.4952
  19.4153
  19.3347
  19.2535
  19.1677
  19.0764
  18.9831
  18.8879
  18.7890
  18.6835
  18.5711
  18.4514
  18.3204
  18.1871
  18.0497
  17.9120
  17.7734
  17.6352
  17.4966
  17.3591
  17.2226
  17.0869
  16.9549
  16.8301
  16.7090
  16.5939
  16.4840
  16.3813
  16.2841
  16.1910
  16.1030
  16.0217
  15.9482
  15.8791
  15.8151
  15.7538
  15.6939
  15.6324
  15.5677
  15.4989
  15.4301
  15.3583
  15.2862
  15.2165
  15.1513
  15.0878
  15.0301
  14.9798
  14.9366
  14.8970
  14.8590
  14.8192
  14.7773
  14.7308
  14.6802
  14.6297
  14.5763
  14.5220
  14.4713
  14.4215
  14.3658
  14.3086
  14.2483
  14.1830
  14.1146
  14.0457
  13.9783
  13.9107
  13.8424
  13.7702
  13.6963
  13.6197
  13.5394
  13.4538
  13.3614
  13.2697
  13.1762
  13.0812
  12.9861
  12.8887
  12.7884
  12.6871
  12.5860
  12.4833
  12.3771
  12.2703
  12.1599
  12.0468
  11.9279
  11.8065
  11.6820
  11.5550
  11.4282
  11.2985
  11.1687
  11.0362
  10.9019
  10.7668
  10.6308
  10.4948
  10.3603
  10.2243
  10.0916
   9.9601
   9.8306
   9.7010
   9.5734
   9.4409
   9.3032
   9.1575
   9.0083
   8.8512
   8.6871
   8.5163
   8.3399
   8.1594
   7.9748
   7.7908
   7.6103
   7.4324
   7.2585
   7.0979
   6.9475
   6.8072
   6.6801
   6.5611
   6.4485
   6.3392
   6.2300
   6.1214
   6.0144
   5.9087
   5.8037
   5.7022
   5.6086
   5.5205
   5.4362
   5.3585
   5.2851
   5.2183
   5.1555
   5.0962
   5.0393
   4.9838
   4.9321
   4.8840
   4.8386
   4.7948
   4.7525
   4.7119
   4.6744
   4.6372
   4.6017
   4.5646
   4.5259
   4.4836
   4.4437
   4.4037
   4.3620
   4.3182
   4.2744
   4.2303
   4.1857
   4.1391
   4.0898
   4.0357
   3.9757
   3.9146
   3.8527
   3.7941
   3.7416
   3.6934
   3.6514
   3.6155
   3.5862
   3.5626
   3.5449
   3.5324
   3.5225
   3.5136
   3.5036
   3.4922
   3.4727
   3.4473
   3.4151
   3.3723
   3.3227
   3.2689
   3.2136
   3.1574
   3.1011
   3.0457
   2.9941
   2.9474
   2.9075
   2.8713
   2.8394
   2.8096
   2.7782
   2.7465
   2.7121
   2.6781
   2.6473
   2.6171
   2.5913
   2.5667
   2.5564
   2.5443
   2.5306
   2.5124
   2.4904
   2.4621
   2.4326
   2.4009
   2.3685
   2.3386
   2.3111
   2.2829
   2.2574
   2.2360
   2.2204
   2.2067
   2.1938
   2.1839
   2.1745
   2.1643
   2.1552
   2.1486
   2.1405
   2.1326
   2.1247
   2.1158
   2.1064
   2.0982
   2.0941
   2.0953
