   1.4382
   1.3303
   1.2250
   1.1184
   1.0088
   0.9016
   0.7997
   0.6955
   0.5951
   0.4942
   0.3970
   0.3054
   0.2165
   0.1292
   0.0450
  -0.0421
  -0.1283
  -0.2184
  -0.3020
  -0.3953
  -0.4872
  -0.5819
  -0.6742
  -0.7703
  -0.8650
  -0.9597
  -1.0558
  -1.1559
  -1.2532
  -1.3559
  -1.4611
  -1.4452
  -1.4295
  -1.4175
  -1.4053
  -1.3941
  -1.3867
  -1.3823
  -1.3876
  -1.3946
  -1.4045
  -1.4100
  -1.4164
  -1.4259
  -1.4374
  -1.4537
  -1.4725
  -1.4880
  -1.4998
  -1.5188
  -1.5419
  -1.5663
  -1.5929
  -1.6250
  -1.6561
  -1.6885
  -1.7284
  -1.7648
  -1.8104
  -1.8531
  -1.8902
  -1.9320
  -1.9742
  -2.0223
  -2.0736
  -2.1264
  -2.1775
  -2.2342
  -2.2904
  -2.3506
  -2.4071
  -2.4687
  -2.5338
  -2.5996
  -2.6617
  -2.7221
  -2.7786
  -2.8388
  -2.8992
  -2.9606
  -3.0214
  -3.0792
  -3.1300
  -3.1824
  -3.2324
  -3.2897
  -3.3474
  -3.4021
  -3.4538
  -3.5089
  -3.5610
  -3.6145
  -3.6638
  -3.7130
  -3.7618
  -3.8180
  -3.8801
  -3.9364
  -3.9983
  -4.0472
  -4.0979
  -4.1405
  -4.1939
  -4.2450
  -4.2951
  -4.3459
  -4.3878
  -4.4321
  -4.4777
  -4.5231
  -4.5692
  -4.6108
  -4.6531
  -4.6886
  -4.7265
  -4.7637
  -4.7968
  -4.8267
  -4.8556
  -4.8784
  -4.9022
  -4.9255
  -4.9467
  -4.9660
  -4.9886
  -5.0070
  -5.0229
  -5.0452
  -5.0619
  -5.0814
  -5.1006
  -5.1253
  -5.1415
  -5.1581
  -5.1797
  -5.1996
  -5.2305
  -5.2631
  -5.2893
  -5.3201
  -5.3498
  -5.3786
  -5.4061
  -5.4353
  -5.4660
  -5.4957
  -5.5213
  -5.5500
  -5.5820
  -5.6114
  -5.6411
  -5.6742
  -5.7026
  -5.7376
  -5.7676
  -5.7997
  -5.8269
  -5.8517
  -5.8765
  -5.8976
  -5.9225
  -5.9412
  -5.9641
  -5.9798
  -5.9943
  -6.0102
  -6.0149
  -6.0235
  -6.0296
  -6.0309
  -6.0330
  -6.0320
  -6.0301
  -6.0315
  -6.0361
  -6.0403
  -6.0466
  -6.0519
  -6.0546
  -6.0606
  -6.0685
  -6.0766
  -6.0870
  -6.0974
  -6.1120
  -6.1227
  -6.1305
  -6.1430
  -6.1571
  -6.1730
  -6.1824
  -6.1942
  -6.1990
  -6.2129
  -6.2261
  -6.2381
  -6.2472
  -6.2540
  -6.2533
  -6.2573
  -6.2544
  -6.2501
  -6.2430
  -6.2430
  -6.2459
  -6.2467
  -6.2508
  -6.2581
  -6.2624
  -6.2642
  -6.2690
  -6.2672
  -6.2622
  -6.2556
  -6.2459
  -6.2410
  -6.2326
  -6.2253
  -6.2164
  -6.2096
  -6.2048
  -6.2045
  -6.2054
  -6.2096
  -6.2158
  -6.2279
  -6.2341
  -6.2448
  -6.2540
  -6.2665
  -6.2828
  -6.2976
  -6.3145
  -6.3328
  -6.3483
  -6.3691
  -6.3834
  -6.3998
  -6.4132
  -6.4325
  -6.4522
  -6.4760
  -6.4977
  -6.5224
  -6.5526
  -6.5775
  -6.6011
  -6.6217
  -6.6366
  -6.6509
  -6.6700
  -6.6928
  -6.7126
  -6.7394
  -6.7615
  -6.7834
  -6.8056
  -6.8299
  -6.8567
  -6.8899
  -6.9185
  -6.9511
  -6.9838
  -7.0143
  -7.0420
  -7.0704
  -7.0997
  -7.1269
  -7.1562
  -7.1869
  -7.2177
  -7.2470
  -7.2799
  -7.3099
  -7.3431
  -7.3760
  -7.4047
  -7.4371
  -7.4684
  -7.5028
  -7.5349
  -7.5659
  -7.5967
  -7.6285
  -7.6568
  -7.6853
  -7.7113
  -7.7382
  -7.7686
  -7.8015
  -7.8398
  -7.8743
  -7.9058
  -7.9403
  -7.9740
  -8.0033
  -8.0274
  -8.0574
  -8.0838
  -8.1128
  -8.1406
  -8.1645
  -8.1800
  -8.1971
  -8.2139
  -8.2222
  -8.2346
  -8.2477
  -8.2652
  -8.2860
  -8.3044
  -8.3177
  -8.3257
  -8.3384
  -8.3478
  -8.3609
  -8.3710
  -8.3813
  -8.3938
  -8.4022
  -8.4129
  -8.4271
  -8.4425
  -8.4408
  -8.4327
  -8.4176
  -8.3802
  -8.3493
  -8.2963
  -8.2501
  -8.1896
  -8.1269
  -8.0644
  -7.9944
  -7.9265
  -7.8499
  -7.7694
  -7.6938
  -7.6109
  -7.5283
  -7.4353
  -7.3483
  -7.2617
  -7.1682
  -7.0769
  -6.9892
  -6.9008
  -6.8171
  -6.7376
  -6.6571
  -6.5806
  -6.4965
  -6.4164
  -6.3417
  -6.2548
  -6.1831
  -6.1024
  -6.0272
  -5.9397
  -5.8594
  -5.7745
  -5.7000
  -5.6313
  -5.5694
  -5.5130
  -5.4513
  -5.3986
  -5.3443
  -5.2867
  -5.2327
  -5.1755
  -5.1170
  -5.0620
  -5.0128
  -4.9629
  -4.9143
  -4.8655
  -4.8183
  -4.7733
  -4.7315
  -4.6869
  -4.6444
  -4.5997
  -4.5538
  -4.5265
  -4.5100
  -4.5020
  -4.5136
  -4.5173
  -4.5471
  -4.5664
  -4.6009
  -4.6424
  -4.6842
  -4.7351
  -4.7845
  -4.8447
  -4.9107
  -4.9755
  -5.0454
  -5.1181
  -5.1952
  -5.2725
  -5.3507
  -5.4311
  -5.5061
  -5.5751
  -5.6444
  -5.7073
  -5.7712
  -5.8346
  -5.8923
  -5.9486
  -6.0038
  -6.0571
  -6.1197
  -6.1656
  -6.2228
  -6.2738
  -6.3314
  -6.3816
  -6.4350
  -6.4766
  -6.5153
  -6.5480
  -6.5778
  -6.6115
  -6.6393
  -6.6683
  -6.7006
  -6.7312
  -6.7623
  -6.7961
  -6.8282
  -6.8580
  -6.8843
  -6.9079
  -6.9289
  -6.9518
  -6.9745
  -6.9929
  -7.0112
  -7.0280
  -7.0456
  -7.0634
  -7.0791
  -7.0887
  -7.0956
  -7.1002
  -7.0992
  -7.0959
  -7.0940
  -7.0907
  -7.0841
  -7.0831
  -7.0815
  -7.0813
  -7.0765
  -7.0706
  -7.0630
  -7.0549
  -7.0458
  -7.0345
  -7.0176
  -6.9959
  -6.9760
  -6.9570
  -6.9413
  -6.9239
  -6.9050
  -6.8797
  -6.8542
  -6.8288
  -6.8033
  -6.7760
  -6.7504
  -6.7224
  -6.6940
  -6.6667
  -6.6399
  -6.6143
  -6.5835
  -6.5526
  -6.5246
  -6.4954
  -6.4676
  -6.4387
  -6.4123
  -6.3875
  -6.3644
  -6.3396
  -6.3148
  -6.2900
  -6.2686
  -6.2449
  -6.2224
  -6.2001
  -6.1803
  -6.1608
  -6.1392
  -6.1134
  -6.0868
  -6.0582
  -6.0297
  -5.9979
  -5.9644
  -5.9317
  -5.9033
  -5.8762
  -5.8502
  -5.8276
  -5.8017
  -5.7787
  -5.7545
  -5.7279
  -5.6996
  -5.6689
  -5.6374
  -5.6101
  -5.5822
  -5.5565
  -5.5293
  -5.5014
  -5.4727
  -5.4476
  -5.4232
  -5.3973
  -5.3750
  -5.3504
  -5.3309
  -5.3125
  -5.2991
  -5.2890
  -5.2774
  -5.2698
  -5.2653
  -5.2601
  -5.2554
  -5.2543
  -5.2521
  -5.2501
  -5.2470
  -5.2522
  -5.2590
  -5.2642
  -5.2691
  -5.2745
  -5.2779
  -5.2751
  -5.2717
  -5.2642
  -5.2597
  -5.2537
  -5.2476
  -5.2378
  -5.2277
  -5.2146
  -5.2009
  -5.1853
  -5.1691
  -5.1524
  -5.1351
  -5.1147
  -5.0963
  -5.0770
  -5.0561
  -5.0384
  -5.0202
  -4.9975
  -4.9760
  -4.9542
  -4.9334
  -4.9151
  -4.8914
  -4.8688
  -4.8424
  -4.8114
  -4.7772
  -4.7426
  -4.7080
  -4.6748
  -4.6383
  -4.6034
  -4.5680
  -4.5353
  -4.5058
  -4.4792
  -4.4549
  -4.4284
  -4.3988
  -4.3632
  -4.3245
  -4.2842
  -4.2398
  -4.1955
  -4.1446
  -4.0918
  -4.0386
  -3.9873
  -3.9355
  -3.8862
  -3.8336
  -3.7846
  -3.7348
  -3.6828
  -3.6272
  -3.5721
  -3.5165
  -3.4620
  -3.4102
  -3.3581
  -3.3076
  -3.2544
  -3.1979
  -3.1397
  -3.0801
  -3.0228
  -2.9685
  -2.9141
  -2.8612
  -2.8127
  -2.7660
  -2.7210
  -2.6813
  -2.6404
  -2.5988
  -2.5582
  -2.5113
  -2.4634
  -2.4223
  -2.3817
  -2.3398
  -2.2964
  -2.2514
  -2.2070
  -2.1618
  -2.1226
  -2.0830
  -2.0469
  -2.0139
  -1.9800
  -1.9453
  -1.9108
  -1.8751
  -1.8430
  -1.8096
  -1.7740
  -1.7343
  -1.6936
  -1.6502
  -1.6102
  -1.5732
  -1.5371
  -1.5004
  -1.4682
  -1.4366
  -1.4072
  -1.3797
  -1.3511
  -1.3221
  -1.2913
  -1.2591
  -1.2298
  -1.2003
  -1.1659
  -1.1334
  -1.1059
  -1.0784
  -1.0533
  -1.0279
  -1.0043
  -0.9759
  -0.9459
  -0.9118
  -0.8808
  -0.8503
  -0.8213
  -0.7922
  -0.7602
  -0.7267
  -0.6899
  -0.6544
  -0.6156
  -0.5785
  -0.5379
  -0.4951
  -0.4573
  -0.4225
  -0.3910
  -0.3640
  -0.3317
  -0.3011
  -0.2700
  -0.2380
  -0.2113
  -0.1825
  -0.1553
  -0.1300
  -0.1053
  -0.0807
  -0.0538
  -0.0296
  -0.0046
   0.0154
   0.0357
   0.0555
   0.0744
   0.0973
   0.1192
   0.1447
   0.1638
   0.1871
   0.2107
   0.2321
   0.2478
   0.2691
   0.2890
   0.3044
   0.3254
   0.3523
   0.3784
   0.4048
   0.4287
   0.4561
   0.4831
   0.5109
   0.5354
   0.5625
   0.5936
   0.6327
   0.6668
   0.7003
   0.7322
   0.7582
   0.7854
   0.8165
   0.8503
   0.8838
   0.9203
   0.9571
   0.9911
   1.0254
   1.0659
   1.1049
   1.1425
   1.1812
   1.2136
   1.2540
   1.2932
   1.3374
   1.3827
   1.4282
   1.4784
   1.5253
   1.5679
   1.6181
   1.6618
   1.7109
   1.7605
   1.8102
   1.8628
   1.9135
   1.9659
   2.0128
   2.0682
   2.1233
   2.1817
   2.2377
   2.2891
   2.3387
   2.3897
   2.4519
   2.5033
   2.5569
   2.6149
   2.6757
   2.7364
   2.7971
   2.8625
   2.9246
   2.9731
   3.0238
   3.0681
   3.1232
   3.1743
   3.2244
   3.2656
   3.3159
   3.3684
   3.4158
   3.4585
   3.5108
   3.5614
   3.6167
   3.6762
   3.7266
   3.7745
   3.8230
   3.8748
   3.9246
   3.9737
   4.0228
   4.0765
   4.1264
   4.1719
   4.2192
   4.2682
   4.3197
   4.3624
   4.4110
   4.4549
   4.5002
   4.5321
   4.5698
   4.6025
   4.6451
   4.6797
   4.7199
   4.7455
   4.7788
   4.8193
   4.8542
   4.8892
   4.9225
   4.9630
   4.9999
   5.0445
   5.0902
   5.1409
   5.1929
   5.2405
   5.2855
   5.3215
   5.3655
   5.4050
   5.4411
   5.4762
   5.5098
   5.5456
   5.5745
   5.6036
   5.6347
   5.6649
   5.6959
   5.7174
   5.7402
   5.7645
   5.7881
   5.8031
   5.8128
   5.8194
   5.8223
   5.8178
   5.8157
   5.8062
   5.7943
   5.7829
   5.7729
   5.7511
   5.7318
   5.7131
   5.6932
   5.6714
   5.6453
   5.6161
   5.5935
   5.5701
   5.5413
   5.5086
   5.4797
   5.4403
   5.4059
   5.3720
   5.3466
   5.3113
   5.2744
   5.2334
   5.1861
   5.1380
   5.0992
   5.0552
   4.9987
   4.9517
   4.9001
   4.8540
   4.8056
   4.7559
   4.6985
   4.6368
   4.5722
   4.5118
   4.4497
   4.3791
   4.3129
   4.2489
   4.1840
   4.1198
   4.0533
   3.9841
   3.9132
   3.8509
   3.7833
   3.7292
   3.6756
   3.6211
   3.5711
   3.5197
   3.4652
   3.4163
   3.3706
   3.3274
   3.2861
   3.2502
   3.2103
   3.1807
   3.1512
   3.1232
   3.0963
   3.0692
   3.0524
   3.0335
   3.0044
   2.9767
   2.9517
   2.9207
   2.8940
   2.8606
   2.8191
   2.7668
   2.7186
   2.6693
   2.6238
   2.5720
   2.5172
   2.4696
   2.4207
   2.3796
   2.3284
   2.2957
   2.2529
   2.2107
   2.1722
   2.1346
   2.0948
   2.0574
   2.0176
   1.9750
   1.9319
   1.8869
   1.8517
   1.8130
   1.7709
   1.7308
   1.6910
   1.6493
   1.6045
   1.5602
   1.5158
   1.4759
   1.4390
   1.4024
   1.3609
   1.3322
   1.2918
   1.2557
   1.2289
   1.1961
   1.1632
   1.1358
   1.1055
   1.0738
   1.0393
   1.0076
   0.9715
   0.9419
   0.9008
   0.8585
   0.8191
   0.7838
   0.7441
   0.6992
   0.6554
   0.6184
   0.5803
   0.5472
   0.5189
   0.4935
   0.4718
   0.4580
   0.4604
   0.4672
   0.4756
   0.4899
   0.5070
   0.5327
   0.5506
   0.5761
   0.5987
   0.6355
   0.6635
   0.7003
   0.7382
   0.7782
   0.8201
   0.8577
   0.9029
   0.9498
   1.0015
   1.0560
   1.1122
   1.1642
   1.2218
   1.2818
   1.3488
   1.4216
   1.4954
   1.5674
   1.6457
   1.7204
   1.7962
   1.8783
   1.9591
   2.0415
   2.1209
   2.2036
   2.2832
   2.3565
   2.4315
   2.5051
   2.5820
   2.6660
   2.7552
   2.8482
   2.9403
   3.0352
   3.1243
   3.2192
   3.3165
   3.4215
   3.5236
   3.6318
   3.7409
   3.8478
   3.9569
   4.0628
   4.1637
   4.2643
   4.3671
   4.4612
   4.5571
   4.6465
   4.7299
   4.8127
   4.8870
   4.9587
   5.0232
   5.0886
   5.1528
   5.2176
   5.2736
   5.3348
   5.3987
   5.4601
   5.5098
   5.5591
   5.6075
   5.6502
   5.7007
   5.7567
   5.8211
   5.8890
   5.9554
   6.0195
   6.0853
   6.1503
   6.2153
   6.2802
   6.3388
   6.3938
   6.4486
   6.4990
   6.5477
   6.5920
   6.6388
   6.6796
   6.7199
   6.7634
   6.8066
   6.8567
   6.9019
   6.9430
   6.9778
   7.0119
   7.0461
   7.0814
   7.1140
   7.1518
   7.1879
   7.2212
   7.2458
   7.2742
   7.2939
   7.3146
   7.3289
   7.3509
   7.3662
   7.3820
   7.3965
   7.4056
   7.4228
   7.4379
   7.4494
   7.4680
   7.4876
   7.5167
   7.5520
   7.5824
   7.6164
   7.6459
   7.6799
   7.7166
   7.7476
   7.7716
   7.8020
   7.8382
   7.8765
   7.9197
   7.9642
   7.9970
   8.0217
   8.0414
   8.0592
   8.0764
   8.0944
   8.1080
   8.1189
   8.1268
   8.1348
   8.1444
   8.1539
   8.1667
   8.1808
   8.1870
   8.2036
   8.2126
   8.2224
   8.2310
   8.2422
   8.2534
   8.2548
   8.2598
   8.2647
   8.2731
   8.2777
   8.2809
   8.2819
   8.2872
   8.2891
   8.2890
   8.2925
   8.2916
   8.2935
   8.2989
   8.3073
   8.3192
   8.3285
   8.3437
   8.3586
   8.3716
   8.3861
   8.4059
   8.4309
   8.4602
   8.4865
   8.5140
   8.5320
   8.5391
   8.5565
   8.5742
   8.5911
   8.6025
   8.6134
   8.6258
   8.6446
   8.6593
   8.6738
   8.6900
   8.6950
   8.6992
   8.7060
   8.7094
   8.7050
   8.6945
   8.6860
   8.6754
   8.6629
   8.6479
   8.6385
   8.6257
   8.6233
   8.6163
   8.6084
   8.5985
   8.5853
   8.5614
   8.5433
   8.5201
   8.4998
   8.4707
   8.4425
   8.4207
   8.4007
   8.3781
   8.3609
   8.3365
   8.3128
   8.2937
   8.2682
   8.2478
   8.2284
   8.2082
   8.1922
   8.1639
   8.1387
   8.1061
   8.0757
   8.0333
   8.0019
   7.9755
   7.9460
   7.9185
   7.8809
   7.8421
   7.7986
   7.7537
   7.7115
   7.6682
   7.6355
   7.5944
   7.5561
   7.5132
   7.4735
   7.4334
   7.3954
   7.3561
   7.3213
   7.2843
   7.2458
   7.2115
   7.1776
   7.1399
   7.1061
   7.0743
   7.0494
   7.0183
   6.9910
   6.9657
   6.9452
   6.9242
   6.9030
   6.8775
   6.8568
   6.8369
   6.8165
   6.8045
   6.7933
   6.7828
   6.7809
   6.7719
   6.7649
   6.7593
   6.7548
   6.7511
   6.7473
   6.7357
   6.7320
   6.7281
   6.7215
   6.7211
   6.7161
   6.7170
   6.7129
   6.7019
   6.7059
   6.6982
   6.6999
   6.6932
   6.6983
   6.6912
   6.6802
   6.6654
   6.6551
   6.6449
   6.6375
   6.6348
   6.6301
   6.6172
   6.6107
   6.5981
   6.5894
   6.5741
   6.5608
   6.5446
   6.5271
   6.5122
   6.4975
   6.4785
   6.4624
   6.4434
   6.4223
   6.4020
   6.3773
   6.3565
   6.3315
   6.3041
   6.2742
   6.2403
   6.1998
   6.1569
   6.1126
   6.0724
   6.0245
   5.9751
   5.9243
   5.8743
   5.8184
   5.7693
   5.7117
   5.6572
   5.6064
   5.5545
   5.5028
   5.4465
   5.3901
   5.3333
   5.2774
   5.2232
   5.1657
   5.1070
   5.0522
   5.0012
   4.9436
   4.8947
   4.8481
   4.7957
   4.7522
   4.7090
   4.6762
   4.6443
   4.6123
   4.5736
   4.5512
   4.5116
   4.4836
   4.4481
   4.4091
   4.3746
   4.3449
   4.3171
   4.2903
   4.2582
   4.2303
   4.2054
   4.1813
   4.1605
   4.1280
   4.0970
   4.0596
   4.0266
   3.9926
   3.9631
   3.9366
   3.9221
   3.9014
   3.8892
   3.8835
   3.8826
   3.8847
   3.8948
   3.9013
   3.9116
   3.9198
   3.9345
   3.9507
   3.9689
   3.9872
   4.0082
   4.0272
   4.0507
   4.0668
   4.0813
   4.0977
   4.1078
   4.1191
   4.1325
   4.1470
   4.1654
   4.1752
   4.1918
   4.2100
   4.2197
   4.2259
   4.2341
   4.2424
   4.2552
   4.2649
   4.2769
   4.2811
   4.2840
   4.2826
   4.1708
   4.0621
   3.9480
   3.8489
   3.7430
   3.6426
   3.5497
   3.4559
   3.3600
   3.2591
   3.1608
   3.0668
   2.9726
   2.8780
   2.7837
   2.6904
   2.5997
   2.5025
   2.4173
   2.3269
   2.2410
   2.1531
   2.0659
   1.9738
   1.8797
   1.7883
   1.6877
   1.5905
   1.4912
   1.3855
