  -4.0046
  -4.1409
  -4.2724
  -4.4099
  -4.5405
  -4.6705
  -4.8042
  -4.9341
  -5.0645
  -5.1980
  -5.3313
  -5.4612
  -5.5896
  -5.7211
  -5.8540
  -5.9914
  -6.1340
  -6.2825
  -6.4423
  -6.6072
  -6.7684
  -6.9123
  -7.0574
  -7.1989
  -7.3504
  -7.5058
  -7.6667
  -7.8321
  -7.9960
  -8.1599
  -8.3257
  -8.3208
  -8.3225
  -8.3276
  -8.3339
  -8.3399
  -8.3439
  -8.3515
  -8.3613
  -8.3731
  -8.3796
  -8.3959
  -8.4130
  -8.4379
  -8.4665
  -8.4990
  -8.5291
  -8.5643
  -8.6033
  -8.6429
  -8.6801
  -8.7154
  -8.7414
  -8.7581
  -8.7657
  -8.7659
  -8.7592
  -8.7387
  -8.7208
  -8.6957
  -8.6760
  -8.6543
  -8.6399
  -8.6276
  -8.6156
  -8.5953
  -8.5792
  -8.5602
  -8.5400
  -8.5240
  -8.4937
  -8.4597
  -8.4260
  -8.3913
  -8.3470
  -8.2972
  -8.2376
  -8.1736
  -8.1046
  -8.0210
  -7.9370
  -7.8587
  -7.7915
  -7.7260
  -7.6635
  -7.5932
  -7.5204
  -7.4443
  -7.3651
  -7.2804
  -7.1941
  -7.1071
  -7.0266
  -6.9441
  -6.8637
  -6.7811
  -6.7029
  -6.6270
  -6.5511
  -6.4780
  -6.4075
  -6.3369
  -6.2704
  -6.1994
  -6.1224
  -6.0525
  -5.9810
  -5.9078
  -5.8346
  -5.7572
  -5.6806
  -5.6059
  -5.5302
  -5.4585
  -5.3868
  -5.3251
  -5.2723
  -5.2321
  -5.2016
  -5.1742
  -5.1513
  -5.1257
  -5.1045
  -5.0803
  -5.0543
  -5.0283
  -5.0190
  -5.0102
  -5.0035
  -4.9977
  -4.9923
  -4.9976
  -5.0088
  -5.0261
  -5.0504
  -5.0778
  -5.1122
  -5.1551
  -5.1956
  -5.2422
  -5.2948
  -5.3418
  -5.3879
  -5.4390
  -5.4913
  -5.5472
  -5.6036
  -5.6555
  -5.7078
  -5.7581
  -5.8099
  -5.8638
  -5.9188
  -5.9722
  -6.0254
  -6.0781
  -6.1293
  -6.1712
  -6.2073
  -6.2384
  -6.2671
  -6.2866
  -6.3087
  -6.3205
  -6.3338
  -6.3494
  -6.3567
  -6.3586
  -6.3690
  -6.3754
  -6.3821
  -6.3910
  -6.4018
  -6.4190
  -6.4267
  -6.4486
  -6.4724
  -6.4990
  -6.5192
  -6.5431
  -6.5675
  -6.5944
  -6.6225
  -6.6464
  -6.6685
  -6.6957
  -6.7262
  -6.7678
  -6.8172
  -6.8674
  -6.9215
  -6.9681
  -7.0168
  -7.0654
  -7.1160
  -7.1619
  -7.2104
  -7.2558
  -7.2963
  -7.3379
  -7.3739
  -7.4136
  -7.4565
  -7.5033
  -7.5482
  -7.5954
  -7.6367
  -7.6746
  -7.7172
  -7.7574
  -7.7992
  -7.8352
  -7.8707
  -7.9017
  -7.9288
  -7.9543
  -7.9799
  -8.0035
  -8.0278
  -8.0528
  -8.0786
  -8.1092
  -8.1445
  -8.1824
  -8.2212
  -8.2606
  -8.2960
  -8.3324
  -8.3683
  -8.3941
  -8.4200
  -8.4435
  -8.4630
  -8.4797
  -8.4935
  -8.5230
  -8.5433
  -8.5619
  -8.5750
  -8.5858
  -8.5907
  -8.5933
  -8.5938
  -8.5877
  -8.5830
  -8.5773
  -8.5652
  -8.5487
  -8.5194
  -8.4821
  -8.4421
  -8.3992
  -8.3668
  -8.3326
  -8.2998
  -8.2660
  -8.2395
  -8.2176
  -8.2038
  -8.1952
  -8.1918
  -8.1893
  -8.1864
  -8.1810
  -8.1757
  -8.1713
  -8.1696
  -8.1704
  -8.1713
  -8.1676
  -8.1661
  -8.1662
  -8.1719
  -8.1799
  -8.1923
  -8.2019
  -8.2117
  -8.2162
  -8.2198
  -8.2305
  -8.2395
  -8.2505
  -8.2614
  -8.2731
  -8.2818
  -8.2922
  -8.3018
  -8.3194
  -8.3355
  -8.3609
  -8.3940
  -8.4326
  -8.4752
  -8.5234
  -8.5733
  -8.6219
  -8.6669
  -8.7080
  -8.7459
  -8.7862
  -8.8319
  -8.8788
  -8.9270
  -8.9765
  -9.0333
  -9.0946
  -9.1615
  -9.2313
  -9.3085
  -9.3901
  -9.4709
  -9.5495
  -9.6345
  -9.7152
  -9.7909
  -9.8655
  -9.9412
 -10.0144
 -10.0811
 -10.1434
 -10.2016
 -10.2534
 -10.3062
 -10.3569
 -10.4103
 -10.4596
 -10.5093
 -10.5490
 -10.5878
 -10.6273
 -10.6647
 -10.7024
 -10.7404
 -10.7829
 -10.8256
 -10.8665
 -10.9105
 -10.9596
 -11.0174
 -11.0803
 -11.1405
 -11.2032
 -11.2641
 -11.3228
 -11.3799
 -11.4390
 -11.4993
 -11.5653
 -11.6268
 -11.6913
 -11.7523
 -11.8068
 -11.8593
 -11.9119
 -11.9606
 -12.0107
 -12.0598
 -12.1033
 -12.1483
 -12.1950
 -12.2393
 -12.2779
 -12.3172
 -12.3524
 -12.3840
 -12.4104
 -12.4347
 -12.4579
 -12.4803
 -12.4993
 -12.5132
 -12.5249
 -12.5401
 -12.5492
 -12.5537
 -12.5588
 -12.5615
 -12.5587
 -12.5523
 -12.5473
 -12.5387
 -12.5273
 -12.5148
 -12.4991
 -12.4839
 -12.4618
 -12.4393
 -12.4146
 -12.3919
 -12.3702
 -12.3493
 -12.3308
 -12.3128
 -12.2925
 -12.2652
 -12.2345
 -12.2021
 -12.1694
 -12.1318
 -12.0882
 -12.0405
 -11.9922
 -11.9405
 -11.8856
 -11.8255
 -11.7638
 -11.6991
 -11.6333
 -11.5629
 -11.4920
 -11.4197
 -11.3427
 -11.2718
 -11.1961
 -11.1219
 -11.0443
 -10.9641
 -10.8872
 -10.8095
 -10.7369
 -10.6617
 -10.5844
 -10.5154
 -10.4471
 -10.3834
 -10.3184
 -10.2560
 -10.1889
 -10.1146
 -10.0416
  -9.9681
  -9.8929
  -9.8171
  -9.7395
  -9.6613
  -9.5871
  -9.5137
  -9.4388
  -9.3609
  -9.2845
  -9.2046
  -9.1271
  -9.0485
  -8.9730
  -8.9008
  -8.8259
  -8.7551
  -8.6833
  -8.6119
  -8.5426
  -8.4745
  -8.4063
  -8.3386
  -8.2695
  -8.1993
  -8.1317
  -8.0621
  -7.9932
  -7.9251
  -7.8573
  -7.7917
  -7.7270
  -7.6631
  -7.5989
  -7.5328
  -7.4740
  -7.4097
  -7.3517
  -7.2881
  -7.2248
  -7.1584
  -7.0891
  -7.0224
  -6.9481
  -6.8770
  -6.8023
  -6.7292
  -6.6599
  -6.5844
  -6.5129
  -6.4351
  -6.3643
  -6.2952
  -6.2269
  -6.1582
  -6.0890
  -6.0221
  -5.9557
  -5.8940
  -5.8357
  -5.7782
  -5.7246
  -5.6756
  -5.6318
  -5.5943
  -5.5613
  -5.5297
  -5.4975
  -5.4676
  -5.4334
  -5.4017
  -5.3738
  -5.3480
  -5.3215
  -5.3004
  -5.2774
  -5.2560
  -5.2343
  -5.2166
  -5.1964
  -5.1711
  -5.1394
  -5.1059
  -5.0697
  -5.0366
  -5.0055
  -4.9728
  -4.9366
  -4.8913
  -4.8471
  -4.8074
  -4.7671
  -4.7266
  -4.6872
  -4.6555
  -4.6273
  -4.6000
  -4.5794
  -4.5558
  -4.5333
  -4.5107
  -4.4902
  -4.4711
  -4.4459
  -4.4199
  -4.3878
  -4.3539
  -4.3174
  -4.2764
  -4.2375
  -4.1967
  -4.1581
  -4.1172
  -4.0741
  -4.0253
  -3.9757
  -3.9298
  -3.8819
  -3.8317
  -3.7795
  -3.7274
  -3.6773
  -3.6179
  -3.5593
  -3.4974
  -3.4326
  -3.3687
  -3.3047
  -3.2424
  -3.1831
  -3.1334
  -3.0803
  -3.0267
  -2.9752
  -2.9290
  -2.8764
  -2.8242
  -2.7704
  -2.7187
  -2.6684
  -2.6225
  -2.5844
  -2.5534
  -2.5201
  -2.4863
  -2.4519
  -2.4160
  -2.3829
  -2.3549
  -2.3379
  -2.3180
  -2.2971
  -2.2734
  -2.2549
  -2.2351
  -2.2146
  -2.1997
  -2.1852
  -2.1741
  -2.1630
  -2.1548
  -2.1483
  -2.1409
  -2.1358
  -2.1365
  -2.1421
  -2.1519
  -2.1625
  -2.1786
  -2.1990
  -2.2192
  -2.2441
  -2.2689
  -2.2904
  -2.3172
  -2.3467
  -2.3766
  -2.3995
  -2.4252
  -2.4463
  -2.4662
  -2.4798
  -2.4903
  -2.5016
  -2.5040
  -2.5031
  -2.5003
  -2.4947
  -2.4853
  -2.4747
  -2.4559
  -2.4335
  -2.4081
  -2.3810
  -2.3462
  -2.3094
  -2.2697
  -2.2273
  -2.1846
  -2.1407
  -2.0941
  -2.0473
  -1.9992
  -1.9484
  -1.9023
  -1.8588
  -1.8162
  -1.7725
  -1.7266
  -1.6776
  -1.6259
  -1.5709
  -1.5141
  -1.4575
  -1.3985
  -1.3370
  -1.2701
  -1.1975
  -1.1219
  -1.0487
  -0.9747
  -0.8997
  -0.8226
  -0.7507
  -0.6806
  -0.6129
  -0.5464
  -0.4803
  -0.4206
  -0.3546
  -0.2843
  -0.2190
  -0.1467
  -0.0738
  -0.0065
   0.0564
   0.1248
   0.1919
   0.2603
   0.3304
   0.3946
   0.4521
   0.5067
   0.5669
   0.6209
   0.6735
   0.7279
   0.7876
   0.8535
   0.9194
   0.9826
   1.0413
   1.0908
   1.1458
   1.1942
   1.2416
   1.2864
   1.3273
   1.3650
   1.4065
   1.4490
   1.4949
   1.5426
   1.5903
   1.6390
   1.6844
   1.7279
   1.7742
   1.8160
   1.8571
   1.8933
   1.9288
   1.9618
   1.9924
   2.0209
   2.0490
   2.0706
   2.0923
   2.1094
   2.1270
   2.1502
   2.1699
   2.1891
   2.2024
   2.2188
   2.2359
   2.2552
   2.2701
   2.2795
   2.2899
   2.2969
   2.3010
   2.3016
   2.2985
   2.2964
   2.3002
   2.3038
   2.3016
   2.2958
   2.2900
   2.2815
   2.2747
   2.2739
   2.2615
   2.2444
   2.2290
   2.2003
   2.1626
   2.1241
   2.0825
   2.0312
   1.9850
   1.9271
   1.8794
   1.8246
   1.7779
   1.7313
   1.6942
   1.6632
   1.6321
   1.5961
   1.5594
   1.5192
   1.4794
   1.4361
   1.3970
   1.3647
   1.3343
   1.3073
   1.2907
   1.2726
   1.2546
   1.2341
   1.2156
   1.1955
   1.1727
   1.1543
   1.1422
   1.1243
   1.1065
   1.0802
   1.0547
   1.0338
   1.0145
   1.0020
   0.9931
   0.9943
   0.9967
   1.0091
   1.0351
   1.0632
   1.1013
   1.1449
   1.1910
   1.2417
   1.2956
   1.3506
   1.4168
   1.4843
   1.5600
   1.6309
   1.7026
   1.7726
   1.8424
   1.9257
   1.9956
   2.0674
   2.1472
   2.2269
   2.3019
   2.3741
   2.4544
   2.5417
   2.6391
   2.7248
   2.8130
   2.8926
   2.9636
   3.0233
   3.0780
   3.1230
   3.1623
   3.2051
   3.2508
   3.2957
   3.3443
   3.3832
   3.4187
   3.4466
   3.4667
   3.4812
   3.4993
   3.5140
   3.5335
   3.5505
   3.5803
   3.6249
   3.6716
   3.7120
   3.7495
   3.7832
   3.8163
   3.8441
   3.8657
   3.8821
   3.8947
   3.8981
   3.8949
   3.8827
   3.8650
   3.8367
   3.8138
   3.7787
   3.7418
   3.7128
   3.6755
   3.6401
   3.6081
   3.5734
   3.5381
   3.5026
   3.4724
   3.4457
   3.4240
   3.4041
   3.3798
   3.3633
   3.3552
   3.3502
   3.3563
   3.3651
   3.3801
   3.3933
   3.4040
   3.4164
   3.4393
   3.4581
   3.4801
   3.5098
   3.5389
   3.5671
   3.6026
   3.6473
   3.6949
   3.7471
   3.7998
   3.8586
   3.9197
   3.9848
   4.0645
   4.1467
   4.2295
   4.3119
   4.4030
   4.4919
   4.5773
   4.6566
   4.7290
   4.7956
   4.8659
   4.9391
   5.0106
   5.0927
   5.1775
   5.2650
   5.3558
   5.4473
   5.5419
   5.6370
   5.7437
   5.8525
   5.9629
   6.0741
   6.1901
   6.3038
   6.4112
   6.5275
   6.6379
   6.7465
   6.8526
   6.9599
   7.0689
   7.1775
   7.2852
   7.3959
   7.5054
   7.6173
   7.7385
   7.8486
   7.9625
   8.0701
   8.1802
   8.2901
   8.3987
   8.5032
   8.6157
   8.7265
   8.8378
   8.9510
   9.0680
   9.1913
   9.3154
   9.4425
   9.5719
   9.6961
   9.8175
   9.9364
  10.0490
  10.1680
  10.2835
  10.3912
  10.5038
  10.6155
  10.7214
  10.8243
  10.9284
  11.0336
  11.1392
  11.2444
  11.3517
  11.4627
  11.5728
  11.6886
  11.8011
  11.9300
  12.0592
  12.1840
  12.3203
  12.4561
  12.5949
  12.7337
  12.8715
  13.0102
  13.1462
  13.2777
  13.4146
  13.5556
  13.6914
  13.8267
  13.9578
  14.0947
  14.2291
  14.3534
  14.4755
  14.5938
  14.7086
  14.8229
  14.9371
  15.0470
  15.1563
  15.2620
  15.3641
  15.4665
  15.5602
  15.6560
  15.7494
  15.8338
  15.9202
  16.0048
  16.0911
  16.1718
  16.2468
  16.3208
  16.3941
  16.4573
  16.5204
  16.5830
  16.6473
  16.7110
  16.7725
  16.8390
  16.9074
  16.9767
  17.0466
  17.1224
  17.2022
  17.2807
  17.3622
  17.4384
  17.5123
  17.5836
  17.6538
  17.7225
  17.7963
  17.8709
  17.9333
  18.0005
  18.0707
  18.1363
  18.2070
  18.2748
  18.3436
  18.4169
  18.4967
  18.5794
  18.6643
  18.7477
  18.8285
  18.9085
  18.9863
  19.0642
  19.1378
  19.2074
  19.2774
  19.3449
  19.4062
  19.4610
  19.5124
  19.5554
  19.5943
  19.6332
  19.6748
  19.7165
  19.7514
  19.7832
  19.8169
  19.8536
  19.8910
  19.9268
  19.9653
  20.0029
  20.0442
  20.0861
  20.1319
  20.1823
  20.2399
  20.2954
  20.3494
  20.4040
  20.4554
  20.5068
  20.5502
  20.5850
  20.6172
  20.6326
  20.6443
  20.6465
  20.6458
  20.6442
  20.6460
  20.6470
  20.6450
  20.6413
  20.6350
  20.6239
  20.6087
  20.5923
  20.5748
  20.5567
  20.5422
  20.5240
  20.5053
  20.4808
  20.4505
  20.4156
  20.3685
  20.3147
  20.2514
  20.1797
  20.1013
  20.0181
  19.9286
  19.8417
  19.7570
  19.6717
  19.5822
  19.5068
  19.4300
  19.3503
  19.2765
  19.2012
  19.1203
  19.0265
  18.9316
  18.8390
  18.7488
  18.6565
  18.5573
  18.4668
  18.3684
  18.2651
  18.1584
  18.0468
  17.9392
  17.8244
  17.7049
  17.5845
  17.4557
  17.3171
  17.1778
  17.0406
  16.9073
  16.7700
  16.6399
  16.5040
  16.3799
  16.2591
  16.1369
  16.0161
  15.8895
  15.7592
  15.6222
  15.4846
  15.3427
  15.2042
  15.0693
  14.9376
  14.8093
  14.6745
  14.5447
  14.4081
  14.2805
  14.1529
  14.0296
  13.9091
  13.7846
  13.6596
  13.5347
  13.4030
  13.2827
  13.1581
  13.0415
  12.9329
  12.8127
  12.6913
  12.5784
  12.4683
  12.3492
  12.2297
  12.1205
  12.0064
  11.8979
  11.7965
  11.7055
  11.6144
  11.5231
  11.4269
  11.3269
  11.2254
  11.1126
  10.9990
  10.8879
  10.7723
  10.6507
  10.5221
  10.3984
  10.2674
  10.1342
  10.0098
   9.8929
   9.7684
   9.6446
   9.5182
   9.4032
   9.2905
   9.1777
   9.0754
   8.9718
   8.8797
   8.7860
   8.6946
   8.5996
   8.5076
   8.4158
   8.3330
   8.2578
   8.1829
   8.1063
   8.0264
   7.9469
   7.8622
   7.7770
   7.6776
   7.5769
   7.4733
   7.3651
   7.2511
   7.1439
   7.0363
   6.9319
   6.8154
   6.7100
   6.6092
   6.5014
   6.3935
   6.2859
   6.1693
   6.0544
   5.9463
   5.8595
   5.7664
   5.6694
   5.5758
   5.4926
   5.4066
   5.2880
   5.1822
   5.0839
   4.9890
   4.8974
   4.8104
   4.7234
   4.6353
   4.5576
   4.4820
   4.4097
   4.3393
   4.2680
   4.1979
   4.1239
   4.0487
   3.9800
   3.9100
   3.8341
   3.7523
   3.6720
   3.5929
   3.5101
   3.4241
   3.3289
   3.2335
   3.1364
   3.0428
   2.9564
   2.8719
   2.7815
   2.6862
   2.5801
   2.4749
   2.3606
   2.2498
   2.1350
   2.0140
   1.9025
   1.7924
   1.6884
   1.5854
   1.4922
   1.3977
   1.3137
   1.2260
   1.1459
   1.0644
   0.9767
   0.8874
   0.8047
   0.7275
   0.6582
   0.5929
   0.5213
   0.4359
   0.3439
   0.2611
   0.1807
   0.0917
   0.0036
  -0.0464
  -0.1075
  -0.1660
  -0.2192
  -0.2688
  -0.3233
  -0.3755
  -0.4280
  -0.4854
  -0.5364
  -0.5906
  -0.6419
  -0.6860
  -0.7390
  -0.7940
  -0.8558
  -0.9229
  -0.9907
  -1.0529
  -1.1200
  -1.1894
  -1.2591
  -1.3292
  -1.3984
  -1.4656
  -1.5270
  -1.5831
  -1.6356
  -1.6930
  -1.7436
  -1.7901
  -1.8311
  -1.8573
  -1.8845
  -1.9038
  -1.9198
  -1.9324
  -1.9380
  -1.9438
  -1.9489
  -1.9544
  -1.9598
  -1.9711
  -1.9794
  -1.9931
  -1.9971
  -2.0043
  -2.0064
  -2.0086
  -2.0104
  -2.0083
  -2.0021
  -1.9999
  -1.9997
  -1.9979
  -1.9932
  -1.9770
  -1.9631
  -1.9535
  -1.9409
  -1.9276
  -1.9143
  -1.9020
  -1.8887
  -1.8797
  -1.8727
  -1.8615
  -1.8480
  -1.8345
  -1.8231
  -1.8125
  -1.7958
  -1.7835
  -1.7711
  -1.7496
  -1.7205
  -1.6796
  -1.6289
  -1.5788
  -1.5280
  -1.4721
  -1.4214
  -1.3645
  -1.3090
  -1.2490
  -1.1885
  -1.1311
  -1.0721
  -1.0078
  -0.9417
  -0.8822
  -0.8339
  -0.7870
  -0.7512
  -0.7072
  -0.6667
  -0.6224
  -0.5790
  -0.5343
  -0.4913
  -0.4517
  -0.4163
  -0.3807
  -0.3442
  -0.3061
  -0.2651
  -0.2224
  -0.1726
  -0.1266
  -0.0802
  -0.0242
   0.0341
   0.0862
   0.1409
   0.1922
   0.2475
   0.2962
   0.3438
   0.3886
   0.4358
   0.4811
   0.5215
   0.5595
   0.5977
   0.4237
   0.2562
   0.0944
  -0.0693
  -0.2306
  -0.3905
  -0.5454
  -0.6946
  -0.8435
  -0.9952
  -1.1415
  -1.2903
  -1.4381
  -1.5867
  -1.7389
  -1.8886
  -2.0397
  -2.1903
  -2.3361
  -2.4861
  -2.6395
  -2.8013
  -2.9669
  -3.1342
  -3.3051
  -3.4803
  -3.6613
  -3.8380
  -4.0103
  -4.1869
