  -7.8542
  -7.7913
  -7.7191
  -7.6474
  -7.5756
  -7.5081
  -7.4405
  -7.3673
  -7.2953
  -7.2177
  -7.1374
  -7.0625
  -6.9842
  -6.9049
  -6.8253
  -6.7519
  -6.6741
  -6.6009
  -6.5284
  -6.4554
  -6.3843
  -6.3176
  -6.2537
  -6.1902
  -6.1255
  -6.0701
  -6.0164
  -5.9665
  -5.9166
  -5.8700
  -5.8250
  -5.8060
  -5.7844
  -5.7666
  -5.7493
  -5.7324
  -5.7090
  -5.6873
  -5.6689
  -5.6509
  -5.6342
  -5.6200
  -5.6104
  -5.6018
  -5.5916
  -5.5853
  -5.5708
  -5.5639
  -5.5570
  -5.5454
  -5.5348
  -5.5202
  -5.5087
  -5.4916
  -5.4748
  -5.4618
  -5.4388
  -5.4214
  -5.3986
  -5.3792
  -5.3684
  -5.3583
  -5.3516
  -5.3443
  -5.3398
  -5.3309
  -5.3268
  -5.3156
  -5.3078
  -5.2961
  -5.2893
  -5.2836
  -5.2769
  -5.2696
  -5.2685
  -5.2704
  -5.2611
  -5.2581
  -5.2520
  -5.2443
  -5.2367
  -5.2312
  -5.2263
  -5.2187
  -5.2107
  -5.2147
  -5.2100
  -5.2162
  -5.2219
  -5.2211
  -5.2283
  -5.2313
  -5.2326
  -5.2338
  -5.2395
  -5.2424
  -5.2493
  -5.2600
  -5.2663
  -5.2731
  -5.2767
  -5.2775
  -5.2724
  -5.2617
  -5.2457
  -5.2253
  -5.1933
  -5.1634
  -5.1266
  -5.0897
  -5.0572
  -5.0274
  -4.9983
  -4.9723
  -4.9508
  -4.9275
  -4.8972
  -4.8640
  -4.8216
  -4.7846
  -4.7503
  -4.7205
  -4.6972
  -4.6755
  -4.6660
  -4.6498
  -4.6436
  -4.6325
  -4.6219
  -4.6070
  -4.5915
  -4.5781
  -4.5697
  -4.5673
  -4.5583
  -4.5449
  -4.5293
  -4.5213
  -4.5193
  -4.5179
  -4.5230
  -4.5253
  -4.5349
  -4.5449
  -4.5632
  -4.5711
  -4.5812
  -4.5874
  -4.5843
  -4.5758
  -4.5629
  -4.5506
  -4.5410
  -4.5331
  -4.5268
  -4.5150
  -4.5032
  -4.4974
  -4.4900
  -4.4880
  -4.4882
  -4.4901
  -4.5029
  -4.5174
  -4.5334
  -4.5594
  -4.5891
  -4.6314
  -4.6825
  -4.7269
  -4.7790
  -4.8245
  -4.8728
  -4.9215
  -4.9729
  -5.0210
  -5.0713
  -5.1238
  -5.1856
  -5.2518
  -5.3190
  -5.3825
  -5.4362
  -5.4859
  -5.5357
  -5.5728
  -5.6068
  -5.6346
  -5.6636
  -5.6976
  -5.7299
  -5.7519
  -5.7820
  -5.8040
  -5.8182
  -5.8309
  -5.8467
  -5.8659
  -5.8862
  -5.8950
  -5.9021
  -5.9108
  -5.9207
  -5.9229
  -5.9245
  -5.9228
  -5.9259
  -5.9083
  -5.8858
  -5.8791
  -5.8724
  -5.8685
  -5.8585
  -5.8425
  -5.8194
  -5.7952
  -5.7699
  -5.7468
  -5.7123
  -5.6711
  -5.6371
  -5.5998
  -5.5640
  -5.5300
  -5.4959
  -5.4652
  -5.4338
  -5.4080
  -5.3766
  -5.3453
  -5.3232
  -5.3012
  -5.2900
  -5.2756
  -5.2600
  -5.2396
  -5.2212
  -5.1947
  -5.1863
  -5.1675
  -5.1557
  -5.1428
  -5.1398
  -5.1297
  -5.1223
  -5.1132
  -5.1014
  -5.0962
  -5.0986
  -5.1016
  -5.1056
  -5.1190
  -5.1498
  -5.1571
  -5.1726
  -5.1843
  -5.2003
  -5.2192
  -5.2331
  -5.2437
  -5.2571
  -5.2705
  -5.2751
  -5.2803
  -5.2751
  -5.2700
  -5.2632
  -5.2549
  -5.2570
  -5.2650
  -5.2600
  -5.2566
  -5.2559
  -5.2542
  -5.2579
  -5.2682
  -5.2823
  -5.2947
  -5.3055
  -5.3218
  -5.3506
  -5.3713
  -5.3962
  -5.4185
  -5.4358
  -5.4526
  -5.4688
  -5.4767
  -5.4798
  -5.4784
  -5.4694
  -5.4495
  -5.4316
  -5.4034
  -5.3791
  -5.3526
  -5.3238
  -5.2962
  -5.2734
  -5.2294
  -5.1963
  -5.1550
  -5.1131
  -5.0619
  -5.0200
  -4.9726
  -4.9208
  -4.8816
  -4.8397
  -4.7977
  -4.7443
  -4.6942
  -4.6370
  -4.5788
  -4.5287
  -4.4808
  -4.4351
  -4.3982
  -4.3563
  -4.3139
  -4.2737
  -4.2335
  -4.1945
  -4.1593
  -4.1285
  -4.1092
  -4.0898
  -4.0726
  -4.0614
  -4.0523
  -4.0466
  -4.0452
  -4.0482
  -4.0561
  -4.0667
  -4.0785
  -4.0881
  -4.0956
  -4.1024
  -4.1125
  -4.1249
  -4.1339
  -4.1450
  -4.1535
  -4.1668
  -4.1796
  -4.1956
  -4.2111
  -4.2298
  -4.2490
  -4.2755
  -4.3108
  -4.3621
  -4.4086
  -4.4577
  -4.5019
  -4.5493
  -4.6007
  -4.6549
  -4.7107
  -4.7676
  -4.8277
  -4.8873
  -4.9519
  -5.0165
  -5.0843
  -5.1560
  -5.2343
  -5.3082
  -5.3789
  -5.4424
  -5.5087
  -5.5646
  -5.6167
  -5.6628
  -5.7002
  -5.7322
  -5.7609
  -5.7799
  -5.7955
  -5.8079
  -5.8213
  -5.8304
  -5.8394
  -5.8452
  -5.8488
  -5.8535
  -5.8549
  -5.8563
  -5.8583
  -5.8602
  -5.8600
  -5.8555
  -5.8503
  -5.8425
  -5.8334
  -5.8271
  -5.8240
  -5.8214
  -5.8217
  -5.8223
  -5.8192
  -5.8160
  -5.8144
  -5.8145
  -5.8174
  -5.8237
  -5.8294
  -5.8356
  -5.8412
  -5.8474
  -5.8526
  -5.8516
  -5.8418
  -5.8313
  -5.8270
  -5.8216
  -5.8185
  -5.8108
  -5.8037
  -5.7951
  -5.7940
  -5.7876
  -5.7833
  -5.7737
  -5.7640
  -5.7467
  -5.7261
  -5.7035
  -5.6780
  -5.6576
  -5.6409
  -5.6297
  -5.6239
  -5.6274
  -5.6342
  -5.6515
  -5.6692
  -5.6919
  -5.7151
  -5.7401
  -5.7672
  -5.7938
  -5.8248
  -5.8568
  -5.8899
  -5.9242
  -5.9579
  -5.9959
  -6.0344
  -6.0708
  -6.1076
  -6.1494
  -6.1902
  -6.2303
  -6.2710
  -6.3113
  -6.3488
  -6.3858
  -6.4228
  -6.4598
  -6.4958
  -6.5324
  -6.5641
  -6.5927
  -6.6196
  -6.6416
  -6.6580
  -6.6745
  -6.6862
  -6.7002
  -6.7109
  -6.7205
  -6.7301
  -6.7408
  -6.7519
  -6.7571
  -6.7649
  -6.7716
  -6.7795
  -6.7866
  -6.7947
  -6.8023
  -6.8125
  -6.8232
  -6.8345
  -6.8463
  -6.8609
  -6.8765
  -6.8932
  -6.9115
  -6.9282
  -6.9411
  -6.9507
  -6.9597
  -6.9655
  -6.9717
  -6.9730
  -6.9748
  -6.9771
  -6.9815
  -6.9919
  -6.9985
  -7.0090
  -7.0167
  -7.0271
  -7.0381
  -7.0495
  -7.0594
  -7.0671
  -7.0720
  -7.0774
  -7.0813
  -7.0845
  -7.0905
  -7.0996
  -7.1086
  -7.1187
  -7.1309
  -7.1475
  -7.1683
  -7.1924
  -7.2169
  -7.2426
  -7.2714
  -7.2953
  -7.3176
  -7.3371
  -7.3571
  -7.3788
  -7.4036
  -7.4274
  -7.4523
  -7.4767
  -7.4984
  -7.5224
  -7.5431
  -7.5660
  -7.5857
  -7.6037
  -7.6197
  -7.6342
  -7.6454
  -7.6541
  -7.6583
  -7.6610
  -7.6609
  -7.6597
  -7.6613
  -7.6596
  -7.6542
  -7.6471
  -7.6383
  -7.6329
  -7.6280
  -7.6253
  -7.6252
  -7.6274
  -7.6370
  -7.6489
  -7.6624
  -7.6784
  -7.6896
  -7.7046
  -7.7119
  -7.7172
  -7.7159
  -7.7157
  -7.7112
  -7.7078
  -7.7032
  -7.7046
  -7.7050
  -7.7108
  -7.7188
  -7.7218
  -7.7249
  -7.7280
  -7.7301
  -7.7300
  -7.7267
  -7.7163
  -7.7038
  -7.6913
  -7.6787
  -7.6695
  -7.6624
  -7.6613
  -7.6636
  -7.6642
  -7.6666
  -7.6714
  -7.6775
  -7.6889
  -7.6985
  -7.7131
  -7.7241
  -7.7365
  -7.7450
  -7.7492
  -7.7566
  -7.7617
  -7.7689
  -7.7835
  -7.7953
  -7.8055
  -7.8195
  -7.8341
  -7.8507
  -7.8626
  -7.8733
  -7.8862
  -7.8986
  -7.9170
  -7.9338
  -7.9458
  -7.9611
  -7.9716
  -7.9831
  -7.9904
  -7.9928
  -7.9958
  -7.9908
  -7.9923
  -7.9888
  -7.9928
  -7.9930
  -7.9980
  -8.0055
  -8.0108
  -8.0139
  -8.0207
  -8.0253
  -8.0256
  -8.0259
  -8.0190
  -8.0167
  -8.0105
  -8.0044
  -8.0020
  -7.9979
  -7.9928
  -7.9894
  -7.9836
  -7.9859
  -7.9813
  -7.9760
  -7.9720
  -7.9662
  -7.9522
  -7.9371
  -7.9192
  -7.9052
  -7.8863
  -7.8704
  -7.8583
  -7.8511
  -7.8512
  -7.8543
  -7.8580
  -7.8747
  -7.8869
  -7.8962
  -7.9066
  -7.9080
  -7.9107
  -7.9160
  -7.9204
  -7.9212
  -7.9258
  -7.9358
  -7.9496
  -7.9570
  -7.9611
  -7.9652
  -7.9579
  -7.9642
  -7.9543
  -7.9464
  -7.9406
  -7.9332
  -7.9264
  -7.9218
  -7.9278
  -7.9252
  -7.9285
  -7.9283
  -7.9307
  -7.9295
  -7.9151
  -7.9034
  -7.8816
  -7.8520
  -7.8110
  -7.7692
  -7.7228
  -7.6801
  -7.6352
  -7.5955
  -7.5588
  -7.5244
  -7.4925
  -7.4623
  -7.4405
  -7.4176
  -7.3851
  -7.3590
  -7.3346
  -7.3059
  -7.2782
  -7.2529
  -7.2285
  -7.2006
  -7.1592
  -7.1283
  -7.0913
  -7.0529
  -7.0129
  -6.9645
  -6.9172
  -6.8710
  -6.8184
  -6.7650
  -6.7262
  -6.6794
  -6.6378
  -6.5947
  -6.5553
  -6.5111
  -6.4747
  -6.4343
  -6.3894
  -6.3475
  -6.3130
  -6.2842
  -6.2503
  -6.2268
  -6.1966
  -6.1740
  -6.1536
  -6.1304
  -6.1047
  -6.0836
  -6.0535
  -6.0231
  -6.0000
  -5.9681
  -5.9420
  -5.9177
  -5.8948
  -5.8845
  -5.8796
  -5.8839
  -5.9024
  -5.9253
  -5.9576
  -5.9934
  -6.0270
  -6.0680
  -6.1014
  -6.1318
  -6.1554
  -6.1751
  -6.1931
  -6.2030
  -6.2202
  -6.2355
  -6.2549
  -6.2719
  -6.2927
  -6.3087
  -6.3308
  -6.3546
  -6.3812
  -6.4177
  -6.4500
  -6.4832
  -6.5204
  -6.5522
  -6.5908
  -6.6196
  -6.6552
  -6.6842
  -6.7107
  -6.7289
  -6.7540
  -6.7724
  -6.8012
  -6.8258
  -6.8536
  -6.8749
  -6.8932
  -6.9143
  -6.9399
  -6.9616
  -6.9817
  -7.0010
  -7.0241
  -7.0438
  -7.0672
  -7.0836
  -7.1013
  -7.1205
  -7.1362
  -7.1542
  -7.1696
  -7.1810
  -7.1981
  -7.2138
  -7.2325
  -7.2533
  -7.2718
  -7.2864
  -7.3020
  -7.3092
  -7.3207
  -7.3305
  -7.3373
  -7.3435
  -7.3446
  -7.3485
  -7.3512
  -7.3520
  -7.3544
  -7.3519
  -7.3545
  -7.3440
  -7.3369
  -7.3275
  -7.3133
  -7.2953
  -7.2790
  -7.2538
  -7.2295
  -7.2052
  -7.1773
  -7.1437
  -7.1062
  -7.0648
  -7.0161
  -6.9639
  -6.9177
  -6.8722
  -6.8260
  -6.7882
  -6.7521
  -6.7117
  -6.6803
  -6.6393
  -6.6025
  -6.5628
  -6.5267
  -6.4923
  -6.4587
  -6.4144
  -6.3668
  -6.3211
  -6.2787
  -6.2319
  -6.1878
  -6.1431
  -6.1033
  -6.0545
  -6.0133
  -5.9665
  -5.9231
  -5.8752
  -5.8282
  -5.7840
  -5.7287
  -5.6783
  -5.6235
  -5.5682
  -5.5157
  -5.4608
  -5.4074
  -5.3508
  -5.2930
  -5.2282
  -5.1664
  -5.1054
  -5.0433
  -4.9792
  -4.9197
  -4.8546
  -4.7971
  -4.7285
  -4.6665
  -4.6010
  -4.5301
  -4.4614
  -4.3918
  -4.3187
  -4.2524
  -4.1800
  -4.1127
  -4.0405
  -3.9701
  -3.8984
  -3.8259
  -3.7607
  -3.6922
  -3.6203
  -3.5460
  -3.4723
  -3.3977
  -3.3183
  -3.2379
  -3.1513
  -3.0700
  -2.9826
  -2.8946
  -2.8063
  -2.7183
  -2.6254
  -2.5350
  -2.4499
  -2.3637
  -2.2730
  -2.1801
  -2.0898
  -1.9995
  -1.9044
  -1.8157
  -1.7230
  -1.6319
  -1.5387
  -1.4450
  -1.3493
  -1.2466
  -1.1498
  -1.0394
  -0.9337
  -0.8256
  -0.7090
  -0.5957
  -0.4744
  -0.3520
  -0.2238
  -0.0968
   0.0268
   0.1597
   0.2905
   0.4219
   0.5582
   0.6886
   0.8240
   0.9572
   1.0921
   1.2251
   1.3581
   1.4905
   1.6175
   1.7457
   1.8747
   2.0034
   2.1353
   2.2622
   2.3867
   2.5107
   2.6361
   2.7601
   2.8874
   3.0126
   3.1449
   3.2741
   3.4021
   3.5299
   3.6584
   3.7832
   3.9127
   4.0418
   4.1642
   4.2868
   4.4114
   4.5337
   4.6566
   4.7794
   4.9027
   5.0270
   5.1466
   5.2655
   5.3891
   5.5067
   5.6294
   5.7462
   5.8614
   5.9813
   6.0950
   6.2094
   6.3219
   6.4341
   6.5449
   6.6544
   6.7650
   6.8654
   6.9630
   7.0561
   7.1491
   7.2359
   7.3161
   7.4026
   7.4789
   7.5621
   7.6411
   7.7230
   7.8001
   7.8772
   7.9460
   8.0171
   8.0863
   8.1508
   8.2184
   8.2866
   8.3487
   8.4130
   8.4680
   8.5298
   8.5849
   8.6444
   8.7017
   8.7540
   8.8090
   8.8614
   8.9077
   8.9564
   8.9961
   9.0400
   9.0805
   9.1125
   9.1443
   9.1733
   9.1951
   9.2236
   9.2409
   9.2523
   9.2539
   9.2500
   9.2375
   9.2223
   9.2021
   9.1833
   9.1676
   9.1551
   9.1410
   9.1187
   9.1076
   9.0910
   9.0701
   9.0462
   9.0183
   8.9833
   8.9439
   8.8935
   8.8455
   8.7860
   8.7341
   8.6836
   8.6269
   8.5716
   8.5169
   8.4686
   8.4155
   8.3640
   8.3047
   8.2419
   8.1733
   8.1046
   8.0327
   7.9615
   7.8902
   7.8263
   7.7652
   7.6980
   7.6264
   7.5602
   7.4840
   7.4088
   7.3266
   7.2473
   7.1569
   7.0600
   6.9704
   6.8820
   6.7890
   6.6943
   6.5913
   6.4941
   6.3827
   6.2673
   6.1487
   6.0271
   5.8998
   5.7769
   5.6487
   5.5278
   5.4109
   5.3014
   5.1987
   5.1072
   5.0224
   4.9326
   4.8418
   4.7527
   4.6560
   4.5602
   4.4619
   4.3667
   4.2681
   4.1700
   4.0691
   3.9706
   3.8750
   3.7767
   3.6833
   3.5895
   3.5002
   3.3990
   3.3017
   3.2040
   3.0995
   2.9955
   2.8849
   2.7754
   2.6635
   2.5540
   2.4462
   2.3444
   2.2405
   2.1432
   2.0463
   1.9371
   1.8223
   1.7040
   1.5887
   1.4725
   1.3630
   1.2546
   1.1531
   1.0504
   0.9517
   0.8553
   0.7651
   0.6694
   0.5690
   0.4621
   0.3602
   0.2562
   0.1536
   0.0612
  -0.0208
  -0.1009
  -0.1747
  -0.2431
  -0.3114
  -0.3782
  -0.4406
  -0.5060
  -0.5755
  -0.6481
  -0.7217
  -0.8055
  -0.8825
  -0.9671
  -1.0503
  -1.1398
  -1.2308
  -1.3097
  -1.3946
  -1.4864
  -1.5827
  -1.6772
  -1.7780
  -1.8748
  -1.9646
  -2.0463
  -2.1230
  -2.1965
  -2.2642
  -2.3398
  -2.4123
  -2.4972
  -2.5822
  -2.6580
  -2.7338
  -2.8065
  -2.8783
  -2.9552
  -3.0392
  -3.1121
  -3.1892
  -3.2662
  -3.3326
  -3.4054
  -3.4724
  -3.5407
  -3.6045
  -3.6800
  -3.7507
  -3.8286
  -3.8994
  -3.9724
  -4.0427
  -4.1158
  -4.1881
  -4.2598
  -4.3285
  -4.3955
  -4.4631
  -4.5328
  -4.6021
  -4.6777
  -4.7537
  -4.8342
  -4.9103
  -4.9914
  -5.0777
  -5.1581
  -5.2378
  -5.3098
  -5.3863
  -5.4636
  -5.5351
  -5.6071
  -5.6696
  -5.7311
  -5.7852
  -5.8420
  -5.9014
  -5.9623
  -6.0127
  -6.0658
  -6.1102
  -6.1462
  -6.1890
  -6.2257
  -6.2716
  -6.3190
  -6.3610
  -6.4061
  -6.4416
  -6.4795
  -6.4965
  -6.5201
  -6.5443
  -6.5722
  -6.6046
  -6.6296
  -6.6541
  -6.6691
  -6.6929
  -6.7170
  -6.7393
  -6.7661
  -6.7910
  -6.8180
  -6.8500
  -6.8755
  -6.9053
  -6.9325
  -6.9592
  -6.9857
  -7.0092
  -7.0293
  -7.0480
  -7.0657
  -7.0801
  -7.0902
  -7.1008
  -7.1124
  -7.1212
  -7.1286
  -7.1329
  -7.1364
  -7.1341
  -7.1383
  -7.1408
  -7.1336
  -7.1309
  -7.1280
  -7.1249
  -7.1202
  -7.1109
  -7.1055
  -7.1026
  -7.1048
  -7.1084
  -7.1149
  -7.1231
  -7.1337
  -7.1494
  -7.1616
  -7.1728
  -7.1822
  -7.1984
  -7.2063
  -7.2252
  -7.2416
  -7.2538
  -7.2761
  -7.2908
  -7.3090
  -7.3250
  -7.3529
  -7.3719
  -7.4016
  -7.4271
  -7.4474
  -7.4753
  -7.4957
  -7.5298
  -7.5588
  -7.5849
  -7.6160
  -7.6450
  -7.6734
  -7.7029
  -7.7225
  -7.7495
  -7.7718
  -7.7896
  -7.8072
  -7.8289
  -7.8472
  -7.8681
  -7.8872
  -7.9055
  -7.9181
  -7.9349
  -7.9407
  -7.9446
  -7.9366
  -7.9373
  -7.9345
  -7.9301
  -7.9297
  -7.9331
  -7.9331
  -7.9365
  -7.9443
  -7.9517
  -7.9618
  -7.9670
  -7.9853
  -8.0001
  -8.0157
  -8.0301
  -8.0420
  -8.0548
  -8.0635
  -8.0729
  -8.0763
  -8.0832
  -8.0850
  -8.0980
  -8.1028
  -8.1135
  -8.1179
  -8.1315
  -8.1488
  -8.1670
  -8.1862
  -8.2085
  -8.2340
  -8.2548
  -8.2795
  -8.2990
  -8.3216
  -8.3450
  -8.3658
  -8.3912
  -8.4100
  -8.4267
  -8.4470
  -8.4606
  -8.4811
  -8.4839
  -8.4985
  -8.5112
  -8.5241
  -8.5380
  -8.5653
  -8.5924
  -8.6176
  -8.6483
  -8.6790
  -8.7138
  -8.7494
  -8.7971
  -8.8410
  -8.8914
  -8.9434
  -9.0063
  -9.0622
  -9.1217
  -9.1797
  -9.2347
  -9.2819
  -9.3285
  -9.3712
  -9.4064
  -9.4382
  -9.4714
  -9.5010
  -9.5193
  -9.5312
  -9.5370
  -9.5446
  -9.5503
  -9.5542
  -9.5420
  -9.5297
  -9.5167
  -9.5001
  -9.4815
  -9.4584
  -9.4380
  -9.4140
  -9.3921
  -9.3604
  -9.3298
  -9.2925
  -9.2554
  -9.2174
  -9.1756
  -9.1346
  -9.0902
  -9.0442
  -8.9975
  -8.9476
  -8.9032
  -8.8531
  -8.8029
  -8.7589
  -8.7122
  -8.6706
  -8.6225
  -8.5903
  -8.5431
  -8.4976
