   5.5008
   5.6892
   5.8760
   6.0612
   6.2491
   6.4369
   6.6243
   6.8120
   6.9965
   7.1783
   7.3607
   7.5402
   7.7136
   7.8851
   8.0524
   8.2182
   8.3813
   8.5446
   8.7073
   8.8663
   9.0245
   9.1789
   9.3286
   9.4771
   9.6201
   9.7637
   9.9081
  10.0515
  10.1924
  10.3301
  10.4694
  10.5124
  10.5510
  10.5883
  10.6258
  10.6605
  10.6955
  10.7291
  10.7628
  10.7936
  10.8240
  10.8513
  10.8725
  10.8916
  10.9104
  10.9303
  10.9560
  10.9878
  11.0244
  11.0643
  11.1092
  11.1533
  11.1963
  11.2412
  11.2882
  11.3353
  11.3811
  11.4227
  11.4627
  11.5056
  11.5515
  11.6050
  11.6677
  11.7349
  11.8050
  11.8722
  11.9346
  11.9910
  12.0425
  12.0880
  12.1275
  12.1607
  12.1923
  12.2227
  12.2484
  12.2725
  12.2935
  12.3099
  12.3215
  12.3319
  12.3426
  12.3552
  12.3726
  12.3947
  12.4181
  12.4441
  12.4699
  12.4920
  12.5120
  12.5270
  12.5341
  12.5331
  12.5213
  12.5004
  12.4673
  12.4236
  12.3696
  12.3115
  12.2548
  12.2031
  12.1500
  12.0956
  12.0472
  12.0020
  11.9570
  11.9185
  11.8833
  11.8426
  11.7914
  11.7297
  11.6542
  11.5663
  11.4750
  11.3790
  11.2861
  11.1911
  11.1036
  11.0221
  10.9510
  10.8845
  10.8166
  10.7390
  10.6493
  10.5488
  10.4362
  10.3175
  10.1974
  10.0757
   9.9586
   9.8400
   9.7215
   9.6028
   9.4825
   9.3606
   9.2386
   9.1194
   9.0031
   8.8892
   8.7782
   8.6697
   8.5622
   8.4512
   8.3368
   8.2146
   8.0891
   7.9606
   7.8278
   7.6934
   7.5621
   7.4328
   7.3097
   7.1942
   7.0835
   6.9849
   6.8999
   6.8284
   6.7661
   6.7158
   6.6685
   6.6198
   6.5696
   6.5208
   6.4784
   6.4333
   6.3900
   6.3487
   6.3016
   6.2455
   6.1862
   6.1282
   6.0698
   6.0159
   5.9646
   5.9111
   5.8602
   5.8059
   5.7483
   5.6844
   5.6130
   5.5326
   5.4462
   5.3554
   5.2648
   5.1770
   5.0924
   5.0167
   4.9486
   4.8913
   4.8431
   4.8026
   4.7726
   4.7532
   4.7443
   4.7460
   4.7539
   4.7663
   4.7774
   4.7855
   4.7881
   4.7849
   4.7776
   4.7631
   4.7476
   4.7290
   4.7107
   4.6910
   4.6696
   4.6478
   4.6274
   4.6069
   4.5874
   4.5689
   4.5520
   4.5365
   4.5179
   4.4950
   4.4679
   4.4395
   4.4067
   4.3742
   4.3416
   4.3073
   4.2730
   4.2324
   4.1915
   4.1487
   4.1086
   4.0713
   4.0446
   4.0287
   4.0251
   4.0352
   4.0576
   4.0925
   4.1384
   4.1923
   4.2523
   4.3217
   4.3989
   4.4865
   4.5831
   4.6902
   4.8049
   4.9272
   5.0529
   5.1800
   5.3042
   5.4238
   5.5312
   5.6324
   5.7217
   5.8049
   5.8776
   5.9412
   5.9929
   6.0369
   6.0717
   6.1035
   6.1323
   6.1609
   6.1971
   6.2346
   6.2767
   6.3232
   6.3760
   6.4316
   6.4903
   6.5521
   6.6156
   6.6760
   6.7334
   6.7895
   6.8428
   6.8930
   6.9419
   6.9893
   7.0351
   7.0776
   7.1187
   7.1579
   7.1953
   7.2295
   7.2654
   7.3057
   7.3520
   7.4032
   7.4619
   7.5252
   7.5916
   7.6579
   7.7209
   7.7762
   7.8224
   7.8610
   7.8887
   7.9086
   7.9209
   7.9254
   7.9267
   7.9220
   7.9115
   7.8982
   7.8779
   7.8550
   7.8306
   7.8045
   7.7799
   7.7612
   7.7452
   7.7367
   7.7298
   7.7305
   7.7300
   7.7342
   7.7402
   7.7504
   7.7605
   7.7761
   7.7927
   7.8104
   7.8292
   7.8432
   7.8557
   7.8681
   7.8791
   7.8886
   7.8999
   7.9128
   7.9287
   7.9477
   7.9699
   7.9997
   8.0310
   8.0639
   8.0984
   8.1360
   8.1767
   8.2205
   8.2702
   8.3213
   8.3725
   8.4237
   8.4732
   8.5179
   8.5534
   8.5812
   8.6029
   8.6110
   8.6056
   8.5928
   8.5707
   8.5414
   8.5091
   8.4757
   8.4411
   8.4104
   8.3802
   8.3514
   8.3239
   8.2964
   8.2702
   8.2422
   8.2126
   8.1813
   8.1518
   8.1226
   8.0985
   8.0781
   8.0554
   8.0344
   8.0137
   7.9929
   7.9690
   7.9449
   7.9173
   7.8855
   7.8516
   7.8170
   7.7791
   7.7396
   7.6989
   7.6559
   7.6103
   7.5633
   7.5151
   7.4639
   7.4116
   7.3567
   7.3022
   7.2465
   7.1923
   7.1411
   7.0866
   7.0349
   6.9847
   6.9359
   6.8869
   6.8394
   6.7951
   6.7523
   6.7112
   6.6761
   6.6439
   6.6148
   6.5888
   6.5645
   6.5385
   6.5110
   6.4834
   6.4528
   6.4191
   6.3843
   6.3512
   6.3197
   6.2882
   6.2597
   6.2323
   6.2125
   6.1991
   6.1906
   6.1900
   6.1973
   6.2121
   6.2297
   6.2513
   6.2691
   6.2800
   6.2795
   6.2678
   6.2481
   6.2207
   6.1888
   6.1551
   6.1212
   6.0871
   6.0546
   6.0275
   6.0026
   5.9785
   5.9569
   5.9402
   5.9267
   5.9163
   5.9134
   5.9152
   5.9184
   5.9245
   5.9315
   5.9425
   5.9515
   5.9586
   5.9611
   5.9607
   5.9605
   5.9574
   5.9556
   5.9506
   5.9454
   5.9386
   5.9301
   5.9219
   5.9153
   5.9104
   5.9088
   5.9134
   5.9225
   5.9391
   5.9617
   5.9905
   6.0237
   6.0628
   6.1065
   6.1529
   6.1992
   6.2440
   6.2871
   6.3256
   6.3594
   6.3871
   6.4085
   6.4267
   6.4357
   6.4355
   6.4259
   6.4104
   6.3891
   6.3652
   6.3417
   6.3246
   6.3140
   6.3096
   6.3113
   6.3175
   6.3283
   6.3406
   6.3530
   6.3653
   6.3758
   6.3832
   6.3907
   6.3981
   6.4041
   6.4101
   6.4206
   6.4296
   6.4416
   6.4553
   6.4724
   6.4879
   6.5006
   6.5152
   6.5314
   6.5524
   6.5738
   6.5972
   6.6208
   6.6417
   6.6627
   6.6819
   6.6997
   6.7156
   6.7280
   6.7387
   6.7476
   6.7546
   6.7599
   6.7623
   6.7646
   6.7655
   6.7665
   6.7688
   6.7709
   6.7729
   6.7729
   6.7712
   6.7677
   6.7642
   6.7588
   6.7488
   6.7340
   6.7131
   6.6861
   6.6592
   6.6296
   6.6049
   6.5832
   6.5691
   6.5643
   6.5687
   6.5762
   6.5851
   6.5940
   6.5986
   6.5971
   6.5898
   6.5782
   6.5655
   6.5533
   6.5445
   6.5407
   6.5480
   6.5586
   6.5752
   6.5949
   6.6144
   6.6322
   6.6484
   6.6660
   6.6803
   6.6965
   6.7142
   6.7306
   6.7474
   6.7612
   6.7764
   6.7899
   6.8049
   6.8229
   6.8429
   6.8648
   6.8870
   6.9097
   6.9313
   6.9518
   6.9695
   6.9860
   7.0000
   7.0144
   7.0260
   7.0380
   7.0458
   7.0511
   7.0570
   7.0602
   7.0638
   7.0706
   7.0805
   7.0937
   7.1116
   7.1358
   7.1647
   7.1999
   7.2413
   7.2857
   7.3331
   7.3788
   7.4230
   7.4610
   7.4923
   7.5142
   7.5296
   7.5401
   7.5489
   7.5590
   7.5750
   7.5957
   7.6238
   7.6578
   7.6961
   7.7312
   7.7629
   7.7852
   7.8044
   7.8190
   7.8366
   7.8540
   7.8759
   7.8988
   7.9197
   7.9401
   7.9571
   7.9753
   7.9918
   8.0063
   8.0209
   8.0337
   8.0434
   8.0467
   8.0466
   8.0418
   8.0322
   8.0239
   8.0171
   8.0119
   8.0049
   7.9993
   7.9952
   7.9909
   7.9879
   7.9862
   7.9873
   7.9863
   7.9864
   7.9816
   7.9781
   7.9758
   7.9781
   7.9881
   8.0040
   8.0246
   8.0496
   8.0744
   8.1005
   8.1266
   8.1527
   8.1801
   8.2092
   8.2397
   8.2734
   8.3090
   8.3512
   8.3999
   8.4519
   8.5086
   8.5669
   8.6250
   8.6830
   8.7409
   8.7973
   8.8537
   8.9133
   8.9729
   9.0356
   9.0995
   9.1619
   9.2212
   9.2792
   9.3405
   9.3994
   9.4618
   9.5276
   9.5969
   9.6617
   9.7311
   9.7974
   9.8605
   9.9234
   9.9877
  10.0584
  10.1308
  10.2095
  10.2897
  10.3702
  10.4477
  10.5236
  10.6056
  10.6924
  10.7823
  10.8784
  10.9793
  11.0820
  11.1833
  11.2865
  11.3883
  11.4935
  11.5958
  11.6969
  11.7889
  11.8717
  11.9484
  12.0219
  12.0891
  12.1562
  12.2231
  12.2899
  12.3535
  12.4172
  12.4812
  12.5455
  12.6114
  12.6790
  12.7464
  12.8134
  12.8821
  12.9492
  13.0178
  13.0851
  13.1511
  13.2188
  13.2850
  13.3482
  13.4098
  13.4729
  13.5363
  13.5981
  13.6615
  13.7220
  13.7826
  13.8370
  13.8929
  13.9457
  13.9970
  14.0481
  14.1035
  14.1557
  14.2123
  14.2735
  14.3349
  14.3979
  14.4608
  14.5219
  14.5813
  14.6406
  14.7011
  14.7627
  14.8285
  14.8938
  14.9570
  15.0134
  15.0633
  15.1050
  15.1404
  15.1757
  15.2126
  15.2527
  15.2959
  15.3438
  15.3914
  15.4414
  15.4910
  15.5386
  15.5829
  15.6307
  15.6802
  15.7301
  15.7820
  15.8327
  15.8849
  15.9357
  15.9862
  16.0317
  16.0755
  16.1128
  16.1468
  16.1792
  16.2132
  16.2472
  16.2860
  16.3281
  16.3691
  16.4092
  16.4483
  16.4829
  16.5160
  16.5489
  16.5819
  16.6181
  16.6592
  16.7026
  16.7483
  16.7929
  16.8394
  16.8842
  16.9257
  16.9654
  17.0034
  17.0367
  17.0667
  17.0984
  17.1318
  17.1624
  17.1966
  17.2305
  17.2642
  17.2941
  17.3243
  17.3499
  17.3727
  17.3913
  17.4167
  17.4423
  17.4713
  17.5020
  17.5315
  17.5593
  17.5853
  17.6066
  17.6250
  17.6404
  17.6561
  17.6689
  17.6819
  17.6948
  17.7059
  17.7138
  17.7199
  17.7221
  17.7237
  17.7218
  17.7176
  17.7114
  17.7049
  17.6948
  17.6856
  17.6726
  17.6573
  17.6351
  17.6075
  17.5718
  17.5306
  17.4842
  17.4353
  17.3870
  17.3414
  17.2972
  17.2482
  17.1974
  17.1387
  17.0735
  17.0010
  16.9197
  16.8375
  16.7497
  16.6614
  16.5728
  16.4842
  16.3954
  16.3051
  16.2134
  16.1153
  16.0111
  15.9024
  15.7906
  15.6744
  15.5584
  15.4426
  15.3251
  15.2073
  15.0894
  14.9729
  14.8471
  14.7196
  14.5860
  14.4507
  14.3103
  14.1681
  14.0227
  13.8770
  13.7293
  13.5827
  13.4312
  13.2811
  13.1263
  12.9670
  12.8033
  12.6361
  12.4654
  12.2934
  12.1203
  11.9441
  11.7638
  11.5829
  11.3991
  11.2156
  11.0313
  10.8479
  10.6638
  10.4822
  10.2999
  10.1199
   9.9404
   9.7628
   9.5891
   9.4174
   9.2492
   9.0814
   8.9173
   8.7520
   8.5887
   8.4237
   8.2591
   8.0948
   7.9271
   7.7608
   7.5913
   7.4214
   7.2498
   7.0783
   6.9104
   6.7426
   6.5797
   6.4180
   6.2622
   6.1048
   5.9501
   5.7938
   5.6360
   5.4785
   5.3181
   5.1564
   4.9915
   4.8267
   4.6623
   4.4982
   4.3365
   4.1769
   4.0210
   3.8671
   3.7168
   3.5687
   3.4197
   3.2757
   3.1323
   2.9955
   2.8666
   2.7430
   2.6261
   2.5126
   2.4010
   2.2895
   2.1794
   2.0724
   1.9633
   1.8541
   1.7419
   1.6283
   1.5163
   1.4030
   1.2914
   1.1812
   1.0709
   0.9591
   0.8458
   0.7310
   0.6147
   0.4954
   0.3778
   0.2617
   0.1469
   0.0353
  -0.0701
  -0.1693
  -0.2590
  -0.3371
  -0.4050
  -0.4596
  -0.5039
  -0.5381
  -0.5641
  -0.5825
  -0.5932
  -0.6025
  -0.6087
  -0.6119
  -0.6089
  -0.6040
  -0.5956
  -0.5870
  -0.5798
  -0.5693
  -0.5555
  -0.5338
  -0.5044
  -0.4691
  -0.4309
  -0.3936
  -0.3553
  -0.3222
  -0.2896
  -0.2573
  -0.2237
  -0.1873
  -0.1508
  -0.1159
  -0.0890
  -0.0698
  -0.0529
  -0.0390
  -0.0265
  -0.0125
   0.0013
   0.0173
   0.0317
   0.0477
   0.0623
   0.0833
   0.1138
   0.1521
   0.2043
   0.2687
   0.3440
   0.4222
   0.5003
   0.5717
   0.6412
   0.7088
   0.7777
   0.8478
   0.9193
   0.9986
   1.0793
   1.1568
   1.2326
   1.3020
   1.3588
   1.4043
   1.4402
   1.4667
   1.4835
   1.4939
   1.4965
   1.4899
   1.4784
   1.4652
   1.4472
   1.4277
   1.4112
   1.3931
   1.3768
   1.3621
   1.3456
   1.3210
   1.2867
   1.2461
   1.1989
   1.1499
   1.1024
   1.0563
   1.0164
   0.9794
   0.9438
   0.9115
   0.8792
   0.8500
   0.8287
   0.8170
   0.8147
   0.8184
   0.8285
   0.8434
   0.8596
   0.8786
   0.8987
   0.9213
   0.9449
   0.9729
   0.9991
   1.0192
   1.0346
   1.0406
   1.0356
   1.0225
   1.0090
   1.0015
   1.0031
   1.0044
   1.0084
   1.0104
   1.0075
   1.0013
   0.9870
   0.9693
   0.9510
   0.9294
   0.9072
   0.8892
   0.8741
   0.8604
   0.8496
   0.8433
   0.8353
   0.8269
   0.8198
   0.8155
   0.8080
   0.8018
   0.7919
   0.7786
   0.7636
   0.7480
   0.7340
   0.7218
   0.7160
   0.7135
   0.7172
   0.7225
   0.7310
   0.7395
   0.7435
   0.7412
   0.7343
   0.7245
   0.7098
   0.6934
   0.6707
   0.6401
   0.6014
   0.5534
   0.4963
   0.4312
   0.3612
   0.2884
   0.2145
   0.1364
   0.0592
  -0.0202
  -0.1008
  -0.1813
  -0.2623
  -0.3452
  -0.4347
  -0.5325
  -0.6365
  -0.7498
  -0.8709
  -0.9999
  -1.1288
  -1.2655
  -1.4036
  -1.5463
  -1.6954
  -1.8491
  -2.0089
  -2.1716
  -2.3358
  -2.4980
  -2.6583
  -2.8182
  -2.9779
  -3.1359
  -3.2967
  -3.4542
  -3.6067
  -3.7559
  -3.9048
  -4.0504
  -4.1990
  -4.3457
  -4.4907
  -4.6326
  -4.7714
  -4.9089
  -5.0450
  -5.1813
  -5.3110
  -5.4471
  -5.5829
  -5.7168
  -5.8505
  -5.9810
  -6.1068
  -6.2311
  -6.3524
  -6.4721
  -6.5904
  -6.7026
  -6.8087
  -6.9100
  -7.0020
  -7.0862
  -7.1625
  -7.2340
  -7.2976
  -7.3551
  -7.4083
  -7.4603
  -7.5080
  -7.5560
  -7.6074
  -7.6649
  -7.7255
  -7.7844
  -7.8432
  -7.8988
  -7.9480
  -7.9956
  -8.0382
  -8.0773
  -8.1099
  -8.1390
  -8.1568
  -8.1682
  -8.1697
  -8.1631
  -8.1515
  -8.1382
  -8.1229
  -8.1090
  -8.0933
  -8.0791
  -8.0680
  -8.0555
  -8.0414
  -8.0243
  -7.9977
  -7.9616
  -7.9206
  -7.8700
  -7.8189
  -7.7659
  -7.7110
  -7.6493
  -7.5841
  -7.5124
  -7.4343
  -7.3563
  -7.2736
  -7.1881
  -7.1029
  -7.0178
  -6.9316
  -6.8456
  -6.7578
  -6.6716
  -6.5838
  -6.4926
  -6.4042
  -6.3140
  -6.2221
  -6.1333
  -6.0461
  -5.9605
  -5.8783
  -5.8042
  -5.7318
  -5.6611
  -5.5938
  -5.5283
  -5.4599
  -5.3899
  -5.3104
  -5.2296
  -5.1473
  -5.0586
  -4.9717
  -4.8880
  -4.8011
  -4.7158
  -4.6306
  -4.5439
  -4.4573
  -4.3773
  -4.2990
  -4.2226
  -4.1480
  -4.0735
  -3.9989
  -3.9261
  -3.8486
  -3.7728
  -3.6955
  -3.6151
  -3.5346
  -3.4573
  -3.3864
  -3.3267
  -3.2797
  -3.2410
  -3.2120
  -3.1865
  -3.1644
  -3.1473
  -3.1370
  -3.1303
  -3.1268
  -3.1282
  -3.1299
  -3.1315
  -3.1347
  -3.1378
  -3.1393
  -3.1405
  -3.1413
  -3.1421
  -3.1442
  -3.1475
  -3.1556
  -3.1639
  -3.1768
  -3.1883
  -3.2014
  -3.2174
  -3.2352
  -3.2543
  -3.2684
  -3.2854
  -3.3007
  -3.3141
  -3.3286
  -3.3459
  -3.3614
  -3.3799
  -3.3965
  -3.4112
  -3.4258
  -3.4386
  -3.4482
  -3.4593
  -3.4655
  -3.4733
  -3.4811
  -3.4872
  -3.4917
  -3.4944
  -3.5002
  -3.5057
  -3.5096
  -3.5119
  -3.5094
  -3.5070
  -3.4995
  -3.4872
  -3.4750
  -3.4645
  -3.4524
  -3.4387
  -3.4233
  -3.4029
  -3.3778
  -3.3447
  -3.3068
  -3.2657
  -3.2181
  -3.1703
  -3.1189
  -3.0705
  -3.0251
  -2.9812
  -2.9387
  -2.8994
  -2.8616
  -2.8236
  -2.7857
  -2.7511
  -2.7149
  -2.6773
  -2.6382
  -2.5929
  -2.5429
  -2.4883
  -2.4321
  -2.3679
  -2.2973
  -2.2220
  -2.1403
  -2.0554
  -1.9673
  -1.8791
  -1.7874
  -1.6939
  -1.5972
  -1.4988
  -1.3973
  -1.2911
  -1.1833
  -1.0756
  -0.9647
  -0.8521
  -0.7346
  -0.6187
  -0.4038
  -0.1874
   0.0305
   0.2498
   0.4721
   0.6957
   0.9208
   1.1393
   1.3594
   1.5748
   1.7854
   1.9959
   2.2049
   2.4140
   2.6265
   2.8390
   3.0515
   3.2673
   3.4845
   3.7018
   3.9160
   4.1302
   4.3380
   4.5411
   4.7393
   4.9326
   5.1259
   5.3223
   5.5157
   5.7125
