  -4.0615
  -4.0448
  -4.0249
  -4.0077
  -3.9960
  -3.9910
  -3.9847
  -3.9750
  -3.9687
  -3.9596
  -3.9569
  -3.9464
  -3.9366
  -3.9301
  -3.9242
  -3.9247
  -3.9259
  -3.9260
  -3.9188
  -3.9172
  -3.9134
  -3.9029
  -3.8889
  -3.8761
  -3.8623
  -3.8447
  -3.8258
  -3.8109
  -3.7860
  -3.7789
  -3.7677
  -3.7527
  -3.7386
  -3.7200
  -3.7049
  -3.6984
  -3.6998
  -3.6921
  -3.6893
  -3.6988
  -3.7082
  -3.7159
  -3.7209
  -3.7268
  -3.7332
  -3.7396
  -3.7526
  -3.7662
  -3.7820
  -3.7937
  -3.8054
  -3.8185
  -3.8334
  -3.8526
  -3.8690
  -3.8839
  -3.8865
  -3.8912
  -3.8826
  -3.8762
  -3.8691
  -3.8530
  -3.8303
  -3.7991
  -3.7626
  -3.7210
  -3.6673
  -3.6174
  -3.5632
  -3.5085
  -3.4538
  -3.3948
  -3.3381
  -3.2762
  -3.2123
  -3.1448
  -3.0725
  -3.0068
  -2.9398
  -2.8752
  -2.8128
  -2.7496
  -2.6910
  -2.6412
  -2.5885
  -2.5452
  -2.5024
  -2.4651
  -2.4318
  -2.4028
  -2.3700
  -2.3456
  -2.3168
  -2.2913
  -2.2702
  -2.2493
  -2.2286
  -2.2072
  -2.1965
  -2.1796
  -2.1614
  -2.1493
  -2.1378
  -2.1296
  -2.1165
  -2.1029
  -2.0871
  -2.0717
  -2.0548
  -2.0373
  -2.0199
  -1.9999
  -1.9765
  -1.9544
  -1.9306
  -1.9047
  -1.8792
  -1.8573
  -1.8331
  -1.8146
  -1.7933
  -1.7736
  -1.7591
  -1.7451
  -1.7334
  -1.7238
  -1.7138
  -1.7098
  -1.7027
  -1.6943
  -1.6837
  -1.6732
  -1.6671
  -1.6599
  -1.6589
  -1.6568
  -1.6503
  -1.6399
  -1.6262
  -1.6138
  -1.6046
  -1.5938
  -1.5830
  -1.5750
  -1.5610
  -1.5508
  -1.5392
  -1.5281
  -1.5165
  -1.5061
  -1.4968
  -1.4886
  -1.4799
  -1.4672
  -1.4545
  -1.4461
  -1.4339
  -1.4221
  -1.4100
  -1.3950
  -1.3816
  -1.3616
  -1.3373
  -1.3080
  -1.2771
  -1.2434
  -1.2103
  -1.1782
  -1.1429
  -1.1081
  -1.0722
  -1.0304
  -0.9947
  -0.9590
  -0.9211
  -0.8798
  -0.8375
  -0.7952
  -0.7539
  -0.7117
  -0.6754
  -0.6370
  -0.5997
  -0.5613
  -0.5234
  -0.4872
  -0.4504
  -0.4174
  -0.3833
  -0.3492
  -0.3207
  -0.2943
  -0.2696
  -0.2410
  -0.2126
  -0.1801
  -0.1422
  -0.1099
  -0.0805
  -0.0504
  -0.0192
   0.0037
   0.0277
   0.0545
   0.0902
   0.1275
   0.1610
   0.2235
   0.2643
   0.2803
   0.2990
   0.3470
   0.3912
   0.4333
   0.4719
   0.5103
   0.5543
   0.5949
   0.6321
   0.6715
   0.7074
   0.7400
   0.7659
   0.7841
   0.7967
   0.8071
   0.8124
   0.8183
   0.8229
   0.8276
   0.8285
   0.8271
   0.8208
   0.8190
   0.8172
   0.8077
   0.7949
   0.7774
   0.7583
   0.7378
   0.7172
   0.6950
   0.6772
   0.6644
   0.6504
   0.6369
   0.6301
   0.6260
   0.6284
   0.6241
   0.6192
   0.6232
   0.6227
   0.6218
   0.6203
   0.6194
   0.6068
   0.5906
   0.5842
   0.5907
   0.5944
   0.5959
   0.6063
   0.6205
   0.6348
   0.6391
   0.6439
   0.6527
   0.6358
   0.6357
   0.6649
   0.6931
   0.6915
   0.6933
   0.6990
   0.7004
   0.7052
   0.7077
   0.7115
   0.7160
   0.7150
   0.7119
   0.7056
   0.6988
   0.6942
   0.6847
   0.6709
   0.6537
   0.6311
   0.6079
   0.5797
   0.5509
   0.5194
   0.4824
   0.4339
   0.3835
   0.3392
   0.2960
   0.2575
   0.2189
   0.1800
   0.1423
   0.1105
   0.0754
   0.0374
   0.0011
  -0.0369
  -0.0823
  -0.1325
  -0.1922
  -0.2463
  -0.2987
  -0.3606
  -0.4169
  -0.4723
  -0.5287
  -0.5907
  -0.6488
  -0.7108
  -0.7834
  -0.8671
  -0.9514
  -1.0367
  -1.1282
  -1.2291
  -1.3361
  -1.4466
  -1.5637
  -1.6848
  -1.8092
  -1.9304
  -2.0539
  -2.1769
  -2.2961
  -2.4182
  -2.5404
  -2.6626
  -2.7904
  -2.9192
  -3.0470
  -3.1775
  -3.3009
  -3.4199
  -3.5350
  -3.6441
  -3.7472
  -3.8486
  -3.9500
  -4.0465
  -4.1386
  -4.2273
  -4.3112
  -4.3899
  -4.4649
  -4.5376
  -4.6092
  -4.6863
  -4.7678
  -4.8559
  -4.9456
  -5.0309
  -5.1123
  -5.1931
  -5.2732
  -5.3522
  -5.4366
  -5.5226
  -5.6069
  -5.6890
  -5.7694
  -5.8471
  -5.9219
  -5.9972
  -6.0710
  -6.1431
  -6.2140
  -6.2806
  -6.3411
  -6.3978
  -6.4500
  -6.4989
  -6.5511
  -6.5955
  -6.6379
  -6.6746
  -6.7052
  -6.7303
  -6.7470
  -6.7582
  -6.7655
  -6.7696
  -6.7713
  -6.7741
  -6.7792
  -6.7869
  -6.7936
  -6.7993
  -6.8007
  -6.7927
  -6.7804
  -6.7642
  -6.7426
  -6.7199
  -6.6955
  -6.6668
  -6.6354
  -6.6011
  -6.5609
  -6.5151
  -6.4634
  -6.4062
  -6.3507
  -6.2937
  -6.2350
  -6.1736
  -6.1073
  -6.0338
  -5.9510
  -5.8644
  -5.7705
  -5.6761
  -5.5829
  -5.4919
  -5.4014
  -5.3116
  -5.2252
  -5.1399
  -5.0572
  -4.9768
  -4.8992
  -4.8254
  -4.7521
  -4.6844
  -4.6233
  -4.5676
  -4.5186
  -4.4779
  -4.4399
  -4.4025
  -4.3639
  -4.3260
  -4.2935
  -4.2605
  -4.2291
  -4.1976
  -4.1668
  -4.1365
  -4.1050
  -4.0797
  -4.0588
  -4.0427
  -4.0305
  -4.0233
  -4.0188
  -4.0137
  -4.0065
  -3.9949
  -3.9859
  -3.9785
  -3.9776
  -3.9822
  -3.9891
  -3.9981
  -4.0082
  -4.0222
  -4.0390
  -4.0613
  -4.0776
  -4.0939
  -4.1070
  -4.1227
  -4.1380
  -4.1493
  -4.1523
  -4.1537
  -4.1546
  -4.1501
  -4.1499
  -4.1574
  -4.1604
  -4.1652
  -4.1733
  -4.1857
  -4.2047
  -4.2293
  -4.2533
  -4.2740
  -4.2886
  -4.2977
  -4.3052
  -4.3099
  -4.3134
  -4.3159
  -4.3173
  -4.3132
  -4.3053
  -4.2967
  -4.2817
  -4.2605
  -4.2426
  -4.2280
  -4.2211
  -4.2121
  -4.2090
  -4.2082
  -4.2073
  -4.2014
  -4.1939
  -4.1919
  -4.1849
  -4.1813
  -4.1760
  -4.1674
  -4.1483
  -4.1265
  -4.0876
  -4.0394
  -3.9901
  -3.9458
  -3.8992
  -3.8549
  -3.8139
  -3.7756
  -3.7340
  -3.6962
  -3.6601
  -3.6262
  -3.5928
  -3.5670
  -3.5407
  -3.5254
  -3.5034
  -3.4808
  -3.4637
  -3.4539
  -3.4424
  -3.4391
  -3.4412
  -3.4385
  -3.4318
  -3.4329
  -3.4366
  -3.4399
  -3.4443
  -3.4459
  -3.4442
  -3.4420
  -3.4420
  -3.4420
  -3.4437
  -3.4438
  -3.4428
  -3.4374
  -3.4287
  -3.4140
  -3.3981
  -3.3795
  -3.3570
  -3.3351
  -3.3214
  -3.3105
  -3.3028
  -3.2925
  -3.2843
  -3.2701
  -3.2575
  -3.2439
  -3.2336
  -3.2239
  -3.2082
  -3.1936
  -3.1691
  -3.1403
  -3.1121
  -3.0931
  -3.0742
  -3.0723
  -3.0847
  -3.1042
  -3.1220
  -3.1448
  -3.1654
  -3.1838
  -3.2016
  -3.2244
  -3.2466
  -3.2678
  -3.2938
  -3.3188
  -3.3471
  -3.3798
  -3.4103
  -3.4518
  -3.4976
  -3.5429
  -3.5854
  -3.6366
  -3.6814
  -3.7233
  -3.7658
  -3.8083
  -3.8497
  -3.8884
  -3.9237
  -3.9558
  -3.9890
  -4.0211
  -4.0493
  -4.0766
  -4.1032
  -4.1282
  -4.1521
  -4.1782
  -4.2071
  -4.2398
  -4.2763
  -4.3144
  -4.3548
  -4.3924
  -4.4245
  -4.4561
  -4.4806
  -4.4946
  -4.5065
  -4.5102
  -4.5132
  -4.5120
  -4.5090
  -4.5077
  -4.5075
  -4.5079
  -4.5109
  -4.5173
  -4.5297
  -4.5415
  -4.5545
  -4.5730
  -4.5909
  -4.6082
  -4.6201
  -4.6308
  -4.6410
  -4.6485
  -4.6554
  -4.6624
  -4.6692
  -4.6756
  -4.6819
  -4.6845
  -4.6836
  -4.6785
  -4.6700
  -4.6534
  -4.6367
  -4.6173
  -4.6001
  -4.5901
  -4.5800
  -4.5710
  -4.5714
  -4.5707
  -4.5644
  -4.5544
  -4.5411
  -4.5300
  -4.5227
  -4.5165
  -4.5175
  -4.5288
  -4.5384
  -4.5542
  -4.5704
  -4.5866
  -4.6006
  -4.6180
  -4.6277
  -4.6396
  -4.6482
  -4.6557
  -4.6583
  -4.6598
  -4.6607
  -4.6639
  -4.6709
  -4.6729
  -4.6794
  -4.6820
  -4.6857
  -4.6889
  -4.6888
  -4.6870
  -4.6832
  -4.6770
  -4.6698
  -4.6561
  -4.6374
  -4.6171
  -4.5880
  -4.5578
  -4.5216
  -4.4855
  -4.4564
  -4.4202
  -4.3884
  -4.3528
  -4.3122
  -4.2673
  -4.2202
  -4.1698
  -4.1080
  -4.0489
  -3.9870
  -3.9230
  -3.8612
  -3.7977
  -3.7348
  -3.6708
  -3.6051
  -3.5362
  -3.4699
  -3.3956
  -3.3255
  -3.2571
  -3.1925
  -3.1307
  -3.0684
  -3.0039
  -2.9328
  -2.8551
  -2.7682
  -2.6873
  -2.6004
  -2.5140
  -2.4299
  -2.3453
  -2.2578
  -2.1748
  -2.0961
  -1.9990
  -1.9066
  -1.8258
  -1.7472
  -1.6626
  -1.5726
  -1.4820
  -1.3925
  -1.2958
  -1.2003
  -1.1043
  -1.0099
  -0.9127
  -0.8150
  -0.7223
  -0.6263
  -0.5297
  -0.4331
  -0.3404
  -0.2449
  -0.1484
  -0.0507
   0.0420
   0.1369
   0.2460
   0.3525
   0.4627
   0.5735
   0.6870
   0.7967
   0.9058
   1.0160
   1.1153
   1.2135
   1.3100
   1.4032
   1.4966
   1.5936
   1.6869
   1.7823
   1.8762
   1.9743
   2.0730
   2.1668
   2.2656
   2.3615
   2.4624
   2.5644
   2.6648
   2.7684
   2.8672
   2.9687
   3.0642
   3.1597
   3.2524
   3.3463
   3.4402
   3.5303
   3.6214
   3.7126
   3.8093
   3.8824
   3.9632
   4.0447
   4.1222
   4.1911
   4.2534
   4.3162
   4.3753
   4.4289
   4.4754
   4.5187
   4.5586
   4.5974
   4.6329
   4.6723
   4.7095
   4.7435
   4.7753
   4.8109
   4.8395
   4.8691
   4.8982
   4.9317
   4.9646
   4.9949
   5.0305
   5.0679
   5.1058
   5.1389
   5.1779
   5.2176
   5.2502
   5.2859
   5.3168
   5.3422
   5.3638
   5.3826
   5.3977
   5.4160
   5.4323
   5.4540
   5.4669
   5.4848
   5.4968
   5.5064
   5.5161
   5.5231
   5.5280
   5.5390
   5.5489
   5.5610
   5.5633
   5.5716
   5.5826
   5.5904
   5.5938
   5.5929
   5.5931
   5.5884
   5.5772
   5.5693
   5.5663
   5.5563
   5.5506
   5.5449
   5.5376
   5.5281
   5.5116
   5.4999
   5.4834
   5.4711
   5.4665
   5.4572
   5.4441
   5.4332
   5.4200
   5.4041
   5.3872
   5.3740
   5.3543
   5.3450
   5.3341
   5.3263
   5.3170
   5.3076
   5.2939
   5.2758
   5.2550
   5.2341
   5.2110
   5.1814
   5.1507
   5.1217
   5.0900
   5.0605
   5.0370
   5.0184
   5.0015
   4.9862
   4.9654
   4.9468
   4.9233
   4.9003
   4.8723
   4.8537
   4.8361
   4.8175
   4.7945
   4.7736
   4.7484
   4.7188
   4.6886
   4.6583
   4.6260
   4.5930
   4.5617
   4.5277
   4.4986
   4.4710
   4.4446
   4.4235
   4.4019
   4.3808
   4.3641
   4.3442
   4.3269
   4.3189
   4.3164
   4.3182
   4.3237
   4.3392
   4.3608
   4.3789
   4.4090
   4.4444
   4.4842
   4.5262
   4.5705
   4.6195
   4.6692
   4.7242
   4.7782
   4.8359
   4.8910
   4.9543
   5.0153
   5.0901
   5.1653
   5.2421
   5.3167
   5.3972
   5.4838
   5.5757
   5.6754
   5.7776
   5.8859
   5.9952
   6.1051
   6.2166
   6.3351
   6.4607
   6.5857
   6.7145
   6.8422
   6.9796
   7.1175
   7.2603
   7.4059
   7.5638
   7.7277
   7.8917
   8.0642
   8.2417
   8.4263
   8.6147
   8.8046
   8.9962
   9.1975
   9.4011
   9.6073
   9.8190
  10.0300
  10.2406
  10.4543
  10.6665
  10.8851
  11.0989
  11.3158
  11.5300
  11.7508
  11.9639
  12.1748
  12.3834
  12.5942
  12.8034
  13.0137
  13.2147
  13.4190
  13.6286
  13.8344
  14.0382
  14.2435
  14.4476
  14.6410
  14.8386
  15.0280
  15.2175
  15.4002
  15.5803
  15.7630
  15.9431
  16.1193
  16.2917
  16.4577
  16.6224
  16.7930
  16.9669
  17.1408
  17.3130
  17.4889
  17.6555
  17.8184
  17.9797
  18.1377
  18.2995
  18.4560
  18.6053
  18.7531
  18.9015
  19.0318
  19.1547
  19.2768
  19.3968
  19.5097
  19.6220
  19.7239
  19.8280
  19.9343
  20.0307
  20.1270
  20.2162
  20.3001
  20.3780
  20.4780
  20.5633
  20.6509
  20.7356
  20.8296
  20.9148
  20.9984
  21.0825
  21.1690
  21.2569
  21.3447
  21.4304
  21.5162
  21.6013
  21.6934
  21.7769
  21.8631
  21.9541
  22.0428
  22.1282
  22.2116
  22.3020
  22.3907
  22.4812
  22.5688
  22.6572
  22.7465
  22.8375
  22.9240
  23.0085
  23.0927
  23.1717
  23.2496
  23.3298
  23.3774
  23.4417
  23.5223
  23.5748
  23.6447
  23.7134
  23.7928
  23.8766
  23.9597
  24.0445
  24.1347
  24.2243
  24.3111
  24.4056
  24.5012
  24.5925
  24.6788
  24.7711
  24.8585
  24.9498
  25.0373
  25.1232
  25.2146
  25.3065
  25.4033
  25.5078
  25.6176
  25.7032
  25.8034
  25.8997
  25.9993
  26.0881
  26.1817
  26.2793
  26.3675
  26.4544
  26.5366
  26.6123
  26.6875
  26.7637
  26.8371
  26.9068
  26.9738
  27.0299
  27.0768
  27.1275
  27.1728
  27.2131
  27.2479
  27.2778
  27.3065
  27.3362
  27.3627
  27.3859
  27.4064
  27.4330
  27.4607
  27.4874
  27.5166
  27.5410
  27.5496
  27.5890
  27.6025
  27.6008
  27.6223
  27.6260
  27.6259
  27.6165
  27.5990
  27.5816
  27.5571
  27.5254
  27.4839
  27.4415
  27.3985
  27.3522
  27.3092
  27.2647
  27.2142
  27.1643
  27.1149
  27.0563
  26.9971
  26.9390
  26.8776
  26.8206
  26.7569
  26.6905
  26.6306
  26.5685
  26.5025
  26.4316
  26.3624
  26.2932
  26.2239
  26.1536
  26.0778
  25.9998
  25.9262
  25.8504
  25.7696
  25.6906
  25.6136
  25.5409
  25.4640
  25.3945
  25.3197
  25.2465
  25.1793
  25.1089
  25.0379
  24.9622
  24.8827
  24.7976
  24.7110
  24.6173
  24.5193
  24.4207
  24.3189
  24.2172
  24.1101
  24.0064
  23.8978
  23.7854
  23.6752
  23.5623
  23.4439
  23.3244
  23.2012
  23.0771
  22.9502
  22.8245
  22.7042
  22.5915
  22.4782
  22.3585
  22.2382
  22.1157
  21.9933
  21.8703
  21.7446
  21.6120
  21.4788
  21.3380
  21.1930
  21.0463
  20.8905
  20.7265
  20.5642
  20.3932
  20.2105
  20.0347
  19.8524
  19.6679
  19.4776
  19.2759
  19.0758
  18.8813
  18.6862
  18.4933
  18.2989
  18.1082
  17.9202
  17.7285
  17.5341
  17.3403
  17.1432
  16.9446
  16.7449
  16.5398
  16.3351
  16.1256
  15.9199
  15.7153
  15.5102
  15.3061
  15.1020
  14.9016
  14.7017
  14.5045
  14.2991
  14.0941
  13.8865
  13.6757
  13.4687
  13.2529
  13.0398
  12.8311
  12.6268
  12.4247
  12.2261
  12.0297
  11.8327
  11.6386
  11.4416
  11.2452
  11.0537
  10.8563
  10.6594
  10.4647
  10.2683
  10.0731
   9.8793
   9.6912
   9.5082
   9.3274
   9.1460
   8.9636
   8.7932
   8.6162
   8.4418
   8.2746
   8.1048
   7.9413
   7.7828
   7.6219
   7.4707
   7.3202
   7.1667
   7.0094
   6.8476
   6.6880
   6.5268
   6.3619
   6.1974
   6.0389
   5.8863
   5.7331
   5.5814
   5.4292
   5.2834
   5.1410
   5.0045
   4.8606
   4.7176
   4.5796
   4.4422
   4.3085
   4.1753
   4.0428
   3.9097
   3.7896
   3.6734
   3.5603
   3.4543
   3.3470
   3.2432
   3.1403
   3.0349
   2.9305
   2.8212
   2.7154
   2.6062
   2.4992
   2.3884
   2.2786
   2.1694
   2.0586
   1.9548
   1.8541
   1.7551
   1.6582
   1.5618
   1.4756
   1.3943
   1.3104
   1.2228
   1.1341
   1.0491
   0.9588
   0.8750
   0.7933
   0.7132
   0.6330
   0.5561
   0.4744
   0.3985
   0.3232
   0.2469
   0.1692
   0.0963
   0.0229
  -0.0527
  -0.1320
  -0.2162
  -0.2971
  -0.3833
  -0.4760
  -0.5594
  -0.6472
  -0.7301
  -0.8194
  -0.9071
  -0.9964
  -1.0814
  -1.1663
  -1.2493
  -1.3299
  -1.4100
  -1.4901
  -1.5704
  -1.6499
  -1.7392
  -1.8214
  -1.9010
  -1.9919
  -2.0768
  -2.1565
  -2.2377
  -2.3147
  -2.3950
  -2.4676
  -2.5426
  -2.6110
  -2.6848
  -2.7549
  -2.8249
  -2.8966
  -2.9635
  -3.0272
  -3.0937
  -3.1644
  -3.2292
  -3.2930
  -3.3621
  -3.4318
  -3.4955
  -3.5514
  -3.6072
  -3.6609
  -3.7051
  -3.7558
  -3.7941
  -3.8309
  -3.8810
  -3.9318
  -3.9776
  -4.0240
  -4.0600
  -4.0885
  -4.1113
  -4.1308
  -4.1413
  -4.1478
  -4.1528
  -4.1551
  -4.1615
  -4.1651
  -4.1621
  -4.1630
  -4.1562
  -4.1497
  -4.1437
  -4.1349
  -4.1255
  -4.1073
  -4.0836
  -4.0652
  -4.0462
  -4.0321
  -4.0161
  -4.0053
  -3.9952
  -3.9730
