 -33.5060
 -34.3018
 -35.0732
 -35.8300
 -36.5885
 -37.3632
 -38.1428
 -38.9338
 -39.7249
 -40.4999
 -41.2572
 -42.0015
 -42.7363
 -43.4679
 -44.1931
 -44.9217
 -45.6389
 -46.3547
 -47.0737
 -47.7992
 -48.5247
 -49.2520
 -49.9761
 -50.6775
 -51.3449
 -51.9718
 -52.5810
 -53.1107
 -53.5739
 -53.9772
 -54.3285
 -54.0841
 -53.8331
 -53.5952
 -53.3540
 -53.1112
 -52.8278
 -52.4990
 -52.0825
 -51.6124
 -51.1132
 -50.6106
 -50.1161
 -49.6720
 -49.2311
 -48.8357
 -48.4240
 -47.9930
 -47.5310
 -47.0853
 -46.6005
 -46.1319
 -45.6909
 -45.2628
 -44.8217
 -44.3854
 -43.9393
 -43.4689
 -42.9675
 -42.4613
 -41.9290
 -41.4000
 -40.9017
 -40.4213
 -39.9408
 -39.4912
 -39.0366
 -38.5528
 -38.0528
 -37.5591
 -37.0491
 -36.5488
 -36.0710
 -35.6419
 -35.2174
 -34.8042
 -34.3746
 -33.9303
 -33.4501
 -32.9731
 -32.4879
 -32.0254
 -31.5921
 -31.1734
 -30.7774
 -30.4333
 -30.1168
 -29.8019
 -29.5698
 -29.4222
 -29.3444
 -29.3511
 -29.3823
 -29.4573
 -29.5373
 -29.6222
 -29.6990
 -29.8163
 -29.9450
 -30.1256
 -30.3484
 -30.5826
 -30.7795
 -30.9295
 -31.0177
 -31.0947
 -31.1262
 -31.1593
 -31.2217
 -31.3150
 -31.3725
 -31.4593
 -31.5689
 -31.6444
 -31.7167
 -31.8119
 -31.9233
 -32.0445
 -32.2194
 -32.4415
 -32.6896
 -32.9703
 -33.2754
 -33.5594
 -33.8515
 -34.1599
 -34.4375
 -34.6924
 -34.9814
 -35.2753
 -35.5660
 -35.8890
 -36.2203
 -36.5319
 -36.8063
 -37.0839
 -37.3503
 -37.6329
 -37.9513
 -38.3022
 -38.6385
 -38.9717
 -39.2789
 -39.5391
 -39.7684
 -39.9847
 -40.1751
 -40.3361
 -40.4874
 -40.6127
 -40.7007
 -40.7886
 -40.8553
 -40.9074
 -40.9318
 -40.9384
 -40.9286
 -40.9156
 -40.8927
 -40.8878
 -40.9007
 -40.9152
 -40.9265
 -40.9459
 -40.9849
 -41.0303
 -41.1001
 -41.1830
 -41.2919
 -41.3878
 -41.4838
 -41.5732
 -41.6708
 -41.7375
 -41.8237
 -41.8985
 -41.9683
 -42.0155
 -42.0545
 -42.0561
 -42.0430
 -42.0121
 -41.9829
 -41.9423
 -41.9114
 -41.8806
 -41.8547
 -41.8094
 -41.7771
 -41.7253
 -41.6670
 -41.5974
 -41.5229
 -41.4338
 -41.3497
 -41.2607
 -41.1604
 -41.0551
 -40.9547
 -40.8364
 -40.7100
 -40.5900
 -40.4782
 -40.3712
 -40.2805
 -40.2158
 -40.1640
 -40.1025
 -40.0653
 -40.0460
 -40.0445
 -40.0707
 -40.0903
 -40.1116
 -40.1215
 -40.1233
 -40.1138
 -40.1189
 -40.1289
 -40.1553
 -40.1947
 -40.2243
 -40.2360
 -40.2299
 -40.2042
 -40.1491
 -40.0811
 -39.9983
 -39.9204
 -39.8262
 -39.7288
 -39.6329
 -39.5582
 -39.4509
 -39.3485
 -39.2476
 -39.1533
 -39.0410
 -38.9385
 -38.8361
 -38.7352
 -38.6262
 -38.5269
 -38.4065
 -38.2763
 -38.1314
 -37.9686
 -37.7617
 -37.5646
 -37.3625
 -37.1636
 -36.9842
 -36.8227
 -36.6693
 -36.5517
 -36.4438
 -36.3293
 -36.2214
 -36.1297
 -36.0104
 -35.8926
 -35.7829
 -35.6798
 -35.5717
 -35.4702
 -35.3654
 -35.2622
 -35.1362
 -35.0003
 -34.8645
 -34.7287
 -34.6011
 -34.4669
 -34.3377
 -34.1971
 -34.0566
 -33.9112
 -33.7788
 -33.6447
 -33.5108
 -33.3817
 -33.2427
 -33.0990
 -32.9536
 -32.8163
 -32.6839
 -32.5678
 -32.4467
 -32.3322
 -32.1900
 -32.0299
 -31.8567
 -31.7032
 -31.5171
 -31.3521
 -31.2003
 -31.0566
 -30.8885
 -30.7417
 -30.5964
 -30.4528
 -30.3173
 -30.2161
 -30.1115
 -30.0168
 -29.9318
 -29.8452
 -29.7341
 -29.6524
 -29.5788
 -29.5035
 -29.4462
 -29.3888
 -29.3331
 -29.2953
 -29.2444
 -29.1871
 -29.1509
 -29.1391
 -29.1144
 -29.1189
 -29.1349
 -29.1656
 -29.1881
 -29.2172
 -29.2544
 -29.3031
 -29.3307
 -29.3794
 -29.4624
 -29.5552
 -29.6626
 -29.7685
 -29.8744
 -29.9770
 -30.0813
 -30.1970
 -30.3338
 -30.4902
 -30.6564
 -30.8502
 -31.0393
 -31.2283
 -31.4222
 -31.6308
 -31.8427
 -32.0676
 -32.2974
 -32.5452
 -32.7930
 -33.0539
 -33.3294
 -33.6228
 -33.8772
 -34.1430
 -34.4088
 -34.6729
 -34.9355
 -35.2290
 -35.5143
 -35.7997
 -36.0850
 -36.3703
 -36.6345
 -36.8758
 -37.1122
 -37.3290
 -37.5279
 -37.7578
 -37.9990
 -38.2305
 -38.4718
 -38.6919
 -38.8778
 -39.0343
 -39.1550
 -39.2496
 -39.3459
 -39.4404
 -39.5122
 -39.5857
 -39.6460
 -39.6933
 -39.7226
 -39.7536
 -39.7829
 -39.8008
 -39.8007
 -39.8054
 -39.8151
 -39.8100
 -39.8114
 -39.8129
 -39.8110
 -39.8125
 -39.8123
 -39.8203
 -39.8299
 -39.8396
 -39.8362
 -39.8394
 -39.8116
 -39.7741
 -39.7316
 -39.6891
 -39.6304
 -39.5716
 -39.5096
 -39.4475
 -39.3806
 -39.3120
 -39.2516
 -39.1961
 -39.1324
 -39.0882
 -39.0457
 -38.9967
 -38.9428
 -38.8791
 -38.7942
 -38.7126
 -38.6309
 -38.5624
 -38.4873
 -38.3959
 -38.3241
 -38.2523
 -38.1755
 -38.1281
 -38.1004
 -38.0628
 -38.0366
 -38.0023
 -37.9680
 -37.9451
 -37.9336
 -37.9270
 -37.9465
 -37.9807
 -38.0117
 -38.0491
 -38.0899
 -38.1322
 -38.1730
 -38.2170
 -38.2627
 -38.3100
 -38.3394
 -38.3655
 -38.3981
 -38.4161
 -38.4471
 -38.4781
 -38.5157
 -38.5630
 -38.6136
 -38.6757
 -38.7459
 -38.8128
 -38.8766
 -38.9583
 -39.0236
 -39.0874
 -39.1479
 -39.2052
 -39.2379
 -39.2740
 -39.3100
 -39.3477
 -39.3822
 -39.4183
 -39.4527
 -39.4790
 -39.4938
 -39.5071
 -39.5203
 -39.5319
 -39.5581
 -39.5812
 -39.5992
 -39.6238
 -39.6402
 -39.6566
 -39.6533
 -39.6287
 -39.6042
 -39.5600
 -39.4848
 -39.4193
 -39.3523
 -39.2705
 -39.2051
 -39.1478
 -39.0955
 -39.0562
 -39.0251
 -38.9923
 -38.9709
 -38.9544
 -38.9199
 -38.8838
 -38.8444
 -38.8018
 -38.7542
 -38.7131
 -38.6753
 -38.6407
 -38.5931
 -38.5520
 -38.5288
 -38.4991
 -38.4858
 -38.4692
 -38.4558
 -38.4343
 -38.4046
 -38.3700
 -38.3289
 -38.2682
 -38.1943
 -38.1254
 -38.0239
 -37.9190
 -37.8223
 -37.7370
 -37.6370
 -37.5534
 -37.4599
 -37.3566
 -37.2387
 -37.1190
 -36.9944
 -36.8747
 -36.7485
 -36.6305
 -36.5222
 -36.4058
 -36.2894
 -36.1582
 -36.0140
 -35.8698
 -35.7321
 -35.6190
 -35.5141
 -35.4222
 -35.3566
 -35.2974
 -35.2317
 -35.1938
 -35.1689
 -35.1343
 -35.1159
 -35.0959
 -35.0727
 -35.0576
 -35.0458
 -35.0324
 -35.0337
 -35.0448
 -35.0379
 -35.0310
 -35.0176
 -34.9977
 -34.9744
 -34.9594
 -34.9509
 -34.9472
 -34.9289
 -34.9089
 -34.8938
 -34.8592
 -34.8359
 -34.8110
 -34.7878
 -34.7613
 -34.7299
 -34.7034
 -34.6802
 -34.6504
 -34.6239
 -34.6056
 -34.5694
 -34.5462
 -34.5181
 -34.4867
 -34.4389
 -34.3928
 -34.3254
 -34.2630
 -34.1906
 -34.1281
 -34.0639
 -33.9981
 -33.9257
 -33.8501
 -33.7777
 -33.6940
 -33.6184
 -33.5330
 -33.4427
 -33.3490
 -33.2538
 -33.1488
 -33.0209
 -32.8831
 -32.7389
 -32.5880
 -32.4274
 -32.2863
 -32.1469
 -31.9944
 -31.8501
 -31.6927
 -31.5321
 -31.3715
 -31.2174
 -31.0420
 -30.8813
 -30.7190
 -30.5388
 -30.3568
 -30.1913
 -30.0389
 -29.8930
 -29.7634
 -29.6405
 -29.5126
 -29.3700
 -29.2340
 -29.1094
 -28.9897
 -28.8864
 -28.7815
 -28.6717
 -28.5586
 -28.4456
 -28.3374
 -28.2293
 -28.1227
 -28.0244
 -27.9327
 -27.8393
 -27.7508
 -27.6574
 -27.5624
 -27.4609
 -27.3610
 -27.2676
 -27.1956
 -27.1349
 -27.1005
 -27.0792
 -27.0678
 -27.0628
 -27.0562
 -27.0546
 -27.0366
 -27.0169
 -26.9906
 -26.9693
 -26.9512
 -26.9463
 -26.9413
 -26.9265
 -26.9051
 -26.8788
 -26.8542
 -26.8377
 -26.8474
 -26.8702
 -26.9029
 -26.9453
 -26.9812
 -27.0105
 -27.0316
 -27.0495
 -27.0608
 -27.0968
 -27.1310
 -27.1719
 -27.2275
 -27.2962
 -27.3566
 -27.4122
 -27.4661
 -27.5135
 -27.5543
 -27.5968
 -27.6458
 -27.7014
 -27.7570
 -27.8108
 -27.8631
 -27.9137
 -27.9626
 -28.0083
 -28.0458
 -28.0767
 -28.0962
 -28.1058
 -28.1040
 -28.0940
 -28.0758
 -28.0527
 -28.0263
 -28.0015
 -27.9767
 -27.9553
 -27.9354
 -27.9090
 -27.8711
 -27.8185
 -27.7461
 -27.6591
 -27.5605
 -27.4604
 -27.3601
 -27.2632
 -27.1729
 -27.0907
 -27.0118
 -26.9395
 -26.8704
 -26.8112
 -26.7684
 -26.7387
 -26.7139
 -26.6890
 -26.6528
 -26.5952
 -26.5180
 -26.4227
 -26.3093
 -26.1845
 -26.0531
 -25.9217
 -25.7935
 -25.6687
 -25.5454
 -25.4223
 -25.2925
 -25.1546
 -25.0133
 -24.8704
 -24.7325
 -24.6044
 -24.4829
 -24.3597
 -24.2283
 -24.0920
 -23.9425
 -23.7832
 -23.6206
 -23.4498
 -23.2692
 -23.0803
 -22.8882
 -22.6977
 -22.5171
 -22.3511
 -22.1984
 -22.0588
 -21.9240
 -21.7942
 -21.6628
 -21.5264
 -21.3867
 -21.2470
 -21.1090
 -20.9727
 -20.8395
 -20.7114
 -20.5848
 -20.4616
 -20.3399
 -20.2149
 -20.0752
 -19.9142
 -19.7449
 -19.5723
 -19.4030
 -19.2485
 -19.1055
 -18.9690
 -18.8359
 -18.7060
 -18.5778
 -18.4561
 -18.3377
 -18.2226
 -18.1157
 -18.0251
 -17.9527
 -17.9015
 -17.8733
 -17.8599
 -17.8465
 -17.8248
 -17.7884
 -17.7373
 -17.6714
 -17.6005
 -17.5264
 -17.4473
 -17.3650
 -17.2745
 -17.1741
 -17.0639
 -16.9552
 -16.8548
 -16.7593
 -16.6737
 -16.5979
 -16.5254
 -16.4595
 -16.4018
 -16.3555
 -16.3076
 -16.2564
 -16.1954
 -16.1278
 -16.0520
 -15.9696
 -15.8889
 -15.8098
 -15.7307
 -15.6516
 -15.5726
 -15.4918
 -15.4095
 -15.3238
 -15.2382
 -15.1510
 -15.0654
 -14.9847
 -14.9122
 -14.8528
 -14.8148
 -14.8063
 -14.8077
 -14.8124
 -14.8056
 -14.7857
 -14.7461
 -14.6999
 -14.6455
 -14.5879
 -14.5237
 -14.4513
 -14.3756
 -14.3015
 -14.2324
 -14.1600
 -14.0893
 -14.0202
 -13.9478
 -13.8722
 -13.7966
 -13.7242
 -13.6601
 -13.6042
 -13.5533
 -13.4990
 -13.4415
 -13.3758
 -13.3018
 -13.2246
 -13.1506
 -13.0783
 -13.0093
 -12.9402
 -12.8761
 -12.8152
 -12.7511
 -12.6869
 -12.6244
 -12.5635
 -12.5010
 -12.4434
 -12.3908
 -12.3414
 -12.2921
 -12.2444
 -12.1951
 -12.1458
 -12.0932
 -12.0422
 -11.9912
 -11.9436
 -11.8959
 -11.8432
 -11.7890
 -11.7330
 -11.6754
 -11.6211
 -11.5685
 -11.5158
 -11.4632
 -11.4122
 -11.3563
 -11.3021
 -11.2445
 -11.1854
 -11.1213
 -11.0621
 -10.9980
 -10.9339
 -10.8681
 -10.8024
 -10.7366
 -10.6742
 -10.6150
 -10.5575
 -10.5017
 -10.4392
 -10.3686
 -10.2881
 -10.2010
 -10.1073
 -10.0087
  -9.9018
  -9.7884
  -9.6734
  -9.5633
  -9.4582
  -9.3629
  -9.2774
  -9.1953
  -9.1082
  -9.0212
  -8.9292
  -8.8306
  -8.7271
  -8.6219
  -8.5150
  -8.4065
  -8.2995
  -8.1893
  -8.0791
  -7.9704
  -7.8618
  -7.7516
  -7.6412
  -7.5260
  -7.4108
  -7.2890
  -7.1623
  -7.0306
  -6.9006
  -6.7673
  -6.6373
  -6.5090
  -6.3823
  -6.2507
  -6.1175
  -5.9777
  -5.8329
  -5.6832
  -5.5303
  -5.3691
  -5.2045
  -5.0302
  -4.8475
  -4.6632
  -4.4723
  -4.2764
  -4.0839
  -3.8913
  -3.6971
  -3.5045
  -3.3085
  -3.1044
  -2.8986
  -2.6895
  -2.4820
  -2.2811
  -2.0900
  -1.9089
  -1.7293
  -1.5564
  -1.3850
  -1.2137
  -1.0390
  -0.8610
  -0.6814
  -0.5083
  -0.3517
  -0.2116
  -0.0896
   0.0210
   0.1331
   0.2583
   0.3885
   0.5319
   0.6818
   0.8267
   0.9650
   1.1017
   1.2253
   1.3472
   1.4674
   1.5958
   1.7210
   1.8526
   1.9777
   2.1127
   2.2493
   2.3826
   2.5110
   2.6427
   2.7711
   2.8996
   3.0314
   3.1698
   3.3034
   3.4255
   3.5394
   3.6451
   3.7442
   3.8385
   3.9279
   4.0140
   4.0853
   4.1385
   4.1786
   4.2088
   4.2292
   4.2446
   4.2550
   4.2655
   4.2727
   4.2700
   4.2607
   4.2481
   4.2339
   4.2212
   4.2103
   4.2009
   4.1916
   4.1723
   4.1432
   4.1059
   4.0602
   4.0048
   3.9378
   3.8692
   3.8038
   3.7467
   3.7028
   3.6688
   3.6348
   3.5959
   3.5372
   3.4769
   3.4018
   3.3202
   3.2368
   3.1535
   3.0602
   2.9719
   2.8802
   2.7869
   2.6804
   2.5756
   2.4592
   2.3380
   2.2019
   2.0641
   1.9214
   1.7870
   1.6559
   1.5346
   1.4216
   1.3086
   1.1889
   1.0692
   0.9577
   0.8511
   0.7510
   0.6574
   0.5737
   0.4949
   0.4210
   0.3535
   0.3009
   0.2597
   0.2234
   0.1970
   0.1772
   0.1607
   0.1441
   0.1292
   0.1192
   0.1093
   0.1042
   0.0959
   0.0860
   0.0678
   0.0431
   0.0118
  -0.0179
  -0.0393
  -0.0525
  -0.0607
  -0.0606
  -0.0539
  -0.0539
  -0.0571
  -0.0587
  -0.0636
  -0.0733
  -0.0829
  -0.0959
  -0.1088
  -0.1314
  -0.1474
  -0.1568
  -0.1595
  -0.1523
  -0.1286
  -0.1049
  -0.0828
  -0.0640
  -0.0468
  -0.0329
  -0.0091
   0.0296
   0.0748
   0.1250
   0.1884
   0.2518
   0.3217
   0.3949
   0.4632
   0.5249
   0.5850
   0.6418
   0.6969
   0.7620
   0.8436
   0.9270
   1.0021
   1.0690
   1.1294
   1.1799
   1.2188
   1.2480
   1.2656
   1.2750
   1.2778
   1.2839
   1.2983
   1.3275
   1.3634
   1.4025
   1.4400
   1.4858
   1.5332
   1.5922
   1.6626
   1.7430
   1.8217
   1.8988
   1.9759
   2.0479
   2.1184
   2.1855
   2.2658
   2.3494
   2.4363
   2.5247
   2.6313
   2.7410
   2.8606
   2.9866
   3.1258
   3.2683
   3.4156
   3.5662
   3.7201
   3.8756
   4.0377
   4.2047
   4.3701
   4.5454
   4.7190
   4.8810
   5.0331
   5.1901
   5.3454
   5.5023
   5.6691
   5.8342
   5.9845
   6.1166
   6.2488
   6.3710
   6.4883
   6.6156
   6.7428
   6.8404
   6.9215
   6.9943
   7.0622
   7.1317
   7.2111
   7.3104
   7.4195
   7.5385
   7.6642
   7.7882
   7.9040
   8.0214
   8.1340
   8.2432
   8.3458
   8.4485
   8.5479
   8.6488
   8.7564
   8.8655
   8.9713
   9.0688
   9.1548
   9.2275
   9.2986
   9.3614
   9.4225
   9.4704
   9.5149
   9.5579
   9.6091
   9.6603
   9.7214
   9.7826
   9.8389
   9.8736
   9.8836
   9.8706
   9.8460
   9.8148
   9.7870
   9.7609
   9.7431
   9.7435
   9.7505
   9.7659
   9.7945
   9.8249
   9.8520
   9.8727
   9.8852
   9.8895
   9.8874
   9.8852
   9.8948
   9.9010
   9.9072
   9.9118
   9.9015
   9.8762
   9.8593
   9.8489
   9.8501
   9.8529
   9.8475
   9.8371
   9.8119
   9.7784
   9.7416
   9.6982
   9.6465
   9.5899
   9.5102
   9.4107
   9.2963
   9.1769
   9.0476
   8.9135
   8.7745
   8.6239
   8.4651
   8.3047
   8.1475
   8.0035
   7.8727
   7.7517
   7.6390
   7.5362
   7.4466
   7.3585
   7.2702
   7.1752
   7.0700
   6.9565
   6.8346
   6.7108
   6.5935
   6.4861
   6.3850
   6.2837
   6.1757
   6.0543
   5.9244
   5.7828
   5.6278
   5.4578
   5.2810
   5.0974
   4.9137
   4.7231
   4.5307
   4.3299
   4.1139
   3.8862
   3.6566
   3.4268
   3.1967
   2.9714
   2.7507
   2.5298
   2.3038
   2.0744
   1.8449
   1.6104
   1.3825
   1.1628
   0.9498
   0.7366
   0.5251
   0.3136
   0.1021
  -0.0980
  -0.2898
  -0.4718
  -0.6440
  -0.8079
  -0.9669
  -1.1193
  -1.2685
  -1.4194
  -1.5735
  -1.7260
  -1.8767
  -2.0240
  -2.1713
  -2.3218
  -2.4772
  -2.6425
  -2.8159
  -3.0009
  -3.1857
  -3.3688
  -3.5501
  -3.7280
  -3.9023
  -4.0749
  -4.2441
  -4.4147
  -4.5851
  -4.7588
  -4.9289
  -5.1005
  -5.2671
  -5.4318
  -5.5949
  -5.7578
  -5.9174
  -6.0702
  -6.2163
  -6.3540
  -6.4850
  -6.6126
  -6.7383
  -6.8638
  -6.9925
  -7.1243
  -7.2575
  -7.3888
  -7.5199
  -7.6489
  -7.7761
  -7.8981
  -8.0152
  -8.1272
  -8.2374
  -8.3493
  -8.4612
  -8.5764
  -8.6899
  -8.7984
  -8.9003
  -8.9921
  -9.0806
  -9.1641
  -9.2476
  -9.3327
  -9.4145
  -9.4913
  -9.5614
  -9.6283
  -9.6887
  -9.7425
  -9.7964
  -9.8538
  -9.9046
  -9.9573
 -10.0068
 -10.0515
 -10.0846
 -10.1144
 -10.1393
 -10.1608
 -10.1806
 -10.1987
 -10.2168
 -10.2348
 -10.2512
 -10.2676
 -10.2790
 -10.2872
 -10.2887
 -10.2902
 -10.2867
 -10.2849
 -10.2814
 -10.2761
 -10.2676
 -10.2589
 -10.2535
 -10.2514
 -10.2542
 -10.2603
 -10.2663
 -10.2707
 -10.2718
 -10.2662
 -10.2540
 -10.2369
 -10.2181
