  -0.8419
  -0.7146
  -0.5879
  -0.4596
  -0.3250
  -0.1955
  -0.0437
   0.1094
   0.2685
   0.4275
   0.5848
   0.7450
   0.9037
   1.0652
   1.2282
   1.3838
   1.5382
   1.7027
   1.8531
   2.0077
   2.1574
   2.3134
   2.4672
   2.6164
   2.7700
   2.9278
   3.0703
   3.2137
   3.3570
   3.4936
   3.6333
   3.6271
   3.6199
   3.6118
   3.6102
   3.6051
   3.5973
   3.5929
   3.5915
   3.5907
   3.5886
   3.5882
   3.5881
   3.5912
   3.5991
   3.6059
   3.6116
   3.6192
   3.6268
   3.6343
   3.6421
   3.6466
   3.6552
   3.6597
   3.6688
   3.6729
   3.6769
   3.6743
   3.6758
   3.6724
   3.6739
   3.6683
   3.6703
   3.6698
   3.6646
   3.6609
   3.6583
   3.6527
   3.6497
   3.6424
   3.6257
   3.6170
   3.6020
   3.5900
   3.5749
   3.5599
   3.5450
   3.5392
   3.5273
   3.5245
   3.5155
   3.5098
   3.5008
   3.4871
   3.4829
   3.4743
   3.4674
   3.4621
   3.4538
   3.4437
   3.4335
   3.4216
   3.4140
   3.4036
   3.3963
   3.3829
   3.3699
   3.3611
   3.3477
   3.3309
   3.3138
   3.3011
   3.2835
   3.2701
   3.2520
   3.2293
   3.2112
   3.1913
   3.1698
   3.1449
   3.1215
   3.0989
   3.0795
   3.0550
   3.0346
   3.0158
   2.9986
   2.9798
   2.9690
   2.9515
   2.9339
   2.9198
   2.9019
   2.8811
   2.8599
   2.8450
   2.8286
   2.8111
   2.7969
   2.7801
   2.7617
   2.7500
   2.7363
   2.7218
   2.7044
   2.6890
   2.6690
   2.6534
   2.6327
   2.6135
   2.5901
   2.5710
   2.5506
   2.5367
   2.5246
   2.5051
   2.4887
   2.4693
   2.4527
   2.4379
   2.4257
   2.4176
   2.4070
   2.3953
   2.3828
   2.3723
   2.3514
   2.3377
   2.3190
   2.3024
   2.2841
   2.2694
   2.2503
   2.2403
   2.2237
   2.2060
   2.1905
   2.1724
   2.1486
   2.1374
   2.1154
   2.0966
   2.0788
   2.0516
   2.0327
   2.0139
   1.9813
   1.9533
   1.9279
   1.8871
   1.8526
   1.8269
   1.7921
   1.7545
   1.7307
   1.7025
   1.6714
   1.6359
   1.6155
   1.5821
   1.5549
   1.5349
   1.5055
   1.4828
   1.4626
   1.4474
   1.4306
   1.4108
   1.3927
   1.3767
   1.3574
   1.3392
   1.3186
   1.2931
   1.2596
   1.2260
   1.1904
   1.1515
   1.1154
   1.0746
   1.0337
   0.9949
   0.9537
   0.9077
   0.8633
   0.8274
   0.7936
   0.7671
   0.7225
   0.6875
   0.6566
   0.6320
   0.6044
   0.5736
   0.5355
   0.4996
   0.4817
   0.4600
   0.4344
   0.4220
   0.3923
   0.3721
   0.3466
   0.3240
   0.3102
   0.2889
   0.2704
   0.2626
   0.2440
   0.2270
   0.2192
   0.2097
   0.1901
   0.1815
   0.1802
   0.1694
   0.1679
   0.1603
   0.1599
   0.1493
   0.1490
   0.1410
   0.1269
   0.1246
   0.1102
   0.0942
   0.0760
   0.0593
   0.0474
   0.0327
   0.0167
   0.0058
  -0.0032
  -0.0125
  -0.0188
  -0.0207
  -0.0244
  -0.0266
  -0.0274
  -0.0263
  -0.0255
  -0.0280
  -0.0281
  -0.0361
  -0.0398
  -0.0465
  -0.0568
  -0.0701
  -0.0835
  -0.0804
  -0.0805
  -0.0789
  -0.0834
  -0.0877
  -0.0814
  -0.0758
  -0.0685
  -0.0717
  -0.0759
  -0.0817
  -0.0903
  -0.1001
  -0.1069
  -0.1119
  -0.1227
  -0.1348
  -0.1437
  -0.1588
  -0.1761
  -0.1797
  -0.1940
  -0.2028
  -0.2158
  -0.2291
  -0.2442
  -0.2633
  -0.2820
  -0.3055
  -0.3257
  -0.3490
  -0.3693
  -0.3841
  -0.3923
  -0.4029
  -0.4114
  -0.4062
  -0.4008
  -0.3973
  -0.3969
  -0.3973
  -0.3980
  -0.3959
  -0.3941
  -0.3968
  -0.3906
  -0.3764
  -0.3710
  -0.3548
  -0.3413
  -0.3245
  -0.3120
  -0.2991
  -0.2845
  -0.2770
  -0.2618
  -0.2470
  -0.2322
  -0.2171
  -0.2065
  -0.1924
  -0.1861
  -0.1852
  -0.1916
  -0.2001
  -0.2039
  -0.2132
  -0.2216
  -0.2336
  -0.2453
  -0.2528
  -0.2601
  -0.2651
  -0.2670
  -0.2685
  -0.2714
  -0.2720
  -0.2728
  -0.2717
  -0.2698
  -0.2692
  -0.2756
  -0.2804
  -0.2841
  -0.2892
  -0.2878
  -0.2880
  -0.2853
  -0.2826
  -0.2775
  -0.2693
  -0.2604
  -0.2583
  -0.2603
  -0.2656
  -0.2697
  -0.2835
  -0.3052
  -0.3270
  -0.3470
  -0.3628
  -0.3783
  -0.3950
  -0.4137
  -0.4339
  -0.4526
  -0.4772
  -0.5054
  -0.5274
  -0.5568
  -0.5866
  -0.6163
  -0.6448
  -0.6731
  -0.6998
  -0.7217
  -0.7447
  -0.7675
  -0.7867
  -0.8029
  -0.8164
  -0.8315
  -0.8433
  -0.8495
  -0.8513
  -0.8482
  -0.8470
  -0.8465
  -0.8474
  -0.8469
  -0.8486
  -0.8484
  -0.8473
  -0.8470
  -0.8485
  -0.8494
  -0.8494
  -0.8472
  -0.8449
  -0.8430
  -0.8388
  -0.8322
  -0.8215
  -0.8097
  -0.7970
  -0.7857
  -0.7769
  -0.7702
  -0.7656
  -0.7619
  -0.7563
  -0.7506
  -0.7437
  -0.7330
  -0.7232
  -0.7102
  -0.6942
  -0.6731
  -0.6516
  -0.6298
  -0.6061
  -0.5835
  -0.5609
  -0.5368
  -0.5126
  -0.4866
  -0.4616
  -0.4394
  -0.4214
  -0.4066
  -0.3950
  -0.3833
  -0.3777
  -0.3737
  -0.3685
  -0.3649
  -0.3674
  -0.3671
  -0.3651
  -0.3654
  -0.3689
  -0.3739
  -0.3764
  -0.3817
  -0.3904
  -0.4005
  -0.4109
  -0.4225
  -0.4335
  -0.4458
  -0.4558
  -0.4686
  -0.4804
  -0.4943
  -0.5139
  -0.5345
  -0.5546
  -0.5760
  -0.5974
  -0.6140
  -0.6332
  -0.6523
  -0.6722
  -0.6924
  -0.7074
  -0.7240
  -0.7376
  -0.7507
  -0.7609
  -0.7637
  -0.7651
  -0.7660
  -0.7723
  -0.7816
  -0.7929
  -0.8041
  -0.8066
  -0.8061
  -0.8045
  -0.8003
  -0.7916
  -0.7807
  -0.7683
  -0.7587
  -0.7475
  -0.7365
  -0.7287
  -0.7201
  -0.7096
  -0.7046
  -0.6959
  -0.6880
  -0.6769
  -0.6622
  -0.6455
  -0.6282
  -0.6111
  -0.5883
  -0.5656
  -0.5343
  -0.4986
  -0.4594
  -0.4197
  -0.3781
  -0.3337
  -0.2918
  -0.2487
  -0.2129
  -0.1805
  -0.1468
  -0.1093
  -0.0690
  -0.0311
   0.0039
   0.0433
   0.0859
   0.1352
   0.1790
   0.2231
   0.2672
   0.3035
   0.3394
   0.3725
   0.4059
   0.4397
   0.4719
   0.5042
   0.5334
   0.5637
   0.5876
   0.6058
   0.6135
   0.6155
   0.6176
   0.6168
   0.6118
   0.6056
   0.5819
   0.5532
   0.5171
   0.4776
   0.4301
   0.3782
   0.3271
   0.2805
   0.2349
   0.1884
   0.1464
   0.1047
   0.0652
   0.0312
  -0.0020
  -0.0279
  -0.0555
  -0.0807
  -0.1050
  -0.1281
  -0.1466
  -0.1666
  -0.1832
  -0.2086
  -0.2410
  -0.2764
  -0.3089
  -0.3462
  -0.3822
  -0.4181
  -0.4586
  -0.4903
  -0.5201
  -0.5531
  -0.5876
  -0.6269
  -0.6627
  -0.6983
  -0.7364
  -0.7762
  -0.8184
  -0.8574
  -0.8954
  -0.9319
  -0.9655
  -0.9989
  -1.0293
  -1.0638
  -1.0971
  -1.1318
  -1.1692
  -1.2002
  -1.2323
  -1.2607
  -1.2882
  -1.3083
  -1.3239
  -1.3361
  -1.3430
  -1.3450
  -1.3432
  -1.3389
  -1.3331
  -1.3215
  -1.3081
  -1.2911
  -1.2749
  -1.2607
  -1.2443
  -1.2301
  -1.2190
  -1.2094
  -1.1984
  -1.1913
  -1.1833
  -1.1752
  -1.1701
  -1.1634
  -1.1576
  -1.1504
  -1.1441
  -1.1410
  -1.1394
  -1.1412
  -1.1431
  -1.1409
  -1.1371
  -1.1382
  -1.1365
  -1.1370
  -1.1365
  -1.1374
  -1.1397
  -1.1408
  -1.1419
  -1.1444
  -1.1466
  -1.1498
  -1.1478
  -1.1466
  -1.1459
  -1.1441
  -1.1386
  -1.1390
  -1.1377
  -1.1345
  -1.1319
  -1.1323
  -1.1314
  -1.1343
  -1.1346
  -1.1305
  -1.1316
  -1.1311
  -1.1295
  -1.1259
  -1.1184
  -1.1109
  -1.1044
  -1.0955
  -1.0876
  -1.0760
  -1.0615
  -1.0497
  -1.0375
  -1.0255
  -1.0130
  -1.0025
  -0.9973
  -0.9914
  -0.9893
  -0.9808
  -0.9680
  -0.9606
  -0.9436
  -0.9260
  -0.9057
  -0.8790
  -0.8500
  -0.8195
  -0.7910
  -0.7633
  -0.7358
  -0.7064
  -0.6811
  -0.6572
  -0.6375
  -0.6167
  -0.5936
  -0.5723
  -0.5492
  -0.5250
  -0.4970
  -0.4684
  -0.4389
  -0.4085
  -0.3794
  -0.3506
  -0.3188
  -0.2922
  -0.2592
  -0.2308
  -0.2057
  -0.1802
  -0.1495
  -0.1210
  -0.0932
  -0.0653
  -0.0377
  -0.0061
   0.0203
   0.0537
   0.0840
   0.1145
   0.1414
   0.1652
   0.1873
   0.2103
   0.2299
   0.2530
   0.2719
   0.2902
   0.3037
   0.3188
   0.3337
   0.3472
   0.3556
   0.3680
   0.3881
   0.4114
   0.4275
   0.4462
   0.4632
   0.4696
   0.4799
   0.4852
   0.4869
   0.4845
   0.4787
   0.4689
   0.4560
   0.4391
   0.4233
   0.4083
   0.3951
   0.3856
   0.3769
   0.3648
   0.3537
   0.3389
   0.3242
   0.3169
   0.3041
   0.2908
   0.2814
   0.2695
   0.2541
   0.2574
   0.2606
   0.2527
   0.2550
   0.2604
   0.2644
   0.2711
   0.2749
   0.2790
   0.2742
   0.2663
   0.2627
   0.2568
   0.2495
   0.2492
   0.2358
   0.2220
   0.2128
   0.2086
   0.2029
   0.1962
   0.1857
   0.1957
   0.1853
   0.1681
   0.1525
   0.1378
   0.1245
   0.1073
   0.0933
   0.0892
   0.0809
   0.0705
   0.0632
   0.0613
   0.0623
   0.0616
   0.0655
   0.0716
   0.0763
   0.0907
   0.1080
   0.1177
   0.1324
   0.1485
   0.1666
   0.1843
   0.2017
   0.2147
   0.2247
   0.2414
   0.2631
   0.2838
   0.3110
   0.3369
   0.3602
   0.3852
   0.4146
   0.4443
   0.4722
   0.5094
   0.5343
   0.5610
   0.5983
   0.6218
   0.6348
   0.6637
   0.6979
   0.7293
   0.7686
   0.8169
   0.8705
   0.9230
   0.9783
   1.0304
   1.0807
   1.1392
   1.1992
   1.2615
   1.3206
   1.3875
   1.4535
   1.5235
   1.5802
   1.6512
   1.7278
   1.8082
   1.8853
   1.9663
   2.0520
   2.1361
   2.2156
   2.2963
   2.3777
   2.4586
   2.5424
   2.6234
   2.7031
   2.7811
   2.8563
   2.9285
   2.9941
   3.0482
   3.1121
   3.1730
   3.2308
   3.2948
   3.3612
   3.4273
   3.4944
   3.5617
   3.6243
   3.6921
   3.7587
   3.8282
   3.9035
   3.9728
   4.0426
   4.1102
   4.1747
   4.2393
   4.3020
   4.3645
   4.4239
   4.4822
   4.5610
   4.6334
   4.6889
   4.7323
   4.7882
   4.8297
   4.8724
   4.9166
   4.9607
   5.0077
   5.0622
   5.1205
   5.1788
   5.2382
   5.2965
   5.3554
   5.4166
   5.4766
   5.5352
   5.5880
   5.6397
   5.6948
   5.7453
   5.7999
   5.8529
   5.9096
   5.9623
   6.0156
   6.0728
   6.1339
   6.1828
   6.2207
   6.2604
   6.3047
   6.3571
   6.4076
   6.4632
   6.5157
   6.5834
   6.6449
   6.7078
   6.7717
   6.8290
   6.8851
   6.9468
   7.0117
   7.0821
   7.1407
   7.1991
   7.2464
   7.2926
   7.3390
   7.3877
   7.4448
   7.4796
   7.5417
   7.5967
   7.6514
   7.7025
   7.7588
   7.8061
   7.8366
   7.8744
   7.9203
   7.9732
   8.0098
   8.0593
   8.1031
   8.1418
   8.1772
   8.2113
   8.2369
   8.2586
   8.2756
   8.2908
   8.3011
   8.3097
   8.3116
   8.3185
   8.3253
   8.3336
   8.3511
   8.3639
   8.3748
   8.3848
   8.3903
   8.3951
   8.4043
   8.4169
   8.4313
   8.4294
   8.4531
   8.4916
   8.5296
   8.5620
   8.5877
   8.6160
   8.6415
   8.6721
   8.6876
   8.7028
   8.7100
   8.7179
   8.7329
   8.7306
   8.7269
   8.7262
   8.7215
   8.7301
   8.7392
   8.7487
   8.7595
   8.7678
   8.7745
   8.7756
   8.7960
   8.7839
   8.7807
   8.7724
   8.7628
   8.7506
   8.7482
   8.7456
   8.7443
   8.7406
   8.7318
   8.7263
   8.7166
   8.7078
   8.6981
   8.6919
   8.6848
   8.6778
   8.6745
   8.6667
   8.6553
   8.6405
   8.6274
   8.6066
   8.5926
   8.5713
   8.5497
   8.5151
   8.4828
   8.4543
   8.4210
   8.3865
   8.3525
   8.3109
   8.2660
   8.2101
   8.1688
   8.1192
   8.0485
   7.9769
   7.9034
   7.8318
   7.7607
   7.6875
   7.6096
   7.5363
   7.4701
   7.4060
   7.3373
   7.2637
   7.2058
   7.1366
   7.0659
   6.9883
   6.9052
   6.8222
   6.7437
   6.6589
   6.5650
   6.4718
   6.3699
   6.2662
   6.1603
   6.0562
   5.9511
   5.8435
   5.7266
   5.6107
   5.4930
   5.3730
   5.2517
   5.1313
   5.0113
   4.8840
   4.7552
   4.6303
   4.5048
   4.3795
   4.2596
   4.1353
   4.0127
   3.8938
   3.7783
   3.6600
   3.5540
   3.4355
   3.3204
   3.2093
   3.0952
   2.9864
   2.8719
   2.7583
   2.6522
   2.5414
   2.4349
   2.3264
   2.2152
   2.0900
   1.9536
   1.8183
   1.6808
   1.5605
   1.4158
   1.2769
   1.1374
   1.0032
   0.8470
   0.7100
   0.5780
   0.4480
   0.3044
   0.1644
   0.0295
  -0.1111
  -0.2447
  -0.3757
  -0.5095
  -0.6406
  -0.7728
  -0.9004
  -1.0284
  -1.1495
  -1.2669
  -1.3803
  -1.4935
  -1.5906
  -1.6874
  -1.7749
  -1.8671
  -1.9557
  -2.0474
  -2.1320
  -2.2117
  -2.2929
  -2.3704
  -2.4452
  -2.5249
  -2.6061
  -2.6926
  -2.7764
  -2.8689
  -2.9694
  -3.0607
  -3.1609
  -3.2630
  -3.3632
  -3.4602
  -3.5546
  -3.6572
  -3.7521
  -3.8479
  -3.9421
  -4.0337
  -4.1342
  -4.2411
  -4.3383
  -4.4350
  -4.5298
  -4.6118
  -4.6825
  -4.7430
  -4.7997
  -4.8670
  -4.9044
  -4.9505
  -4.9947
  -5.0331
  -5.0434
  -5.0753
  -5.1063
  -5.1359
  -5.1477
  -5.1638
  -5.1761
  -5.1843
  -5.1946
  -5.2047
  -5.2162
  -5.2224
  -5.2302
  -5.2365
  -5.2477
  -5.2554
  -5.2614
  -5.2692
  -5.2695
  -5.2902
  -5.3025
  -5.3078
  -5.3234
  -5.3414
  -5.3495
  -5.3573
  -5.3697
  -5.3831
  -5.3928
  -5.4001
  -5.4038
  -5.4087
  -5.4038
  -5.4012
  -5.3879
  -5.3608
  -5.3386
  -5.3107
  -5.2778
  -5.2523
  -5.2278
  -5.2027
  -5.1731
  -5.1391
  -5.1074
  -5.0759
  -5.0512
  -5.0271
  -4.9865
  -4.9548
  -4.9264
  -4.8955
  -4.8715
  -4.8500
  -4.8242
  -4.7937
  -4.7636
  -4.7410
  -4.7190
  -4.6965
  -4.6815
  -4.6588
  -4.6376
  -4.6180
  -4.6005
  -4.5866
  -4.5680
  -4.5469
  -4.5281
  -4.5093
  -4.4908
  -4.4654
  -4.4433
  -4.4207
  -4.3937
  -4.3645
  -4.3300
  -4.2964
  -4.2610
  -4.2294
  -4.1898
  -4.1501
  -4.1170
  -4.0678
  -4.0158
  -3.9688
  -3.9290
  -3.8845
  -3.8337
  -3.7776
  -3.7279
  -3.6804
  -3.6298
  -3.5906
  -3.5546
  -3.5176
  -3.4938
  -3.4630
  -3.4337
  -3.4034
  -3.3771
  -3.3481
  -3.3243
  -3.3029
  -3.2808
  -3.2642
  -3.2413
  -3.2158
  -3.1847
  -3.1634
  -3.1375
  -3.1106
  -3.0827
  -3.0475
  -3.0232
  -3.0200
  -3.0288
  -3.0465
  -3.0582
  -3.0642
  -3.0749
  -3.0817
  -3.1023
  -3.1244
  -3.1488
  -3.1667
  -3.1855
  -3.2070
  -3.2271
  -3.2484
  -3.2672
  -3.2847
  -3.3078
  -3.3319
  -3.3507
  -3.3776
  -3.4025
  -3.4389
  -3.4770
  -3.5129
  -3.5551
  -3.5962
  -3.6477
  -3.6997
  -3.7509
  -3.8024
  -3.8571
  -3.9090
  -3.9458
  -4.0031
  -4.0701
  -4.1255
  -4.1868
  -4.2529
  -4.3146
  -4.3724
  -4.4342
  -4.4887
  -4.5517
  -4.6085
  -4.6645
  -4.7158
  -4.7675
  -4.8141
  -4.8579
  -4.9049
  -4.9479
  -4.9923
  -5.0324
  -5.0653
  -5.0949
  -5.1297
  -5.1626
  -5.1936
  -5.2226
  -5.2302
  -5.2166
  -5.1962
  -5.1699
  -5.1527
  -5.1400
  -5.1205
  -5.1060
  -5.0893
  -5.0679
  -5.0492
  -5.0305
  -5.0150
  -4.9987
  -4.9895
  -4.9803
  -4.9711
  -4.9621
  -4.9527
  -4.9377
  -4.9272
  -4.9072
  -4.8857
  -4.8589
  -4.8332
  -4.8072
  -4.7783
  -4.7483
  -4.7187
  -4.6873
  -4.6787
  -4.6737
  -4.6661
  -4.6533
  -4.6616
  -4.6481
  -4.6344
  -4.6284
  -4.6139
  -4.5930
  -4.5703
  -4.5574
  -4.5335
  -4.5086
  -4.4820
  -4.4592
  -4.4362
  -4.4115
  -4.3894
  -4.3754
  -4.3497
  -4.3229
  -4.2960
  -4.2667
  -4.2382
  -4.0851
  -3.9341
  -3.7821
  -3.6313
  -3.4790
  -3.3326
  -3.2015
  -3.0754
  -2.9524
  -2.8296
  -2.7022
  -2.5740
  -2.4489
  -2.3267
  -2.2013
  -2.0803
  -1.9539
  -1.8276
  -1.6965
  -1.5710
  -1.4420
  -1.3124
  -1.1819
  -1.0524
  -0.9218
  -0.7931
  -0.6636
  -0.5349
  -0.4048
  -0.2791
