 992.3898
1022.8901
1053.3148
1083.6740
1113.9677
1144.1957
1174.3580
1204.4550
1234.4698
1264.4192
1294.3030
1324.1211
1353.8737
1383.5607
1413.1658
1442.7052
1472.1791
1501.5874
1530.9302
1560.2074
1589.4026
1618.5321
1647.5962
1676.5946
1705.5275
1734.3948
1763.1901
1791.9098
1820.5640
1849.1526
1877.6757
1873.5117
1869.3577
1865.1938
1861.0299
1856.8660
1852.7020
1848.5381
1844.3840
1840.2201
1836.0562
1831.8923
1827.7284
1823.5645
1819.4169
1815.2529
1811.0890
1806.9250
1802.7611
1798.5972
1794.4497
1790.2957
1786.1317
1781.9678
1777.8038
1773.6399
1769.4924
1765.3384
1761.1744
1757.0105
1752.8467
1748.6827
1744.5251
1740.3712
1736.2073
1732.0433
1727.8794
1723.7155
1719.5515
1715.3976
1711.2336
1707.0697
1702.9058
1698.7418
1694.5779
1690.4240
1686.2700
1682.1061
1677.9421
1673.7782
1669.6143
1665.4667
1661.3127
1657.1488
1652.9849
1648.8209
1644.6570
1640.4995
1636.3456
1632.1816
1628.0177
1623.8538
1619.6898
1615.5323
1611.3783
1607.2144
1603.0504
1598.8865
1594.7227
1590.5651
1586.4111
1582.2572
1578.0933
1573.9293
1569.7654
1565.6014
1561.4475
1557.2935
1553.1296
1548.9657
1544.8018
1540.6378
1536.4739
1532.3199
1528.1560
1523.9921
1519.8281
1515.6642
1511.5067
1507.3527
1503.1887
1499.0248
1494.8610
1490.6970
1486.5394
1482.3855
1478.2316
1474.0676
1469.9037
1465.7397
1461.5823
1457.4283
1453.2743
1449.1104
1444.9464
1440.7825
1436.6250
1432.4611
1428.3071
1424.1432
1419.9792
1415.8153
1411.6514
1407.4875
1403.3335
1399.1696
1395.0056
1390.8418
1386.6779
1382.5139
1378.3600
1374.2059
1370.0420
1365.8782
1361.7142
1357.5566
1353.4027
1349.2488
1345.0848
1340.9209
1336.7570
1332.5995
1328.4355
1324.2816
1320.1177
1315.9537
1311.7898
1307.6323
1303.4684
1299.3145
1295.1505
1290.9866
1286.8226
1282.6650
1278.5012
1274.3472
1270.1932
1266.0293
1261.8654
1257.7015
1253.5376
1249.3837
1245.2296
1241.0658
1236.9019
1232.7379
1228.5740
1224.4100
1220.2561
1216.0922
1211.9282
1207.7643
1203.6068
1199.4429
1195.2889
1191.1250
1186.9611
1182.7971
1178.6395
1174.4757
1170.3218
1166.1678
1162.0039
1157.8400
1153.6824
1149.5184
1145.3645
1141.2106
1137.0466
1132.8827
1128.7252
1124.5613
1120.3973
1116.2434
1112.0795
1107.9155
1103.7516
1099.5878
1095.4238
1091.2699
1087.1060
1082.9420
1078.7781
1074.6141
1070.4502
1066.2963
1062.1423
1057.9784
1053.8145
1049.6570
1045.4930
1041.3391
1037.1852
1033.0212
1028.8573
1024.6998
1020.5358
1016.3719
1012.2180
1008.0541
1003.8901
 999.7326
 995.5687
 991.4048
 987.2509
 983.0869
 978.9230
 974.7654
 970.6015
 966.4376
 962.2837
 958.1198
 953.9558
 949.7919
 945.6279
 941.4641
 937.3101
 933.1562
 928.9922
 924.8283
 920.6644
 916.5005
 912.3365
 908.1826
 904.0187
 899.8547
 895.6972
 891.5333
 887.3694
 883.2155
 879.0515
 874.8876
 870.7300
 866.5661
 862.4022
 858.2483
 854.0844
 849.9204
 845.7629
 841.5989
 837.4351
 833.2811
 829.1272
 824.9633
 820.8057
 816.6418
 812.4779
 808.3140
 804.1600
 799.9961
 795.8322
 791.6683
 787.5043
 783.3405
 779.1865
 775.0226
 770.8586
 766.6947
 762.5308
 758.3669
 754.2130
 750.0490
 745.8851
 741.7275
 737.5637
 733.3997
 729.2458
 725.0919
 720.9280
 716.7704
 712.6065
 708.4426
 704.2886
 700.1348
 695.9708
 691.8132
 687.6494
 683.4854
 679.3215
 675.1676
 671.0037
 666.8461
 662.6822
 658.5182
 654.3544
 650.2004
 646.0365
 641.8726
 637.7087
 633.5447
 629.3808
 625.2269
 621.0730
 616.9091
 612.7451
 608.5812
 604.4173
 600.2634
 596.1095
 591.9456
 587.7880
 583.6241
 579.4601
 575.2963
 571.1423
 566.9784
 562.8209
 558.6569
 554.4930
 550.3291
 546.1752
 542.0112
 537.8537
 533.6898
 529.5259
 525.3619
 521.2080
 517.0541
 512.8966
 508.7327
 504.5687
 500.4048
 496.2509
 492.0970
 487.9331
 483.7692
 479.6053
 475.4413
 471.2774
 467.1235
 462.9596
 458.7957
 454.6317
 450.4678
 446.3039
 442.1500
 437.9861
 433.8285
 429.6646
 425.5007
 421.3367
 417.1829
 413.0290
 408.8714
 404.7075
 400.5435
 396.3796
 392.2257
 388.0718
 383.9143
 379.7504
 375.5864
 371.4225
 367.2586
 363.1047
 358.9471
 354.7832
 350.6193
 346.4554
 342.2915
 338.1376
 333.9736
 329.8097
 325.6458
 321.4819
 317.3180
 313.1641
 309.0102
 304.8463
 300.6823
 296.5184
 292.3545
 288.2006
 284.0467
 279.8892
 275.7253
 271.5613
 267.3974
 263.2335
 259.0796
 254.9220
 250.7581
 246.5942
 242.4303
 238.2663
 234.1125
 229.9549
 225.7910
 221.6270
 217.4631
 213.2992
 209.1453
 204.9978
 200.8339
 196.6700
 192.5060
 188.3421
 184.1882
 180.0343
 175.8704
 171.7065
 167.5426
 163.3787
 159.2148
 155.0609
 150.8970
 146.7330
 142.5691
 138.4052
 134.2413
 130.0874
 125.9991
 121.9764
 118.0193
 114.1277
 110.3017
 106.5513
 102.8729
  99.2600
  95.7127
  92.2310
  88.8148
  85.4743
  82.2057
  79.0026
  75.8652
  72.7933
  69.7869
  66.8462
  63.9874
  61.1942
  58.4666
  55.8045
  53.2081
  50.6772
  48.2219
  45.8385
  43.5207
  41.2685
  39.0819
  36.9608
  34.9153
  32.9418
  31.0339
  29.1915
  27.4147
  25.7035
  24.0678
  22.5042
  21.0060
  19.5836
  18.2267
  16.9353
  15.7096
  14.5658
  13.4876
  12.4750
  11.5279
  10.6464
   9.8305
   9.0966
   8.4282
   7.8254
   7.2882
   6.8165
   6.4104
   6.0863
   5.8278
   5.6349
   5.5075
   5.4457
   5.4494
   5.4595
   5.4696
   5.4797
   5.4898
   5.4999
   5.5100
   5.5201
   5.5302
   5.5403
   5.5505
   5.5606
   5.5707
   5.5808
   5.5909
   5.6010
   5.6111
   5.6212
   5.6414
   5.6616
   5.6817
   5.7019
   5.7221
   5.7423
   5.7625
   5.7827
   5.8028
   5.8230
   5.8432
   5.8634
   5.8836
   5.9038
   5.9240
   5.9442
   5.9644
   5.9845
   6.0047
   6.0249
   6.0451
   6.0653
   6.0754
   6.0856
   6.0957
   6.1058
   6.1159
   6.1261
   6.1362
   6.1463
   6.1565
   6.1666
   6.1767
   6.1868
   6.1970
   6.2071
   6.2172
   6.2274
   6.2375
   6.2476
   6.2678
   6.2880
   6.3083
   6.3285
   6.3487
   6.3689
   6.3891
   6.4094
   6.4296
   6.4498
   6.4700
   6.4902
   6.5105
   6.5307
   6.5509
   6.5711
   6.5914
   6.6116
   6.6318
   6.6520
   6.6723
   6.6824
   6.6926
   6.7027
   6.7129
   6.7230
   6.7332
   6.7433
   6.7535
   6.7636
   6.7738
   6.7839
   6.7941
   6.8042
   6.8144
   6.8245
   6.8347
   6.8448
   6.8550
   6.8753
   6.8955
   6.9158
   6.9360
   6.9563
   6.9765
   6.9968
   7.0170
   7.0373
   7.0575
   7.0778
   7.0980
   7.1183
   7.1385
   7.1588
   7.1791
   7.1993
   7.2196
   7.2398
   7.2601
   7.2804
   7.3006
   7.3108
   7.3210
   7.3311
   7.3413
   7.3515
   7.3617
   7.3718
   7.3820
   7.3922
   7.4024
   7.4125
   7.4227
   7.4329
   7.4431
   7.4533
   7.4634
   7.4736
   7.4939
   7.5142
   7.5345
   7.5548
   7.5750
   7.5953
   7.6156
   7.6359
   7.6562
   7.6765
   7.6968
   7.7171
   7.7373
   7.7576
   7.7779
   7.7982
   7.8185
   7.8388
   7.8591
   7.8794
   7.8997
   7.9200
   7.9302
   7.9404
   7.9506
   7.9608
   7.9710
   7.9812
   7.9914
   8.0016
   8.0118
   8.0220
   8.0322
   8.0424
   8.0526
   8.0628
   8.0730
   8.0832
   8.0934
   8.1036
   8.1239
   8.1442
   8.1645
   8.1849
   8.2052
   8.2255
   8.2458
   8.2661
   8.2865
   8.3068
   8.3271
   8.3474
   8.3678
   8.3881
   8.4084
   8.4287
   8.4491
   8.4694
   8.4897
   8.5100
   8.5304
   8.5406
   8.5508
   8.5610
   8.5713
   8.5815
   8.5917
   8.6019
   8.6122
   8.6224
   8.6326
   8.6428
   8.6531
   8.6633
   8.6735
   8.6837
   8.6940
   8.7042
   8.7144
   8.7348
   8.7551
   8.7755
   8.7958
   8.8162
   8.8365
   8.8569
   8.8772
   8.8976
   8.9180
   8.9383
   8.9587
   8.9790
   8.9994
   9.0197
   9.0401
   9.0605
   9.0808
   9.1012
   9.1215
   9.1419
   9.1623
   9.1725
   9.1828
   9.1930
   9.2033
   9.2135
   9.2238
   9.2340
   9.2443
   9.2545
   9.2648
   9.2750
   9.2853
   9.2955
   9.3058
   9.3160
   9.3263
   9.3365
   9.3468
   9.3671
   9.3875
   9.4079
   9.4283
   9.4487
   9.4691
   9.4895
   9.5099
   9.5302
   9.5506
   9.5710
   9.5914
   9.6118
   9.6322
   9.6526
   9.6730
   9.6934
   9.7138
   9.7342
   9.7546
   9.7750
   9.7852
   9.7955
   9.8058
   9.8160
   9.8263
   9.8366
   9.8469
   9.8571
   9.8674
   9.8777
   9.8880
   9.8982
   9.9085
   9.9188
   9.9291
   9.9393
   9.9496
   9.9599
   9.9803
  10.0007
  10.0211
  10.0416
  10.0620
  10.0824
  10.1028
  10.1233
  10.1437
  10.1641
  10.1845
  10.2050
  10.2254
  10.2458
  10.2662
  10.2867
  10.3071
  10.3275
  10.3479
  10.3684
  10.3888
  10.4092
  10.4195
  10.4298
  10.4401
  10.4504
  10.4607
  10.4710
  10.4813
  10.4916
  10.5019
  10.5122
  10.5225
  10.5328
  10.5431
  10.5534
  10.5637
  10.5740
  10.5843
  10.6048
  10.6252
  10.6457
  10.6661
  10.6866
  10.7070
  10.7275
  10.7479
  10.7684
  10.7889
  10.8093
  10.8298
  10.8502
  10.8707
  10.8911
  10.9116
  10.9321
  10.9525
  10.9730
  10.9935
  11.0139
  11.0344
  11.0447
  11.0550
  11.0653
  11.0757
  11.0860
  11.0963
  11.1066
  11.1169
  11.1273
  11.1376
  11.1479
  11.1582
  11.1686
  11.1789
  11.1892
  11.1995
  11.2099
  11.2202
  11.2407
  11.2612
  11.2816
  11.3021
  11.3226
  11.3431
  11.3636
  11.3841
  11.4046
  11.4251
  11.4456
  11.4661
  11.4866
  11.5070
  11.5275
  11.5480
  11.5685
  11.5890
  11.6095
  11.6300
  11.6505
  11.6609
  11.6712
  11.6816
  11.6919
  11.7022
  11.7126
  11.7229
  11.7333
  11.7436
  11.7540
  11.7643
  11.7747
  11.7850
  11.7954
  11.8057
  11.8161
  11.8264
  11.8368
  11.8573
  11.8778
  11.8983
  11.9188
  11.9394
  11.9599
  11.9804
  12.0111
  12.0418
  12.0725
  12.1032
  12.1339
  12.1646
  12.1953
  12.2260
  12.2567
  12.2874
  12.3181
  12.3488
  12.3795
  12.4102
  12.4410
  12.4615
  12.4821
  12.5026
  12.5231
  12.5437
  12.5642
  12.5848
  12.6053
  12.6259
  12.6464
  12.6670
  12.6875
  12.7081
  12.7287
  12.7492
  12.7698
  12.7903
  12.8109
  12.8314
  12.8520
  12.8725
  12.8931
  12.9136
  12.9342
  12.9548
  12.9753
  12.9959
  13.0164
  13.0370
  13.0576
  13.0781
  13.0987
  13.1192
  13.1398
  13.1604
  13.1809
  13.2015
  13.2221
  13.2426
  13.2530
  13.2634
  13.2738
  13.2842
  13.2946
  13.3050
  13.3154
  13.3156
  13.3158
  13.3160
  13.3163
  13.3165
  13.3167
  13.3169
  13.3172
  13.3174
  13.3176
  13.3178
  13.3180
  13.3183
  13.3185
  13.3187
  13.3189
  13.3191
  13.3194
  13.3196
  13.3198
  13.3200
  13.3203
  13.3205
  13.3207
  13.3209
  13.3211
  13.3214
  13.3216
  13.3218
  13.3220
  13.3223
  13.3225
  13.3227
  13.3229
  13.3231
  13.3234
  13.3236
  13.3238
  13.3240
  13.3242
  13.3245
  13.3247
  13.3249
  13.3251
  13.3254
  13.3256
  13.3258
  13.3260
  13.3262
  13.3265
  13.3267
  13.3269
  13.3271
  13.3273
  13.3276
  13.3278
  13.3280
  13.3282
  13.3285
  13.3287
  13.3289
  13.3291
  13.3293
  13.3296
  13.3298
  13.3300
  13.3302
  13.3305
  13.3307
  13.3309
  13.3311
  13.3313
  13.3316
  13.3318
  13.3320
  13.3322
  13.3324
  13.3327
  13.3329
  13.3331
  13.3333
  13.3336
  13.3338
  13.3340
  13.3342
  13.3344
  13.3347
  13.3349
  13.3351
  13.3353
  13.3355
  13.3358
  13.3360
  13.3362
  13.3364
  13.3367
  13.3369
  13.3371
  13.3373
  13.3375
  13.3378
  13.3380
  13.3382
  13.3384
  13.3387
  13.3389
  13.3391
  13.3393
  13.3395
  13.3398
  13.3400
  13.3402
  13.3404
  13.3406
  13.3409
  13.3411
  13.3413
  13.3415
  13.3418
  13.3420
  13.3422
  13.3424
  13.3426
  13.3429
  13.3431
  13.3433
  13.3435
  13.3438
  13.3440
  13.3442
  13.3444
  13.3446
  13.3449
  13.3451
  13.3453
  13.3455
  13.3457
  13.3460
  13.3462
  13.3464
  13.3466
  13.3469
  13.3471
  13.3473
  13.3475
  13.3477
  13.3480
  13.3482
  13.3484
  13.3486
  13.3488
  13.3491
  13.3493
  13.3495
  13.3497
  13.3500
  13.3502
  13.3504
  13.3506
  13.3508
  13.3511
  13.3513
  13.3515
  13.3517
  13.3520
  13.3522
  13.3524
  13.3526
  13.3528
  13.3531
  13.3533
  13.3535
  13.3537
  13.3539
  13.3542
  13.3544
  13.3546
  13.3548
  13.3551
  13.3553
  13.3555
  13.3557
  13.3559
  13.3562
  13.3564
  13.3566
  13.3568
  13.3570
  13.3573
  13.3575
  13.3577
  13.3579
  13.3582
  13.3584
  13.3586
  13.3588
  13.3590
  13.3593
  13.3595
  13.3597
  13.3599
  13.3602
  13.3604
  13.3606
  13.3608
  13.3610
  13.3613
  13.3615
  13.3617
  13.3619
  13.3621
  13.3624
  13.3626
  13.3628
  13.3630
  13.3633
  13.3635
  13.3637
  13.3639
  13.3641
  13.3644
  13.3646
  13.3648
  13.3650
  13.3652
  13.3655
  13.3657
  13.3659
  13.3661
  13.3664
  13.3666
  13.3668
  13.3670
  13.3672
  13.3675
  13.3677
  13.3679
  13.3681
  13.3684
  13.3686
  13.3688
  13.3690
  13.3692
  13.3695
  13.3697
  13.3699
  13.3701
  13.3703
  13.3706
  13.3708
  13.3710
  13.3712
  13.3715
  13.3717
  13.3719
  13.3721
  13.3723
  13.3726
  13.3728
  13.3730
  13.3732
  13.3734
  13.3737
  13.3739
  13.3741
  13.3743
  13.3746
  13.3748
  13.3750
  13.3752
  13.3754
  13.3757
  13.3759
  13.3761
  13.3763
  13.3766
  13.3768
  13.3770
  13.3772
  13.3774
  13.3777
  13.3779
  13.3781
  13.3783
  13.3785
  13.3788
  13.3790
  13.3792
  13.3794
  13.3797
  13.3799
  13.3801
  13.3803
  13.3805
  13.3808
  13.3810
  13.3812
  13.3814
  13.3816
  13.3819
  13.3821
  13.3823
  13.3825
  13.3828
  13.3830
  13.3832
  13.3834
  13.3836
  13.3839
  13.3841
  13.3843
  13.3845
  13.3848
  13.3850
  13.3852
  13.3854
  13.3856
  13.3859
  13.3861
  13.3863
  13.3865
  13.3867
  13.3870
  13.3872
  13.3874
  13.3876
  13.3879
  13.3881
  13.3883
  13.3885
  13.3887
  13.3890
  13.3892
  13.3894
  13.3896
  13.3898
  13.3901
  13.3903
  13.3905
  13.3907
  13.3910
  13.3912
  13.3914
  13.3916
  13.3918
  13.3921
  13.3923
  13.3925
  13.3927
  13.3930
  13.3932
  13.3934
  13.3936
  13.3938
  13.3941
  13.3943
  13.3945
  13.3947
  13.3949
  13.3952
  13.3954
  13.3956
  13.3958
  13.3961
  13.3963
  13.3965
  13.3967
  13.3969
  13.3972
  13.3974
  13.3976
  13.3978
  13.3980
  13.3983
  13.3985
  13.3987
  13.3989
  13.3992
  13.3994
  13.3996
  13.3998
  13.4000
  13.4003
  13.4005
  13.4007
  13.4009
  13.4012
  13.4014
  13.4016
  13.4018
  13.4020
  13.4023
  13.4025
  13.4027
  13.4029
  13.4031
  13.4034
  13.4036
  13.4038
  13.4040
  13.4043
  13.4045
  13.4047
  13.4049
  13.4051
  13.4054
  13.4056
  13.4058
  13.4060
  13.4062
  13.4065
  13.4067
  13.4069
  13.4071
  13.4074
  13.4076
  13.4078
  13.4080
  13.4082
  46.0246
  78.5590
 111.0278
 143.4311
 175.7687
 208.0408
 240.2473
 272.3719
 304.4308
 336.4242
 368.3520
 400.2142
 432.0109
 463.7256
 495.3747
 526.9582
 558.4761
 589.9285
 621.3153
 652.6201
 683.8594
 715.0331
 746.1412
 777.1837
 808.1606
 839.0555
 869.8849
 900.6487
 931.3470
 961.9797
