  -7.2580
  -7.1832
  -7.0985
  -7.0144
  -6.9295
  -6.8490
  -6.7675
  -6.6806
  -6.5946
  -6.5035
  -6.4092
  -6.3203
  -6.2273
  -6.1335
  -6.0393
  -5.9512
  -5.8592
  -5.7698
  -5.6825
  -5.5944
  -5.5073
  -5.4241
  -5.3443
  -5.2643
  -5.1830
  -5.1108
  -5.0409
  -4.9746
  -4.9087
  -4.8467
  -4.7853
  -4.7611
  -4.7347
  -4.7126
  -4.6900
  -4.6682
  -4.6391
  -4.6121
  -4.5880
  -4.5642
  -4.5425
  -4.5222
  -4.5071
  -4.4929
  -4.4774
  -4.4662
  -4.4471
  -4.4349
  -4.4230
  -4.4071
  -4.3918
  -4.3725
  -4.3573
  -4.3367
  -4.3175
  -4.3026
  -4.2769
  -4.2576
  -4.2322
  -4.2118
  -4.1997
  -4.1887
  -4.1820
  -4.1742
  -4.1695
  -4.1598
  -4.1546
  -4.1418
  -4.1330
  -4.1198
  -4.1112
  -4.1041
  -4.0962
  -4.0884
  -4.0874
  -4.0881
  -4.0789
  -4.0753
  -4.0690
  -4.0612
  -4.0543
  -4.0491
  -4.0454
  -4.0391
  -4.0334
  -4.0393
  -4.0371
  -4.0454
  -4.0533
  -4.0549
  -4.0638
  -4.0691
  -4.0728
  -4.0755
  -4.0834
  -4.0887
  -4.0987
  -4.1125
  -4.1220
  -4.1317
  -4.1382
  -4.1417
  -4.1395
  -4.1317
  -4.1193
  -4.1023
  -4.0731
  -4.0456
  -4.0118
  -3.9783
  -3.9489
  -3.9227
  -3.8981
  -3.8765
  -3.8593
  -3.8399
  -3.8134
  -3.7839
  -3.7443
  -3.7104
  -3.6786
  -3.6517
  -3.6323
  -3.6139
  -3.6089
  -3.5968
  -3.5955
  -3.5893
  -3.5835
  -3.5726
  -3.5616
  -3.5527
  -3.5487
  -3.5511
  -3.5460
  -3.5358
  -3.5242
  -3.5185
  -3.5201
  -3.5224
  -3.5306
  -3.5355
  -3.5482
  -3.5620
  -3.5843
  -3.5969
  -3.6119
  -3.6223
  -3.6235
  -3.6188
  -3.6099
  -3.6021
  -3.5978
  -3.5953
  -3.5948
  -3.5874
  -3.5803
  -3.5781
  -3.5752
  -3.5776
  -3.5827
  -3.5901
  -3.6088
  -3.6288
  -3.6508
  -3.6820
  -3.7172
  -3.7656
  -3.8222
  -3.8724
  -3.9295
  -3.9800
  -4.0330
  -4.0856
  -4.1404
  -4.1916
  -4.2448
  -4.2995
  -4.3652
  -4.4350
  -4.5066
  -4.5745
  -4.6326
  -4.6851
  -4.7388
  -4.7793
  -4.8164
  -4.8472
  -4.8786
  -4.9161
  -4.9514
  -4.9758
  -5.0091
  -5.0347
  -5.0513
  -5.0669
  -5.0864
  -5.1094
  -5.1339
  -5.1457
  -5.1556
  -5.1680
  -5.1822
  -5.1886
  -5.1942
  -5.1960
  -5.2014
  -5.1848
  -5.1631
  -5.1575
  -5.1519
  -5.1481
  -5.1378
  -5.1208
  -5.0959
  -5.0702
  -5.0432
  -5.0181
  -4.9812
  -4.9363
  -4.8983
  -4.8560
  -4.8152
  -4.7758
  -4.7370
  -4.7003
  -4.6638
  -4.6328
  -4.5951
  -4.5585
  -4.5307
  -4.5035
  -4.4871
  -4.4682
  -4.4481
  -4.4239
  -4.4021
  -4.3721
  -4.3612
  -4.3390
  -4.3249
  -4.3082
  -4.3013
  -4.2870
  -4.2762
  -4.2634
  -4.2481
  -4.2400
  -4.2396
  -4.2405
  -4.2426
  -4.2555
  -4.2868
  -4.2936
  -4.3080
  -4.3190
  -4.3338
  -4.3510
  -4.3624
  -4.3702
  -4.3814
  -4.3929
  -4.3949
  -4.3971
  -4.3884
  -4.3786
  -4.3666
  -4.3524
  -4.3494
  -4.3528
  -4.3423
  -4.3348
  -4.3307
  -4.3260
  -4.3265
  -4.3345
  -4.3464
  -4.3572
  -4.3666
  -4.3819
  -4.4108
  -4.4310
  -4.4570
  -4.4802
  -4.4987
  -4.5168
  -4.5352
  -4.5455
  -4.5497
  -4.5519
  -4.5459
  -4.5302
  -4.5160
  -4.4913
  -4.4697
  -4.4460
  -4.4197
  -4.3945
  -4.3745
  -4.3318
  -4.3010
  -4.2611
  -4.2216
  -4.1735
  -4.1352
  -4.0920
  -4.0438
  -4.0081
  -3.9689
  -3.9301
  -3.8792
  -3.8314
  -3.7758
  -3.7188
  -3.6703
  -3.6241
  -3.5800
  -3.5449
  -3.5048
  -3.4643
  -3.4265
  -3.3878
  -3.3498
  -3.3156
  -3.2855
  -3.2675
  -3.2498
  -3.2347
  -3.2262
  -3.2204
  -3.2179
  -3.2201
  -3.2260
  -3.2367
  -3.2498
  -3.2643
  -3.2762
  -3.2860
  -3.2951
  -3.3077
  -3.3224
  -3.3341
  -3.3487
  -3.3602
  -3.3766
  -3.3923
  -3.4117
  -3.4310
  -3.4533
  -3.4768
  -3.5055
  -3.5417
  -3.5920
  -3.6372
  -3.6854
  -3.7290
  -3.7753
  -3.8248
  -3.8764
  -3.9296
  -3.9842
  -4.0424
  -4.0996
  -4.1623
  -4.2239
  -4.2887
  -4.3570
  -4.4318
  -4.5020
  -4.5700
  -4.6302
  -4.6937
  -4.7464
  -4.7952
  -4.8378
  -4.8715
  -4.8993
  -4.9239
  -4.9383
  -4.9495
  -4.9577
  -4.9671
  -4.9723
  -4.9777
  -4.9799
  -4.9803
  -4.9816
  -4.9796
  -4.9777
  -4.9761
  -4.9749
  -4.9718
  -4.9643
  -4.9561
  -4.9454
  -4.9342
  -4.9260
  -4.9215
  -4.9174
  -4.9161
  -4.9153
  -4.9109
  -4.9069
  -4.9044
  -4.9034
  -4.9046
  -4.9086
  -4.9119
  -4.9156
  -4.9188
  -4.9225
  -4.9252
  -4.9230
  -4.9129
  -4.9025
  -4.8978
  -4.8913
  -4.8873
  -4.8795
  -4.8725
  -4.8633
  -4.8619
  -4.8546
  -4.8496
  -4.8388
  -4.8282
  -4.8097
  -4.7879
  -4.7635
  -4.7365
  -4.7142
  -4.6958
  -4.6831
  -4.6758
  -4.6781
  -4.6835
  -4.6995
  -4.7159
  -4.7375
  -4.7596
  -4.7831
  -4.8089
  -4.8340
  -4.8636
  -4.8944
  -4.9264
  -4.9593
  -4.9917
  -5.0288
  -5.0667
  -5.1024
  -5.1386
  -5.1797
  -5.2197
  -5.2592
  -5.2993
  -5.3386
  -5.3748
  -5.4102
  -5.4457
  -5.4812
  -5.5152
  -5.5498
  -5.5786
  -5.6038
  -5.6274
  -5.6465
  -5.6601
  -5.6735
  -5.6813
  -5.6909
  -5.6973
  -5.7027
  -5.7082
  -5.7148
  -5.7224
  -5.7239
  -5.7284
  -5.7323
  -5.7372
  -5.7420
  -5.7482
  -5.7542
  -5.7632
  -5.7727
  -5.7829
  -5.7936
  -5.8071
  -5.8217
  -5.8378
  -5.8555
  -5.8716
  -5.8838
  -5.8929
  -5.9015
  -5.9069
  -5.9132
  -5.9146
  -5.9169
  -5.9200
  -5.9251
  -5.9369
  -5.9447
  -5.9564
  -5.9654
  -5.9771
  -5.9894
  -6.0023
  -6.0136
  -6.0225
  -6.0289
  -6.0357
  -6.0408
  -6.0456
  -6.0533
  -6.0648
  -6.0763
  -6.0892
  -6.1044
  -6.1243
  -6.1486
  -6.1764
  -6.2050
  -6.2346
  -6.2678
  -6.2964
  -6.3232
  -6.3473
  -6.3720
  -6.3987
  -6.4289
  -6.4579
  -6.4878
  -6.5173
  -6.5437
  -6.5723
  -6.5971
  -6.6242
  -6.6478
  -6.6693
  -6.6884
  -6.7055
  -6.7191
  -6.7296
  -6.7355
  -6.7399
  -6.7416
  -6.7421
  -6.7454
  -6.7452
  -6.7410
  -6.7352
  -6.7277
  -6.7234
  -6.7195
  -6.7178
  -6.7192
  -6.7227
  -6.7344
  -6.7482
  -6.7639
  -6.7826
  -6.7964
  -6.8141
  -6.8239
  -6.8313
  -6.8323
  -6.8341
  -6.8313
  -6.8299
  -6.8273
  -6.8307
  -6.8333
  -6.8412
  -6.8515
  -6.8566
  -6.8617
  -6.8666
  -6.8700
  -6.8714
  -6.8692
  -6.8598
  -6.8481
  -6.8361
  -6.8245
  -6.8161
  -6.8100
  -6.8097
  -6.8128
  -6.8141
  -6.8167
  -6.8224
  -6.8294
  -6.8420
  -6.8531
  -6.8694
  -6.8828
  -6.8968
  -6.9074
  -6.9132
  -6.9227
  -6.9303
  -6.9405
  -6.9589
  -6.9745
  -6.9886
  -7.0064
  -7.0249
  -7.0457
  -7.0612
  -7.0759
  -7.0928
  -7.1090
  -7.1312
  -7.1519
  -7.1675
  -7.1861
  -7.1993
  -7.2139
  -7.2236
  -7.2282
  -7.2332
  -7.2297
  -7.2329
  -7.2311
  -7.2375
  -7.2400
  -7.2478
  -7.2588
  -7.2680
  -7.2748
  -7.2860
  -7.2949
  -7.2991
  -7.3032
  -7.3003
  -7.3015
  -7.2989
  -7.2961
  -7.2974
  -7.2971
  -7.2957
  -7.2957
  -7.2937
  -7.3004
  -7.2993
  -7.2981
  -7.2975
  -7.2957
  -7.2855
  -7.2742
  -7.2604
  -7.2502
  -7.2351
  -7.2238
  -7.2163
  -7.2142
  -7.2201
  -7.2299
  -7.2401
  -7.2640
  -7.2835
  -7.2988
  -7.3152
  -7.3216
  -7.3285
  -7.3385
  -7.3472
  -7.3514
  -7.3595
  -7.3734
  -7.3909
  -7.4016
  -7.4092
  -7.4170
  -7.4126
  -7.4223
  -7.4155
  -7.4109
  -7.4089
  -7.4050
  -7.4016
  -7.4003
  -7.4109
  -7.4123
  -7.4198
  -7.4230
  -7.4292
  -7.4308
  -7.4180
  -7.4078
  -7.3867
  -7.3566
  -7.3146
  -7.2713
  -7.2240
  -7.1791
  -7.1336
  -7.0925
  -7.0554
  -7.0202
  -6.9880
  -6.9572
  -6.9360
  -6.9137
  -6.8810
  -6.8551
  -6.8308
  -6.8020
  -6.7744
  -6.7487
  -6.7244
  -6.6957
  -6.6531
  -6.6206
  -6.5822
  -6.5417
  -6.4994
  -6.4477
  -6.3969
  -6.3472
  -6.2909
  -6.2327
  -6.1912
  -6.1411
  -6.0958
  -6.0501
  -6.0081
  -5.9612
  -5.9233
  -5.8818
  -5.8348
  -5.7915
  -5.7563
  -5.7261
  -5.6914
  -5.6672
  -5.6367
  -5.6138
  -5.5934
  -5.5687
  -5.5424
  -5.5200
  -5.4895
  -5.4577
  -5.4328
  -5.3992
  -5.3718
  -5.3462
  -5.3225
  -5.3127
  -5.3087
  -5.3143
  -5.3355
  -5.3612
  -5.3975
  -5.4364
  -5.4735
  -5.5168
  -5.5526
  -5.5845
  -5.6103
  -5.6309
  -5.6499
  -5.6590
  -5.6751
  -5.6899
  -5.7080
  -5.7245
  -5.7446
  -5.7597
  -5.7821
  -5.8047
  -5.8311
  -5.8676
  -5.9006
  -5.9336
  -5.9704
  -6.0014
  -6.0388
  -6.0663
  -6.0998
  -6.1269
  -6.1523
  -6.1682
  -6.1917
  -6.2074
  -6.2334
  -6.2549
  -6.2798
  -6.2980
  -6.3123
  -6.3295
  -6.3510
  -6.3687
  -6.3847
  -6.3991
  -6.4187
  -6.4340
  -6.4533
  -6.4653
  -6.4794
  -6.4941
  -6.5060
  -6.5198
  -6.5306
  -6.5381
  -6.5507
  -6.5625
  -6.5766
  -6.5933
  -6.6064
  -6.6158
  -6.6265
  -6.6278
  -6.6337
  -6.6366
  -6.6373
  -6.6375
  -6.6331
  -6.6314
  -6.6289
  -6.6235
  -6.6202
  -6.6118
  -6.6095
  -6.5939
  -6.5816
  -6.5671
  -6.5476
  -6.5243
  -6.5025
  -6.4710
  -6.4409
  -6.4107
  -6.3765
  -6.3370
  -6.2927
  -6.2458
  -6.1909
  -6.1329
  -6.0810
  -6.0296
  -5.9780
  -5.9341
  -5.8920
  -5.8452
  -5.8083
  -5.7613
  -5.7189
  -5.6729
  -5.6308
  -5.5904
  -5.5517
  -5.5014
  -5.4481
  -5.3974
  -5.3498
  -5.2968
  -5.2478
  -5.1971
  -5.1525
  -5.0984
  -5.0518
  -5.0002
  -4.9504
  -4.8965
  -4.8438
  -4.7938
  -4.7319
  -4.6762
  -4.6150
  -4.5545
  -4.4965
  -4.4355
  -4.3763
  -4.3136
  -4.2502
  -4.1795
  -4.1114
  -4.0445
  -3.9766
  -3.9063
  -3.8412
  -3.7697
  -3.7071
  -3.6327
  -3.5648
  -3.4927
  -3.4151
  -3.3396
  -3.2629
  -3.1821
  -3.1086
  -3.0293
  -2.9547
  -2.8752
  -2.7972
  -2.7184
  -2.6381
  -2.5659
  -2.4906
  -2.4122
  -2.3318
  -2.2519
  -2.1707
  -2.0857
  -1.9994
  -1.9074
  -1.8211
  -1.7289
  -1.6362
  -1.5428
  -1.4502
  -1.3526
  -1.2579
  -1.1690
  -1.0789
  -0.9837
  -0.8873
  -0.7926
  -0.6992
  -0.5995
  -0.5065
  -0.4101
  -0.3152
  -0.2192
  -0.1226
  -0.0237
   0.0812
   0.1801
   0.2937
   0.4011
   0.5117
   0.6312
   0.7463
   0.8698
   0.9945
   1.1242
   1.2530
   1.3774
   1.5124
   1.6449
   1.7779
   1.9158
   2.0476
   2.1852
   2.3208
   2.4578
   2.5923
   2.7269
   2.8610
   2.9895
   3.1180
   3.2478
   3.3767
   3.5089
   3.6352
   3.7595
   3.8822
   4.0067
   4.1295
   4.2555
   4.3793
   4.5112
   4.6396
   4.7661
   4.8926
   5.0196
   5.1436
   5.2718
   5.4004
   5.5224
   5.6443
   5.7685
   5.8907
   6.0133
   6.1361
   6.2594
   6.3830
   6.5024
   6.6214
   6.7456
   6.8635
   6.9874
   7.1051
   7.2211
   7.3422
   7.4564
   7.5710
   7.6844
   7.7970
   7.9067
   8.0154
   8.1253
   8.2246
   8.3213
   8.4137
   8.5051
   8.5906
   8.6697
   8.7546
   8.8289
   8.9106
   8.9877
   9.0683
   9.1430
   9.2177
   9.2842
   9.3527
   9.4190
   9.4810
   9.5454
   9.6094
   9.6684
   9.7286
   9.7795
   9.8369
   9.8879
   9.9431
   9.9973
  10.0456
  10.0968
  10.1460
  10.1893
  10.2347
  10.2706
  10.3109
  10.3480
  10.3762
  10.4035
  10.4283
  10.4458
  10.4689
  10.4805
  10.4858
  10.4803
  10.4694
  10.4487
  10.4254
  10.3971
  10.3706
  10.3466
  10.3258
  10.3035
  10.2729
  10.2540
  10.2306
  10.2028
  10.1725
  10.1386
  10.0965
  10.0511
   9.9958
   9.9435
   9.8787
   9.8228
   9.7685
   9.7075
   9.6482
   9.5896
   9.5366
   9.4797
   9.4244
   9.3606
   9.2937
   9.2206
   9.1476
   9.0713
   8.9954
   8.9187
   8.8498
   8.7827
   8.7105
   8.6341
   8.5641
   8.4844
   8.4068
   8.3220
   8.2407
   8.1477
   8.0472
   7.9546
   7.8630
   7.7663
   7.6679
   7.5614
   7.4611
   7.3466
   7.2284
   7.1069
   6.9820
   6.8509
   6.7241
   6.5918
   6.4674
   6.3475
   6.2355
   6.1309
   6.0389
   5.9543
   5.8647
   5.7740
   5.6858
   5.5890
   5.4934
   5.3948
   5.2988
   5.1987
   5.0990
   4.9959
   4.8948
   4.7980
   4.6967
   4.6005
   4.5036
   4.4118
   4.3079
   4.2079
   4.1080
   4.0018
   3.8961
   3.7848
   3.6745
   3.5613
   3.4512
   3.3434
   3.2408
   3.1360
   3.0377
   2.9400
   2.8305
   2.7156
   2.5976
   2.4822
   2.3664
   2.2561
   2.1469
   2.0441
   1.9402
   1.8400
   1.7430
   1.6523
   1.5556
   1.4540
   1.3467
   1.2442
   1.1386
   1.0347
   0.9414
   0.8576
   0.7761
   0.7013
   0.6328
   0.5644
   0.4986
   0.4370
   0.3713
   0.3026
   0.2306
   0.1575
   0.0737
  -0.0036
  -0.0885
  -0.1726
  -0.2625
  -0.3542
  -0.4339
  -0.5196
  -0.6124
  -0.7104
  -0.8068
  -0.9099
  -1.0085
  -1.0981
  -1.1796
  -1.2553
  -1.3278
  -1.3950
  -1.4698
  -1.5420
  -1.6277
  -1.7134
  -1.7896
  -1.8659
  -1.9389
  -2.0107
  -2.0874
  -2.1712
  -2.2440
  -2.3205
  -2.3979
  -2.4642
  -2.5379
  -2.6055
  -2.6745
  -2.7396
  -2.8161
  -2.8876
  -2.9670
  -3.0393
  -3.1137
  -3.1854
  -3.2602
  -3.3333
  -3.4058
  -3.4759
  -3.5443
  -3.6123
  -3.6835
  -3.7540
  -3.8311
  -3.9097
  -3.9925
  -4.0719
  -4.1568
  -4.2473
  -4.3318
  -4.4158
  -4.4922
  -4.5737
  -4.6557
  -4.7322
  -4.8086
  -4.8750
  -4.9410
  -4.9993
  -5.0603
  -5.1233
  -5.1865
  -5.2394
  -5.2942
  -5.3402
  -5.3764
  -5.4208
  -5.4600
  -5.5093
  -5.5611
  -5.6082
  -5.6586
  -5.6999
  -5.7440
  -5.7658
  -5.7950
  -5.8255
  -5.8590
  -5.8985
  -5.9309
  -5.9643
  -5.9877
  -6.0191
  -6.0511
  -6.0807
  -6.1154
  -6.1470
  -6.1808
  -6.2199
  -6.2520
  -6.2892
  -6.3245
  -6.3584
  -6.3923
  -6.4229
  -6.4510
  -6.4773
  -6.5026
  -6.5245
  -6.5420
  -6.5600
  -6.5792
  -6.5949
  -6.6089
  -6.6195
  -6.6281
  -6.6313
  -6.6403
  -6.6470
  -6.6438
  -6.6449
  -6.6452
  -6.6457
  -6.6446
  -6.6391
  -6.6374
  -6.6393
  -6.6460
  -6.6545
  -6.6664
  -6.6800
  -6.6964
  -6.7199
  -6.7387
  -6.7564
  -6.7717
  -6.7965
  -6.8116
  -6.8383
  -6.8622
  -6.8809
  -6.9108
  -6.9330
  -6.9583
  -6.9808
  -7.0161
  -7.0411
  -7.0765
  -7.1082
  -7.1327
  -7.1650
  -7.1881
  -7.2249
  -7.2567
  -7.2852
  -7.3194
  -7.3506
  -7.3812
  -7.4130
  -7.4342
  -7.4632
  -7.4871
  -7.5052
  -7.5241
  -7.5468
  -7.5662
  -7.5884
  -7.6089
  -7.6297
  -7.6444
  -7.6642
  -7.6732
  -7.6798
  -7.6751
  -7.6799
  -7.6800
  -7.6799
  -7.6829
  -7.6904
  -7.6932
  -7.6994
  -7.7098
  -7.7197
  -7.7323
  -7.7400
  -7.7609
  -7.7785
  -7.7958
  -7.8128
  -7.8269
  -7.8415
  -7.8517
  -7.8638
  -7.8677
  -7.8755
  -7.8786
  -7.8925
  -7.8960
  -7.9064
  -7.9094
  -7.9216
  -7.9378
  -7.9536
  -7.9706
  -7.9903
  -8.0132
  -8.0305
  -8.0529
  -8.0699
  -8.0908
  -8.1124
  -8.1318
  -8.1563
  -8.1735
  -8.1892
  -8.2095
  -8.2212
  -8.2414
  -8.2435
  -8.2584
  -8.2705
  -8.2837
  -8.2968
  -8.3242
  -8.3504
  -8.3756
  -8.4063
  -8.4370
  -8.4707
  -8.5049
  -8.5511
  -8.5927
  -8.6410
  -8.6916
  -8.7524
  -8.8068
  -8.8650
  -8.9209
  -8.9755
  -9.0210
  -9.0668
  -9.1095
  -9.1451
  -9.1768
  -9.2103
  -9.2399
  -9.2579
  -9.2693
  -9.2747
  -9.2812
  -9.2853
  -9.2879
  -9.2634
  -9.2382
  -9.2131
  -9.1854
  -9.1556
  -9.1219
  -9.0910
  -9.0568
  -9.0249
  -8.9824
  -8.9415
  -8.8935
  -8.8455
  -8.7969
  -8.7445
  -8.6939
  -8.6394
  -8.5837
  -8.5262
  -8.4667
  -8.4127
  -8.3525
  -8.2931
  -8.2388
  -8.1812
  -8.1298
  -8.0710
  -8.0288
  -7.9698
  -7.9138
