  -0.8499
  -1.1536
  -1.4564
  -1.7544
  -2.0482
  -2.3379
  -2.6276
  -2.9094
  -3.1974
  -3.4807
  -3.7666
  -4.0501
  -4.3341
  -4.6184
  -4.8939
  -5.1651
  -5.4254
  -5.6905
  -5.9450
  -6.2115
  -6.4881
  -6.7680
  -7.0671
  -7.3674
  -7.6798
  -7.9928
  -8.3079
  -8.6265
  -8.9402
  -9.2488
  -9.5566
  -9.4937
  -9.4349
  -9.3789
  -9.3231
  -9.2656
  -9.2090
  -9.1513
  -9.0970
  -9.0464
  -8.9985
  -8.9505
  -8.9074
  -8.8588
  -8.8116
  -8.7641
  -8.7195
  -8.6675
  -8.6131
  -8.5489
  -8.4848
  -8.4130
  -8.3468
  -8.2753
  -8.2031
  -8.1223
  -8.0440
  -7.9656
  -7.8877
  -7.8032
  -7.7187
  -7.6392
  -7.5584
  -7.4788
  -7.4045
  -7.3364
  -7.2714
  -7.2036
  -7.1461
  -7.0889
  -7.0367
  -6.9817
  -6.9298
  -6.8812
  -6.8306
  -6.7804
  -6.7338
  -6.6861
  -6.6397
  -6.5936
  -6.5509
  -6.5067
  -6.4650
  -6.4222
  -6.3852
  -6.3478
  -6.3149
  -6.2845
  -6.2524
  -6.2232
  -6.1956
  -6.1634
  -6.1284
  -6.0900
  -6.0552
  -6.0203
  -5.9861
  -5.9523
  -5.9191
  -5.8895
  -5.8588
  -5.8245
  -5.7898
  -5.7577
  -5.7287
  -5.6966
  -5.6677
  -5.6364
  -5.6119
  -5.5842
  -5.5603
  -5.5335
  -5.5110
  -5.4847
  -5.4617
  -5.4416
  -5.4198
  -5.3956
  -5.3683
  -5.3351
  -5.3077
  -5.2779
  -5.2440
  -5.2085
  -5.1693
  -5.1249
  -5.0796
  -5.0290
  -4.9846
  -4.9316
  -4.8771
  -4.8179
  -4.7563
  -4.6918
  -4.6233
  -4.5539
  -4.4863
  -4.4184
  -4.3563
  -4.2922
  -4.2318
  -4.1653
  -4.0990
  -4.0335
  -3.9650
  -3.8935
  -3.8233
  -3.7485
  -3.6720
  -3.5959
  -3.5146
  -3.4369
  -3.3629
  -3.2934
  -3.2281
  -3.1591
  -3.0898
  -3.0241
  -2.9586
  -2.8982
  -2.8428
  -2.7897
  -2.7422
  -2.6980
  -2.6487
  -2.6057
  -2.5643
  -2.5196
  -2.4785
  -2.4328
  -2.3844
  -2.3364
  -2.2889
  -2.2385
  -2.1902
  -2.1382
  -2.0867
  -2.0404
  -1.9974
  -1.9597
  -1.9204
  -1.8828
  -1.8447
  -1.8080
  -1.7704
  -1.7386
  -1.7085
  -1.6747
  -1.6519
  -1.6249
  -1.6042
  -1.5826
  -1.5643
  -1.5531
  -1.5440
  -1.5412
  -1.5395
  -1.5359
  -1.5295
  -1.5219
  -1.5155
  -1.5080
  -1.5014
  -1.4947
  -1.4889
  -1.4857
  -1.4796
  -1.4739
  -1.4640
  -1.4574
  -1.4473
  -1.4416
  -1.4331
  -1.4242
  -1.4124
  -1.3978
  -1.3876
  -1.3793
  -1.3720
  -1.3647
  -1.3545
  -1.3424
  -1.3342
  -1.3186
  -1.3056
  -1.2966
  -1.2857
  -1.2797
  -1.2689
  -1.2613
  -1.2474
  -1.2412
  -1.2359
  -1.2286
  -1.2241
  -1.2184
  -1.2138
  -1.2062
  -1.1997
  -1.1830
  -1.1650
  -1.1503
  -1.1318
  -1.1158
  -1.1044
  -1.0924
  -1.0797
  -1.0695
  -1.0634
  -1.0488
  -1.0337
  -1.0149
  -0.9972
  -0.9742
  -0.9527
  -0.9281
  -0.9037
  -0.8813
  -0.8609
  -0.8510
  -0.8428
  -0.8377
  -0.8377
  -0.8357
  -0.8367
  -0.8360
  -0.8333
  -0.8343
  -0.8379
  -0.8523
  -0.8685
  -0.8899
  -0.9057
  -0.9233
  -0.9387
  -0.9522
  -0.9709
  -0.9874
  -1.0055
  -1.0176
  -1.0308
  -1.0429
  -1.0499
  -1.0544
  -1.0624
  -1.0678
  -1.0754
  -1.0800
  -1.0772
  -1.0790
  -1.0728
  -1.0738
  -1.0699
  -1.0691
  -1.0673
  -1.0671
  -1.0607
  -1.0596
  -1.0592
  -1.0584
  -1.0657
  -1.0754
  -1.0849
  -1.0995
  -1.1119
  -1.1228
  -1.1369
  -1.1489
  -1.1557
  -1.1655
  -1.1696
  -1.1796
  -1.1959
  -1.2104
  -1.2266
  -1.2407
  -1.2599
  -1.2776
  -1.2969
  -1.3120
  -1.3205
  -1.3243
  -1.3250
  -1.3224
  -1.3212
  -1.3192
  -1.3188
  -1.3191
  -1.3206
  -1.3178
  -1.3095
  -1.2952
  -1.2759
  -1.2591
  -1.2462
  -1.2349
  -1.2264
  -1.2155
  -1.2038
  -1.1896
  -1.1785
  -1.1659
  -1.1546
  -1.1475
  -1.1393
  -1.1333
  -1.1265
  -1.1179
  -1.1098
  -1.1070
  -1.1051
  -1.1069
  -1.1091
  -1.1142
  -1.1161
  -1.1221
  -1.1278
  -1.1388
  -1.1467
  -1.1550
  -1.1633
  -1.1718
  -1.1807
  -1.1903
  -1.1956
  -1.2032
  -1.1986
  -1.1973
  -1.1891
  -1.1881
  -1.1777
  -1.1776
  -1.1717
  -1.1534
  -1.1412
  -1.1246
  -1.1056
  -1.0841
  -1.0630
  -1.0411
  -1.0186
  -0.9944
  -0.9724
  -0.9465
  -0.9201
  -0.8943
  -0.8662
  -0.8341
  -0.8000
  -0.7676
  -0.7390
  -0.7115
  -0.6840
  -0.6589
  -0.6313
  -0.6045
  -0.5762
  -0.5500
  -0.5236
  -0.4968
  -0.4769
  -0.4545
  -0.4350
  -0.4176
  -0.3994
  -0.3792
  -0.3581
  -0.3398
  -0.3252
  -0.3135
  -0.2982
  -0.2797
  -0.2605
  -0.2458
  -0.2310
  -0.2184
  -0.2042
  -0.1864
  -0.1651
  -0.1425
  -0.1168
  -0.0871
  -0.0538
  -0.0186
   0.0155
   0.0467
   0.0755
   0.0947
   0.1165
   0.1297
   0.1429
   0.1510
   0.1596
   0.1650
   0.1610
   0.1628
   0.1561
   0.1498
   0.1437
   0.1375
   0.1314
   0.1227
   0.1142
   0.1067
   0.0978
   0.0901
   0.0836
   0.0748
   0.0624
   0.0504
   0.0420
   0.0377
   0.0361
   0.0356
   0.0353
   0.0304
   0.0344
   0.0403
   0.0492
   0.0621
   0.0774
   0.0989
   0.1175
   0.1375
   0.1564
   0.1750
   0.1959
   0.2177
   0.2433
   0.2737
   0.3082
   0.3424
   0.3740
   0.4077
   0.4463
   0.4883
   0.5340
   0.5827
   0.6325
   0.6836
   0.7345
   0.7829
   0.8278
   0.8688
   0.9084
   0.9468
   0.9839
   1.0214
   1.0606
   1.0997
   1.1381
   1.1785
   1.2192
   1.2617
   1.3080
   1.3610
   1.4140
   1.4708
   1.5269
   1.5817
   1.6370
   1.6935
   1.7504
   1.8050
   1.8619
   1.9187
   1.9715
   2.0234
   2.0757
   2.1259
   2.1752
   2.2217
   2.2654
   2.3078
   2.3465
   2.3862
   2.4246
   2.4591
   2.4893
   2.5199
   2.5486
   2.5736
   2.5961
   2.6179
   2.6380
   2.6585
   2.6813
   2.7056
   2.7292
   2.7553
   2.7810
   2.8072
   2.8300
   2.8540
   2.8803
   2.9090
   2.9380
   2.9642
   2.9890
   3.0128
   3.0332
   3.0488
   3.0630
   3.0772
   3.0965
   3.1172
   3.1400
   3.1670
   3.1983
   3.2281
   3.2587
   3.2889
   3.3220
   3.3538
   3.3858
   3.4138
   3.4367
   3.4570
   3.4752
   3.4944
   3.5132
   3.5334
   3.5540
   3.5753
   3.5954
   3.6167
   3.6361
   3.6588
   3.6816
   3.7039
   3.7259
   3.7476
   3.7710
   3.7959
   3.8199
   3.8410
   3.8588
   3.8742
   3.8887
   3.9003
   3.9128
   3.9239
   3.9343
   3.9476
   3.9572
   3.9724
   3.9896
   4.0002
   4.0086
   4.0196
   4.0272
   4.0312
   4.0413
   4.0528
   4.0653
   4.0767
   4.0870
   4.0991
   4.1143
   4.1319
   4.1496
   4.1653
   4.1850
   4.2038
   4.2218
   4.2374
   4.2552
   4.2757
   4.2968
   4.3169
   4.3336
   4.3543
   4.3760
   4.3984
   4.4281
   4.4645
   4.5042
   4.5438
   4.5825
   4.6304
   4.6761
   4.7225
   4.7703
   4.8174
   4.8602
   4.9047
   4.9451
   4.9902
   5.0331
   5.0768
   5.1193
   5.1627
   5.2039
   5.2388
   5.2711
   5.3030
   5.3363
   5.3699
   5.4075
   5.4453
   5.4884
   5.5286
   5.5692
   5.6110
   5.6542
   5.7000
   5.7436
   5.7833
   5.8276
   5.8709
   5.9114
   5.9502
   5.9914
   6.0225
   6.0566
   6.0844
   6.1112
   6.1286
   6.1473
   6.1611
   6.1740
   6.1834
   6.1935
   6.1999
   6.2029
   6.2143
   6.2188
   6.2226
   6.2168
   6.2121
   6.2063
   6.2046
   6.1961
   6.1899
   6.1795
   6.1628
   6.1413
   6.1148
   6.0901
   6.0638
   6.0279
   5.9954
   5.9625
   5.9250
   5.8898
   5.8547
   5.8234
   5.7896
   5.7494
   5.7153
   5.6763
   5.6477
   5.6140
   5.5873
   5.5687
   5.5566
   5.5471
   5.5359
   5.5263
   5.5203
   5.5164
   5.5123
   5.5085
   5.5070
   5.5060
   5.5033
   5.5034
   5.5049
   5.5107
   5.5171
   5.5257
   5.5340
   5.5423
   5.5529
   5.5685
   5.5765
   5.5839
   5.5936
   5.6141
   5.6308
   5.6525
   5.6718
   5.6917
   5.7151
   5.7430
   5.7714
   5.7988
   5.8322
   5.8675
   5.9156
   5.9539
   5.9978
   6.0420
   6.0923
   6.1466
   6.2074
   6.2684
   6.3264
   6.3889
   6.4515
   6.5217
   6.5865
   6.6532
   6.7164
   6.7815
   6.8444
   6.9165
   6.9813
   7.0539
   7.1278
   7.1957
   7.2694
   7.3298
   7.4022
   7.4690
   7.5297
   7.5927
   7.6534
   7.7226
   7.7897
   7.8559
   7.9185
   7.9831
   8.0467
   8.1066
   8.1671
   8.2297
   8.2904
   8.3477
   8.4017
   8.4562
   8.5087
   8.5624
   8.6179
   8.6705
   8.7213
   8.7759
   8.8328
   8.8858
   8.9430
   9.0025
   9.0595
   9.1153
   9.1642
   9.2094
   9.2588
   9.3172
   9.3658
   9.4137
   9.4634
   9.5063
   9.5552
   9.6009
   9.6445
   9.6899
   9.7245
   9.7521
   9.7856
   9.8175
   9.8490
   9.8816
   9.9082
   9.9418
   9.9687
   9.9962
  10.0240
  10.0483
  10.0628
  10.0809
  10.0964
  10.1091
  10.1218
  10.1357
  10.1546
  10.1683
  10.1780
  10.1908
  10.1977
  10.2028
  10.2010
  10.2006
  10.1991
  10.1971
  10.1968
  10.1978
  10.1994
  10.2025
  10.1992
  10.2005
  10.1994
  10.1999
  10.1980
  10.1981
  10.1915
  10.1878
  10.1851
  10.1841
  10.1834
  10.1819
  10.1815
  10.1781
  10.1740
  10.1691
  10.1685
  10.1734
  10.1828
  10.1862
  10.1906
  10.1938
  10.2008
  10.2075
  10.2155
  10.2237
  10.2311
  10.2372
  10.2435
  10.2517
  10.2699
  10.2777
  10.2930
  10.3050
  10.3220
  10.3378
  10.3556
  10.3715
  10.3910
  10.4091
  10.4326
  10.4580
  10.4868
  10.5146
  10.5502
  10.5856
  10.6168
  10.6470
  10.6773
  10.7125
  10.7487
  10.7821
  10.8178
  10.8514
  10.8854
  10.9183
  10.9532
  10.9812
  11.0070
  11.0367
  11.0585
  11.0824
  11.1023
  11.1260
  11.1398
  11.1564
  11.1694
  11.1837
  11.1941
  11.2019
  11.2037
  11.2055
  11.2103
  11.2132
  11.2131
  11.2088
  11.2027
  11.1951
  11.1890
  11.1745
  11.1625
  11.1493
  11.1397
  11.1286
  11.1125
  11.0960
  11.0808
  11.0668
  11.0528
  11.0357
  11.0262
  11.0076
  10.9988
  10.9821
  10.9663
  10.9448
  10.9252
  10.8999
  10.8799
  10.8613
  10.8452
  10.8278
  10.8164
  10.7971
  10.7767
  10.7577
  10.7375
  10.7189
  10.6982
  10.6785
  10.6555
  10.6312
  10.6113
  10.5925
  10.5796
  10.5644
  10.5489
  10.5332
  10.5198
  10.5114
  10.4985
  10.4848
  10.4775
  10.4754
  10.4688
  10.4697
  10.4697
  10.4701
  10.4759
  10.4793
  10.4865
  10.4998
  10.5119
  10.5242
  10.5377
  10.5537
  10.5674
  10.5875
  10.6052
  10.6208
  10.6409
  10.6616
  10.6789
  10.6970
  10.7110
  10.7303
  10.7476
  10.7735
  10.7942
  10.8142
  10.8375
  10.8582
  10.8785
  10.8910
  10.9104
  10.9290
  10.9476
  10.9711
  11.0036
  11.0308
  11.0595
  11.0875
  11.1152
  11.1427
  11.1758
  11.2130
  11.2470
  11.2900
  11.3311
  11.3762
  11.4246
  11.4756
  11.5277
  11.5791
  11.6320
  11.6827
  11.7371
  11.7935
  11.8515
  11.9140
  11.9729
  12.0330
  12.1004
  12.1652
  12.2246
  12.2858
  12.3522
  12.4177
  12.4831
  12.5420
  12.6058
  12.6686
  12.7264
  12.7886
  12.8489
  12.9090
  12.9663
  13.0263
  13.0857
  13.1465
  13.2111
  13.2758
  13.3369
  13.3999
  13.4642
  13.5250
  13.5896
  13.6556
  13.7140
  13.7770
  13.8404
  13.9005
  13.9655
  14.0279
  14.0932
  14.1556
  14.2251
  14.2936
  14.3584
  14.4159
  14.4757
  14.5339
  14.5881
  14.6451
  14.7026
  14.7603
  14.8108
  14.8608
  14.9068
  14.9502
  14.9922
  15.0359
  15.0779
  15.1215
  15.1612
  15.1985
  15.2360
  15.2657
  15.2929
  15.3199
  15.3361
  15.3471
  15.3596
  15.3695
  15.3805
  15.3946
  15.4099
  15.4195
  15.4308
  15.4410
  15.4547
  15.4690
  15.4867
  15.5060
  15.5236
  15.5433
  15.5663
  15.5806
  15.5919
  15.5967
  15.6019
  15.6060
  15.6096
  15.6152
  15.6240
  15.6359
  15.6559
  15.6679
  15.6820
  15.6949
  15.7013
  15.7095
  15.7165
  15.7142
  15.7151
  15.7224
  15.7238
  15.7240
  15.7214
  15.7172
  15.7116
  15.7039
  15.6921
  15.6834
  15.6684
  15.6484
  15.6238
  15.6027
  15.5794
  15.5503
  15.5282
  15.5038
  15.4733
  15.4411
  15.4096
  15.3826
  15.3516
  15.3272
  15.3102
  15.2949
  15.2770
  15.2662
  15.2633
  15.2540
  15.2422
  15.2266
  15.2085
  15.1892
  15.1743
  15.1515
  15.1315
  15.1089
  15.0823
  15.0476
  15.0133
  14.9750
  14.9353
  14.8902
  14.8560
  14.8177
  14.7839
  14.7479
  14.7125
  14.6782
  14.6404
  14.5983
  14.5460
  14.4935
  14.4344
  14.3736
  14.3084
  14.2498
  14.1914
  14.1308
  14.0668
  14.0019
  13.9254
  13.8544
  13.7765
  13.7005
  13.6308
  13.5607
  13.4952
  13.4318
  13.3661
  13.3032
  13.2448
  13.1859
  13.1279
  13.0719
  13.0132
  12.9541
  12.8938
  12.8350
  12.7791
  12.7170
  12.6492
  12.5854
  12.5092
  12.4353
  12.3577
  12.2838
  12.2078
  12.1335
  12.0628
  11.9941
  11.9252
  11.8555
  11.7861
  11.7150
  11.6461
  11.5746
  11.5045
  11.4355
  11.3715
  11.3040
  11.2430
  11.1816
  11.1294
  11.0687
  11.0185
  10.9638
  10.8991
  10.8389
  10.7772
  10.7167
  10.6547
  10.6099
  10.5461
  10.4877
  10.4239
  10.3692
  10.3048
  10.2403
  10.1808
  10.1173
  10.0596
  10.0048
   9.9518
   9.9035
   9.8499
   9.7958
   9.7408
   9.6813
   9.6217
   9.5667
   9.5171
   9.4639
   9.4112
   9.3585
   9.3082
   9.2637
   9.2146
   9.1694
   9.1226
   9.0758
   9.0314
   8.9912
   8.9514
   8.9173
   8.8783
   8.8413
   8.7989
   8.7563
   8.7107
   8.6662
   8.6203
   8.5762
   8.5242
   8.4766
   8.4240
   8.3799
   8.3348
   8.2902
   8.2494
   8.2137
   8.1794
   8.1389
   8.1004
   8.0539
   8.0073
   7.9617
   7.9217
   7.8866
   7.8515
   7.8135
   7.7798
   7.7376
   7.6909
   7.6564
   7.6267
   7.5988
   7.5659
   7.5349
   7.5027
   7.4665
   7.4380
   7.4102
   7.3806
   7.3498
   7.3247
   7.3011
   7.2751
   7.2559
   7.2391
   7.2239
   7.2050
   7.1806
   7.1561
   7.1297
   7.1030
   7.0707
   7.0379
   7.0087
   6.9782
   6.9475
   6.9234
   6.8977
   6.8703
   6.8453
   6.8211
   6.8018
   6.7835
   6.7697
   6.7487
   6.7295
   6.7067
   6.6879
   6.6664
   6.6556
   6.6434
   6.6308
   6.6121
   6.6002
   6.5972
   6.5839
   6.5703
   6.5611
   6.5535
   6.5504
   6.5497
   6.5596
   6.5665
   6.5708
   6.5852
   6.5955
   6.6047
   6.6109
   6.6314
   6.6399
   6.6572
   6.6715
   6.6939
   6.7115
   6.7351
   6.7641
   6.7910
   6.8224
   6.8480
   6.8768
   6.9075
   6.9331
   6.9654
   6.9989
   7.0267
   7.0599
   7.0837
   7.1159
   7.1482
   7.1832
   7.2232
   7.2624
   7.3018
   7.3453
   7.3826
   7.4230
   7.4561
   7.4804
   7.5046
   7.5293
   7.5467
   7.5690
   7.5861
   7.6067
   7.6260
   7.6592
   7.6871
   7.7176
   7.7423
   7.7717
   7.8034
   7.8289
   7.8672
   7.9105
   7.9483
   7.9793
   8.0163
   8.0468
   8.0768
   8.1049
   8.1331
   8.1573
   8.1807
   8.2047
   8.2350
   8.2614
   8.2782
   8.2988
   8.3102
   8.3199
   8.3295
   8.3464
   8.3748
   8.4069
   8.4617
   8.5233
   8.5961
   8.6742
   8.7570
   8.8417
   8.9213
   8.9986
   9.0701
   8.7674
   8.4665
   8.1730
   7.8749
   7.5864
   7.2932
   7.0052
   6.7218
   6.4422
   6.1637
   5.8891
   5.6164
   5.3470
   5.0762
   4.8129
   4.5536
   4.2921
   4.0264
   3.7597
   3.4827
   3.2040
   2.9235
   2.6403
   2.3516
   2.0624
   1.7728
   1.4889
   1.1994
   0.9035
   0.6121
