   0.1466
   0.1866
   0.2256
   0.2630
   0.3003
   0.3366
   0.3713
   0.4075
   0.4412
   0.4756
   0.5140
   0.5516
   0.5850
   0.6158
   0.6457
   0.6756
   0.7062
   0.7375
   0.7655
   0.7877
   0.8049
   0.8162
   0.8233
   0.8320
   0.8415
   0.8549
   0.8732
   0.8946
   0.9175
   0.9379
   0.9598
   0.9911
   1.0207
   1.0503
   1.0816
   1.1129
   1.1458
   1.1787
   1.2124
   1.2445
   1.2749
   1.3029
   1.3268
   1.3466
   1.3639
   1.3796
   1.3962
   1.4169
   1.4418
   1.4699
   1.5037
   1.5408
   1.5804
   1.6232
   1.6701
   1.7186
   1.7671
   1.8156
   1.8624
   1.9100
   1.9593
   2.0128
   2.0720
   2.1328
   2.1953
   2.2562
   2.3138
   2.3680
   2.4173
   2.4642
   2.5077
   2.5463
   2.5841
   2.6227
   2.6579
   2.6916
   2.7236
   2.7523
   2.7769
   2.8031
   2.8310
   2.8621
   2.8973
   2.9366
   2.9743
   3.0120
   3.0472
   3.0775
   3.1029
   3.1226
   3.1365
   3.1430
   3.1429
   3.1370
   3.1245
   3.1062
   3.0845
   3.0628
   3.0419
   3.0260
   3.0100
   2.9948
   2.9829
   2.9735
   2.9657
   2.9637
   2.9649
   2.9662
   2.9632
   2.9545
   2.9375
   2.9123
   2.8838
   2.8511
   2.8201
   2.7858
   2.7540
   2.7255
   2.7011
   2.6801
   2.6582
   2.6281
   2.5914
   2.5481
   2.4982
   2.4449
   2.3916
   2.3375
   2.2850
   2.2333
   2.1816
   2.1282
   2.0741
   2.0190
   1.9624
   1.9066
   1.8507
   1.7933
   1.7360
   1.6770
   1.6148
   1.5486
   1.4782
   1.4021
   1.3227
   1.2424
   1.1604
   1.0777
   0.9973
   0.9203
   0.8481
   0.7801
   0.7161
   0.6588
   0.6081
   0.5641
   0.5250
   0.4925
   0.4609
   0.4292
   0.3967
   0.3659
   0.3391
   0.3131
   0.2904
   0.2709
   0.2506
   0.2252
   0.1982
   0.1696
   0.1394
   0.1101
   0.0799
   0.0449
   0.0083
  -0.0324
  -0.0764
  -0.1253
  -0.1776
  -0.2340
  -0.2930
  -0.3537
  -0.4127
  -0.4717
  -0.5283
  -0.5806
  -0.6289
  -0.6713
  -0.7087
  -0.7412
  -0.7686
  -0.7910
  -0.8077
  -0.8193
  -0.8275
  -0.8329
  -0.8379
  -0.8437
  -0.8496
  -0.8572
  -0.8633
  -0.8703
  -0.8758
  -0.8821
  -0.8875
  -0.8931
  -0.9002
  -0.9098
  -0.9194
  -0.9298
  -0.9426
  -0.9578
  -0.9721
  -0.9865
  -1.0025
  -1.0193
  -1.0363
  -1.0525
  -1.0696
  -1.0851
  -1.1006
  -1.1185
  -1.1365
  -1.1594
  -1.1847
  -1.2132
  -1.2417
  -1.2710
  -1.2944
  -1.3120
  -1.3213
  -1.3239
  -1.3181
  -1.3041
  -1.2819
  -1.2538
  -1.2216
  -1.1827
  -1.1397
  -1.0916
  -1.0394
  -0.9829
  -0.9230
  -0.8589
  -0.7907
  -0.7225
  -0.6552
  -0.5904
  -0.5323
  -0.4774
  -0.4277
  -0.3812
  -0.3399
  -0.3027
  -0.2705
  -0.2434
  -0.2208
  -0.2004
  -0.1808
  -0.1628
  -0.1407
  -0.1193
  -0.0954
  -0.0698
  -0.0401
  -0.0096
   0.0227
   0.0575
   0.0938
   0.1286
   0.1616
   0.1954
   0.2291
   0.2612
   0.2932
   0.3252
   0.3556
   0.3834
   0.4104
   0.4342
   0.4555
   0.4743
   0.4948
   0.5162
   0.5417
   0.5705
   0.6036
   0.6383
   0.6748
   0.7105
   0.7429
   0.7704
   0.7937
   0.8120
   0.8236
   0.8295
   0.8312
   0.8279
   0.8213
   0.8131
   0.8030
   0.7937
   0.7843
   0.7763
   0.7683
   0.7587
   0.7491
   0.7405
   0.7319
   0.7260
   0.7216
   0.7215
   0.7221
   0.7268
   0.7340
   0.7413
   0.7477
   0.7527
   0.7554
   0.7557
   0.7536
   0.7475
   0.7405
   0.7327
   0.7256
   0.7178
   0.7123
   0.7077
   0.7048
   0.7036
   0.7048
   0.7102
   0.7165
   0.7237
   0.7324
   0.7436
   0.7566
   0.7712
   0.7884
   0.8047
   0.8219
   0.8391
   0.8546
   0.8660
   0.8724
   0.8737
   0.8725
   0.8646
   0.8515
   0.8350
   0.8134
   0.7901
   0.7667
   0.7448
   0.7253
   0.7131
   0.7040
   0.6958
   0.6868
   0.6779
   0.6674
   0.6544
   0.6399
   0.6236
   0.6098
   0.5983
   0.5934
   0.5950
   0.5996
   0.6076
   0.6171
   0.6258
   0.6328
   0.6390
   0.6395
   0.6304
   0.6165
   0.5970
   0.5734
   0.5491
   0.5254
   0.5057
   0.4882
   0.4715
   0.4563
   0.4402
   0.4264
   0.4142
   0.4059
   0.3983
   0.3916
   0.3858
   0.3767
   0.3677
   0.3595
   0.3507
   0.3410
   0.3313
   0.3241
   0.3178
   0.3131
   0.3110
   0.3097
   0.3102
   0.3131
   0.3177
   0.3206
   0.3227
   0.3247
   0.3251
   0.3237
   0.3255
   0.3289
   0.3339
   0.3389
   0.3448
   0.3484
   0.3561
   0.3689
   0.3865
   0.4100
   0.4386
   0.4706
   0.5019
   0.5317
   0.5536
   0.5672
   0.5694
   0.5625
   0.5490
   0.5312
   0.5109
   0.4890
   0.4647
   0.4387
   0.4145
   0.3983
   0.3885
   0.3851
   0.3889
   0.3984
   0.4104
   0.4249
   0.4420
   0.4624
   0.4829
   0.5027
   0.5193
   0.5345
   0.5442
   0.5505
   0.5552
   0.5589
   0.5643
   0.5687
   0.5724
   0.5737
   0.5733
   0.5713
   0.5677
   0.5657
   0.5661
   0.5681
   0.5734
   0.5830
   0.5934
   0.6066
   0.6231
   0.6414
   0.6615
   0.6834
   0.7071
   0.7300
   0.7522
   0.7735
   0.7931
   0.8102
   0.8248
   0.8352
   0.8415
   0.8460
   0.8447
   0.8383
   0.8268
   0.8127
   0.7984
   0.7856
   0.7759
   0.7727
   0.7746
   0.7813
   0.7899
   0.8011
   0.8140
   0.8278
   0.8415
   0.8553
   0.8667
   0.8756
   0.8852
   0.8941
   0.9029
   0.9125
   0.9230
   0.9327
   0.9441
   0.9572
   0.9743
   0.9906
   1.0083
   1.0285
   1.0510
   1.0770
   1.1068
   1.1399
   1.1753
   1.2122
   1.2499
   1.2851
   1.3196
   1.3508
   1.3779
   1.4011
   1.4218
   1.4393
   1.4544
   1.4686
   1.4828
   1.4970
   1.5119
   1.5262
   1.5388
   1.5499
   1.5571
   1.5617
   1.5640
   1.5654
   1.5637
   1.5593
   1.5517
   1.5406
   1.5269
   1.5147
   1.5032
   1.4958
   1.4902
   1.4880
   1.4917
   1.4998
   1.5095
   1.5193
   1.5291
   1.5388
   1.5465
   1.5533
   1.5606
   1.5702
   1.5837
   1.6021
   1.6261
   1.6585
   1.6941
   1.7324
   1.7717
   1.8101
   1.8462
   1.8805
   1.9150
   1.9462
   1.9805
   2.0157
   2.0524
   2.0923
   2.1312
   2.1702
   2.2068
   2.2442
   2.2833
   2.3256
   2.3719
   2.4213
   2.4747
   2.5303
   2.5898
   2.6500
   2.7124
   2.7771
   2.8456
   2.9148
   2.9871
   3.0616
   3.1390
   3.2211
   3.3047
   3.3922
   3.4829
   3.5746
   3.6696
   3.7687
   3.8712
   3.9778
   4.0886
   4.2028
   4.3179
   4.4347
   4.5499
   4.6643
   4.7744
   4.8780
   4.9748
   5.0651
   5.1513
   5.2343
   5.3165
   5.4006
   5.4873
   5.5759
   5.6655
   5.7553
   5.8419
   5.9252
   6.0010
   6.0759
   6.1482
   6.2214
   6.2931
   6.3658
   6.4347
   6.4989
   6.5599
   6.6160
   6.6699
   6.7214
   6.7688
   6.8163
   6.8613
   6.9053
   6.9428
   6.9771
   7.0079
   7.0354
   7.0622
   7.0891
   7.1168
   7.1421
   7.1674
   7.1929
   7.2167
   7.2390
   7.2607
   7.2817
   7.2964
   7.3088
   7.3163
   7.3223
   7.3260
   7.3316
   7.3415
   7.3525
   7.3660
   7.3806
   7.3929
   7.4052
   7.4160
   7.4268
   7.4369
   7.4479
   7.4597
   7.4740
   7.4916
   7.5157
   7.5471
   7.5811
   7.6184
   7.6573
   7.6947
   7.7306
   7.7656
   7.7999
   7.8342
   7.8709
   7.9077
   7.9462
   7.9832
   8.0194
   8.0538
   8.0890
   8.1283
   8.1713
   8.2191
   8.2718
   8.3293
   8.3859
   8.4449
   8.5023
   8.5571
   8.6104
   8.6638
   8.7215
   8.7815
   8.8449
   8.9101
   8.9767
   9.0440
   9.1088
   9.1771
   9.2488
   9.3222
   9.3990
   9.4800
   9.5634
   9.6475
   9.7356
   9.8252
   9.9188
  10.0122
  10.1079
  10.2007
  10.2892
  10.3749
  10.4582
  10.5365
  10.6141
  10.6901
  10.7653
  10.8380
  10.9115
  10.9874
  11.0656
  11.1462
  11.2285
  11.3091
  11.3867
  11.4660
  11.5435
  11.6220
  11.7012
  11.7826
  11.8657
  11.9487
  12.0307
  12.1126
  12.1946
  12.2782
  12.3609
  12.4453
  12.5303
  12.6152
  12.6975
  12.7799
  12.8614
  12.9420
  13.0202
  13.0987
  13.1732
  13.2495
  13.3268
  13.4049
  13.4854
  13.5652
  13.6417
  13.7159
  13.7892
  13.8612
  13.9285
  13.9946
  14.0561
  14.1113
  14.1584
  14.1990
  14.2315
  14.2596
  14.2870
  14.3161
  14.3476
  14.3801
  14.4159
  14.4487
  14.4770
  14.5014
  14.5212
  14.5369
  14.5575
  14.5812
  14.6081
  14.6404
  14.6750
  14.7105
  14.7450
  14.7780
  14.8054
  14.8296
  14.8480
  14.8639
  14.8774
  14.8926
  14.9078
  14.9271
  14.9490
  14.9745
  15.0054
  15.0416
  15.0767
  15.1117
  15.1444
  15.1787
  15.2147
  15.2556
  15.3051
  15.3624
  15.4226
  15.4876
  15.5509
  15.6102
  15.6663
  15.7208
  15.7712
  15.8199
  15.8701
  15.9228
  15.9768
  16.0364
  16.0945
  16.1495
  16.1974
  16.2468
  16.2952
  16.3442
  16.3952
  16.4550
  16.5172
  16.5827
  16.6513
  16.7221
  16.7913
  16.8581
  16.9222
  16.9861
  17.0499
  17.1159
  17.1826
  17.2515
  17.3190
  17.3832
  17.4450
  17.5028
  17.5527
  17.5964
  17.6346
  17.6651
  17.6900
  17.7119
  17.7266
  17.7362
  17.7370
  17.7293
  17.7121
  17.6853
  17.6496
  17.6051
  17.5526
  17.4900
  17.4191
  17.3453
  17.2708
  17.1923
  17.1113
  17.0244
  16.9310
  16.8256
  16.7043
  16.5754
  16.4347
  16.2879
  16.1387
  15.9896
  15.8382
  15.6860
  15.5344
  15.3794
  15.2208
  15.0626
  14.9028
  14.7433
  14.5855
  14.4291
  14.2704
  14.1094
  13.9469
  13.7838
  13.6162
  13.4469
  13.2749
  13.1005
  12.9204
  12.7379
  12.5514
  12.3626
  12.1675
  11.9695
  11.7673
  11.5637
  11.3560
  11.1488
  10.9420
  10.7289
  10.5109
  10.2944
  10.0817
   9.8672
   9.6562
   9.4536
   9.2530
   9.0540
   8.8625
   8.6803
   8.5056
   8.3417
   8.1862
   8.0383
   7.8959
   7.7588
   7.6296
   7.5067
   7.3893
   7.2766
   7.1717
   7.0704
   6.9731
   6.8757
   6.7813
   6.6908
   6.5961
   6.4986
   6.3994
   6.2964
   6.1894
   6.0840
   5.9857
   5.8889
   5.7962
   5.7021
   5.6077
   5.5116
   5.4142
   5.3144
   5.2153
   5.1185
   5.0230
   4.9281
   4.8322
   4.7371
   4.6465
   4.5598
   4.4815
   4.4109
   4.3481
   4.2923
   4.2428
   4.2002
   4.1652
   4.1366
   4.1125
   4.0973
   4.0865
   4.0686
   4.0428
   4.0061
   3.9559
   3.8922
   3.8270
   3.7621
   3.6918
   3.6206
   3.5500
   3.4785
   3.4094
   3.3431
   3.2786
   3.2141
   3.1488
   3.0835
   3.0179
   2.9523
   2.8872
   2.8227
   2.7598
   2.6970
   2.6328
   2.5711
   2.5124
   2.4560
   2.4058
   2.3682
   2.3453
   2.3365
   2.3431
   2.3630
   2.3905
   2.4197
   2.4512
   2.4816
   2.5133
   2.5462
   2.5813
   2.6207
   2.6659
   2.7143
   2.7630
   2.8151
   2.8708
   2.9319
   2.9954
   3.0596
   3.1220
   3.1764
   3.2243
   3.2637
   3.2988
   3.3303
   3.3600
   3.3878
   3.4160
   3.4435
   3.4654
   3.4846
   3.5122
   3.5549
   3.6152
   3.6924
   3.7833
   3.8815
   3.9799
   4.0793
   4.1797
   4.2861
   4.3980
   4.5131
   4.6334
   4.7572
   4.8859
   5.0143
   5.1407
   5.2601
   5.3750
   5.4855
   5.5933
   5.6985
   5.8026
   5.9105
   6.0174
   6.1222
   6.2237
   6.3213
   6.4109
   6.4917
   6.5655
   6.6330
   6.6935
   6.7486
   6.8005
   6.8492
   6.8949
   6.9380
   6.9775
   7.0165
   7.0563
   7.0949
   7.1365
   7.1793
   7.2195
   7.2528
   7.2783
   7.2991
   7.3133
   7.3247
   7.3345
   7.3442
   7.3563
   7.3685
   7.3790
   7.3919
   7.4059
   7.4207
   7.4412
   7.4690
   7.5011
   7.5342
   7.5713
   7.6116
   7.6495
   7.6851
   7.7162
   7.7412
   7.7593
   7.7768
   7.7916
   7.8042
   7.8154
   7.8210
   7.8210
   7.8140
   7.8022
   7.7907
   7.7798
   7.7648
   7.7476
   7.7247
   7.6959
   7.6637
   7.6237
   7.5779
   7.5269
   7.4712
   7.4079
   7.3420
   7.2742
   7.2042
   7.1331
   7.0616
   6.9885
   6.9116
   6.8297
   6.7465
   6.6608
   6.5714
   6.4743
   6.3732
   6.2675
   6.1565
   6.0457
   5.9380
   5.8354
   5.7354
   5.6381
   5.5425
   5.4487
   5.3557
   5.2615
   5.1645
   5.0664
   4.9695
   4.8685
   4.7643
   4.6581
   4.5459
   4.4271
   4.3045
   4.1802
   4.0516
   3.9188
   3.7880
   3.6616
   3.5400
   3.4289
   3.3289
   3.2324
   3.1367
   3.0358
   2.9295
   2.8151
   2.6926
   2.5665
   2.4381
   2.3060
   2.1702
   2.0344
   1.8958
   1.7584
   1.6200
   1.4779
   1.3340
   1.1902
   1.0477
   0.9058
   0.7693
   0.6383
   0.5103
   0.3852
   0.2634
   0.1442
   0.0283
  -0.0826
  -0.1888
  -0.2912
  -0.3904
  -0.4875
  -0.5815
  -0.6739
  -0.7637
  -0.8525
  -0.9440
  -1.0385
  -1.1337
  -1.2238
  -1.3167
  -1.4059
  -1.4904
  -1.5727
  -1.6525
  -1.7296
  -1.8073
  -1.8855
  -1.9628
  -2.0414
  -2.1195
  -2.1962
  -2.2702
  -2.3404
  -2.4076
  -2.4704
  -2.5296
  -2.5853
  -2.6403
  -2.6971
  -2.7590
  -2.8257
  -2.8953
  -2.9690
  -3.0448
  -3.1208
  -3.1944
  -3.2673
  -3.3369
  -3.4021
  -3.4665
  -3.5252
  -3.5769
  -3.6228
  -3.6631
  -3.6942
  -3.7188
  -3.7343
  -3.7438
  -3.7476
  -3.7476
  -3.7414
  -3.7339
  -3.7225
  -3.7105
  -3.7003
  -3.6899
  -3.6801
  -3.6706
  -3.6558
  -3.6364
  -3.6128
  -3.5808
  -3.5429
  -3.5011
  -3.4531
  -3.3956
  -3.3319
  -3.2623
  -3.1883
  -3.1158
  -3.0429
  -2.9719
  -2.9053
  -2.8410
  -2.7810
  -2.7239
  -2.6637
  -2.6036
  -2.5434
  -2.4769
  -2.4077
  -2.3353
  -2.2606
  -2.1869
  -2.1141
  -2.0429
  -1.9757
  -1.9167
  -1.8601
  -1.8058
  -1.7562
  -1.7113
  -1.6682
  -1.6242
  -1.5763
  -1.5305
  -1.4838
  -1.4342
  -1.3885
  -1.3453
  -1.2995
  -1.2554
  -1.2135
  -1.1706
  -1.1300
  -1.0952
  -1.0643
  -1.0379
  -1.0154
  -0.9944
  -0.9726
  -0.9547
  -0.9341
  -0.9166
  -0.8996
  -0.8809
  -0.8628
  -0.8466
  -0.8339
  -0.8297
  -0.8341
  -0.8460
  -0.8662
  -0.8934
  -0.9254
  -0.9644
  -1.0130
  -1.0685
  -1.1280
  -1.1932
  -1.2605
  -1.3285
  -1.3974
  -1.4656
  -1.5320
  -1.5941
  -1.6517
  -1.7077
  -1.7610
  -1.8107
  -1.8624
  -1.9163
  -1.9714
  -2.0271
  -2.0837
  -2.1406
  -2.1983
  -2.2548
  -2.3055
  -2.3559
  -2.4030
  -2.4448
  -2.4824
  -2.5172
  -2.5482
  -2.5780
  -2.6039
  -2.6259
  -2.6465
  -2.6639
  -2.6788
  -2.6946
  -2.7069
  -2.7201
  -2.7334
  -2.7457
  -2.7564
  -2.7654
  -2.7733
  -2.7796
  -2.7843
  -2.7889
  -2.7915
  -2.7962
  -2.7953
  -2.7916
  -2.7894
  -2.7896
  -2.7896
  -2.7894
  -2.7876
  -2.7823
  -2.7742
  -2.7631
  -2.7500
  -2.7344
  -2.7151
  -2.6922
  -2.6637
  -2.6341
  -2.6047
  -2.5748
  -2.5450
  -2.5170
  -2.4892
  -2.4606
  -2.4327
  -2.4081
  -2.3841
  -2.3613
  -2.3414
  -2.3208
  -2.2989
  -2.2787
  -2.2591
  -2.2349
  -2.2072
  -2.1774
  -2.1447
  -2.1117
  -2.0761
  -2.0383
  -1.9950
  -1.9478
  -1.8966
  -1.8445
  -1.7913
  -1.7362
  -1.6823
  -1.6291
  -1.5734
  -1.5167
  -1.4544
  -1.3915
  -1.3361
  -1.2805
  -1.2249
  -1.1713
  -1.1190
  -1.0702
  -1.0221
  -0.9799
  -0.9368
  -0.8950
  -0.8553
  -0.8172
  -0.7785
  -0.7378
  -0.6923
  -0.6454
  -0.5979
  -0.5478
  -0.4978
  -0.4477
  -0.3980
  -0.3470
  -0.2996
  -0.2543
  -0.2118
  -0.1728
  -0.1354
  -0.0947
  -0.0537
  -0.0074
