  -5.2192
  -5.3184
  -5.4128
  -5.5091
  -5.6103
  -5.7177
  -5.8283
  -5.9403
  -6.0508
  -6.1658
  -6.2727
  -6.3795
  -6.4849
  -6.5932
  -6.7063
  -6.8227
  -6.9311
  -7.0412
  -7.1561
  -7.2726
  -7.3890
  -7.5100
  -7.6344
  -7.7650
  -7.8957
  -8.0265
  -8.1542
  -8.2816
  -8.4060
  -8.5237
  -8.6413
  -8.5675
  -8.4920
  -8.4117
  -8.3297
  -8.2527
  -8.1788
  -8.1031
  -8.0273
  -7.9498
  -7.8740
  -7.7980
  -7.7205
  -7.6430
  -7.5815
  -7.5186
  -7.4589
  -7.4021
  -7.3502
  -7.2919
  -7.2431
  -7.2009
  -7.1635
  -7.1280
  -7.0959
  -7.0639
  -7.0369
  -7.0052
  -6.9736
  -6.9438
  -6.9205
  -6.8973
  -6.8772
  -6.8604
  -6.8432
  -6.8260
  -6.8088
  -6.7934
  -6.7797
  -6.7726
  -6.7577
  -6.7477
  -6.7379
  -6.7330
  -6.7311
  -6.7229
  -6.7179
  -6.7240
  -6.7301
  -6.7378
  -6.7471
  -6.7597
  -6.7722
  -6.7832
  -6.7925
  -6.8068
  -6.8194
  -6.8302
  -6.8443
  -6.8601
  -6.8776
  -6.8952
  -6.9176
  -6.9385
  -6.9611
  -6.9885
  -7.0063
  -7.0224
  -7.0353
  -7.0452
  -7.0550
  -7.0616
  -7.0650
  -7.0764
  -7.0892
  -7.0956
  -7.1066
  -7.1177
  -7.1258
  -7.1340
  -7.1439
  -7.1507
  -7.1545
  -7.1564
  -7.1551
  -7.1553
  -7.1584
  -7.1584
  -7.1598
  -7.1628
  -7.1640
  -7.1634
  -7.1659
  -7.1653
  -7.1630
  -7.1672
  -7.1668
  -7.1679
  -7.1674
  -7.1687
  -7.1667
  -7.1679
  -7.1627
  -7.1572
  -7.1484
  -7.1396
  -7.1340
  -7.1300
  -7.1277
  -7.1285
  -7.1277
  -7.1285
  -7.1292
  -7.1348
  -7.1402
  -7.1440
  -7.1428
  -7.1431
  -7.1420
  -7.1358
  -7.1280
  -7.1153
  -7.1025
  -7.0705
  -7.0513
  -7.0289
  -7.0017
  -6.9810
  -6.9635
  -6.9444
  -6.9251
  -6.9093
  -6.8854
  -6.8664
  -6.8410
  -6.8123
  -6.7788
  -6.7374
  -6.6909
  -6.6442
  -6.5912
  -6.5315
  -6.4686
  -6.4054
  -6.3407
  -6.2711
  -6.2030
  -6.1270
  -6.0508
  -5.9683
  -5.8842
  -5.7986
  -5.7082
  -5.6194
  -5.5291
  -5.4421
  -5.3486
  -5.2615
  -5.1728
  -5.0874
  -5.0036
  -4.9180
  -4.8373
  -4.7648
  -4.6922
  -4.6198
  -4.5443
  -4.4657
  -4.3855
  -4.3005
  -4.2172
  -4.1371
  -4.0522
  -3.9609
  -3.8680
  -3.7768
  -3.6839
  -3.5943
  -3.5000
  -3.4105
  -3.3259
  -3.2461
  -3.1630
  -3.0914
  -3.0342
  -2.9625
  -2.8957
  -2.8338
  -2.7701
  -2.7033
  -2.6414
  -2.5795
  -2.5143
  -2.4620
  -2.4047
  -2.3508
  -2.2984
  -2.2493
  -2.2065
  -2.1688
  -2.1311
  -2.0965
  -2.0671
  -2.0391
  -2.0113
  -1.9850
  -1.9653
  -1.9424
  -1.9293
  -1.9194
  -1.9128
  -1.9094
  -1.9044
  -1.9076
  -1.9060
  -1.9091
  -1.9106
  -1.9169
  -1.9200
  -1.9231
  -1.9196
  -1.9145
  -1.9095
  -1.8980
  -1.8832
  -1.8652
  -1.8487
  -1.8338
  -1.8204
  -1.8038
  -1.7872
  -1.7675
  -1.7510
  -1.7410
  -1.7344
  -1.7261
  -1.7162
  -1.7145
  -1.7127
  -1.7190
  -1.7237
  -1.7334
  -1.7447
  -1.7641
  -1.7772
  -1.7920
  -1.8084
  -1.8263
  -1.8380
  -1.8511
  -1.8643
  -1.8791
  -1.8956
  -1.9137
  -1.9286
  -1.9468
  -1.9666
  -1.9896
  -2.0176
  -2.0471
  -2.0750
  -2.1109
  -2.1485
  -2.1908
  -2.2332
  -2.2789
  -2.3311
  -2.3850
  -2.4388
  -2.4862
  -2.5254
  -2.5630
  -2.5990
  -2.6381
  -2.6707
  -2.7066
  -2.7408
  -2.7799
  -2.8173
  -2.8516
  -2.8874
  -2.9233
  -2.9609
  -3.0016
  -3.0458
  -3.0934
  -3.1491
  -3.2049
  -3.2592
  -3.3119
  -3.3660
  -3.4202
  -3.4745
  -3.5255
  -3.5684
  -3.6096
  -3.6494
  -3.6891
  -3.7239
  -3.7589
  -3.7873
  -3.8157
  -3.8393
  -3.8612
  -3.8830
  -3.8999
  -3.9183
  -3.9384
  -3.9553
  -3.9752
  -3.9921
  -4.0090
  -4.0242
  -4.0395
  -4.0548
  -4.0750
  -4.0967
  -4.1185
  -4.1420
  -4.1606
  -4.1809
  -4.2012
  -4.2134
  -4.2225
  -4.2283
  -4.2324
  -4.2317
  -4.2294
  -4.2222
  -4.2167
  -4.2144
  -4.2155
  -4.2199
  -4.2227
  -4.2239
  -4.2252
  -4.2249
  -4.2213
  -4.2145
  -4.2091
  -4.2087
  -4.2066
  -4.2079
  -4.2076
  -4.2056
  -4.2019
  -4.1981
  -4.1879
  -4.1745
  -4.1578
  -4.1394
  -4.1179
  -4.0964
  -4.0716
  -4.0469
  -4.0237
  -3.9991
  -3.9775
  -3.9560
  -3.9361
  -3.9161
  -3.8993
  -3.8843
  -3.8676
  -3.8510
  -3.8361
  -3.8195
  -3.7998
  -3.7801
  -3.7604
  -3.7423
  -3.7226
  -3.7094
  -3.6979
  -3.6863
  -3.6731
  -3.6599
  -3.6436
  -3.6320
  -3.6156
  -3.6041
  -3.5926
  -3.5828
  -3.5731
  -3.5682
  -3.5666
  -3.5667
  -3.5684
  -3.5701
  -3.5733
  -3.5766
  -3.5798
  -3.5813
  -3.5812
  -3.5826
  -3.5824
  -3.5839
  -3.5871
  -3.5903
  -3.5920
  -3.5922
  -3.5892
  -3.5894
  -3.5895
  -3.5929
  -3.5979
  -3.6046
  -3.6079
  -3.6129
  -3.6178
  -3.6260
  -3.6391
  -3.6554
  -3.6701
  -3.6881
  -3.7061
  -3.7257
  -3.7453
  -3.7649
  -3.7781
  -3.7913
  -3.8061
  -3.8194
  -3.8310
  -3.8443
  -3.8527
  -3.8530
  -3.8565
  -3.8567
  -3.8587
  -3.8589
  -3.8559
  -3.8513
  -3.8401
  -3.8208
  -3.7934
  -3.7611
  -3.7175
  -3.6673
  -3.6042
  -3.5379
  -3.4650
  -3.3873
  -3.3079
  -3.2335
  -3.1606
  -3.0909
  -3.0229
  -2.9550
  -2.8789
  -2.8013
  -2.7204
  -2.6395
  -2.5619
  -2.4858
  -2.4099
  -2.3371
  -2.2627
  -2.1883
  -2.1155
  -2.0426
  -1.9682
  -1.9020
  -1.8455
  -1.7915
  -1.7384
  -1.6771
  -1.6109
  -1.5448
  -1.4722
  -1.3979
  -1.3236
  -1.2462
  -1.1753
  -1.1092
  -1.0514
  -0.9968
  -0.9422
  -0.8909
  -0.8347
  -0.7800
  -0.7222
  -0.6562
  -0.5854
  -0.5080
  -0.4208
  -0.3304
  -0.2448
  -0.1528
  -0.0705
   0.0167
   0.0957
   0.1666
   0.2292
   0.2854
   0.3350
   0.3782
   0.4180
   0.4529
   0.4814
   0.5050
   0.5252
   0.5423
   0.5560
   0.5681
   0.5835
   0.6020
   0.6255
   0.6490
   0.6741
   0.6943
   0.7162
   0.7332
   0.7534
   0.7753
   0.7922
   0.8222
   0.8489
   0.8740
   0.8991
   0.9192
   0.9361
   0.9498
   0.9683
   0.9965
   1.0272
   1.0602
   1.0835
   1.1020
   1.1204
   1.1355
   1.1539
   1.1772
   1.2087
   1.2549
   1.3109
   1.3800
   1.4539
   1.5311
   1.6099
   1.6837
   1.7510
   1.8134
   1.8677
   1.9154
   1.9566
   1.9896
   2.0145
   2.0361
   2.0528
   2.0744
   2.0911
   2.1094
   2.1375
   2.1688
   2.2083
   2.2495
   2.2906
   2.3333
   2.3728
   2.4091
   2.4420
   2.4734
   2.5031
   2.5361
   2.5674
   2.5956
   2.6269
   2.6583
   2.6929
   2.7242
   2.7523
   2.7770
   2.8001
   2.8200
   2.8382
   2.8612
   2.8712
   2.8845
   2.9009
   2.9157
   2.9370
   2.9584
   2.9846
   3.0059
   3.0354
   3.0632
   3.0942
   3.1319
   3.1678
   3.2070
   3.2446
   3.2756
   3.3018
   3.3165
   3.3246
   3.3279
   3.3262
   3.3245
   3.3212
   3.3245
   3.3293
   3.3375
   3.3488
   3.3667
   3.3846
   3.4074
   3.4301
   3.4513
   3.4773
   3.4968
   3.5180
   3.5440
   3.5716
   3.5992
   3.6301
   3.6545
   3.6821
   3.7064
   3.7242
   3.7436
   3.7614
   3.7825
   3.8051
   3.8327
   3.8601
   3.8909
   3.9249
   3.9556
   3.9847
   4.0170
   4.0478
   4.0818
   4.1108
   4.1415
   4.1689
   4.1996
   4.2254
   4.2495
   4.2753
   4.3011
   4.3351
   4.3657
   4.4062
   4.4401
   4.4757
   4.5096
   4.5468
   4.5823
   4.6179
   4.6518
   4.6874
   4.7197
   4.7568
   4.7940
   4.8345
   4.8749
   4.9137
   4.9541
   4.9945
   5.0365
   5.0704
   5.1092
   5.1512
   5.1949
   5.2401
   5.2855
   5.3275
   5.3647
   5.4050
   5.4388
   5.4824
   5.5260
   5.5614
   5.6033
   5.6387
   5.6659
   5.6980
   5.7268
   5.7589
   5.7942
   5.8279
   5.8648
   5.9067
   5.9404
   5.9741
   6.0062
   6.0398
   6.0702
   6.1023
   6.1391
   6.1728
   6.2063
   6.2334
   6.2670
   6.3022
   6.3474
   6.3875
   6.4276
   6.4659
   6.5076
   6.5510
   6.5927
   6.6394
   6.6812
   6.7245
   6.7760
   6.8276
   6.8874
   6.9487
   7.0101
   7.0780
   7.1443
   7.2270
   7.3114
   7.3958
   7.4965
   7.5923
   7.6881
   7.7921
   7.8978
   7.9968
   8.1058
   8.2130
   8.3154
   8.4194
   8.5136
   8.6060
   8.7000
   8.8007
   8.8997
   9.0036
   9.1043
   9.2066
   9.3089
   9.4080
   9.5086
   9.6125
   9.7148
   9.8187
   9.9194
  10.0233
  10.1305
  10.2312
  10.3269
  10.4308
  10.5314
  10.6288
  10.7262
  10.8285
  10.9325
  11.0397
  11.1453
  11.2591
  11.3778
  11.4916
  11.6088
  11.7225
  11.8396
  11.9650
  12.0985
  12.2271
  12.3490
  12.4678
  12.5815
  12.6952
  12.8073
  12.9227
  13.0332
  13.1371
  13.2427
  13.3433
  13.4423
  13.5380
  13.6238
  13.7063
  13.7856
  13.8517
  13.9278
  13.9956
  14.0618
  14.1230
  14.1859
  14.2407
  14.2905
  14.3419
  14.3933
  14.4496
  14.5142
  14.5738
  14.6367
  14.7013
  14.7658
  14.8386
  14.9113
  14.9857
  15.0634
  15.1378
  15.2221
  15.3080
  15.3939
  15.4897
  15.5854
  15.6762
  15.7769
  15.8726
  15.9733
  16.0724
  16.1829
  16.2918
  16.3974
  16.4997
  16.5938
  16.6895
  16.7852
  16.8858
  16.9963
  17.1101
  17.2272
  17.3491
  17.4661
  17.5815
  17.6936
  17.8107
  17.9294
  18.0497
  18.1750
  18.3052
  18.4320
  18.5572
  18.6824
  18.8093
  18.9361
  19.0678
  19.1947
  19.3215
  19.4452
  19.5787
  19.7089
  19.8341
  19.9709
  20.1076
  20.2509
  20.3909
  20.5340
  20.6788
  20.8219
  20.9617
  21.1064
  21.2462
  21.3910
  21.5308
  21.6755
  21.8203
  21.9584
  22.0998
  22.2445
  22.3859
  22.5354
  22.6751
  22.8148
  22.9511
  23.0809
  23.2091
  23.3372
  23.4669
  23.5951
  23.7165
  23.8397
  23.9546
  24.0661
  24.1793
  24.2941
  24.4090
  24.5255
  24.6338
  24.7419
  24.8419
  24.9335
  25.0186
  25.0956
  25.1757
  25.2575
  25.3493
  25.4393
  25.5211
  25.6062
  25.6896
  25.7648
  25.8334
  25.9119
  25.9904
  26.0639
  26.1341
  26.2042
  26.2793
  26.3527
  26.4294
  26.5011
  26.5712
  26.6561
  26.7228
  26.7929
  26.8630
  26.9431
  27.0183
  27.0918
  27.1737
  27.2490
  27.3226
  27.3946
  27.4632
  27.5269
  27.5790
  27.6377
  27.6865
  27.7287
  27.7709
  27.8032
  27.8355
  27.8661
  27.8918
  27.9273
  27.9529
  27.9867
  28.0172
  28.0377
  28.0632
  28.0953
  28.1340
  28.1727
  28.2097
  28.2483
  28.2802
  28.3187
  28.3539
  28.4007
  28.4359
  28.4743
  28.5112
  28.5430
  28.5764
  28.6066
  28.6302
  28.6438
  28.6655
  28.6889
  28.7090
  28.7308
  28.7558
  28.7875
  28.8109
  28.8392
  28.8692
  28.9058
  28.9325
  28.9541
  28.9724
  28.9873
  29.0022
  29.0170
  29.0252
  29.0465
  29.0562
  29.0659
  29.0722
  29.0768
  29.0880
  29.1026
  29.1237
  29.1481
  29.1741
  29.2018
  29.2311
  29.2602
  29.2778
  29.3002
  29.3244
  29.3468
  29.3726
  29.3967
  29.4290
  29.4681
  29.4922
  29.5245
  29.5404
  29.5563
  29.5855
  29.6063
  29.6189
  29.6232
  29.6275
  29.6353
  29.6446
  29.6540
  29.6567
  29.6627
  29.6571
  29.6564
  29.6557
  29.6550
  29.6577
  29.6570
  29.6562
  29.6570
  29.6612
  29.6555
  29.6480
  29.6440
  29.6301
  29.6195
  29.6023
  29.5851
  29.5614
  29.5376
  29.5121
  29.4865
  29.4694
  29.4555
  29.4367
  29.4212
  29.4074
  29.3888
  29.3718
  29.3532
  29.3297
  29.3045
  29.2843
  29.2557
  29.2123
  29.1720
  29.1238
  29.0738
  29.0172
  28.9572
  28.9022
  28.8606
  28.8190
  28.7691
  28.7176
  28.6644
  28.5996
  28.5233
  28.4353
  28.3389
  28.2377
  28.1346
  28.0383
  27.9287
  27.8274
  27.7294
  27.6347
  27.5400
  27.4618
  27.3854
  27.3206
  27.2542
  27.1844
  27.1148
  27.0436
  26.9807
  26.9227
  26.8513
  26.7701
  26.6906
  26.6178
  26.5450
  26.4772
  26.4243
  26.3629
  26.3065
  26.2417
  26.1669
  26.0871
  26.0073
  25.9307
  25.8575
  25.7809
  25.6942
  25.6061
  25.5196
  25.4231
  25.3182
  25.2068
  25.0922
  24.9826
  24.8682
  24.7555
  24.6381
  24.5206
  24.4016
  24.2779
  24.1523
  24.0320
  23.9117
  23.8017
  23.6867
  23.5601
  23.4369
  23.3171
  23.1991
  23.0929
  22.9918
  22.8972
  22.8129
  22.7403
  22.6661
  22.5953
  22.5229
  22.4573
  22.3901
  22.3230
  22.2511
  22.1759
  22.0827
  21.9847
  21.8787
  21.7778
  21.6737
  21.5747
  21.4758
  21.3671
  21.2585
  21.1598
  21.0745
  20.9827
  20.8844
  20.7781
  20.6653
  20.5429
  20.4240
  20.3021
  20.1885
  20.0816
  19.9729
  19.8594
  19.7412
  19.6149
  19.4921
  19.3677
  19.2333
  19.0958
  18.9519
  18.8196
  18.6840
  18.5450
  18.3962
  18.2473
  18.0934
  17.9377
  17.7840
  17.6317
  17.4796
  17.3373
  17.2001
  17.0678
  16.9408
  16.8154
  16.6867
  16.5448
  16.3979
  16.2428
  16.0842
  15.9274
  15.7673
  15.6039
  15.4440
  15.2893
  15.1363
  14.9816
  14.8202
  14.6570
  14.4889
  14.3274
  14.1609
  13.9910
  13.8262
  13.6644
  13.5026
  13.3407
  13.1706
  13.0037
  12.8319
  12.6536
  12.4737
  12.2904
  12.1153
  11.9386
  11.7701
  11.5998
  11.4377
  11.2772
  11.1116
  10.9512
  10.7958
  10.6389
  10.4888
  10.3354
  10.1838
  10.0239
   9.8691
   9.7145
   9.5630
   9.4098
   9.2484
   9.0936
   8.9439
   8.8073
   8.6875
   8.5811
   8.4863
   8.3881
   8.2935
   8.1870
   8.0775
   7.9546
   7.8201
   7.6773
   7.5310
   7.3847
   7.2535
   7.1239
   7.0061
   6.8835
   6.7609
   6.6483
   6.5255
   6.3929
   6.2583
   6.1322
   6.0145
   5.9071
   5.8163
   5.7273
   5.6314
   5.5372
   5.4413
   5.3338
   5.2278
   5.1218
   5.0225
   4.9246
   4.8166
   4.7102
   4.6073
   4.5062
   4.4105
   4.3131
   4.2106
   4.1116
   4.0126
   3.9001
   3.7894
   3.6820
   3.5679
   3.4490
   3.3416
   3.2276
   3.1203
   3.0163
   2.9138
   2.8179
   2.7268
   2.6390
   2.5630
   2.4885
   2.4074
   2.3248
   2.2288
   2.1177
   1.9933
   1.8591
   1.7264
   1.5904
   1.4678
   1.3434
   1.2256
   1.1161
   1.0065
   0.9036
   0.8041
   0.7064
   0.6153
   0.5324
   0.4528
   0.3764
   0.2885
   0.2073
   0.1376
   0.0765
   0.0185
  -0.0479
  -0.1143
  -0.1940
  -0.2701
  -0.3444
  -0.4171
  -0.4747
  -0.5310
  -0.5954
  -0.6632
  -0.7260
  -0.7870
  -0.8362
  -0.8802
  -0.9243
  -0.9652
  -1.0049
  -1.0413
  -1.0709
  -1.0991
  -1.1236
  -1.1393
  -1.1534
  -1.1608
  -1.1630
  -1.1619
  -1.1590
  -1.1527
  -1.1464
  -1.1420
  -1.1225
  -1.1095
  -1.1013
  -1.0897
  -1.0815
  -1.0699
  -1.0565
  -1.0431
  -1.0263
  -1.0062
  -0.9878
  -0.9762
  -0.9562
  -0.9297
  -0.8962
  -0.8577
  -0.8228
  -0.7778
  -0.7329
  -0.6880
  -0.6434
  -0.6054
  -0.5691
  -0.5476
  -0.5279
  -0.5133
  -0.4920
  -0.4673
  -0.4526
  -0.4465
  -0.4503
  -0.4478
  -0.4469
  -0.4395
  -0.4323
  -0.4183
  -0.3996
  -0.3875
  -0.3736
  -0.3548
  -0.3342
  -0.3183
  -0.3008
  -0.2801
  -0.2610
  -0.2372
  -0.2051
  -0.1762
  -0.1504
  -0.1179
  -0.0904
  -0.0564
  -0.0243
   0.0024
   0.0227
   0.0413
   0.0646
   0.0779
   0.0944
   0.1074
   0.1222
   0.1321
   0.1434
   0.1632
   0.1796
   0.2011
   0.2225
   0.2472
   0.2752
   0.3067
   0.3397
   0.3796
   0.4279
   0.4712
   0.5129
   0.5460
   0.5725
   0.6009
   0.6227
   0.6445
   0.6665
   0.6904
   0.7158
   0.7429
   0.7749
   0.8086
   0.8458
   0.8811
   0.9181
