  21.2781
  21.0114
  20.7433
  20.4715
  20.2103
  19.9467
  19.6874
  19.4393
  19.1817
  18.9320
  18.6777
  18.4063
  18.1377
  17.8677
  17.6248
  17.4012
  17.1992
  17.0011
  16.8114
  16.5958
  16.3442
  16.0647
  15.7585
  15.4187
  15.0530
  14.6641
  14.2764
  13.8883
  13.5094
  13.1443
  12.7778
  12.7840
  12.7839
  12.7821
  12.7715
  12.7669
  12.7593
  12.7634
  12.7642
  12.7646
  12.7720
  12.7837
  12.7904
  12.7964
  12.8051
  12.8153
  12.8193
  12.8373
  12.8468
  12.8618
  12.8768
  12.8985
  12.9166
  12.9368
  12.9600
  12.9842
  13.0037
  13.0319
  13.0500
  13.0789
  13.1079
  13.1319
  13.1560
  13.1844
  13.2108
  13.2277
  13.2544
  13.2742
  13.2870
  13.3026
  13.3090
  13.3172
  13.3308
  13.3411
  13.3502
  13.3622
  13.3737
  13.3810
  13.3838
  13.3852
  13.3832
  13.3741
  13.3647
  13.3424
  13.3165
  13.2878
  13.2555
  13.2188
  13.1836
  13.1510
  13.1168
  13.0903
  13.0656
  13.0529
  13.0442
  13.0442
  13.0412
  13.0455
  13.0394
  13.0330
  13.0224
  13.0078
  12.9947
  12.9725
  12.9558
  12.9381
  12.9127
  12.8919
  12.8558
  12.8346
  12.8042
  12.7800
  12.7451
  12.7150
  12.6817
  12.6465
  12.6130
  12.5798
  12.5411
  12.5191
  12.4847
  12.4507
  12.4229
  12.3924
  12.3667
  12.3430
  12.3223
  12.3037
  12.2800
  12.2660
  12.2448
  12.2359
  12.2316
  12.2247
  12.2241
  12.2265
  12.2185
  12.2033
  12.1844
  12.1644
  12.1351
  12.1153
  12.1028
  12.0959
  12.0997
  12.1095
  12.1192
  12.1411
  12.1603
  12.1866
  12.2107
  12.2299
  12.2531
  12.2686
  12.2777
  12.2873
  12.2939
  12.2958
  12.2934
  12.2976
  12.2969
  12.2959
  12.3001
  12.3011
  12.3114
  12.3122
  12.3157
  12.3225
  12.3289
  12.3475
  12.3591
  12.3735
  12.3821
  12.3925
  12.3997
  12.4116
  12.4221
  12.4261
  12.4313
  12.4344
  12.4348
  12.4335
  12.4338
  12.4295
  12.4282
  12.4146
  12.4038
  12.3933
  12.3729
  12.3632
  12.3396
  12.3234
  12.2996
  12.2633
  12.2239
  12.1750
  12.1260
  12.0757
  12.0433
  12.0109
  11.9785
  11.9665
  11.9472
  11.9322
  11.9143
  11.8873
  11.8621
  11.8354
  11.8033
  11.7679
  11.7242
  11.6814
  11.6405
  11.5966
  11.5589
  11.5229
  11.4836
  11.4381
  11.3970
  11.3559
  11.3209
  11.3007
  11.2625
  11.2384
  11.2008
  11.1657
  11.1293
  11.0880
  11.0589
  11.0193
  11.0051
  10.9726
  10.9532
  10.9325
  10.9143
  10.8964
  10.8827
  10.8635
  10.8441
  10.8361
  10.8282
  10.8215
  10.8195
  10.8173
  10.8072
  10.8031
  10.7975
  10.7873
  10.7708
  10.7597
  10.7544
  10.7539
  10.7533
  10.7635
  10.7720
  10.7955
  10.8147
  10.8306
  10.8478
  10.8449
  10.8403
  10.8368
  10.8197
  10.8013
  10.7767
  10.7538
  10.7340
  10.7094
  10.6801
  10.6453
  10.6044
  10.5659
  10.5309
  10.4972
  10.4754
  10.4524
  10.4230
  10.3894
  10.3585
  10.3240
  10.2936
  10.2591
  10.2222
  10.2059
  10.1733
  10.1541
  10.1273
  10.1067
  10.0913
  10.0724
  10.0691
  10.0328
  10.0175
   9.9873
   9.9689
   9.9488
   9.9382
   9.9212
   9.9099
   9.9002
   9.8706
   9.8363
   9.7947
   9.7437
   9.7003
   9.6622
   9.6128
   9.5709
   9.5428
   9.5085
   9.4982
   9.4712
   9.4348
   9.4044
   9.3679
   9.3390
   9.2964
   9.2671
   9.2361
   9.2159
   9.2023
   9.2008
   9.1982
   9.1989
   9.2067
   9.2176
   9.2269
   9.2375
   9.2524
   9.2780
   9.3144
   9.3676
   9.4302
   9.4880
   9.5367
   9.5676
   9.5967
   9.6261
   9.6585
   9.6956
   9.7338
   9.7692
   9.8001
   9.8247
   9.8407
   9.8534
   9.8648
   9.8823
   9.8982
   9.9121
   9.9186
   9.9202
   9.9248
   9.9232
   9.9249
   9.9203
   9.9128
   9.8988
   9.8837
   9.8671
   9.8505
   9.8413
   9.8349
   9.8343
   9.8400
   9.8381
   9.8662
   9.8946
   9.9472
   9.9829
  10.0431
  10.0714
  10.1121
  10.1834
  10.2336
  10.2988
  10.3644
  10.4346
  10.5034
  10.5751
  10.6483
  10.7320
  10.8038
  10.8892
  10.9761
  11.0570
  11.1338
  11.2125
  11.2899
  11.3657
  11.4323
  11.4871
  11.5419
  11.5802
  11.6233
  11.6677
  11.7255
  11.7757
  11.8347
  11.8952
  11.9521
  12.0093
  12.0646
  12.1168
  12.1677
  12.2216
  12.2787
  12.3339
  12.3843
  12.4330
  12.4821
  12.5300
  12.5765
  12.6197
  12.6628
  12.7027
  12.7399
  12.7775
  12.8154
  12.8535
  12.8904
  12.9291
  12.9683
  13.0062
  13.0440
  13.0800
  13.1113
  13.1182
  13.1297
  13.1154
  13.1055
  13.0819
  13.0642
  13.0432
  13.0021
  12.9807
  12.9423
  12.9010
  12.8568
  12.8082
  12.7596
  12.7063
  12.6457
  12.5925
  12.5348
  12.4728
  12.4153
  12.3576
  12.2995
  12.2430
  12.1868
  12.1368
  12.0960
  12.0509
  12.0146
  11.9705
  11.9332
  11.8902
  11.8578
  11.8229
  11.7926
  11.7673
  11.7403
  11.7179
  11.6997
  11.6845
  11.6695
  11.6575
  11.6503
  11.6481
  11.6477
  11.6502
  11.6598
  11.6726
  11.6903
  11.7157
  11.7459
  11.7823
  11.8188
  11.8553
  11.8993
  11.9430
  11.9863
  12.0322
  12.0852
  12.1382
  12.1866
  12.2365
  12.2881
  12.3397
  12.3926
  12.4443
  12.4975
  12.5524
  12.6047
  12.6562
  12.7033
  12.7478
  12.7938
  12.8396
  12.8869
  12.9344
  12.9834
  13.0321
  13.0811
  13.1256
  13.1683
  13.2079
  13.2490
  13.2870
  13.3219
  13.3551
  13.3865
  13.4178
  13.4442
  13.4738
  13.5031
  13.5351
  13.5680
  13.6025
  13.6383
  13.6693
  13.7001
  13.7322
  13.7583
  13.7859
  13.8137
  13.8461
  13.8725
  13.9036
  13.9332
  13.9643
  13.9921
  14.0201
  14.0439
  14.0678
  14.0889
  14.1083
  14.1230
  14.1421
  14.1578
  14.1569
  14.1632
  14.1695
  14.1852
  14.1980
  14.2096
  14.2320
  14.2651
  14.3010
  14.3355
  14.3685
  14.4077
  14.4542
  14.5051
  14.5585
  14.6100
  14.6568
  14.7004
  14.7397
  14.7774
  14.8080
  14.8400
  14.8706
  14.9011
  14.9318
  14.9636
  14.9988
  15.0384
  15.0766
  15.1176
  15.1571
  15.1990
  15.2418
  15.2815
  15.3195
  15.3498
  15.3842
  15.4112
  15.4365
  15.4647
  15.4884
  15.5135
  15.5404
  15.5669
  15.5925
  15.6168
  15.6346
  15.6492
  15.6684
  15.6800
  15.6911
  15.7074
  15.7281
  15.7446
  15.7654
  15.7860
  15.8054
  15.8310
  15.8612
  15.8915
  15.9304
  15.9756
  16.0252
  16.0762
  16.1269
  16.1809
  16.2366
  16.2938
  16.3362
  16.3708
  16.4073
  16.4394
  16.4657
  16.4898
  16.5087
  16.5234
  16.5455
  16.5646
  16.5993
  16.6382
  16.6758
  16.7297
  16.7732
  16.8222
  16.8728
  16.9290
  16.9856
  17.0346
  17.0867
  17.1342
  17.1774
  17.2247
  17.2663
  17.3069
  17.3459
  17.3940
  17.4391
  17.4862
  17.5376
  17.5911
  17.6428
  17.6961
  17.7376
  17.7836
  17.8270
  17.8746
  17.9129
  17.9591
  18.0096
  18.0584
  18.1055
  18.1647
  18.2051
  18.2518
  18.2816
  18.3231
  18.3563
  18.3940
  18.4150
  18.4448
  18.4669
  18.4950
  18.5182
  18.5264
  18.5472
  18.5407
  18.5355
  18.5177
  18.5073
  18.4894
  18.4853
  18.4701
  18.4625
  18.4486
  18.4371
  18.4206
  18.4110
  18.3957
  18.3906
  18.3728
  18.3582
  18.3466
  18.3271
  18.3152
  18.2960
  18.2815
  18.2550
  18.2263
  18.2101
  18.1935
  18.1882
  18.1854
  18.1788
  18.1804
  18.1841
  18.1970
  18.2038
  18.2122
  18.2209
  18.2254
  18.2328
  18.2373
  18.2421
  18.2602
  18.2722
  18.2859
  18.2969
  18.3186
  18.3418
  18.3727
  18.4065
  18.4403
  18.4625
  18.5015
  18.5264
  18.5571
  18.5763
  18.6083
  18.6355
  18.6795
  18.7114
  18.7492
  18.7756
  18.8172
  18.8604
  18.8885
  18.9367
  18.9760
  19.0314
  19.0651
  19.1216
  19.1677
  19.2263
  19.2986
  19.3775
  19.4489
  19.5261
  19.5947
  19.6678
  19.7430
  19.8119
  19.8794
  19.9467
  20.0126
  20.0827
  20.1568
  20.2256
  20.3012
  20.3813
  20.4564
  20.5320
  20.5975
  20.6686
  20.7480
  20.8224
  20.9045
  20.9789
  21.0586
  21.1425
  21.2278
  21.3202
  21.4114
  21.4994
  21.5945
  21.6838
  21.7762
  21.8699
  21.9753
  22.0698
  22.1660
  22.2515
  22.3372
  22.4290
  22.5265
  22.6178
  22.7140
  22.8223
  22.9286
  23.0340
  23.1469
  23.2553
  23.3634
  23.4755
  23.5826
  23.6887
  23.8016
  23.9165
  24.0329
  24.1554
  24.2743
  24.3981
  24.5188
  24.6362
  24.7598
  24.8660
  24.9760
  25.0866
  25.1956
  25.3149
  25.4299
  25.5443
  25.6668
  25.7857
  25.9032
  26.0252
  26.1395
  26.2558
  26.3724
  26.4918
  26.6020
  26.7122
  26.8225
  26.9377
  27.0510
  27.1550
  27.2652
  27.3675
  27.4710
  27.5710
  27.6755
  27.7725
  27.8755
  27.9727
  28.0818
  28.1777
  28.2826
  28.3810
  28.4798
  28.5665
  28.6622
  28.7503
  28.8446
  28.9323
  29.0217
  29.1068
  29.1935
  29.2892
  29.3744
  29.4634
  29.5499
  29.6378
  29.7272
  29.8155
  29.9028
  29.9934
  30.0836
  30.1768
  30.2699
  30.3604
  30.4538
  30.5474
  30.6455
  30.7375
  30.8324
  30.9243
  31.0149
  31.1079
  31.1970
  31.2883
  31.3763
  31.4692
  31.5545
  31.6386
  31.7240
  31.8022
  31.8758
  31.9559
  32.0272
  32.1019
  32.1735
  32.2517
  32.3254
  32.3928
  32.4646
  32.5289
  32.5981
  32.6630
  32.7261
  32.7895
  32.8497
  32.9069
  32.9685
  33.0213
  33.0780
  33.1196
  33.1704
  33.2101
  33.2531
  33.2941
  33.3325
  33.3610
  33.3988
  33.4243
  33.4544
  33.4752
  33.4913
  33.5023
  33.5059
  33.5157
  33.5232
  33.5281
  33.5192
  33.5116
  33.5069
  33.4994
  33.4985
  33.4904
  33.4822
  33.4669
  33.4544
  33.4325
  33.4136
  33.3873
  33.3611
  33.3349
  33.3099
  33.2871
  33.2650
  33.2408
  33.2173
  33.1850
  33.1491
  33.1120
  33.0787
  33.0400
  33.0104
  32.9810
  32.9515
  32.9299
  32.9018
  32.8734
  32.8497
  32.8259
  32.8037
  32.7783
  32.7561
  32.7305
  32.7048
  32.6780
  32.6513
  32.6251
  32.5988
  32.5753
  32.5474
  32.5197
  32.4968
  32.4707
  32.4534
  32.4307
  32.4174
  32.4007
  32.3936
  32.3835
  32.3749
  32.3653
  32.3629
  32.3654
  32.3729
  32.3802
  32.3921
  32.4040
  32.4207
  32.4372
  32.4557
  32.4740
  32.4892
  32.5003
  32.5174
  32.5342
  32.5540
  32.5675
  32.5875
  32.6043
  32.6308
  32.6554
  32.6813
  32.7031
  32.7277
  32.7433
  32.7596
  32.7796
  32.8010
  32.8223
  32.8486
  32.8742
  32.9053
  32.9335
  32.9631
  32.9882
  33.0163
  33.0479
  33.0813
  33.1085
  33.1424
  33.1777
  33.2073
  33.2476
  33.2852
  33.3229
  33.3620
  33.3983
  33.4388
  33.4767
  33.5132
  33.5514
  33.5930
  33.6342
  33.6755
  33.7145
  33.7637
  33.8065
  33.8555
  33.9138
  33.9691
  34.0318
  34.0955
  34.1492
  34.1997
  34.2483
  34.2928
  34.3311
  34.3725
  34.4120
  34.4608
  34.5036
  34.5509
  34.6031
  34.6523
  34.6892
  34.7247
  34.7649
  34.7972
  34.8344
  34.8687
  34.9008
  34.9363
  34.9659
  34.9997
  35.0308
  35.0648
  35.1080
  35.1419
  35.1839
  35.2229
  35.2645
  35.3085
  35.3452
  35.3877
  35.4209
  35.4559
  35.4848
  35.5108
  35.5317
  35.5510
  35.5685
  35.5813
  35.5969
  35.6141
  35.6297
  35.6470
  35.6624
  35.6776
  35.6898
  35.7029
  35.7112
  35.7149
  35.7058
  35.6872
  35.6732
  35.6621
  35.6510
  35.6387
  35.6264
  35.5957
  35.5667
  35.5375
  35.5086
  35.4783
  35.4513
  35.4259
  35.4063
  35.3974
  35.3918
  35.3690
  35.3248
  35.2666
  35.1949
  35.1231
  35.0498
  34.9946
  34.9458
  34.9077
  34.8883
  34.8577
  34.8228
  34.7802
  34.7236
  34.6656
  34.5924
  34.5185
  34.4403
  34.3641
  34.2950
  34.2258
  34.1624
  34.0898
  34.0126
  33.9321
  33.8424
  33.7589
  33.6733
  33.5829
  33.4920
  33.4013
  33.3151
  33.2208
  33.1346
  33.0482
  32.9492
  32.8562
  32.7616
  32.6780
  32.5925
  32.5211
  32.4519
  32.3917
  32.3419
  32.3002
  32.2697
  32.2296
  32.1772
  32.1201
  32.0582
  31.9962
  31.9376
  31.8753
  31.8147
  31.7494
  31.6973
  31.6446
  31.5933
  31.5403
  31.4751
  31.4109
  31.3597
  31.3217
  31.2945
  31.2717
  31.2505
  31.2368
  31.2154
  31.1875
  31.1408
  31.0820
  31.0242
  30.9723
  30.9245
  30.8908
  30.8616
  30.8368
  30.8117
  30.7834
  30.7437
  30.6954
  30.6360
  30.5753
  30.5165
  30.4562
  30.4038
  30.3545
  30.3051
  30.2649
  30.2281
  30.1973
  30.1696
  30.1405
  30.1143
  30.0865
  30.0586
  30.0353
  30.0108
  29.9843
  29.9467
  29.9110
  29.8607
  29.8030
  29.7406
  29.6754
  29.6071
  29.5404
  29.4785
  29.4228
  29.3701
  29.3188
  29.2720
  29.2312
  29.1860
  29.1360
  29.0908
  29.0380
  28.9827
  28.9271
  28.8705
  28.8199
  28.7625
  28.7104
  28.6592
  28.6122
  28.5658
  28.5153
  28.4601
  28.3975
  28.3303
  28.2704
  28.2121
  28.1526
  28.0943
  28.0396
  27.9827
  27.9257
  27.8737
  27.8199
  27.7741
  27.7300
  27.6921
  27.6620
  27.6331
  27.6101
  27.5917
  27.5698
  27.5510
  27.5325
  27.5129
  27.4930
  27.4672
  27.4413
  27.4231
  27.4055
  27.3874
  27.3712
  27.3534
  27.3355
  27.3179
  27.3066
  27.2969
  27.2906
  27.2870
  27.2789
  27.2644
  27.2454
  27.2276
  27.2099
  27.1875
  27.1563
  27.1138
  27.0672
  27.0156
  26.9692
  26.9197
  26.8718
  26.8362
  26.8101
  26.7811
  26.7501
  26.7222
  26.6938
  26.6653
  26.6475
  26.6332
  26.6237
  26.6143
  26.6061
  26.6014
  26.5944
  26.5916
  26.5912
  26.5958
  26.6020
  26.6034
  26.5958
  26.5957
  26.5861
  26.5832
  26.5789
  26.5759
  26.5728
  26.5732
  26.5677
  26.5620
  26.5523
  26.5503
  26.5423
  26.5372
  26.5255
  26.5169
  26.5020
  26.4826
  26.4597
  26.4353
  26.4112
  26.3869
  26.3656
  26.3510
  26.3346
  26.3167
  26.3064
  26.3023
  26.3106
  26.3297
  26.3521
  26.3770
  26.3929
  26.4010
  26.4109
  26.4266
  26.4552
  26.4867
  26.5168
  26.5493
  26.5854
  26.6207
  26.6522
  26.6791
  26.7018
  26.7185
  26.7386
  26.7559
  26.7664
  26.7676
  26.7641
  26.7522
  26.7461
  26.7324
  26.7199
  26.7100
  26.6977
  26.6845
  26.6726
  26.6614
  26.6452
  26.6416
  26.6369
  26.6366
  26.6396
  26.6422
  26.6480
  26.6525
  26.6627
  26.6687
  26.6749
  26.6882
  26.6974
  26.7089
  26.7255
  26.7392
  26.7500
  26.7703
  26.7950
  26.8168
  26.8479
  26.8740
  26.8989
  26.9186
  26.9316
  26.9445
  26.9515
  26.9534
  26.9526
  26.9423
  26.9323
  26.9252
  26.9268
  26.9294
  26.9444
  26.9513
  26.9662
  26.9812
  27.0018
  27.0310
  27.0727
  27.1109
  27.1532
  27.1853
  27.2109
  27.2424
  27.2754
  27.3083
  27.3394
  27.3826
  27.4425
  27.5044
  27.5721
  27.6086
  27.6318
  27.6361
  27.6387
  27.6337
  27.6520
  27.7077
  27.7863
  27.9092
  28.0614
  28.2388
  28.4408
  28.6432
  28.8443
  29.0328
  29.2135
  29.3756
  29.1722
  28.9674
  28.7572
  28.5466
  28.3413
  28.1281
  27.9168
  27.7059
  27.4998
  27.2862
  27.0669
  26.8462
  26.6288
  26.4068
  26.1869
  25.9688
  25.7476
  25.5306
  25.3105
  25.0791
  24.8491
  24.6099
  24.3690
  24.1246
  23.8864
  23.6466
  23.4179
  23.1781
  22.9395
  22.6936
