27955.9102
27955.7500
27955.8184
27956.0684
27956.0078
27956.2285
27956.3887
27956.6289
27956.5879
27956.5977
27956.7578
27956.7461
27956.8789
27956.7871
27956.7461
27956.8965
27956.6855
27956.4570
27956.7676
27956.6855
27956.7852
27956.7148
27956.8965
27956.8359
27956.5938
27956.9434
27956.7441
27956.8320
27956.8223
27956.5332
27956.7012
27956.6406
27956.8398
27956.7910
27956.7520
27956.9297
27957.0918
27957.0703
27957.1914
27957.0195
27957.1387
27957.2676
27957.4180
27957.2168
27957.1855
27957.2070
27957.1465
27957.2656
27957.2871
27956.9648
27957.1758
27956.9375
27956.8164
27956.8262
27957.1348
27957.0547
27957.0352
27956.8457
27956.8242
27956.6738
27956.6348
27956.7148
27956.6348
27956.4434
27956.7227
27956.6543
27956.5840
27956.6016
27956.1309
27955.9922
27955.7227
27956.0098
27955.8809
27955.7285
27955.5879
27955.2793
27955.3184
27955.3086
27955.3398
27955.2676
27955.1191
27955.1504
27954.9180
27954.8184
27954.9082
27954.5996
27954.6504
27954.6797
27954.3711
27954.5020
27954.6016
27954.5000
27954.3809
27954.2695
27953.9102
27953.7988
27954.0781
27953.8477
27953.8906
27953.8281
27953.8066
27953.8203
27953.7188
27953.8887
27953.9492
27954.1289
27954.3281
27954.1191
27954.0977
27954.1094
27953.8477
27954.1172
27954.2266
27954.1172
27954.0957
27954.1367
27954.2188
27954.2578
27954.3496
27954.2109
27954.1191
27953.8984
27954.0762
27953.9980
27953.8672
27953.7363
27953.3574
27953.5957
27953.3359
27953.5234
27953.2832
27953.4824
27953.2754
27953.2227
27953.3047
27953.0723
27953.2441
27953.2051
27953.1250
27953.1855
27953.0254
27953.1152
27953.0547
27953.1426
27952.8496
27952.8066
27952.7891
27952.9277
27952.9668
27952.9980
27953.1191
27953.1660
27953.2266
27953.3477
27953.0391
27953.0000
27952.9688
27952.8770
27952.9258
27952.8301
27952.6855
27952.4160
27952.8457
27952.6855
27952.5547
27952.7148
27952.3672
27952.4668
27952.5156
27952.4492
27952.5020
27952.1367
27952.5586
27952.6797
27952.2734
27952.4883
27952.7090
27952.5098
27952.3496
27952.5488
27952.4902
27952.1699
27952.3301
27952.2227
27952.4434
27952.1523
27952.4355
27952.1348
27952.3750
27952.3730
27952.4121
27952.5117
27952.5039
27952.6719
27952.7734
27952.6719
27953.1113
27952.9883
27953.1719
27953.2500
27953.2188
27953.2266
27953.3281
27953.0664
27953.0664
27952.8340
27952.7422
27952.7344
27952.9824
27952.9355
27952.8340
27952.9258
27952.8945
27952.9551
27952.7559
27952.6250
27952.7246
27952.4238
27952.2324
27952.1797
27952.3418
27952.1172
27952.3105
27952.2324
27952.0488
27952.0703
27952.4844
27952.2148
27952.8379
27952.7285
27952.9824
27952.9902
27952.9902
27952.9512
27952.9043
27952.7734
27952.6738
27952.5820
27952.6660
27952.6113
27952.6426
27952.7578
27952.7500
27952.8965
27952.8438
27952.6816
27952.6211
27952.7500
27952.5508
27952.6270
27952.5820
27952.3809
27952.4414
27952.1191
27952.2422
27952.0332
27952.2422
27952.4414
27952.5020
27952.3711
27952.3027
27952.3398
27952.3027
27952.3340
27952.3262
27952.0781
27952.1309
27951.9941
27952.1543
27952.1777
27951.9863
27951.6777
27951.9316
27951.7305
27951.5156
27951.7930
27951.6992
27952.0840
27952.1758
27951.9609
27951.7227
27951.6230
27951.6855
27951.4141
27951.4922
27951.4531
27951.3301
27951.4688
27951.0918
27951.2305
27951.2754
27951.1211
27951.1289
27951.2910
27951.3906
27951.2520
27951.1133
27951.1738
27951.0371
27950.9375
27950.9688
27951.0996
27951.0664
27951.1133
27951.1738
27951.1504
27951.3125
27951.1055
27951.2734
27950.9902
27951.2598
27951.1348
27950.9668
27950.9902
27951.0137
27950.9902
27950.8906
27951.0898
27951.0586
27950.9277
27950.5195
27950.6289
27950.9199
27950.6270
27950.7520
27950.8652
27950.8340
27950.6973
27950.7891
27950.7266
27950.7891
27950.8887
27950.9961
27951.0332
27950.7793
27950.9785
27950.8477
27950.7793
27950.8105
27950.7012
27950.7949
27950.8887
27951.1191
27950.9121
27950.8438
27950.7734
27950.9043
27950.8672
27950.9297
27950.7598
27950.7031
27950.6348
27950.4414
27951.3086
27951.7539
27952.1992
27953.1641
27952.7422
27953.8789
27953.4258
27954.0469
27954.1523
27954.2539
27954.6309
27954.6289
27955.1367
27955.4043
27955.2676
27955.4355
27955.5742
27955.7480
27955.6797
27955.6113
27955.7871
27955.6465
27955.4102
27955.4785
27955.1094
27955.1016
27955.1953
27954.8887
27954.8867
27954.8184
27954.7500
27955.1328
27954.4121
27955.0312
27954.7246
27955.1758
27954.8926
27955.0996
27954.5859
27954.3789
27954.1719
27953.9355
27954.0410
27953.7344
27953.7031
27953.8320
27953.6328
27953.6953
27953.8574
27953.7207
27953.6426
27953.5312
27953.3926
27953.3535
27953.3848
27953.1855
27953.0469
27953.0156
27952.9160
27953.0098
27952.9727
27952.8789
27952.7168
27952.7168
27952.7168
27952.6465
27952.5020
27952.5391
27952.4023
27952.1641
27952.2324
27952.1016
27952.1699
27952.0703
27952.0332
27951.9336
27951.8887
27951.8887
27951.8262
27951.7266
27951.5645
27951.6641
27951.7715
27951.8691
27951.9941
27952.0254
27951.9824
27952.1367
27952.2246
27952.4121
27952.4688
27952.5312
27952.4941
27952.5996
27952.6367
27952.6992
27952.8379
27952.8438
27952.8809
27952.9805
27952.9434
27953.0430
27952.9746
27952.9062
27952.9062
27952.8379
27952.7695
27952.6680
27952.6680
27952.6055
27952.5684
27952.5684
27952.5684
27952.5684
27952.6367
27952.5371
27952.3691
27952.4375
27952.4375
27952.4062
27952.4062
27952.3379
27952.4062
27952.5820
27952.7188
27952.7930
27952.9980
27952.9297
27952.8984
27952.8301
27952.7930
27952.5879
27952.5176
27952.5176
27952.6855
27952.6855
27952.6855
27952.5859
27952.6230
27952.7227
27952.8984
27953.0352
27953.0039
27953.1035
27953.0039
27953.1406
27953.2422
27953.4785
27953.5469
27953.5156
27953.6152
27953.6836
27953.6465
27953.6836
27953.8516
27953.8516
27953.8516
27953.9512
27954.2891
27954.3262
27954.2891
27954.2891
27954.3203
27954.2871
27954.1152
27954.0156
27953.8457
27953.8770
27953.7773
27953.7754
27953.6016
27953.6406
27953.6016
27953.5703
27953.4648
27953.5020
27953.5645
27953.6016
27953.7656
27953.8086
27953.8652
27953.9746
27954.0059
27954.0703
27954.0371
27954.1074
27954.1445
27954.1504
27954.2812
27954.0820
27954.0820
27954.1172
27954.0137
27954.0488
27954.1445
27954.1074
27954.1699
27954.0059
27954.0957
27954.1074
27954.3008
27954.2422
27954.4062
27954.4434
27954.3105
27954.4961
27954.2109
27954.3633
27954.3008
27954.1699
27954.3281
27954.1309
27954.1211
27954.1797
27954.1523
27954.1797
27954.2148
27954.1836
27954.3203
27954.2461
27954.1836
27954.2461
27954.1895
27954.2461
27954.2578
27954.4531
27954.4160
27954.4531
27954.3145
27954.2832
27954.3145
27954.2832
27954.3516
27954.4844
27954.5156
27954.4531
27954.5527
27954.5879
27954.6895
27954.9297
27954.9297
27954.9043
27955.2031
27955.0352
27955.0723
27955.2773
27955.3086
27955.3750
27955.3750
27955.2812
27955.4453
27955.3184
27955.6172
27955.6602
27955.8965
27955.9316
27955.8965
27955.8906
27955.9277
27955.8281
27955.9902
27955.9590
27955.8223
27955.8164
27955.7793
27955.8105
27955.9844
27956.2168
27956.3574
27956.4844
27956.5566
27956.5938
27956.7988
27956.8301
27956.8301
27956.7617
27956.7617
27956.6934
27956.8613
27956.8574
27956.7891
27956.8887
27957.0938
27957.0625
27957.0938
27957.0664
27957.0332
27957.0293
27956.9648
27956.9648
27957.1328
27957.1738
27957.2109
27957.2051
27957.1680
27957.1992
27957.0684
27956.9336
27956.8379
27956.8359
27956.8359
27956.8730
27956.9414
27957.1133
27957.3125
27957.3848
27957.2500
27957.2168
27957.3535
27957.4219
27957.4258
27957.5254
27957.4941
27957.4570
27957.5605
27957.6562
27957.5254
27957.4922
27957.4922
27957.5879
27957.5566
27957.4570
27957.4922
27957.4277
27957.6270
27957.5957
27957.7637
27957.8281
27957.8906
27958.0254
27958.2168
27958.1465
27958.2090
27958.2500
27958.1484
27958.1855
27958.1484
27958.1895
27958.1895
27958.1875
27958.2148
27958.4492
27958.4160
27958.4102
27958.3789
27958.2148
27958.2188
27958.1797
27958.3516
27958.3867
27958.5898
27958.6816
27958.7500
27958.7168
27958.6211
27958.7227
27958.8535
27958.9219
27958.6270
27958.8223
27958.7227
27958.9531
27959.1523
27958.9199
27959.0156
27959.0156
27958.9453
27959.0488
27958.9160
27959.1152
27959.2793
27959.0430
27959.3066
27959.1758
27959.0078
27959.1387
27959.1094
27959.1738
27959.0977
27959.1035
27958.8984
27958.9902
27958.8262
27958.8594
27959.0898
27959.1602
27959.3613
27959.1602
27959.4297
27959.4316
27959.4961
27959.2930
27959.4004
27959.3965
27959.2930
27959.4629
27959.9277
27959.7969
27959.9590
27959.7637
27959.9941
27959.8672
27960.1035
27959.8691
27959.9707
27960.2344
27960.5371
27960.3340
27960.1367
27960.3945
27960.1250
27960.3652
27960.5371
27960.8320
27960.7676
27960.9316
27961.0645
27961.0605
27961.0684
27961.2324
27961.2344
27961.0664
27961.3340
27961.1680
27961.4023
27961.4629
27961.6699
27961.6348
27961.8613
27961.9980
27961.9980
27961.9258
27962.1270
27961.9902
27962.2227
27962.0254
27962.2500
27962.4844
27962.4160
27962.3477
27962.0801
27962.3145
27962.3750
27962.4102
27962.3398
27962.2109
27962.3691
27962.6367
27963.1035
27962.8613
27963.1230
27963.4219
27963.3555
27963.5547
27963.4570
27963.6230
27963.5938
27963.1934
27963.1328
27963.0215
27963.4297
27963.4902
27963.3242
27963.1836
27963.4551
27963.6250
27963.5586
27963.5938
27963.8652
27963.6602
27964.0000
27963.9336
27963.7637
27963.8320
27964.0977
27964.2344
27964.2676
27964.3027
27964.2051
27964.5723
27964.4707
27964.3340
27964.2988
27964.6660
27964.5996
27964.3652
27964.5430
27964.4805
27964.5117
27963.8164
27964.3477
27964.0469
27964.4824
27964.2148
27964.3496
27963.8086
27964.1406
27964.6426
27964.5117
27964.5391
27964.3691
27964.4727
27964.4766
27964.8789
27964.9473
27965.0840
27965.0215
27964.8496
27964.7949
27964.7598
27964.8906
27964.8242
27964.9863
27964.8203
27964.9199
27964.9883
27964.7207
27964.7227
27964.5508
27964.4844
27964.3789
27964.2168
27964.3457
27964.2480
27964.0430
27963.8438
27963.6797
27963.5391
27963.3105
27963.1777
27963.0762
27963.0117
27962.7500
27962.6445
27962.6836
27962.3145
27962.5508
27962.5547
27962.5547
27962.4199
27962.4551
27962.2832
27962.4512
27962.3184
27962.4160
27962.0859
27962.2109
27961.9102
27962.1465
27962.2441
27962.0801
27961.9180
27961.5176
27961.7480
27961.1133
27961.1504
27961.1465
27960.9551
27960.7227
27961.2539
27960.8223
27961.0195
27961.0508
27960.8926
27960.9531
27960.7891
27960.7891
27961.1191
27960.7539
27960.2578
27960.4570
27960.7539
27960.6855
27960.7227
27960.4863
27960.4512
27960.4180
27960.3965
27960.2578
27960.7266
27960.7266
27960.4277
27960.5977
27960.5645
27960.2969
27960.3633
27960.2676
27960.3027
27960.1992
27960.3340
27959.9980
27960.4668
27960.4023
27960.3359
27960.2656
27960.3672
27960.5664
27960.6367
27960.1035
27960.1699
27960.1699
27959.9668
27960.0293
27959.7656
27959.2598
27958.8203
27958.7871
27958.6875
27958.5566
27958.4258
27958.3555
27958.5586
27958.3613
27958.4902
27958.0898
27958.5254
27958.1211
27958.0859
27958.2559
27958.1211
27958.3906
27958.2520
27958.2520
27958.0547
27958.0195
27957.9492
27958.2871
27958.1504
27958.1855
27957.9531
27957.6816
27957.7480
27957.7832
27957.6816
27957.7812
27957.7188
27957.8496
27957.8496
27957.8145
27958.1562
27957.9863
27958.1250
27958.4590
27958.2891
27958.2578
27958.3555
27958.2539
27958.1875
27958.0879
27958.1211
27958.0195
27958.0840
27957.9492
27957.8164
27957.9160
27957.9531
27957.8184
27957.6855
27957.8887
27957.6875
27957.8184
27958.0215
27958.1191
27958.3164
27958.3164
27958.2812
27958.6152
27958.9141
27958.9121
27959.1172
27959.3125
27959.5820
27959.3516
27959.6836
27959.5508
27960.0820
27960.0469
27960.1133
27960.1133
27960.4453
27960.4434
27960.4785
27960.6797
27960.7793
27960.8809
27961.0781
27961.0117
27961.2441
27961.4746
27961.6094
27961.7441
27961.7754
27961.8750
27961.8750
27962.2402
27962.1055
27962.2695
27962.8672
27962.8008
27962.8652
27963.0371
27963.0684
27963.1348
27963.0254
27962.8379
27962.7383
27963.0391
27963.4023
27963.6680
27963.8359
27963.6699
27963.6055
27963.3711
27963.6348
27963.7012
27964.2363
27964.2012
27964.3359
27964.4004
27964.4355
27964.5977
27964.3320
27964.3320
27964.3008
27964.5664
27964.0977
27964.0000
27964.0312
27963.8984
27963.8320
27963.6973
27963.6621
27963.6602
27963.5273
27963.6309
27963.4648
27963.4316
27963.6309
27963.8320
27963.7305
27963.4297
27963.4609
27963.4922
27963.3926
27963.8613
27964.2285
27964.7637
27965.0293
27965.1602
27965.1270
27965.5605
27965.6934
27965.6270
27965.6289
27965.1621
27965.1953
27965.1289
27964.9609
27965.3594
27964.9609
27965.1270
27965.1602
27965.1270
27965.3926
27965.3262
27965.5938
27965.1914
27965.2910
27965.1914
27965.2910
27965.4590
27965.4258
27965.4238
27965.4238
27965.4902
27965.2246
27965.3887
27965.5215
27965.2871
27965.1895
27965.0215
27965.3555
27964.8535
27964.9199
27964.9180
27964.9180
27964.8516
27964.6855
27964.4844
27964.7188
27964.6855
27964.9199
27965.1523
27964.8516
27964.8535
27964.8203
27964.9863
27965.1836
27965.0840
27964.9160
27965.1172
27965.1172
27965.2168
27965.4492
27965.4160
27965.2480
27965.2148
27965.4473
27965.5801
27965.6465
27965.7129
27965.7148
27965.7129
27965.4785
27965.6777
27965.3125
27965.2461
27965.3789
27965.1777
27965.2109
27965.3770
27965.1113
27964.9766
27964.9766
27965.1758
27965.2090
27964.8770
27964.8086
27964.7070
27964.8418
27964.6738
27964.7734
27964.5742
27964.8066
27964.6719
27964.6055
27964.7715
27964.5039
27964.8711
27964.7695
27964.9355
27964.9023
27965.2012
27964.9355
27964.9668
27964.8340
27964.8340
27965.0996
27965.3672
27965.2988
27965.4648
27965.5645
27965.4316
27965.0293
27965.2969
27965.3281
27965.2949
27965.1934
27965.2285
27965.2051
27965.3223
27965.3203
27965.3262
27965.4238
27965.0918
27965.0566
27965.0898
27964.8574
27964.7227
27964.4238
27964.6211
27964.4551
27964.3203
27964.2207
27964.3535
27964.2520
27964.5527
27964.3184
27964.3496
27964.1855
27963.9160
27963.5840
27963.6172
27963.3496
27963.4141
27963.3145
27963.2812
27963.4141
27963.3809
27963.2461
27963.6465
27963.2793
27963.3789
27963.6133
27963.3789
27963.4785
27963.5117
27963.5098
27963.5430
27963.2090
27963.3770
27963.1445
27963.1758
27962.7090
27963.1074
27963.3398
27963.0391
27963.1719
27962.9062
27963.0391
27962.8730
27962.8711
27963.1055
27962.9395
27963.1367
27962.9707
27963.2363
27963.0391
27963.0371
27963.1035
27963.1680
27963.2363
27963.4668
27963.3008
27963.4004
27963.3008
27963.3008
27963.1680
27963.2012
27963.1328
27963.2656
27963.0996
27963.1973
27963.2988
27963.3984
27963.4629
27963.4316
27963.4316
27963.5625
27963.5957
27963.4648
27963.6289
27963.3965
27963.4961
27963.6953
27963.3965
27963.4297
27963.5625
27963.7285
27963.6953
27963.5820
27963.5957
27963.5957
27963.5918
27963.5918
27963.7246
27963.5566
27963.9238
27963.6914
27963.2910
27963.7891
27963.3242
27963.5566
27963.1562
27963.4238
27963.1230
27963.1875
27962.6211
27963.0898
27962.7539
27963.0215
27963.0547
27962.9883
27962.8223
27962.8535
27962.7852
27962.8184
27962.7539
27962.6211
27962.4551
27962.4551
27962.6523
27962.7520
27962.7520
27962.8184
27962.6855
27962.5195
27962.5195
27962.1543
27962.3535
27962.0879
27962.0195
27961.7539
27961.6523
27961.3535
27961.3535
27961.3535
27961.5195
27961.1543
27961.1211
27961.0879
27960.7832
27960.7188
27960.8184
27960.5547
27960.8516
27960.7168
27960.6152
27960.6816
27960.5801
27960.5469
27960.4492
27960.4121
27960.5117
27960.4121
27960.3457
27960.6758
27960.6738
27960.6406
27960.8711
27960.6387
27960.8398
27960.7715
27961.1406
27961.3047
27961.6738
27961.3730
27961.1074
27961.4375
27960.9062
27961.2734
27961.1406
27960.9395
27961.0352
27961.0684
27961.2324
27961.1973
27960.9668
27961.0312
27961.0664
27961.0000
27961.0977
27960.7676
27960.9336
27960.5664
27960.8652
27960.6309
27960.6973
27960.7930
27961.0957
27960.9277
27961.0215
27961.3535
27961.2852
27961.3496
27961.5176
27961.3867
27961.5527
27961.6523
27961.6875
27961.6504
27961.7500
27961.5508
27961.6172
27961.5840
27961.4844
27961.4492
27961.3203
27961.3516
27961.0488
27961.0859
27961.1152
27961.0488
27961.2109
27960.8477
27961.0762
27961.1113
27961.0098
27960.9473
27960.9766
27961.2090
27961.2422
27961.1738
27961.2734
27961.1055
27961.2031
27961.4004
