 995.2150
1025.6274
1055.9580
1086.2230
1116.4225
1146.5563
1176.6245
1206.6273
1236.5480
1266.4032
1296.1927
1325.9167
1355.5752
1385.1680
1414.6788
1444.1241
1473.5039
1502.8180
1532.0665
1561.2495
1590.3506
1619.3860
1648.3558
1677.2601
1706.0989
1734.8719
1763.5793
1792.2050
1820.7649
1849.2594
1877.6882
1873.5243
1869.3766
1865.2126
1861.0487
1856.8848
1852.7208
1848.5569
1844.4092
1840.2452
1836.0813
1831.9174
1827.7534
1823.5895
1819.4420
1815.2781
1811.1141
1806.9502
1802.7863
1798.6223
1794.4747
1790.3270
1786.1631
1781.9991
1777.8353
1773.6714
1769.5238
1765.3761
1761.2122
1757.0482
1752.8843
1748.7203
1744.5566
1740.4089
1736.2450
1732.0811
1727.9171
1723.7532
1719.5892
1715.4415
1711.2776
1707.1136
1702.9497
1698.7858
1694.6218
1690.4741
1686.3265
1682.1626
1677.9987
1673.8347
1669.6708
1665.5232
1661.3755
1657.2115
1653.0476
1648.8837
1644.7197
1640.5560
1636.4083
1632.2444
1628.0804
1623.9165
1619.7526
1615.5889
1611.4412
1607.2772
1603.1133
1598.9493
1594.7854
1590.6216
1586.4739
1582.3263
1578.1624
1573.9984
1569.8345
1565.6705
1561.5228
1557.3751
1553.2112
1549.0472
1544.8833
1540.7194
1536.5555
1532.4078
1528.2439
1524.0800
1519.9160
1515.7521
1511.5883
1507.4406
1503.2766
1499.1128
1494.9489
1490.7849
1486.6211
1482.4734
1478.3257
1474.1617
1469.9978
1465.8340
1461.6702
1457.5225
1453.3748
1449.2108
1445.0469
1440.8829
1436.7192
1432.5553
1428.4076
1424.2437
1420.0797
1415.9158
1411.7518
1407.5879
1403.4403
1399.2764
1395.1124
1390.9485
1386.7845
1382.6206
1378.4729
1374.3253
1370.1614
1365.9974
1361.8335
1357.6697
1353.5220
1349.3744
1345.2104
1341.0465
1336.8826
1332.7188
1328.5548
1324.4071
1320.2432
1316.0793
1311.9154
1307.7516
1303.5876
1299.4399
1295.2760
1291.1121
1286.9481
1282.7844
1278.6205
1274.4728
1270.3251
1266.1611
1261.9973
1257.8334
1253.6694
1249.5217
1245.3740
1241.2101
1237.0463
1232.8823
1228.7184
1224.5544
1220.4067
1216.2428
1212.0789
1207.9149
1203.7512
1199.5873
1195.4396
1191.2756
1187.1117
1182.9478
1178.7839
1174.6201
1170.4724
1166.3247
1162.1608
1157.9968
1153.8331
1149.6692
1145.5215
1141.3738
1137.2100
1133.0460
1128.8822
1124.7183
1120.5543
1116.4066
1112.2427
1108.0789
1103.9149
1099.7510
1095.5870
1091.4393
1087.2754
1083.1115
1078.9475
1074.7837
1070.6198
1066.4720
1062.3245
1058.1605
1053.9966
1049.8328
1045.6688
1041.5211
1037.3735
1033.2096
1029.0457
1024.8818
1020.7179
1016.5540
1012.4064
1008.2424
1004.0785
 999.9147
 995.7507
 991.5869
 987.4392
 983.2753
 979.1113
 974.9475
 970.7836
 966.6197
 962.4720
 958.3081
 954.1442
 949.9802
 945.8163
 941.6524
 937.5048
 933.3571
 929.1932
 925.0292
 920.8653
 916.7014
 912.5375
 908.3898
 904.2259
 900.0620
 895.8981
 891.7342
 887.5703
 883.4227
 879.2587
 875.0948
 870.9310
 866.7670
 862.6031
 858.4555
 854.2916
 850.1276
 845.9638
 841.7999
 837.6359
 833.4883
 829.3407
 825.1768
 821.0129
 816.8490
 812.6851
 808.5212
 804.3735
 800.2096
 796.0457
 791.8817
 787.7178
 783.5539
 779.4062
 775.2423
 771.0784
 766.9145
 762.7505
 758.5866
 754.4390
 750.2750
 746.1111
 741.9473
 737.7834
 733.6194
 729.4718
 725.3242
 721.1603
 716.9964
 712.8325
 708.6686
 704.5209
 700.3733
 696.2094
 692.0455
 687.8817
 683.7177
 679.5538
 675.4062
 671.2422
 667.0784
 662.9145
 658.7505
 654.5867
 650.4390
 646.2751
 642.1111
 637.9472
 633.7833
 629.6194
 625.4717
 621.3242
 617.1602
 612.9963
 608.8323
 604.6685
 600.5208
 596.3732
 592.2092
 588.0454
 583.8815
 579.7176
 575.5536
 571.4060
 567.2421
 563.0782
 558.9144
 554.7504
 550.5865
 546.4389
 542.2750
 538.1111
 533.9472
 529.7833
 525.6193
 521.4717
 517.3241
 513.1603
 508.9963
 504.8324
 500.6685
 496.5209
 492.3733
 488.2093
 484.0454
 479.8815
 475.7176
 471.5536
 467.4060
 463.2421
 459.0782
 454.9143
 450.7503
 446.5864
 442.4388
 438.2749
 434.1110
 429.9471
 425.7832
 421.6193
 417.4716
 413.3240
 409.1602
 404.9963
 400.8324
 396.6684
 392.5208
 388.3732
 384.2094
 380.0454
 375.8815
 371.7176
 367.5537
 363.4061
 359.2422
 355.0783
 350.9144
 346.7505
 342.5865
 338.4389
 334.2750
 330.1111
 325.9471
 321.7832
 317.6193
 313.4717
 309.3241
 305.1602
 300.9962
 296.8323
 292.6684
 288.5208
 284.3732
 280.2094
 276.0454
 271.8815
 267.7176
 263.5537
 259.4061
 255.2422
 251.0783
 246.9144
 242.7505
 238.5865
 234.4389
 230.2751
 226.1111
 221.9472
 217.7833
 213.6194
 209.4718
 205.3243
 201.1603
 196.9964
 192.8325
 188.6686
 184.5210
 180.3734
 176.2095
 172.0455
 167.8816
 163.7177
 159.5538
 155.4062
 151.2423
 147.0783
 142.9144
 138.7505
 134.5866
 130.4390
 126.3570
 122.3405
 118.3897
 114.5044
 110.6847
 106.9469
 103.2747
  99.6681
  96.1271
  92.6516
  89.2417
  85.9138
  82.6514
  79.4547
  76.3235
  73.2579
  70.2578
  67.3234
  64.4709
  61.6839
  58.9626
  56.3068
  53.7166
  51.1920
  48.7493
  46.3722
  44.0607
  41.8147
  39.6344
  37.5196
  35.4867
  33.5194
  31.6178
  29.7817
  28.0111
  26.3062
  24.6831
  23.1257
  21.6339
  20.2240
  18.8796
  17.6008
  16.3877
  15.2564
  14.1908
  13.1907
  12.2562
  11.3873
  10.5839
   9.8625
   9.2067
   8.6165
   8.0918
   7.6327
   7.2392
   6.9276
   6.6817
   6.5013
   6.3864
   6.3372
   6.3535
   6.3699
   6.3863
   6.4026
   6.4190
   6.4354
   6.4518
   6.4682
   6.4846
   6.5009
   6.5173
   6.5337
   6.5501
   6.5665
   6.5828
   6.5992
   6.6156
   6.6320
   6.6647
   6.6975
   6.7302
   6.7630
   6.7957
   6.8284
   6.8612
   6.8939
   6.9267
   6.9594
   6.9922
   7.0249
   7.0576
   7.0904
   7.1231
   7.1559
   7.1886
   7.2214
   7.2541
   7.2869
   7.3196
   7.3524
   7.3688
   7.3852
   7.4016
   7.4180
   7.4344
   7.4508
   7.4672
   7.4836
   7.5000
   7.5164
   7.5328
   7.5492
   7.5656
   7.5821
   7.5985
   7.6149
   7.6313
   7.6477
   7.6805
   7.7132
   7.7460
   7.7788
   7.8116
   7.8443
   7.8771
   7.9099
   7.9427
   7.9754
   8.0082
   8.0410
   8.0738
   8.1066
   8.1393
   8.1721
   8.2049
   8.2377
   8.2705
   8.3032
   8.3360
   8.3524
   8.3689
   8.3853
   8.4017
   8.4182
   8.4346
   8.4510
   8.4675
   8.4839
   8.5003
   8.5167
   8.5332
   8.5496
   8.5660
   8.5825
   8.5989
   8.6153
   8.6318
   8.6646
   8.6974
   8.7302
   8.7630
   8.7958
   8.8286
   8.8614
   8.8942
   8.9270
   8.9599
   8.9927
   9.0255
   9.0583
   9.0911
   9.1239
   9.1567
   9.1896
   9.2224
   9.2552
   9.2880
   9.3208
   9.3536
   9.3701
   9.3865
   9.4030
   9.4194
   9.4359
   9.4524
   9.4688
   9.4853
   9.5017
   9.5182
   9.5346
   9.5511
   9.5675
   9.5840
   9.6005
   9.6169
   9.6334
   9.6662
   9.6990
   9.7319
   9.7647
   9.7976
   9.8304
   9.8633
   9.8961
   9.9289
   9.9618
   9.9946
  10.0275
  10.0603
  10.0932
  10.1260
  10.1589
  10.1917
  10.2246
  10.2574
  10.2903
  10.3231
  10.3560
  10.3724
  10.3889
  10.4054
  10.4219
  10.4384
  10.4548
  10.4713
  10.4878
  10.5043
  10.5208
  10.5372
  10.5537
  10.5702
  10.5867
  10.6032
  10.6196
  10.6361
  10.6526
  10.6855
  10.7183
  10.7512
  10.7841
  10.8170
  10.8498
  10.8827
  10.9156
  10.9485
  10.9814
  11.0142
  11.0471
  11.0800
  11.1129
  11.1458
  11.1786
  11.2115
  11.2444
  11.2773
  11.3102
  11.3431
  11.3596
  11.3761
  11.3926
  11.4091
  11.4256
  11.4421
  11.4586
  11.4751
  11.4916
  11.5081
  11.5246
  11.5411
  11.5576
  11.5741
  11.5906
  11.6071
  11.6236
  11.6401
  11.6730
  11.7059
  11.7389
  11.7718
  11.8047
  11.8376
  11.8705
  11.9034
  11.9363
  11.9692
  12.0021
  12.0351
  12.0680
  12.1009
  12.1338
  12.1667
  12.1996
  12.2325
  12.2655
  12.2984
  12.3313
  12.3642
  12.3807
  12.3973
  12.4138
  12.4303
  12.4469
  12.4634
  12.4799
  12.4964
  12.5130
  12.5295
  12.5460
  12.5625
  12.5791
  12.5956
  12.6121
  12.6287
  12.6452
  12.6617
  12.6947
  12.7276
  12.7606
  12.7935
  12.8264
  12.8594
  12.8923
  12.9253
  12.9582
  12.9912
  13.0241
  13.0571
  13.0900
  13.1230
  13.1559
  13.1889
  13.2218
  13.2548
  13.2877
  13.3207
  13.3536
  13.3702
  13.3867
  13.4033
  13.4198
  13.4364
  13.4529
  13.4695
  13.4860
  13.5026
  13.5191
  13.5357
  13.5522
  13.5688
  13.5853
  13.6019
  13.6184
  13.6350
  13.6516
  13.6845
  13.7175
  13.7505
  13.7835
  13.8164
  13.8494
  13.8824
  13.9154
  13.9484
  13.9813
  14.0143
  14.0473
  14.0803
  14.1133
  14.1462
  14.1792
  14.2122
  14.2452
  14.2782
  14.3112
  14.3442
  14.3771
  14.3937
  14.4103
  14.4269
  14.4434
  14.4600
  14.4766
  14.4932
  14.5097
  14.5263
  14.5429
  14.5595
  14.5761
  14.5926
  14.6092
  14.6258
  14.6424
  14.6589
  14.6920
  14.7250
  14.7580
  14.7910
  14.8240
  14.8570
  14.8900
  14.9230
  14.9560
  14.9891
  15.0221
  15.0551
  15.0881
  15.1211
  15.1541
  15.1872
  15.2202
  15.2532
  15.2862
  15.3192
  15.3522
  15.3853
  15.4019
  15.4185
  15.4351
  15.4517
  15.4683
  15.4849
  15.5015
  15.5181
  15.5347
  15.5513
  15.5679
  15.5845
  15.6011
  15.6177
  15.6343
  15.6509
  15.6675
  15.6841
  15.7171
  15.7502
  15.7832
  15.8163
  15.8493
  15.8824
  15.9154
  15.9484
  15.9815
  16.0145
  16.0476
  16.0806
  16.1137
  16.1467
  16.1798
  16.2128
  16.2459
  16.2789
  16.3120
  16.3451
  16.3781
  16.3947
  16.4114
  16.4280
  16.4446
  16.4612
  16.4778
  16.4945
  16.5111
  16.5277
  16.5443
  16.5610
  16.5776
  16.5942
  16.6109
  16.6275
  16.6441
  16.6607
  16.6774
  16.7104
  16.7435
  16.7766
  16.8097
  16.8428
  16.8758
  16.9089
  16.9584
  17.0080
  17.0575
  17.1070
  17.1566
  17.2061
  17.2557
  17.3052
  17.3547
  17.4043
  17.4538
  17.5034
  17.5529
  17.6024
  17.6520
  17.6851
  17.7182
  17.7513
  17.7844
  17.8175
  17.8506
  17.8837
  17.9168
  17.9499
  17.9830
  18.0161
  18.0492
  18.0824
  18.1155
  18.1486
  18.1817
  18.2148
  18.2479
  18.2810
  18.3141
  18.3472
  18.3804
  18.4135
  18.4466
  18.4797
  18.5128
  18.5459
  18.5790
  18.6122
  18.6453
  18.6784
  18.7115
  18.7446
  18.7778
  18.8109
  18.8440
  18.8771
  18.9102
  18.9434
  18.9600
  18.9767
  18.9934
  19.0100
  19.0267
  19.0434
  19.0601
  19.0603
  19.0605
  19.0607
  19.0609
  19.0612
  19.0614
  19.0616
  19.0618
  19.0621
  19.0623
  19.0625
  19.0627
  19.0629
  19.0632
  19.0634
  19.0636
  19.0638
  19.0641
  19.0643
  19.0645
  19.0647
  19.0649
  19.0652
  19.0654
  19.0656
  19.0658
  19.0660
  19.0663
  19.0665
  19.0667
  19.0669
  19.0672
  19.0674
  19.0676
  19.0678
  19.0680
  19.0683
  19.0685
  19.0687
  19.0689
  19.0691
  19.0694
  19.0696
  19.0698
  19.0700
  19.0703
  19.0705
  19.0707
  19.0709
  19.0711
  19.0714
  19.0716
  19.0718
  19.0720
  19.0723
  19.0725
  19.0727
  19.0729
  19.0731
  19.0734
  19.0736
  19.0738
  19.0740
  19.0742
  19.0745
  19.0747
  19.0749
  19.0751
  19.0754
  19.0756
  19.0758
  19.0760
  19.0762
  19.0765
  19.0767
  19.0769
  19.0771
  19.0773
  19.0776
  19.0778
  19.0780
  19.0782
  19.0785
  19.0787
  19.0789
  19.0791
  19.0793
  19.0796
  19.0798
  19.0800
  19.0802
  19.0805
  19.0807
  19.0809
  19.0811
  19.0813
  19.0816
  19.0818
  19.0820
  19.0822
  19.0824
  19.0827
  19.0829
  19.0831
  19.0833
  19.0836
  19.0838
  19.0840
  19.0842
  19.0844
  19.0847
  19.0849
  19.0851
  19.0853
  19.0856
  19.0858
  19.0860
  19.0862
  19.0864
  19.0867
  19.0869
  19.0871
  19.0873
  19.0875
  19.0878
  19.0880
  19.0882
  19.0884
  19.0887
  19.0889
  19.0891
  19.0893
  19.0895
  19.0898
  19.0900
  19.0902
  19.0904
  19.0906
  19.0909
  19.0911
  19.0913
  19.0915
  19.0918
  19.0920
  19.0922
  19.0924
  19.0926
  19.0929
  19.0931
  19.0933
  19.0935
  19.0938
  19.0940
  19.0942
  19.0944
  19.0946
  19.0949
  19.0951
  19.0953
  19.0955
  19.0957
  19.0960
  19.0962
  19.0964
  19.0966
  19.0969
  19.0971
  19.0973
  19.0975
  19.0977
  19.0980
  19.0982
  19.0984
  19.0986
  19.0988
  19.0991
  19.0993
  19.0995
  19.0997
  19.1000
  19.1002
  19.1004
  19.1006
  19.1008
  19.1011
  19.1013
  19.1015
  19.1017
  19.1019
  19.1022
  19.1024
  19.1026
  19.1028
  19.1031
  19.1033
  19.1035
  19.1037
  19.1039
  19.1042
  19.1044
  19.1046
  19.1048
  19.1051
  19.1053
  19.1055
  19.1057
  19.1059
  19.1062
  19.1064
  19.1066
  19.1068
  19.1070
  19.1073
  19.1075
  19.1077
  19.1079
  19.1082
  19.1084
  19.1086
  19.1088
  19.1090
  19.1093
  19.1095
  19.1097
  19.1099
  19.1102
  19.1104
  19.1106
  19.1108
  19.1110
  19.1113
  19.1115
  19.1117
  19.1119
  19.1121
  19.1124
  19.1126
  19.1128
  19.1130
  19.1133
  19.1135
  19.1137
  19.1139
  19.1141
  19.1144
  19.1146
  19.1148
  19.1150
  19.1152
  19.1155
  19.1157
  19.1159
  19.1161
  19.1164
  19.1166
  19.1168
  19.1170
  19.1172
  19.1175
  19.1177
  19.1179
  19.1181
  19.1184
  19.1186
  19.1188
  19.1190
  19.1192
  19.1195
  19.1197
  19.1199
  19.1201
  19.1203
  19.1206
  19.1208
  19.1210
  19.1212
  19.1215
  19.1217
  19.1219
  19.1221
  19.1223
  19.1226
  19.1228
  19.1230
  19.1232
  19.1234
  19.1237
  19.1239
  19.1241
  19.1243
  19.1246
  19.1248
  19.1250
  19.1252
  19.1254
  19.1257
  19.1259
  19.1261
  19.1263
  19.1266
  19.1268
  19.1270
  19.1272
  19.1274
  19.1277
  19.1279
  19.1281
  19.1283
  19.1285
  19.1288
  19.1290
  19.1292
  19.1294
  19.1297
  19.1299
  19.1301
  19.1303
  19.1305
  19.1308
  19.1310
  19.1312
  19.1314
  19.1316
  19.1319
  19.1321
  19.1323
  19.1325
  19.1328
  19.1330
  19.1332
  19.1334
  19.1336
  19.1339
  19.1341
  19.1343
  19.1345
  19.1348
  19.1350
  19.1352
  19.1354
  19.1356
  19.1359
  19.1361
  19.1363
  19.1365
  19.1367
  19.1370
  19.1372
  19.1374
  19.1376
  19.1379
  19.1381
  19.1383
  19.1385
  19.1387
  19.1390
  19.1392
  19.1394
  19.1396
  19.1398
  19.1401
  19.1403
  19.1405
  19.1407
  19.1410
  19.1412
  19.1414
  19.1416
  19.1418
  19.1421
  19.1423
  19.1425
  19.1427
  19.1430
  19.1432
  19.1434
  19.1436
  19.1438
  19.1441
  19.1443
  19.1445
  19.1447
  19.1449
  19.1452
  19.1454
  19.1456
  19.1458
  19.1461
  19.1463
  19.1465
  19.1467
  19.1469
  19.1472
  19.1474
  19.1476
  19.1478
  19.1481
  19.1483
  19.1485
  19.1487
  19.1489
  19.1492
  19.1494
  19.1496
  19.1498
  19.1500
  19.1503
  19.1505
  19.1507
  19.1509
  19.1512
  19.1514
  19.1516
  19.1518
  19.1520
  19.1523
  19.1525
  19.1527
  19.1529
  19.1531
  19.1534
  19.1536
  19.1538
  19.1540
  19.1542
  19.1544
  19.1546
  19.1548
  19.1549
  19.1551
  19.1553
  19.1555
  19.1556
  19.1558
  19.1560
  19.1561
  19.1563
  19.1564
  19.1566
  19.1567
  19.1569
  19.1570
  19.1572
  19.1573
  19.1574
  19.1575
  19.1577
  19.1578
  19.1579
