   9.6318
   9.3456
   9.0593
   8.7736
   8.4953
   8.2179
   7.9427
   7.6768
   7.4033
   7.1358
   6.8649
   6.5871
   6.3105
   6.0329
   5.7729
   5.5242
   5.2915
   5.0581
   4.8344
   4.5919
   4.3272
   4.0475
   3.7450
   3.4260
   3.0884
   2.7394
   2.3899
   2.0384
   1.6939
   1.3585
   1.0228
   1.0589
   1.0898
   1.1184
   1.1427
   1.1708
   1.1970
   1.2293
   1.2583
   1.2852
   1.3138
   1.3447
   1.3705
   1.3989
   1.4279
   1.4577
   1.4831
   1.5190
   1.5521
   1.5930
   1.6338
   1.6819
   1.7253
   1.7725
   1.8215
   1.8755
   1.9260
   1.9806
   2.0301
   2.0883
   2.1465
   2.1997
   2.2537
   2.3090
   2.3606
   2.4045
   2.4514
   2.4964
   2.5327
   2.5702
   2.6007
   2.6336
   2.6673
   2.6978
   2.7287
   2.7608
   2.7908
   2.8194
   2.8452
   2.8700
   2.8915
   2.9105
   2.9281
   2.9400
   2.9472
   2.9533
   2.9553
   2.9539
   2.9541
   2.9541
   2.9524
   2.9568
   2.9635
   2.9777
   2.9919
   3.0103
   3.0268
   3.0466
   3.0613
   3.0738
   3.0849
   3.0961
   3.1081
   3.1145
   3.1219
   3.1304
   3.1335
   3.1401
   3.1360
   3.1405
   3.1386
   3.1413
   3.1367
   3.1362
   3.1325
   3.1265
   3.1221
   3.1191
   3.1151
   3.1222
   3.1203
   3.1198
   3.1245
   3.1287
   3.1372
   3.1494
   3.1634
   3.1812
   3.1933
   3.2146
   3.2333
   3.2602
   3.2906
   3.3213
   3.3571
   3.3947
   3.4265
   3.4550
   3.4788
   3.5030
   3.5209
   3.5466
   3.5755
   3.6067
   3.6446
   3.6869
   3.7284
   3.7782
   3.8275
   3.8800
   3.9342
   3.9842
   4.0342
   4.0781
   4.1168
   4.1576
   4.1973
   4.2327
   4.2660
   4.2998
   4.3286
   4.3561
   4.3831
   4.4069
   4.4376
   4.4607
   4.4842
   4.5109
   4.5355
   4.5684
   4.5994
   4.6315
   4.6605
   4.6920
   4.7208
   4.7538
   4.7859
   4.8122
   4.8372
   4.8585
   4.8794
   4.8986
   4.9188
   4.9361
   4.9553
   4.9655
   4.9763
   4.9891
   4.9914
   5.0010
   5.0008
   5.0045
   5.0028
   4.9915
   4.9776
   4.9560
   4.9336
   4.9117
   4.8997
   4.8884
   4.8764
   4.8747
   4.8690
   4.8654
   4.8600
   4.8489
   4.8402
   4.8305
   4.8205
   4.8072
   4.7918
   4.7746
   4.7596
   4.7435
   4.7319
   4.7225
   4.7092
   4.6921
   4.6765
   4.6608
   4.6496
   4.6464
   4.6327
   4.6295
   4.6185
   4.6066
   4.5951
   4.5787
   4.5706
   4.5558
   4.5564
   4.5443
   4.5379
   4.5319
   4.5257
   4.5202
   4.5161
   4.5110
   4.5053
   4.5103
   4.5160
   4.5205
   4.5293
   4.5367
   4.5380
   4.5423
   4.5464
   4.5469
   4.5423
   4.5447
   4.5501
   4.5598
   4.5688
   4.5858
   4.6011
   4.6252
   4.6471
   4.6664
   4.6853
   4.6891
   4.6913
   4.6924
   4.6842
   4.6765
   4.6644
   4.6539
   4.6459
   4.6337
   4.6180
   4.5939
   4.5660
   4.5365
   4.5117
   4.4864
   4.4680
   4.4500
   4.4262
   4.4016
   4.3775
   4.3547
   4.3334
   4.3106
   4.2895
   4.2795
   4.2598
   4.2478
   4.2312
   4.2190
   4.2131
   4.2033
   4.2049
   4.1872
   4.1820
   4.1681
   4.1604
   4.1510
   4.1493
   4.1418
   4.1367
   4.1325
   4.1147
   4.0933
   4.0686
   4.0368
   4.0097
   3.9859
   3.9551
   3.9289
   3.9120
   3.8906
   3.8836
   3.8655
   3.8397
   3.8177
   3.7918
   3.7707
   3.7404
   3.7172
   3.6924
   3.6749
   3.6640
   3.6613
   3.6597
   3.6614
   3.6657
   3.6719
   3.6765
   3.6814
   3.6877
   3.7013
   3.7229
   3.7556
   3.7954
   3.8316
   3.8615
   3.8821
   3.9003
   3.9200
   3.9415
   3.9666
   3.9905
   4.0139
   4.0345
   4.0499
   4.0617
   4.0710
   4.0799
   4.0927
   4.1045
   4.1126
   4.1166
   4.1164
   4.1175
   4.1140
   4.1138
   4.1085
   4.1019
   4.0895
   4.0782
   4.0660
   4.0538
   4.0449
   4.0372
   4.0319
   4.0318
   4.0269
   4.0426
   4.0567
   4.0860
   4.1034
   4.1374
   4.1509
   4.1733
   4.2167
   4.2468
   4.2865
   4.3276
   4.3721
   4.4158
   4.4613
   4.5078
   4.5603
   4.6058
   4.6599
   4.7149
   4.7668
   4.8180
   4.8722
   4.9268
   4.9798
   5.0264
   5.0668
   5.1072
   5.1386
   5.1735
   5.2086
   5.2509
   5.2885
   5.3303
   5.3731
   5.4105
   5.4494
   5.4858
   5.5198
   5.5534
   5.5896
   5.6277
   5.6635
   5.6951
   5.7243
   5.7556
   5.7880
   5.8202
   5.8484
   5.8765
   5.9021
   5.9272
   5.9544
   5.9836
   6.0135
   6.0445
   6.0785
   6.1145
   6.1511
   6.1869
   6.2204
   6.2503
   6.2637
   6.2807
   6.2808
   6.2831
   6.2762
   6.2723
   6.2652
   6.2436
   6.2344
   6.2127
   6.1898
   6.1657
   6.1394
   6.1131
   6.0833
   6.0501
   6.0210
   5.9890
   5.9556
   5.9250
   5.8930
   5.8589
   5.8258
   5.7948
   5.7689
   5.7487
   5.7271
   5.7097
   5.6862
   5.6707
   5.6534
   5.6428
   5.6330
   5.6267
   5.6260
   5.6231
   5.6230
   5.6243
   5.6269
   5.6308
   5.6366
   5.6466
   5.6616
   5.6796
   5.6988
   5.7199
   5.7437
   5.7724
   5.8065
   5.8449
   5.8878
   5.9313
   5.9755
   6.0231
   6.0693
   6.1134
   6.1567
   6.2027
   6.2480
   6.2904
   6.3338
   6.3789
   6.4239
   6.4692
   6.5149
   6.5616
   6.6099
   6.6591
   6.7114
   6.7616
   6.8126
   6.8638
   6.9144
   6.9659
   7.0181
   7.0713
   7.1231
   7.1763
   7.2273
   7.2752
   7.3213
   7.3683
   7.4127
   7.4552
   7.4954
   7.5333
   7.5704
   7.6033
   7.6382
   7.6723
   7.7056
   7.7371
   7.7696
   7.8016
   7.8294
   7.8559
   7.8826
   7.9055
   7.9293
   7.9546
   7.9827
   8.0076
   8.0361
   8.0636
   8.0921
   8.1173
   8.1432
   8.1683
   8.1948
   8.2200
   8.2430
   8.2630
   8.2845
   8.3028
   8.3105
   8.3210
   8.3314
   8.3490
   8.3660
   8.3835
   8.4083
   8.4405
   8.4732
   8.5056
   8.5371
   8.5731
   8.6119
   8.6528
   8.6929
   8.7293
   8.7621
   8.7924
   8.8211
   8.8489
   8.8740
   8.9000
   8.9257
   8.9507
   8.9765
   9.0018
   9.0304
   9.0611
   9.0910
   9.1220
   9.1521
   9.1843
   9.2176
   9.2491
   9.2782
   9.3019
   9.3263
   9.3467
   9.3648
   9.3847
   9.4018
   9.4192
   9.4389
   9.4566
   9.4767
   9.4972
   9.5112
   9.5226
   9.5375
   9.5469
   9.5543
   9.5673
   9.5832
   9.5976
   9.6135
   9.6286
   9.6442
   9.6643
   9.6879
   9.7115
   9.7382
   9.7700
   9.8034
   9.8370
   9.8693
   9.9042
   9.9414
   9.9796
  10.0102
  10.0354
  10.0636
  10.0903
  10.1145
  10.1416
  10.1696
  10.1975
  10.2288
  10.2582
  10.2999
  10.3424
  10.3846
  10.4353
  10.4806
  10.5264
  10.5738
  10.6217
  10.6722
  10.7180
  10.7657
  10.8105
  10.8539
  10.8980
  10.9361
  10.9723
  11.0075
  11.0478
  11.0869
  11.1290
  11.1732
  11.2212
  11.2669
  11.3135
  11.3552
  11.3997
  11.4444
  11.4899
  11.5289
  11.5741
  11.6208
  11.6652
  11.7080
  11.7577
  11.7932
  11.8333
  11.8620
  11.8958
  11.9206
  11.9484
  11.9656
  11.9865
  12.0019
  12.0205
  12.0349
  12.0404
  12.0562
  12.0555
  12.0550
  12.0435
  12.0361
  12.0246
  12.0217
  12.0101
  12.0032
  11.9912
  11.9769
  11.9578
  11.9393
  11.9191
  11.9028
  11.8755
  11.8514
  11.8286
  11.7997
  11.7755
  11.7480
  11.7246
  11.6943
  11.6595
  11.6339
  11.6055
  11.5879
  11.5689
  11.5517
  11.5427
  11.5380
  11.5392
  11.5364
  11.5354
  11.5364
  11.5365
  11.5378
  11.5379
  11.5394
  11.5475
  11.5517
  11.5583
  11.5642
  11.5776
  11.5919
  11.6111
  11.6315
  11.6519
  11.6680
  11.6947
  11.7106
  11.7291
  11.7433
  11.7692
  11.7909
  11.8232
  11.8484
  11.8768
  11.9016
  11.9360
  11.9714
  11.9992
  12.0395
  12.0768
  12.1284
  12.1645
  12.2143
  12.2595
  12.3136
  12.3765
  12.4459
  12.5118
  12.5789
  12.6442
  12.7118
  12.7844
  12.8512
  12.9183
  12.9834
  13.0488
  13.1152
  13.1882
  13.2549
  13.3289
  13.4058
  13.4771
  13.5517
  13.6145
  13.6863
  13.7591
  13.8263
  13.8983
  13.9655
  14.0397
  14.1147
  14.1900
  14.2667
  14.3438
  14.4190
  14.4956
  14.5698
  14.6465
  14.7228
  14.8028
  14.8761
  14.9503
  15.0185
  15.0873
  15.1600
  15.2339
  15.3039
  15.3781
  15.4594
  15.5377
  15.6177
  15.7025
  15.7838
  15.8644
  15.9432
  16.0178
  16.0941
  16.1782
  16.2582
  16.3386
  16.4228
  16.5016
  16.5861
  16.6673
  16.7459
  16.8283
  16.8968
  16.9634
  17.0335
  17.1019
  17.1750
  17.2466
  17.3148
  17.3905
  17.4610
  17.5311
  17.6035
  17.6704
  17.7332
  17.7979
  17.8626
  17.9215
  17.9804
  18.0400
  18.1045
  18.1654
  18.2197
  18.2787
  18.3308
  18.3825
  18.4289
  18.4782
  18.5234
  18.5711
  18.6169
  18.6692
  18.7154
  18.7668
  18.8116
  18.8591
  18.8996
  18.9452
  18.9860
  19.0306
  19.0687
  19.1091
  19.1480
  19.1885
  19.2335
  19.2731
  19.3150
  19.3542
  19.3937
  19.4335
  19.4750
  19.5189
  19.5668
  19.6113
  19.6578
  19.7035
  19.7501
  19.7979
  19.8464
  19.8971
  19.9447
  19.9928
  20.0397
  20.0869
  20.1405
  20.1868
  20.2381
  20.2861
  20.3391
  20.3879
  20.4370
  20.4858
  20.5331
  20.5775
  20.6278
  20.6750
  20.7255
  20.7741
  20.8298
  20.8834
  20.9318
  20.9816
  21.0280
  21.0794
  21.1292
  21.1766
  21.2255
  21.2717
  21.3166
  21.3631
  21.4065
  21.4481
  21.4814
  21.5211
  21.5514
  21.5843
  21.6142
  21.6448
  21.6657
  21.6923
  21.7112
  21.7330
  21.7483
  21.7600
  21.7662
  21.7688
  21.7760
  21.7811
  21.7833
  21.7769
  21.7701
  21.7639
  21.7571
  21.7491
  21.7389
  21.7280
  21.7157
  21.7040
  21.6851
  21.6675
  21.6470
  21.6273
  21.6075
  21.5867
  21.5708
  21.5506
  21.5345
  21.5146
  21.4909
  21.4627
  21.4347
  21.4057
  21.3768
  21.3530
  21.3306
  21.3075
  21.2912
  21.2677
  21.2436
  21.2223
  21.2004
  21.1801
  21.1572
  21.1363
  21.1121
  21.0871
  21.0640
  21.0414
  21.0222
  21.0017
  20.9825
  20.9610
  20.9408
  20.9255
  20.9064
  20.8910
  20.8764
  20.8690
  20.8576
  20.8547
  20.8499
  20.8460
  20.8445
  20.8452
  20.8502
  20.8607
  20.8706
  20.8827
  20.8954
  20.9118
  20.9268
  20.9461
  20.9641
  20.9795
  20.9953
  21.0143
  21.0314
  21.0504
  21.0641
  21.0837
  21.1008
  21.1270
  21.1495
  21.1723
  21.1949
  21.2175
  21.2355
  21.2498
  21.2695
  21.2894
  21.3093
  21.3341
  21.3633
  21.3924
  21.4208
  21.4496
  21.4761
  21.5039
  21.5363
  21.5717
  21.6024
  21.6411
  21.6795
  21.7172
  21.7618
  21.8064
  21.8518
  21.8973
  21.9423
  21.9882
  22.0348
  22.0818
  22.1304
  22.1830
  22.2335
  22.2847
  22.3387
  22.3961
  22.4476
  22.5030
  22.5656
  22.6262
  22.6904
  22.7515
  22.8105
  22.8675
  22.9209
  22.9748
  23.0247
  23.0759
  23.1248
  23.1795
  23.2310
  23.2855
  23.3441
  23.4015
  23.4511
  23.5011
  23.5540
  23.6013
  23.6529
  23.7039
  23.7499
  23.7998
  23.8472
  23.8948
  23.9438
  23.9928
  24.0476
  24.0965
  24.1530
  24.2075
  24.2613
  24.3124
  24.3613
  24.4120
  24.4563
  24.5028
  24.5468
  24.5895
  24.6260
  24.6614
  24.6939
  24.7228
  24.7523
  24.7835
  24.8130
  24.8441
  24.8723
  24.8991
  24.9246
  24.9465
  24.9647
  24.9807
  24.9849
  24.9819
  24.9819
  24.9817
  24.9823
  24.9839
  24.9861
  24.9767
  24.9689
  24.9604
  24.9539
  24.9471
  24.9436
  24.9417
  24.9417
  24.9479
  24.9573
  24.9541
  24.9391
  24.9140
  24.8828
  24.8509
  24.8181
  24.7950
  24.7764
  24.7647
  24.7660
  24.7578
  24.7487
  24.7353
  24.7118
  24.6887
  24.6577
  24.6215
  24.5849
  24.5527
  24.5207
  24.4880
  24.4566
  24.4200
  24.3805
  24.3383
  24.2896
  24.2455
  24.1971
  24.1437
  24.0877
  24.0336
  23.9805
  23.9205
  23.8681
  23.8143
  23.7514
  23.6904
  23.6290
  23.5752
  23.5184
  23.4717
  23.4300
  23.3934
  23.3604
  23.3349
  23.3190
  23.2951
  23.2641
  23.2288
  23.1899
  23.1504
  23.1148
  23.0733
  23.0341
  22.9913
  22.9526
  22.9093
  22.8670
  22.8217
  22.7699
  22.7158
  22.6735
  22.6354
  22.6047
  22.5750
  22.5462
  22.5217
  22.4917
  22.4564
  22.4067
  22.3512
  22.2927
  22.2361
  22.1792
  22.1324
  22.0878
  22.0442
  21.9986
  21.9510
  21.8920
  21.8317
  21.7626
  21.6939
  21.6293
  21.5638
  21.5045
  21.4478
  21.3898
  21.3377
  21.2895
  21.2439
  21.2003
  21.1570
  21.1137
  21.0694
  21.0245
  20.9825
  20.9415
  20.8962
  20.8428
  20.7923
  20.7283
  20.6621
  20.5917
  20.5220
  20.4496
  20.3788
  20.3124
  20.2498
  20.1885
  20.1276
  20.0689
  20.0122
  19.9545
  19.8932
  19.8348
  19.7736
  19.7137
  19.6518
  19.5929
  19.5366
  19.4819
  19.4253
  19.3746
  19.3236
  19.2676
  19.2119
  19.1533
  19.0918
  19.0274
  18.9754
  18.9142
  18.8553
  18.7941
  18.7394
  18.6785
  18.6176
  18.5616
  18.5027
  18.4507
  18.4009
  18.3551
  18.3154
  18.2735
  18.2342
  18.1965
  18.1548
  18.1145
  18.0768
  18.0414
  18.0040
  17.9641
  17.9241
  17.8890
  17.8572
  17.8228
  17.7913
  17.7583
  17.7252
  17.6934
  17.6669
  17.6414
  17.6204
  17.5982
  17.5749
  17.5457
  17.5143
  17.4818
  17.4500
  17.4153
  17.3773
  17.3298
  17.2826
  17.2305
  17.1853
  17.1382
  17.0920
  17.0537
  17.0225
  16.9907
  16.9547
  16.9213
  16.8833
  16.8453
  16.8129
  16.7850
  16.7621
  16.7392
  16.7153
  16.6953
  16.6697
  16.6438
  16.6255
  16.6121
  16.6003
  16.5837
  16.5637
  16.5467
  16.5232
  16.5068
  16.4901
  16.4731
  16.4555
  16.4424
  16.4274
  16.4110
  16.3963
  16.3865
  16.3747
  16.3623
  16.3440
  16.3270
  16.3060
  16.2828
  16.2550
  16.2262
  16.1993
  16.1718
  16.1456
  16.1259
  16.1047
  16.0817
  16.0637
  16.0490
  16.0428
  16.0422
  16.0456
  16.0463
  16.0437
  16.0356
  16.0304
  16.0265
  16.0344
  16.0429
  16.0505
  16.0561
  16.0669
  16.0820
  16.0899
  16.0955
  16.1014
  16.1053
  16.1132
  16.1211
  16.1312
  16.1354
  16.1361
  16.1380
  16.1406
  16.1389
  16.1362
  16.1423
  16.1410
  16.1438
  16.1457
  16.1522
  16.1538
  16.1645
  16.1775
  16.1916
  16.2095
  16.2242
  16.2421
  16.2604
  16.2787
  16.2986
  16.3191
  16.3400
  16.3619
  16.3799
  16.4047
  16.4282
  16.4517
  16.4824
  16.5147
  16.5458
  16.5834
  16.6154
  16.6484
  16.6752
  16.6941
  16.7130
  16.7293
  16.7394
  16.7507
  16.7548
  16.7610
  16.7677
  16.7859
  16.8019
  16.8250
  16.8413
  16.8638
  16.8876
  16.9108
  16.9448
  16.9873
  17.0253
  17.0617
  17.0964
  17.1245
  17.1553
  17.1857
  17.2161
  17.2436
  17.2763
  17.3173
  17.3626
  17.4085
  17.4347
  17.4565
  17.4646
  17.4709
  17.4736
  17.4912
  17.5325
  17.5866
  17.6737
  17.7782
  17.9005
  18.0373
  18.1768
  18.3166
  18.4478
  18.5740
  18.6885
  18.4328
  18.1775
  17.9234
  17.6668
  17.4177
  17.1624
  16.9107
  16.6616
  16.4169
  16.1691
  15.9207
  15.6726
  15.4279
  15.1802
  14.9374
  14.6976
  14.4552
  14.2126
  13.9680
  13.7126
  13.4569
  13.1960
  12.9328
  12.6651
  12.4001
  12.1341
  11.8763
  11.6104
  11.3416
  11.0718
