28086.8496
28086.9512
28087.2461
28087.2480
28087.1504
28087.1504
28087.0527
28086.9570
28087.0566
28087.1543
28087.2520
28087.4512
28087.7461
28087.7461
28087.8438
28087.8438
28087.8418
28087.8418
28087.9414
28088.0410
28088.3359
28088.7324
28089.1309
28089.4277
28089.7227
28089.9238
28089.9238
28089.8223
28089.8184
28089.7207
28089.8184
28089.8164
28090.1133
28090.2109
28090.4082
28090.3066
28090.5059
28090.5059
28090.4043
28090.4043
28090.4023
28090.2031
28090.4023
28090.4023
28090.4980
28090.5000
28090.5996
28090.7969
28090.7969
28090.7969
28090.7969
28090.5977
28090.5977
28090.4980
28090.2988
28090.2012
28090.0039
28089.7051
28089.5078
28089.3105
28089.2109
28089.1113
28089.0117
28089.0117
28088.9141
28089.0137
28089.0137
28089.1133
28089.0137
28089.2129
28089.2148
28089.3145
28089.5137
28089.7109
28089.8086
28090.1055
28090.2051
28090.2031
28090.2012
28090.3008
28090.1035
28089.9043
28089.7051
28089.5078
28089.4082
28089.3066
28089.2070
28089.1074
28089.1074
28089.0078
28089.0078
28088.9102
28088.8086
28088.7109
28088.7090
28088.7109
28088.9102
28089.0078
28088.9102
28089.0098
28089.0098
28089.1074
28088.9141
28088.9141
28088.7148
28088.7148
28088.7148
28088.8125
28088.7148
28088.8145
28088.9141
28088.9141
28089.0117
28089.1113
28089.2109
28089.3105
28089.4102
28089.6074
28089.9062
28089.9062
28089.9062
28090.0059
28090.0039
28090.0039
28090.1035
28090.3008
28090.5000
28090.6973
28090.6992
28090.7988
28090.7988
28090.8984
28090.8984
28090.8984
28090.9004
28091.0000
28091.0000
28091.0020
28091.0020
28091.0020
28091.0039
28090.9043
28090.9062
28090.8047
28090.8047
28090.7070
28090.6094
28090.6094
28090.6094
28090.5117
28090.4121
28090.4121
28090.2129
28090.1152
28090.0156
28090.0137
28089.9141
28089.9121
28089.7129
28089.5137
28089.1152
28088.8164
28088.4199
28088.1211
28087.6230
28087.3242
28087.0254
28086.7266
28086.5273
28086.1289
28085.9316
28085.7305
28085.4336
28085.4336
28085.1348
28084.9395
28084.6406
28084.3418
28084.1445
28084.1445
28084.0469
28084.1445
28084.2441
28084.3418
28084.3418
28084.4414
28084.4414
28084.2422
28084.1426
28084.1406
28084.0410
28084.0410
28084.1387
28084.3359
28084.4355
28084.4355
28084.4355
28084.4355
28084.4355
28084.2383
28084.1406
28083.9453
28083.9453
28083.8477
28083.8477
28083.7480
28083.9473
28083.9473
28084.0449
28084.1445
28084.1445
28084.2422
28084.2422
28084.2422
28084.3398
28084.4414
28084.4414
28084.4414
28084.4414
28084.5391
28084.5391
28084.6387
28084.7363
28084.9375
28085.1348
28085.3301
28085.7266
28085.9258
28085.9258
28086.0234
28086.0234
28086.0234
28085.9238
28085.8242
28085.7266
28085.5273
28085.4277
28085.4277
28085.3281
28085.1289
28085.0312
28084.8301
28084.6328
28084.5332
28084.4336
28084.2344
28084.1348
28084.0352
28083.8359
28083.6367
28083.5391
28083.5371
28083.4375
28083.4375
28083.3359
28083.3359
28083.3359
28083.3340
28083.4355
28083.6328
28083.7324
28083.9336
28084.0312
28084.1309
28084.3281
28084.5273
28084.7246
28084.9238
28085.1211
28085.3203
28085.2207
28085.0215
28084.9219
28084.5234
28084.3223
28084.0254
28083.9258
28083.6270
28083.6270
28083.6270
28083.5273
28083.5273
28083.5254
28083.7246
28083.8223
28083.8223
28084.1211
28084.3184
28084.3184
28084.4199
28084.5176
28084.6172
28084.7168
28084.9160
28085.1152
28085.3125
28085.1152
28085.1152
28084.9180
28084.7188
28084.7168
28084.8164
28085.0156
28085.2129
28085.4121
28085.7090
28085.9082
28086.1055
28086.2051
28086.4043
28086.3027
28086.1035
28086.1016
28085.9023
28085.8008
28085.7031
28085.7031
28085.8008
28085.9023
28086.0020
28086.0020
28086.1016
28086.0039
28086.1016
28086.1016
28086.1016
28086.2012
28086.2988
28086.4004
28086.4980
28086.4980
28086.5957
28086.5957
28086.5957
28086.5938
28086.4922
28086.4922
28086.3926
28086.2910
28086.2891
28086.0918
28085.9922
28085.9922
28085.8945
28085.8945
28085.8945
28085.8945
28085.9941
28085.8945
28085.7949
28085.7949
28085.5957
28085.4961
28085.3984
28085.2969
28085.2969
28085.2969
28085.3984
28085.3965
28085.4961
28085.5938
28085.7910
28085.8926
28085.8926
28086.0898
28086.0898
28086.0898
28086.1895
28086.2871
28086.3887
28086.2871
28086.3887
28086.4863
28086.4863
28086.6855
28086.9844
28087.2812
28087.2812
28087.4805
28087.5781
28087.5781
28087.5781
28087.4785
28087.4785
28087.2773
28087.1797
28086.9805
28086.9805
28086.8809
28086.8789
28086.6777
28086.4785
28086.2773
28086.1777
28086.0781
28086.0781
28086.2754
28086.4746
28086.6738
28086.7715
28086.6738
28086.5742
28086.3750
28086.1758
28085.8770
28085.7754
28085.5762
28085.6758
28085.6738
28085.6758
28085.7734
28085.6758
28085.5781
28085.4824
28085.1836
28085.1875
28084.9902
28084.9922
28084.8926
28084.8945
28084.8945
28084.8945
28084.8945
28084.9941
28085.1914
28085.2910
28085.3926
28085.4902
28085.4902
28085.2910
28085.2910
28085.0918
28084.9941
28084.8965
28084.7949
28084.6953
28084.5957
28084.4961
28084.3965
28084.3945
28084.1934
28083.9941
28083.7910
28083.4922
28083.2910
28083.0918
28082.7910
28082.4922
28082.3906
28082.0898
28081.7891
28081.6895
28081.5898
28081.5898
28081.3906
28081.5879
28081.5879
28081.6855
28081.9844
28082.1836
28082.3848
28082.4824
28082.6797
28082.6797
28082.5801
28082.5781
28082.5781
28082.4805
28082.3809
28082.2773
28082.2773
28082.2773
28082.3770
28082.5762
28082.5762
28082.6738
28082.7734
28082.7734
28082.7715
28082.8730
28082.8730
28082.8730
28082.7715
28082.7695
28082.6719
28082.6699
28082.6699
28082.7695
28082.8711
28082.8691
28082.8691
28082.8691
28082.8691
28082.9668
28082.9688
28083.0664
28083.0664
28083.0664
28083.0664
28082.9668
28082.9668
28083.0645
28083.2637
28083.3652
28083.6621
28083.8633
28083.9609
28084.0605
28084.1582
28084.2578
28084.3594
28084.4590
28084.5566
28084.5566
28084.7559
28084.7559
28084.8555
28084.9551
28084.9551
28084.9551
28084.8555
28084.7539
28084.7539
28084.8555
28084.9531
28085.0527
28085.2520
28085.4512
28085.5508
28085.6504
28085.8516
28085.7480
28085.7480
28085.7480
28085.8496
28085.8496
28085.9492
28085.9492
28085.7480
28085.6504
28085.3516
28085.2500
28085.1504
28085.2480
28085.2480
28085.2480
28085.3496
28085.6465
28085.9453
28086.3457
28086.6426
28087.2402
28087.5410
28087.9395
28088.2383
28088.7363
28088.7363
28089.1367
28089.3359
28089.6348
28089.7344
28089.8359
28089.7344
28089.8340
28089.9336
28090.0332
28090.0332
28090.0312
28090.2305
28090.2305
28090.1309
28089.8320
28089.6309
28089.3320
28089.1309
28089.0332
28088.9316
28088.8320
28088.8320
28088.8320
28088.8320
28088.9316
28089.0293
28089.1289
28089.2285
28089.4297
28089.6270
28089.7266
28089.8281
28090.0273
28090.2266
28090.3281
28090.7246
28091.0254
28091.2227
28091.3242
28091.3242
28091.4238
28091.5234
28091.5234
28091.5234
28091.6230
28091.7227
28091.7207
28091.9219
28092.0215
28092.1211
28092.2207
28092.2188
28092.3203
28092.5195
28092.5195
28092.4199
28092.3203
28092.2188
28092.0195
28092.0195
28092.0195
28092.1191
28092.1191
28092.1172
28092.1172
28091.9180
28091.8184
28091.6172
28091.6172
28091.4180
28091.2168
28091.2168
28091.0176
28090.9180
28090.9180
28090.7168
28090.6172
28090.5176
28090.5176
28090.3184
28090.1172
28090.1172
28090.1172
28090.2168
28090.4160
28090.4160
28090.6152
28090.7148
28090.7148
28090.7148
28090.7129
28090.7129
28090.6133
28090.6133
28090.6133
28090.6133
28090.6133
28090.8145
28091.0117
28091.2109
28091.4121
28091.8125
28092.1113
28092.3105
28092.8105
28093.1094
28093.2090
28093.5098
28093.9082
28094.0078
28094.2070
28094.4082
28094.5078
28094.4082
28094.3086
28094.1074
28094.0078
28093.9082
28093.8086
28093.8086
28093.7070
28093.5059
28093.3066
28093.1055
28093.0059
28092.9062
28092.9062
28092.8066
28092.8066
28092.6055
28092.5059
28092.5059
28092.5059
28092.4062
28092.3066
28092.1055
28091.9043
28091.5039
28091.3047
28091.0039
28090.9043
28090.8047
28090.7031
28090.6035
28090.4043
28090.2031
28090.0039
28089.8047
28089.6035
28089.6016
28089.6016
28089.6016
28089.6016
28089.6016
28089.6016
28089.3027
28089.1016
28088.9023
28088.6992
28088.4004
28088.5000
28088.1992
28088.0000
28088.0000
28087.8008
28087.8008
28087.8984
28088.1973
28088.2988
28088.6973
28089.0977
28089.5977
28089.8984
28090.0977
28090.1973
28090.1973
28089.9961
28089.7969
28089.4961
28089.3965
28089.2969
28089.1953
28089.2969
28089.3965
28089.5957
28089.6934
28089.7949
28089.7949
28089.8945
28090.1934
28090.4941
28090.7949
28091.1934
28091.5938
28091.8945
28092.1934
28092.3945
28092.4941
28092.5938
28092.5938
28092.4941
28092.2930
28092.0918
28091.9922
28091.9922
28091.8926
28091.9922
28092.0918
28092.1914
28092.1914
28092.1914
28092.1895
28092.0898
28092.0898
28091.8906
28091.8906
28091.8906
28091.9902
28091.8906
28091.8906
28091.8906
28091.7891
28091.7891
28091.6875
28091.6875
28091.5879
28091.5879
28091.4883
28091.2891
28091.1855
28090.8867
28090.6855
28090.5859
28090.5859
28090.7871
28090.6855
28090.8867
28090.9863
28091.3867
28091.6855
28091.9863
28092.0859
28091.9863
28091.4844
28091.2852
28090.9844
28090.7852
28090.6836
28090.5820
28090.3828
28090.2832
28090.0820
28090.0820
28090.0820
28090.1816
28090.0801
28089.9805
28089.8809
28089.5801
28089.3789
28089.0781
28088.8789
28088.9785
28088.8789
28089.1777
28089.5781
28089.7793
28090.0781
28090.4785
28090.8809
28091.3809
28091.8809
28092.2832
28092.7832
28093.4844
28093.8848
28094.1836
28094.6855
28094.9863
28095.1855
28095.4863
28095.8867
28096.2891
28096.3887
28096.6875
28096.9883
28097.2891
28097.4883
28097.8906
28098.0898
28098.2910
28098.3906
28098.3906
28098.6895
28098.8906
28099.0898
28099.1914
28099.3926
28099.3926
28099.4922
28099.5918
28099.6914
28099.7930
28100.1914
28100.4941
28100.4941
28100.6934
28100.7949
28100.6914
28100.4922
28100.5918
28100.6914
28100.7930
28100.7930
28100.8926
28100.5898
28100.3906
28100.0879
28099.6875
28099.3867
28099.2871
28099.1855
28099.0840
28098.8848
28098.7832
28098.4824
28098.0801
28097.6797
28097.3789
28097.0762
28096.7773
28096.5742
28096.1719
28096.0723
28095.6699
28095.5684
28095.2695
28094.9668
28094.7656
28094.6641
28094.4629
28094.1621
28094.0605
28093.9609
28093.9590
28093.9590
28093.9570
28093.8574
28093.7559
28093.5547
28093.3535
28093.2539
28093.1504
28092.9492
28092.9492
28092.8496
28092.6465
28092.6445
28092.6445
28092.4434
28092.2441
28092.0410
28091.8398
28091.7402
28091.5371
28091.3359
28091.4355
28091.3340
28091.2324
28091.2324
28091.1289
28091.1289
28091.0273
28090.9277
28090.8262
28090.6230
28090.4238
28090.5215
28090.3203
28090.2207
28090.1172
28090.0176
28089.8164
28089.9141
28089.8145
28089.7129
28089.8125
28089.8105
28089.7090
28089.6074
28089.4062
28089.2051
28088.9023
28088.7031
28088.2988
28087.8965
28087.5938
28087.3945
28086.9922
28086.6895
28086.4883
28086.1875
28085.8848
28085.9844
28085.8828
28085.8828
28085.8809
28085.9805
28085.9785
28086.0781
28086.1777
28086.2773
28086.4766
28086.5742
28086.5742
28086.6758
28086.5723
28086.5703
28086.6719
28086.7695
28086.9688
28087.2695
28087.5684
28087.6699
28087.6680
28087.7676
28087.7656
28087.7656
28087.9629
28088.0625
28088.2637
28088.3613
28088.4609
28088.4590
28088.5586
28088.6602
28088.6582
28088.8574
28089.0566
28089.2578
28089.3574
28089.6582
28089.8574
28090.0566
28090.1562
28090.1562
28089.8535
28089.5508
28089.2500
28088.8457
28088.3438
28088.1426
28088.0391
28087.9375
28087.8379
28087.7363
28087.6348
28087.5312
28087.5293
28087.4297
28087.5293
28087.4277
28087.3281
28087.2266
28087.3262
28087.2246
28087.3223
28087.5215
28087.8223
28087.9219
28088.2227
28088.4219
28088.6230
28088.7227
28088.7207
28089.0215
28089.3223
28089.4219
28089.8223
28090.1230
28090.4238
28090.6250
28091.0234
28091.3262
28091.3262
28091.4258
28091.5254
28091.3242
28090.8223
28090.6211
28090.4199
28090.3184
28090.2168
28090.3164
28090.5176
28090.7188
28090.8184
28090.9180
28090.9180
28091.0156
28091.0156
28090.8145
28090.7148
28090.6133
28090.6133
28090.8125
28091.0137
28091.3145
28091.4141
28091.7168
28091.8164
28091.8164
28092.0156
28092.2168
28092.1152
28092.1152
28091.9141
28091.8125
28091.5078
28091.6094
28091.4062
28091.4062
28091.3066
28091.1055
28091.0020
28090.8008
28090.5977
28090.4941
28090.3945
28090.1914
28090.0918
28089.8887
28089.9883
28089.7852
28089.6855
28089.6836
28089.4805
28089.3789
28089.1777
28089.0762
28088.9727
28088.6719
28088.5703
28088.3672
28088.2656
28088.1641
28088.0625
28087.9590
28087.7559
28087.5547
28087.0488
28086.6426
28086.3398
28086.1367
28086.0352
28086.3340
28086.5352
28086.9336
28087.1348
28087.2363
28087.1348
28087.0352
28086.6309
28086.2285
28085.6250
28085.1211
28084.8164
28084.4141
28084.2129
28084.0117
28083.9082
28083.8086
28083.9082
28083.9062
28084.0078
28084.3086
28084.5098
28084.8105
28085.0137
28085.5176
28086.0195
28086.2188
28086.4199
28086.3184
28086.1172
28085.8145
28085.5137
28085.2109
28085.0117
28084.8086
28084.6094
28084.4062
28084.2051
28084.1055
28083.8027
28083.7031
28083.5020
28083.4004
28083.4004
28083.4004
28083.7031
28083.8027
28084.1055
28084.6094
28085.0117
28085.1133
28085.2148
28085.2148
28085.3164
28085.2168
28085.4180
28085.5215
28085.8223
28086.0254
28086.2266
28086.3262
28086.4258
28086.3262
28086.2246
28086.1250
28085.9219
28085.8223
28085.7207
28085.3184
28084.9160
28084.4141
28084.0117
28083.8086
28083.9102
28084.1133
28084.3145
28084.4141
28084.4160
28084.4160
28084.3164
28084.2168
28083.9141
28083.6133
28083.2109
28082.7090
28082.1055
28081.8027
28081.6035
28081.7051
28081.8086
28081.9082
28081.9102
28081.7109
28081.5098
28081.1055
28081.0078
28080.7051
28080.5059
28080.5078
28080.3066
28080.2090
28080.1094
28080.2109
28080.2109
28080.3125
28080.1113
28080.0137
28079.7090
28079.6113
28079.5117
28079.4102
28079.5137
28079.6152
28079.6172
28079.7168
28079.9199
28080.0215
28080.1230
28080.0234
28080.0254
28079.9238
28079.7246
28079.6270
28079.5273
28079.4277
28079.3281
28079.3281
28079.1289
28079.2285
28079.2305
28079.4316
28079.5352
28079.6367
28079.7383
28079.7383
28079.7422
28079.7441
28079.6445
28079.4434
28079.4453
28079.4453
28079.4453
28079.5488
28079.5508
28079.7520
28079.7539
28079.8555
28079.9570
28079.9590
28079.9590
28079.8613
28079.8613
28079.8613
28079.8633
28079.8652
28079.8672
28079.8691
28079.9688
28079.8691
28079.9707
28079.9707
28080.0723
28080.1738
28080.2754
28080.3770
28080.4766
28080.5801
28080.5820
28080.7812
28080.8809
28080.9805
28081.1836
28081.3848
28081.5859
28081.5859
28081.6875
28081.6875
28081.4863
28081.3848
28081.3848
28081.3867
28081.4863
28081.6895
28081.7891
28081.9922
28082.2949
28082.3945
28082.5977
28082.7988
28082.9004
28083.0020
28083.2070
28083.3047
28083.3066
28083.3047
28083.1035
28083.1035
28083.0000
28082.9004
28082.8984
28082.9004
28083.0000
28082.9980
28082.8984
28082.6973
28082.6953
28082.5957
28082.3926
28082.2930
28082.1914
28081.9883
28081.8887
28081.7871
28081.7852
28081.8848
28081.7852
28081.7852
28081.9863
28082.0898
28082.1895
28082.1895
28082.1895
28082.1895
28082.1875
28082.2871
28082.2871
28082.2871
28082.2891
28082.2891
28082.1895
28082.2891
28082.2891
28082.3887
28082.3867
28082.2871
28082.3867
28082.4863
28082.3848
28082.3828
28082.1816
28082.0801
28081.8750
28081.6719
28081.4688
28081.4668
28081.4629
28081.4609
28081.6641
28081.8613
28081.9629
28082.0664
28082.0645
28082.1641
28082.1621
28082.2637
28082.3633
28082.4648
28082.3652
28082.3652
28082.2656
28082.1680
28081.9629
28081.8633
28081.8633
28081.7617
28081.6621
28081.5605
28081.2559
28081.2578
28081.1562
28081.1562
28081.1582
28081.1582
28081.0566
28081.0566
28081.0566
28081.0586
28081.1562
28081.0566
28081.1562
28081.1543
28081.2559
28081.2559
28081.4551
28081.5605
28081.5586
28081.6602
28081.7598
28081.6602
28081.7598
28081.7598
28081.8594
28081.8594
28081.8594
28081.8594
28081.8594
28081.8594
28081.7598
28081.7578
28081.7598
28081.6602
28081.5586
28081.5586
28081.6602
28081.6602
28081.9609
28081.9629
28082.2676
28082.4727
28082.7773
28082.8789
28082.8809
28082.7832
28082.7832
28082.7852
28082.7852
28082.8867
28082.9863
28083.0898
28083.0879
28083.1895
28083.2910
28083.5938
28083.9961
28084.4023
28084.7051
28085.1113
28085.3105
