  -4.1761
  -4.7712
  -5.3556
  -5.9333
  -6.5116
  -7.0948
  -7.6828
  -8.2801
  -8.8808
  -9.4825
 -10.0859
 -10.6913
 -11.3019
 -11.9185
 -12.5402
 -13.1686
 -13.7971
 -14.4310
 -15.0670
 -15.7050
 -16.3441
 -16.9884
 -17.6353
 -18.2788
 -18.9181
 -19.5499
 -20.1834
 -20.7956
 -21.3904
 -21.9708
 -22.5358
 -22.5121
 -22.4876
 -22.4681
 -22.4488
 -22.4314
 -22.3995
 -22.3530
 -22.2781
 -22.1885
 -22.0867
 -21.9805
 -21.8744
 -21.7845
 -21.6943
 -21.6176
 -21.5384
 -21.4546
 -21.3605
 -21.2700
 -21.1656
 -21.0603
 -20.9608
 -20.8640
 -20.7610
 -20.6549
 -20.5435
 -20.4249
 -20.2947
 -20.1608
 -20.0191
 -19.8749
 -19.7388
 -19.6056
 -19.4700
 -19.3425
 -19.2112
 -19.0689
 -18.9171
 -18.7638
 -18.5999
 -18.4341
 -18.2682
 -18.1087
 -17.9402
 -17.7646
 -17.5750
 -17.3740
 -17.1543
 -16.9309
 -16.7016
 -16.4757
 -16.2526
 -16.0340
 -15.8220
 -15.6255
 -15.4360
 -15.2435
 -15.0803
 -14.9479
 -14.8363
 -14.7568
 -14.6903
 -14.6403
 -14.5929
 -14.5493
 -14.5045
 -14.4682
 -14.4319
 -14.4145
 -14.4097
 -14.4071
 -14.3957
 -14.3749
 -14.3392
 -14.3024
 -14.2556
 -14.2116
 -14.1728
 -14.1444
 -14.1076
 -14.0807
 -14.0641
 -14.0396
 -14.0164
 -14.0035
 -14.0001
 -14.0042
 -14.0300
 -14.0733
 -14.1279
 -14.1956
 -14.2728
 -14.3461
 -14.4241
 -14.5116
 -14.5911
 -14.6649
 -14.7490
 -14.8344
 -14.9177
 -15.0096
 -15.1015
 -15.1876
 -15.2627
 -15.3409
 -15.4216
 -15.5095
 -15.6115
 -15.7265
 -15.8408
 -15.9597
 -16.0756
 -16.1832
 -16.2816
 -16.3760
 -16.4639
 -16.5408
 -16.6181
 -16.6901
 -16.7474
 -16.8036
 -16.8489
 -16.8851
 -16.9086
 -16.9256
 -16.9353
 -16.9396
 -16.9386
 -16.9441
 -16.9503
 -16.9535
 -16.9569
 -16.9650
 -16.9790
 -16.9960
 -17.0227
 -17.0544
 -17.0926
 -17.1317
 -17.1730
 -17.2101
 -17.2496
 -17.2788
 -17.3115
 -17.3396
 -17.3640
 -17.3815
 -17.3955
 -17.3960
 -17.3944
 -17.3887
 -17.3834
 -17.3771
 -17.3748
 -17.3772
 -17.3833
 -17.3881
 -17.4003
 -17.4125
 -17.4261
 -17.4398
 -17.4566
 -17.4725
 -17.4922
 -17.5139
 -17.5333
 -17.5512
 -17.5717
 -17.5845
 -17.5949
 -17.6073
 -17.6198
 -17.6313
 -17.6455
 -17.6686
 -17.6944
 -17.7115
 -17.7370
 -17.7678
 -17.7994
 -17.8369
 -17.8725
 -17.9086
 -17.9412
 -17.9738
 -18.0064
 -18.0434
 -18.0842
 -18.1356
 -18.1908
 -18.2420
 -18.2890
 -18.3295
 -18.3631
 -18.3867
 -18.4052
 -18.4159
 -18.4223
 -18.4215
 -18.4163
 -18.4082
 -18.4040
 -18.3879
 -18.3720
 -18.3543
 -18.3385
 -18.3162
 -18.2969
 -18.2798
 -18.2632
 -18.2419
 -18.2234
 -18.1987
 -18.1687
 -18.1320
 -18.0841
 -18.0197
 -17.9524
 -17.8824
 -17.8077
 -17.7341
 -17.6637
 -17.5933
 -17.5314
 -17.4713
 -17.4080
 -17.3455
 -17.2856
 -17.2150
 -17.1438
 -17.0739
 -17.0036
 -16.9307
 -16.8586
 -16.7844
 -16.7072
 -16.6209
 -16.5339
 -16.4492
 -16.3622
 -16.2799
 -16.1991
 -16.1221
 -16.0452
 -15.9706
 -15.8967
 -15.8245
 -15.7564
 -15.6894
 -15.6217
 -15.5498
 -15.4765
 -15.4027
 -15.3313
 -15.2591
 -15.1917
 -15.1194
 -15.0490
 -14.9715
 -14.8910
 -14.8077
 -14.7313
 -14.6510
 -14.5782
 -14.5115
 -14.4508
 -14.3862
 -14.3314
 -14.2782
 -14.2255
 -14.1753
 -14.1364
 -14.0966
 -14.0608
 -14.0268
 -13.9935
 -13.9539
 -13.9220
 -13.8926
 -13.8592
 -13.8299
 -13.8008
 -13.7698
 -13.7419
 -13.7089
 -13.6740
 -13.6454
 -13.6241
 -13.6001
 -13.5860
 -13.5777
 -13.5761
 -13.5732
 -13.5745
 -13.5806
 -13.5935
 -13.6036
 -13.6257
 -13.6604
 -13.7003
 -13.7469
 -13.7954
 -13.8449
 -13.8947
 -13.9438
 -13.9974
 -14.0552
 -14.1177
 -14.1796
 -14.2477
 -14.3119
 -14.3762
 -14.4442
 -14.5144
 -14.5867
 -14.6652
 -14.7451
 -14.8328
 -14.9228
 -15.0201
 -15.1207
 -15.2277
 -15.3243
 -15.4242
 -15.5242
 -15.6225
 -15.7215
 -15.8252
 -15.9264
 -16.0266
 -16.1255
 -16.2256
 -16.3170
 -16.4005
 -16.4801
 -16.5551
 -16.6246
 -16.7034
 -16.7879
 -16.8695
 -16.9540
 -17.0356
 -17.1092
 -17.1763
 -17.2349
 -17.2856
 -17.3380
 -17.3898
 -17.4360
 -17.4815
 -17.5243
 -17.5619
 -17.5919
 -17.6188
 -17.6430
 -17.6615
 -17.6700
 -17.6753
 -17.6775
 -17.6730
 -17.6671
 -17.6599
 -17.6530
 -17.6470
 -17.6406
 -17.6389
 -17.6388
 -17.6410
 -17.6394
 -17.6408
 -17.6341
 -17.6245
 -17.6134
 -17.6012
 -17.5851
 -17.5680
 -17.5475
 -17.5271
 -17.5063
 -17.4839
 -17.4628
 -17.4443
 -17.4211
 -17.4026
 -17.3823
 -17.3600
 -17.3374
 -17.3130
 -17.2845
 -17.2581
 -17.2329
 -17.2127
 -17.1918
 -17.1670
 -17.1481
 -17.1293
 -17.1089
 -17.0951
 -17.0872
 -17.0763
 -17.0723
 -17.0681
 -17.0628
 -17.0620
 -17.0659
 -17.0711
 -17.0866
 -17.1053
 -17.1219
 -17.1416
 -17.1634
 -17.1845
 -17.2086
 -17.2360
 -17.2684
 -17.3025
 -17.3335
 -17.3634
 -17.3977
 -17.4286
 -17.4669
 -17.5041
 -17.5432
 -17.5819
 -17.6215
 -17.6646
 -17.7102
 -17.7536
 -17.7960
 -17.8451
 -17.8892
 -17.9340
 -17.9813
 -18.0298
 -18.0721
 -18.1177
 -18.1644
 -18.2139
 -18.2647
 -18.3160
 -18.3691
 -18.4185
 -18.4623
 -18.5067
 -18.5522
 -18.5950
 -18.6410
 -18.6826
 -18.7148
 -18.7454
 -18.7690
 -18.7880
 -18.7954
 -18.7917
 -18.7869
 -18.7762
 -18.7549
 -18.7378
 -18.7224
 -18.7048
 -18.6922
 -18.6821
 -18.6745
 -18.6698
 -18.6664
 -18.6602
 -18.6551
 -18.6492
 -18.6333
 -18.6169
 -18.5950
 -18.5686
 -18.5407
 -18.5103
 -18.4796
 -18.4476
 -18.4094
 -18.3721
 -18.3401
 -18.3051
 -18.2726
 -18.2358
 -18.2022
 -18.1628
 -18.1220
 -18.0798
 -18.0344
 -17.9797
 -17.9210
 -17.8615
 -17.7910
 -17.7161
 -17.6425
 -17.5700
 -17.4897
 -17.4132
 -17.3348
 -17.2512
 -17.1620
 -17.0700
 -16.9753
 -16.8787
 -16.7790
 -16.6807
 -16.5841
 -16.4828
 -16.3803
 -16.2734
 -16.1625
 -16.0551
 -15.9507
 -15.8527
 -15.7594
 -15.6724
 -15.5956
 -15.5207
 -15.4427
 -15.3742
 -15.3074
 -15.2376
 -15.1716
 -15.1029
 -15.0297
 -14.9568
 -14.8825
 -14.8066
 -14.7351
 -14.6666
 -14.5938
 -14.5222
 -14.4485
 -14.3741
 -14.2986
 -14.2233
 -14.1512
 -14.0805
 -14.0031
 -13.9240
 -13.8465
 -13.7629
 -13.6840
 -13.6069
 -13.5314
 -13.4549
 -13.3758
 -13.2994
 -13.2193
 -13.1351
 -13.0506
 -12.9664
 -12.8744
 -12.7841
 -12.6912
 -12.5950
 -12.4927
 -12.3909
 -12.2815
 -12.1679
 -12.0512
 -11.9353
 -11.8188
 -11.7019
 -11.5842
 -11.4642
 -11.3464
 -11.2263
 -11.1098
 -10.9927
 -10.8763
 -10.7624
 -10.6502
 -10.5374
 -10.4221
 -10.3074
 -10.1952
 -10.0844
  -9.9742
  -9.8721
  -9.7716
  -9.6683
  -9.5664
  -9.4593
  -9.3513
  -9.2443
  -9.1394
  -9.0303
  -8.9258
  -8.8195
  -8.7112
  -8.6024
  -8.5009
  -8.4044
  -8.3111
  -8.2262
  -8.1479
  -8.0749
  -7.9997
  -7.9345
  -7.8819
  -7.8376
  -7.8074
  -7.7824
  -7.7628
  -7.7468
  -7.7297
  -7.7220
  -7.7132
  -7.7083
  -7.7082
  -7.7124
  -7.7183
  -7.7292
  -7.7431
  -7.7623
  -7.7840
  -7.8108
  -7.8430
  -7.8839
  -7.9318
  -7.9887
  -8.0530
  -8.1204
  -8.1896
  -8.2573
  -8.3276
  -8.3940
  -8.4611
  -8.5251
  -8.5905
  -8.6569
  -8.7262
  -8.7931
  -8.8548
  -8.9122
  -8.9659
  -9.0165
  -9.0640
  -9.1171
  -9.1730
  -9.2308
  -9.2905
  -9.3504
  -9.4084
  -9.4638
  -9.5160
  -9.5627
  -9.6135
  -9.6559
  -9.6956
  -9.7296
  -9.7584
  -9.7768
  -9.7857
  -9.7895
  -9.7845
  -9.7786
  -9.7675
  -9.7596
  -9.7537
  -9.7489
  -9.7413
  -9.7309
  -9.7189
  -9.7040
  -9.6836
  -9.6618
  -9.6335
  -9.5994
  -9.5601
  -9.5161
  -9.4674
  -9.4128
  -9.3543
  -9.2892
  -9.2212
  -9.1497
  -9.0746
  -8.9944
  -8.9098
  -8.8207
  -8.7270
  -8.6285
  -8.5267
  -8.4236
  -8.3235
  -8.2268
  -8.1334
  -8.0408
  -7.9529
  -7.8638
  -7.7744
  -7.6838
  -7.5949
  -7.5100
  -7.4289
  -7.3483
  -7.2688
  -7.1904
  -7.1078
  -7.0191
  -6.9262
  -6.8322
  -6.7347
  -6.6376
  -6.5427
  -6.4533
  -6.3673
  -6.2851
  -6.2110
  -6.1406
  -6.0757
  -6.0177
  -5.9684
  -5.9274
  -5.8940
  -5.8682
  -5.8397
  -5.8110
  -5.7796
  -5.7408
  -5.6909
  -5.6367
  -5.5743
  -5.5054
  -5.4295
  -5.3537
  -5.2761
  -5.2003
  -5.1314
  -5.0687
  -5.0134
  -4.9642
  -4.9188
  -4.8752
  -4.8346
  -4.7941
  -4.7560
  -4.7171
  -4.6811
  -4.6461
  -4.6103
  -4.5727
  -4.5326
  -4.4908
  -4.4445
  -4.3914
  -4.3284
  -4.2607
  -4.1930
  -4.1252
  -4.0653
  -4.0101
  -3.9603
  -3.9150
  -3.8717
  -3.8324
  -3.7963
  -3.7600
  -3.7224
  -3.6850
  -3.6527
  -3.6235
  -3.5974
  -3.5772
  -3.5592
  -3.5401
  -3.5173
  -3.4900
  -3.4582
  -3.4208
  -3.3819
  -3.3408
  -3.2982
  -3.2524
  -3.2041
  -3.1516
  -3.0949
  -3.0388
  -2.9829
  -2.9262
  -2.8736
  -2.8252
  -2.7801
  -2.7392
  -2.7008
  -2.6671
  -2.6306
  -2.5942
  -2.5571
  -2.5192
  -2.4775
  -2.4317
  -2.3817
  -2.3312
  -2.2795
  -2.2243
  -2.1670
  -2.1045
  -2.0415
  -1.9764
  -1.9079
  -1.8412
  -1.7750
  -1.7102
  -1.6492
  -1.5932
  -1.5438
  -1.5023
  -1.4626
  -1.4205
  -1.3715
  -1.3151
  -1.2492
  -1.1768
  -1.0985
  -1.0169
  -0.9287
  -0.8358
  -0.7430
  -0.6484
  -0.5553
  -0.4589
  -0.3643
  -0.2678
  -0.1692
  -0.0673
   0.0368
   0.1457
   0.2520
   0.3580
   0.4637
   0.5727
   0.6839
   0.7998
   0.9171
   1.0365
   1.1550
   1.2695
   1.3785
   1.4840
   1.5870
   1.6912
   1.7930
   1.8971
   2.0030
   2.1050
   2.2120
   2.3220
   2.4294
   2.5370
   2.6456
   2.7515
   2.8590
   2.9653
   3.0716
   3.1773
   3.2773
   3.3809
   3.4799
   3.5793
   3.6781
   3.7728
   3.8669
   3.9611
   4.0548
   4.1497
   4.2457
   4.3434
   4.4427
   4.5426
   4.6435
   4.7437
   4.8444
   4.9423
   5.0407
   5.1402
   5.2379
   5.3367
   5.4344
   5.5334
   5.6302
   5.7299
   5.8302
   5.9326
   6.0386
   6.1488
   6.2587
   6.3718
   6.4841
   6.6001
   6.7192
   6.8388
   6.9569
   7.0746
   7.1905
   7.3045
   7.4208
   7.5364
   7.6509
   7.7692
   7.8906
   8.0112
   8.1267
   8.2393
   8.3512
   8.4536
   8.5593
   8.6638
   8.7587
   8.8548
   8.9468
   9.0366
   9.1313
   9.2282
   9.3249
   9.4231
   9.5217
   9.6255
   9.7246
   9.8284
   9.9363
  10.0424
  10.1524
  10.2686
  10.3856
  10.5042
  10.6254
  10.7498
  10.8746
  11.0003
  11.1268
  11.2535
  11.3796
  11.5055
  11.6318
  11.7548
  11.8732
  11.9910
  12.1050
  12.2199
  12.3339
  12.4485
  12.5607
  12.6690
  12.7763
  12.8773
  12.9752
  13.0738
  13.1669
  13.2573
  13.3443
  13.4300
  13.5156
  13.6006
  13.6812
  13.7534
  13.8217
  13.8833
  13.9447
  14.0123
  14.0874
  14.1674
  14.2548
  14.3489
  14.4482
  14.5466
  14.6513
  14.7531
  14.8511
  14.9519
  15.0575
  15.1666
  15.2823
  15.3948
  15.5069
  15.6219
  15.7370
  15.8505
  15.9617
  16.0707
  16.1718
  16.2671
  16.3610
  16.4489
  16.5219
  16.5856
  16.6422
  16.6889
  16.7272
  16.7595
  16.7852
  16.8040
  16.8150
  16.8174
  16.8157
  16.8097
  16.8011
  16.7910
  16.7798
  16.7687
  16.7546
  16.7384
  16.7223
  16.7069
  16.6931
  16.6809
  16.6715
  16.6621
  16.6496
  16.6341
  16.6161
  16.5978
  16.5742
  16.5459
  16.5148
  16.4837
  16.4539
  16.4248
  16.3964
  16.3635
  16.3257
  16.2806
  16.2340
  16.1828
  16.1295
  16.0746
  16.0197
  15.9629
  15.9099
  15.8581
  15.8058
  15.7494
  15.6935
  15.6296
  15.5619
  15.4907
  15.4179
  15.3413
  15.2660
  15.1930
  15.1230
  15.0601
  14.9994
  14.9412
  14.8864
  14.8433
  14.8095
  14.7846
  14.7697
  14.7657
  14.7722
  14.7860
  14.8109
  14.8459
  14.8902
  14.9405
  14.9962
  15.0572
  15.1215
  15.1881
  15.2552
  15.3227
  15.3913
  15.4603
  15.5260
  15.5901
  15.6494
  15.7033
  15.7517
  15.7983
  15.8463
  15.8969
  15.9468
  15.9980
  16.0490
  16.0991
  16.1460
  16.1944
  16.2351
  16.2652
  16.2930
  16.3152
  16.3262
  16.3251
  16.3215
  16.3166
  16.3136
  16.3081
  16.3021
  16.2937
  16.2826
  16.2694
  16.2522
  16.2317
  16.2155
  16.2049
  16.1953
  16.1883
  16.1876
  16.1882
  16.1918
  16.1987
  16.2041
  16.2075
  16.2104
  16.2111
  16.2079
  16.2033
  16.2004
  16.1957
  16.1818
  16.1607
  16.1365
  16.1013
  16.0591
  16.0117
  15.9584
  15.8992
  15.8356
  15.7732
  15.7121
  15.6545
  15.5989
  15.5432
  15.4871
  15.4334
  15.3814
  15.3341
  15.2915
  15.2531
  15.2154
  15.1793
  15.1433
  15.1068
  15.0710
  15.0375
  15.0082
  14.9821
  14.9592
  14.9437
  14.9451
  14.9542
  14.9733
  15.0090
  15.0579
  15.1146
  15.1796
  15.2445
  15.3183
  15.3984
  15.4815
  15.5685
  15.6538
  15.7433
  15.8323
  15.9199
  16.0090
  16.1030
  16.2011
  16.3030
  16.4125
  16.5227
  16.6283
  16.7294
  16.8305
  16.9263
  17.0194
  17.1110
  17.2027
  17.2818
  17.3546
  17.4272
  17.4982
  17.5686
  17.6421
  17.7239
  17.8089
  17.8935
  17.9824
  18.0685
  18.1509
  18.2327
  18.3118
  18.3900
  18.4650
  18.5354
  18.6105
  18.6884
  18.7717
  18.8611
  18.9495
  19.0365
  19.1187
  19.1991
  19.2802
  19.3598
  19.4389
  19.5172
  19.5946
  19.6692
  19.7474
  19.8234
  19.9014
  19.9770
  20.0478
  20.1119
  20.1650
  20.2063
  20.2441
  20.2765
  20.3076
  20.3347
  20.3588
  20.3874
  20.4147
  20.4411
  20.4671
  20.4858
  20.4966
  20.4941
  20.4812
  20.4566
  20.4256
  20.3889
  20.3513
  20.3104
  20.2695
  20.2281
  20.1843
  20.1360
  20.0935
  20.0554
  20.0197
  19.9846
  19.9468
  19.9076
  19.8614
  19.8127
  19.7641
  19.7112
  19.6580
  19.6010
  19.5346
  19.4609
  19.3792
  19.2948
  19.2084
  19.1138
  19.0120
  18.9009
  18.7828
  18.6665
  18.5556
  18.4523
  18.3541
  18.2624
  18.1766
  18.0961
  18.0175
  17.9405
  17.8634
  17.7843
  17.7008
  17.6137
  17.5227
  17.4313
  17.3395
  17.2508
  17.1652
  17.0829
  16.9963
  16.9055
  16.8132
  16.7185
  16.6206
  16.5182
  16.4147
  16.3092
  16.2047
  16.0992
  15.9966
  15.8925
  15.7893
  15.6836
  15.5830
  15.4879
  15.3973
  15.3149
  15.2407
  15.1733
  15.1121
  15.0556
  15.0024
  14.9533
  14.9096
  14.8696
  14.8350
  14.8004
  14.7686
  14.7390
  14.7128
  14.6913
  14.6791
  14.6756
  14.6774
  14.6863
  14.7013
  14.7216
  14.7441
  14.7672
  14.7893
  14.8085
  14.8226
  14.8287
  14.8325
  14.8297
  14.8186
  14.7987
  14.7719
  14.7391
  14.7075
  14.6776
  14.6504
  14.6244
  14.5994
  14.5772
  14.5561
  14.5346
  14.5131
  14.4917
  14.4680
  14.4461
  14.4270
  14.4128
  14.4038
  14.3981
  14.3980
  14.4046
  14.4165
  14.4357
  14.4603
  14.4870
  14.5155
  14.5418
  14.5648
  14.5823
  14.5938
  14.6013
  14.5998
  14.5888
  14.5705
  14.5459
  14.5172
  14.4843
  14.4487
  14.4102
  14.3695
  14.3255
  14.2821
  14.2368
  14.1935
  14.1500
  14.1065
  14.0588
  14.0077
  13.9573
  13.9056
  13.8543
  13.8052
  13.7604
  13.7221
  13.6904
  13.6666
  13.6496
  13.6447
  13.6472
  13.6597
  13.6816
  13.7150
  13.1656
  12.6232
  12.0812
  11.5378
  10.9896
  10.4338
   9.8656
   9.2821
   8.6904
   8.0886
   7.4759
   6.8570
   6.2407
   5.6301
   5.0223
   4.4109
   3.7946
   3.1760
   2.5458
   1.9039
   1.2610
   0.6146
  -0.0356
  -0.6854
  -1.3316
  -1.9744
  -2.6106
  -3.2404
  -3.8627
  -4.4816
