27473.4844
27473.8926
27474.0156
27473.8477
27473.9023
27473.7812
27474.0156
27473.8145
27474.0371
27473.9824
27474.0703
27473.7051
27473.9590
27473.8379
27473.8379
27473.8711
27474.0156
27473.8262
27473.9824
27474.0586
27474.1270
27474.1504
27474.1719
27474.1953
27474.2617
27474.0371
27473.9258
27474.0820
27474.0918
27474.1816
27474.1367
27474.1484
27474.2695
27474.3906
27474.3359
27474.1914
27473.8242
27473.9121
27474.0801
27473.8223
27473.6777
27473.9355
27473.8672
27473.7676
27473.9355
27474.1621
27474.1211
27474.0449
27473.7891
27474.0020
27474.4141
27474.5586
27474.9004
27474.9590
27475.1016
27475.3457
27475.4023
27475.8711
27475.9707
27475.7266
27476.0273
27475.9492
27475.8047
27475.7480
27475.5586
27475.3574
27475.2246
27475.0918
27474.8340
27474.9902
27474.7246
27474.7793
27474.9785
27474.9355
27475.2910
27475.1484
27474.9785
27475.1172
27475.3242
27475.0684
27475.1367
27474.8242
27475.1152
27475.3926
27475.6270
27475.6602
27475.4844
27475.5840
27475.9746
27475.7051
27475.9043
27475.9258
27475.6367
27475.6719
27475.7266
27475.7402
27475.5410
27475.7734
27475.5742
27475.2832
27475.7090
27475.6309
27475.7656
27475.9102
27475.6191
27475.8105
27475.5742
27475.3984
27475.1191
27474.7168
27474.6504
27474.7168
27474.3379
27474.6289
27474.4297
27474.6641
27474.6191
27474.6758
27474.7324
27474.4883
27474.6895
27474.7793
27474.6016
27474.5352
27474.3711
27474.6055
27474.5391
27474.1523
27474.1738
27474.1074
27474.0996
27474.2676
27474.1680
27474.2031
27474.5566
27474.4941
27474.4609
27474.2031
27474.0703
27474.1484
27474.1133
27474.0996
27473.9453
27473.9785
27474.2793
27473.9570
27473.8809
27474.0137
27473.8926
27473.7930
27473.6504
27473.5508
27473.3594
27473.2500
27473.3496
27473.2402
27473.1641
27473.0762
27473.1973
27473.1973
27473.4336
27473.5664
27473.5449
27473.3691
27473.4805
27473.4590
27473.4492
27473.5508
27473.3848
27473.2500
27473.1855
27473.0742
27473.0293
27472.6953
27472.5957
27472.0820
27472.3828
27472.3516
27472.3750
27472.5879
27472.7441
27472.7793
27472.9922
27472.8496
27472.9277
27473.0273
27472.9492
27473.0840
27472.8281
27472.9941
27472.9277
27473.1855
27473.1289
27473.2324
27473.3770
27473.3672
27473.3887
27473.4473
27473.4258
27473.3242
27472.8340
27472.9785
27472.9707
27472.6797
27473.0488
27472.6582
27472.6934
27472.9062
27472.3145
27472.4727
27472.2285
27472.0605
27472.3281
27472.1953
27472.1289
27472.3516
27472.2852
27472.5312
27472.4434
27472.4102
27472.3086
27472.2090
27472.3086
27472.2090
27472.4023
27472.3809
27472.3242
27472.4590
27471.9805
27472.1797
27472.2031
27472.1035
27472.0156
27471.9824
27471.9395
27472.0391
27472.1387
27471.9863
27472.1328
27472.1582
27472.0449
27472.1367
27472.0508
27472.2285
27471.8418
27471.8516
27471.6562
27471.8789
27471.7480
27471.9141
27471.6719
27471.5117
27471.6191
27471.5762
27471.7148
27471.6426
27471.7383
27472.1328
27472.1465
27472.0469
27472.1465
27472.1035
27472.1914
27472.2051
27472.4141
27472.4707
27472.3359
27472.4922
27472.5156
27472.5938
27472.4512
27472.5020
27472.3809
27472.1504
27472.2383
27472.1074
27472.0859
27472.1387
27472.2539
27472.1738
27472.3613
27472.4922
27472.6348
27472.8789
27472.9922
27473.1152
27473.0723
27473.0586
27472.7637
27472.8926
27472.8945
27472.7852
27472.7578
27472.6992
27472.4355
27472.4922
27472.4355
27472.3516
27472.2852
27472.2520
27472.0293
27471.8164
27471.8516
27471.5957
27471.6309
27471.5898
27471.3242
27471.3594
27471.2383
27471.1953
27471.4180
27471.2949
27471.1953
27471.3105
27471.0664
27471.2461
27471.1816
27471.0742
27470.9180
27471.0098
27471.0586
27470.8945
27470.8535
27470.7461
27470.6016
27470.5605
27470.6094
27470.7949
27470.4746
27470.4746
27470.3750
27470.4395
27470.5840
27470.6348
27470.6934
27470.6777
27470.8867
27470.8730
27471.0742
27471.0605
27470.9961
27471.0176
27470.9551
27471.1328
27471.1113
27471.0254
27471.0684
27471.1484
27471.0625
27471.1621
27471.1562
27471.1562
27471.0762
27471.0566
27471.0781
27471.0781
27471.0781
27471.0996
27471.1445
27471.3105
27471.3750
27471.2949
27471.3594
27471.2266
27471.1133
27471.1133
27471.2207
27471.2637
27471.1855
27471.2715
27471.2715
27471.3359
27471.4434
27471.4238
27471.4668
27471.3809
27471.3809
27471.3750
27471.4102
27471.3906
27471.2695
27471.3125
27471.2910
27471.1895
27471.0898
27471.0918
27470.9922
27471.1133
27471.0703
27471.1562
27471.0996
27471.2441
27471.1445
27471.2520
27471.2734
27471.3164
27471.4023
27471.3242
27471.3672
27471.2109
27471.3340
27471.4414
27471.4844
27471.6133
27471.6191
27471.7422
27471.8418
27471.9062
27471.8926
27472.0352
27472.0723
27472.0352
27472.1367
27472.2148
27472.2148
27472.3145
27472.3516
27472.4160
27472.4375
27472.6172
27472.6523
27472.7949
27472.7734
27472.8750
27472.7949
27472.7598
27472.7617
27472.7402
27472.6621
27472.7051
27472.7617
27472.8086
27472.8027
27472.7246
27472.6172
27472.3496
27472.5293
27472.4277
27472.5293
27472.4277
27472.4141
27472.5566
27472.6582
27472.7578
27472.8359
27472.8145
27472.9160
27472.7949
27472.8164
27472.8379
27472.8379
27472.8945
27473.0176
27473.0391
27472.8965
27472.8398
27472.7969
27472.7480
27472.8477
27473.2969
27473.4258
27473.4902
27473.4766
27473.3613
27473.2461
27473.5195
27473.2754
27473.1699
27473.0703
27472.7715
27472.5488
27472.4863
27472.3496
27472.1875
27472.2656
27472.1660
27472.2441
27472.3438
27472.4238
27472.7168
27472.8945
27472.9961
27473.1758
27473.2539
27473.1758
27473.1191
27473.1836
27473.1836
27473.1055
27473.1270
27473.0469
27473.0684
27472.9766
27472.8770
27472.9043
27472.9688
27473.0898
27473.2109
27473.2324
27473.2324
27473.2969
27473.2539
27473.4180
27473.3613
27473.2832
27473.2617
27473.4688
27473.5254
27473.5898
27473.6680
27473.7910
27473.9902
27474.0684
27474.3496
27474.2637
27474.3418
27474.2637
27474.3496
27474.3711
27474.2344
27474.2773
27474.3047
27474.4316
27474.4961
27474.4531
27474.5605
27474.5605
27474.5469
27474.3887
27474.3262
27474.2031
27474.2031
27474.0820
27474.0039
27474.0410
27474.0195
27474.0547
27474.0352
27474.0137
27473.9141
27473.7930
27473.7930
27473.6934
27473.7305
27473.8926
27473.9160
27474.0352
27474.2793
27474.3223
27474.3789
27474.5430
27474.6211
27474.5645
27474.5215
27474.5645
27474.6074
27474.5508
27474.6133
27474.3516
27474.3340
27474.2559
27474.4824
27474.5156
27474.7109
27474.7754
27474.9180
27475.2012
27475.4668
27475.7148
27475.9844
27476.1523
27476.0332
27476.0059
27475.5566
27475.5137
27475.4570
27475.6406
27475.7207
27475.7363
27475.9355
27475.9004
27475.8945
27475.7734
27475.7305
27475.7109
27475.6680
27475.7461
27475.8242
27475.9043
27476.0625
27476.0840
27476.2988
27476.2793
27476.1406
27476.2422
27476.2832
27476.2266
27475.9688
27476.0117
27475.9902
27475.8965
27476.0547
27476.0547
27475.8750
27475.8750
27475.8535
27475.8750
27475.8750
27475.6758
27475.5977
27475.6016
27475.5508
27475.4668
27475.6289
27475.6562
27475.6191
27475.7344
27475.4824
27475.4102
27475.3887
27475.7676
27475.8105
27475.6719
27475.8516
27475.5215
27475.7559
27475.7363
27475.6211
27475.5996
27475.8574
27475.7773
27475.6426
27475.6836
27475.5098
27475.7676
27476.0098
27475.6738
27476.0527
27476.0684
27475.8320
27475.7520
27476.0840
27475.8887
27475.9844
27476.0000
27475.9434
27476.0156
27476.1738
27476.1367
27475.9004
27476.0215
27475.9434
27475.9844
27476.0840
27476.0488
27475.9043
27475.8262
27475.8633
27475.7832
27475.8203
27475.9863
27475.9434
27476.0586
27476.1367
27476.1953
27476.3320
27476.2969
27476.3594
27476.5117
27476.4531
27476.3535
27476.5117
27476.3184
27476.4531
27476.2969
27476.3379
27476.3594
27476.3965
27476.2227
27476.4434
27476.3691
27476.3105
27476.2539
27476.2168
27476.2168
27476.1953
27476.3379
27476.4531
27476.2949
27476.2539
27476.2910
27476.2480
27476.0703
27476.1914
27475.9902
27475.8906
27475.9102
27475.8477
27475.8066
27475.7070
27475.7637
27475.8223
27475.6855
27475.7227
27476.2383
27476.2383
27476.1445
27476.3398
27476.1641
27476.2852
27476.2852
27476.2285
27475.8320
27475.7539
27475.7324
27475.4531
27475.5918
27475.5918
27475.6699
27475.9277
27475.9277
27476.2012
27476.4453
27476.1016
27476.3027
27476.2383
27476.2812
27476.1602
27476.0391
27475.9238
27475.9199
27475.7402
27475.9766
27476.0352
27476.0762
27476.0762
27476.1191
27475.9395
27475.8027
27475.7402
27475.7793
27475.6973
27475.4785
27475.5566
27475.5938
27475.8105
27476.0898
27476.2480
27476.3262
27476.6016
27476.5859
27476.5488
27476.5078
27476.5078
27476.4863
27476.4277
27476.3281
27476.1914
27476.3691
27476.4473
27476.3691
27476.4902
27476.3320
27476.2168
27476.4531
27476.4121
27476.3125
27476.4316
27476.4316
27476.2539
27476.4531
27476.8945
27476.7500
27476.7910
27477.1465
27477.0820
27477.0469
27476.9844
27477.1250
27477.2285
27477.1094
27477.3340
27477.4336
27477.5957
27477.5371
27477.7422
27477.7617
27477.8848
27477.6621
27477.6465
27477.7676
27477.5527
27477.6348
27477.5527
27477.7402
27477.7598
27477.4629
27477.4043
27477.5410
27477.4414
27477.0254
27477.2656
27477.6699
27477.6953
27477.6953
27477.8750
27478.0820
27478.2207
27478.2324
27478.3105
27478.3945
27478.3945
27478.0938
27478.2930
27478.2559
27478.1172
27478.1211
27478.2051
27478.1836
27478.2090
27478.3086
27478.1914
27478.3711
27478.0742
27478.0938
27478.1934
27478.1738
27478.0723
27478.1152
27478.1973
27478.3145
27478.1348
27478.4316
27478.1094
27478.1484
27478.1484
27478.1484
27478.2695
27478.3516
27478.3320
27478.3730
27478.6504
27478.4727
27478.7305
27478.7520
27478.9883
27478.8301
27478.9512
27479.0859
27479.3047
27479.4004
27479.6680
27479.6465
27479.4707
27479.5078
27479.3945
27479.5156
27479.7734
27480.0938
27480.1562
27480.3555
27480.5156
27480.5898
27480.6270
27480.6270
27481.0078
27481.0859
27481.2656
27481.3652
27481.2285
27481.3691
27481.5098
27481.5898
27481.6895
27481.6680
27481.7305
27481.4297
27481.7695
27481.8477
27481.7285
27481.7090
27482.2227
27483.0371
27483.1543
27483.0371
27483.0977
27482.9785
27483.4375
27483.8926
27483.8945
27483.7949
27483.8750
27483.6152
27483.8945
27483.8945
27483.9746
27484.0156
27484.1895
27484.2676
27484.5664
27484.6055
27484.3633
27484.4258
27484.4805
27484.5430
27484.5645
27484.3047
27484.1875
27484.2500
27484.1758
27484.1270
27484.0684
27484.0273
27483.7695
27483.8281
27483.9277
27483.9648
27484.0039
27484.1875
27484.2246
27484.5625
27484.5215
27484.6973
27484.5977
27484.8359
27485.0117
27485.2129
27485.1504
27485.3672
27485.3477
27485.4863
27485.4668
27485.6055
27485.4668
27485.4648
27485.7441
27485.5234
27485.6406
27485.6641
27485.7227
27485.6641
27485.7676
27485.7637
27485.7676
27485.8672
27486.0078
27486.0879
27486.0488
27486.2871
27486.3320
27486.2734
27486.6348
27486.7168
27487.0371
27487.0195
27486.9004
27487.4395
27487.3418
27487.2422
27487.3047
27487.5625
27487.6016
27487.5215
27487.9180
27487.9590
27487.8008
27487.8809
27488.0117
27488.0371
27488.1367
27488.2734
27488.2539
27488.4141
27488.3555
27488.5547
27488.5957
27488.8340
27489.0332
27489.1914
27489.0723
27489.2129
27489.3516
27489.6719
27489.8926
27489.9922
27490.2109
27490.5176
27490.5566
27490.7891
27491.0918
27490.9121
27491.0332
27491.3301
27491.4883
27491.7070
27491.6289
27491.8281
27492.0508
27492.3691
27492.5352
27492.4648
27492.8887
27493.1289
27493.1113
27493.3496
27493.4297
27493.2715
27493.5117
27493.5977
27493.5137
27493.5312
27493.5762
27493.6758
27493.8945
27493.9941
27493.8945
27494.1758
27494.4355
27494.4961
27494.6367
27494.7754
27494.9355
27495.0781
27495.3359
27495.3184
27495.6191
27495.5156
27495.3379
27495.8770
27495.6973
27495.5781
27496.1172
27496.5977
27496.2988
27496.6797
27496.8809
27496.6211
27496.8223
27496.9414
27497.3613
27497.6406
27497.6406
27497.9824
27498.1172
27498.3203
27498.4590
27499.0156
27499.0762
27499.0762
27499.5156
27499.3574
27499.6562
27499.8184
27499.6543
27499.7988
27499.7969
27499.9355
27499.7969
27500.0957
27499.8359
27500.1348
27500.2344
27500.4531
27500.4922
27500.5312
27500.2285
27500.4512
27500.5488
27500.1895
27500.4492
27500.6113
27500.2305
27500.3301
27500.2734
27500.2324
27500.1934
27500.1758
27500.1562
27500.1348
27500.2949
27500.3945
27500.4355
27500.5762
27500.4746
27500.4355
27500.5156
27500.5137
27500.3750
27499.9941
27499.9727
27500.0527
27499.7910
27499.6934
27499.7715
27500.0332
27499.9922
27499.9512
27499.7910
27499.8516
27499.4922
27499.4941
27499.4121
27499.2129
27499.1328
27498.9707
27498.7129
27498.6328
27498.4922
27498.3926
27497.9746
27497.8516
27497.3535
27497.2148
27497.2910
27497.2500
27497.1719
27496.6328
27496.8105
27496.9492
27496.8086
27497.0664
27497.1660
27497.4062
27497.7070
27497.9453
27498.0234
27498.0234
27497.8613
27497.7812
27497.5215
27497.1621
27497.1406
27497.2207
27497.2793
27497.2188
27497.3184
27497.2363
27496.9355
27497.1172
27496.8359
27496.5781
27496.6367
27496.4961
27496.3574
27496.4766
27496.4746
27496.5938
27496.4141
27496.6738
27496.6934
27496.8125
27496.3906
27496.7305
27496.6328
27496.5703
27496.6113
27496.6914
27496.6895
27496.4902
27496.3105
27496.2090
27496.1680
27496.1680
27496.0098
27495.7891
27495.5078
27495.2871
27494.9082
27494.7266
27494.3457
27494.1855
27493.9668
27493.9043
27493.7031
27493.5820
27493.2031
27493.2031
27493.0234
27493.0430
27492.9238
27492.5020
27492.1641
27492.4238
27492.3633
27492.3027
27492.3438
27492.2227
27492.2832
27492.5605
27492.4219
27492.2617
27492.1816
27492.2617
27492.1211
27492.2812
27492.1621
27492.3203
27492.0410
27492.1211
27492.1797
27492.1191
27492.0195
27491.9004
27491.6016
27491.7402
27491.4805
27491.2793
27491.1211
27491.1797
27491.0000
27490.8789
27490.7988
27490.7598
27490.6797
27490.6387
27490.5801
27490.6602
27490.3008
27490.2793
27490.0801
27490.0996
27490.0000
27489.9590
27489.8613
27489.8809
27489.7207
27489.9004
27489.8203
27490.0000
27489.9805
27489.8809
27489.9219
27489.9609
27489.5820
27489.7617
27489.3418
27489.2617
27489.2422
27489.1426
27489.0625
27489.2422
27489.3223
27489.2754
27489.3438
27489.3242
27489.0625
27488.9629
27488.7832
27488.6836
27488.4844
27488.4238
27488.4258
27488.4258
27488.3848
27488.3652
27488.2070
27488.3066
27487.9863
27487.7930
27487.8887
27488.1074
27488.1270
27488.0488
27487.9297
27488.1074
27487.9492
27487.8086
27487.4707
27487.5098
27487.2109
27487.2109
27487.0508
27487.2461
27487.2305
27487.4531
27487.4121
27487.4727
27487.1133
27486.9531
27487.3535
27487.5723
27487.3945
27487.9355
27488.0938
27487.8945
27487.5762
27487.0156
27486.2969
27485.8770
27484.9180
27484.4980
27484.8594
27484.8984
27484.5391
27484.1797
27484.0605
27483.9004
27483.6816
27483.1621
27482.9219
27482.7227
27482.8027
27482.6230
27482.4629
27482.4434
27481.9434
27481.9648
27481.9648
27481.6836
27481.4453
27481.0449
27480.9863
27481.0059
27480.5254
27479.9863
27479.7285
27479.4668
27478.8477
27478.6680
27477.8691
27477.9082
27478.1289
27478.0742
27477.7480
27477.1094
27477.4688
27477.3105
27477.1914
27477.3105
27477.5254
27477.6719
27477.5508
27477.6738
27477.6914
27477.5332
27477.5527
27477.5938
27477.1133
27476.9941
27477.2559
27477.0137
27476.6543
27476.3633
27476.1348
27476.0176
27475.8359
27475.6582
27475.7578
27475.4570
27475.4785
27475.3379
27475.6992
27475.7383
27476.2148
27476.2148
27476.2148
27476.3555
27476.4941
27476.4551
27476.3145
27475.9355
27475.4570
27475.3574
27475.1328
27474.7207
27474.4414
27474.3633
27473.8848
27473.9043
27473.6660
27473.2070
27473.0859
27472.8320
27472.7676
27472.9473
27472.5879
27472.8086
27472.9668
27472.8887
27473.3086
27473.2305
27473.6113
27473.6523
27473.5312
27473.1914
27473.4531
27473.3105
27473.2715
27473.0312
27473.4316
27473.1934
27473.1328
27473.4160
27473.7148
27472.9961
27473.5957
27473.6152
27473.5566
27473.1777
27473.0371
27473.3203
27472.8789
27472.7402
27472.8203
27472.7012
27472.6035
27472.6426
27472.6035
27471.7637
27471.4219
27472.1230
27471.5215
27471.3398
27471.8242
27471.5840
27471.4238
27471.4863
27471.1836
27471.2656
27471.1445
27470.7871
27470.9473
27470.7090
27470.5938
27470.4883
27470.4883
27470.5469
27470.4863
27470.8066
27470.6875
27470.5664
27470.1660
27469.9199
27469.7461
27469.5449
27469.1055
27469.2441
27469.4258
27468.8477
27468.7051
