  -2.8147
  -2.7808
  -2.7346
  -2.6846
  -2.6306
  -2.5876
  -2.5536
  -2.5284
  -2.5034
  -2.4796
  -2.4490
  -2.4150
  -2.3771
  -2.3370
  -2.2939
  -2.2500
  -2.2029
  -2.1563
  -2.1157
  -2.0737
  -2.0334
  -1.9962
  -1.9621
  -1.9374
  -1.9197
  -1.9015
  -1.8853
  -1.8700
  -1.8537
  -1.8355
  -1.8260
  -1.8060
  -1.7883
  -1.7728
  -1.7655
  -1.7599
  -1.7512
  -1.7488
  -1.7470
  -1.7442
  -1.7448
  -1.7394
  -1.7313
  -1.7174
  -1.7032
  -1.6931
  -1.6839
  -1.6789
  -1.6818
  -1.6891
  -1.6933
  -1.6930
  -1.6804
  -1.6599
  -1.6251
  -1.5843
  -1.5342
  -1.4871
  -1.4347
  -1.3901
  -1.3529
  -1.3210
  -1.2926
  -1.2699
  -1.2480
  -1.2310
  -1.2063
  -1.1760
  -1.1343
  -1.0861
  -1.0399
  -0.9986
  -0.9630
  -0.9312
  -0.9003
  -0.8725
  -0.8477
  -0.8255
  -0.7990
  -0.7786
  -0.7551
  -0.7300
  -0.7023
  -0.6725
  -0.6436
  -0.6133
  -0.5858
  -0.5644
  -0.5446
  -0.5309
  -0.5155
  -0.5000
  -0.4821
  -0.4614
  -0.4418
  -0.4203
  -0.3984
  -0.3798
  -0.3633
  -0.3489
  -0.3418
  -0.3376
  -0.3362
  -0.3360
  -0.3394
  -0.3460
  -0.3501
  -0.3506
  -0.3438
  -0.3312
  -0.3127
  -0.2911
  -0.2718
  -0.2625
  -0.2553
  -0.2635
  -0.2697
  -0.2845
  -0.2977
  -0.3144
  -0.3280
  -0.3367
  -0.3482
  -0.3620
  -0.3821
  -0.4011
  -0.4233
  -0.4508
  -0.4771
  -0.5033
  -0.5347
  -0.5639
  -0.5992
  -0.6316
  -0.6682
  -0.7044
  -0.7455
  -0.7886
  -0.8314
  -0.8750
  -0.9152
  -0.9563
  -0.9992
  -1.0476
  -1.0934
  -1.1394
  -1.1865
  -1.2347
  -1.2794
  -1.3237
  -1.3645
  -1.4056
  -1.4469
  -1.4936
  -1.5387
  -1.5838
  -1.6298
  -1.6807
  -1.7329
  -1.7797
  -1.8223
  -1.8626
  -1.8970
  -1.9263
  -1.9490
  -1.9634
  -1.9730
  -1.9792
  -1.9836
  -1.9838
  -1.9788
  -1.9779
  -1.9802
  -1.9896
  -1.9974
  -2.0128
  -2.0262
  -2.0490
  -2.0691
  -2.0890
  -2.1073
  -2.1259
  -2.1469
  -2.1716
  -2.1934
  -2.2121
  -2.2381
  -2.2638
  -2.2890
  -2.3161
  -2.3473
  -2.3764
  -2.4102
  -2.4361
  -2.4667
  -2.4982
  -2.5301
  -2.5587
  -2.5885
  -2.6172
  -2.6491
  -2.6742
  -2.6971
  -2.7188
  -2.7333
  -2.7580
  -2.7827
  -2.8044
  -2.8324
  -2.8587
  -2.8864
  -2.9151
  -2.9452
  -2.9746
  -3.0048
  -3.0420
  -3.0770
  -3.1105
  -3.1429
  -3.1693
  -3.1888
  -3.2295
  -3.2616
  -3.2954
  -3.3356
  -3.3822
  -3.4330
  -3.4906
  -3.5458
  -3.6044
  -3.6685
  -3.7363
  -3.8087
  -3.8753
  -3.9432
  -4.0108
  -4.0722
  -4.1361
  -4.1932
  -4.2515
  -4.3094
  -4.3619
  -4.4186
  -4.4722
  -4.5212
  -4.5698
  -4.6197
  -4.6649
  -4.7095
  -4.7522
  -4.7953
  -4.8362
  -4.8767
  -4.9098
  -4.9430
  -4.9708
  -4.9994
  -5.0266
  -5.0473
  -5.0622
  -5.0777
  -5.0908
  -5.1071
  -5.1221
  -5.1370
  -5.1610
  -5.1796
  -5.2034
  -5.2295
  -5.2464
  -5.2685
  -5.2891
  -5.3058
  -5.3141
  -5.3249
  -5.3297
  -5.3331
  -5.3392
  -5.3490
  -5.3562
  -5.3712
  -5.3894
  -5.3922
  -5.4037
  -5.4103
  -5.4164
  -5.4223
  -5.4294
  -5.4278
  -5.4231
  -5.4199
  -5.4157
  -5.4085
  -5.3952
  -5.3892
  -5.3816
  -5.3714
  -5.3690
  -5.3658
  -5.3684
  -5.3824
  -5.4028
  -5.4315
  -5.4536
  -5.4787
  -5.5028
  -5.5272
  -5.5493
  -5.5739
  -5.6014
  -5.6282
  -5.6536
  -5.6820
  -5.7092
  -5.7445
  -5.7800
  -5.8232
  -5.8630
  -5.9062
  -5.9597
  -6.0137
  -6.0738
  -6.1343
  -6.1977
  -6.2688
  -6.3400
  -6.4086
  -6.4834
  -6.5523
  -6.6211
  -6.6858
  -6.7389
  -6.7897
  -6.8413
  -6.8966
  -6.9497
  -7.0027
  -7.0532
  -7.1028
  -7.1497
  -7.1923
  -7.2302
  -7.2681
  -7.2976
  -7.3250
  -7.3538
  -7.3803
  -7.4094
  -7.4412
  -7.4768
  -7.5185
  -7.5563
  -7.5955
  -7.6331
  -7.6719
  -7.7054
  -7.7310
  -7.7535
  -7.7679
  -7.7765
  -7.7771
  -7.7651
  -7.7448
  -7.7164
  -7.6869
  -7.6547
  -7.6198
  -7.5895
  -7.5574
  -7.5254
  -7.4905
  -7.4585
  -7.4301
  -7.3961
  -7.3593
  -7.3163
  -7.2707
  -7.2187
  -7.1621
  -7.0990
  -7.0294
  -6.9585
  -6.8843
  -6.8100
  -6.7270
  -6.6372
  -6.5448
  -6.4495
  -6.3494
  -6.2582
  -6.1744
  -6.1037
  -6.0443
  -5.9837
  -5.9271
  -5.8724
  -5.8157
  -5.7606
  -5.6996
  -5.6405
  -5.5826
  -5.5281
  -5.4706
  -5.4180
  -5.3728
  -5.3277
  -5.2865
  -5.2440
  -5.1979
  -5.1535
  -5.1094
  -5.0668
  -5.0266
  -4.9830
  -4.9437
  -4.8998
  -4.8587
  -4.8181
  -4.7852
  -4.7539
  -4.7233
  -4.6953
  -4.6686
  -4.6426
  -4.6203
  -4.5979
  -4.5767
  -4.5581
  -4.5388
  -4.5182
  -4.4969
  -4.4713
  -4.4415
  -4.4065
  -4.3715
  -4.3388
  -4.3097
  -4.2845
  -4.2609
  -4.2423
  -4.2295
  -4.2197
  -4.2119
  -4.2028
  -4.1898
  -4.1798
  -4.1699
  -4.1634
  -4.1584
  -4.1500
  -4.1328
  -4.1054
  -4.0706
  -4.0338
  -3.9964
  -3.9569
  -3.9176
  -3.8779
  -3.8399
  -3.8073
  -3.7706
  -3.7322
  -3.6926
  -3.6566
  -3.6196
  -3.5849
  -3.5538
  -3.5267
  -3.5031
  -3.4815
  -3.4577
  -3.4353
  -3.4132
  -3.3927
  -3.3759
  -3.3532
  -3.3340
  -3.3126
  -3.2916
  -3.2670
  -3.2460
  -3.2270
  -3.2098
  -3.1892
  -3.1717
  -3.1523
  -3.1322
  -3.1120
  -3.0922
  -3.0737
  -3.0590
  -3.0415
  -3.0268
  -3.0119
  -2.9986
  -2.9873
  -2.9765
  -2.9637
  -2.9494
  -2.9389
  -2.9248
  -2.9115
  -2.8979
  -2.8853
  -2.8759
  -2.8689
  -2.8641
  -2.8566
  -2.8491
  -2.8374
  -2.8252
  -2.8128
  -2.7993
  -2.7774
  -2.7580
  -2.7344
  -2.7105
  -2.6820
  -2.6544
  -2.6248
  -2.5926
  -2.5612
  -2.5342
  -2.5041
  -2.4754
  -2.4483
  -2.4184
  -2.3875
  -2.3544
  -2.3218
  -2.2905
  -2.2549
  -2.2151
  -2.1749
  -2.1325
  -2.0884
  -2.0501
  -2.0119
  -1.9740
  -1.9381
  -1.9038
  -1.8681
  -1.8322
  -1.7943
  -1.7535
  -1.7081
  -1.6620
  -1.6169
  -1.5741
  -1.5319
  -1.4843
  -1.4347
  -1.3851
  -1.3319
  -1.2777
  -1.2225
  -1.1673
  -1.1135
  -1.0623
  -1.0141
  -0.9635
  -0.9146
  -0.8636
  -0.8116
  -0.7571
  -0.6993
  -0.6440
  -0.5881
  -0.5392
  -0.4885
  -0.4438
  -0.4014
  -0.3574
  -0.3154
  -0.2801
  -0.2392
  -0.2033
  -0.1680
  -0.1371
  -0.1059
  -0.0759
  -0.0492
  -0.0212
   0.0104
   0.0406
   0.0752
   0.1176
   0.1654
   0.2200
   0.2747
   0.3253
   0.3752
   0.4176
   0.4577
   0.4988
   0.5413
   0.5864
   0.6322
   0.6771
   0.7233
   0.7692
   0.8158
   0.8626
   0.9072
   0.9495
   0.9860
   1.0201
   1.0536
   1.0865
   1.1230
   1.1602
   1.1941
   1.2281
   1.2614
   1.2934
   1.3238
   1.3548
   1.3878
   1.4234
   1.4617
   1.5023
   1.5448
   1.5864
   1.6283
   1.6672
   1.7006
   1.7339
   1.7676
   1.8022
   1.8369
   1.8755
   1.9171
   1.9587
   2.0013
   2.0429
   2.0849
   2.1279
   2.1686
   2.2112
   2.2536
   2.2952
   2.3391
   2.3831
   2.4263
   2.4691
   2.5104
   2.5507
   2.5843
   2.6144
   2.6326
   2.6449
   2.6566
   2.6614
   2.6708
   2.6803
   2.6887
   2.6974
   2.7055
   2.7159
   2.7282
   2.7415
   2.7593
   2.7756
   2.7961
   2.8190
   2.8425
   2.8644
   2.8888
   2.9153
   2.9415
   2.9640
   2.9889
   3.0186
   3.0510
   3.0899
   3.1389
   3.1982
   3.2624
   3.3292
   3.3931
   3.4562
   3.5168
   3.5763
   3.6401
   3.7004
   3.7626
   3.8245
   3.8825
   3.9365
   3.9890
   4.0408
   4.0857
   4.1263
   4.1636
   4.1960
   4.2268
   4.2553
   4.2781
   4.3030
   4.3262
   4.3494
   4.3756
   4.3995
   4.4236
   4.4475
   4.4723
   4.4975
   4.5233
   4.5501
   4.5754
   4.6081
   4.6497
   4.6976
   4.7533
   4.8127
   4.8740
   4.9363
   4.9986
   5.0583
   5.1196
   5.1767
   5.2315
   5.2827
   5.3329
   5.3808
   5.4278
   5.4718
   5.5223
   5.5725
   5.6194
   5.6666
   5.7145
   5.7611
   5.8021
   5.8379
   5.8668
   5.8784
   5.8818
   5.8769
   5.8727
   5.8718
   5.8739
   5.8789
   5.8816
   5.8800
   5.8801
   5.8834
   5.8927
   5.9062
   5.9249
   5.9443
   5.9663
   5.9925
   6.0217
   6.0545
   6.0890
   6.1286
   6.1732
   6.2182
   6.2635
   6.3091
   6.3501
   6.3899
   6.4287
   6.4642
   6.4983
   6.5345
   6.5660
   6.5973
   6.6216
   6.6473
   6.6726
   6.6956
   6.7233
   6.7558
   6.7891
   6.8239
   6.8588
   6.8924
   6.9243
   6.9595
   7.0003
   7.0371
   7.0765
   7.1214
   7.1638
   7.2075
   7.2548
   7.3014
   7.3425
   7.3863
   7.4291
   7.4755
   7.5176
   7.5611
   7.6075
   7.6503
   7.7088
   7.7611
   7.8164
   7.8681
   7.9148
   7.9569
   8.0007
   8.0465
   8.0940
   8.1411
   8.1890
   8.2388
   8.2920
   8.3467
   8.4048
   8.4642
   8.5255
   8.5917
   8.6577
   8.7256
   8.7926
   8.8569
   8.9253
   8.9944
   9.0615
   9.1365
   9.2086
   9.2780
   9.3534
   9.4386
   9.5242
   9.6097
   9.6971
   9.7924
   9.8851
   9.9795
  10.0791
  10.1728
  10.2645
  10.3516
  10.4342
  10.5135
  10.5948
  10.6741
  10.7437
  10.8099
  10.8818
  10.9501
  11.0147
  11.0790
  11.1398
  11.2000
  11.2572
  11.3184
  11.3762
  11.4360
  11.4935
  11.5503
  11.6072
  11.6604
  11.7137
  11.7568
  11.7992
  11.8436
  11.8877
  11.9344
  11.9819
  12.0300
  12.0788
  12.1252
  12.1736
  12.2148
  12.2517
  12.2790
  12.3055
  12.3236
  12.3348
  12.3385
  12.3413
  12.3404
  12.3422
  12.3384
  12.3290
  12.3158
  12.3017
  12.2851
  12.2638
  12.2484
  12.2430
  12.2394
  12.2282
  12.2121
  12.2013
  12.1902
  12.1759
  12.1613
  12.1426
  12.1172
  12.0928
  12.0644
  12.0356
  12.0082
  11.9832
  11.9532
  11.9177
  11.8828
  11.8479
  11.8088
  11.7709
  11.7316
  11.6952
  11.6601
  11.6256
  11.5860
  11.5458
  11.5122
  11.4750
  11.4423
  11.4109
  11.3835
  11.3645
  11.3464
  11.3266
  11.3187
  11.3026
  11.2904
  11.2803
  11.2716
  11.2620
  11.2533
  11.2519
  11.2468
  11.2479
  11.2510
  11.2572
  11.2626
  11.2699
  11.2877
  11.3126
  11.3369
  11.3652
  11.3934
  11.4266
  11.4596
  11.4927
  11.5220
  11.5585
  11.5912
  11.6204
  11.6456
  11.6681
  11.6890
  11.7109
  11.7301
  11.7435
  11.7563
  11.7760
  11.7937
  11.8130
  11.8302
  11.8465
  11.8622
  11.8795
  11.8996
  11.9208
  11.9564
  11.9843
  12.0179
  12.0534
  12.0926
  12.1331
  12.1749
  12.2194
  12.2625
  12.3085
  12.3536
  12.3926
  12.4313
  12.4585
  12.4911
  12.5161
  12.5307
  12.5469
  12.5628
  12.5686
  12.5810
  12.5873
  12.5963
  12.6043
  12.6087
  12.6096
  12.6069
  12.6023
  12.5919
  12.5729
  12.5489
  12.5200
  12.4917
  12.4569
  12.4193
  12.3804
  12.3473
  12.3145
  12.2831
  12.2601
  12.2352
  12.2069
  12.1611
  12.1105
  12.0529
  11.9866
  11.9190
  11.8490
  11.7785
  11.7085
  11.6412
  11.5789
  11.5096
  11.4474
  11.3913
  11.3343
  11.2786
  11.2190
  11.1559
  11.0864
  11.0202
  10.9469
  10.8844
  10.8182
  10.7517
  10.6865
  10.6205
  10.5483
  10.4728
  10.3987
  10.3250
  10.2515
  10.1751
  10.0993
  10.0249
   9.9474
   9.8698
   9.7957
   9.7245
   9.6491
   9.5779
   9.5037
   9.4277
   9.3464
   9.2664
   9.1865
   9.1092
   9.0253
   8.9465
   8.8717
   8.8044
   8.7438
   8.6910
   8.6439
   8.5935
   8.5443
   8.4932
   8.4355
   8.3693
   8.3006
   8.2257
   8.1572
   8.0950
   8.0400
   7.9938
   7.9523
   7.9165
   7.8801
   7.8453
   7.8097
   7.7767
   7.7473
   7.7225
   7.7026
   7.6764
   7.6436
   7.6111
   7.5825
   7.5542
   7.5301
   7.5010
   7.4628
   7.4296
   7.3844
   7.3359
   7.2874
   7.2294
   7.1711
   7.1128
   7.0583
   7.0031
   6.9483
   6.8910
   6.8350
   6.7800
   6.7300
   6.6753
   6.6193
   6.5680
   6.5087
   6.4546
   6.3997
   6.3436
   6.2911
   6.2387
   6.1796
   6.1151
   6.0519
   5.9902
   5.9276
   5.8628
   5.7958
   5.7323
   5.6645
   5.5934
   5.5246
   5.4502
   5.3763
   5.3014
   5.2269
   5.1511
   5.0754
   4.9968
   4.9116
   4.8333
   4.7526
   4.6751
   4.5970
   4.5202
   4.4416
   4.3611
   4.2772
   4.1867
   4.0940
   3.9956
   3.9041
   3.8157
   3.7282
   3.6395
   3.5546
   3.4680
   3.3912
   3.3185
   3.2419
   3.1754
   3.1067
   3.0326
   2.9626
   2.8905
   2.8196
   2.7402
   2.6591
   2.5721
   2.4943
   2.4100
   2.3263
   2.2470
   2.1728
   2.1036
   2.0297
   1.9620
   1.8944
   1.8245
   1.7565
   1.6843
   1.6162
   1.5574
   1.5058
   1.4543
   1.4052
   1.3583
   1.3156
   1.2677
   1.2144
   1.1632
   1.1059
   1.0546
   1.0038
   0.9577
   0.9128
   0.8721
   0.8335
   0.7975
   0.7614
   0.7243
   0.6893
   0.6529
   0.6141
   0.5732
   0.5293
   0.4840
   0.4476
   0.4094
   0.3721
   0.3332
   0.3025
   0.2684
   0.2332
   0.2022
   0.1711
   0.1426
   0.1092
   0.0753
   0.0424
   0.0073
  -0.0291
  -0.0626
  -0.0910
  -0.1223
  -0.1511
  -0.1796
  -0.1978
  -0.2145
  -0.2182
  -0.2297
  -0.2374
  -0.2496
  -0.2628
  -0.2806
  -0.3033
  -0.3239
  -0.3425
  -0.3629
  -0.3818
  -0.4027
  -0.4168
  -0.4350
  -0.4551
  -0.4742
  -0.4917
  -0.5111
  -0.5299
  -0.5495
  -0.5736
  -0.5971
  -0.6128
  -0.6152
  -0.6293
  -0.6407
  -0.6533
  -0.6667
  -0.6818
  -0.6996
  -0.7275
  -0.7586
  -0.7870
  -0.8119
  -0.8337
  -0.8554
  -0.8721
  -0.8842
  -0.8958
  -0.9134
  -0.9299
  -0.9481
  -0.9682
  -0.9968
  -1.0307
  -1.0684
  -1.1080
  -1.1502
  -1.1979
  -1.2474
  -1.2973
  -1.3478
  -1.3984
  -1.4446
  -1.4886
  -1.5286
  -1.5660
  -1.6020
  -1.6421
  -1.6883
  -1.7355
  -1.7873
  -1.8405
  -1.8973
  -1.9406
  -1.9851
  -2.0304
  -2.0724
  -2.1175
  -2.1614
  -2.2070
  -2.2539
  -2.2988
  -2.3436
  -2.3875
  -2.4311
  -2.4755
  -2.5221
  -2.5599
  -2.5983
  -2.6426
  -2.6754
  -2.7089
  -2.7541
  -2.8077
  -2.8509
  -2.8932
  -2.9411
  -2.9893
  -3.0331
  -3.0767
  -3.1124
  -3.1433
  -3.1748
  -3.2096
  -3.2451
  -3.2857
  -3.3256
  -3.3713
  -3.4136
  -3.4581
  -3.4999
  -3.5441
  -3.5839
  -3.6265
  -3.6603
  -3.6936
  -3.7299
  -3.7586
  -3.7903
  -3.8176
  -3.8480
  -3.8775
  -3.9004
  -3.9257
  -3.9523
  -3.9830
  -4.0165
  -4.0496
  -4.0694
  -4.0844
  -4.0900
  -4.0959
  -4.0980
  -4.0894
  -4.0894
  -4.0904
  -4.0890
  -4.0836
  -4.0813
  -4.0852
  -4.0874
  -4.0887
  -4.0864
  -4.0892
  -4.0938
  -4.0967
  -4.1023
  -4.1104
  -4.1224
  -4.1410
  -4.1551
  -4.1661
  -4.1726
  -4.1781
  -4.1841
  -4.1922
  -4.1960
  -4.2006
  -4.1992
  -4.1982
  -4.1952
  -4.1953
  -4.1987
  -4.1988
  -4.2041
  -4.2083
  -4.2102
  -4.2110
  -4.2076
  -4.2033
  -4.1968
  -4.1890
  -4.1769
  -4.1715
  -4.1581
  -4.1526
  -4.1452
  -4.1327
  -4.1228
  -4.1034
  -4.0857
  -4.0694
  -4.0512
  -4.0384
  -4.0234
  -4.0095
  -3.9951
  -3.9768
  -3.9578
  -3.9455
  -3.9373
  -3.9329
  -3.9347
  -3.9354
  -3.9376
  -3.9373
  -3.9297
  -3.9155
  -3.9031
  -3.8819
  -3.8590
  -3.8319
  -3.8071
  -3.7785
  -3.7501
  -3.7191
  -3.6901
  -3.6518
  -3.6099
  -3.5701
  -3.5224
  -3.4712
  -3.4201
  -3.3679
  -3.3174
  -3.2660
  -3.2182
  -3.1742
  -3.1273
  -3.0843
  -3.0463
  -3.0094
  -2.9648
  -2.9235
  -2.8822
  -2.8433
  -2.8052
  -2.7663
  -2.7351
  -2.7081
  -2.6813
  -2.6588
  -2.6362
  -2.6084
