  -8.5617
  -8.5302
  -8.5025
  -8.4770
  -8.4454
  -8.4121
  -8.3768
  -8.3404
  -8.3036
  -8.2646
  -8.2215
  -8.1710
  -8.1165
  -8.0580
  -7.9961
  -7.9347
  -7.8700
  -7.8075
  -7.7482
  -7.6845
  -7.6180
  -7.5499
  -7.4820
  -7.4118
  -7.3392
  -7.2652
  -7.1904
  -7.1175
  -7.0519
  -6.9931
  -6.9354
  -6.9910
  -7.0423
  -7.0924
  -7.1409
  -7.1870
  -7.2270
  -7.2627
  -7.2902
  -7.3138
  -7.3319
  -7.3438
  -7.3485
  -7.3478
  -7.3412
  -7.3320
  -7.3173
  -7.2967
  -7.2756
  -7.2545
  -7.2341
  -7.2088
  -7.1866
  -7.1622
  -7.1375
  -7.1109
  -7.0781
  -7.0444
  -7.0100
  -6.9740
  -6.9357
  -6.8937
  -6.8548
  -6.8100
  -6.7593
  -6.7052
  -6.6488
  -6.5888
  -6.5274
  -6.4667
  -6.4073
  -6.3482
  -6.2914
  -6.2360
  -6.1799
  -6.1238
  -6.0688
  -6.0148
  -5.9596
  -5.9020
  -5.8448
  -5.7887
  -5.7329
  -5.6768
  -5.6237
  -5.5724
  -5.5220
  -5.4732
  -5.4263
  -5.3818
  -5.3387
  -5.2961
  -5.2541
  -5.2148
  -5.1759
  -5.1380
  -5.0995
  -5.0623
  -5.0274
  -4.9969
  -4.9681
  -4.9398
  -4.9152
  -4.8912
  -4.8671
  -4.8463
  -4.8251
  -4.8065
  -4.7888
  -4.7697
  -4.7493
  -4.7271
  -4.7113
  -4.6937
  -4.6790
  -4.6635
  -4.6481
  -4.6335
  -4.6203
  -4.6064
  -4.5945
  -4.5806
  -4.5660
  -4.5484
  -4.5315
  -4.5155
  -4.5009
  -4.4890
  -4.4758
  -4.4648
  -4.4515
  -4.4370
  -4.4224
  -4.4093
  -4.3968
  -4.3839
  -4.3701
  -4.3559
  -4.3414
  -4.3252
  -4.3084
  -4.2903
  -4.2737
  -4.2585
  -4.2436
  -4.2282
  -4.2124
  -4.1975
  -4.1817
  -4.1681
  -4.1521
  -4.1330
  -4.1138
  -4.0968
  -4.0755
  -4.0535
  -4.0341
  -4.0176
  -4.0031
  -3.9878
  -3.9745
  -3.9614
  -3.9503
  -3.9413
  -3.9349
  -3.9315
  -3.9303
  -3.9309
  -3.9310
  -3.9337
  -3.9398
  -3.9476
  -3.9553
  -3.9631
  -3.9715
  -3.9815
  -3.9916
  -4.0049
  -4.0196
  -4.0349
  -4.0521
  -4.0710
  -4.1019
  -4.1542
  -4.2465
  -4.3665
  -4.4861
  -4.6044
  -4.7192
  -4.8341
  -4.9466
  -5.0607
  -5.1707
  -5.2793
  -5.3848
  -5.4875
  -5.5899
  -5.6922
  -5.7941
  -5.8967
  -6.0001
  -6.1051
  -6.2143
  -6.3251
  -6.4381
  -6.5509
  -6.6627
  -6.7748
  -6.8852
  -6.9917
  -7.0953
  -7.2006
  -7.3117
  -7.4204
  -7.5255
  -7.6331
  -7.7413
  -7.8491
  -7.9492
  -8.0480
  -8.1428
  -8.2342
  -8.3226
  -8.4067
  -8.4873
  -8.5665
  -8.6424
  -8.7132
  -8.7824
  -8.8502
  -8.9164
  -8.9801
  -9.0445
  -9.1150
  -9.1831
  -9.2483
  -9.3153
  -9.3813
  -9.4467
  -9.5083
  -9.5706
  -9.6318
  -9.6858
  -9.7271
  -9.7482
  -9.7257
  -9.6739
  -9.6180
  -9.5592
  -9.5024
  -9.4443
  -9.3881
  -9.3314
  -9.2771
  -9.2215
  -9.1646
  -9.1060
  -9.0515
  -8.9977
  -8.9456
  -8.8964
  -8.8480
  -8.8016
  -8.7558
  -8.7121
  -8.6718
  -8.6364
  -8.6064
  -8.5800
  -8.5592
  -8.5456
  -8.5342
  -8.5264
  -8.5192
  -8.5197
  -8.5285
  -8.5438
  -8.5597
  -8.5763
  -8.5990
  -8.6236
  -8.6533
  -8.6856
  -8.7242
  -8.7675
  -8.8132
  -8.8625
  -8.9167
  -8.9789
  -9.0466
  -9.1186
  -9.1946
  -9.2716
  -9.3490
  -9.4234
  -9.5023
  -9.5825
  -9.6617
  -9.7422
  -9.8222
  -9.9053
  -9.9858
 -10.0666
 -10.1537
 -10.2451
 -10.3362
 -10.4292
 -10.5245
 -10.6205
 -10.7189
 -10.8138
 -10.9094
 -11.0007
 -11.0924
 -11.1848
 -11.2786
 -11.3758
 -11.4739
 -11.5700
 -11.6654
 -11.7587
 -11.8511
 -11.9457
 -12.0402
 -12.1334
 -12.2278
 -12.3187
 -12.4030
 -12.4756
 -12.5414
 -12.5961
 -12.6499
 -12.7010
 -12.7454
 -12.7839
 -12.8135
 -12.8326
 -12.8427
 -12.8495
 -12.8533
 -12.8558
 -12.8545
 -12.8508
 -12.8464
 -12.8374
 -12.8276
 -12.8160
 -12.8018
 -12.7876
 -12.7725
 -12.7561
 -12.7414
 -12.7259
 -12.7121
 -12.7004
 -12.6837
 -12.6558
 -12.6300
 -12.6019
 -12.5652
 -12.5161
 -12.4652
 -12.4115
 -12.3506
 -12.2844
 -12.2067
 -12.1201
 -12.0255
 -11.9205
 -11.8097
 -11.6908
 -11.5662
 -11.4308
 -11.2937
 -11.1498
 -11.0024
 -10.8526
 -10.6961
 -10.5357
 -10.3780
 -10.2214
 -10.0638
  -9.9023
  -9.7384
  -9.5759
  -9.4135
  -9.2394
  -9.0620
  -8.8865
  -8.7166
  -8.5504
  -8.3823
  -8.2100
  -8.0367
  -7.8683
  -7.7002
  -7.5356
  -7.3722
  -7.2133
  -7.0567
  -6.8997
  -6.7394
  -6.5770
  -6.4153
  -6.2496
  -6.0852
  -5.9232
  -5.7621
  -5.6033
  -5.4398
  -5.2727
  -5.1036
  -4.9286
  -4.7503
  -4.5665
  -4.3780
  -4.1949
  -4.0153
  -3.8336
  -3.6561
  -3.4876
  -3.3227
  -3.1581
  -2.9948
  -2.8310
  -2.6648
  -2.5057
  -2.3526
  -2.2114
  -2.0804
  -1.9585
  -1.8449
  -1.7422
  -1.6522
  -1.5690
  -1.4942
  -1.4238
  -1.3517
  -1.2882
  -1.2313
  -1.1700
  -1.1073
  -1.0481
  -0.9884
  -0.9301
  -0.8664
  -0.7999
  -0.7402
  -0.6851
  -0.6342
  -0.5883
  -0.5459
  -0.5184
  -0.4970
  -0.4828
  -0.4720
  -0.4691
  -0.4679
  -0.4747
  -0.4850
  -0.5021
  -0.5247
  -0.5542
  -0.5875
  -0.6228
  -0.6644
  -0.7093
  -0.7543
  -0.8008
  -0.8477
  -0.8964
  -0.9484
  -1.0026
  -1.0622
  -1.1272
  -1.1979
  -1.2723
  -1.3472
  -1.4314
  -1.5219
  -1.6121
  -1.7059
  -1.8087
  -1.9155
  -2.0257
  -2.1427
  -2.2672
  -2.3966
  -2.5295
  -2.6615
  -2.7958
  -2.9278
  -3.0625
  -3.1939
  -3.3258
  -3.4568
  -3.5841
  -3.7102
  -3.8420
  -3.9718
  -4.1003
  -4.2297
  -4.3606
  -4.4914
  -4.6290
  -4.7671
  -4.9088
  -5.0526
  -5.1975
  -5.3393
  -5.4787
  -5.6147
  -5.7489
  -5.8777
  -6.0024
  -6.1231
  -6.2391
  -6.3494
  -6.4568
  -6.5576
  -6.6516
  -6.7384
  -6.8201
  -6.8973
  -6.9730
  -7.0452
  -7.1142
  -7.1818
  -7.2461
  -7.3094
  -7.3716
  -7.4344
  -7.4948
  -7.5531
  -7.6066
  -7.6529
  -7.6951
  -7.7351
  -7.7699
  -7.7985
  -7.8220
  -7.8440
  -7.8643
  -7.8827
  -7.8993
  -7.9148
  -7.9309
  -7.9455
  -7.9579
  -7.9721
  -7.9836
  -7.9951
  -8.0073
  -8.0184
  -8.0295
  -8.0403
  -8.0520
  -8.0682
  -8.0840
  -8.0996
  -8.1139
  -8.1297
  -8.1434
  -8.1552
  -8.1664
  -8.1748
  -8.1810
  -8.1857
  -8.1887
  -8.1883
  -8.1855
  -8.1793
  -8.1684
  -8.1507
  -8.1262
  -8.1002
  -8.0708
  -8.0425
  -8.0128
  -7.9839
  -7.9550
  -7.9239
  -7.8933
  -7.8627
  -7.8326
  -7.8017
  -7.7703
  -7.7404
  -7.7073
  -7.6752
  -7.6417
  -7.6081
  -7.5751
  -7.5419
  -7.5120
  -7.4882
  -7.4695
  -7.4546
  -7.4383
  -7.4235
  -7.4082
  -7.3903
  -7.3674
  -7.3433
  -7.3158
  -7.2851
  -7.2517
  -7.2140
  -7.1748
  -7.1304
  -7.0789
  -7.0255
  -6.9702
  -6.9155
  -6.8620
  -6.8099
  -6.7610
  -6.7127
  -6.6648
  -6.6220
  -6.5817
  -6.5451
  -6.5117
  -6.4824
  -6.4536
  -6.4227
  -6.3906
  -6.3597
  -6.3270
  -6.2938
  -6.2597
  -6.2255
  -6.1926
  -6.1629
  -6.1361
  -6.1145
  -6.0937
  -6.0745
  -6.0524
  -6.0310
  -6.0082
  -5.9852
  -5.9650
  -5.9486
  -5.9368
  -5.9273
  -5.9172
  -5.9099
  -5.8989
  -5.8862
  -5.8704
  -5.8521
  -5.8320
  -5.8112
  -5.7909
  -5.7672
  -5.7389
  -5.7089
  -5.6772
  -5.6463
  -5.6167
  -5.5893
  -5.5662
  -5.5448
  -5.5259
  -5.5142
  -5.5058
  -5.5003
  -5.4939
  -5.4867
  -5.4813
  -5.4800
  -5.4810
  -5.4848
  -5.4894
  -5.4929
  -5.4949
  -5.4923
  -5.4856
  -5.4746
  -5.4582
  -5.4360
  -5.4101
  -5.3798
  -5.3497
  -5.3186
  -5.2898
  -5.2620
  -5.2355
  -5.2134
  -5.1936
  -5.1793
  -5.1663
  -5.1533
  -5.1401
  -5.1264
  -5.1117
  -5.0948
  -5.0782
  -5.0628
  -5.0486
  -5.0334
  -5.0196
  -5.0025
  -4.9802
  -4.9508
  -4.9215
  -4.8911
  -4.8601
  -4.8298
  -4.7986
  -4.7669
  -4.7356
  -4.7024
  -4.6708
  -4.6356
  -4.5994
  -4.5652
  -4.5306
  -4.4948
  -4.4578
  -4.4196
  -4.3774
  -4.3314
  -4.2819
  -4.2304
  -4.1700
  -4.1086
  -4.0503
  -4.0051
  -3.9599
  -3.9175
  -3.8759
  -3.8322
  -3.7823
  -3.7263
  -3.6691
  -3.6082
  -3.5471
  -3.4802
  -3.4113
  -3.3375
  -3.2609
  -3.1810
  -3.1010
  -3.0159
  -2.9294
  -2.8378
  -2.7434
  -2.6477
  -2.5462
  -2.4385
  -2.3247
  -2.2111
  -2.0993
  -1.9899
  -1.8799
  -1.7698
  -1.6612
  -1.5497
  -1.4372
  -1.3198
  -1.2044
  -1.0855
  -0.9677
  -0.8474
  -0.7285
  -0.6075
  -0.4871
  -0.3651
  -0.2452
  -0.1225
   0.0004
   0.1231
   0.2411
   0.3669
   0.4916
   0.6155
   0.7399
   0.8669
   0.9932
   1.1170
   1.2439
   1.3694
   1.4961
   1.6239
   1.7524
   1.8794
   2.0077
   2.1430
   2.2938
   2.4458
   2.5994
   2.7526
   2.9083
   3.0609
   3.2096
   3.3586
   3.5048
   3.6531
   3.7915
   3.9301
   4.0644
   4.1932
   4.3182
   4.4428
   4.5678
   4.6936
   4.8177
   4.9424
   5.0707
   5.1968
   5.3197
   5.4403
   5.5575
   5.6785
   5.7988
   5.9175
   6.0370
   6.1572
   6.2785
   6.4016
   6.5238
   6.6460
   6.7688
   6.8915
   7.0151
   7.1380
   7.2634
   7.3862
   7.5101
   7.6366
   7.7608
   7.8813
   8.0007
   8.1205
   8.2346
   8.3476
   8.4612
   8.5758
   8.6900
   8.8063
   8.9263
   9.0456
   9.1643
   9.2799
   9.3929
   9.5048
   9.6172
   9.7280
   9.8366
   9.9410
  10.0447
  10.1478
  10.2536
  10.3577
  10.4649
  10.5728
  10.6828
  10.7950
  10.9064
  11.0230
  11.1384
  11.2532
  11.3686
  11.4862
  11.6046
  11.7231
  11.8378
  11.9526
  12.0662
  12.1790
  12.2918
  12.4064
  12.5203
  12.6386
  12.7555
  12.8754
  12.9964
  13.1177
  13.2369
  13.3551
  13.4732
  13.5928
  13.7174
  13.8426
  13.9701
  14.0965
  14.2252
  14.3550
  14.4876
  14.6199
  14.7547
  14.8894
  15.0265
  15.1662
  15.3107
  15.4583
  15.6081
  15.7618
  15.9165
  16.0723
  16.2280
  16.3822
  16.5365
  16.6892
  16.8437
  16.9978
  17.1545
  17.3099
  17.4680
  17.6265
  17.7859
  17.9438
  18.1056
  18.2647
  18.4233
  18.5799
  18.7387
  18.8953
  19.0548
  19.2133
  19.3708
  19.5279
  19.6837
  19.8398
  19.9943
  20.1476
  20.2939
  20.4367
  20.5731
  20.7084
  20.8416
  20.9754
  21.1038
  21.2318
  21.3597
  21.4869
  21.6138
  21.7410
  21.8679
  21.9973
  22.1259
  22.2532
  22.3804
  22.5090
  22.6380
  22.7686
  22.9009
  23.0288
  23.1499
  23.2684
  23.3848
  23.4962
  23.6065
  23.7191
  23.8339
  23.9472
  24.0614
  24.1751
  24.2873
  24.4023
  24.5157
  24.6296
  24.7449
  24.8613
  24.9803
  25.0991
  25.2171
  25.3319
  25.4418
  25.5457
  25.6432
  25.7401
  25.8381
  25.9347
  26.0377
  26.1418
  26.2475
  26.3570
  26.4740
  26.5918
  26.7149
  26.8412
  26.9705
  27.1031
  27.2366
  27.3726
  27.5100
  27.6490
  27.7892
  27.9281
  28.0577
  28.1821
  28.3010
  28.4197
  28.5353
  28.6411
  28.7483
  28.8518
  28.9479
  29.0332
  29.1098
  29.1778
  29.2441
  29.3075
  29.3660
  29.4170
  29.4584
  29.4903
  29.5234
  29.5549
  29.5836
  29.6123
  29.6425
  29.6672
  29.6849
  29.6954
  29.7047
  29.7116
  29.7155
  29.7161
  29.7101
  29.6977
  29.6767
  29.6492
  29.6126
  29.5733
  29.5309
  29.4836
  29.4369
  29.3944
  29.3568
  29.3213
  29.2794
  29.2299
  29.1721
  29.1042
  29.0256
  28.9382
  28.8384
  28.7284
  28.6105
  28.4858
  28.3570
  28.2222
  28.0808
  27.9330
  27.7781
  27.6160
  27.4512
  27.2852
  27.1223
  26.9668
  26.8103
  26.6542
  26.4964
  26.3383
  26.1865
  26.0289
  25.8719
  25.7180
  25.5732
  25.4350
  25.3039
  25.1698
  25.0286
  24.8805
  24.7301
  24.5783
  24.4244
  24.2663
  24.1069
  23.9459
  23.7831
  23.6159
  23.4474
  23.2767
  23.0995
  22.9201
  22.7376
  22.5544
  22.3707
  22.1867
  22.0075
  21.8354
  21.6678
  21.5086
  21.3495
  21.1930
  21.0402
  20.8890
  20.7327
  20.5723
  20.4127
  20.2530
  20.0987
  19.9486
  19.8008
  19.6568
  19.5181
  19.3838
  19.2487
  19.1135
  18.9786
  18.8422
  18.7049
  18.5698
  18.4386
  18.3087
  18.1833
  18.0633
  17.9478
  17.8335
  17.7155
  17.5970
  17.4779
  17.3607
  17.2414
  17.1219
  17.0007
  16.8814
  16.7610
  16.6377
  16.5166
  16.3983
  16.2831
  16.1697
  16.0580
  15.9420
  15.8193
  15.7006
  15.5785
  15.4624
  15.3522
  15.2423
  15.1390
  15.0415
  14.9531
  14.8749
  14.8000
  14.7253
  14.6428
  14.5562
  14.4655
  14.3643
  14.2542
  14.1364
  14.0171
  13.9009
  13.7874
  13.6773
  13.5667
  13.4595
  13.3549
  13.2510
  13.1504
  13.0510
  12.9506
  12.8422
  12.7316
  12.6073
  12.4761
  12.3397
  12.2033
  12.0594
  11.9130
  11.7774
  11.6427
  11.5196
  11.4023
  11.2909
  11.1778
  11.0703
  10.9649
  10.8586
  10.7616
  10.6835
  10.6321
  10.5877
  10.5421
  10.4986
  10.4572
  10.4195
  10.3874
  10.3524
  10.3104
  10.2625
  10.2167
  10.1780
  10.1414
  10.1094
  10.0778
  10.0462
  10.0115
   9.9752
   9.9379
   9.8941
   9.8464
   9.7936
   9.7361
   9.6779
   9.6185
   9.5698
   9.5287
   9.4936
   9.4694
   9.4550
   9.4444
   9.4271
   9.4000
   9.3628
   9.3175
   9.2652
   9.2117
   9.1586
   9.1007
   9.0382
   8.9715
   8.9016
   8.8400
   8.7796
   8.7289
   8.6788
   8.6363
   8.5927
   8.5533
   8.5152
   8.4674
   8.4194
   8.3588
   8.2951
   8.2254
   8.1563
   8.0782
   7.9973
   7.9197
   7.8360
   7.7353
   7.6047
   7.4676
   7.3344
   7.2030
   7.0696
   6.9370
   6.7989
   6.6598
   6.5245
   6.3897
   6.2565
   6.1171
   5.9808
   5.8456
   5.7113
   5.5835
   5.4560
   5.3266
   5.1888
   5.0455
   4.8979
   4.7491
   4.6012
   4.4544
   4.3086
   4.1596
   4.0080
   3.8570
   3.7012
   3.5367
   3.3701
   3.2099
   3.0541
   2.8990
   2.7467
   2.5981
   2.4470
   2.2920
   2.1348
   1.9802
   1.8250
   1.6741
   1.5185
   1.3650
   1.2120
   1.0639
   0.9157
   0.7686
   0.6263
   0.4866
   0.3440
   0.1954
   0.0434
  -0.1152
  -0.2765
  -0.4406
  -0.6083
  -0.7742
  -0.9373
  -1.1012
  -1.2680
  -1.4321
  -1.5960
  -1.7636
  -1.9389
  -2.1189
  -2.2871
  -2.4531
  -2.6105
  -2.7587
  -2.8962
  -3.0335
  -3.1673
  -3.2988
  -3.4151
  -3.5206
  -3.6212
  -3.7157
  -3.8159
  -3.9073
  -4.0013
  -4.0995
  -4.2023
  -4.3049
  -4.4069
  -4.5045
  -4.6026
  -4.6978
  -4.7908
  -4.8772
  -4.9571
  -5.0289
  -5.1011
  -5.1739
  -5.2464
  -5.3184
  -5.3870
  -5.4529
  -5.5159
  -5.5724
  -5.6288
  -5.6820
  -5.7351
  -5.7842
  -5.8355
  -5.8891
  -5.9460
  -6.0101
  -6.0763
  -6.1467
  -6.2193
  -6.2864
  -6.3466
  -6.4024
  -6.4510
  -6.4968
  -6.5381
  -6.5748
  -6.6131
  -6.6520
  -6.6919
  -6.7279
  -6.7630
  -6.7988
  -6.8343
  -6.8622
  -6.8865
  -6.9255
  -6.9673
  -7.0134
  -7.0687
  -7.1305
  -7.1930
  -7.2582
  -7.3217
  -7.3932
  -7.4732
  -7.5538
  -7.6344
  -7.7037
  -7.7719
  -7.8315
  -7.8805
  -7.9257
  -7.9802
  -8.0418
  -8.1132
  -8.1845
  -8.2603
  -8.3416
  -8.4305
  -8.5265
  -8.6301
  -8.7396
  -8.8514
  -8.9573
  -9.0637
  -9.1692
  -9.2731
  -9.3797
  -9.4857
  -9.5880
  -9.6893
  -9.7906
  -9.8919
  -9.9894
 -10.0825
 -10.1668
 -10.2344
 -10.2905
 -10.3439
 -10.2643
 -10.1890
 -10.1151
 -10.0402
  -9.9685
  -9.9012
  -9.8376
  -9.7772
  -9.7167
  -9.6600
  -9.6012
  -9.5434
  -9.4887
  -9.4308
  -9.3705
  -9.3118
  -9.2541
  -9.1952
  -9.1328
  -9.0736
  -9.0136
  -8.9509
  -8.8868
  -8.8195
  -8.7531
  -8.6923
  -8.6319
  -8.5768
  -8.5255
  -8.4795
