  -8.6885
  -8.6727
  -8.6608
  -8.6516
  -8.6368
  -8.6204
  -8.6020
  -8.5823
  -8.5619
  -8.5390
  -8.5121
  -8.4781
  -8.4404
  -8.3991
  -8.3547
  -8.3106
  -8.2632
  -8.2179
  -8.1759
  -8.1300
  -8.0814
  -8.0307
  -7.9800
  -7.9269
  -7.8714
  -7.8142
  -7.7562
  -7.7000
  -7.6501
  -7.6065
  -7.5646
  -7.6184
  -7.6676
  -7.7153
  -7.7614
  -7.8052
  -7.8426
  -7.8757
  -7.9008
  -7.9214
  -7.9363
  -7.9445
  -7.9450
  -7.9395
  -7.9278
  -7.9132
  -7.8930
  -7.8666
  -7.8390
  -7.8111
  -7.7836
  -7.7511
  -7.7206
  -7.6878
  -7.6545
  -7.6190
  -7.5767
  -7.5332
  -7.4893
  -7.4437
  -7.3959
  -7.3445
  -7.2959
  -7.2415
  -7.1812
  -7.1181
  -7.0530
  -6.9844
  -6.9148
  -6.8459
  -6.7784
  -6.7115
  -6.6471
  -6.5837
  -6.5195
  -6.4550
  -6.3915
  -6.3288
  -6.2648
  -6.1983
  -6.1321
  -6.0667
  -6.0016
  -5.9359
  -5.8730
  -5.8113
  -5.7502
  -5.6903
  -5.6318
  -5.5753
  -5.5199
  -5.4644
  -5.4092
  -5.3566
  -5.3042
  -5.2527
  -5.2005
  -5.1494
  -5.1003
  -5.0555
  -5.0123
  -4.9698
  -4.9312
  -4.8932
  -4.8557
  -4.8218
  -4.7877
  -4.7566
  -4.7267
  -4.6961
  -4.6645
  -4.6315
  -4.6046
  -4.5768
  -4.5520
  -4.5269
  -4.5022
  -4.4787
  -4.4568
  -4.4341
  -4.4135
  -4.3912
  -4.3682
  -4.3424
  -4.3173
  -4.2931
  -4.2700
  -4.2496
  -4.2280
  -4.2088
  -4.1872
  -4.1642
  -4.1411
  -4.1192
  -4.0981
  -4.0767
  -4.0545
  -4.0321
  -4.0095
  -3.9853
  -3.9603
  -3.9343
  -3.9099
  -3.8869
  -3.8646
  -3.8423
  -3.8203
  -3.7999
  -3.7794
  -3.7617
  -3.7422
  -3.7204
  -3.6989
  -3.6798
  -3.6556
  -3.6307
  -3.6084
  -3.5891
  -3.5720
  -3.5546
  -3.5393
  -3.5245
  -3.5116
  -3.5005
  -3.4920
  -3.4863
  -3.4820
  -3.4796
  -3.4764
  -3.4758
  -3.4782
  -3.4822
  -3.4862
  -3.4902
  -3.4949
  -3.5013
  -3.5077
  -3.5173
  -3.5281
  -3.5395
  -3.5532
  -3.5685
  -3.5948
  -3.6409
  -3.7262
  -3.8421
  -3.9578
  -4.0723
  -4.1840
  -4.2955
  -4.4048
  -4.5160
  -4.6239
  -4.7306
  -4.8349
  -4.9370
  -5.0389
  -5.1411
  -5.2432
  -5.3459
  -5.4499
  -5.5558
  -5.6660
  -5.7781
  -5.8929
  -6.0080
  -6.1222
  -6.2369
  -6.3499
  -6.4589
  -6.5649
  -6.6721
  -6.7843
  -6.8941
  -7.0005
  -7.1101
  -7.2204
  -7.3305
  -7.4334
  -7.5352
  -7.6334
  -7.7282
  -7.8203
  -7.9085
  -7.9937
  -8.0778
  -8.1589
  -8.2355
  -8.3104
  -8.3842
  -8.4563
  -8.5264
  -8.5971
  -8.6742
  -8.7493
  -8.8216
  -8.8960
  -8.9696
  -9.0424
  -9.1117
  -9.1817
  -9.2511
  -9.3132
  -9.3635
  -9.3955
  -9.3848
  -9.3419
  -9.2952
  -9.2455
  -9.1976
  -9.1482
  -9.1010
  -9.0528
  -9.0066
  -8.9590
  -8.9098
  -8.8591
  -8.8120
  -8.7652
  -8.7198
  -8.6767
  -8.6337
  -8.5918
  -8.5502
  -8.5105
  -8.4737
  -8.4414
  -8.4144
  -8.3907
  -8.3724
  -8.3605
  -8.3510
  -8.3450
  -8.3397
  -8.3419
  -8.3519
  -8.3686
  -8.3859
  -8.4039
  -8.4275
  -8.4530
  -8.4830
  -8.5156
  -8.5542
  -8.5972
  -8.6423
  -8.6908
  -8.7443
  -8.8054
  -8.8722
  -8.9432
  -9.0182
  -9.0938
  -9.1696
  -9.2418
  -9.3185
  -9.3957
  -9.4717
  -9.5489
  -9.6253
  -9.7046
  -9.7810
  -9.8567
  -9.9386
 -10.0246
 -10.1101
 -10.1970
 -10.2859
 -10.3753
 -10.4670
 -10.5557
 -10.6452
 -10.7304
 -10.8166
 -10.9035
 -10.9924
 -11.0845
 -11.1775
 -11.2687
 -11.3595
 -11.4488
 -11.5377
 -11.6291
 -11.7209
 -11.8113
 -11.9023
 -11.9895
 -12.0702
 -12.1397
 -12.2024
 -12.2546
 -12.3060
 -12.3547
 -12.3972
 -12.4338
 -12.4616
 -12.4791
 -12.4876
 -12.4924
 -12.4941
 -12.4944
 -12.4907
 -12.4847
 -12.4774
 -12.4655
 -12.4531
 -12.4393
 -12.4230
 -12.4067
 -12.3899
 -12.3721
 -12.3558
 -12.3388
 -12.3238
 -12.3111
 -12.2938
 -12.2662
 -12.2412
 -12.2143
 -12.1797
 -12.1334
 -12.0858
 -12.0358
 -11.9793
 -11.9180
 -11.8460
 -11.7661
 -11.6792
 -11.5829
 -11.4812
 -11.3712
 -11.2556
 -11.1300
 -11.0030
 -10.8697
 -10.7333
 -10.5949
 -10.4498
 -10.3010
 -10.1553
 -10.0105
  -9.8647
  -9.7157
  -9.5646
  -9.4154
  -9.2670
  -9.1083
  -8.9471
  -8.7881
  -8.6336
  -8.4827
  -8.3295
  -8.1726
  -8.0140
  -7.8596
  -7.7054
  -7.5549
  -7.4051
  -7.2600
  -7.1172
  -6.9742
  -6.8279
  -6.6798
  -6.5323
  -6.3808
  -6.2308
  -6.0828
  -5.9350
  -5.7896
  -5.6389
  -5.4845
  -5.3271
  -5.1632
  -4.9953
  -4.8207
  -4.6409
  -4.4661
  -4.2927
  -4.1165
  -3.9440
  -3.7791
  -3.6162
  -3.4535
  -3.2916
  -3.1279
  -2.9603
  -2.7986
  -2.6409
  -2.4940
  -2.3556
  -2.2255
  -2.1030
  -1.9910
  -1.8904
  -1.7958
  -1.7084
  -1.6250
  -1.5384
  -1.4610
  -1.3894
  -1.3136
  -1.2360
  -1.1613
  -1.0850
  -1.0098
  -0.9287
  -0.8446
  -0.7666
  -0.6925
  -0.6226
  -0.5584
  -0.4971
  -0.4512
  -0.4111
  -0.3791
  -0.3515
  -0.3326
  -0.3153
  -0.3073
  -0.3029
  -0.3056
  -0.3140
  -0.3294
  -0.3488
  -0.3703
  -0.3994
  -0.4325
  -0.4662
  -0.5027
  -0.5400
  -0.5801
  -0.6242
  -0.6717
  -0.7258
  -0.7865
  -0.8547
  -0.9274
  -1.0015
  -1.0862
  -1.1780
  -1.2700
  -1.3664
  -1.4730
  -1.5836
  -1.6979
  -1.8199
  -1.9505
  -2.0866
  -2.2273
  -2.3677
  -2.5112
  -2.6531
  -2.7983
  -2.9402
  -3.0830
  -3.2253
  -3.3642
  -3.5016
  -3.6458
  -3.7874
  -3.9283
  -4.0703
  -4.2147
  -4.3593
  -4.5116
  -4.6646
  -4.8214
  -4.9804
  -5.1404
  -5.2976
  -5.4520
  -5.6030
  -5.7527
  -5.8965
  -6.0357
  -6.1709
  -6.3011
  -6.4251
  -6.5460
  -6.6597
  -6.7663
  -6.8657
  -6.9596
  -7.0489
  -7.1363
  -7.2199
  -7.2995
  -7.3770
  -7.4505
  -7.5223
  -7.5925
  -7.6627
  -7.7300
  -7.7948
  -7.8543
  -7.9066
  -7.9545
  -8.0000
  -8.0400
  -8.0738
  -8.1021
  -8.1285
  -8.1529
  -8.1751
  -8.1957
  -8.2149
  -8.2348
  -8.2535
  -8.2699
  -8.2883
  -8.3041
  -8.3200
  -8.3365
  -8.3521
  -8.3676
  -8.3827
  -8.3983
  -8.4186
  -8.4386
  -8.4581
  -8.4762
  -8.4956
  -8.5123
  -8.5269
  -8.5405
  -8.5508
  -8.5584
  -8.5642
  -8.5681
  -8.5682
  -8.5656
  -8.5594
  -8.5481
  -8.5294
  -8.5037
  -8.4765
  -8.4457
  -8.4158
  -8.3842
  -8.3531
  -8.3216
  -8.2879
  -8.2545
  -8.2211
  -8.1881
  -8.1546
  -8.1206
  -8.0878
  -8.0518
  -8.0168
  -7.9802
  -7.9437
  -7.9076
  -7.8710
  -7.8378
  -7.8105
  -7.7879
  -7.7690
  -7.7482
  -7.7288
  -7.7087
  -7.6861
  -7.6583
  -7.6290
  -7.5962
  -7.5595
  -7.5199
  -7.4754
  -7.4288
  -7.3764
  -7.3161
  -7.2535
  -7.1884
  -7.1234
  -7.0594
  -6.9973
  -6.9388
  -6.8817
  -6.8256
  -6.7748
  -6.7269
  -6.6829
  -6.6422
  -6.6059
  -6.5706
  -6.5335
  -6.4956
  -6.4591
  -6.4212
  -6.3830
  -6.3439
  -6.3048
  -6.2671
  -6.2327
  -6.2014
  -6.1754
  -6.1507
  -6.1275
  -6.1013
  -6.0759
  -6.0493
  -6.0229
  -5.9995
  -5.9800
  -5.9653
  -5.9529
  -5.9399
  -5.9298
  -5.9162
  -5.9010
  -5.8826
  -5.8614
  -5.8381
  -5.8141
  -5.7903
  -5.7629
  -5.7308
  -5.6966
  -5.6608
  -5.6261
  -5.5928
  -5.5619
  -5.5352
  -5.5105
  -5.4883
  -5.4737
  -5.4631
  -5.4555
  -5.4474
  -5.4388
  -5.4324
  -5.4303
  -5.4306
  -5.4339
  -5.4384
  -5.4415
  -5.4428
  -5.4389
  -5.4301
  -5.4159
  -5.3960
  -5.3695
  -5.3390
  -5.3037
  -5.2683
  -5.2313
  -5.1966
  -5.1629
  -5.1306
  -5.1030
  -5.0777
  -5.0580
  -5.0397
  -5.0218
  -5.0037
  -4.9853
  -4.9661
  -4.9449
  -4.9241
  -4.9048
  -4.8869
  -4.8679
  -4.8502
  -4.8292
  -4.8031
  -4.7701
  -4.7372
  -4.7033
  -4.6687
  -4.6349
  -4.6005
  -4.5659
  -4.5321
  -4.4968
  -4.4632
  -4.4262
  -4.3881
  -4.3520
  -4.3156
  -4.2779
  -4.2387
  -4.1982
  -4.1537
  -4.1053
  -4.0537
  -4.0003
  -3.9380
  -3.8747
  -3.8143
  -3.7660
  -3.7177
  -3.6725
  -3.6283
  -3.5819
  -3.5292
  -3.4703
  -3.4100
  -3.3460
  -3.2818
  -3.2116
  -3.1400
  -3.0635
  -2.9840
  -2.9012
  -2.8181
  -2.7296
  -2.6393
  -2.5436
  -2.4449
  -2.3445
  -2.2380
  -2.1248
  -2.0053
  -1.8857
  -1.7677
  -1.6519
  -1.5354
  -1.4186
  -1.3029
  -1.1842
  -1.0646
  -0.9400
  -0.8174
  -0.6917
  -0.5669
  -0.4394
  -0.3126
  -0.1840
  -0.0561
   0.0734
   0.2011
   0.3317
   0.4628
   0.5940
   0.7210
   0.8555
   0.9886
   1.1205
   1.2528
   1.3876
   1.5216
   1.6532
   1.7879
   1.9214
   2.0563
   2.1926
   2.3295
   2.4646
   2.6011
   2.7444
   2.9020
   3.0609
   3.2215
   3.3817
   3.5442
   3.7032
   3.8578
   4.0123
   4.1642
   4.3180
   4.4619
   4.6062
   4.7463
   4.8811
   5.0119
   5.1419
   5.2718
   5.4022
   5.5309
   5.6603
   5.7929
   5.9231
   6.0494
   6.1734
   6.2937
   6.4179
   6.5411
   6.6626
   6.7847
   6.9078
   7.0319
   7.1580
   7.2836
   7.4091
   7.5354
   7.6616
   7.7883
   7.9140
   8.0418
   8.1671
   8.2937
   8.4225
   8.5490
   8.6719
   8.7938
   8.9160
   9.0328
   9.1485
   9.2650
   9.3824
   9.4995
   9.6186
   9.7411
   9.8630
   9.9838
  10.1012
  10.2160
  10.3298
  10.4448
  10.5586
  10.6700
  10.7777
  10.8842
  10.9901
  11.0985
  11.2053
  11.3150
  11.4253
  11.5379
  11.6525
  11.7660
  11.8842
  12.0011
  12.1173
  12.2342
  12.3533
  12.4736
  12.5943
  12.7113
  12.8284
  12.9445
  13.0600
  13.1756
  13.2931
  13.4100
  13.5311
  13.6514
  13.7751
  13.9001
  14.0258
  14.1497
  14.2726
  14.3954
  14.5196
  14.6486
  14.7786
  14.9110
  15.0424
  15.1762
  15.3113
  15.4490
  15.5863
  15.7263
  15.8663
  16.0080
  16.1520
  16.3005
  16.4519
  16.6056
  16.7632
  16.9218
  17.0814
  17.2408
  17.3991
  17.5574
  17.7145
  17.8736
  18.0323
  18.1937
  18.3533
  18.5155
  18.6780
  18.8410
  19.0027
  19.1685
  19.3316
  19.4944
  19.6557
  19.8189
  19.9802
  20.1445
  20.3082
  20.4709
  20.6334
  20.7944
  20.9554
  21.1147
  21.2726
  21.4237
  21.5710
  21.7123
  21.8525
  21.9907
  22.1297
  22.2634
  22.3968
  22.5303
  22.6626
  22.7941
  22.9255
  23.0562
  23.1886
  23.3200
  23.4496
  23.5788
  23.7089
  23.8392
  23.9712
  24.1048
  24.2342
  24.3572
  24.4779
  24.5966
  24.7105
  24.8230
  24.9378
  25.0550
  25.1712
  25.2889
  25.4063
  25.5225
  25.6416
  25.7590
  25.8768
  25.9959
  26.1158
  26.2381
  26.3598
  26.4805
  26.5976
  26.7102
  26.8168
  26.9172
  27.0170
  27.1169
  27.2147
  27.3186
  27.4235
  27.5300
  27.6405
  27.7577
  27.8755
  27.9982
  28.1237
  28.2517
  28.3831
  28.5150
  28.6488
  28.7838
  28.9200
  29.0576
  29.1939
  29.3205
  29.4415
  29.5570
  29.6716
  29.7825
  29.8836
  29.9855
  30.0843
  30.1759
  30.2571
  30.3298
  30.3940
  30.4563
  30.5155
  30.5698
  30.6166
  30.6535
  30.6805
  30.7088
  30.7354
  30.7595
  30.7832
  30.8081
  30.8278
  30.8403
  30.8456
  30.8496
  30.8504
  30.8479
  30.8417
  30.8291
  30.8102
  30.7832
  30.7500
  30.7076
  30.6631
  30.6156
  30.5632
  30.5115
  30.4637
  30.4207
  30.3801
  30.3341
  30.2822
  30.2228
  30.1541
  30.0749
  29.9873
  29.8872
  29.7777
  29.6604
  29.5362
  29.4073
  29.2722
  29.1305
  28.9826
  28.8275
  28.6652
  28.5002
  28.3336
  28.1699
  28.0129
  27.8550
  27.6974
  27.5381
  27.3786
  27.2252
  27.0660
  26.9066
  26.7498
  26.6017
  26.4603
  26.3260
  26.1892
  26.0456
  25.8951
  25.7423
  25.5886
  25.4330
  25.2724
  25.1097
  24.9445
  24.7766
  24.6034
  24.4280
  24.2504
  24.0666
  23.8805
  23.6915
  23.5018
  23.3115
  23.1212
  22.9358
  22.7576
  22.5843
  22.4197
  22.2554
  22.0933
  21.9349
  21.7777
  21.6152
  21.4478
  21.2802
  21.1111
  20.9461
  20.7842
  20.6243
  20.4675
  20.3160
  20.1687
  20.0200
  19.8714
  19.7231
  19.5740
  19.4242
  19.2768
  19.1333
  18.9916
  18.8548
  18.7232
  18.5966
  18.4714
  18.3426
  18.2135
  18.0837
  17.9562
  17.8269
  17.6969
  17.5649
  17.4342
  17.3018
  17.1664
  17.0334
  16.9029
  16.7754
  16.6499
  16.5261
  16.3984
  16.2649
  16.1360
  16.0046
  15.8795
  15.7610
  15.6440
  15.5347
  15.4324
  15.3397
  15.2568
  15.1778
  15.0992
  15.0135
  14.9235
  14.8285
  14.7226
  14.6075
  14.4845
  14.3602
  14.2388
  14.1200
  14.0049
  13.8895
  13.7774
  13.6679
  13.5591
  13.4539
  13.3501
  13.2457
  13.1334
  13.0189
  12.8909
  12.7564
  12.6173
  12.4783
  12.3324
  12.1843
  12.0467
  11.9097
  11.7827
  11.6613
  11.5451
  11.4270
  11.3136
  11.2019
  11.0896
  10.9857
  10.8995
  10.8378
  10.7832
  10.7284
  10.6770
  10.6290
  10.5860
  10.5490
  10.5086
  10.4614
  10.4086
  10.3578
  10.3139
  10.2719
  10.2338
  10.1956
  10.1574
  10.1166
  10.0742
  10.0311
   9.9819
   9.9284
   9.8695
   9.8065
   9.7420
   9.6763
   9.6207
   9.5723
   9.5298
   9.4981
   9.4763
   9.4581
   9.4329
   9.3979
   9.3538
   9.3018
   9.2432
   9.1848
   9.1277
   9.0667
   9.0015
   8.9328
   8.8614
   8.7982
   8.7368
   8.6851
   8.6337
   8.5898
   8.5450
   8.5040
   8.4644
   8.4163
   8.3688
   8.3104
   8.2493
   8.1823
   8.1160
   8.0412
   7.9638
   7.8897
   7.8107
   7.7164
   7.5946
   7.4667
   7.3423
   7.2192
   7.0941
   6.9694
   6.8389
   6.7079
   6.5805
   6.4537
   6.3282
   6.1978
   6.0703
   5.9431
   5.8169
   5.6967
   5.5760
   5.4527
   5.3202
   5.1821
   5.0400
   4.8963
   4.7532
   4.6111
   4.4697
   4.3250
   4.1783
   4.0326
   3.8824
   3.7236
   3.5628
   3.4083
   3.2580
   3.1077
   2.9596
   2.8152
   2.6675
   2.5154
   2.3607
   2.2087
   2.0559
   1.9071
   1.7527
   1.5996
   1.4471
   1.2996
   1.1517
   1.0044
   0.8618
   0.7215
   0.5775
   0.4273
   0.2738
   0.1131
  -0.0499
  -0.2161
  -0.3869
  -0.5558
  -0.7217
  -0.8889
  -1.0597
  -1.2276
  -1.3949
  -1.5658
  -1.7436
  -1.9257
  -2.0966
  -2.2653
  -2.4260
  -2.5782
  -2.7203
  -2.8616
  -3.0004
  -3.1368
  -3.2585
  -3.3697
  -3.4762
  -3.5762
  -3.6808
  -3.7765
  -3.8742
  -3.9753
  -4.0793
  -4.1830
  -4.2854
  -4.3830
  -4.4811
  -4.5761
  -4.6680
  -4.7538
  -4.8330
  -4.9044
  -4.9757
  -5.0475
  -5.1182
  -5.1880
  -5.2542
  -5.3175
  -5.3778
  -5.4312
  -5.4844
  -5.5343
  -5.5841
  -5.6291
  -5.6761
  -5.7259
  -5.7794
  -5.8401
  -5.9028
  -5.9691
  -6.0374
  -6.1001
  -6.1566
  -6.2088
  -6.2531
  -6.2946
  -6.3308
  -6.3611
  -6.3932
  -6.4259
  -6.4592
  -6.4886
  -6.5177
  -6.5480
  -6.5788
  -6.6026
  -6.6237
  -6.6592
  -6.6980
  -6.7410
  -6.7929
  -6.8511
  -6.9102
  -6.9719
  -7.0317
  -7.0987
  -7.1737
  -7.2486
  -7.3239
  -7.3887
  -7.4521
  -7.5077
  -7.5537
  -7.5965
  -7.6478
  -7.7064
  -7.7746
  -7.8424
  -7.9151
  -7.9936
  -8.0795
  -8.1720
  -8.2717
  -8.3773
  -8.4849
  -8.5873
  -8.6903
  -8.7927
  -8.8938
  -8.9972
  -9.0999
  -9.1997
  -9.2988
  -9.3979
  -9.4970
  -9.5921
  -9.6827
  -9.7648
  -9.8307
  -9.8857
  -9.9382
  -9.8753
  -9.8168
  -9.7599
  -9.7020
  -9.6475
  -9.5975
  -9.5514
  -9.5084
  -9.4656
  -9.4268
  -9.3861
  -9.3467
  -9.3104
  -9.2710
  -9.2292
  -9.1888
  -9.1492
  -9.1079
  -9.0630
  -9.0206
  -8.9772
  -8.9311
  -8.8832
  -8.8320
  -8.7820
  -8.7378
  -8.6944
  -8.6559
  -8.6207
  -8.5906
