  23.3106
  23.0249
  22.7383
  22.4489
  22.1582
  21.8696
  21.5822
  21.2946
  21.0086
  20.7298
  20.4557
  20.1816
  19.9030
  19.6249
  19.3440
  19.0608
  18.7799
  18.4947
  18.2115
  17.9270
  17.6425
  17.3628
  17.0875
  16.8165
  16.5495
  16.2838
  16.0242
  15.7659
  15.5051
  15.2404
  14.9728
  14.9005
  14.8389
  14.7834
  14.7357
  14.6956
  14.6626
  14.6369
  14.6153
  14.5946
  14.5749
  14.5516
  14.5284
  14.5026
  14.4788
  14.4543
  14.4288
  14.4036
  14.3783
  14.3528
  14.3257
  14.3003
  14.2727
  14.2476
  14.2227
  14.1993
  14.1772
  14.1554
  14.1368
  14.1179
  14.1019
  14.0857
  14.0705
  14.0591
  14.0475
  14.0371
  14.0305
  14.0297
  14.0274
  14.0230
  14.0201
  14.0184
  14.0119
  14.0130
  14.0137
  14.0142
  14.0176
  14.0176
  14.0176
  14.0158
  14.0155
  14.0108
  14.0040
  13.9973
  13.9873
  13.9750
  13.9595
  13.9406
  13.9172
  13.8921
  13.8667
  13.8440
  13.8199
  13.7947
  13.7740
  13.7548
  13.7371
  13.7183
  13.6980
  13.6769
  13.6543
  13.6323
  13.6063
  13.5803
  13.5542
  13.5268
  13.4973
  13.4687
  13.4401
  13.4102
  13.3788
  13.3458
  13.3144
  13.2864
  13.2587
  13.2371
  13.2127
  13.1930
  13.1735
  13.1556
  13.1393
  13.1261
  13.1144
  13.1012
  13.0853
  13.0693
  13.0564
  13.0407
  13.0205
  13.0066
  12.9960
  12.9809
  12.9614
  12.9524
  12.9387
  12.9189
  12.9021
  12.8824
  12.8611
  12.8426
  12.8221
  12.8017
  12.7856
  12.7728
  12.7568
  12.7439
  12.7352
  12.7267
  12.7169
  12.7162
  12.7199
  12.7237
  12.7232
  12.7210
  12.7217
  12.7159
  12.7055
  12.6920
  12.6782
  12.6627
  12.6514
  12.6446
  12.6408
  12.6399
  12.6405
  12.6423
  12.6423
  12.6409
  12.6397
  12.6399
  12.6432
  12.6512
  12.6635
  12.6757
  12.6893
  12.7026
  12.7111
  12.7238
  12.7333
  12.7427
  12.7492
  12.7541
  12.7591
  12.7612
  12.7637
  12.7689
  12.7742
  12.7780
  12.7850
  12.7873
  12.7856
  12.7789
  12.7713
  12.7656
  12.7493
  12.7318
  12.7175
  12.7032
  12.6918
  12.6817
  12.6687
  12.6636
  12.6568
  12.6502
  12.6419
  12.6382
  12.6345
  12.6309
  12.6285
  12.6471
  12.6520
  12.6556
  12.6592
  12.6611
  12.6600
  12.6618
  12.6640
  12.6692
  12.6777
  12.6907
  12.7071
  12.7235
  12.7383
  12.7545
  12.7738
  12.7870
  12.8035
  12.8217
  12.8410
  12.8607
  12.8819
  12.9060
  12.9208
  12.9402
  12.9611
  12.9806
  12.9956
  13.0107
  13.0302
  13.0466
  13.0629
  13.0760
  13.0967
  13.1143
  13.1319
  13.1567
  13.1775
  13.2042
  13.2297
  13.2553
  13.2876
  13.3196
  13.3555
  13.3903
  13.4256
  13.4620
  13.4953
  13.5346
  13.5666
  13.6017
  13.6366
  13.6746
  13.7077
  13.7382
  13.7630
  13.7813
  13.7925
  13.7977
  13.7967
  13.7931
  13.7701
  13.7561
  13.7402
  13.7288
  13.7204
  13.7185
  13.7118
  13.7054
  13.6971
  13.6843
  13.6666
  13.6454
  13.6212
  13.5954
  13.5652
  13.5334
  13.5046
  13.4760
  13.4469
  13.4196
  13.3935
  13.3673
  13.3399
  13.3241
  13.3099
  13.2974
  13.2908
  13.2932
  13.2987
  13.3025
  13.3095
  13.3198
  13.3346
  13.3425
  13.3507
  13.3617
  13.3669
  13.3718
  13.3724
  13.3760
  13.3766
  13.3795
  13.3868
  13.3949
  13.4091
  13.4251
  13.4458
  13.4736
  13.4967
  13.5270
  13.5496
  13.5691
  13.5857
  13.5949
  13.6022
  13.6089
  13.6177
  13.6290
  13.6419
  13.6567
  13.6746
  13.6921
  13.7069
  13.7236
  13.7376
  13.7518
  13.7658
  13.7802
  13.7940
  13.8127
  13.8357
  13.8608
  13.8877
  13.9146
  13.9417
  13.9704
  13.9978
  14.0266
  14.0535
  14.0857
  14.1204
  14.1585
  14.1966
  14.2332
  14.2671
  14.2952
  14.3200
  14.3373
  14.3486
  14.3600
  14.3704
  14.3805
  14.3891
  14.3993
  14.4106
  14.4233
  14.4356
  14.4485
  14.4596
  14.4707
  14.4801
  14.4909
  14.4972
  14.5006
  14.5011
  14.4989
  14.4971
  14.4955
  14.4897
  14.4840
  14.4769
  14.4714
  14.4704
  14.4708
  14.4772
  14.4884
  14.5072
  14.5318
  14.5595
  14.5929
  14.6306
  14.6696
  14.7118
  14.7554
  14.7974
  14.8377
  14.8749
  14.9104
  14.9458
  14.9828
  15.0182
  15.0519
  15.0841
  15.1163
  15.1502
  15.1838
  15.2177
  15.2518
  15.2876
  15.3238
  15.3583
  15.3919
  15.4239
  15.4559
  15.4882
  15.5204
  15.5527
  15.5850
  15.6204
  15.6554
  15.6889
  15.7204
  15.7553
  15.7897
  15.8224
  15.8531
  15.8822
  15.9118
  15.9407
  15.9700
  15.9990
  16.0263
  16.0550
  16.0835
  16.1121
  16.1408
  16.1727
  16.2060
  16.2409
  16.2770
  16.3147
  16.3553
  16.3975
  16.4382
  16.4762
  16.5141
  16.5487
  16.5836
  16.6155
  16.6490
  16.6826
  16.7148
  16.7440
  16.7702
  16.7949
  16.8209
  16.8468
  16.8728
  16.9002
  16.9292
  16.9579
  16.9866
  17.0154
  17.0455
  17.0740
  17.1025
  17.1311
  17.1581
  17.1879
  17.2189
  17.2479
  17.2749
  17.3002
  17.3238
  17.3456
  17.3671
  17.3858
  17.4044
  17.4186
  17.4300
  17.4399
  17.4501
  17.4601
  17.4684
  17.4751
  17.4819
  17.4904
  17.5003
  17.5118
  17.5248
  17.5394
  17.5540
  17.5685
  17.5800
  17.5917
  17.6034
  17.6150
  17.6251
  17.6338
  17.6395
  17.6468
  17.6540
  17.6584
  17.6626
  17.6699
  17.6786
  17.6890
  17.7025
  17.7158
  17.7306
  17.7422
  17.7462
  17.7439
  17.7387
  17.7302
  17.7186
  17.7040
  17.6866
  17.6706
  17.6532
  17.6345
  17.6161
  17.6007
  17.5856
  17.5706
  17.5588
  17.5454
  17.5321
  17.5157
  17.4947
  17.4693
  17.4426
  17.4146
  17.3850
  17.3555
  17.3277
  17.3001
  17.2739
  17.2492
  17.2276
  17.2077
  17.1896
  17.1715
  17.1540
  17.1338
  17.1140
  17.0943
  17.0748
  17.0538
  17.0312
  17.0073
  16.9832
  16.9624
  16.9418
  16.9228
  16.9056
  16.8873
  16.8705
  16.8522
  16.8324
  16.8144
  16.7949
  16.7756
  16.7578
  16.7416
  16.7253
  16.7119
  16.6985
  16.6867
  16.6721
  16.6574
  16.6429
  16.6330
  16.6260
  16.6223
  16.6219
  16.6259
  16.6301
  16.6374
  16.6445
  16.6532
  16.6632
  16.6749
  16.6849
  16.6963
  16.7093
  16.7221
  16.7379
  16.7568
  16.7847
  16.8188
  16.8592
  16.9055
  16.9565
  17.0108
  17.0652
  17.1162
  17.1599
  17.1931
  17.2127
  17.2201
  17.2200
  17.2153
  17.2092
  17.2092
  17.2166
  17.2346
  17.2618
  17.2951
  17.3345
  17.3785
  17.4222
  17.4674
  17.5094
  17.5497
  17.5855
  17.6183
  17.6493
  17.6789
  17.7115
  17.7442
  17.7786
  17.8149
  17.8513
  17.8864
  17.9202
  17.9511
  17.9820
  18.0144
  18.0437
  18.0744
  18.1035
  18.1328
  18.1621
  18.1947
  18.2271
  18.2609
  18.2948
  18.3300
  18.3636
  18.3986
  18.4333
  18.4650
  18.4949
  18.5236
  18.5465
  18.5665
  18.5821
  18.5918
  18.5996
  18.6027
  18.6027
  18.5934
  18.5735
  18.5505
  18.5321
  18.5119
  18.4921
  18.4810
  18.4816
  18.4976
  18.5285
  18.5700
  18.6189
  18.6694
  18.7139
  18.7521
  18.7828
  18.8055
  18.8218
  18.8333
  18.8418
  18.8520
  18.8596
  18.8688
  18.8810
  18.8965
  18.9136
  18.9325
  18.9514
  18.9707
  18.9884
  19.0030
  19.0158
  19.0285
  19.0393
  19.0484
  19.0557
  19.0599
  19.0642
  19.0732
  19.0836
  19.0973
  19.1158
  19.1388
  19.1631
  19.1900
  19.2184
  19.2451
  19.2746
  19.3070
  19.3380
  19.3735
  19.4105
  19.4490
  19.4885
  19.5342
  19.5781
  19.6220
  19.6676
  19.7120
  19.7552
  19.7956
  19.8409
  19.8924
  19.9426
  19.9855
  20.0285
  20.0732
  20.1173
  20.1664
  20.2108
  20.2476
  20.2796
  20.3082
  20.3366
  20.3600
  20.3698
  20.3737
  20.3733
  20.3747
  20.3750
  20.3759
  20.3754
  20.3721
  20.3643
  20.3570
  20.3512
  20.3503
  20.3523
  20.3530
  20.3463
  20.3381
  20.3284
  20.3188
  20.3093
  20.3063
  20.3068
  20.3107
  20.3166
  20.3259
  20.3401
  20.3684
  20.3967
  20.4174
  20.4339
  20.4615
  20.4960
  20.5354
  20.5783
  20.6188
  20.6521
  20.6840
  20.7224
  20.7689
  20.8112
  20.8510
  20.8864
  20.9284
  20.9752
  21.0282
  21.0860
  21.1454
  21.2047
  21.2655
  21.3294
  21.3964
  21.4634
  21.5303
  21.5989
  21.6692
  21.7367
  21.8089
  21.8860
  21.9636
  22.0416
  22.1211
  22.2071
  22.3098
  22.4187
  22.5309
  22.6397
  22.7532
  22.8645
  22.9804
  23.1052
  23.2392
  23.3744
  23.5123
  23.6515
  23.7889
  23.9303
  24.0742
  24.2182
  24.3651
  24.5120
  24.6618
  24.8100
  24.9578
  25.1101
  25.2637
  25.4137
  25.5574
  25.6890
  25.8218
  25.9590
  26.0992
  26.2271
  26.3502
  26.4688
  26.5899
  26.7106
  26.8405
  26.9744
  27.0990
  27.2189
  27.3447
  27.4687
  27.5940
  27.7188
  27.8464
  27.9782
  28.1159
  28.2547
  28.3982
  28.5412
  28.6810
  28.8204
  28.9612
  29.1064
  29.2471
  29.3817
  29.5164
  29.6525
  29.7934
  29.9387
  30.0873
  30.2298
  30.3675
  30.4992
  30.6274
  30.7631
  30.9049
  31.0452
  31.1841
  31.3184
  31.4511
  31.5805
  31.7084
  31.8332
  31.9519
  32.0705
  32.1820
  32.2950
  32.4125
  32.5284
  32.6429
  32.7526
  32.8636
  32.9764
  33.0890
  33.2021
  33.3154
  33.4289
  33.5408
  33.6496
  33.7580
  33.8628
  33.9654
  34.0644
  34.1615
  34.2539
  34.3467
  34.4378
  34.5280
  34.6197
  34.7101
  34.7991
  34.8900
  34.9810
  35.0707
  35.1555
  35.2325
  35.2986
  35.3599
  35.4145
  35.4612
  35.5045
  35.5474
  35.5962
  35.6450
  35.6984
  35.7606
  35.8225
  35.8825
  35.9408
  35.9987
  36.0563
  36.1183
  36.1878
  36.2692
  36.3600
  36.4434
  36.5254
  36.6054
  36.6903
  36.7768
  36.8650
  36.9532
  37.0423
  37.1254
  37.2049
  37.2766
  37.3463
  37.4006
  37.4482
  37.4971
  37.5507
  37.6154
  37.6846
  37.7428
  37.7907
  37.8322
  37.8814
  37.9318
  37.9777
  38.0172
  38.0557
  38.1025
  38.1759
  38.2638
  38.3692
  38.4947
  38.6402
  38.7978
  38.9626
  39.1255
  39.2863
  39.4454
  39.6045
  39.7562
  39.9019
  40.0418
  40.1773
  40.3162
  40.4649
  40.6298
  40.8029
  40.9868
  41.1727
  41.3544
  41.5315
  41.7053
  41.8762
  42.0455
  42.2069
  42.3679
  42.5089
  42.6284
  42.7417
  42.8446
  42.9220
  42.9781
  43.0310
  43.1114
  43.2258
  43.3611
  43.5130
  43.6693
  43.8149
  43.9578
  44.1187
  44.2860
  44.4612
  44.6459
  44.8484
  45.0528
  45.2419
  45.4290
  45.6295
  45.8257
  46.0359
  46.2579
  46.4859
  46.7017
  46.9116
  47.1213
  47.3343
  47.5454
  47.7437
  47.9082
  48.0553
  48.1818
  48.2866
  48.3693
  48.4364
  48.5005
  48.5631
  48.6228
  48.6825
  48.7467
  48.8225
  48.9071
  48.9961
  49.0852
  49.1821
  49.2921
  49.4096
  49.5422
  49.6829
  49.8304
  49.9771
  50.1187
  50.2524
  50.3732
  50.4833
  50.5890
  50.6847
  50.8008
  50.9451
  51.1083
  51.2853
  51.4819
  51.6891
  51.8960
  52.0691
  52.2052
  52.3153
  52.4072
  52.4836
  52.5633
  52.6414
  52.7106
  52.7815
  52.8465
  52.9037
  52.9462
  52.9876
  53.0566
  53.1475
  53.2323
  53.3124
  53.3812
  53.4332
  53.4865
  53.5537
  53.6326
  53.7193
  53.8106
  53.8868
  53.9769
  54.0796
  54.1930
  54.3203
  54.4538
  54.5953
  54.7416
  54.8915
  55.0552
  55.2314
  55.4058
  55.5758
  55.7428
  55.9038
  56.0618
  56.2225
  56.3721
  56.5033
  56.6216
  56.7336
  56.8389
  56.9416
  57.0474
  57.1639
  57.2912
  57.4215
  57.5564
  57.6989
  57.8501
  58.0012
  58.1413
  58.2708
  58.3944
  58.5073
  58.6138
  58.7177
  58.8156
  58.9155
  59.0173
  59.1255
  59.2526
  59.3966
  59.5516
  59.7099
  59.8715
  60.0447
  60.2249
  60.4188
  60.6174
  60.7946
  60.9358
  61.0554
  61.1775
  61.3104
  61.4582
  61.6028
  61.7361
  61.8634
  61.9954
  62.1288
  62.2617
  62.3711
  62.4631
  62.5395
  62.6034
  62.6469
  62.6860
  62.7250
  62.7648
  62.8049
  62.8469
  62.8950
  62.9459
  63.0004
  63.0536
  63.1104
  63.1643
  63.2184
  63.2667
  63.3048
  63.3307
  63.3474
  63.3647
  63.3779
  63.3826
  63.3849
  63.3923
  63.4020
  63.4136
  63.4271
  63.4389
  63.4549
  63.4669
  63.4800
  63.5035
  63.5362
  63.5748
  63.6213
  63.6647
  63.7063
  63.7383
  63.7532
  63.7482
  63.7250
  63.6849
  63.6296
  63.5609
  63.4821
  63.3985
  63.3147
  63.2371
  63.1692
  63.1045
  63.0371
  62.9639
  62.8849
  62.8058
  62.7259
  62.6447
  62.5574
  62.4644
  62.3841
  62.3115
  62.2425
  62.1749
  62.0999
  62.0412
  61.9842
  61.9287
  61.8647
  61.7880
  61.7005
  61.6063
  61.5076
  61.4019
  61.2946
  61.1817
  61.0680
  60.9527
  60.8344
  60.7161
  60.5954
  60.4738
  60.3432
  60.2113
  60.0806
  59.9480
  59.8093
  59.6671
  59.5195
  59.3659
  59.2063
  59.0371
  58.8670
  58.6907
  58.5080
  58.3219
  58.1332
  57.9427
  57.7537
  57.5634
  57.3736
  57.1845
  57.0014
  56.8242
  56.6529
  56.4905
  56.3336
  56.1822
  56.0350
  55.8874
  55.7395
  55.5884
  55.4330
  55.2747
  55.1106
  54.9425
  54.7689
  54.5876
  54.4034
  54.2228
  54.0534
  53.8969
  53.7532
  53.6204
  53.4914
  53.3656
  53.2333
  53.0900
  52.9361
  52.7743
  52.6076
  52.4392
  52.2743
  52.1154
  51.9631
  51.7995
  51.6227
  51.4374
  51.2463
  51.0584
  50.8720
  50.6850
  50.4947
  50.3055
  50.1177
  49.9362
  49.7609
  49.5914
  49.4231
  49.2551
  49.0884
  48.9213
  48.7578
  48.5955
  48.4335
  48.2689
  48.1035
  47.9378
  47.7707
  47.6003
  47.4283
  47.2574
  47.0905
  46.9219
  46.7560
  46.5917
  46.4230
  46.2519
  46.0798
  45.9035
  45.7246
  45.5441
  45.3638
  45.1864
  45.0074
  44.8311
  44.6588
  44.4890
  44.3265
  44.1602
  43.9840
  43.7993
  43.6034
  43.4008
  43.1979
  42.9961
  42.7968
  42.6020
  42.4162
  42.2425
  42.0827
  41.9325
  41.7852
  41.6367
  41.4854
  41.3279
  41.1859
  41.0604
  40.9423
  40.8284
  40.7139
  40.6006
  40.4920
  40.3862
  40.2789
  40.1698
  40.0577
  39.9412
  39.8219
  39.7030
  39.5859
  39.4641
  39.3407
  39.2156
  39.0901
  38.9626
  38.8426
  38.7237
  38.6075
  38.4925
  38.3785
  38.2657
  38.1508
  38.0324
  37.9168
  37.7977
  37.6754
  37.5532
  37.4309
  37.3087
  37.1866
  37.0738
  36.9798
  36.9074
  36.8475
  36.7985
  36.7527
  36.7054
  36.6551
  36.6001
  36.5449
  36.4899
  36.4363
  36.3934
  36.3566
  36.3214
  36.2864
  36.2533
  36.2170
  36.1762
  36.1247
  36.0624
  35.9876
  35.9036
  35.8131
  35.7175
  35.6220
  35.5264
  35.4324
  35.3432
  35.2589
  35.1793
  35.1001
  35.0177
  34.9339
  34.8518
  34.7714
  34.6847
  34.5949
  34.5097
  34.4324
  34.3595
  34.2945
  34.2371
  34.1844
  34.1366
  34.0923
  34.0479
  34.0054
  33.9585
  33.9090
  33.8583
  33.8066
  33.7583
  33.7088
  33.6597
  33.6171
  33.5839
  33.5582
  33.3398
  33.1134
  32.8838
  32.6385
  32.3698
  32.0764
  31.7659
  31.4447
  31.1220
  30.8009
  30.4909
  30.1872
  29.8897
  29.5935
  29.2975
  28.9936
  28.6837
  28.3706
  28.0575
  27.7446
  27.4348
  27.1265
  26.8218
  26.5172
  26.2156
  25.9188
  25.6283
  25.3395
  25.0539
  24.7651
