  -9.1706
  -9.4266
  -9.6767
  -9.9206
 -10.1624
 -10.4007
 -10.6344
 -10.8691
 -11.1041
 -11.3385
 -11.5749
 -11.8106
 -12.0434
 -12.2761
 -12.5131
 -12.7520
 -12.9921
 -13.2308
 -13.4700
 -13.7102
 -13.9507
 -14.1930
 -14.4372
 -14.6779
 -14.9189
 -15.1604
 -15.4038
 -15.6423
 -15.8745
 -16.1051
 -16.3316
 -16.3746
 -16.4130
 -16.4461
 -16.4738
 -16.5098
 -16.5289
 -16.5589
 -16.5680
 -16.5699
 -16.5648
 -16.5392
 -16.5082
 -16.4678
 -16.4132
 -16.3560
 -16.2866
 -16.2204
 -16.1545
 -16.0981
 -16.0483
 -16.0045
 -15.9617
 -15.9219
 -15.8806
 -15.8446
 -15.8147
 -15.7888
 -15.7688
 -15.7507
 -15.7343
 -15.7248
 -15.7140
 -15.6963
 -15.6798
 -15.6562
 -15.6308
 -15.6068
 -15.5818
 -15.5541
 -15.5271
 -15.4982
 -15.4692
 -15.4426
 -15.4178
 -15.3900
 -15.3609
 -15.3257
 -15.2918
 -15.2609
 -15.2340
 -15.2094
 -15.1886
 -15.1677
 -15.1550
 -15.1467
 -15.1413
 -15.1439
 -15.1504
 -15.1656
 -15.1837
 -15.2061
 -15.2298
 -15.2612
 -15.2981
 -15.3411
 -15.3755
 -15.4282
 -15.4702
 -15.5352
 -15.6084
 -15.6912
 -15.7916
 -15.8931
 -16.0032
 -16.1242
 -16.2375
 -16.3551
 -16.4642
 -16.5700
 -16.6803
 -16.7816
 -16.8733
 -16.9571
 -17.0316
 -17.1006
 -17.1560
 -17.1940
 -17.2252
 -17.2488
 -17.2674
 -17.2828
 -17.2926
 -17.2987
 -17.3084
 -17.3165
 -17.3285
 -17.3426
 -17.3543
 -17.3620
 -17.3684
 -17.3715
 -17.3735
 -17.3742
 -17.3706
 -17.3608
 -17.3469
 -17.3281
 -17.3120
 -17.2903
 -17.2630
 -17.2287
 -17.1888
 -17.1415
 -17.0906
 -17.0331
 -16.9676
 -16.8979
 -16.8202
 -16.7372
 -16.6430
 -16.5445
 -16.4387
 -16.3283
 -16.2097
 -16.0810
 -15.9474
 -15.8097
 -15.6671
 -15.5202
 -15.3710
 -15.2191
 -15.0603
 -14.8992
 -14.7397
 -14.5756
 -14.4105
 -14.2497
 -14.0899
 -13.9275
 -13.7628
 -13.5828
 -13.4011
 -13.2205
 -13.0402
 -12.8635
 -12.6908
 -12.5245
 -12.3675
 -12.2104
 -12.0544
 -11.8980
 -11.7404
 -11.5827
 -11.4254
 -11.2685
 -11.1138
 -10.9693
 -10.8241
 -10.6819
 -10.5444
 -10.4084
 -10.2771
 -10.1484
 -10.0208
  -9.8952
  -9.7742
  -9.6585
  -9.5498
  -9.4434
  -9.3412
  -9.2420
  -9.1469
  -9.0566
  -8.9697
  -8.8851
  -8.8018
  -8.7213
  -8.6420
  -8.5640
  -8.4874
  -8.4124
  -8.3364
  -8.2611
  -8.1877
  -8.1152
  -8.0496
  -7.9870
  -7.9266
  -7.8696
  -7.8140
  -7.7606
  -7.7076
  -7.6562
  -7.6061
  -7.5578
  -7.5133
  -7.4718
  -7.4316
  -7.3925
  -7.3560
  -7.3214
  -7.2925
  -7.2665
  -7.2448
  -7.2268
  -7.2097
  -7.1940
  -7.1799
  -7.1675
  -7.1577
  -7.1466
  -7.1377
  -7.1302
  -7.1246
  -7.1197
  -7.1174
  -7.1141
  -7.1017
  -7.0925
  -7.0837
  -7.0755
  -7.0660
  -7.0559
  -7.0458
  -7.0353
  -7.0268
  -7.0156
  -7.0029
  -6.9901
  -6.9786
  -6.9671
  -6.9560
  -6.9471
  -6.9396
  -6.9343
  -6.9310
  -6.9293
  -6.9276
  -6.9260
  -6.9243
  -6.9263
  -6.9318
  -6.9381
  -6.9460
  -6.9504
  -6.9415
  -6.9327
  -6.9235
  -6.9173
  -6.9092
  -6.9020
  -6.8951
  -6.8872
  -6.8830
  -6.8801
  -6.8769
  -6.8729
  -6.8677
  -6.8645
  -6.8642
  -6.8652
  -6.8655
  -6.8646
  -6.8639
  -6.8623
  -6.8606
  -6.8603
  -6.8600
  -6.8571
  -6.8528
  -6.8495
  -6.8452
  -6.8360
  -6.8252
  -6.8127
  -6.7970
  -6.7789
  -6.7595
  -6.7382
  -6.7136
  -6.6857
  -6.6548
  -6.6236
  -6.5912
  -6.5561
  -6.5193
  -6.4802
  -6.4432
  -6.4060
  -6.3656
  -6.3200
  -6.2714
  -6.2237
  -6.1754
  -6.1255
  -6.0762
  -6.0266
  -5.9747
  -5.9248
  -5.8779
  -5.8306
  -5.7810
  -5.7304
  -5.6808
  -5.6306
  -5.5865
  -5.5586
  -5.5327
  -5.5084
  -5.4827
  -5.4568
  -5.4328
  -5.4088
  -5.3897
  -5.3713
  -5.3541
  -5.3367
  -5.3202
  -5.3044
  -5.2887
  -5.2726
  -5.2555
  -5.2400
  -5.2233
  -5.2075
  -5.1930
  -5.1799
  -5.1651
  -5.1500
  -5.1371
  -5.1253
  -5.1109
  -5.1000
  -5.0937
  -5.0878
  -5.0816
  -5.0773
  -5.0737
  -5.0723
  -5.0733
  -5.0740
  -5.0766
  -5.0789
  -5.0845
  -5.0900
  -5.0969
  -5.1077
  -5.1169
  -5.1250
  -5.1349
  -5.1480
  -5.1677
  -5.1880
  -5.2093
  -5.2315
  -5.2552
  -5.2817
  -5.3075
  -5.3330
  -5.3586
  -5.3808
  -5.4018
  -5.4227
  -5.4404
  -5.4577
  -5.4822
  -5.5012
  -5.5182
  -5.5338
  -5.5452
  -5.5560
  -5.5677
  -5.5765
  -5.5829
  -5.5854
  -5.5860
  -5.5836
  -5.5786
  -5.5699
  -5.5659
  -5.5605
  -5.5499
  -5.5392
  -5.5237
  -5.5094
  -5.4932
  -5.4671
  -5.4359
  -5.4075
  -5.3732
  -5.3387
  -5.2992
  -5.2629
  -5.2247
  -5.1862
  -5.1453
  -5.1042
  -5.0637
  -5.0209
  -4.9794
  -4.9376
  -4.8964
  -4.8562
  -4.8193
  -4.7814
  -4.7435
  -4.7075
  -4.6677
  -4.6321
  -4.5978
  -4.5628
  -4.5272
  -4.4893
  -4.4550
  -4.4221
  -4.3874
  -4.3498
  -4.3063
  -4.2635
  -4.2229
  -4.1817
  -4.1438
  -4.1078
  -4.0718
  -4.0398
  -4.0068
  -3.9682
  -3.9316
  -3.8972
  -3.8603
  -3.8152
  -3.7776
  -3.7371
  -3.6953
  -3.6545
  -3.6139
  -3.5728
  -3.5326
  -3.4934
  -3.4588
  -3.4189
  -3.3823
  -3.3517
  -3.3174
  -3.2815
  -3.2440
  -3.1973
  -3.1585
  -3.1196
  -3.0733
  -3.0295
  -2.9845
  -2.9434
  -2.8964
  -2.8504
  -2.7986
  -2.7509
  -2.7046
  -2.6528
  -2.6046
  -2.5531
  -2.4996
  -2.4475
  -2.3950
  -2.3412
  -2.2878
  -2.2369
  -2.1867
  -2.1379
  -2.0877
  -2.0368
  -1.9903
  -1.9414
  -1.8925
  -1.8440
  -1.7948
  -1.7453
  -1.6994
  -1.6582
  -1.6175
  -1.5759
  -1.5330
  -1.4898
  -1.4453
  -1.4017
  -1.3588
  -1.3181
  -1.2788
  -1.2441
  -1.2090
  -1.1788
  -1.1614
  -1.1401
  -1.1233
  -1.1117
  -1.1025
  -1.0939
  -1.0862
  -1.0770
  -1.0710
  -1.0623
  -1.0557
  -1.0471
  -1.0385
  -1.0335
  -1.0360
  -1.0438
  -1.0651
  -1.0867
  -1.1125
  -1.1435
  -1.1792
  -1.2191
  -1.2600
  -1.3059
  -1.3534
  -1.4094
  -1.4660
  -1.5219
  -1.5851
  -1.6472
  -1.7129
  -1.7865
  -1.8643
  -1.9460
  -2.0297
  -2.1124
  -2.1912
  -2.2678
  -2.3433
  -2.4185
  -2.4915
  -2.5599
  -2.6299
  -2.6986
  -2.7617
  -2.8207
  -2.8786
  -2.9355
  -2.9917
  -3.0453
  -3.0995
  -3.1547
  -3.2096
  -3.2667
  -3.3225
  -3.3757
  -3.4260
  -3.4747
  -3.5181
  -3.5579
  -3.5955
  -3.6298
  -3.6585
  -3.6856
  -3.7114
  -3.7355
  -3.7593
  -3.7788
  -3.7987
  -3.8159
  -3.8364
  -3.8579
  -3.8799
  -3.9040
  -3.9290
  -3.9490
  -3.9642
  -3.9758
  -3.9873
  -3.9979
  -4.0082
  -4.0161
  -4.0208
  -4.0219
  -4.0171
  -4.0055
  -3.9853
  -3.9596
  -3.9284
  -3.8933
  -3.8565
  -3.8168
  -3.7732
  -3.7249
  -3.6708
  -3.6134
  -3.5583
  -3.5067
  -3.4571
  -3.4105
  -3.3651
  -3.3216
  -3.2779
  -3.2328
  -3.1874
  -3.1442
  -3.1007
  -3.0563
  -3.0083
  -2.9551
  -2.8983
  -2.8383
  -2.7766
  -2.7136
  -2.6481
  -2.5809
  -2.5150
  -2.4494
  -2.3829
  -2.3160
  -2.2511
  -2.1849
  -2.1183
  -2.0492
  -1.9794
  -1.9070
  -1.8324
  -1.7578
  -1.6851
  -1.6131
  -1.5448
  -1.4735
  -1.4029
  -1.3306
  -1.2561
  -1.1802
  -1.1067
  -1.0344
  -0.9631
  -0.8918
  -0.8202
  -0.7472
  -0.6743
  -0.6004
  -0.5287
  -0.4602
  -0.3966
  -0.3386
  -0.2858
  -0.2398
  -0.1980
  -0.1579
  -0.1198
  -0.0810
  -0.0425
  -0.0087
   0.0248
   0.0593
   0.0947
   0.1327
   0.1737
   0.2199
   0.2681
   0.3149
   0.3621
   0.4080
   0.4513
   0.4903
   0.5290
   0.5681
   0.6068
   0.6425
   0.6773
   0.7118
   0.7458
   0.7783
   0.8084
   0.8369
   0.8625
   0.8868
   0.9094
   0.9310
   0.9526
   0.9731
   0.9891
   1.0047
   1.0183
   1.0320
   1.0450
   1.0583
   1.0744
   1.0939
   1.1171
   1.1434
   1.1693
   1.1966
   1.2252
   1.2547
   1.2855
   1.3166
   1.3360
   1.3431
   1.3499
   1.3544
   1.3560
   1.3569
   1.3565
   1.3542
   1.3531
   1.3540
   1.3590
   1.3664
   1.3762
   1.3852
   1.3948
   1.4035
   1.4127
   1.4192
   1.4258
   1.4219
   1.4135
   1.4036
   1.3922
   1.3802
   1.3683
   1.3547
   1.3398
   1.3262
   1.3155
   1.3052
   1.2903
   1.2735
   1.2566
   1.2389
   1.2228
   1.2079
   1.1929
   1.1794
   1.1696
   1.1643
   1.1624
   1.1607
   1.1623
   1.1643
   1.1670
   1.1700
   1.1740
   1.1787
   1.1805
   1.1829
   1.1854
   1.1849
   1.1847
   1.1817
   1.1803
   1.1798
   1.1780
   1.1765
   1.1751
   1.1749
   1.1780
   1.1951
   1.2264
   1.2582
   1.2937
   1.3323
   1.3738
   1.4182
   1.4659
   1.5148
   1.5641
   1.6102
   1.6594
   1.7075
   1.7551
   1.8016
   1.8520
   1.9053
   1.9620
   2.0236
   2.1007
   2.1852
   2.2723
   2.3606
   2.4521
   2.5452
   2.6402
   2.7378
   2.8380
   2.9391
   3.0412
   3.1471
   3.2565
   3.3647
   3.4719
   3.5775
   3.6841
   3.7946
   3.9054
   4.0172
   4.1285
   4.2399
   4.3526
   4.4647
   4.5745
   4.6847
   4.7981
   4.9129
   5.0315
   5.1530
   5.2762
   5.3997
   5.5258
   5.6519
   5.7834
   5.9140
   6.0481
   6.1861
   6.3254
   6.4674
   6.6091
   6.7486
   6.8874
   7.0246
   7.1642
   7.3007
   7.4351
   7.5704
   7.7087
   7.8483
   7.9875
   8.1262
   8.2671
   8.4051
   8.5429
   8.6823
   8.8241
   8.9644
   9.1066
   9.2512
   9.3927
   9.5263
   9.6555
   9.7819
   9.9050
  10.0244
  10.1425
  10.2582
  10.3729
  10.4840
  10.5942
  10.7000
  10.8046
  10.9053
  11.0092
  11.1164
  11.2248
  11.3310
  11.4362
  11.5440
  11.6505
  11.7546
  11.8578
  11.9590
  12.0590
  12.1588
  12.2586
  12.3557
  12.4531
  12.5473
  12.6419
  12.7351
  12.8308
  12.9249
  13.0184
  13.1064
  13.1958
  13.2836
  13.3649
  13.4443
  13.5208
  13.5999
  13.6771
  13.7576
  13.8372
  13.9136
  13.9904
  14.0650
  14.1344
  14.2006
  14.2621
  14.3249
  14.3861
  14.4470
  14.5082
  14.5698
  14.6334
  14.6956
  14.7555
  14.8147
  14.8734
  14.9341
  15.0010
  15.0703
  15.1427
  15.2148
  15.2875
  15.3618
  15.4384
  15.5165
  15.5963
  15.6749
  15.7544
  15.8335
  15.9127
  15.9909
  16.0695
  16.1471
  16.2280
  16.3082
  16.3837
  16.4593
  16.5344
  16.6092
  16.6848
  16.7640
  16.8463
  16.9297
  17.0145
  17.0969
  17.1812
  17.2667
  17.3545
  17.4424
  17.5342
  17.6296
  17.7296
  17.8327
  17.9384
  18.0503
  18.1633
  18.2776
  18.3929
  18.5130
  18.6314
  18.7524
  18.8776
  19.0057
  19.1397
  19.2752
  19.4147
  19.5608
  19.7084
  19.8606
  20.0154
  20.1709
  20.3250
  20.4791
  20.6326
  20.7835
  20.9286
  21.0678
  21.2013
  21.3318
  21.4593
  21.5799
  21.6995
  21.8186
  21.9342
  22.0468
  22.1569
  22.2641
  22.3704
  22.4812
  22.5917
  22.7029
  22.8125
  22.9195
  23.0240
  23.1242
  23.2213
  23.3181
  23.4124
  23.5065
  23.5997
  23.6899
  23.7754
  23.8619
  23.9442
  24.0270
  24.1087
  24.1898
  24.2690
  24.3430
  24.4120
  24.4760
  24.5366
  24.5937
  24.6439
  24.6902
  24.7300
  24.7660
  24.7977
  24.8253
  24.8521
  24.8791
  24.9041
  24.9255
  24.9414
  24.9545
  24.9653
  24.9721
  24.9715
  24.9681
  24.9614
  24.9504
  24.9384
  24.9237
  24.9096
  24.8973
  24.8902
  24.8894
  24.8906
  24.8917
  24.8950
  24.8955
  24.8967
  24.8994
  24.8989
  24.8986
  24.8979
  24.9000
  24.9045
  24.9101
  24.9123
  24.9155
  24.9175
  24.9172
  24.9195
  24.9198
  24.9181
  24.9118
  24.9049
  24.8946
  24.8815
  24.8625
  24.8395
  24.8142
  24.7796
  24.7418
  24.6988
  24.6534
  24.6063
  24.5551
  24.5066
  24.4595
  24.4126
  24.3667
  24.3162
  24.2661
  24.2138
  24.1615
  24.1085
  24.0573
  24.0048
  23.9465
  23.8852
  23.8214
  23.7554
  23.6903
  23.6252
  23.5608
  23.4926
  23.4269
  23.3600
  23.2901
  23.2219
  23.1557
  23.0929
  23.0292
  22.9655
  22.9018
  22.8342
  22.7645
  22.6973
  22.6254
  22.5532
  22.4768
  22.3885
  22.3034
  22.2037
  22.1006
  21.9919
  21.8793
  21.7639
  21.6431
  21.5173
  21.3902
  21.2689
  21.1454
  21.0220
  20.9018
  20.7890
  20.6745
  20.5591
  20.4445
  20.3356
  20.2325
  20.1310
  20.0387
  19.9522
  19.8694
  19.7887
  19.7093
  19.6352
  19.5606
  19.4844
  19.4030
  19.3171
  19.2315
  19.1456
  19.0615
  18.9803
  18.9002
  18.8189
  18.7403
  18.6652
  18.5846
  18.5040
  18.4243
  18.3454
  18.2635
  18.1784
  18.0955
  18.0080
  17.9156
  17.8209
  17.7219
  17.6172
  17.5066
  17.3940
  17.2781
  17.1551
  17.0293
  16.9017
  16.7684
  16.6349
  16.5032
  16.3756
  16.2565
  16.1322
  16.0229
  15.9177
  15.8155
  15.7145
  15.6141
  15.5186
  15.4250
  15.3416
  15.2638
  15.1849
  15.1104
  15.0378
  14.9664
  14.9001
  14.8398
  14.7815
  14.7231
  14.6626
  14.6010
  14.5338
  14.4608
  14.3861
  14.3111
  14.2357
  14.1584
  14.0788
  13.9994
  13.9189
  13.8401
  13.7649
  13.6904
  13.6129
  13.5360
  13.4589
  13.3862
  13.3118
  13.2355
  13.1637
  13.0945
  13.0239
  12.9510
  12.8785
  12.8071
  12.7326
  12.6607
  12.5900
  12.5215
  12.4535
  12.3874
  12.3272
  12.2680
  12.2066
  12.1502
  12.0995
  12.0530
  12.0100
  11.9682
  11.9295
  11.8922
  11.8561
  11.8237
  11.7894
  11.7525
  11.7138
  11.6750
  11.6360
  11.5947
  11.5542
  11.5018
  11.4367
  11.3696
  11.2959
  11.2156
  11.1313
  11.0446
  10.9559
  10.8683
  10.7796
  10.6915
  10.6060
  10.5198
  10.4328
  10.3477
  10.2609
  10.1695
  10.0779
   9.9862
   9.8933
   9.8032
   9.7152
   9.6216
   9.5278
   9.4320
   9.3338
   9.2348
   9.1287
   9.0152
   8.8984
   8.7774
   8.6473
   8.5130
   8.3827
   8.2499
   8.1156
   7.9820
   7.8455
   7.7087
   7.5714
   7.4325
   7.2964
   7.1597
   7.0237
   6.8912
   6.7557
   6.6159
   6.4713
   6.3267
   6.1823
   6.0344
   5.8863
   5.7406
   5.5962
   5.4510
   5.3061
   5.1643
   5.0231
   4.8800
   4.7374
   4.5931
   4.4470
   4.2998
   4.1533
   4.0063
   3.8601
   3.7114
   3.5638
   3.4182
   3.2697
   3.1208
   2.9707
   2.8182
   2.6675
   2.5200
   2.3653
   2.2071
   2.0493
   1.8862
   1.7244
   1.5646
   1.4069
   1.2508
   1.0968
   0.9458
   0.8052
   0.6695
   0.5398
   0.4155
   0.2995
   0.1905
   0.0837
  -0.0201
  -0.1214
  -0.2286
  -0.3304
  -0.4292
  -0.5266
  -0.6227
  -0.7120
  -0.7961
  -0.8754
  -0.9565
  -1.0380
  -1.1203
  -1.2031
  -1.2842
  -1.3624
  -1.4373
  -1.5119
  -1.5882
  -1.6601
  -1.7307
  -1.8037
  -1.8804
  -1.9315
  -1.9376
  -1.9271
  -1.8984
  -1.8595
  -1.8172
  -1.7792
  -1.7491
  -1.7219
  -1.7018
  -1.6859
  -1.6743
  -1.6637
  -1.6572
  -1.6556
  -1.6509
  -1.6455
  -1.6386
  -1.6307
  -1.6191
  -1.6045
  -1.5822
  -1.5551
  -1.5301
  -1.5041
  -1.4844
  -1.4700
  -1.4582
  -1.4511
  -1.4445
  -1.4401
  -1.4429
  -1.4484
  -1.4561
  -1.4649
  -1.4770
  -1.4923
  -1.5027
  -1.5064
  -1.5067
  -1.5036
  -1.4998
  -1.4929
  -1.4842
  -1.4691
  -1.4560
  -1.4457
  -1.4361
  -1.4249
  -1.4107
  -1.3994
  -1.3913
  -1.3843
  -1.3814
  -1.5509
  -1.7213
  -1.8920
  -2.0664
  -2.2429
  -2.4191
  -2.5939
  -2.7897
  -3.0281
  -3.2856
  -3.5641
  -3.8508
  -4.1414
  -4.4262
  -4.7014
  -4.9728
  -5.2405
  -5.5025
  -5.7542
  -6.0018
  -6.2458
  -6.4885
  -6.7337
  -6.9801
  -7.2266
  -7.4721
  -7.7215
  -7.9723
  -8.2269
  -8.4821
