  -1.2408
  -1.5765
  -1.9102
  -2.2427
  -2.5754
  -2.9057
  -3.2337
  -3.5625
  -3.8905
  -4.2142
  -4.5368
  -4.8594
  -5.1833
  -5.5072
  -5.8345
  -6.1651
  -6.4964
  -6.8305
  -7.1645
  -7.5002
  -7.8367
  -8.1722
  -8.5066
  -8.8369
  -9.1653
  -9.4938
  -9.8203
 -10.1436
 -10.4658
 -10.7900
 -11.1136
 -11.1815
 -11.2401
 -11.2922
 -11.3368
 -11.3816
 -11.4120
 -11.4442
 -11.4623
 -11.4757
 -11.4844
 -11.4842
 -11.4818
 -11.4757
 -11.4612
 -11.4467
 -11.4263
 -11.4074
 -11.3877
 -11.3710
 -11.3583
 -11.3478
 -11.3389
 -11.3305
 -11.3221
 -11.3166
 -11.3140
 -11.3138
 -11.3148
 -11.3166
 -11.3174
 -11.3220
 -11.3249
 -11.3214
 -11.3187
 -11.3113
 -11.3004
 -11.2869
 -11.2734
 -11.2593
 -11.2450
 -11.2291
 -11.2159
 -11.1998
 -11.1852
 -11.1698
 -11.1511
 -11.1304
 -11.1104
 -11.0929
 -11.0767
 -11.0647
 -11.0558
 -11.0470
 -11.0444
 -11.0459
 -11.0507
 -11.0618
 -11.0779
 -11.0993
 -11.1223
 -11.1459
 -11.1711
 -11.2017
 -11.2328
 -11.2668
 -11.2953
 -11.3354
 -11.3703
 -11.4190
 -11.4731
 -11.5326
 -11.6054
 -11.6789
 -11.7570
 -11.8420
 -11.9234
 -12.0061
 -12.0843
 -12.1619
 -12.2349
 -12.3036
 -12.3659
 -12.4219
 -12.4726
 -12.5160
 -12.5550
 -12.5852
 -12.6117
 -12.6334
 -12.6520
 -12.6674
 -12.6787
 -12.6887
 -12.7027
 -12.7159
 -12.7296
 -12.7459
 -12.7633
 -12.7748
 -12.7839
 -12.7932
 -12.8044
 -12.8088
 -12.8134
 -12.8177
 -12.8180
 -12.8177
 -12.8198
 -12.8171
 -12.8122
 -12.8034
 -12.7890
 -12.7682
 -12.7469
 -12.7199
 -12.6858
 -12.6494
 -12.6092
 -12.5607
 -12.5035
 -12.4439
 -12.3832
 -12.3211
 -12.2542
 -12.1878
 -12.1210
 -12.0537
 -11.9833
 -11.9114
 -11.8354
 -11.7552
 -11.6695
 -11.5804
 -11.4913
 -11.3990
 -11.3067
 -11.2176
 -11.1293
 -11.0385
 -10.9452
 -10.8492
 -10.7506
 -10.6528
 -10.5541
 -10.4569
 -10.3646
 -10.2713
 -10.1811
 -10.0910
 -10.0033
  -9.9165
  -9.8290
  -9.7432
  -9.6582
  -9.5714
  -9.4854
  -9.4002
  -9.3133
  -9.2305
  -9.1526
  -9.0781
  -9.0068
  -8.9361
  -8.8722
  -8.8099
  -8.7489
  -8.6910
  -8.6351
  -8.5799
  -8.5287
  -8.4747
  -8.4238
  -8.3753
  -8.3299
  -8.2834
  -8.2377
  -8.1935
  -8.1492
  -8.0935
  -8.0464
  -8.0009
  -7.9546
  -7.9092
  -7.8663
  -7.8207
  -7.7766
  -7.7322
  -7.6877
  -7.6428
  -7.5970
  -7.5526
  -7.5092
  -7.4656
  -7.4211
  -7.3808
  -7.3411
  -7.3020
  -7.2628
  -7.2244
  -7.1866
  -7.1479
  -7.1174
  -7.0859
  -7.0558
  -7.0289
  -7.0053
  -6.9825
  -6.9579
  -6.9358
  -6.9152
  -6.8955
  -6.8723
  -6.8516
  -6.8317
  -6.8074
  -6.7872
  -6.7636
  -6.7408
  -6.7197
  -6.6950
  -6.6710
  -6.6446
  -6.6182
  -6.5917
  -6.5643
  -6.5404
  -6.5114
  -6.4860
  -6.4589
  -6.4325
  -6.4044
  -6.3789
  -6.3559
  -6.3371
  -6.3226
  -6.3132
  -6.3080
  -6.3063
  -6.3063
  -6.3176
  -6.3260
  -6.3376
  -6.3473
  -6.3569
  -6.3614
  -6.3608
  -6.3602
  -6.3605
  -6.3649
  -6.3704
  -6.3783
  -6.3880
  -6.3986
  -6.4141
  -6.4313
  -6.4466
  -6.4612
  -6.4751
  -6.4888
  -6.5032
  -6.5184
  -6.5344
  -6.5428
  -6.5502
  -6.5560
  -6.5583
  -6.5563
  -6.5524
  -6.5479
  -6.5409
  -6.5330
  -6.5216
  -6.5123
  -6.5022
  -6.4896
  -6.4789
  -6.4667
  -6.4563
  -6.4433
  -6.4306
  -6.4146
  -6.3944
  -6.3734
  -6.3481
  -6.3195
  -6.2876
  -6.2498
  -6.2153
  -6.1765
  -6.1397
  -6.1015
  -6.0635
  -6.0307
  -5.9986
  -5.9658
  -5.9329
  -5.8983
  -5.8620
  -5.8263
  -5.7905
  -5.7546
  -5.7190
  -5.6817
  -5.6462
  -5.6098
  -5.5766
  -5.5526
  -5.5294
  -5.5043
  -5.4759
  -5.4466
  -5.4172
  -5.3878
  -5.3607
  -5.3328
  -5.3065
  -5.2793
  -5.2546
  -5.2280
  -5.2005
  -5.1712
  -5.1411
  -5.1127
  -5.0853
  -5.0621
  -5.0415
  -5.0259
  -5.0130
  -5.0001
  -4.9896
  -4.9799
  -4.9695
  -4.9606
  -4.9531
  -4.9455
  -4.9379
  -4.9319
  -4.9275
  -4.9246
  -4.9242
  -4.9229
  -4.9249
  -4.9280
  -4.9343
  -4.9423
  -4.9511
  -4.9614
  -4.9735
  -4.9849
  -4.9979
  -5.0116
  -5.0257
  -5.0390
  -5.0489
  -5.0561
  -5.0598
  -5.0608
  -5.0593
  -5.0536
  -5.0453
  -5.0345
  -5.0213
  -5.0072
  -4.9924
  -4.9784
  -4.9709
  -4.9618
  -4.9521
  -4.9414
  -4.9300
  -4.9195
  -4.9115
  -4.9026
  -4.8921
  -4.8801
  -4.8673
  -4.8537
  -4.8377
  -4.8186
  -4.8027
  -4.7869
  -4.7680
  -4.7500
  -4.7288
  -4.7092
  -4.6880
  -4.6614
  -4.6299
  -4.6000
  -4.5671
  -4.5342
  -4.4965
  -4.4604
  -4.4236
  -4.3877
  -4.3502
  -4.3128
  -4.2754
  -4.2364
  -4.1982
  -4.1601
  -4.1211
  -4.0828
  -4.0469
  -4.0109
  -3.9733
  -3.9364
  -3.8978
  -3.8607
  -3.8243
  -3.7862
  -3.7472
  -3.7083
  -3.6734
  -3.6400
  -3.6084
  -3.5753
  -3.5415
  -3.5077
  -3.4754
  -3.4432
  -3.4142
  -3.3878
  -3.3622
  -3.3374
  -3.3117
  -3.2821
  -3.2517
  -3.2212
  -3.1883
  -3.1492
  -3.1140
  -3.0748
  -3.0349
  -2.9951
  -2.9552
  -2.9153
  -2.8730
  -2.8298
  -2.7906
  -2.7492
  -2.7101
  -2.6758
  -2.6401
  -2.6043
  -2.5687
  -2.5284
  -2.4953
  -2.4640
  -2.4288
  -2.3952
  -2.3607
  -2.3295
  -2.2961
  -2.2633
  -2.2258
  -2.1898
  -2.1529
  -2.1112
  -2.0711
  -2.0285
  -1.9852
  -1.9444
  -1.9036
  -1.8620
  -1.8204
  -1.7813
  -1.7430
  -1.7064
  -1.6681
  -1.6291
  -1.5941
  -1.5584
  -1.5210
  -1.4827
  -1.4427
  -1.4002
  -1.3593
  -1.3199
  -1.2822
  -1.2479
  -1.2164
  -1.1865
  -1.1576
  -1.1311
  -1.1072
  -1.0865
  -1.0657
  -1.0490
  -1.0330
  -1.0202
  -1.0135
  -1.0044
  -0.9985
  -0.9939
  -0.9918
  -0.9897
  -0.9901
  -0.9922
  -0.9993
  -1.0056
  -1.0136
  -1.0209
  -1.0282
  -1.0362
  -1.0480
  -1.0614
  -1.0810
  -1.0988
  -1.1181
  -1.1397
  -1.1636
  -1.1898
  -1.2177
  -1.2480
  -1.2791
  -1.3157
  -1.3539
  -1.3929
  -1.4375
  -1.4814
  -1.5258
  -1.5749
  -1.6256
  -1.6777
  -1.7315
  -1.7836
  -1.8343
  -1.8842
  -1.9325
  -1.9816
  -2.0292
  -2.0728
  -2.1163
  -2.1590
  -2.1969
  -2.2324
  -2.2671
  -2.3034
  -2.3398
  -2.3754
  -2.4092
  -2.4420
  -2.4732
  -2.5042
  -2.5318
  -2.5578
  -2.5806
  -2.6026
  -2.6206
  -2.6355
  -2.6478
  -2.6595
  -2.6672
  -2.6732
  -2.6785
  -2.6813
  -2.6824
  -2.6759
  -2.6669
  -2.6536
  -2.6377
  -2.6209
  -2.6030
  -2.5868
  -2.5731
  -2.5604
  -2.5514
  -2.5486
  -2.5525
  -2.5599
  -2.5699
  -2.5799
  -2.5850
  -2.5842
  -2.5743
  -2.5554
  -2.5283
  -2.4947
  -2.4553
  -2.4136
  -2.3703
  -2.3271
  -2.2824
  -2.2379
  -2.1920
  -2.1454
  -2.1011
  -2.0576
  -2.0156
  -1.9743
  -1.9329
  -1.8932
  -1.8542
  -1.8154
  -1.7782
  -1.7426
  -1.7062
  -1.6706
  -1.6318
  -1.5908
  -1.5474
  -1.5016
  -1.4533
  -1.4042
  -1.3527
  -1.3005
  -1.2481
  -1.1966
  -1.1434
  -1.0903
  -1.0404
  -0.9905
  -0.9415
  -0.8944
  -0.8481
  -0.8029
  -0.7595
  -0.7161
  -0.6768
  -0.6393
  -0.6077
  -0.5813
  -0.5565
  -0.5284
  -0.4996
  -0.4700
  -0.4369
  -0.3977
  -0.3507
  -0.2952
  -0.2338
  -0.1673
  -0.0999
  -0.0359
   0.0231
   0.0755
   0.1204
   0.1588
   0.1915
   0.2186
   0.2441
   0.2672
   0.2903
   0.3151
   0.3417
   0.3675
   0.3942
   0.4217
   0.4499
   0.4789
   0.5078
   0.5381
   0.5701
   0.6004
   0.6299
   0.6578
   0.6824
   0.7046
   0.7294
   0.7550
   0.7823
   0.8107
   0.8408
   0.8717
   0.9044
   0.9371
   0.9682
   1.0002
   1.0324
   1.0629
   1.0951
   1.1282
   1.1622
   1.1970
   1.2329
   1.2679
   1.3022
   1.3373
   1.3707
   1.4041
   1.4374
   1.4749
   1.5173
   1.5612
   1.6009
   1.6414
   1.6835
   1.7265
   1.7727
   1.8172
   1.8503
   1.8730
   1.8940
   1.9134
   1.9287
   1.9363
   1.9398
   1.9399
   1.9417
   1.9442
   1.9491
   1.9538
   1.9578
   1.9591
   1.9613
   1.9635
   1.9674
   1.9715
   1.9747
   1.9674
   1.9569
   1.9439
   1.9309
   1.9171
   1.9068
   1.8973
   1.8888
   1.8819
   1.8783
   1.8772
   1.8814
   1.8840
   1.8823
   1.8773
   1.8791
   1.8850
   1.8927
   1.9028
   1.9128
   1.9210
   1.9300
   1.9423
   1.9604
   1.9760
   1.9899
   2.0013
   2.0160
   2.0333
   2.0524
   2.0740
   2.0965
   2.1175
   2.1392
   2.1611
   2.1855
   2.2106
   2.2350
   2.2602
   2.2863
   2.3115
   2.3408
   2.3813
   2.4305
   2.4806
   2.5339
   2.5929
   2.6629
   2.7386
   2.8177
   2.8958
   2.9764
   3.0547
   3.1378
   3.2260
   3.3186
   3.4119
   3.5094
   3.6100
   3.7122
   3.8201
   3.9392
   4.0630
   4.1910
   4.3197
   4.4526
   4.5853
   4.7197
   4.8581
   4.9991
   5.1391
   5.2765
   5.4095
   5.5457
   5.6837
   5.8227
   5.9540
   6.0828
   6.2114
   6.3418
   6.4729
   6.6091
   6.7479
   6.8824
   7.0135
   7.1465
   7.2786
   7.4131
   7.5484
   7.6878
   7.8314
   7.9791
   8.1276
   8.2803
   8.4330
   8.5872
   8.7413
   8.8979
   9.0595
   9.2193
   9.3765
   9.5329
   9.6886
   9.8461
  10.0052
  10.1669
  10.3236
  10.4762
  10.6254
  10.7737
  10.9270
  11.0837
  11.2387
  11.3938
  11.5447
  11.6939
  11.8422
  11.9897
  12.1339
  12.2756
  12.4180
  12.5539
  12.6858
  12.8171
  12.9452
  13.0700
  13.1891
  13.3083
  13.4259
  13.5428
  13.6572
  13.7709
  13.8813
  13.9894
  14.0933
  14.1989
  14.3052
  14.4114
  14.5144
  14.6165
  14.7169
  14.8165
  14.9128
  15.0075
  15.1015
  15.1938
  15.2845
  15.3752
  15.4636
  15.5511
  15.6338
  15.7122
  15.7838
  15.8538
  15.9188
  15.9788
  16.0340
  16.0891
  16.1469
  16.2006
  16.2553
  16.3134
  16.3731
  16.4304
  16.4885
  16.5457
  16.6006
  16.6580
  16.7180
  16.7815
  16.8486
  16.9082
  16.9670
  17.0242
  17.0838
  17.1444
  17.2049
  17.2662
  17.3283
  17.3863
  17.4419
  17.4924
  17.5429
  17.5890
  17.6326
  17.6793
  17.7287
  17.7847
  17.8440
  17.8990
  17.9489
  17.9963
  18.0471
  18.0995
  18.1494
  18.1960
  18.2409
  18.2900
  18.3526
  18.4251
  18.5061
  18.5964
  18.6976
  18.8063
  18.9192
  19.0321
  19.1466
  19.2634
  19.3817
  19.4983
  19.6108
  19.7199
  19.8273
  19.9379
  20.0544
  20.1817
  20.3156
  20.4570
  20.6000
  20.7421
  20.8849
  21.0276
  21.1694
  21.3111
  21.4519
  21.5919
  21.7226
  21.8439
  21.9635
  22.0805
  22.1847
  22.2789
  22.3761
  22.4901
  22.6249
  22.7730
  22.9303
  23.0910
  23.2458
  23.3981
  23.5589
  23.7199
  23.8818
  24.0456
  24.2170
  24.3877
  24.5451
  24.7010
  24.8635
  25.0212
  25.1847
  25.3534
  25.5238
  25.6866
  25.8486
  26.0105
  26.1742
  26.3362
  26.4899
  26.6236
  26.7456
  26.8543
  26.9504
  27.0332
  27.1069
  27.1780
  27.2467
  27.3105
  27.3743
  27.4382
  27.5081
  27.5813
  27.6579
  27.7337
  27.8105
  27.8916
  27.9744
  28.0632
  28.1554
  28.2485
  28.3393
  28.4243
  28.5027
  28.5720
  28.6331
  28.6917
  28.7452
  28.8088
  28.8859
  28.9698
  29.0597
  29.1588
  29.2622
  29.3608
  29.4393
  29.4961
  29.5363
  29.5665
  29.5874
  29.6109
  29.6351
  29.6575
  29.6847
  29.7102
  29.7315
  29.7460
  29.7581
  29.7869
  29.8290
  29.8660
  29.9014
  29.9309
  29.9536
  29.9796
  30.0147
  30.0556
  30.1016
  30.1500
  30.1893
  30.2378
  30.2921
  30.3514
  30.4159
  30.4836
  30.5540
  30.6252
  30.6949
  30.7704
  30.8519
  30.9268
  30.9969
  31.0628
  31.1246
  31.1839
  31.2425
  31.2976
  31.3435
  31.3827
  31.4193
  31.4501
  31.4793
  31.5085
  31.5435
  31.5844
  31.6269
  31.6712
  31.7164
  31.7650
  31.8120
  31.8516
  31.8861
  31.9172
  31.9425
  31.9621
  31.9815
  31.9969
  32.0115
  32.0277
  32.0480
  32.0792
  32.1187
  32.1640
  32.2110
  32.2573
  32.3086
  32.3657
  32.4270
  32.4909
  32.5406
  32.5631
  32.5755
  32.5799
  32.5878
  32.6007
  32.6087
  32.6085
  32.6008
  32.5925
  32.5841
  32.5790
  32.5598
  32.5315
  32.4964
  32.4595
  32.4109
  32.3590
  32.3071
  32.2584
  32.2121
  32.1674
  32.1316
  32.1016
  32.0748
  32.0488
  32.0253
  32.0025
  31.9789
  31.9520
  31.9168
  31.8725
  31.8232
  31.7739
  31.7238
  31.6702
  31.6150
  31.5631
  31.5144
  31.4690
  31.4212
  31.3725
  31.3271
  31.2801
  31.2323
  31.1887
  31.1517
  31.1156
  31.0812
  31.0444
  31.0043
  30.9560
  30.8953
  30.8229
  30.7390
  30.6419
  30.5348
  30.4195
  30.2950
  30.1689
  30.0445
  29.9257
  29.8176
  29.7087
  29.6079
  29.5061
  29.4026
  29.2999
  29.1981
  29.0994
  28.9990
  28.8953
  28.7958
  28.7006
  28.6102
  28.5223
  28.4310
  28.3513
  28.2765
  28.2049
  28.1300
  28.0477
  27.9587
  27.8631
  27.7626
  27.6581
  27.5535
  27.4473
  27.3403
  27.2308
  27.1189
  27.0086
  26.8975
  26.7871
  26.6718
  26.5532
  26.4354
  26.3168
  26.1974
  26.0746
  25.9478
  25.8201
  25.6907
  25.5563
  25.4220
  25.2859
  25.1482
  25.0079
  24.8677
  24.7274
  24.5896
  24.4517
  24.3155
  24.1834
  24.0554
  23.9307
  23.8126
  23.7019
  23.5969
  23.4978
  23.4019
  23.3068
  23.2117
  23.1150
  23.0174
  22.9181
  22.8156
  22.7106
  22.6039
  22.4930
  22.3797
  22.2688
  22.1638
  22.0645
  21.9711
  21.8803
  21.7878
  21.6955
  21.5990
  21.4959
  21.3870
  21.2724
  21.1561
  21.0414
  20.9284
  20.8179
  20.7122
  20.5992
  20.4755
  20.3477
  20.2174
  20.0887
  19.9601
  19.8331
  19.7020
  19.5725
  19.4431
  19.3162
  19.1926
  19.0683
  18.9407
  18.8115
  18.6807
  18.5451
  18.4087
  18.2739
  18.1358
  17.9945
  17.8523
  17.7086
  17.5640
  17.4178
  17.2699
  17.1237
  16.9791
  16.8338
  16.6909
  16.5472
  16.3994
  16.2483
  16.0964
  15.9412
  15.7836
  15.6260
  15.4708
  15.3189
  15.1654
  15.0135
  14.8649
  14.7172
  14.5720
  14.4236
  14.2693
  14.1093
  13.9419
  13.7712
  13.5996
  13.4297
  13.2599
  13.0925
  12.9309
  12.7743
  12.6251
  12.4800
  12.3342
  12.1875
  12.0399
  11.8867
  11.7409
  11.6057
  11.4732
  11.3438
  11.2153
  11.0893
  10.9658
  10.8455
  10.7269
  10.6132
  10.5002
  10.3872
  10.2750
  10.1677
  10.0654
   9.9622
   9.8606
   9.7590
   9.6541
   9.5517
   9.4551
   9.3592
   9.2659
   9.1758
   9.0890
   9.0046
   8.9178
   8.8294
   8.7426
   8.6558
   8.5690
   8.4855
   8.4036
   8.3217
   8.2390
   8.1629
   8.0974
   8.0427
   7.9929
   7.9645
   7.9662
   7.9787
   8.0017
   8.0288
   8.0584
   8.0855
   8.1085
   8.1357
   8.1621
   8.1868
   8.2083
   8.2297
   8.2472
   8.2596
   8.2697
   8.2755
   8.2756
   8.2716
   8.2660
   8.2587
   8.2523
   8.2458
   8.2369
   8.2280
   8.2175
   8.2070
   8.1949
   8.1795
   8.1633
   8.1455
   8.1244
   8.0992
   8.0724
   8.0489
   8.0278
   8.0076
   7.9940
   7.9869
   7.9848
   7.9875
   7.9936
   8.0022
   8.0140
   8.0274
   8.0393
   8.0486
   8.0580
   8.0715
   8.0867
   8.1002
   8.1129
   8.1289
   8.1449
   7.9085
   7.6670
   7.4239
   7.1709
   6.9038
   6.6228
   6.3326
   6.0236
   5.6859
   5.3358
   4.9792
   4.6209
   4.2634
   3.9091
   3.5605
   3.2101
   2.8580
   2.5066
   2.1585
   1.8119
   1.4685
   1.1259
   0.7824
   0.4372
   0.0937
  -0.2467
  -0.5847
  -0.9211
  -1.2567
  -1.5932
