  -9.0688
  -9.1002
  -9.1357
  -9.1755
  -9.2112
  -9.2452
  -9.2777
  -9.3078
  -9.3365
  -9.3624
  -9.3839
  -9.3994
  -9.4122
  -9.4224
  -9.4308
  -9.4384
  -9.4425
  -9.4492
  -9.4590
  -9.4664
  -9.4714
  -9.4730
  -9.4741
  -9.4724
  -9.4680
  -9.4615
  -9.4538
  -9.4472
  -9.4448
  -9.4467
  -9.4521
  -9.5005
  -9.5432
  -9.5840
  -9.6231
  -9.6596
  -9.6892
  -9.7149
  -9.7324
  -9.7440
  -9.7496
  -9.7467
  -9.7345
  -9.7147
  -9.6878
  -9.6569
  -9.6200
  -9.5760
  -9.5293
  -9.4809
  -9.4319
  -9.3779
  -9.3226
  -9.2646
  -9.2054
  -9.1432
  -9.0725
  -8.9994
  -8.9270
  -8.8530
  -8.7763
  -8.6967
  -8.6191
  -8.5360
  -8.4472
  -8.3569
  -8.2656
  -8.1713
  -8.0768
  -7.9833
  -7.8918
  -7.8015
  -7.7140
  -7.6268
  -7.5385
  -7.4486
  -7.3594
  -7.2708
  -7.1803
  -7.0871
  -6.9937
  -6.9008
  -6.8077
  -6.7132
  -6.6207
  -6.5283
  -6.4347
  -6.3416
  -6.2481
  -6.1556
  -6.0634
  -5.9692
  -5.8744
  -5.7819
  -5.6891
  -5.5969
  -5.5037
  -5.4109
  -5.3191
  -5.2312
  -5.1449
  -5.0597
  -4.9790
  -4.8994
  -4.8214
  -4.7483
  -4.6756
  -4.6069
  -4.5404
  -4.4754
  -4.4100
  -4.3446
  -4.2845
  -4.2260
  -4.1712
  -4.1170
  -4.0645
  -4.0143
  -3.9661
  -3.9169
  -3.8707
  -3.8232
  -3.7747
  -3.7242
  -3.6747
  -3.6259
  -3.5773
  -3.5312
  -3.4846
  -3.4407
  -3.3942
  -3.3457
  -3.2972
  -3.2491
  -3.2020
  -3.1552
  -3.1078
  -3.0607
  -3.0139
  -2.9655
  -2.9161
  -2.8664
  -2.8183
  -2.7723
  -2.7275
  -2.6847
  -2.6439
  -2.6071
  -2.5725
  -2.5423
  -2.5126
  -2.4826
  -2.4543
  -2.4286
  -2.3961
  -2.3625
  -2.3312
  -2.3035
  -2.2788
  -2.2548
  -2.2337
  -2.2139
  -2.1954
  -2.1783
  -2.1634
  -2.1506
  -2.1374
  -2.1255
  -2.1126
  -2.1020
  -2.0931
  -2.0859
  -2.0786
  -2.0713
  -2.0650
  -2.0604
  -2.0558
  -2.0545
  -2.0534
  -2.0534
  -2.0563
  -2.0608
  -2.0732
  -2.1009
  -2.1652
  -2.2688
  -2.3727
  -2.4762
  -2.5781
  -2.6800
  -2.7793
  -2.8818
  -2.9833
  -3.0844
  -3.1852
  -3.2853
  -3.3858
  -3.4879
  -3.5902
  -3.6936
  -3.7992
  -3.9081
  -4.0210
  -4.1371
  -4.2574
  -4.3793
  -4.5006
  -4.6232
  -4.7440
  -4.8607
  -4.9737
  -5.0867
  -5.2024
  -5.3154
  -5.4254
  -5.5410
  -5.6577
  -5.7746
  -5.8859
  -5.9968
  -6.1052
  -6.2102
  -6.3132
  -6.4138
  -6.5129
  -6.6115
  -6.7086
  -6.8022
  -6.8943
  -6.9860
  -7.0761
  -7.1651
  -7.2551
  -7.3520
  -7.4478
  -7.5416
  -7.6384
  -7.7345
  -7.8296
  -7.9218
  -8.0149
  -8.1089
  -8.1954
  -8.2730
  -8.3374
  -8.3620
  -8.3458
  -8.3269
  -8.3044
  -8.2832
  -8.2600
  -8.2398
  -8.2170
  -8.1951
  -8.1714
  -8.1456
  -8.1181
  -8.0933
  -8.0679
  -8.0425
  -8.0177
  -7.9908
  -7.9624
  -7.9332
  -7.9055
  -7.8793
  -7.8564
  -7.8382
  -7.8228
  -7.8118
  -7.8054
  -7.8016
  -7.8008
  -7.8009
  -7.8083
  -7.8223
  -7.8428
  -7.8643
  -7.8868
  -7.9133
  -7.9410
  -7.9721
  -8.0055
  -8.0441
  -8.0864
  -8.1296
  -8.1759
  -8.2270
  -8.2850
  -8.3490
  -8.4169
  -8.4890
  -8.5602
  -8.6311
  -8.6972
  -8.7668
  -8.8356
  -8.9020
  -8.9688
  -9.0346
  -9.1025
  -9.1665
  -9.2272
  -9.2932
  -9.3632
  -9.4319
  -9.5007
  -9.5704
  -9.6396
  -9.7113
  -9.7814
  -9.8525
  -9.9196
  -9.9892
 -10.0598
 -10.1336
 -10.2107
 -10.2885
 -10.3649
 -10.4419
 -10.5193
 -10.5972
 -10.6793
 -10.7630
 -10.8449
 -10.9258
 -11.0021
 -11.0719
 -11.1318
 -11.1854
 -11.2301
 -11.2741
 -11.3158
 -11.3526
 -11.3838
 -11.4058
 -11.4186
 -11.4221
 -11.4212
 -11.4167
 -11.4102
 -11.3995
 -11.3861
 -11.3706
 -11.3498
 -11.3296
 -11.3093
 -11.2867
 -11.2642
 -11.2422
 -11.2198
 -11.1991
 -11.1774
 -11.1590
 -11.1431
 -11.1239
 -11.0973
 -11.0749
 -11.0515
 -11.0230
 -10.9852
 -10.9473
 -10.9087
 -10.8654
 -10.8190
 -10.7641
 -10.7043
 -10.6404
 -10.5701
 -10.4955
 -10.4127
 -10.3239
 -10.2275
 -10.1309
 -10.0293
  -9.9261
  -9.8217
  -9.7107
  -9.5971
  -9.4870
  -9.3776
  -9.2674
  -9.1559
  -9.0433
  -8.9338
  -8.8272
  -8.7151
  -8.6025
  -8.4928
  -8.3846
  -8.2794
  -8.1711
  -8.0602
  -7.9458
  -7.8335
  -7.7208
  -7.6127
  -7.5037
  -7.3999
  -7.2987
  -7.1978
  -7.0936
  -6.9881
  -6.8835
  -6.7746
  -6.6677
  -6.5618
  -6.4538
  -6.3483
  -6.2364
  -6.1199
  -5.9977
  -5.8670
  -5.7303
  -5.5833
  -5.4298
  -5.2794
  -5.1251
  -4.9651
  -4.8077
  -4.6536
  -4.4968
  -4.3397
  -4.1817
  -4.0185
  -3.8469
  -3.6772
  -3.5060
  -3.3416
  -3.1810
  -3.0266
  -2.8775
  -2.7374
  -2.6051
  -2.4762
  -2.3512
  -2.2285
  -2.0986
  -1.9794
  -1.8639
  -1.7445
  -1.6219
  -1.5010
  -1.3748
  -1.2490
  -1.1158
  -0.9790
  -0.8457
  -0.7148
  -0.5877
  -0.4685
  -0.3510
  -0.2495
  -0.1536
  -0.0681
   0.0102
   0.0771
   0.1424
   0.1951
   0.2434
   0.2838
   0.3183
   0.3450
   0.3674
   0.3870
   0.3956
   0.3982
   0.3979
   0.3917
   0.3830
   0.3687
   0.3483
   0.3209
   0.2833
   0.2355
   0.1749
   0.1071
   0.0355
  -0.0506
  -0.1463
  -0.2436
  -0.3481
  -0.4659
  -0.5880
  -0.7145
  -0.8516
  -1.0004
  -1.1568
  -1.3205
  -1.4864
  -1.6577
  -1.8291
  -2.0057
  -2.1789
  -2.3547
  -2.5310
  -2.7044
  -2.8757
  -3.0570
  -3.2341
  -3.4121
  -3.5922
  -3.7768
  -3.9629
  -4.1595
  -4.3571
  -4.5592
  -4.7639
  -4.9692
  -5.1725
  -5.3720
  -5.5681
  -5.7641
  -5.9527
  -6.1358
  -6.3146
  -6.4869
  -6.6521
  -6.8138
  -6.9661
  -7.1105
  -7.2474
  -7.3782
  -7.5037
  -7.6261
  -7.7439
  -7.8556
  -7.9627
  -8.0636
  -8.1611
  -8.2551
  -8.3473
  -8.4356
  -8.5198
  -8.5975
  -8.6677
  -8.7324
  -8.7945
  -8.8504
  -8.8994
  -8.9422
  -8.9819
  -9.0187
  -9.0526
  -9.0849
  -9.1152
  -9.1465
  -9.1774
  -9.2056
  -9.2368
  -9.2656
  -9.2944
  -9.3241
  -9.3532
  -9.3822
  -9.4100
  -9.4372
  -9.4696
  -9.5023
  -9.5338
  -9.5633
  -9.5932
  -9.6190
  -9.6419
  -9.6627
  -9.6786
  -9.6907
  -9.6997
  -9.7060
  -9.7079
  -9.7060
  -9.6997
  -9.6870
  -9.6655
  -9.6362
  -9.6054
  -9.5703
  -9.5359
  -9.4984
  -9.4604
  -9.4214
  -9.3798
  -9.3381
  -9.2965
  -9.2547
  -9.2135
  -9.1715
  -9.1299
  -9.0852
  -9.0413
  -8.9959
  -8.9505
  -8.9050
  -8.8583
  -8.8150
  -8.7774
  -8.7432
  -8.7122
  -8.6781
  -8.6445
  -8.6101
  -8.5735
  -8.5308
  -8.4863
  -8.4374
  -8.3827
  -8.3245
  -8.2596
  -8.1906
  -8.1142
  -8.0278
  -7.9373
  -7.8429
  -7.7468
  -7.6515
  -7.5594
  -7.4722
  -7.3888
  -7.3079
  -7.2333
  -7.1625
  -7.0964
  -7.0336
  -6.9764
  -6.9217
  -6.8657
  -6.8104
  -6.7571
  -6.7037
  -6.6504
  -6.5966
  -6.5428
  -6.4909
  -6.4423
  -6.3972
  -6.3583
  -6.3217
  -6.2866
  -6.2480
  -6.2104
  -6.1724
  -6.1359
  -6.1030
  -6.0742
  -6.0507
  -6.0298
  -6.0080
  -5.9897
  -5.9684
  -5.9454
  -5.9193
  -5.8893
  -5.8564
  -5.8226
  -5.7885
  -5.7500
  -5.7063
  -5.6597
  -5.6115
  -5.5655
  -5.5214
  -5.4799
  -5.4423
  -5.4076
  -5.3756
  -5.3523
  -5.3349
  -5.3212
  -5.3079
  -5.2953
  -5.2855
  -5.2812
  -5.2794
  -5.2813
  -5.2853
  -5.2874
  -5.2864
  -5.2790
  -5.2635
  -5.2401
  -5.2093
  -5.1702
  -5.1255
  -5.0755
  -5.0241
  -4.9693
  -4.9171
  -4.8656
  -4.8160
  -4.7716
  -4.7299
  -4.6939
  -4.6599
  -4.6271
  -4.5945
  -4.5623
  -4.5294
  -4.4951
  -4.4620
  -4.4308
  -4.4016
  -4.3716
  -4.3421
  -4.3092
  -4.2718
  -4.2281
  -4.1843
  -4.1399
  -4.0946
  -4.0502
  -4.0063
  -3.9627
  -3.9215
  -3.8801
  -3.8404
  -3.7978
  -3.7544
  -3.7124
  -3.6707
  -3.6271
  -3.5816
  -3.5342
  -3.4826
  -3.4267
  -3.3691
  -3.3101
  -3.2419
  -3.1731
  -3.1063
  -3.0488
  -2.9913
  -2.9373
  -2.8856
  -2.8312
  -2.7701
  -2.7022
  -2.6325
  -2.5596
  -2.4856
  -2.4060
  -2.3262
  -2.2416
  -2.1534
  -2.0619
  -1.9693
  -1.8706
  -1.7688
  -1.6608
  -1.5493
  -1.4348
  -1.3131
  -1.1835
  -1.0471
  -0.9092
  -0.7730
  -0.6380
  -0.5020
  -0.3648
  -0.2280
  -0.0878
   0.0532
   0.1991
   0.3436
   0.4898
   0.6354
   0.7848
   0.9349
   1.0864
   1.2370
   1.3892
   1.5399
   1.6942
   1.8497
   2.0066
   2.1610
   2.3211
   2.4794
   2.6356
   2.7914
   2.9496
   3.1068
   3.2617
   3.4199
   3.5775
   3.7371
   3.8985
   4.0609
   4.2202
   4.3814
   4.5488
   4.7267
   4.9064
   5.0877
   5.2693
   5.4520
   5.6300
   5.8025
   5.9737
   6.1424
   6.3126
   6.4728
   6.6343
   6.7918
   6.9445
   7.0930
   7.2391
   7.3838
   7.5280
   7.6705
   7.8139
   7.9592
   8.1019
   8.2387
   8.3728
   8.5024
   8.6363
   8.7681
   8.8982
   9.0278
   9.1595
   9.2919
   9.4271
   9.5628
   9.6985
   9.8352
   9.9718
  10.1079
  10.2419
  10.3770
  10.5098
  10.6445
  10.7803
  10.9135
  11.0437
  11.1732
  11.3024
  11.4272
  11.5513
  11.6763
  11.8020
  11.9280
  12.0553
  12.1857
  12.3151
  12.4424
  12.5649
  12.6852
  12.8047
  12.9278
  13.0504
  13.1704
  13.2876
  13.4027
  13.5168
  13.6333
  13.7481
  13.8650
  13.9829
  14.1033
  14.2251
  14.3448
  14.4680
  14.5892
  14.7096
  14.8309
  14.9547
  15.0806
  15.2077
  15.3318
  15.4558
  15.5791
  15.7030
  15.8268
  15.9534
  16.0791
  16.2087
  16.3391
  16.4741
  16.6110
  16.7502
  16.8880
  17.0251
  17.1622
  17.2997
  17.4422
  17.5867
  17.7338
  17.8802
  18.0292
  18.1801
  18.3333
  18.4853
  18.6410
  18.7968
  18.9525
  19.1094
  19.2700
  19.4327
  19.5980
  19.7675
  19.9377
  20.1086
  20.2794
  20.4499
  20.6203
  20.7902
  20.9630
  21.1359
  21.3112
  21.4834
  21.6580
  21.8324
  22.0062
  22.1795
  22.3571
  22.5323
  22.7078
  22.8830
  23.0596
  23.2348
  23.4135
  23.5927
  23.7712
  23.9499
  24.1266
  24.3020
  24.4757
  24.6475
  24.8130
  24.9741
  25.1297
  25.2846
  25.4381
  25.5924
  25.7421
  25.8921
  26.0420
  26.1898
  26.3352
  26.4792
  26.6209
  26.7626
  26.9021
  27.0386
  27.1739
  27.3086
  27.4430
  27.5791
  27.7167
  27.8504
  27.9790
  28.1063
  28.2322
  28.3532
  28.4723
  28.5941
  28.7183
  28.8433
  28.9715
  29.0999
  29.2278
  29.3592
  29.4890
  29.6186
  29.7487
  29.8794
  30.0113
  30.1420
  30.2707
  30.3949
  30.5153
  30.6301
  30.7395
  30.8480
  30.9534
  31.0547
  31.1614
  31.2687
  31.3777
  31.4909
  31.6090
  31.7267
  31.8479
  31.9712
  32.0955
  32.2231
  32.3502
  32.4773
  32.6050
  32.7330
  32.8630
  32.9911
  33.1090
  33.2198
  33.3247
  33.4273
  33.5241
  33.6111
  33.6973
  33.7817
  33.8600
  33.9289
  33.9897
  34.0426
  34.0928
  34.1395
  34.1812
  34.2157
  34.2390
  34.2510
  34.2649
  34.2772
  34.2871
  34.2958
  34.3051
  34.3096
  34.3067
  34.2963
  34.2840
  34.2668
  34.2450
  34.2187
  34.1859
  34.1477
  34.1027
  34.0522
  33.9929
  33.9323
  33.8697
  33.8021
  33.7354
  33.6716
  33.6127
  33.5563
  33.4982
  33.4389
  33.3749
  33.3037
  33.2230
  33.1344
  33.0336
  32.9255
  32.8104
  32.6875
  32.5581
  32.4220
  32.2793
  32.1313
  31.9757
  31.8126
  31.6472
  31.4789
  31.3126
  31.1513
  30.9893
  30.8270
  30.6631
  30.4995
  30.3412
  30.1774
  30.0108
  29.8452
  29.6874
  29.5361
  29.3923
  29.2476
  29.0965
  28.9390
  28.7790
  28.6196
  28.4589
  28.2905
  28.1180
  27.9401
  27.7573
  27.5657
  27.3699
  27.1716
  26.9679
  26.7616
  26.5532
  26.3439
  26.1336
  25.9247
  25.7207
  25.5241
  25.3338
  25.1528
  24.9730
  24.7944
  24.6189
  24.4439
  24.2628
  24.0741
  23.8827
  23.6854
  23.4880
  23.2912
  23.0945
  22.8997
  22.7096
  22.5235
  22.3342
  22.1449
  21.9567
  21.7693
  21.5822
  21.3978
  21.2175
  21.0403
  20.8694
  20.7031
  20.5431
  20.3849
  20.2238
  20.0628
  19.9009
  19.7429
  19.5835
  19.4219
  19.2575
  19.0924
  18.9242
  18.7526
  18.5835
  18.4168
  18.2522
  18.0904
  17.9304
  17.7674
  17.6015
  17.4421
  17.2830
  17.1306
  16.9875
  16.8490
  16.7217
  16.6049
  16.4995
  16.4026
  16.3111
  16.2208
  16.1258
  16.0254
  15.9173
  15.7974
  15.6672
  15.5287
  15.3896
  15.2526
  15.1180
  14.9878
  14.8578
  14.7311
  14.6068
  14.4834
  14.3645
  14.2474
  14.1308
  14.0071
  13.8808
  13.7416
  13.5972
  13.4503
  13.3034
  13.1515
  12.9984
  12.8548
  12.7107
  12.5723
  12.4384
  12.3078
  12.1746
  12.0435
  11.9128
  11.7825
  11.6580
  11.5474
  11.4548
  11.3696
  11.2873
  11.2122
  11.1445
  11.0856
  11.0337
  10.9772
  10.9144
  10.8470
  10.7811
  10.7215
  10.6634
  10.6067
  10.5488
  10.4908
  10.4318
  10.3712
  10.3109
  10.2453
  10.1743
  10.0972
  10.0175
   9.9346
   9.8498
   9.7734
   9.7031
   9.6385
   9.5845
   9.5402
   9.4991
   9.4502
   9.3915
   9.3266
   9.2545
   9.1772
   9.1039
   9.0350
   8.9646
   8.8915
   8.8167
   8.7408
   8.6731
   8.6084
   8.5534
   8.4983
   8.4504
   8.4018
   8.3560
   8.3121
   8.2628
   8.2171
   8.1649
   8.1117
   8.0529
   7.9949
   7.9304
   7.8634
   7.7998
   7.7347
   7.6596
   7.5644
   7.4637
   7.3661
   7.2677
   7.1678
   7.0665
   6.9592
   6.8523
   6.7485
   6.6456
   6.5433
   6.4399
   6.3386
   6.2359
   6.1339
   6.0362
   5.9361
   5.8310
   5.7143
   5.5918
   5.4664
   5.3380
   5.2093
   5.0812
   4.9528
   4.8211
   4.6892
   4.5594
   4.4258
   4.2842
   4.1411
   4.0034
   3.8698
   3.7335
   3.5985
   3.4665
   3.3287
   3.1855
   3.0386
   2.8941
   2.7487
   2.6062
   2.4552
   2.3034
   2.1525
   2.0066
   1.8595
   1.7121
   1.5685
   1.4261
   1.2781
   1.1232
   0.9651
   0.7983
   0.6302
   0.4575
   0.2771
   0.0995
  -0.0746
  -0.2519
  -0.4349
  -0.6144
  -0.7917
  -0.9721
  -1.1577
  -1.3460
  -1.5252
  -1.7018
  -1.8726
  -2.0367
  -2.1924
  -2.3459
  -2.4996
  -2.6508
  -2.7885
  -2.9168
  -3.0412
  -3.1577
  -3.2755
  -3.3841
  -3.4930
  -3.6025
  -3.7104
  -3.8172
  -3.9209
  -4.0184
  -4.1169
  -4.2108
  -4.2999
  -4.3836
  -4.4607
  -4.5308
  -4.5995
  -4.6682
  -4.7335
  -4.7968
  -4.8558
  -4.9113
  -4.9633
  -5.0077
  -5.0510
  -5.0911
  -5.1311
  -5.1637
  -5.1977
  -5.2364
  -5.2796
  -5.3302
  -5.3823
  -5.4362
  -5.4916
  -5.5411
  -5.5864
  -5.6278
  -5.6595
  -5.6878
  -5.7087
  -5.7202
  -5.7334
  -5.7474
  -5.7611
  -5.7706
  -5.7816
  -5.7957
  -5.8122
  -5.8236
  -5.8353
  -5.8605
  -5.8902
  -5.9240
  -5.9656
  -6.0126
  -6.0617
  -6.1131
  -6.1618
  -6.2154
  -6.2749
  -6.3331
  -6.3923
  -6.4434
  -6.4927
  -6.5361
  -6.5734
  -6.6087
  -6.6508
  -6.7004
  -6.7588
  -6.8161
  -6.8795
  -6.9498
  -7.0264
  -7.1084
  -7.1965
  -7.2903
  -7.3855
  -7.4774
  -7.5701
  -7.6633
  -7.7558
  -7.8497
  -7.9427
  -8.0348
  -8.1272
  -8.2197
  -8.3121
  -8.4004
  -8.4835
  -8.5587
  -8.6197
  -8.6715
  -8.7209
  -8.7082
  -8.7005
  -8.6943
  -8.6872
  -8.6844
  -8.6866
  -8.6928
  -8.7022
  -8.7125
  -8.7269
  -8.7408
  -8.7565
  -8.7752
  -8.7916
  -8.8053
  -8.8196
  -8.8344
  -8.8462
  -8.8535
  -8.8618
  -8.8680
  -8.8717
  -8.8724
  -8.8696
  -8.8686
  -8.8744
  -8.8819
  -8.8931
  -8.9062
  -8.9239
