   3.4877
   3.2710
   3.0583
   2.8469
   2.6361
   2.4303
   2.2227
   2.0139
   1.8067
   1.5997
   1.3953
   1.1920
   0.9860
   0.7846
   0.5832
   0.3866
   0.1961
   0.0064
  -0.1783
  -0.3624
  -0.5465
  -0.7269
  -0.9058
  -1.0844
  -1.2661
  -1.4485
  -1.6278
  -1.8078
  -1.9853
  -2.1599
  -2.3343
  -2.3234
  -2.3068
  -2.2871
  -2.2626
  -2.2344
  -2.2061
  -2.1776
  -2.1498
  -2.1262
  -2.1065
  -2.0925
  -2.0772
  -2.0607
  -2.0392
  -2.0124
  -1.9817
  -1.9486
  -1.9156
  -1.8848
  -1.8557
  -1.8238
  -1.7982
  -1.7750
  -1.7506
  -1.7257
  -1.7015
  -1.6750
  -1.6464
  -1.6200
  -1.5927
  -1.5676
  -1.5455
  -1.5276
  -1.5108
  -1.4958
  -1.4850
  -1.4733
  -1.4632
  -1.4582
  -1.4515
  -1.4478
  -1.4479
  -1.4443
  -1.4441
  -1.4451
  -1.4462
  -1.4506
  -1.4561
  -1.4633
  -1.4712
  -1.4794
  -1.4927
  -1.5059
  -1.5213
  -1.5332
  -1.5472
  -1.5657
  -1.5856
  -1.6072
  -1.6322
  -1.6574
  -1.6830
  -1.7058
  -1.7271
  -1.7478
  -1.7681
  -1.7865
  -1.8043
  -1.8181
  -1.8312
  -1.8398
  -1.8465
  -1.8532
  -1.8599
  -1.8660
  -1.8772
  -1.8924
  -1.9076
  -1.9221
  -1.9372
  -1.9528
  -1.9678
  -1.9785
  -1.9869
  -1.9921
  -1.9961
  -1.9975
  -1.9977
  -1.9963
  -1.9932
  -1.9881
  -1.9835
  -1.9783
  -1.9729
  -1.9676
  -1.9613
  -1.9536
  -1.9475
  -1.9371
  -1.9235
  -1.9113
  -1.8996
  -1.8843
  -1.8727
  -1.8633
  -1.8528
  -1.8433
  -1.8343
  -1.8266
  -1.8228
  -1.8179
  -1.8137
  -1.8063
  -1.8010
  -1.7936
  -1.7869
  -1.7791
  -1.7707
  -1.7581
  -1.7440
  -1.7300
  -1.7151
  -1.7030
  -1.6791
  -1.6498
  -1.6219
  -1.5963
  -1.5729
  -1.5512
  -1.5314
  -1.5089
  -1.4865
  -1.4631
  -1.4393
  -1.4172
  -1.3979
  -1.3791
  -1.3581
  -1.3376
  -1.3151
  -1.2899
  -1.2643
  -1.2398
  -1.2149
  -1.1933
  -1.1755
  -1.1585
  -1.1437
  -1.1300
  -1.1172
  -1.1050
  -1.0928
  -1.0804
  -1.0647
  -1.0502
  -1.0346
  -1.0195
  -1.0022
  -0.9877
  -0.9712
  -0.9596
  -0.9440
  -0.9245
  -0.9097
  -0.9040
  -0.8961
  -0.8882
  -0.8804
  -0.8732
  -0.8660
  -0.8539
  -0.8435
  -0.8308
  -0.8209
  -0.8084
  -0.7958
  -0.7833
  -0.7725
  -0.7546
  -0.7424
  -0.7295
  -0.7167
  -0.7056
  -0.6954
  -0.6974
  -0.7079
  -0.7163
  -0.7225
  -0.7261
  -0.7264
  -0.7267
  -0.7274
  -0.7289
  -0.7293
  -0.7317
  -0.7308
  -0.7283
  -0.7276
  -0.7246
  -0.7200
  -0.7166
  -0.7174
  -0.7167
  -0.7154
  -0.7136
  -0.7132
  -0.7129
  -0.7110
  -0.7113
  -0.7126
  -0.7162
  -0.7172
  -0.7192
  -0.7213
  -0.7231
  -0.7229
  -0.7219
  -0.7180
  -0.7141
  -0.7014
  -0.6921
  -0.6739
  -0.6647
  -0.6521
  -0.6413
  -0.6206
  -0.5980
  -0.5768
  -0.5534
  -0.5311
  -0.5079
  -0.4884
  -0.4676
  -0.4456
  -0.4301
  -0.4137
  -0.3993
  -0.3882
  -0.3746
  -0.3666
  -0.3555
  -0.3483
  -0.3395
  -0.3298
  -0.3135
  -0.3021
  -0.2873
  -0.2765
  -0.2671
  -0.2627
  -0.2639
  -0.2649
  -0.2675
  -0.2717
  -0.2764
  -0.2800
  -0.2826
  -0.2885
  -0.2917
  -0.2978
  -0.3038
  -0.3082
  -0.3118
  -0.3149
  -0.3152
  -0.3157
  -0.3120
  -0.3073
  -0.3043
  -0.2991
  -0.2906
  -0.2795
  -0.2665
  -0.2511
  -0.2359
  -0.2216
  -0.2095
  -0.1968
  -0.1829
  -0.1713
  -0.1631
  -0.1557
  -0.1533
  -0.1478
  -0.1526
  -0.1536
  -0.1554
  -0.1610
  -0.1663
  -0.1764
  -0.1876
  -0.1997
  -0.2133
  -0.2297
  -0.2517
  -0.2676
  -0.2870
  -0.3047
  -0.3186
  -0.3314
  -0.3465
  -0.3604
  -0.3703
  -0.3791
  -0.3856
  -0.3943
  -0.3997
  -0.4095
  -0.4156
  -0.4213
  -0.4219
  -0.4187
  -0.4165
  -0.4121
  -0.4061
  -0.3995
  -0.3934
  -0.3902
  -0.3798
  -0.3728
  -0.3614
  -0.3500
  -0.3392
  -0.3259
  -0.3136
  -0.3046
  -0.2981
  -0.2925
  -0.2870
  -0.2775
  -0.2702
  -0.2634
  -0.2561
  -0.2505
  -0.2467
  -0.2451
  -0.2390
  -0.2357
  -0.2324
  -0.2319
  -0.2309
  -0.2313
  -0.2318
  -0.2332
  -0.2322
  -0.2279
  -0.2224
  -0.2151
  -0.2077
  -0.1998
  -0.1902
  -0.1791
  -0.1685
  -0.1560
  -0.1397
  -0.1208
  -0.1009
  -0.0801
  -0.0594
  -0.0395
  -0.0213
   0.0002
   0.0210
   0.0403
   0.0578
   0.0732
   0.0870
   0.0996
   0.1139
   0.1266
   0.1376
   0.1470
   0.1575
   0.1697
   0.1796
   0.1917
   0.2050
   0.2210
   0.2405
   0.2571
   0.2800
   0.3001
   0.3214
   0.3449
   0.3672
   0.3907
   0.4142
   0.4388
   0.4611
   0.4817
   0.4985
   0.5185
   0.5352
   0.5492
   0.5580
   0.5664
   0.5782
   0.5843
   0.5939
   0.6011
   0.6056
   0.6107
   0.6134
   0.6162
   0.6202
   0.6262
   0.6328
   0.6400
   0.6454
   0.6524
   0.6593
   0.6668
   0.6748
   0.6841
   0.6923
   0.6972
   0.7043
   0.7115
   0.7192
   0.7280
   0.7375
   0.7460
   0.7534
   0.7603
   0.7665
   0.7717
   0.7769
   0.7826
   0.7888
   0.7927
   0.7967
   0.8018
   0.8051
   0.8068
   0.8086
   0.8114
   0.8126
   0.8137
   0.8120
   0.8052
   0.7946
   0.7812
   0.7651
   0.7462
   0.7250
   0.7051
   0.6840
   0.6625
   0.6411
   0.6203
   0.6018
   0.5810
   0.5586
   0.5356
   0.5127
   0.4915
   0.4707
   0.4504
   0.4307
   0.4127
   0.3935
   0.3743
   0.3541
   0.3350
   0.3159
   0.2968
   0.2772
   0.2582
   0.2382
   0.2187
   0.1992
   0.1798
   0.1593
   0.1398
   0.1209
   0.1035
   0.0873
   0.0699
   0.0530
   0.0328
   0.0101
  -0.0159
  -0.0429
  -0.0732
  -0.1045
  -0.1369
  -0.1692
  -0.2009
  -0.2321
  -0.2626
  -0.2909
  -0.3171
  -0.3421
  -0.3649
  -0.3855
  -0.4067
  -0.4279
  -0.4500
  -0.4749
  -0.5002
  -0.5237
  -0.5456
  -0.5691
  -0.5915
  -0.6111
  -0.6296
  -0.6487
  -0.6672
  -0.6837
  -0.6985
  -0.7105
  -0.7214
  -0.7278
  -0.7320
  -0.7327
  -0.7323
  -0.7308
  -0.7287
  -0.7283
  -0.7272
  -0.7273
  -0.7241
  -0.7187
  -0.7116
  -0.7018
  -0.6891
  -0.6759
  -0.6632
  -0.6499
  -0.6350
  -0.6194
  -0.6028
  -0.5856
  -0.5668
  -0.5491
  -0.5315
  -0.5139
  -0.4946
  -0.4753
  -0.4560
  -0.4355
  -0.4124
  -0.3894
  -0.3631
  -0.3335
  -0.3034
  -0.2712
  -0.2379
  -0.2057
  -0.1731
  -0.1410
  -0.1073
  -0.0752
  -0.0437
  -0.0117
   0.0193
   0.0501
   0.0831
   0.1192
   0.1574
   0.1999
   0.2434
   0.2896
   0.3391
   0.3896
   0.4358
   0.4827
   0.5260
   0.5656
   0.6011
   0.6340
   0.6653
   0.6972
   0.7311
   0.7666
   0.8046
   0.8469
   0.8923
   0.9388
   0.9879
   1.0348
   1.0811
   1.1253
   1.1678
   1.2087
   1.2486
   1.2858
   1.3235
   1.3623
   1.4022
   1.4437
   1.4891
   1.5356
   1.5838
   1.6337
   1.6837
   1.7337
   1.7842
   1.8326
   1.8804
   1.9276
   1.9759
   2.0243
   2.0760
   2.1265
   2.1764
   2.2275
   2.2768
   2.3245
   2.3716
   2.4164
   2.4602
   2.5013
   2.5452
   2.5881
   2.6322
   2.6769
   2.7195
   2.7594
   2.7955
   2.8306
   2.8603
   2.8874
   2.9124
   2.9389
   2.9638
   2.9908
   3.0178
   3.0455
   3.0785
   3.1156
   3.1553
   3.1965
   3.2382
   3.2789
   3.3164
   3.3513
   3.3791
   3.4026
   3.4223
   3.4409
   3.4623
   3.4860
   3.5114
   3.5378
   3.5674
   3.5976
   3.6317
   3.6657
   3.7042
   3.7400
   3.7758
   3.8077
   3.8385
   3.8655
   3.8897
   3.9112
   3.9316
   3.9520
   3.9751
   3.9976
   4.0245
   4.0552
   4.0864
   4.1169
   4.1430
   4.1696
   4.1946
   4.2184
   4.2410
   4.2653
   4.2901
   4.3143
   4.3402
   4.3610
   4.3850
   4.4063
   4.4265
   4.4505
   4.4763
   4.5048
   4.5345
   4.5691
   4.6070
   4.6465
   4.6857
   4.7259
   4.7678
   4.8053
   4.8476
   4.8873
   4.9243
   4.9576
   4.9864
   5.0130
   5.0347
   5.0528
   5.0699
   5.0887
   5.1102
   5.1357
   5.1668
   5.1984
   5.2312
   5.2635
   5.3003
   5.3375
   5.3797
   5.4218
   5.4656
   5.5079
   5.5508
   5.5931
   5.6365
   5.6811
   5.7311
   5.7866
   5.8476
   5.9124
   5.9828
   6.0569
   6.1403
   6.2236
   6.3043
   6.3868
   6.4774
   6.5779
   6.6833
   6.7942
   6.9096
   7.0268
   7.1446
   7.2689
   7.4004
   7.5335
   7.6712
   7.8084
   7.9532
   8.1018
   8.2537
   8.4093
   8.5666
   8.7228
   8.8784
   9.0361
   9.1961
   9.3549
   9.5147
   9.6751
   9.8394
  10.0037
  10.1719
  10.3438
  10.5213
  10.7021
  10.8846
  11.0714
  11.2651
  11.4609
  11.6599
  11.8558
  12.0531
  12.2444
  12.4373
  12.6312
  12.8282
  13.0224
  13.2155
  13.4057
  13.5933
  13.7768
  13.9559
  14.1361
  14.3162
  14.4952
  14.6753
  14.8537
  15.0277
  15.2033
  15.3761
  15.5434
  15.7074
  15.8672
  16.0243
  16.1818
  16.3393
  16.4914
  16.6408
  16.7886
  16.9330
  17.0730
  17.2162
  17.3555
  17.4904
  17.6227
  17.7548
  17.8831
  18.0109
  18.1331
  18.2541
  18.3724
  18.4905
  18.6059
  18.7228
  18.8364
  18.9468
  19.0538
  19.1591
  19.2649
  19.3691
  19.4723
  19.5756
  19.6793
  19.7857
  19.8927
  20.0029
  20.1110
  20.2152
  20.3185
  20.4312
  20.5444
  20.6608
  20.7756
  20.8921
  21.0059
  21.1191
  21.2290
  21.3384
  21.4457
  21.5509
  21.6560
  21.7629
  21.8715
  21.9794
  22.0869
  22.1949
  22.2990
  22.4015
  22.5068
  22.6110
  22.7195
  22.8303
  22.9433
  23.0547
  23.1639
  23.2708
  23.3701
  23.4622
  23.5478
  23.6284
  23.7074
  23.7897
  23.8703
  23.9560
  24.0432
  24.1311
  24.2196
  24.3119
  24.4064
  24.5015
  24.5928
  24.6803
  24.7608
  24.8385
  24.9076
  24.9717
  25.0314
  25.0868
  25.1432
  25.1984
  25.2553
  25.3120
  25.3655
  25.4151
  25.4609
  25.5045
  25.5437
  25.5833
  25.6246
  25.6657
  25.6983
  25.7306
  25.7623
  25.7901
  25.8207
  25.8540
  25.9039
  25.9538
  25.9987
  26.0426
  26.0799
  26.1123
  26.1397
  26.1458
  26.1442
  26.1409
  26.1404
  26.1469
  26.1539
  26.1550
  26.1556
  26.1520
  26.1509
  26.1471
  26.1429
  26.1342
  26.1295
  26.1351
  26.1544
  26.1861
  26.2304
  26.2839
  26.3443
  26.4080
  26.4689
  26.5248
  26.5758
  26.6240
  26.6722
  26.7200
  26.7678
  26.8167
  26.8652
  26.9192
  26.9819
  27.0588
  27.1439
  27.2338
  27.3288
  27.4265
  27.5227
  27.6144
  27.7073
  27.7986
  27.8851
  27.9671
  28.0410
  28.1074
  28.1706
  28.2333
  28.2923
  28.3461
  28.3966
  28.4568
  28.5299
  28.6062
  28.6851
  28.7485
  28.8082
  28.8712
  28.9352
  29.0046
  29.0789
  29.1598
  29.2565
  29.3571
  29.4523
  29.5426
  29.6333
  29.7246
  29.8230
  29.9213
  30.0207
  30.1157
  30.2119
  30.3048
  30.4021
  30.4944
  30.5781
  30.6477
  30.7059
  30.7505
  30.7843
  30.8051
  30.8171
  30.8282
  30.8398
  30.8514
  30.8641
  30.8763
  30.8862
  30.8949
  30.9030
  30.9122
  30.9252
  30.9365
  30.9472
  30.9611
  30.9821
  30.9971
  31.0022
  31.0013
  30.9943
  30.9776
  30.9560
  30.9361
  30.9201
  30.9156
  30.9273
  30.9499
  30.9774
  31.0086
  31.0414
  31.0719
  31.0896
  31.0921
  31.0866
  31.0768
  31.0594
  31.0453
  31.0306
  31.0161
  31.0032
  30.9903
  30.9748
  30.9604
  30.9487
  30.9480
  30.9581
  30.9661
  30.9713
  30.9674
  30.9574
  30.9458
  30.9402
  30.9335
  30.9294
  30.9270
  30.9214
  30.9228
  30.9307
  30.9425
  30.9602
  30.9801
  31.0060
  31.0358
  31.0710
  31.1122
  31.1589
  31.2029
  31.2463
  31.2897
  31.3332
  31.3756
  31.4159
  31.4479
  31.4735
  31.4882
  31.4985
  31.5013
  31.5073
  31.5145
  31.5244
  31.5381
  31.5529
  31.5682
  31.5852
  31.6010
  31.6147
  31.6223
  31.6283
  31.6344
  31.6367
  31.6357
  31.6381
  31.6393
  31.6466
  31.6588
  31.6754
  31.7029
  31.7375
  31.7770
  31.8208
  31.8669
  31.9107
  31.9485
  31.9901
  32.0344
  32.0563
  32.0592
  32.0523
  32.0411
  32.0337
  32.0262
  32.0155
  31.9955
  31.9755
  31.9572
  31.9384
  31.9140
  31.8771
  31.8288
  31.7729
  31.7093
  31.6354
  31.5621
  31.4876
  31.4209
  31.3586
  31.2991
  31.2417
  31.1832
  31.1302
  31.0810
  31.0373
  30.9947
  30.9544
  30.9151
  30.8797
  30.8400
  30.7970
  30.7595
  30.7270
  30.6989
  30.6774
  30.6630
  30.6579
  30.6577
  30.6602
  30.6623
  30.6604
  30.6477
  30.6300
  30.6128
  30.5979
  30.5829
  30.5717
  30.5605
  30.5455
  30.5229
  30.4921
  30.4564
  30.4174
  30.3735
  30.3253
  30.2776
  30.2338
  30.1872
  30.1374
  30.1057
  30.0838
  30.0629
  30.0465
  30.0301
  30.0170
  30.0028
  29.9798
  29.9585
  29.9361
  29.9159
  29.9045
  29.8968
  29.8957
  29.8930
  29.8918
  29.9060
  29.9229
  29.9393
  29.9431
  29.9403
  29.9327
  29.9163
  29.8835
  29.8387
  29.7765
  29.6847
  29.5842
  29.4821
  29.3789
  29.2767
  29.1812
  29.0927
  29.0042
  28.9173
  28.8277
  28.7332
  28.6376
  28.5365
  28.4250
  28.3124
  28.2009
  28.0807
  27.9518
  27.8196
  27.6830
  27.5410
  27.4033
  27.2629
  27.1230
  26.9837
  26.8520
  26.7279
  26.6038
  26.4798
  26.3546
  26.2283
  26.0966
  25.9594
  25.8185
  25.6732
  25.5257
  25.3760
  25.2279
  25.0809
  24.9361
  24.7962
  24.6628
  24.5425
  24.4255
  24.3139
  24.2116
  24.1191
  24.0365
  23.9599
  23.8920
  23.8263
  23.7551
  23.6779
  23.5990
  23.5152
  23.4276
  23.3372
  23.2535
  23.1855
  23.1253
  23.0715
  23.0384
  23.0119
  22.9864
  22.9641
  22.9424
  22.9141
  22.8815
  22.8450
  22.8080
  22.7742
  22.7427
  22.7090
  22.6726
  22.6395
  22.6046
  22.5644
  22.5318
  22.5133
  22.4981
  22.4873
  22.4847
  22.4787
  22.4733
  22.4657
  22.4564
  22.4433
  22.4242
  22.4024
  22.3784
  22.3549
  22.3331
  22.3178
  22.3084
  22.3029
  22.3017
  22.3000
  22.2993
  22.2987
  22.2963
  22.2919
  22.2803
  22.2644
  22.2458
  22.2184
  22.1812
  22.1314
  22.0734
  22.0078
  21.9379
  21.8641
  21.7849
  21.7051
  21.6254
  21.5479
  21.4753
  21.4083
  21.3412
  21.2769
  21.2148
  21.1505
  21.0927
  21.0355
  20.9779
  20.9153
  20.8473
  20.7744
  20.7043
  20.6331
  20.5602
  20.4846
  20.4090
  20.3350
  20.2632
  20.1957
  20.1321
  20.0657
  19.9987
  19.9290
  19.8549
  19.7749
  19.6955
  19.6112
  19.5226
  19.4302
  19.3328
  19.2306
  19.1224
  19.0088
  18.8919
  18.7516
  18.6092
  18.4668
  18.3243
  18.1830
  18.0428
  17.9069
  17.7788
  17.6584
  17.5436
  17.4326
  17.3238
  17.2167
  17.1084
  16.9975
  16.8854
  16.7744
  16.6629
  16.5531
  16.4444
  16.3374
  16.2326
  16.1316
  16.0284
  15.9257
  15.8203
  15.7121
  15.5973
  15.4813
  15.3588
  15.2303
  15.1018
  14.9732
  14.8453
  14.7201
  14.5998
  14.4823
  14.3692
  14.2538
  14.1401
  14.0280
  13.9186
  13.8060
  13.6922
  13.5801
  13.4719
  13.3631
  13.2583
  13.1540
  13.0525
  12.9559
  12.8636
  12.7714
  12.6830
  12.5973
  12.5159
  12.4383
  12.3666
  12.3004
  12.2380
  12.1799
  12.1463
  12.1160
  12.0864
  11.8719
  11.6514
  11.4298
  11.1993
  10.9594
  10.7106
  10.4567
  10.2001
   9.9439
   9.6893
   9.4408
   9.1955
   8.9536
   8.7088
   8.4652
   8.2188
   7.9712
   7.7204
   7.4716
   7.2250
   6.9784
   6.7334
   6.4949
   6.2575
   6.0211
   5.7874
   5.5571
   5.3294
   5.1039
   4.8762
