  -3.5086
  -3.7009
  -3.8875
  -4.0714
  -4.2540
  -4.4306
  -4.6100
  -4.7910
  -4.9704
  -5.1521
  -5.3319
  -5.5103
  -5.6906
  -5.8650
  -6.0382
  -6.2043
  -6.3629
  -6.5189
  -6.6688
  -6.8175
  -6.9662
  -7.1115
  -7.2564
  -7.4024
  -7.5540
  -7.7070
  -7.8579
  -8.0103
  -8.1584
  -8.3011
  -8.4427
  -8.4025
  -8.3583
  -8.3119
  -8.2619
  -8.2097
  -8.1598
  -8.1121
  -8.0669
  -8.0276
  -7.9941
  -7.9668
  -7.9381
  -7.9066
  -7.8691
  -7.8242
  -7.7736
  -7.7199
  -7.6663
  -7.6157
  -7.5668
  -7.5147
  -7.4703
  -7.4300
  -7.3882
  -7.3463
  -7.3058
  -7.2622
  -7.2169
  -7.1746
  -7.1320
  -7.0923
  -7.0570
  -7.0287
  -7.0019
  -6.9780
  -6.9610
  -6.9449
  -6.9305
  -6.9221
  -6.9121
  -6.9065
  -6.9043
  -6.8998
  -6.8998
  -6.9013
  -6.9040
  -6.9099
  -6.9175
  -6.9266
  -6.9371
  -6.9465
  -6.9621
  -6.9776
  -6.9950
  -7.0067
  -7.0202
  -7.0385
  -7.0572
  -7.0776
  -7.1024
  -7.1284
  -7.1546
  -7.1766
  -7.1980
  -7.2193
  -7.2405
  -7.2588
  -7.2757
  -7.2869
  -7.2967
  -7.3006
  -7.3005
  -7.3004
  -7.3002
  -7.2988
  -7.3035
  -7.3139
  -7.3244
  -7.3335
  -7.3428
  -7.3523
  -7.3616
  -7.3661
  -7.3677
  -7.3671
  -7.3639
  -7.3588
  -7.3522
  -7.3440
  -7.3341
  -7.3225
  -7.3121
  -7.3005
  -7.2876
  -7.2748
  -7.2616
  -7.2458
  -7.2304
  -7.2114
  -7.1892
  -7.1674
  -7.1446
  -7.1207
  -7.1003
  -7.0805
  -7.0604
  -7.0406
  -7.0210
  -7.0039
  -6.9916
  -6.9777
  -6.9664
  -6.9518
  -6.9390
  -6.9244
  -6.9124
  -6.8988
  -6.8840
  -6.8667
  -6.8490
  -6.8313
  -6.8110
  -6.7939
  -6.7618
  -6.7200
  -6.6787
  -6.6392
  -6.6027
  -6.5679
  -6.5370
  -6.5042
  -6.4726
  -6.4407
  -6.4086
  -6.3794
  -6.3533
  -6.3273
  -6.2985
  -6.2709
  -6.2415
  -6.2102
  -6.1800
  -6.1512
  -6.1222
  -6.0977
  -6.0767
  -6.0582
  -6.0415
  -6.0262
  -6.0113
  -5.9965
  -5.9817
  -5.9657
  -5.9453
  -5.9275
  -5.9083
  -5.8892
  -5.8683
  -5.8494
  -5.8265
  -5.8085
  -5.7847
  -5.7564
  -5.7306
  -5.7166
  -5.7008
  -5.6851
  -5.6706
  -5.6573
  -5.6429
  -5.6248
  -5.6083
  -5.5888
  -5.5725
  -5.5542
  -5.5360
  -5.5177
  -5.5022
  -5.4846
  -5.4698
  -5.4537
  -5.4377
  -5.4232
  -5.4091
  -5.4124
  -5.4274
  -5.4406
  -5.4520
  -5.4614
  -5.4676
  -5.4737
  -5.4801
  -5.4877
  -5.4951
  -5.5030
  -5.5077
  -5.5107
  -5.5166
  -5.5194
  -5.5207
  -5.5246
  -5.5309
  -5.5367
  -5.5424
  -5.5468
  -5.5517
  -5.5565
  -5.5609
  -5.5670
  -5.5746
  -5.5841
  -5.5927
  -5.6017
  -5.6107
  -5.6218
  -5.6290
  -5.6370
  -5.6408
  -5.6445
  -5.6387
  -5.6374
  -5.6254
  -5.6253
  -5.6207
  -5.6189
  -5.6027
  -5.5860
  -5.5685
  -5.5493
  -5.5315
  -5.5134
  -5.4988
  -5.4815
  -5.4604
  -5.4458
  -5.4276
  -5.4100
  -5.3946
  -5.3750
  -5.3560
  -5.3360
  -5.3207
  -5.3048
  -5.2887
  -5.2660
  -5.2482
  -5.2259
  -5.2083
  -5.1912
  -5.1790
  -5.1730
  -5.1658
  -5.1603
  -5.1553
  -5.1504
  -5.1452
  -5.1386
  -5.1363
  -5.1310
  -5.1300
  -5.1289
  -5.1251
  -5.1245
  -5.1236
  -5.1196
  -5.1180
  -5.1139
  -5.1095
  -5.1067
  -5.1021
  -5.0943
  -5.0845
  -5.0696
  -5.0518
  -5.0351
  -5.0175
  -5.0029
  -4.9859
  -4.9685
  -4.9529
  -4.9429
  -4.9354
  -4.9351
  -4.9327
  -4.9447
  -4.9534
  -4.9657
  -4.9814
  -4.9993
  -5.0209
  -5.0429
  -5.0652
  -5.0868
  -5.1115
  -5.1437
  -5.1683
  -5.1985
  -5.2270
  -5.2510
  -5.2747
  -5.3013
  -5.3253
  -5.3447
  -5.3615
  -5.3752
  -5.3920
  -5.4043
  -5.4226
  -5.4373
  -5.4532
  -5.4629
  -5.4680
  -5.4746
  -5.4782
  -5.4802
  -5.4809
  -5.4829
  -5.4880
  -5.4852
  -5.4880
  -5.4861
  -5.4841
  -5.4823
  -5.4764
  -5.4697
  -5.4662
  -5.4635
  -5.4600
  -5.4565
  -5.4473
  -5.4410
  -5.4349
  -5.4285
  -5.4250
  -5.4243
  -5.4266
  -5.4229
  -5.4223
  -5.4218
  -5.4244
  -5.4268
  -5.4297
  -5.4314
  -5.4335
  -5.4314
  -5.4249
  -5.4169
  -5.4050
  -5.3930
  -5.3798
  -5.3649
  -5.3495
  -5.3354
  -5.3207
  -5.3025
  -5.2835
  -5.2654
  -5.2470
  -5.2308
  -5.2172
  -5.2063
  -5.1922
  -5.1793
  -5.1681
  -5.1586
  -5.1509
  -5.1448
  -5.1402
  -5.1339
  -5.1293
  -5.1263
  -5.1249
  -5.1221
  -5.1176
  -5.1161
  -5.1116
  -5.1056
  -5.0966
  -5.0831
  -5.0727
  -5.0536
  -5.0377
  -5.0202
  -4.9999
  -4.9809
  -4.9605
  -4.9402
  -4.9194
  -4.9017
  -4.8855
  -4.8740
  -4.8591
  -4.8487
  -4.8414
  -4.8402
  -4.8391
  -4.8336
  -4.8355
  -4.8330
  -4.8334
  -4.8369
  -4.8403
  -4.8466
  -4.8529
  -4.8577
  -4.8608
  -4.8636
  -4.8662
  -4.8717
  -4.8754
  -4.8804
  -4.8852
  -4.8887
  -4.8896
  -4.8919
  -4.8975
  -4.9002
  -4.9017
  -4.9031
  -4.9030
  -4.9015
  -4.9004
  -4.8996
  -4.8990
  -4.8997
  -4.9019
  -4.9040
  -4.9060
  -4.9078
  -4.9126
  -4.9174
  -4.9207
  -4.9268
  -4.9345
  -4.9422
  -4.9485
  -4.9563
  -4.9654
  -4.9787
  -4.9980
  -5.0220
  -5.0490
  -5.0791
  -5.1124
  -5.1486
  -5.1822
  -5.2173
  -5.2514
  -5.2844
  -5.3160
  -5.3447
  -5.3763
  -5.4096
  -5.4430
  -5.4764
  -5.5082
  -5.5398
  -5.5712
  -5.6025
  -5.6321
  -5.6632
  -5.6942
  -5.7257
  -5.7556
  -5.7855
  -5.8155
  -5.8455
  -5.8743
  -5.9035
  -5.9324
  -5.9613
  -5.9891
  -6.0183
  -6.0472
  -6.0760
  -6.1031
  -6.1299
  -6.1581
  -6.1862
  -6.2175
  -6.2497
  -6.2841
  -6.3188
  -6.3567
  -6.3951
  -6.4337
  -6.4712
  -6.5085
  -6.5446
  -6.5793
  -6.6111
  -6.6410
  -6.6695
  -6.6950
  -6.7188
  -6.7427
  -6.7667
  -6.7909
  -6.8171
  -6.8423
  -6.8648
  -6.8845
  -6.9058
  -6.9257
  -6.9424
  -6.9577
  -6.9743
  -6.9907
  -7.0053
  -7.0183
  -7.0281
  -7.0365
  -7.0391
  -7.0375
  -7.0315
  -7.0241
  -7.0152
  -7.0049
  -6.9964
  -6.9865
  -6.9781
  -6.9664
  -6.9518
  -6.9355
  -6.9161
  -6.8925
  -6.8687
  -6.8451
  -6.8202
  -6.7936
  -6.7657
  -6.7364
  -6.7068
  -6.6757
  -6.6460
  -6.6174
  -6.5888
  -6.5587
  -6.5273
  -6.4960
  -6.4632
  -6.4284
  -6.3948
  -6.3579
  -6.3177
  -6.2785
  -6.2364
  -6.1939
  -6.1529
  -6.1117
  -6.0718
  -6.0304
  -5.9905
  -5.9519
  -5.9132
  -5.8758
  -5.8397
  -5.8017
  -5.7627
  -5.7231
  -5.6798
  -5.6373
  -5.5928
  -5.5451
  -5.4958
  -5.4514
  -5.4034
  -5.3565
  -5.3098
  -5.2644
  -5.2199
  -5.1759
  -5.1306
  -5.0846
  -5.0393
  -4.9942
  -4.9466
  -4.8969
  -4.8479
  -4.7970
  -4.7489
  -4.7022
  -4.6573
  -4.6141
  -4.5713
  -4.5289
  -4.4896
  -4.4490
  -4.4080
  -4.3656
  -4.3216
  -4.2730
  -4.2229
  -4.1700
  -4.1144
  -4.0577
  -4.0010
  -3.9441
  -3.8890
  -3.8352
  -3.7816
  -3.7265
  -3.6714
  -3.6130
  -3.5561
  -3.5005
  -3.4434
  -3.3891
  -3.3364
  -3.2850
  -3.2366
  -3.1885
  -3.1435
  -3.0943
  -3.0443
  -2.9917
  -2.9367
  -2.8824
  -2.8312
  -2.7834
  -2.7360
  -2.6926
  -2.6489
  -2.6070
  -2.5646
  -2.5238
  -2.4802
  -2.4398
  -2.4025
  -2.3635
  -2.3242
  -2.2852
  -2.2467
  -2.2081
  -2.1688
  -2.1316
  -2.0952
  -2.0655
  -2.0395
  -2.0169
  -1.9947
  -1.9694
  -1.9399
  -1.9089
  -1.8775
  -1.8428
  -1.8080
  -1.7686
  -1.7292
  -1.6840
  -1.6418
  -1.5986
  -1.5599
  -1.5226
  -1.4900
  -1.4604
  -1.4340
  -1.4079
  -1.3818
  -1.3537
  -1.3269
  -1.2953
  -1.2603
  -1.2262
  -1.1935
  -1.1677
  -1.1417
  -1.1174
  -1.0956
  -1.0764
  -1.0545
  -1.0335
  -1.0137
  -0.9923
  -0.9781
  -0.9617
  -0.9484
  -0.9366
  -0.9202
  -0.9010
  -0.8777
  -0.8517
  -0.8209
  -0.7879
  -0.7521
  -0.7143
  -0.6750
  -0.6341
  -0.5990
  -0.5590
  -0.5210
  -0.4839
  -0.4502
  -0.4213
  -0.3953
  -0.3742
  -0.3532
  -0.3315
  -0.3059
  -0.2772
  -0.2429
  -0.2012
  -0.1582
  -0.1126
  -0.0662
  -0.0139
   0.0386
   0.0959
   0.1523
   0.2113
   0.2709
   0.3317
   0.3924
   0.4546
   0.5182
   0.5869
   0.6618
   0.7429
   0.8286
   0.9205
   1.0158
   1.1186
   1.2214
   1.3232
   1.4290
   1.5418
   1.6656
   1.7943
   1.9292
   2.0711
   2.2179
   2.3660
   2.5207
   2.6820
   2.8473
   3.0195
   3.1926
   3.3737
   3.5583
   3.7450
   3.9352
   4.1270
   4.3174
   4.5065
   4.6974
   4.8900
   5.0813
   5.2739
   5.4668
   5.6642
   5.8627
   6.0647
   6.2701
   6.4828
   6.7000
   6.9187
   7.1411
   7.3669
   7.5934
   7.8231
   8.0496
   8.2766
   8.4962
   8.7162
   8.9344
   9.1537
   9.3688
   9.5813
   9.7896
   9.9948
  10.1933
  10.3848
  10.5777
  10.7695
  10.9599
  11.1506
  11.3397
  11.5230
  11.7068
  11.8863
  12.0597
  12.2309
  12.4007
  12.5663
  12.7310
  12.8946
  13.0552
  13.2139
  13.3721
  13.5247
  13.6715
  13.8194
  13.9606
  14.0992
  14.2358
  14.3702
  14.5000
  14.6286
  14.7499
  14.8686
  14.9821
  15.0933
  15.2004
  15.3080
  15.4112
  15.5111
  15.6067
  15.6995
  15.7914
  15.8828
  15.9749
  16.0670
  16.1594
  16.2536
  16.3470
  16.4437
  16.5396
  16.6321
  16.7253
  16.8325
  16.9378
  17.0452
  17.1510
  17.2596
  17.3662
  17.4725
  17.5756
  17.6785
  17.7795
  17.8799
  17.9803
  18.0856
  18.1926
  18.2972
  18.4016
  18.5073
  18.6095
  18.7090
  18.8116
  18.9128
  19.0198
  19.1297
  19.2425
  19.3537
  19.4630
  19.5695
  19.6668
  19.7552
  19.8360
  19.9108
  19.9850
  20.0636
  20.1406
  20.2247
  20.3104
  20.3974
  20.4857
  20.5785
  20.6742
  20.7712
  20.8648
  20.9560
  21.0416
  21.1251
  21.1992
  21.2695
  21.3351
  21.3948
  21.4538
  21.5114
  21.5695
  21.6243
  21.6748
  21.7207
  21.7621
  21.8007
  21.8333
  21.8651
  21.8964
  21.9232
  21.9354
  21.9495
  21.9635
  21.9730
  21.9844
  21.9989
  22.0353
  22.0717
  22.1010
  22.1310
  22.1534
  22.1719
  22.1844
  22.1735
  22.1545
  22.1329
  22.1132
  22.0991
  22.0843
  22.0652
  22.0491
  22.0295
  22.0108
  21.9879
  21.9659
  21.9402
  21.9202
  21.9113
  21.9115
  21.9234
  21.9461
  21.9742
  22.0046
  22.0351
  22.0593
  22.0775
  22.0897
  22.0988
  22.1079
  22.1189
  22.1322
  22.1491
  22.1668
  22.1908
  22.2231
  22.2690
  22.3231
  22.3799
  22.4427
  22.5108
  22.5783
  22.6412
  22.7066
  22.7703
  22.8303
  22.8844
  22.9347
  22.9823
  23.0278
  23.0763
  23.1290
  23.1819
  23.2315
  23.2846
  23.3432
  23.3986
  23.4517
  23.4824
  23.5117
  23.5465
  23.5763
  23.6112
  23.6499
  23.6941
  23.7535
  23.8174
  23.8795
  23.9356
  23.9876
  24.0419
  24.1008
  24.1555
  24.2094
  24.2619
  24.3179
  24.3696
  24.4261
  24.4765
  24.5196
  24.5557
  24.5826
  24.5983
  24.6070
  24.6059
  24.5986
  24.5909
  24.5845
  24.5792
  24.5753
  24.5691
  24.5557
  24.5376
  24.5172
  24.4981
  24.4815
  24.4580
  24.4310
  24.4031
  24.3819
  24.3501
  24.3052
  24.2539
  24.1974
  24.1321
  24.0641
  23.9998
  23.9444
  23.8973
  23.8622
  23.8352
  23.8100
  23.7827
  23.7539
  23.7223
  23.6850
  23.6404
  23.5941
  23.5484
  23.4979
  23.4507
  23.4033
  23.3592
  23.3167
  23.2764
  23.2351
  23.2007
  23.1703
  23.1449
  23.1265
  23.1074
  23.0863
  23.0566
  23.0248
  22.9903
  22.9590
  22.9220
  22.8859
  22.8504
  22.8159
  22.7860
  22.7606
  22.7364
  22.7155
  22.6953
  22.6804
  22.6690
  22.6638
  22.6618
  22.6628
  22.6606
  22.6594
  22.6593
  22.6613
  22.6629
  22.6606
  22.6511
  22.6394
  22.6175
  22.5920
  22.5586
  22.5305
  22.5029
  22.4752
  22.4488
  22.4228
  22.3959
  22.3686
  22.3366
  22.3018
  22.2627
  22.2251
  22.1897
  22.1530
  22.1140
  22.0805
  22.0477
  22.0223
  22.0029
  21.9872
  21.9795
  21.9754
  21.9741
  21.9776
  21.9829
  21.9811
  21.9686
  21.9565
  21.9463
  21.9134
  21.8675
  21.8160
  21.7577
  21.7007
  21.6384
  21.5729
  21.4988
  21.4269
  21.3555
  21.2829
  21.2030
  21.1145
  21.0167
  20.9140
  20.8055
  20.6902
  20.5772
  20.4627
  20.3584
  20.2599
  20.1645
  20.0699
  19.9729
  19.8819
  19.7966
  19.7174
  19.6408
  19.5670
  19.4969
  19.4355
  19.3726
  19.3086
  19.2518
  19.2032
  19.1635
  19.1336
  19.1115
  19.1012
  19.0968
  19.0955
  19.0940
  19.0859
  19.0644
  19.0359
  19.0044
  18.9726
  18.9387
  18.9072
  18.8767
  18.8417
  18.7998
  18.7529
  18.7063
  18.6617
  18.6165
  18.5708
  18.5305
  18.4991
  18.4656
  18.4278
  18.4122
  18.4065
  18.4012
  18.4028
  18.4064
  18.4165
  18.4252
  18.4224
  18.4222
  18.4227
  18.4282
  18.4411
  18.4563
  18.4792
  18.4993
  18.5243
  18.5642
  18.6072
  18.6489
  18.6767
  18.7000
  18.7205
  18.7316
  18.7221
  18.6988
  18.6524
  18.5681
  18.4723
  18.3748
  18.2769
  18.1805
  18.0938
  18.0170
  17.9433
  17.8724
  17.7973
  17.7162
  17.6358
  17.5492
  17.4504
  17.3524
  17.2579
  17.1550
  17.0406
  16.9239
  16.8036
  16.6771
  16.5575
  16.4347
  16.3122
  16.1909
  16.0796
  15.9785
  15.8753
  15.7699
  15.6610
  15.5475
  15.4247
  15.2926
  15.1538
  15.0093
  14.8620
  14.7127
  14.5673
  14.4243
  14.2863
  14.1563
  14.0371
  13.9383
  13.8450
  13.7578
  13.6792
  13.6093
  13.5483
  13.4914
  13.4451
  13.4006
  13.3510
  13.2971
  13.2448
  13.1885
  13.1288
  13.0660
  13.0108
  12.9750
  12.9472
  12.9322
  12.9499
  12.9793
  13.0123
  13.0485
  13.0849
  13.1127
  13.1356
  13.1531
  13.1693
  13.1877
  13.2069
  13.2212
  13.2313
  13.2457
  13.2574
  13.2619
  13.2755
  13.3078
  13.3445
  13.3879
  13.4427
  13.4931
  13.5448
  13.5946
  13.6428
  13.6854
  13.7185
  13.7484
  13.7745
  13.8008
  13.8307
  13.8704
  13.9185
  13.9733
  14.0348
  14.0962
  14.1589
  14.2206
  14.2807
  14.3368
  14.3820
  14.4204
  14.4526
  14.4742
  14.4860
  14.4839
  14.4746
  14.4573
  14.4343
  14.4057
  14.3689
  14.3297
  14.2874
  14.2439
  14.2021
  14.1644
  14.1257
  14.0911
  14.0605
  14.0290
  14.0010
  13.9680
  13.9316
  13.8872
  13.8356
  13.7770
  13.7204
  13.6614
  13.6007
  13.5369
  13.4742
  13.4152
  13.3601
  13.3108
  13.2660
  13.2192
  13.1721
  13.1220
  13.0661
  13.0028
  12.9377
  12.8656
  12.7867
  12.7023
  12.6108
  12.5124
  12.4065
  12.2945
  12.1772
  12.0295
  11.8800
  11.7304
  11.5809
  11.4328
  11.2861
  11.1421
  11.0020
  10.8647
  10.7304
  10.5976
  10.4666
  10.3383
  10.2096
  10.0789
   9.9467
   9.8160
   9.6841
   9.5506
   9.4166
   9.2842
   9.1547
   9.0298
   8.9030
   8.7785
   8.6541
   8.5296
   8.4007
   8.2735
   8.1397
   7.9995
   7.8593
   7.7192
   7.5792
   7.4414
   7.3084
   7.1775
   7.0524
   6.9254
   6.8011
   6.6784
   6.5588
   6.4370
   6.3148
   6.1932
   6.0740
   5.9526
   5.8337
   5.7129
   5.5941
   5.4803
   5.3712
   5.2621
   5.1575
   5.0580
   4.9654
   4.8783
   4.7995
   4.7270
   4.6600
   4.5988
   4.5683
   4.5391
   4.5081
   4.2950
   4.0766
   3.8577
   3.6325
   3.4028
   3.1697
   2.9359
   2.7020
   2.4693
   2.2382
   2.0114
   1.7867
   1.5643
   1.3378
   1.1127
   0.8865
   0.6609
   0.4321
   0.2060
  -0.0172
  -0.2415
  -0.4642
  -0.6793
  -0.8930
  -1.1064
  -1.3178
  -1.5269
  -1.7330
  -1.9373
  -2.1435
