  -0.8208
  -0.9073
  -0.9938
  -1.0819
  -1.1718
  -1.2633
  -1.3566
  -1.4499
  -1.5414
  -1.6314
  -1.7214
  -1.8114
  -1.9031
  -1.9932
  -2.0850
  -2.1784
  -2.2702
  -2.3636
  -2.4571
  -2.5507
  -2.6443
  -2.7379
  -2.8316
  -2.9253
  -3.0190
  -3.1111
  -3.2016
  -3.2904
  -3.3793
  -3.4682
  -3.5554
  -3.6427
  -3.7183
  -3.7874
  -3.8482
  -3.9005
  -3.9448
  -3.9806
  -4.0117
  -4.0414
  -4.0694
  -4.1012
  -4.1331
  -4.1685
  -4.2025
  -4.2382
  -4.2757
  -4.3132
  -4.3508
  -4.3882
  -4.4272
  -4.4643
  -4.5032
  -4.5386
  -4.5739
  -4.6075
  -4.6392
  -4.6709
  -4.6991
  -4.7272
  -4.7520
  -4.7767
  -4.7997
  -4.8178
  -4.8359
  -4.8525
  -4.8641
  -4.8690
  -4.8755
  -4.8838
  -4.8904
  -4.8953
  -4.9053
  -4.9068
  -4.9083
  -4.9097
  -4.9079
  -4.9096
  -4.9112
  -4.9144
  -4.9159
  -4.9223
  -4.9302
  -4.9381
  -4.9493
  -4.9636
  -4.9813
  -5.0021
  -5.0279
  -5.0551
  -5.0822
  -5.1060
  -5.1314
  -5.1583
  -5.1801
  -5.2000
  -5.2185
  -5.2383
  -5.2599
  -5.2827
  -5.3071
  -5.3312
  -5.3599
  -5.3886
  -5.4171
  -5.4471
  -5.4789
  -5.5089
  -5.5391
  -5.5710
  -5.6048
  -5.6404
  -5.6745
  -5.7053
  -5.7364
  -5.7610
  -5.7890
  -5.8123
  -5.8357
  -5.8576
  -5.8779
  -5.8949
  -5.9103
  -5.9274
  -5.9478
  -5.9682
  -5.9852
  -6.0055
  -6.0308
  -6.0496
  -6.0650
  -6.0855
  -6.1109
  -6.1247
  -6.1437
  -6.1693
  -6.1917
  -6.2175
  -6.2449
  -6.2690
  -6.2949
  -6.3209
  -6.3421
  -6.3600
  -6.3813
  -6.3994
  -6.4126
  -6.4259
  -6.4409
  -6.4461
  -6.4465
  -6.4469
  -6.4525
  -6.4598
  -6.4655
  -6.4796
  -6.4988
  -6.5214
  -6.5441
  -6.5685
  -6.5880
  -6.6025
  -6.6137
  -6.6217
  -6.6280
  -6.6327
  -6.6391
  -6.6470
  -6.6549
  -6.6611
  -6.6640
  -6.6619
  -6.6547
  -6.6476
  -6.6387
  -6.6298
  -6.6258
  -6.6168
  -6.6110
  -6.6052
  -6.6027
  -6.6018
  -6.6010
  -6.6035
  -6.6059
  -6.6050
  -6.6041
  -6.6048
  -6.6021
  -6.6044
  -6.6116
  -6.6238
  -6.6375
  -6.6496
  -6.6732
  -6.6967
  -6.7168
  -6.7368
  -6.7534
  -6.7682
  -6.7863
  -6.7961
  -6.8073
  -6.8186
  -6.8314
  -6.8391
  -6.8469
  -6.8545
  -6.8605
  -6.8432
  -6.8408
  -6.8401
  -6.8394
  -6.8403
  -6.8445
  -6.8437
  -6.8411
  -6.8352
  -6.8259
  -6.8115
  -6.7938
  -6.7760
  -6.7599
  -6.7421
  -6.7210
  -6.7065
  -6.6885
  -6.6689
  -6.6475
  -6.6262
  -6.6031
  -6.5766
  -6.5601
  -6.5385
  -6.5152
  -6.4935
  -6.4767
  -6.4599
  -6.4380
  -6.4195
  -6.4009
  -6.3857
  -6.3621
  -6.3418
  -6.3215
  -6.2929
  -6.2693
  -6.2389
  -6.2103
  -6.1816
  -6.1462
  -6.1109
  -6.0722
  -6.0335
  -5.9948
  -5.9545
  -5.9191
  -5.8771
  -5.8433
  -5.8063
  -5.7693
  -5.7289
  -5.6935
  -5.6614
  -5.6359
  -5.6170
  -5.6063
  -5.6022
  -5.6048
  -5.6107
  -5.6382
  -5.6556
  -5.6746
  -5.6886
  -5.6992
  -5.7032
  -5.7124
  -5.7216
  -5.7325
  -5.7482
  -5.7690
  -5.7930
  -5.8204
  -5.8494
  -5.8833
  -5.9189
  -5.9512
  -5.9834
  -6.0157
  -6.0462
  -6.0751
  -6.1039
  -6.1344
  -6.1517
  -6.1673
  -6.1813
  -6.1886
  -6.1859
  -6.1800
  -6.1757
  -6.1681
  -6.1573
  -6.1414
  -6.1339
  -6.1264
  -6.1155
  -6.1114
  -6.1072
  -6.1081
  -6.1056
  -6.1065
  -6.1041
  -6.0967
  -6.0877
  -6.0720
  -6.0531
  -6.0292
  -5.9971
  -5.9698
  -5.9344
  -5.9072
  -5.8834
  -5.8629
  -5.8506
  -5.8401
  -5.8295
  -5.8172
  -5.8017
  -5.7844
  -5.7655
  -5.7432
  -5.7209
  -5.7020
  -5.6813
  -5.6641
  -5.6468
  -5.6294
  -5.6118
  -5.5942
  -5.5716
  -5.5440
  -5.5148
  -5.4839
  -5.4530
  -5.4220
  -5.3894
  -5.3584
  -5.3258
  -5.2948
  -5.2588
  -5.2195
  -5.1768
  -5.1342
  -5.0932
  -5.0555
  -5.0244
  -4.9967
  -4.9772
  -4.9643
  -4.9514
  -4.9402
  -4.9289
  -4.9193
  -4.9080
  -4.8950
  -4.8803
  -4.8656
  -4.8509
  -4.8377
  -4.8246
  -4.8131
  -4.7999
  -4.7917
  -4.7868
  -4.7851
  -4.7868
  -4.7885
  -4.7900
  -4.7966
  -4.8032
  -4.8114
  -4.8179
  -4.8193
  -4.8192
  -4.8124
  -4.8006
  -4.7806
  -4.7539
  -4.7238
  -4.6873
  -4.6457
  -4.6025
  -4.5560
  -4.5078
  -4.4613
  -4.4164
  -4.3748
  -4.3349
  -4.2950
  -4.2534
  -4.2136
  -4.1753
  -4.1387
  -4.1021
  -4.0638
  -4.0256
  -3.9874
  -3.9492
  -3.9093
  -3.8695
  -3.8313
  -3.7948
  -3.7600
  -3.7252
  -3.6904
  -3.6556
  -3.6209
  -3.5862
  -3.5482
  -3.5102
  -3.4739
  -3.4393
  -3.4014
  -3.3635
  -3.3273
  -3.2927
  -3.2598
  -3.2269
  -3.1939
  -3.1610
  -3.1281
  -3.0968
  -3.0639
  -3.0309
  -2.9979
  -2.9649
  -2.9286
  -2.8906
  -2.8510
  -2.8097
  -2.7667
  -2.7204
  -2.6725
  -2.6262
  -2.5832
  -2.5401
  -2.5003
  -2.4605
  -2.4241
  -2.3860
  -2.3479
  -2.3114
  -2.2782
  -2.2483
  -2.2201
  -2.1902
  -2.1603
  -2.1304
  -2.0988
  -2.0656
  -2.0324
  -1.9993
  -1.9661
  -1.9313
  -1.8982
  -1.8651
  -1.8320
  -1.8005
  -1.7657
  -1.7293
  -1.6945
  -1.6614
  -1.6298
  -1.5999
  -1.5717
  -1.5434
  -1.5184
  -1.4935
  -1.4735
  -1.4567
  -1.4417
  -1.4266
  -1.4115
  -1.3980
  -1.3862
  -1.3744
  -1.3610
  -1.3459
  -1.3291
  -1.3107
  -1.2906
  -1.2705
  -1.2505
  -1.2337
  -1.2169
  -1.2002
  -1.1834
  -1.1682
  -1.1548
  -1.1445
  -1.1326
  -1.1208
  -1.1122
  -1.1036
  -1.0917
  -1.0782
  -1.0630
  -1.0445
  -1.0260
  -1.0058
  -0.9889
  -0.9802
  -0.9782
  -0.9794
  -0.9838
  -0.9916
  -1.0027
  -1.0170
  -1.0296
  -1.0439
  -1.0598
  -1.0757
  -1.0881
  -1.1006
  -1.1131
  -1.1222
  -1.1330
  -1.1437
  -1.1578
  -1.1767
  -1.2006
  -1.2261
  -1.2533
  -1.2821
  -1.3109
  -1.3381
  -1.3652
  -1.3906
  -1.4144
  -1.4348
  -1.4535
  -1.4705
  -1.4875
  -1.5045
  -1.5247
  -1.5449
  -1.5651
  -1.5853
  -1.6071
  -1.6305
  -1.6555
  -1.6806
  -1.7023
  -1.7239
  -1.7439
  -1.7623
  -1.7822
  -1.8005
  -1.8205
  -1.8422
  -1.8621
  -1.8838
  -1.9054
  -1.9254
  -1.9438
  -1.9622
  -1.9772
  -1.9923
  -2.0058
  -2.0225
  -2.0393
  -2.0560
  -2.0678
  -2.0763
  -2.0814
  -2.0833
  -2.0803
  -2.0772
  -2.0709
  -2.0646
  -2.0566
  -2.0470
  -2.0358
  -2.0262
  -2.0150
  -2.0021
  -1.9893
  -1.9731
  -1.9537
  -1.9244
  -1.8886
  -1.8462
  -1.7972
  -1.7432
  -1.6859
  -1.6287
  -1.5747
  -1.5289
  -1.4947
  -1.4752
  -1.4689
  -1.4708
  -1.4776
  -1.4861
  -1.4880
  -1.4817
  -1.4639
  -1.4362
  -1.4020
  -1.3612
  -1.3156
  -1.2698
  -1.2225
  -1.1785
  -1.1362
  -1.0987
  -1.0646
  -1.0321
  -1.0013
  -0.9671
  -0.9330
  -0.8972
  -0.8597
  -0.8222
  -0.7864
  -0.7522
  -0.7213
  -0.6904
  -0.6578
  -0.6285
  -0.5976
  -0.5683
  -0.5390
  -0.5096
  -0.4770
  -0.4444
  -0.4102
  -0.3760
  -0.3401
  -0.3058
  -0.2699
  -0.2339
  -0.2013
  -0.1703
  -0.1409
  -0.1180
  -0.0985
  -0.0839
  -0.0758
  -0.0694
  -0.0679
  -0.0697
  -0.0813
  -0.1044
  -0.1307
  -0.1522
  -0.1753
  -0.1985
  -0.2117
  -0.2117
  -0.1954
  -0.1626
  -0.1183
  -0.0658
  -0.0117
   0.0359
   0.0770
   0.1098
   0.1345
   0.1526
   0.1657
   0.1756
   0.1872
   0.1955
   0.2054
   0.2186
   0.2352
   0.2533
   0.2732
   0.2930
   0.3128
   0.3310
   0.3459
   0.3591
   0.3724
   0.3841
   0.3941
   0.4025
   0.4076
   0.4127
   0.4228
   0.4345
   0.4495
   0.4694
   0.4942
   0.5207
   0.5505
   0.5820
   0.6119
   0.6450
   0.6813
   0.7161
   0.7558
   0.7971
   0.8400
   0.8847
   0.9358
   0.9854
   1.0350
   1.0862
   1.1357
   1.1837
   1.2284
   1.2780
   1.3341
   1.3887
   1.4350
   1.4814
   1.5294
   1.5775
   1.6304
   1.6784
   1.7182
   1.7531
   1.7848
   1.8164
   1.8431
   1.8551
   1.8605
   1.8610
   1.8632
   1.8637
   1.8643
   1.8631
   1.8588
   1.8495
   1.8402
   1.8325
   1.8298
   1.8303
   1.8292
   1.8199
   1.8090
   1.7964
   1.7839
   1.7713
   1.7654
   1.7627
   1.7632
   1.7655
   1.7710
   1.7814
   1.8066
   1.8317
   1.8487
   1.8607
   1.8843
   1.9144
   1.9493
   1.9876
   2.0226
   2.0494
   2.0747
   2.1064
   2.1463
   2.1813
   2.2132
   2.2400
   2.2735
   2.3118
   2.3567
   2.4065
   2.4579
   2.5093
   2.5624
   2.6188
   2.6784
   2.7381
   2.7977
   2.8589
   2.9219
   2.9815
   3.0461
   3.1156
   3.1851
   3.2547
   3.3259
   3.4036
   3.4994
   3.6018
   3.7074
   3.8098
   3.9171
   4.0227
   4.1332
   4.2537
   4.3839
   4.5157
   4.6508
   4.7876
   4.9227
   5.0628
   5.2062
   5.3496
   5.4964
   5.6431
   5.7931
   5.9415
   6.0899
   6.2432
   6.3982
   6.5498
   6.6950
   6.8270
   6.9608
   7.0994
   7.2413
   7.3702
   7.4940
   7.6131
   7.7353
   7.8576
   7.9898
   8.1268
   8.2541
   8.3764
   8.5053
   8.6325
   8.7614
   8.8903
   9.0225
   9.1597
   9.3033
   9.4486
   9.5988
   9.7490
   9.8960
  10.0430
  10.1916
  10.3452
  10.4939
  10.6360
  10.7782
  10.9219
  11.0706
  11.2242
  11.3810
  11.5314
  11.6768
  11.8157
  11.9498
  12.0920
  12.2407
  12.3878
  12.5333
  12.6740
  12.8129
  12.9485
  13.0826
  13.2134
  13.3377
  13.4619
  13.5780
  13.6957
  13.8183
  13.9393
  14.0586
  14.1730
  14.2890
  14.4066
  14.5242
  14.6418
  14.7595
  14.8770
  14.9930
  15.1057
  15.2184
  15.3278
  15.4356
  15.5402
  15.6431
  15.7412
  15.8393
  15.9357
  16.0304
  16.1268
  16.2216
  16.3147
  16.4094
  16.5042
  16.5973
  16.6855
  16.7655
  16.8341
  16.8979
  16.9551
  17.0041
  17.0498
  17.0956
  17.1479
  17.2001
  17.2572
  17.3241
  17.3911
  17.4563
  17.5200
  17.5837
  17.6473
  17.7158
  17.7925
  17.8822
  17.9833
  18.0762
  18.1675
  18.2571
  18.3517
  18.4478
  18.5440
  18.6402
  18.7380
  18.8293
  18.9173
  18.9971
  19.0754
  19.1390
  19.1962
  19.2550
  19.3186
  19.3937
  19.4737
  19.5423
  19.5995
  19.6503
  19.7091
  19.7696
  19.8252
  19.8743
  19.9217
  19.9773
  20.0606
  20.1586
  20.2745
  20.4116
  20.5698
  20.7411
  20.9206
  21.0984
  21.2746
  21.4493
  21.6239
  21.7904
  21.9505
  22.1040
  22.2526
  22.4045
  22.5662
  22.7442
  22.9305
  23.1282
  23.3275
  23.5219
  23.7115
  23.8978
  24.0810
  24.2624
  24.4359
  24.6092
  24.7615
  24.8910
  25.0140
  25.1257
  25.2097
  25.2710
  25.3291
  25.4165
  25.5397
  25.6857
  25.8496
  26.0201
  26.1791
  26.3349
  26.5102
  26.6919
  26.8818
  27.0814
  27.2989
  27.5180
  27.7208
  27.9219
  28.1377
  28.3486
  28.5740
  28.8125
  29.0574
  29.2893
  29.5147
  29.7402
  29.9689
  30.1960
  30.4100
  30.5882
  30.7485
  30.8875
  31.0038
  31.0972
  31.1743
  31.2482
  31.3204
  31.3893
  31.4582
  31.5320
  31.6188
  31.7153
  31.8168
  31.9182
  32.0277
  32.1518
  32.2840
  32.4324
  32.5888
  32.7534
  32.9180
  33.0776
  33.2291
  33.3675
  33.4945
  33.6166
  33.7274
  33.8593
  34.0205
  34.2011
  34.3964
  34.6128
  34.8405
  35.0682
  35.2600
  35.4128
  35.5379
  35.6435
  35.7328
  35.8254
  35.9164
  35.9976
  36.0805
  36.1570
  36.2253
  36.2774
  36.3279
  36.4077
  36.5102
  36.6061
  36.6972
  36.7769
  36.8389
  36.9024
  36.9806
  37.0718
  37.1711
  37.2753
  37.3633
  37.4659
  37.5815
  37.7084
  37.8499
  37.9979
  38.1541
  38.3150
  38.4791
  38.6578
  38.8494
  39.0394
  39.2244
  39.4061
  39.5813
  39.7532
  39.9283
  40.0921
  40.2364
  40.3677
  40.4925
  40.6108
  40.7257
  40.8438
  40.9734
  41.1143
  41.2584
  41.4074
  41.5645
  41.7313
  41.8981
  42.0534
  42.1974
  42.3349
  42.4610
  42.5806
  42.6970
  42.8069
  42.9183
  43.0314
  43.1510
  43.2901
  43.4471
  43.6154
  43.7869
  43.9616
  44.1493
  44.3451
  44.5555
  44.7707
  44.9648
  45.1213
  45.2551
  45.3919
  45.5401
  45.7044
  45.8653
  46.0149
  46.1579
  46.3057
  46.4550
  46.6045
  46.7295
  46.8368
  46.9279
  47.0061
  47.0632
  47.1153
  47.1674
  47.2196
  47.2718
  47.3257
  47.3861
  47.4499
  47.5169
  47.5823
  47.6510
  47.7166
  47.7821
  47.8411
  47.8887
  47.9233
  47.9481
  47.9729
  47.9929
  48.0032
  48.0103
  48.0222
  48.0358
  48.0511
  48.0679
  48.0831
  48.1032
  48.1201
  48.1385
  48.1683
  48.2078
  48.2537
  48.3077
  48.3584
  48.4075
  48.4467
  48.4681
  48.4683
  48.4491
  48.4119
  48.3585
  48.2905
  48.2110
  48.1267
  48.0425
  47.9632
  47.8937
  47.8275
  47.7582
  47.6824
  47.6002
  47.5181
  47.4359
  47.3523
  47.2621
  47.1656
  47.0819
  47.0064
  46.9341
  46.8636
  46.7850
  46.7227
  46.6621
  46.6032
  46.5362
  46.4563
  46.3649
  46.2671
  46.1658
  46.0581
  45.9505
  45.8396
  45.7287
  45.6160
  45.5002
  45.3844
  45.2655
  45.1449
  45.0146
  44.8826
  44.7523
  44.6204
  44.4820
  44.3404
  44.1940
  44.0410
  43.8817
  43.7127
  43.5437
  43.3682
  43.1863
  43.0012
  42.8129
  42.6230
  42.4347
  42.2448
  42.0551
  41.8654
  41.6822
  41.5055
  41.3354
  41.1751
  41.0214
  40.8741
  40.7318
  40.5895
  40.4472
  40.3016
  40.1512
  39.9976
  39.8376
  39.6727
  39.5014
  39.3204
  39.1362
  38.9552
  38.7856
  38.6289
  38.4851
  38.3526
  38.2232
  38.0970
  37.9644
  37.8204
  37.6651
  37.5017
  37.3335
  37.1637
  36.9971
  36.8355
  36.6803
  36.5122
  36.3279
  36.1339
  35.9336
  35.7364
  35.5409
  35.3454
  35.1466
  34.9495
  34.7539
  34.5648
  34.3822
  34.2060
  34.0312
  33.8565
  33.6832
  33.5099
  33.3397
  33.1695
  32.9994
  32.8259
  32.6508
  32.4757
  32.2989
  32.1190
  31.9374
  31.7574
  31.5823
  31.4056
  31.2321
  31.0603
  30.8835
  30.7034
  30.5218
  30.3353
  30.1455
  29.9542
  29.7629
  29.5750
  29.3854
  29.1991
  29.0176
  28.8393
  28.6692
  28.4957
  28.3125
  28.1212
  27.9185
  27.7093
  27.5002
  27.2927
  27.0884
  26.8889
  26.6992
  26.5223
  26.3599
  26.2073
  26.0578
  25.9067
  25.7523
  25.5915
  25.4467
  25.3198
  25.2009
  25.0869
  24.9729
  24.8607
  24.7532
  24.6491
  24.5434
  24.4363
  24.3260
  24.2110
  24.0928
  23.9748
  23.8586
  23.7376
  23.6150
  23.4909
  23.3666
  23.2409
  23.1233
  23.0073
  22.8945
  22.7834
  22.6741
  22.5664
  22.4571
  22.3446
  22.2353
  22.1244
  22.0103
  21.8964
  21.7825
  21.6686
  21.5547
  21.4505
  21.3658
  21.3035
  21.2541
  21.2166
  21.1832
  21.1487
  21.1113
  21.0694
  21.0275
  20.9856
  20.9451
  20.9159
  20.8929
  20.8714
  20.8499
  20.8300
  20.8067
  20.7786
  20.7393
  20.6887
  20.6253
  20.5522
  20.4728
  20.3886
  20.3044
  20.2202
  20.1375
  20.0596
  19.9864
  19.9179
  19.8494
  19.7776
  19.7042
  19.6324
  19.5620
  19.4852
  19.4052
  19.3300
  19.2629
  19.2005
  19.1463
  19.1002
  19.0591
  19.0229
  18.9899
  18.9571
  18.9260
  18.8902
  18.8512
  18.8105
  18.7683
  18.7294
  18.6889
  18.6485
  18.6127
  18.5866
  18.5683
  18.2756
  17.9746
  17.6703
  17.3496
  17.0047
  16.6338
  16.2451
  15.8445
  15.4412
  15.0390
  14.6475
  14.2621
  13.8829
  13.5053
  13.1278
  12.7421
  12.3500
  11.9546
  11.5592
  11.1636
  10.7713
  10.3804
   9.9925
   9.6044
   9.2195
   8.8392
   8.4653
   8.0928
   7.7235
   7.3508
