  -5.3502
  -5.6666
  -5.9791
  -6.2882
  -6.5968
  -6.9025
  -7.2056
  -7.5098
  -7.8136
  -8.1148
  -8.4167
  -8.7186
  -9.0199
  -9.3212
  -9.6259
  -9.9338
 -10.2435
 -10.5548
 -10.8668
 -11.1805
 -11.4952
 -11.8108
 -12.1270
 -12.4395
 -12.7516
 -13.0643
 -13.3773
 -13.6864
 -13.9921
 -14.2982
 -14.6021
 -14.6610
 -14.7117
 -14.7559
 -14.7930
 -14.8343
 -14.8584
 -14.8889
 -14.9010
 -14.9070
 -14.9067
 -14.8918
 -14.8735
 -14.8483
 -14.8113
 -14.7737
 -14.7265
 -14.6816
 -14.6355
 -14.5939
 -14.5573
 -14.5247
 -14.4938
 -14.4652
 -14.4366
 -14.4131
 -14.3947
 -14.3797
 -14.3682
 -14.3578
 -14.3475
 -14.3429
 -14.3366
 -14.3231
 -14.3108
 -14.2923
 -14.2711
 -14.2490
 -14.2262
 -14.2018
 -14.1779
 -14.1524
 -14.1285
 -14.1042
 -14.0822
 -14.0590
 -14.0326
 -14.0015
 -13.9716
 -13.9445
 -13.9202
 -13.8996
 -13.8830
 -13.8664
 -13.8576
 -13.8531
 -13.8520
 -13.8586
 -13.8702
 -13.8890
 -13.9101
 -13.9335
 -13.9586
 -13.9910
 -14.0263
 -14.0668
 -14.1000
 -14.1494
 -14.1904
 -14.2511
 -14.3190
 -14.3948
 -14.4879
 -14.5820
 -14.6830
 -14.7935
 -14.8978
 -15.0049
 -15.1052
 -15.2038
 -15.2950
 -15.3789
 -15.4543
 -15.5219
 -15.5816
 -15.6337
 -15.6777
 -15.7112
 -15.7390
 -15.7607
 -15.7786
 -15.7931
 -15.8026
 -15.8093
 -15.8203
 -15.8302
 -15.8424
 -15.8569
 -15.8706
 -15.8788
 -15.8849
 -15.8891
 -15.8938
 -15.8937
 -15.8918
 -15.8862
 -15.8763
 -15.8639
 -15.8544
 -15.8392
 -15.8201
 -15.7953
 -15.7645
 -15.7258
 -15.6848
 -15.6371
 -15.5811
 -15.5217
 -15.4561
 -15.3828
 -15.2990
 -15.2118
 -15.1205
 -15.0263
 -14.9259
 -14.8224
 -14.7159
 -14.6070
 -14.4937
 -14.3774
 -14.2573
 -14.1334
 -14.0029
 -13.8691
 -13.7359
 -13.5988
 -13.4610
 -13.3271
 -13.1944
 -13.0588
 -12.9211
 -12.7819
 -12.6410
 -12.5014
 -12.3612
 -12.2232
 -12.0902
 -11.9579
 -11.8289
 -11.6998
 -11.5729
 -11.4464
 -11.3189
 -11.1924
 -11.0670
 -10.9405
 -10.8153
 -10.6904
 -10.5646
 -10.4425
 -10.3253
 -10.2108
 -10.1002
  -9.9914
  -9.8872
  -9.7852
  -9.6868
  -9.5929
  -9.5036
  -9.4160
  -9.3329
  -9.2495
  -9.1699
  -9.0938
  -9.0216
  -8.9500
  -8.8796
  -8.8115
  -8.7440
  -8.6705
  -8.6028
  -8.5366
  -8.4693
  -8.4025
  -8.3378
  -8.2716
  -8.2083
  -8.1463
  -8.0855
  -8.0265
  -7.9677
  -7.9111
  -7.8550
  -7.7995
  -7.7442
  -7.6921
  -7.6423
  -7.5942
  -7.5468
  -7.5005
  -7.4560
  -7.4115
  -7.3746
  -7.3385
  -7.3053
  -7.2760
  -7.2493
  -7.2238
  -7.1978
  -7.1740
  -7.1525
  -7.1309
  -7.1078
  -7.0869
  -7.0671
  -7.0448
  -7.0263
  -7.0058
  -6.9857
  -6.9680
  -6.9482
  -6.9296
  -6.9088
  -6.8880
  -6.8671
  -6.8458
  -6.8271
  -6.8042
  -6.7826
  -6.7601
  -6.7386
  -6.7162
  -6.6952
  -6.6764
  -6.6607
  -6.6483
  -6.6394
  -6.6337
  -6.6300
  -6.6274
  -6.6312
  -6.6355
  -6.6436
  -6.6514
  -6.6604
  -6.6652
  -6.6601
  -6.6549
  -6.6503
  -6.6495
  -6.6479
  -6.6485
  -6.6500
  -6.6521
  -6.6591
  -6.6677
  -6.6753
  -6.6818
  -6.6871
  -6.6931
  -6.7008
  -6.7097
  -6.7190
  -6.7232
  -6.7269
  -6.7290
  -6.7290
  -6.7272
  -6.7243
  -6.7197
  -6.7130
  -6.7064
  -6.6971
  -6.6870
  -6.6757
  -6.6623
  -6.6486
  -6.6326
  -6.6170
  -6.5992
  -6.5802
  -6.5579
  -6.5318
  -6.5052
  -6.4755
  -6.4425
  -6.4068
  -6.3664
  -6.3286
  -6.2882
  -6.2470
  -6.2022
  -6.1562
  -6.1137
  -6.0718
  -6.0287
  -5.9863
  -5.9429
  -5.8977
  -5.8544
  -5.8123
  -5.7702
  -5.7269
  -5.6819
  -5.6379
  -5.5928
  -5.5522
  -5.5252
  -5.4994
  -5.4733
  -5.4444
  -5.4151
  -5.3864
  -5.3577
  -5.3324
  -5.3067
  -5.2825
  -5.2579
  -5.2360
  -5.2138
  -5.1917
  -5.1686
  -5.1443
  -5.1218
  -5.0991
  -5.0795
  -5.0621
  -5.0484
  -5.0355
  -5.0226
  -5.0125
  -5.0035
  -4.9927
  -4.9849
  -4.9799
  -4.9756
  -4.9713
  -4.9693
  -4.9689
  -4.9708
  -4.9755
  -4.9796
  -4.9864
  -4.9931
  -5.0031
  -5.0140
  -5.0261
  -5.0404
  -5.0551
  -5.0687
  -5.0839
  -5.1009
  -5.1210
  -5.1405
  -5.1580
  -5.1741
  -5.1887
  -5.2025
  -5.2142
  -5.2227
  -5.2297
  -5.2340
  -5.2361
  -5.2377
  -5.2375
  -5.2378
  -5.2459
  -5.2512
  -5.2553
  -5.2589
  -5.2607
  -5.2630
  -5.2681
  -5.2721
  -5.2744
  -5.2744
  -5.2734
  -5.2712
  -5.2662
  -5.2566
  -5.2510
  -5.2448
  -5.2333
  -5.2229
  -5.2080
  -5.1954
  -5.1805
  -5.1576
  -5.1291
  -5.1030
  -5.0716
  -5.0396
  -5.0020
  -4.9667
  -4.9296
  -4.8930
  -4.8535
  -4.8140
  -4.7745
  -4.7327
  -4.6921
  -4.6508
  -4.6090
  -4.5683
  -4.5310
  -4.4937
  -4.4555
  -4.4190
  -4.3810
  -4.3458
  -4.3124
  -4.2780
  -4.2432
  -4.2077
  -4.1766
  -4.1477
  -4.1199
  -4.0898
  -4.0572
  -4.0253
  -3.9957
  -3.9655
  -3.9385
  -3.9137
  -3.8893
  -3.8668
  -3.8432
  -3.8137
  -3.7838
  -3.7545
  -3.7218
  -3.6800
  -3.6438
  -3.6026
  -3.5596
  -3.5166
  -3.4736
  -3.4299
  -3.3841
  -3.3378
  -3.2965
  -3.2512
  -3.2087
  -3.1724
  -3.1332
  -3.0940
  -3.0534
  -3.0060
  -2.9669
  -2.9289
  -2.8844
  -2.8422
  -2.7989
  -2.7595
  -2.7160
  -2.6736
  -2.6250
  -2.5793
  -2.5331
  -2.4807
  -2.4313
  -2.3784
  -2.3243
  -2.2724
  -2.2206
  -2.1675
  -2.1145
  -2.0642
  -2.0145
  -1.9657
  -1.9153
  -1.8637
  -1.8166
  -1.7683
  -1.7191
  -1.6693
  -1.6179
  -1.5644
  -1.5131
  -1.4648
  -1.4175
  -1.3715
  -1.3263
  -1.2821
  -1.2378
  -1.1955
  -1.1554
  -1.1185
  -1.0824
  -1.0513
  -1.0207
  -0.9946
  -0.9790
  -0.9600
  -0.9456
  -0.9347
  -0.9267
  -0.9186
  -0.9127
  -0.9071
  -0.9064
  -0.9039
  -0.9030
  -0.9003
  -0.8977
  -0.8968
  -0.9017
  -0.9095
  -0.9271
  -0.9437
  -0.9633
  -0.9870
  -1.0140
  -1.0446
  -1.0761
  -1.1110
  -1.1471
  -1.1912
  -1.2370
  -1.2833
  -1.3369
  -1.3894
  -1.4444
  -1.5062
  -1.5710
  -1.6387
  -1.7081
  -1.7758
  -1.8406
  -1.9036
  -1.9649
  -2.0268
  -2.0863
  -2.1408
  -2.1959
  -2.2498
  -2.2982
  -2.3432
  -2.3876
  -2.4331
  -2.4785
  -2.5228
  -2.5668
  -2.6109
  -2.6540
  -2.6984
  -2.7402
  -2.7797
  -2.8159
  -2.8510
  -2.8810
  -2.9070
  -2.9303
  -2.9518
  -2.9682
  -2.9830
  -2.9966
  -3.0081
  -3.0187
  -3.0228
  -3.0261
  -3.0263
  -3.0257
  -3.0259
  -3.0263
  -3.0290
  -3.0339
  -3.0365
  -3.0392
  -3.0439
  -3.0526
  -3.0626
  -3.0740
  -3.0848
  -3.0913
  -3.0931
  -3.0869
  -3.0719
  -3.0481
  -3.0178
  -2.9814
  -2.9415
  -2.9000
  -2.8572
  -2.8114
  -2.7637
  -2.7123
  -2.6591
  -2.6087
  -2.5608
  -2.5152
  -2.4714
  -2.4283
  -2.3874
  -2.3471
  -2.3060
  -2.2660
  -2.2282
  -2.1900
  -2.1516
  -2.1092
  -2.0627
  -2.0128
  -1.9594
  -1.9039
  -1.8472
  -1.7878
  -1.7271
  -1.6672
  -1.6077
  -1.5466
  -1.4855
  -1.4276
  -1.3691
  -1.3111
  -1.2527
  -1.1941
  -1.1347
  -1.0750
  -1.0146
  -0.9579
  -0.9023
  -0.8507
  -0.8014
  -0.7530
  -0.7021
  -0.6493
  -0.5954
  -0.5408
  -0.4835
  -0.4224
  -0.3564
  -0.2871
  -0.2141
  -0.1406
  -0.0691
  -0.0018
   0.0596
   0.1140
   0.1617
   0.2034
   0.2384
   0.2704
   0.3003
   0.3295
   0.3597
   0.3908
   0.4202
   0.4500
   0.4811
   0.5132
   0.5472
   0.5825
   0.6208
   0.6613
   0.7003
   0.7388
   0.7756
   0.8092
   0.8393
   0.8709
   0.9029
   0.9360
   0.9682
   1.0007
   1.0337
   1.0677
   1.1010
   1.1327
   1.1642
   1.1944
   1.2229
   1.2518
   1.2811
   1.3109
   1.3412
   1.3700
   1.3983
   1.4255
   1.4532
   1.4792
   1.5059
   1.5339
   1.5657
   1.6018
   1.6409
   1.6775
   1.7152
   1.7547
   1.7952
   1.8384
   1.8813
   1.9113
   1.9283
   1.9444
   1.9582
   1.9682
   1.9738
   1.9764
   1.9763
   1.9779
   1.9813
   1.9882
   1.9957
   2.0035
   2.0097
   2.0171
   2.0239
   2.0309
   2.0367
   2.0419
   2.0355
   2.0251
   2.0119
   1.9988
   1.9845
   1.9721
   1.9595
   1.9467
   1.9356
   1.9278
   1.9214
   1.9159
   1.9081
   1.8978
   1.8850
   1.8767
   1.8714
   1.8665
   1.8637
   1.8622
   1.8618
   1.8632
   1.8665
   1.8746
   1.8812
   1.8868
   1.8911
   1.8972
   1.9048
   1.9120
   1.9206
   1.9297
   1.9366
   1.9439
   1.9499
   1.9580
   1.9672
   1.9753
   1.9839
   1.9929
   2.0022
   2.0152
   2.0424
   2.0823
   2.1233
   2.1683
   2.2188
   2.2768
   2.3403
   2.4070
   2.4739
   2.5423
   2.6079
   2.6784
   2.7518
   2.8269
   2.9025
   2.9825
   3.0665
   3.1535
   3.2465
   3.3544
   3.4692
   3.5885
   3.7090
   3.8338
   3.9594
   4.0873
   4.2189
   4.3533
   4.4879
   4.6218
   4.7552
   4.8926
   5.0303
   5.1679
   5.3004
   5.4314
   5.5645
   5.6986
   5.8338
   5.9719
   6.1114
   6.2493
   6.3845
   6.5193
   6.6537
   6.7908
   6.9291
   7.0718
   7.2183
   7.3679
   7.5180
   7.6718
   7.8256
   7.9831
   8.1406
   8.3008
   8.4661
   8.6310
   8.7952
   8.9582
   9.1194
   9.2809
   9.4426
   9.6065
   9.7662
   9.9221
  10.0760
  10.2309
  10.3893
  10.5497
  10.7084
  10.8678
  11.0234
  11.1774
  11.3316
  11.4853
  11.6357
  11.7854
  11.9362
  12.0812
  12.2197
  12.3550
  12.4863
  12.6137
  12.7351
  12.8557
  12.9733
  13.0898
  13.2028
  13.3146
  13.4218
  13.5262
  13.6261
  13.7284
  13.8332
  13.9387
  14.0409
  14.1427
  14.2441
  14.3444
  14.4408
  14.5354
  14.6283
  14.7195
  14.8090
  14.8979
  14.9834
  15.0683
  15.1484
  15.2260
  15.2991
  15.3720
  15.4406
  15.5057
  15.5651
  15.6246
  15.6849
  15.7393
  15.7929
  15.8469
  15.9033
  15.9569
  16.0124
  16.0667
  16.1175
  16.1697
  16.2220
  16.2735
  16.3248
  16.3691
  16.4129
  16.4551
  16.4987
  16.5428
  16.5868
  16.6321
  16.6777
  16.7204
  16.7609
  16.7979
  16.8356
  16.8736
  16.9109
  16.9521
  16.9948
  17.0420
  17.0918
  17.1405
  17.1871
  17.2330
  17.2800
  17.3287
  17.3760
  17.4214
  17.4651
  17.5112
  17.5642
  17.6250
  17.6898
  17.7585
  17.8334
  17.9133
  17.9955
  18.0784
  18.1644
  18.2545
  18.3469
  18.4404
  18.5309
  18.6195
  18.7079
  18.7995
  18.8951
  18.9990
  19.1087
  19.2241
  19.3411
  19.4591
  19.5803
  19.7028
  19.8256
  19.9490
  20.0747
  20.1993
  20.3200
  20.4376
  20.5556
  20.6750
  20.7886
  20.8979
  21.0132
  21.1394
  21.2795
  21.4286
  21.5829
  21.7391
  21.8920
  22.0427
  22.1968
  22.3481
  22.4972
  22.6444
  22.7946
  22.9429
  23.0794
  23.2144
  23.3524
  23.4854
  23.6204
  23.7569
  23.8929
  24.0239
  24.1565
  24.2892
  24.4228
  24.5548
  24.6806
  24.7937
  24.8981
  24.9928
  25.0797
  25.1576
  25.2296
  25.2994
  25.3665
  25.4279
  25.4894
  25.5488
  25.6108
  25.6733
  25.7384
  25.8024
  25.8641
  25.9253
  25.9854
  26.0467
  26.1091
  26.1693
  26.2260
  26.2766
  26.3213
  26.3587
  26.3894
  26.4186
  26.4457
  26.4778
  26.5161
  26.5554
  26.5966
  26.6416
  26.6876
  26.7266
  26.7528
  26.7654
  26.7664
  26.7617
  26.7511
  26.7427
  26.7361
  26.7313
  26.7328
  26.7348
  26.7343
  26.7315
  26.7260
  26.7312
  26.7453
  26.7552
  26.7648
  26.7712
  26.7758
  26.7844
  26.7996
  26.8174
  26.8387
  26.8614
  26.8783
  26.9017
  26.9277
  26.9559
  26.9848
  27.0155
  27.0463
  27.0761
  27.1022
  27.1302
  27.1607
  27.1826
  27.1996
  27.2121
  27.2215
  27.2288
  27.2336
  27.2386
  27.2390
  27.2357
  27.2316
  27.2221
  27.2117
  27.1998
  27.1912
  27.1860
  27.1816
  27.1775
  27.1711
  27.1652
  27.1570
  27.1431
  27.1270
  27.1090
  27.0878
  27.0612
  27.0359
  27.0077
  26.9775
  26.9490
  26.9236
  26.9049
  26.8902
  26.8788
  26.8683
  26.8553
  26.8436
  26.8367
  26.8292
  26.8232
  26.8064
  26.7670
  26.7234
  26.6667
  26.6098
  26.5528
  26.4903
  26.4209
  26.3438
  26.2633
  26.1822
  26.1058
  26.0200
  25.9290
  25.8357
  25.7457
  25.6483
  25.5484
  25.4485
  25.3532
  25.2614
  25.1712
  25.0911
  25.0178
  24.9477
  24.8795
  24.8133
  24.7498
  24.6851
  24.6185
  24.5451
  24.4645
  24.3810
  24.2975
  24.2149
  24.1319
  24.0479
  23.9665
  23.8891
  23.8157
  23.7380
  23.6599
  23.5843
  23.5078
  23.4294
  23.3520
  23.2797
  23.2057
  23.1306
  23.0533
  22.9721
  22.8833
  22.7847
  22.6789
  22.5651
  22.4403
  22.3085
  22.1713
  22.0261
  21.8807
  21.7377
  21.6007
  21.4748
  21.3463
  21.2308
  21.1170
  21.0037
  20.8915
  20.7806
  20.6750
  20.5699
  20.4629
  20.3561
  20.2517
  20.1530
  20.0570
  19.9599
  19.8722
  19.7908
  19.7134
  19.6349
  19.5514
  19.4635
  19.3690
  19.2689
  19.1657
  19.0626
  18.9586
  18.8534
  18.7453
  18.6352
  18.5275
  18.4199
  18.3143
  18.2059
  18.0934
  17.9815
  17.8691
  17.7583
  17.6443
  17.5266
  17.4105
  17.2949
  17.1765
  17.0581
  16.9402
  16.8228
  16.7033
  16.5853
  16.4679
  16.3534
  16.2395
  16.1280
  16.0225
  15.9199
  15.8192
  15.7251
  15.6373
  15.5549
  15.4779
  15.4035
  15.3302
  15.2569
  15.1827
  15.1095
  15.0353
  14.9593
  14.8819
  14.8050
  14.7265
  14.6459
  14.5674
  14.4921
  14.4195
  14.3493
  14.2777
  14.2023
  14.1255
  14.0457
  13.9615
  13.8741
  13.7820
  13.6896
  13.6004
  13.5121
  13.4251
  13.3424
  13.2547
  13.1590
  13.0617
  12.9637
  12.8667
  12.7689
  12.6735
  12.5737
  12.4755
  12.3766
  12.2784
  12.1820
  12.0816
  11.9759
  11.8677
  11.7565
  11.6383
  11.5174
  11.3989
  11.2757
  11.1492
  11.0223
  10.8930
  10.7633
  10.6326
  10.5003
  10.3696
  10.2392
  10.1083
   9.9795
   9.8488
   9.7144
   9.5767
   9.4386
   9.2978
   9.1550
   9.0129
   8.8744
   8.7392
   8.6023
   8.4663
   8.3329
   8.1993
   8.0657
   7.9287
   7.7879
   7.6423
   7.4912
   7.3381
   7.1840
   7.0315
   6.8775
   6.7249
   6.5763
   6.4290
   6.2859
   6.1443
   6.0002
   5.8555
   5.7111
   5.5614
   5.4151
   5.2762
   5.1373
   5.0009
   4.8657
   4.7333
   4.6024
   4.4747
   4.3501
   4.2333
   4.1190
   4.0070
   3.8976
   3.7952
   3.6993
   3.6043
   3.5124
   3.4212
   3.3253
   3.2337
   3.1467
   3.0602
   2.9757
   2.8953
   2.8189
   2.7453
   2.6689
   2.5916
   2.5152
   2.4395
   2.3653
   2.2958
   2.2287
   2.1616
   2.0933
   2.0301
   1.9736
   1.9223
   1.8724
   1.8481
   1.8661
   1.9002
   1.9511
   2.0101
   2.0726
   2.1316
   2.1840
   2.2372
   2.2863
   2.3323
   2.3737
   2.4143
   2.4504
   2.4817
   2.5145
   2.5464
   2.5758
   2.6037
   2.6321
   2.6603
   2.6897
   2.7191
   2.7443
   2.7672
   2.7857
   2.8020
   2.8159
   2.8265
   2.8367
   2.8438
   2.8455
   2.8442
   2.8419
   2.8422
   2.8424
   2.8417
   2.8468
   2.8577
   2.8736
   2.8943
   2.9184
   2.9460
   2.9777
   3.0138
   3.0491
   3.0816
   3.1148
   3.1525
   3.1933
   3.2317
   3.2668
   3.3023
   3.3341
   3.1236
   2.9097
   2.6948
   2.4730
   2.2419
   2.0023
   1.7576
   1.4909
   1.1834
   0.8575
   0.5170
   0.1712
  -0.1764
  -0.5199
  -0.8552
  -1.1894
  -1.5230
  -1.8540
  -2.1803
  -2.5043
  -2.8251
  -3.1454
  -3.4684
  -3.7938
  -4.1183
  -4.4403
  -4.7616
  -5.0814
  -5.4014
  -5.7212
