  -4.3303
  -4.5050
  -4.6752
  -4.8399
  -5.0020
  -5.1598
  -5.3101
  -5.4599
  -5.6109
  -5.7598
  -5.9077
  -6.0536
  -6.1973
  -6.3410
  -6.4913
  -6.6406
  -6.7858
  -6.9268
  -7.0653
  -7.2033
  -7.3387
  -7.4722
  -7.6047
  -7.7329
  -7.8586
  -7.9817
  -8.1038
  -8.2212
  -8.3330
  -8.4432
  -8.5516
  -8.5895
  -8.6272
  -8.6625
  -8.6955
  -8.7330
  -8.7641
  -8.8008
  -8.8258
  -8.8457
  -8.8616
  -8.8631
  -8.8575
  -8.8480
  -8.8294
  -8.8060
  -8.7764
  -8.7500
  -8.7283
  -8.7238
  -8.7259
  -8.7323
  -8.7383
  -8.7428
  -8.7420
  -8.7398
  -8.7384
  -8.7387
  -8.7434
  -8.7509
  -8.7599
  -8.7729
  -8.7854
  -8.7938
  -8.8029
  -8.8069
  -8.8093
  -8.8123
  -8.8157
  -8.8180
  -8.8187
  -8.8167
  -8.8147
  -8.8128
  -8.8089
  -8.7991
  -8.7923
  -8.7848
  -8.7779
  -8.7732
  -8.7702
  -8.7672
  -8.7650
  -8.7627
  -8.7650
  -8.7701
  -8.7773
  -8.7879
  -8.8003
  -8.8183
  -8.8385
  -8.8615
  -8.8851
  -8.9110
  -8.9403
  -8.9703
  -8.9948
  -9.0262
  -9.0530
  -9.0907
  -9.1330
  -9.1802
  -9.2324
  -9.2841
  -9.3413
  -9.4043
  -9.4648
  -9.5281
  -9.5859
  -9.6403
  -9.7376
  -9.8320
  -9.9212
 -10.0070
 -10.0888
 -10.1719
 -10.2397
 -10.2805
 -10.3174
 -10.3483
 -10.3741
 -10.3968
 -10.4160
 -10.4346
 -10.4538
 -10.4714
 -10.4907
 -10.5127
 -10.5346
 -10.5548
 -10.5745
 -10.5945
 -10.6150
 -10.6350
 -10.6521
 -10.6675
 -10.6811
 -10.6899
 -10.6997
 -10.7063
 -10.7094
 -10.7086
 -10.7044
 -10.6990
 -10.6928
 -10.6838
 -10.6714
 -10.6562
 -10.6375
 -10.6165
 -10.5888
 -10.5583
 -10.5228
 -10.4834
 -10.4359
 -10.3737
 -10.3103
 -10.2452
 -10.1788
 -10.1097
 -10.0405
  -9.9702
  -9.8959
  -9.8215
  -9.7488
  -9.6722
  -9.5961
  -9.5228
  -9.4490
  -9.3741
  -9.2954
  -9.1645
  -9.0283
  -8.8916
  -8.7560
  -8.6247
  -8.4951
  -8.3795
  -8.2874
  -8.1953
  -8.1027
  -8.0090
  -7.9148
  -7.8206
  -7.7237
  -7.6279
  -7.5359
  -7.4781
  -7.4181
  -7.3603
  -7.3065
  -7.2542
  -7.2058
  -7.1586
  -7.1109
  -7.0621
  -7.0136
  -6.9673
  -6.9249
  -6.8826
  -6.8431
  -6.8058
  -6.7702
  -6.7395
  -6.7085
  -6.6775
  -6.6470
  -6.6178
  -6.5891
  -6.5609
  -6.5334
  -6.5074
  -6.4820
  -6.4587
  -6.4382
  -6.4208
  -6.4147
  -6.4109
  -6.4071
  -6.4029
  -6.3992
  -6.3957
  -6.3931
  -6.3923
  -6.3920
  -6.3934
  -6.3965
  -6.4017
  -6.4076
  -6.4129
  -6.4194
  -6.4286
  -6.4411
  -6.4559
  -6.4734
  -6.4916
  -6.5092
  -6.5275
  -6.5473
  -6.5689
  -6.5915
  -6.6136
  -6.6394
  -6.6658
  -6.6950
  -6.7262
  -6.7586
  -6.7878
  -6.7859
  -6.7874
  -6.7899
  -6.7909
  -6.7912
  -6.7894
  -6.7877
  -6.7848
  -6.7847
  -6.7834
  -6.7804
  -6.7775
  -6.7751
  -6.7727
  -6.7714
  -6.7739
  -6.7769
  -6.7837
  -6.7932
  -6.8043
  -6.8155
  -6.8266
  -6.8377
  -6.8495
  -6.8619
  -6.8727
  -6.8814
  -6.8857
  -6.8844
  -6.8831
  -6.8807
  -6.8806
  -6.8814
  -6.8818
  -6.8832
  -6.8813
  -6.8801
  -6.8794
  -6.8777
  -6.8775
  -6.8768
  -6.8788
  -6.8830
  -6.8877
  -6.8903
  -6.8923
  -6.8954
  -6.8990
  -6.9026
  -6.9067
  -6.9109
  -6.9139
  -6.9163
  -6.9182
  -6.9207
  -6.9182
  -6.9140
  -6.9083
  -6.8993
  -6.8901
  -6.8805
  -6.8681
  -6.8524
  -6.8334
  -6.8123
  -6.7900
  -6.7672
  -6.7433
  -6.7177
  -6.6921
  -6.6691
  -6.6462
  -6.6237
  -6.5990
  -6.5720
  -6.5445
  -6.5149
  -6.4836
  -6.4508
  -6.4168
  -6.3791
  -6.3404
  -6.3038
  -6.2662
  -6.2284
  -6.1912
  -6.1573
  -6.1249
  -6.0980
  -6.0789
  -6.0626
  -6.0479
  -6.0326
  -6.0162
  -6.0026
  -5.9889
  -5.9802
  -5.9736
  -5.9675
  -5.9604
  -5.9490
  -5.9361
  -5.9193
  -5.9015
  -5.8842
  -5.8686
  -5.8523
  -5.8356
  -5.8194
  -5.8038
  -5.7866
  -5.7682
  -5.7499
  -5.7311
  -5.7111
  -5.6918
  -5.6763
  -5.6581
  -5.6388
  -5.6185
  -5.5966
  -5.5747
  -5.5529
  -5.5300
  -5.5098
  -5.4923
  -5.4781
  -5.4638
  -5.4501
  -5.4419
  -5.4320
  -5.4226
  -5.4149
  -5.4104
  -5.4125
  -5.4167
  -5.4242
  -5.4349
  -5.4462
  -5.4634
  -5.4822
  -5.5036
  -5.5251
  -5.5432
  -5.5609
  -5.5785
  -5.5928
  -5.6061
  -5.6205
  -5.6278
  -5.6325
  -5.6328
  -5.6265
  -5.6182
  -5.6055
  -5.5869
  -5.5644
  -5.5365
  -5.5059
  -5.4694
  -5.4317
  -5.3971
  -5.3664
  -5.3351
  -5.3053
  -5.2717
  -5.2370
  -5.1991
  -5.1622
  -5.1192
  -5.0740
  -5.0310
  -4.9873
  -4.9463
  -4.9042
  -4.8652
  -4.8274
  -4.7884
  -4.7532
  -4.7168
  -4.6827
  -4.6484
  -4.6148
  -4.5838
  -4.5550
  -4.5256
  -4.4958
  -4.4627
  -4.4296
  -4.3955
  -4.3522
  -4.3116
  -4.2679
  -4.2219
  -4.1738
  -4.1219
  -4.0706
  -4.0161
  -3.9562
  -3.8941
  -3.8238
  -3.7520
  -3.6801
  -3.6099
  -3.5429
  -3.4786
  -3.4143
  -3.3555
  -3.2972
  -3.2393
  -3.1879
  -3.1403
  -3.0953
  -3.0535
  -3.0176
  -2.9871
  -2.9598
  -2.9357
  -2.9127
  -2.8913
  -2.8768
  -2.8657
  -2.8545
  -2.8412
  -2.8311
  -2.8217
  -2.8116
  -2.7962
  -2.7829
  -2.7619
  -2.7443
  -2.7267
  -2.7068
  -2.6881
  -2.6688
  -2.6512
  -2.6292
  -2.6066
  -2.5835
  -2.5630
  -2.5470
  -2.5314
  -2.5164
  -2.5018
  -2.4846
  -2.4679
  -2.4501
  -2.4318
  -2.4145
  -2.3984
  -2.3844
  -2.3747
  -2.3645
  -2.3558
  -2.3500
  -2.3403
  -2.3306
  -2.3220
  -2.3150
  -2.3107
  -2.3108
  -2.3147
  -2.3207
  -2.3272
  -2.3332
  -2.3382
  -2.3426
  -2.3464
  -2.3487
  -2.3509
  -2.3537
  -2.3567
  -2.3585
  -2.3614
  -2.3689
  -2.3746
  -2.3804
  -2.3885
  -2.3965
  -2.4068
  -2.4164
  -2.4245
  -2.4320
  -2.4385
  -2.4477
  -2.4579
  -2.4681
  -2.4827
  -2.5033
  -2.5299
  -2.5669
  -2.6050
  -2.6459
  -2.6890
  -2.7359
  -2.7856
  -2.8385
  -2.8964
  -2.9559
  -3.0171
  -3.0767
  -3.1341
  -3.1927
  -3.2518
  -3.3115
  -3.3745
  -3.4403
  -3.5077
  -3.5778
  -3.6485
  -3.7175
  -3.7865
  -3.8560
  -3.9244
  -3.9928
  -4.0611
  -4.1311
  -4.2005
  -4.2666
  -4.3299
  -4.3900
  -4.4469
  -4.5015
  -4.5513
  -4.5994
  -4.6470
  -4.6935
  -4.7400
  -4.7860
  -4.8309
  -4.8735
  -4.9146
  -4.9534
  -4.9916
  -5.0298
  -5.0647
  -5.0963
  -5.1263
  -5.1557
  -5.1835
  -5.2102
  -5.2341
  -5.2553
  -5.2716
  -5.2950
  -5.3141
  -5.3315
  -5.3478
  -5.3637
  -5.3784
  -5.3881
  -5.3935
  -5.3989
  -5.4048
  -5.4097
  -5.4107
  -5.4084
  -5.4018
  -5.3909
  -5.3760
  -5.3557
  -5.3321
  -5.3052
  -5.2767
  -5.2465
  -5.2141
  -5.1800
  -5.1421
  -5.0998
  -5.0542
  -5.0087
  -4.9637
  -4.9176
  -4.8737
  -4.8303
  -4.7859
  -4.7404
  -4.6944
  -4.6472
  -4.6001
  -4.5518
  -4.5042
  -4.4559
  -4.4055
  -4.3545
  -4.3040
  -4.2518
  -4.1991
  -4.1453
  -4.0899
  -4.0350
  -3.9811
  -3.9279
  -3.8735
  -3.8181
  -3.7621
  -3.7051
  -3.6469
  -3.5904
  -3.5327
  -3.4751
  -3.4213
  -3.3663
  -3.3136
  -3.2690
  -3.2184
  -3.1700
  -3.1200
  -3.0699
  -3.0193
  -2.9688
  -2.9187
  -2.8682
  -2.8176
  -2.7659
  -2.7137
  -2.6614
  -2.6060
  -2.5505
  -2.4945
  -2.4395
  -2.3879
  -2.3385
  -2.2929
  -2.2500
  -2.2088
  -2.1703
  -2.1296
  -2.0900
  -2.0581
  -2.0272
  -1.9969
  -1.9671
  -1.9362
  -1.9031
  -1.8640
  -1.8260
  -1.7886
  -1.7500
  -1.7120
  -1.6751
  -1.6409
  -1.6078
  -1.5736
  -1.5405
  -1.5096
  -1.4782
  -1.4478
  -1.4186
  -1.3910
  -1.3672
  -1.3450
  -1.3250
  -1.3056
  -1.2878
  -1.2732
  -1.2587
  -1.2475
  -1.2401
  -1.2338
  -1.2302
  -1.2266
  -1.2214
  -1.2189
  -1.2143
  -1.2064
  -1.1941
  -1.1823
  -1.1717
  -1.1605
  -1.1487
  -1.1375
  -1.1257
  -1.1167
  -1.1125
  -1.1116
  -1.1119
  -1.1121
  -1.1145
  -1.1191
  -1.1242
  -1.1321
  -1.1394
  -1.1478
  -1.1535
  -1.1553
  -1.1533
  -1.1535
  -1.1553
  -1.1566
  -1.1530
  -1.1504
  -1.1479
  -1.1496
  -1.1553
  -1.1587
  -1.1664
  -1.1726
  -1.1787
  -1.1865
  -1.1948
  -1.2026
  -1.2082
  -1.2127
  -1.2210
  -1.2282
  -1.2354
  -1.2421
  -1.2471
  -1.2515
  -1.2533
  -1.2534
  -1.2491
  -1.2409
  -1.2296
  -1.2171
  -1.2013
  -1.1845
  -1.1654
  -1.1453
  -1.1219
  -1.0963
  -1.0728
  -1.0472
  -1.0216
  -0.9981
  -0.9736
  -0.9512
  -0.9272
  -0.9038
  -0.8809
  -0.8569
  -0.8329
  -0.8084
  -0.7806
  -0.7479
  -0.7092
  -0.6721
  -0.6345
  -0.5975
  -0.5583
  -0.5207
  -0.4799
  -0.4386
  -0.3961
  -0.3569
  -0.3183
  -0.2829
  -0.2460
  -0.2123
  -0.1770
  -0.1433
  -0.1091
  -0.0739
  -0.0321
   0.0118
   0.0529
   0.0946
   0.1357
   0.1785
   0.2201
   0.2628
   0.3066
   0.3499
   0.3926
   0.4369
   0.4817
   0.5259
   0.5708
   0.6140
   0.6605
   0.7086
   0.7578
   0.8064
   0.8540
   0.9015
   0.9496
   0.9993
   1.0490
   1.0999
   1.1540
   1.2086
   1.2649
   1.3234
   1.3834
   1.4446
   1.5069
   1.5692
   1.6347
   1.6968
   1.7634
   1.8316
   1.9003
   1.9740
   2.0504
   2.1268
   2.2049
   2.2813
   2.3615
   2.4396
   2.5176
   2.5990
   2.6825
   2.7665
   2.8495
   2.9341
   3.0225
   3.1088
   3.1978
   3.2884
   3.3868
   3.4874
   3.5907
   3.6978
   3.8055
   3.9100
   4.0145
   4.1207
   4.2275
   4.3364
   4.4449
   4.5561
   4.6680
   4.7793
   4.8911
   5.0030
   5.1183
   5.2319
   5.3488
   5.4651
   5.5819
   5.6988
   5.8124
   5.9310
   6.0489
   6.1697
   6.2911
   6.4136
   6.5355
   6.6603
   6.7888
   6.9191
   7.0505
   7.1825
   7.3156
   7.4481
   7.5845
   7.7232
   7.8634
   8.0005
   8.1419
   8.2818
   8.4189
   8.5571
   8.6932
   8.8304
   8.9687
   9.1103
   9.2525
   9.3952
   9.5391
   9.6830
   9.8248
   9.9671
  10.1085
  10.2542
  10.3983
  10.5413
  10.6854
  10.8307
  10.9787
  11.1223
  11.2621
  11.4035
  11.5466
  11.6925
  11.8438
  11.9990
  12.1536
  12.3071
  12.4589
  12.6124
  12.7659
  12.9210
  13.0777
  13.2340
  13.3896
  13.5442
  13.6989
  13.8540
  14.0103
  14.1672
  14.3234
  14.4814
  14.6316
  14.7819
  14.9272
  15.0714
  15.2150
  15.3591
  15.4988
  15.6351
  15.7654
  15.8917
  16.0237
  16.1561
  16.2885
  16.4182
  16.5494
  16.6812
  16.8207
  16.9662
  17.1128
  17.2649
  17.4136
  17.5629
  17.7116
  17.8613
  18.0094
  18.1586
  18.3105
  18.4645
  18.6229
  18.7791
  18.9408
  19.1023
  19.2616
  19.4248
  19.5890
  19.7554
  19.9174
  20.0794
  20.2431
  20.4057
  20.5640
  20.7179
  20.8676
  21.0150
  21.1603
  21.3046
  21.4494
  21.5960
  21.7421
  21.8860
  22.0288
  22.1695
  22.3108
  22.4559
  22.5999
  22.7461
  22.8907
  23.0342
  23.1767
  23.3165
  23.4568
  23.6000
  23.7421
  23.8870
  24.0325
  24.1758
  24.3181
  24.4637
  24.6066
  24.7545
  24.9058
  25.0521
  25.1956
  25.3371
  25.4764
  25.6108
  25.7447
  25.8714
  25.9905
  26.1081
  26.2190
  26.3283
  26.4350
  26.5390
  26.6407
  26.7397
  26.8359
  26.9277
  27.0163
  27.1027
  27.1892
  27.2702
  27.3491
  27.4258
  27.4993
  27.5700
  27.6375
  27.7000
  27.7608
  27.8205
  27.8823
  27.9468
  28.0101
  28.0734
  28.1367
  28.1978
  28.2545
  28.3089
  28.3600
  28.4084
  28.4556
  28.5012
  28.5438
  28.5831
  28.6153
  28.6468
  28.6750
  28.6994
  28.7248
  28.7475
  28.7675
  28.7836
  28.7976
  28.8083
  28.8168
  28.8210
  28.8197
  28.8145
  28.8046
  28.7952
  28.7799
  28.7607
  28.7398
  28.7163
  28.6910
  28.6663
  28.6427
  28.6185
  28.5905
  28.5636
  28.5367
  28.5099
  28.4808
  28.4573
  28.4333
  28.4050
  28.3744
  28.3428
  28.3113
  28.2792
  28.2471
  28.2172
  28.1858
  28.1554
  28.1245
  28.0915
  28.0600
  28.0313
  28.0098
  27.9889
  27.9680
  27.9471
  27.9246
  27.9021
  27.8808
  27.8584
  27.8350
  27.8127
  27.7874
  27.7655
  27.7394
  27.7129
  27.6831
  27.6546
  27.6279
  27.6019
  27.5737
  27.5451
  27.5207
  27.4964
  27.4722
  27.4512
  27.4323
  27.4118
  27.3918
  27.3741
  27.3607
  27.3545
  27.3500
  27.3502
  27.3509
  27.3560
  27.3610
  27.3666
  27.3782
  27.3915
  27.4003
  27.4031
  27.4022
  27.4023
  27.4013
  27.3992
  27.3992
  27.4027
  27.3988
  27.3932
  27.3880
  27.3796
  27.3713
  27.3623
  27.3556
  27.3467
  27.3346
  27.3224
  27.3064
  27.2855
  27.2607
  27.2333
  27.2015
  27.1654
  27.1265
  27.0844
  27.0374
  26.9883
  26.9376
  26.8825
  26.8235
  26.7634
  26.7020
  26.6432
  26.5784
  26.5187
  26.4618
  26.4071
  26.3528
  26.2969
  26.2392
  26.1802
  26.1526
  26.1523
  26.1488
  26.1451
  26.1402
  26.1358
  26.1336
  26.1328
  26.1281
  26.1194
  26.1080
  26.0961
  26.0810
  26.0615
  26.0404
  26.0182
  25.9948
  25.9687
  25.9427
  25.9206
  25.8884
  25.8579
  25.8318
  25.8078
  25.7846
  25.7636
  25.7414
  25.7231
  25.7060
  25.6900
  25.6779
  25.6668
  25.6512
  25.6289
  25.6010
  25.5696
  25.5322
  25.4958
  25.4599
  25.4240
  25.3863
  25.3475
  25.3101
  25.2722
  25.2275
  25.1850
  25.1496
  25.1168
  25.0846
  25.0528
  25.0272
  25.0060
  24.9882
  24.9748
  24.9558
  24.9290
  24.8965
  24.8573
  24.8142
  24.7671
  24.7194
  24.6349
  24.5153
  24.3929
  24.2639
  24.1284
  23.9873
  23.8423
  23.6946
  23.5502
  23.4092
  23.2665
  23.1220
  22.9753
  22.8263
  22.6761
  22.5243
  22.3686
  22.2090
  22.0455
  21.8786
  21.7234
  21.5682
  21.4058
  21.2395
  21.0704
  20.8974
  20.7222
  20.5421
  20.3561
  20.1667
  19.9747
  19.7751
  19.5728
  19.3760
  19.1849
  18.9962
  18.8097
  18.6210
  18.4311
  18.2402
  18.0476
  17.8600
  17.6741
  17.4904
  17.3140
  17.1353
  16.9501
  16.7571
  16.5640
  16.3750
  16.1786
  15.9784
  15.7752
  15.5697
  15.3647
  15.1609
  14.9632
  14.7706
  14.5791
  14.3956
  14.2104
  14.0264
  13.8458
  13.6675
  13.4908
  13.3136
  13.1353
  12.9603
  12.7881
  12.6138
  12.4383
  12.2623
  12.0892
  11.9218
  11.7605
  11.5875
  11.4072
  11.2212
  11.0264
  10.8320
  10.6404
  10.4486
  10.2614
  10.0741
   9.8860
   9.7061
   9.5311
   9.3644
   9.2037
   9.0484
   8.8978
   8.7472
   8.5959
   8.4485
   8.2967
   8.1482
   8.0017
   7.8598
   7.7184
   7.5876
   7.4627
   7.3456
   7.2297
   7.1127
   6.9935
   6.8691
   6.7435
   6.6132
   6.4862
   6.3603
   6.2328
   6.1119
   5.9915
   5.8672
   5.7385
   5.6241
   5.5299
   5.4396
   5.3547
   5.2739
   5.1935
   5.1104
   5.0231
   4.9337
   4.8394
   4.7424
   4.6456
   4.5495
   4.4506
   4.3468
   4.2394
   4.1275
   4.0171
   3.9061
   3.7996
   3.6991
   3.6183
   3.5521
   3.4928
   3.4466
   3.3978
   3.3429
   3.2870
   3.2233
   3.1585
   3.0966
   3.0299
   2.9581
   2.8796
   2.7949
   2.7068
   2.6155
   2.5291
   2.4532
   2.3777
   2.3025
   2.2229
   2.1424
   2.0579
   1.9760
   1.8884
   1.7986
   1.7038
   1.6037
   1.5028
   1.3998
   1.3004
   1.2044
   1.1126
   0.9626
   0.8132
   0.6626
   0.5076
   0.3525
   0.2015
   0.0548
  -0.1023
  -0.2759
  -0.4544
  -0.6463
  -0.8436
  -1.0425
  -1.2343
  -1.4202
  -1.6046
  -1.7847
  -1.9576
  -2.1127
  -2.2624
  -2.4076
  -2.5496
  -2.6886
  -2.8254
  -2.9621
  -3.0995
  -3.2454
  -3.3986
  -3.5603
  -3.7271
