  -9.4597
  -9.7568
 -10.0481
 -10.3338
 -10.6182
 -10.8994
 -11.1775
 -11.4571
 -11.7366
 -12.0153
 -12.2965
 -12.5778
 -12.8565
 -13.1352
 -13.4172
 -13.7025
 -13.9906
 -14.2792
 -14.5691
 -14.8607
 -15.1538
 -15.4494
 -15.7475
 -16.0421
 -16.3379
 -16.6349
 -16.9344
 -17.2292
 -17.5183
 -17.8065
 -18.0905
 -18.1404
 -18.1833
 -18.2197
 -18.2493
 -18.2871
 -18.3048
 -18.3337
 -18.3397
 -18.3382
 -18.3291
 -18.2993
 -18.2651
 -18.2208
 -18.1615
 -18.1007
 -18.0268
 -17.9558
 -17.8833
 -17.8167
 -17.7563
 -17.7017
 -17.6487
 -17.5999
 -17.5511
 -17.5096
 -17.4754
 -17.4457
 -17.4216
 -17.3991
 -17.3777
 -17.3638
 -17.3482
 -17.3248
 -17.3028
 -17.2732
 -17.2417
 -17.2111
 -17.1791
 -17.1443
 -17.1108
 -17.0757
 -17.0411
 -17.0086
 -16.9792
 -16.9483
 -16.9140
 -16.8727
 -16.8328
 -16.7960
 -16.7636
 -16.7346
 -16.7102
 -16.6859
 -16.6707
 -16.6604
 -16.6532
 -16.6554
 -16.6625
 -16.6787
 -16.6978
 -16.7212
 -16.7462
 -16.7803
 -16.8199
 -16.8668
 -16.9046
 -16.9635
 -17.0106
 -17.0832
 -17.1648
 -17.2569
 -17.3704
 -17.4852
 -17.6091
 -17.7450
 -17.8721
 -18.0036
 -18.1261
 -18.2457
 -18.3551
 -18.4542
 -18.5427
 -18.6219
 -18.6906
 -18.7514
 -18.8004
 -18.8371
 -18.8664
 -18.8881
 -18.9051
 -18.9189
 -18.9265
 -18.9298
 -18.9379
 -18.9445
 -18.9552
 -18.9678
 -18.9778
 -18.9828
 -18.9859
 -18.9850
 -18.9831
 -18.9786
 -18.9701
 -18.9547
 -18.9345
 -18.9101
 -18.8889
 -18.8614
 -18.8281
 -18.7872
 -18.7400
 -18.6835
 -18.6228
 -18.5543
 -18.4764
 -18.3941
 -18.3030
 -18.2049
 -18.0945
 -17.9796
 -17.8577
 -17.7315
 -17.5976
 -17.4570
 -17.3108
 -17.1604
 -17.0041
 -16.8434
 -16.6792
 -16.5116
 -16.3363
 -16.1577
 -15.9805
 -15.7985
 -15.6153
 -15.4366
 -15.2595
 -15.0791
 -14.8970
 -14.7145
 -14.5315
 -14.3499
 -14.1682
 -13.9896
 -13.8158
 -13.6446
 -13.4766
 -13.3086
 -13.1424
 -12.9763
 -12.8088
 -12.6415
 -12.4757
 -12.3097
 -12.1451
 -11.9806
 -11.8159
 -11.6545
 -11.4981
 -11.3436
 -11.1937
 -11.0467
 -10.9021
 -10.7606
 -10.6247
 -10.4948
 -10.3721
 -10.2522
 -10.1371
 -10.0242
  -9.9160
  -9.8123
  -9.7132
  -9.6166
  -9.5216
  -9.4295
  -9.3388
  -9.2476
  -9.1592
  -9.0724
  -8.9840
  -8.8959
  -8.8094
  -8.7226
  -8.6401
  -8.5603
  -8.4832
  -8.4102
  -8.3384
  -8.2695
  -8.2008
  -8.1335
  -8.0674
  -8.0033
  -7.9435
  -7.8865
  -7.8308
  -7.7766
  -7.7253
  -7.6751
  -7.6319
  -7.5912
  -7.5548
  -7.5231
  -7.4933
  -7.4650
  -7.4378
  -7.4123
  -7.3899
  -7.3662
  -7.3433
  -7.3222
  -7.3026
  -7.2823
  -7.2654
  -7.2479
  -7.2306
  -7.2164
  -7.2015
  -7.1881
  -7.1730
  -7.1578
  -7.1426
  -7.1273
  -7.1139
  -7.0970
  -7.0793
  -7.0613
  -7.0447
  -7.0279
  -7.0115
  -6.9969
  -6.9844
  -6.9739
  -6.9657
  -6.9594
  -6.9538
  -6.9484
  -6.9448
  -6.9449
  -6.9496
  -6.9554
  -6.9640
  -6.9689
  -6.9593
  -6.9497
  -6.9402
  -6.9341
  -6.9255
  -6.9186
  -6.9120
  -6.9056
  -6.9040
  -6.9042
  -6.9040
  -6.9023
  -6.8991
  -6.8973
  -6.8984
  -6.9009
  -6.9037
  -6.9037
  -6.9036
  -6.9019
  -6.8997
  -6.8981
  -6.8962
  -6.8915
  -6.8850
  -6.8798
  -6.8726
  -6.8617
  -6.8492
  -6.8349
  -6.8182
  -6.7985
  -6.7777
  -6.7551
  -6.7297
  -6.7012
  -6.6692
  -6.6371
  -6.6029
  -6.5655
  -6.5261
  -6.4830
  -6.4419
  -6.4000
  -6.3543
  -6.3029
  -6.2488
  -6.1968
  -6.1450
  -6.0917
  -6.0397
  -5.9874
  -5.9335
  -5.8825
  -5.8341
  -5.7858
  -5.7347
  -5.6820
  -5.6296
  -5.5757
  -5.5278
  -5.4979
  -5.4695
  -5.4422
  -5.4130
  -5.3836
  -5.3556
  -5.3276
  -5.3041
  -5.2805
  -5.2585
  -5.2364
  -5.2174
  -5.1996
  -5.1829
  -5.1660
  -5.1476
  -5.1308
  -5.1128
  -5.0969
  -5.0828
  -5.0709
  -5.0580
  -5.0450
  -5.0353
  -5.0270
  -5.0159
  -5.0091
  -5.0067
  -5.0057
  -5.0047
  -5.0067
  -5.0103
  -5.0169
  -5.0267
  -5.0364
  -5.0479
  -5.0583
  -5.0719
  -5.0858
  -5.1011
  -5.1195
  -5.1368
  -5.1526
  -5.1700
  -5.1903
  -5.2162
  -5.2420
  -5.2672
  -5.2920
  -5.3176
  -5.3442
  -5.3690
  -5.3918
  -5.4141
  -5.4334
  -5.4508
  -5.4682
  -5.4826
  -5.4972
  -5.5210
  -5.5405
  -5.5586
  -5.5764
  -5.5914
  -5.6065
  -5.6248
  -5.6415
  -5.6567
  -5.6688
  -5.6795
  -5.6886
  -5.6947
  -5.6947
  -5.6993
  -5.7026
  -5.6985
  -5.6959
  -5.6873
  -5.6817
  -5.6730
  -5.6538
  -5.6284
  -5.6059
  -5.5761
  -5.5449
  -5.5074
  -5.4729
  -5.4356
  -5.3984
  -5.3568
  -5.3152
  -5.2736
  -5.2290
  -5.1860
  -5.1415
  -5.0969
  -5.0537
  -5.0151
  -4.9765
  -4.9377
  -4.9017
  -4.8641
  -4.8309
  -4.8005
  -4.7699
  -4.7392
  -4.7071
  -4.6797
  -4.6554
  -4.6314
  -4.6043
  -4.5730
  -4.5430
  -4.5161
  -4.4878
  -4.4628
  -4.4396
  -4.4165
  -4.3963
  -4.3746
  -4.3453
  -4.3159
  -4.2879
  -4.2553
  -4.2107
  -4.1736
  -4.1304
  -4.0842
  -4.0381
  -3.9919
  -3.9444
  -3.8951
  -3.8457
  -3.8025
  -3.7533
  -3.7073
  -3.6690
  -3.6263
  -3.5836
  -3.5381
  -3.4836
  -3.4386
  -3.3937
  -3.3400
  -3.2892
  -3.2370
  -3.1894
  -3.1359
  -3.0839
  -3.0242
  -2.9688
  -2.9134
  -2.8502
  -2.7915
  -2.7282
  -2.6635
  -2.6005
  -2.5375
  -2.4730
  -2.4085
  -2.3472
  -2.2859
  -2.2250
  -2.1624
  -2.0983
  -2.0390
  -1.9782
  -1.9172
  -1.8560
  -1.7932
  -1.7285
  -1.6670
  -1.6098
  -1.5529
  -1.4951
  -1.4363
  -1.3777
  -1.3179
  -1.2599
  -1.2036
  -1.1506
  -1.0990
  -1.0536
  -1.0083
  -0.9690
  -0.9446
  -0.9156
  -0.8927
  -0.8755
  -0.8615
  -0.8475
  -0.8353
  -0.8219
  -0.8134
  -0.8021
  -0.7924
  -0.7798
  -0.7672
  -0.7575
  -0.7553
  -0.7575
  -0.7732
  -0.7887
  -0.8085
  -0.8343
  -0.8645
  -0.8993
  -0.9344
  -0.9740
  -1.0151
  -1.0668
  -1.1202
  -1.1737
  -1.2363
  -1.2975
  -1.3629
  -1.4374
  -1.5163
  -1.5997
  -1.6846
  -1.7680
  -1.8469
  -1.9230
  -1.9974
  -2.0719
  -2.1434
  -2.2088
  -2.2755
  -2.3407
  -2.3996
  -2.4540
  -2.5082
  -2.5627
  -2.6172
  -2.6702
  -2.7243
  -2.7797
  -2.8348
  -2.8926
  -2.9486
  -3.0015
  -3.0512
  -3.0993
  -3.1413
  -3.1786
  -3.2128
  -3.2441
  -3.2693
  -3.2927
  -3.3147
  -3.3350
  -3.3550
  -3.3696
  -3.3853
  -3.3990
  -3.4137
  -3.4310
  -3.4496
  -3.4713
  -3.4947
  -3.5126
  -3.5269
  -3.5393
  -3.5527
  -3.5652
  -3.5781
  -3.5896
  -3.5976
  -3.6020
  -3.5994
  -3.5885
  -3.5680
  -3.5409
  -3.5075
  -3.4694
  -3.4298
  -3.3873
  -3.3405
  -3.2895
  -3.2326
  -3.1729
  -3.1164
  -3.0641
  -3.0149
  -2.9685
  -2.9236
  -2.8817
  -2.8399
  -2.7967
  -2.7538
  -2.7139
  -2.6739
  -2.6325
  -2.5866
  -2.5347
  -2.4782
  -2.4172
  -2.3545
  -2.2902
  -2.2228
  -2.1538
  -2.0863
  -2.0188
  -1.9498
  -1.8807
  -1.8149
  -1.7477
  -1.6806
  -1.6110
  -1.5401
  -1.4666
  -1.3905
  -1.3131
  -1.2390
  -1.1652
  -1.0937
  -1.0215
  -0.9495
  -0.8757
  -0.7990
  -0.7207
  -0.6447
  -0.5693
  -0.4941
  -0.4176
  -0.3403
  -0.2609
  -0.1813
  -0.1022
  -0.0266
   0.0438
   0.1075
   0.1646
   0.2153
   0.2582
   0.2967
   0.3334
   0.3687
   0.4042
   0.4400
   0.4729
   0.5059
   0.5404
   0.5765
   0.6154
   0.6572
   0.7034
   0.7526
   0.8002
   0.8476
   0.8934
   0.9360
   0.9740
   1.0124
   1.0509
   1.0896
   1.1257
   1.1607
   1.1957
   1.2310
   1.2649
   1.2972
   1.3282
   1.3564
   1.3830
   1.4084
   1.4339
   1.4596
   1.4854
   1.5071
   1.5287
   1.5488
   1.5691
   1.5877
   1.6077
   1.6304
   1.6566
   1.6864
   1.7205
   1.7540
   1.7891
   1.8258
   1.8640
   1.9041
   1.9453
   1.9723
   1.9837
   1.9948
   2.0030
   2.0077
   2.0113
   2.0130
   2.0127
   2.0142
   2.0185
   2.0273
   2.0376
   2.0491
   2.0603
   2.0730
   2.0843
   2.0945
   2.1018
   2.1091
   2.1036
   2.0934
   2.0800
   2.0666
   2.0518
   2.0373
   2.0217
   2.0047
   1.9894
   1.9773
   1.9656
   1.9504
   1.9322
   1.9134
   1.8926
   1.8743
   1.8579
   1.8403
   1.8245
   1.8115
   1.8025
   1.7964
   1.7907
   1.7887
   1.7864
   1.7838
   1.7809
   1.7784
   1.7762
   1.7715
   1.7672
   1.7630
   1.7557
   1.7486
   1.7386
   1.7304
   1.7238
   1.7156
   1.7076
   1.6996
   1.6929
   1.6897
   1.7035
   1.7340
   1.7661
   1.8028
   1.8446
   1.8907
   1.9419
   1.9963
   2.0520
   2.1081
   2.1611
   2.2189
   2.2775
   2.3352
   2.3931
   2.4557
   2.5230
   2.5947
   2.6729
   2.7696
   2.8754
   2.9860
   3.0982
   3.2151
   3.3335
   3.4549
   3.5796
   3.7076
   3.8368
   3.9671
   4.1010
   4.2396
   4.3770
   4.5131
   4.6468
   4.7801
   4.9176
   5.0554
   5.1947
   5.3347
   5.4750
   5.6162
   5.7555
   5.8922
   6.0288
   6.1685
   6.3098
   6.4558
   6.6053
   6.7567
   6.9083
   7.0632
   7.2182
   7.3790
   7.5398
   7.7038
   7.8727
   8.0427
   8.2139
   8.3835
   8.5502
   8.7157
   8.8800
   9.0461
   9.2087
   9.3679
   9.5266
   9.6881
   9.8517
  10.0157
  10.1781
  10.3418
  10.5022
  10.6610
  10.8210
  10.9809
  11.1375
  11.2952
  11.4544
  11.6085
  11.7535
  11.8929
  12.0275
  12.1574
  12.2810
  12.4031
  12.5207
  12.6368
  12.7483
  12.8583
  12.9622
  13.0630
  13.1589
  13.2579
  13.3613
  13.4660
  13.5675
  13.6688
  13.7714
  13.8724
  13.9687
  14.0633
  14.1551
  14.2451
  14.3336
  14.4206
  14.5031
  14.5855
  14.6630
  14.7398
  14.8143
  14.8901
  14.9623
  15.0325
  15.0963
  15.1601
  15.2229
  15.2780
  15.3304
  15.3805
  15.4335
  15.4834
  15.5363
  15.5877
  15.6344
  15.6815
  15.7261
  15.7655
  15.8011
  15.8301
  15.8589
  15.8860
  15.9135
  15.9412
  15.9688
  15.9979
  16.0271
  16.0544
  16.0799
  16.1034
  16.1282
  16.1582
  16.1892
  16.2249
  16.2610
  16.2994
  16.3396
  16.3821
  16.4253
  16.4696
  16.5130
  16.5579
  16.6026
  16.6468
  16.6893
  16.7324
  16.7759
  16.8249
  16.8736
  16.9207
  16.9693
  17.0202
  17.0718
  17.1248
  17.1822
  17.2456
  17.3121
  17.3826
  17.4511
  17.5192
  17.5885
  17.6611
  17.7358
  17.8162
  17.9018
  17.9912
  18.0823
  18.1761
  18.2757
  18.3781
  18.4818
  18.5869
  18.6976
  18.8067
  18.9175
  19.0313
  19.1477
  19.2695
  19.3924
  19.5169
  19.6503
  19.7888
  19.9342
  20.0843
  20.2355
  20.3872
  20.5381
  20.6873
  20.8347
  20.9764
  21.1126
  21.2433
  21.3722
  21.4981
  21.6137
  21.7278
  21.8412
  21.9497
  22.0561
  22.1604
  22.2619
  22.3611
  22.4645
  22.5678
  22.6714
  22.7733
  22.8714
  22.9639
  23.0506
  23.1313
  23.2089
  23.2819
  23.3523
  23.4209
  23.4863
  23.5454
  23.6045
  23.6594
  23.7135
  23.7653
  23.8190
  23.8711
  23.9176
  23.9590
  23.9963
  24.0301
  24.0629
  24.0901
  24.1127
  24.1289
  24.1399
  24.1455
  24.1457
  24.1456
  24.1462
  24.1468
  24.1463
  24.1409
  24.1335
  24.1244
  24.1130
  24.0924
  24.0664
  24.0346
  23.9964
  23.9569
  23.9148
  23.8744
  23.8370
  23.8051
  23.7809
  23.7593
  23.7372
  23.7171
  23.6938
  23.6755
  23.6617
  23.6444
  23.6283
  23.6114
  23.5980
  23.5893
  23.5846
  23.5792
  23.5758
  23.5728
  23.5672
  23.5656
  23.5634
  23.5604
  23.5537
  23.5474
  23.5386
  23.5270
  23.5095
  23.4899
  23.4695
  23.4384
  23.4022
  23.3613
  23.3184
  23.2738
  23.2248
  23.1796
  23.1346
  23.0887
  23.0440
  22.9941
  22.9441
  22.8912
  22.8390
  22.7875
  22.7363
  22.6839
  22.6258
  22.5654
  22.5019
  22.4345
  22.3679
  22.3009
  22.2331
  22.1603
  22.0904
  22.0185
  21.9436
  21.8704
  21.7991
  21.7306
  21.6617
  21.5936
  21.5256
  21.4533
  21.3787
  21.3077
  21.2315
  21.1556
  21.0722
  20.9710
  20.8713
  20.7535
  20.6318
  20.5050
  20.3718
  20.2333
  20.0867
  19.9342
  19.7802
  19.6325
  19.4801
  19.3265
  19.1750
  19.0318
  18.8858
  18.7378
  18.5899
  18.4480
  18.3107
  18.1751
  18.0505
  17.9339
  17.8205
  17.7101
  17.6014
  17.4971
  17.3913
  17.2851
  17.1735
  17.0564
  16.9387
  16.8210
  16.7061
  16.5936
  16.4809
  16.3700
  16.2639
  16.1624
  16.0549
  15.9473
  15.8415
  15.7355
  15.6266
  15.5153
  15.4077
  15.2958
  15.1799
  15.0622
  14.9398
  14.8107
  14.6742
  14.5349
  14.3912
  14.2388
  14.0822
  13.9232
  13.7572
  13.5926
  13.4309
  13.2758
  13.1320
  12.9838
  12.8538
  12.7279
  12.6048
  12.4832
  12.3631
  12.2506
  12.1407
  12.0305
  11.9164
  11.8029
  11.6957
  11.5918
  11.4889
  11.3931
  11.3052
  11.2219
  11.1397
  11.0551
  10.9683
  10.8749
  10.7751
  10.6734
  10.5717
  10.4698
  10.3665
  10.2599
  10.1515
  10.0463
   9.9424
   9.8415
   9.7400
   9.6337
   9.5275
   9.4213
   9.3193
   9.2139
   9.1053
   9.0008
   8.8990
   8.7966
   8.6943
   8.5946
   8.4975
   8.3988
   8.3029
   8.2084
   8.1171
   8.0273
   7.9406
   7.8615
   7.7844
   7.7078
   7.6376
   7.5727
   7.5129
   7.4580
   7.4050
   7.3536
   7.3021
   7.2504
   7.2015
   7.1525
   7.1030
   7.0532
   7.0061
   6.9600
   6.9121
   6.8660
   6.8205
   6.7744
   6.7275
   6.6751
   6.6168
   6.5556
   6.4925
   6.4271
   6.3611
   6.2915
   6.2232
   6.1593
   6.0957
   6.0324
   5.9725
   5.9103
   5.8425
   5.7757
   5.7101
   5.6447
   5.5778
   5.5140
   5.4454
   5.3784
   5.3100
   5.2405
   5.1714
   5.0950
   5.0110
   4.9239
   4.8323
   4.7315
   4.6262
   4.5240
   4.4156
   4.3040
   4.1923
   4.0774
   3.9625
   3.8474
   3.7307
   3.6156
   3.4993
   3.3829
   3.2682
   3.1505
   3.0295
   2.9051
   2.7807
   2.6544
   2.5264
   2.3999
   2.2780
   2.1594
   2.0392
   1.9191
   1.8010
   1.6814
   1.5593
   1.4339
   1.3064
   1.1753
   1.0404
   0.9051
   0.7683
   0.6332
   0.4951
   0.3573
   0.2217
   0.0838
  -0.0533
  -0.1913
  -0.3338
  -0.4764
  -0.6177
  -0.7639
  -0.9107
  -1.0534
  -1.1987
  -1.3421
  -1.4840
  -1.6227
  -1.7611
  -1.8962
  -2.0268
  -2.1467
  -2.2621
  -2.3733
  -2.4799
  -2.5773
  -2.6668
  -2.7536
  -2.8358
  -2.9166
  -3.0035
  -3.0844
  -3.1617
  -3.2389
  -3.3144
  -3.3851
  -3.4512
  -3.5140
  -3.5800
  -3.6462
  -3.7122
  -3.7768
  -3.8384
  -3.8939
  -3.9462
  -3.9985
  -4.0524
  -4.1027
  -4.1502
  -4.1980
  -4.2482
  -4.2683
  -4.2341
  -4.1783
  -4.0995
  -4.0087
  -3.9132
  -3.8223
  -3.7406
  -3.6613
  -3.5895
  -3.5221
  -3.4609
  -3.4012
  -3.3463
  -3.2963
  -3.2407
  -3.1828
  -3.1241
  -3.0643
  -3.0018
  -2.9381
  -2.8728
  -2.8075
  -2.7484
  -2.6935
  -2.6461
  -2.6031
  -2.5631
  -2.5265
  -2.4899
  -2.4578
  -2.4334
  -2.4109
  -2.3886
  -2.3645
  -2.3430
  -2.3243
  -2.3004
  -2.2715
  -2.2377
  -2.1989
  -2.1568
  -2.1101
  -2.0587
  -1.9997
  -1.9410
  -1.8854
  -1.8284
  -1.7665
  -1.7001
  -1.6367
  -1.5793
  -1.5244
  -1.4768
  -1.6612
  -1.8477
  -2.0343
  -2.2249
  -2.4200
  -2.6182
  -2.8174
  -3.0419
  -3.3190
  -3.6209
  -3.9453
  -4.2786
  -4.6161
  -4.9489
  -5.2709
  -5.5888
  -5.9039
  -6.2146
  -6.5191
  -6.8205
  -7.1187
  -7.4167
  -7.7192
  -8.0248
  -8.3302
  -8.6338
  -8.9385
  -9.2416
  -9.5461
  -9.8492
