  24.4767
  24.1869
  23.8959
  23.6020
  23.3066
  23.0131
  22.7210
  22.4287
  22.1381
  21.8551
  21.5769
  21.2987
  21.0158
  20.7332
  20.4476
  20.1593
  19.8731
  19.5822
  19.2933
  19.0029
  18.7125
  18.4269
  18.1459
  17.8695
  17.5975
  17.3269
  17.0626
  16.7997
  16.5340
  16.2639
  15.9909
  15.9136
  15.8474
  15.7876
  15.7356
  15.6915
  15.6549
  15.6260
  15.6015
  15.5782
  15.5562
  15.5307
  15.5053
  15.4769
  15.4505
  15.4229
  15.3941
  15.3654
  15.3368
  15.3080
  15.2775
  15.2488
  15.2180
  15.1901
  15.1623
  15.1360
  15.1113
  15.0866
  15.0652
  15.0436
  15.0251
  15.0064
  14.9891
  14.9759
  14.9627
  14.9508
  14.9432
  14.9417
  14.9386
  14.9336
  14.9302
  14.9282
  14.9213
  14.9222
  14.9229
  14.9235
  14.9272
  14.9275
  14.9278
  14.9264
  14.9265
  14.9220
  14.9156
  14.9092
  14.8996
  14.8872
  14.8717
  14.8527
  14.8291
  14.8039
  14.7784
  14.7559
  14.7319
  14.7065
  14.6859
  14.6668
  14.6492
  14.6303
  14.6099
  14.5883
  14.5652
  14.5425
  14.5153
  14.4881
  14.4609
  14.4323
  14.4017
  14.3723
  14.3429
  14.3121
  14.2797
  14.2457
  14.2134
  14.1843
  14.1555
  14.1329
  14.1074
  14.0866
  14.0659
  14.0468
  14.0294
  14.0152
  14.0025
  13.9883
  13.9710
  13.9538
  13.9397
  13.9227
  13.9010
  13.8857
  13.8736
  13.8569
  13.8356
  13.8252
  13.8099
  13.7884
  13.7701
  13.7486
  13.7255
  13.7054
  13.6835
  13.6617
  13.6444
  13.6304
  13.6131
  13.5991
  13.5895
  13.5800
  13.5691
  13.5676
  13.5707
  13.5739
  13.5726
  13.5695
  13.5688
  13.5609
  13.5483
  13.5325
  13.5165
  13.4988
  13.4856
  13.4772
  13.4718
  13.4695
  13.4687
  13.4693
  13.4682
  13.4656
  13.4631
  13.4621
  13.4643
  13.4712
  13.4828
  13.4942
  13.5072
  13.5200
  13.5279
  13.5404
  13.5496
  13.5588
  13.5648
  13.5694
  13.5739
  13.5754
  13.5771
  13.5818
  13.5865
  13.5896
  13.5960
  13.5976
  13.5948
  13.5871
  13.5781
  13.5709
  13.5527
  13.5339
  13.5183
  13.5027
  13.4901
  13.4790
  13.4649
  13.4587
  13.4509
  13.4432
  13.4338
  13.4292
  13.4246
  13.4200
  13.4168
  13.4354
  13.4399
  13.4430
  13.4460
  13.4474
  13.4457
  13.4476
  13.4505
  13.4566
  13.4659
  13.4800
  13.4973
  13.5146
  13.5304
  13.5477
  13.5681
  13.5822
  13.5997
  13.6187
  13.6392
  13.6598
  13.6821
  13.7073
  13.7231
  13.7435
  13.7656
  13.7861
  13.8020
  13.8179
  13.8385
  13.8559
  13.8732
  13.8873
  13.9092
  13.9280
  13.9468
  13.9732
  13.9952
  14.0233
  14.0502
  14.0770
  14.1105
  14.1438
  14.1807
  14.2171
  14.2537
  14.2916
  14.3257
  14.3660
  14.3986
  14.4343
  14.4700
  14.5088
  14.5428
  14.5738
  14.5988
  14.6173
  14.6282
  14.6328
  14.6311
  14.6265
  14.6017
  14.5862
  14.5689
  14.5563
  14.5468
  14.5439
  14.5361
  14.5285
  14.5191
  14.5050
  14.4860
  14.4636
  14.4380
  14.4109
  14.3791
  14.3457
  14.3155
  14.2853
  14.2549
  14.2262
  14.1988
  14.1715
  14.1427
  14.1262
  14.1114
  14.0982
  14.0911
  14.0935
  14.0991
  14.1029
  14.1100
  14.1204
  14.1355
  14.1431
  14.1508
  14.1616
  14.1662
  14.1707
  14.1706
  14.1736
  14.1735
  14.1762
  14.1834
  14.1918
  14.2066
  14.2238
  14.2458
  14.2753
  14.3001
  14.3325
  14.3570
  14.3784
  14.3966
  14.4071
  14.4159
  14.4242
  14.4345
  14.4476
  14.4623
  14.4788
  14.4984
  14.5179
  14.5344
  14.5527
  14.5680
  14.5835
  14.5988
  14.6143
  14.6295
  14.6496
  14.6743
  14.7009
  14.7293
  14.7576
  14.7860
  14.8161
  14.8447
  14.8748
  14.9032
  14.9366
  14.9729
  15.0126
  15.0523
  15.0904
  15.1256
  15.1546
  15.1803
  15.1982
  15.2099
  15.2216
  15.2320
  15.2423
  15.2510
  15.2613
  15.2731
  15.2862
  15.2992
  15.3125
  15.3241
  15.3356
  15.3455
  15.3569
  15.3636
  15.3672
  15.3678
  15.3654
  15.3633
  15.3612
  15.3547
  15.3482
  15.3402
  15.3338
  15.3321
  15.3319
  15.3380
  15.3489
  15.3676
  15.3926
  15.4206
  15.4548
  15.4936
  15.5337
  15.5772
  15.6221
  15.6655
  15.7071
  15.7456
  15.7823
  15.8191
  15.8574
  15.8942
  15.9292
  15.9627
  15.9962
  16.0314
  16.0664
  16.1016
  16.1369
  16.1739
  16.2111
  16.2466
  16.2809
  16.3135
  16.3462
  16.3790
  16.4118
  16.4446
  16.4774
  16.5134
  16.5492
  16.5834
  16.6158
  16.6515
  16.6871
  16.7208
  16.7528
  16.7832
  16.8137
  16.8440
  16.8744
  16.9047
  16.9333
  16.9635
  16.9936
  17.0236
  17.0538
  17.0872
  17.1221
  17.1586
  17.1965
  17.2360
  17.2786
  17.3228
  17.3655
  17.4052
  17.4448
  17.4812
  17.5176
  17.5511
  17.5860
  17.6211
  17.6547
  17.6851
  17.7124
  17.7381
  17.7653
  17.7924
  17.8196
  17.8483
  17.8786
  17.9088
  17.9389
  17.9692
  18.0009
  18.0309
  18.0610
  18.0911
  18.1196
  18.1511
  18.1840
  18.2151
  18.2444
  18.2719
  18.2978
  18.3220
  18.3460
  18.3670
  18.3880
  18.4043
  18.4175
  18.4293
  18.4412
  18.4529
  18.4630
  18.4716
  18.4801
  18.4903
  18.5021
  18.5154
  18.5304
  18.5469
  18.5634
  18.5799
  18.5933
  18.6068
  18.6203
  18.6337
  18.6456
  18.6559
  18.6632
  18.6720
  18.6808
  18.6865
  18.6922
  18.7011
  18.7114
  18.7235
  18.7387
  18.7538
  18.7705
  18.7839
  18.7895
  18.7886
  18.7847
  18.7775
  18.7671
  18.7535
  18.7369
  18.7218
  18.7053
  18.6873
  18.6694
  18.6547
  18.6401
  18.6256
  18.6143
  18.6014
  18.5886
  18.5725
  18.5518
  18.5263
  18.4994
  18.4711
  18.4411
  18.4112
  18.3830
  18.3548
  18.3282
  18.3031
  18.2813
  18.2610
  18.2425
  18.2241
  18.2059
  18.1847
  18.1638
  18.1429
  18.1221
  18.0999
  18.0759
  18.0505
  18.0250
  18.0027
  17.9806
  17.9601
  17.9414
  17.9212
  17.9026
  17.8825
  17.8608
  17.8408
  17.8193
  17.7978
  17.7780
  17.7597
  17.7414
  17.7262
  17.7110
  17.6974
  17.6807
  17.6641
  17.6475
  17.6357
  17.6269
  17.6214
  17.6193
  17.6217
  17.6243
  17.6301
  17.6357
  17.6429
  17.6517
  17.6620
  17.6708
  17.6810
  17.6929
  17.7046
  17.7195
  17.7376
  17.7651
  17.7989
  17.8391
  17.8856
  17.9369
  17.9915
  18.0461
  18.0974
  18.1410
  18.1735
  18.1919
  18.1977
  18.1956
  18.1888
  18.1805
  18.1785
  18.1843
  18.2011
  18.2274
  18.2600
  18.2989
  18.3426
  18.3862
  18.4313
  18.4731
  18.5134
  18.5488
  18.5812
  18.6118
  18.6409
  18.6732
  18.7055
  18.7395
  18.7752
  18.8110
  18.8454
  18.8782
  18.9080
  18.9378
  18.9691
  18.9973
  19.0269
  19.0550
  19.0832
  19.1114
  19.1429
  19.1742
  19.2071
  19.2400
  19.2744
  19.3071
  19.3413
  19.3755
  19.4064
  19.4357
  19.4635
  19.4852
  19.5038
  19.5177
  19.5254
  19.5314
  19.5325
  19.5305
  19.5189
  19.4962
  19.4704
  19.4493
  19.4265
  19.4039
  19.3906
  19.3897
  19.4046
  19.4351
  19.4767
  19.5261
  19.5771
  19.6218
  19.6601
  19.6906
  19.7129
  19.7288
  19.7398
  19.7477
  19.7573
  19.7639
  19.7721
  19.7836
  19.7982
  19.8145
  19.8325
  19.8505
  19.8688
  19.8853
  19.8988
  19.9104
  19.9220
  19.9319
  19.9401
  19.9465
  19.9498
  19.9532
  19.9613
  19.9710
  19.9839
  20.0017
  20.0242
  20.0482
  20.0751
  20.1036
  20.1304
  20.1603
  20.1932
  20.2247
  20.2608
  20.2985
  20.3378
  20.3784
  20.4253
  20.4706
  20.5158
  20.5627
  20.6082
  20.6523
  20.6933
  20.7392
  20.7916
  20.8424
  20.8855
  20.9287
  20.9735
  21.0181
  21.0676
  21.1122
  21.1490
  21.1809
  21.2095
  21.2379
  21.2615
  21.2708
  21.2739
  21.2724
  21.2726
  21.2715
  21.2706
  21.2682
  21.2628
  21.2526
  21.2427
  21.2343
  21.2309
  21.2306
  21.2288
  21.2191
  21.2079
  21.1952
  21.1824
  21.1698
  21.1637
  21.1609
  21.1615
  21.1639
  21.1696
  21.1803
  21.2054
  21.2304
  21.2476
  21.2602
  21.2841
  21.3147
  21.3502
  21.3892
  21.4252
  21.4536
  21.4804
  21.5138
  21.5553
  21.5922
  21.6263
  21.6557
  21.6916
  21.7324
  21.7796
  21.8317
  21.8854
  21.9390
  21.9941
  22.0525
  22.1141
  22.1756
  22.2371
  22.3003
  22.3651
  22.4268
  22.4935
  22.5649
  22.6367
  22.7086
  22.7821
  22.8621
  22.9595
  23.0633
  23.1703
  23.2741
  23.3826
  23.4892
  23.6006
  23.7214
  23.8516
  23.9833
  24.1180
  24.2542
  24.3886
  24.5275
  24.6694
  24.8113
  24.9562
  25.1012
  25.2493
  25.3957
  25.5419
  25.6929
  25.8453
  25.9943
  26.1369
  26.2668
  26.3981
  26.5342
  26.6733
  26.7997
  26.9213
  27.0382
  27.1580
  27.2775
  27.4066
  27.5402
  27.6642
  27.7834
  27.9088
  28.0325
  28.1577
  28.2826
  28.4107
  28.5432
  28.6821
  28.8223
  28.9673
  29.1121
  29.2536
  29.3950
  29.5378
  29.6853
  29.8281
  29.9646
  30.1011
  30.2392
  30.3821
  30.5297
  30.6805
  30.8251
  30.9647
  31.0981
  31.2272
  31.3642
  31.5075
  31.6493
  31.7895
  31.9250
  32.0588
  32.1894
  32.3184
  32.4442
  32.5637
  32.6832
  32.7949
  32.9082
  33.0262
  33.1426
  33.2575
  33.3675
  33.4790
  33.5922
  33.7054
  33.8187
  33.9322
  34.0457
  34.1577
  34.2664
  34.3749
  34.4801
  34.5833
  34.6831
  34.7811
  34.8743
  34.9677
  35.0594
  35.1498
  35.2419
  35.3324
  35.4214
  35.5122
  35.6030
  35.6924
  35.7768
  35.8532
  35.9184
  35.9788
  36.0325
  36.0782
  36.1205
  36.1627
  36.2111
  36.2595
  36.3127
  36.3752
  36.4376
  36.4983
  36.5572
  36.6160
  36.6746
  36.7380
  36.8092
  36.8929
  36.9872
  37.0736
  37.1585
  37.2416
  37.3296
  37.4193
  37.5097
  37.6002
  37.6919
  37.7774
  37.8594
  37.9333
  38.0055
  38.0626
  38.1131
  38.1651
  38.2219
  38.2900
  38.3629
  38.4245
  38.4751
  38.5193
  38.5714
  38.6250
  38.6738
  38.7162
  38.7572
  38.8065
  38.8830
  38.9742
  39.0832
  39.2130
  39.3634
  39.5266
  39.6975
  39.8667
  40.0340
  40.1997
  40.3653
  40.5230
  40.6745
  40.8198
  40.9603
  41.1043
  41.2580
  41.4281
  41.6063
  41.7958
  41.9870
  42.1737
  42.3556
  42.5342
  42.7097
  42.8835
  43.0494
  43.2150
  43.3599
  43.4826
  43.5989
  43.7041
  43.7825
  43.8388
  43.8918
  43.9735
  44.0902
  44.2290
  44.3852
  44.5470
  44.6976
  44.8453
  45.0118
  45.1849
  45.3660
  45.5568
  45.7656
  45.9761
  46.1707
  46.3635
  46.5705
  46.7728
  46.9896
  47.2188
  47.4544
  47.6773
  47.8940
  48.1105
  48.3303
  48.5484
  48.7535
  48.9235
  49.0758
  49.2072
  49.3161
  49.4025
  49.4729
  49.5401
  49.6057
  49.6682
  49.7307
  49.7979
  49.8776
  49.9667
  50.0604
  50.1542
  50.2560
  50.3719
  50.4956
  50.6352
  50.7829
  50.9383
  51.0933
  51.2433
  51.3852
  51.5142
  51.6319
  51.7450
  51.8473
  51.9705
  52.1226
  52.2941
  52.4799
  52.6862
  52.9037
  53.1210
  53.3032
  53.4471
  53.5641
  53.6620
  53.7439
  53.8290
  53.9126
  53.9868
  54.0626
  54.1321
  54.1937
  54.2395
  54.2840
  54.3571
  54.4528
  54.5421
  54.6266
  54.6997
  54.7553
  54.8124
  54.8839
  54.9679
  55.0599
  55.1567
  55.2377
  55.3331
  55.4413
  55.5607
  55.6944
  55.8346
  55.9829
  56.1361
  56.2927
  56.4636
  56.6474
  56.8296
  57.0069
  57.1812
  57.3492
  57.5139
  57.6817
  57.8382
  57.9756
  58.1001
  58.2180
  58.3294
  58.4378
  58.5494
  58.6721
  58.8061
  58.9432
  59.0851
  59.2350
  59.3942
  59.5534
  59.7012
  59.8380
  59.9686
  60.0879
  60.2008
  60.3107
  60.4142
  60.5195
  60.6266
  60.7402
  60.8731
  61.0237
  61.1854
  61.3505
  61.5188
  61.6997
  61.8882
  62.0911
  62.2987
  62.4851
  62.6345
  62.7614
  62.8914
  63.0326
  63.1895
  63.3432
  63.4855
  63.6215
  63.7624
  63.9047
  64.0469
  64.1649
  64.2652
  64.3493
  64.4207
  64.4711
  64.5168
  64.5625
  64.6085
  64.6547
  64.7026
  64.7569
  64.8143
  64.8751
  64.9344
  64.9971
  65.0566
  65.1163
  65.1697
  65.2122
  65.2420
  65.2622
  65.2826
  65.2985
  65.3051
  65.3088
  65.3175
  65.3281
  65.3405
  65.3545
  65.3670
  65.3840
  65.3975
  65.4123
  65.4383
  65.4738
  65.5155
  65.5654
  65.6120
  65.6570
  65.6922
  65.7097
  65.7065
  65.6843
  65.6444
  65.5887
  65.5187
  65.4379
  65.3521
  65.2663
  65.1860
  65.1154
  65.0481
  64.9778
  64.9011
  64.8183
  64.7354
  64.6521
  64.5674
  64.4763
  64.3790
  64.2947
  64.2183
  64.1453
  64.0738
  63.9945
  63.9315
  63.8702
  63.8105
  63.7424
  63.6614
  63.5692
  63.4704
  63.3679
  63.2585
  63.1486
  63.0345
  62.9200
  62.8039
  62.6847
  62.5654
  62.4432
  62.3197
  62.1867
  62.0521
  61.9190
  61.7842
  61.6429
  61.4983
  61.3486
  61.1925
  61.0302
  60.8580
  60.6856
  60.5066
  60.3213
  60.1326
  59.9408
  59.7474
  59.5556
  59.3622
  59.1690
  58.9761
  58.7895
  58.6092
  58.4352
  58.2706
  58.1123
  57.9600
  57.8124
  57.6647
  57.5168
  57.3656
  57.2098
  57.0508
  56.8856
  56.7158
  56.5399
  56.3549
  56.1669
  55.9822
  55.8088
  55.6485
  55.5012
  55.3652
  55.2326
  55.1032
  54.9673
  54.8201
  54.6618
  54.4954
  54.3241
  54.1510
  53.9814
  53.8172
  53.6595
  53.4893
  53.3041
  53.1095
  52.9086
  52.7110
  52.5149
  52.3186
  52.1190
  51.9208
  51.7241
  51.5339
  51.3502
  51.1727
  50.9966
  50.8207
  50.6463
  50.4717
  50.3005
  50.1298
  49.9592
  49.7855
  49.6105
  49.4354
  49.2588
  49.0788
  48.8972
  48.7171
  48.5415
  48.3642
  48.1900
  48.0174
  47.8401
  47.6598
  47.4781
  47.2918
  47.1024
  46.9115
  46.7205
  46.5328
  46.3433
  46.1570
  45.9751
  45.7963
  45.6253
  45.4509
  45.2666
  45.0739
  44.8699
  44.6592
  44.4485
  44.2392
  44.0328
  43.8312
  43.6391
  43.4598
  43.2949
  43.1398
  42.9878
  42.8344
  42.6778
  42.5148
  42.3678
  42.2383
  42.1167
  41.9997
  41.8825
  41.7668
  41.6559
  41.5482
  41.4388
  41.3277
  41.2135
  41.0945
  40.9724
  40.8505
  40.7303
  40.6052
  40.4785
  40.3501
  40.2216
  40.0913
  39.9689
  39.8480
  39.7302
  39.6138
  39.4989
  39.3854
  39.2701
  39.1515
  39.0359
  38.9181
  38.7970
  38.6759
  38.5548
  38.4337
  38.3127
  38.2013
  38.1093
  38.0397
  37.9831
  37.9377
  37.8955
  37.8518
  37.8049
  37.7532
  37.7014
  37.6496
  37.5994
  37.5605
  37.5279
  37.4969
  37.4660
  37.4369
  37.4045
  37.3674
  37.3190
  37.2595
  37.1870
  37.1049
  37.0162
  36.9227
  36.8290
  36.7354
  36.6434
  36.5563
  36.4741
  36.3968
  36.3196
  36.2391
  36.1571
  36.0767
  35.9980
  35.9129
  35.8245
  35.7409
  35.6654
  35.5946
  35.5319
  35.4772
  35.4274
  35.3826
  35.3410
  35.2995
  35.2596
  35.2150
  35.1674
  35.1183
  35.0677
  35.0205
  34.9718
  34.9232
  34.8801
  34.8467
  34.8213
  34.6026
  34.3758
  34.1458
  33.8996
  33.6293
  33.3332
  33.0194
  32.6944
  32.3678
  32.0428
  31.7292
  31.4220
  31.1212
  30.8220
  30.5229
  30.2157
  29.9021
  29.5853
  29.2685
  28.9517
  28.6381
  28.3261
  28.0175
  27.7089
  27.4036
  27.1030
  26.8089
  26.5165
  26.2274
  25.9350
