  -9.9562
  -9.8087
  -9.6587
  -9.5029
  -9.3388
  -9.1716
  -8.9978
  -8.8228
  -8.6473
  -8.4723
  -8.2968
  -8.1180
  -7.9371
  -7.7542
  -7.5682
  -7.3833
  -7.1953
  -7.0061
  -6.8158
  -6.6274
  -6.4413
  -6.2546
  -6.0696
  -5.8830
  -5.6956
  -5.5107
  -5.3248
  -5.1389
  -4.9525
  -4.7635
  -4.5687
  -4.5332
  -4.4996
  -4.4674
  -4.4341
  -4.4022
  -4.3748
  -4.3503
  -4.3245
  -4.3002
  -4.2761
  -4.2526
  -4.2317
  -4.2130
  -4.1969
  -4.1819
  -4.1662
  -4.1507
  -4.1357
  -4.1227
  -4.1109
  -4.1023
  -4.0940
  -4.0835
  -4.0755
  -4.0694
  -4.0637
  -4.0595
  -4.0567
  -4.0561
  -4.0602
  -4.0675
  -4.0779
  -4.0894
  -4.1025
  -4.1161
  -4.1274
  -4.1370
  -4.1420
  -4.1443
  -4.1452
  -4.1445
  -4.1411
  -4.1379
  -4.1342
  -4.1311
  -4.1257
  -4.1218
  -4.1173
  -4.1143
  -4.1091
  -4.1004
  -4.0889
  -4.0757
  -4.0626
  -4.0512
  -4.0396
  -4.0279
  -4.0137
  -3.9991
  -3.9840
  -3.9702
  -3.9581
  -3.9428
  -3.9257
  -3.9116
  -3.9028
  -3.8933
  -3.8845
  -3.8797
  -3.8754
  -3.8727
  -3.8703
  -3.8669
  -3.8587
  -3.8440
  -3.8261
  -3.8076
  -3.7877
  -3.7668
  -3.7450
  -3.7232
  -3.7002
  -3.6767
  -3.6566
  -3.6353
  -3.6160
  -3.5994
  -3.5866
  -3.5784
  -3.5712
  -3.5633
  -3.5559
  -3.5500
  -3.5461
  -3.5439
  -3.5462
  -3.5540
  -3.5645
  -3.5776
  -3.5900
  -3.6003
  -3.6091
  -3.6259
  -3.6387
  -3.6478
  -3.6599
  -3.6718
  -3.6835
  -3.6948
  -3.7019
  -3.7112
  -3.7255
  -3.7377
  -3.7492
  -3.7635
  -3.7645
  -3.7617
  -3.7617
  -3.7660
  -3.7754
  -3.7874
  -3.8084
  -3.8308
  -3.8533
  -3.8787
  -3.9016
  -3.9214
  -3.9387
  -3.9529
  -3.9625
  -3.9686
  -3.9731
  -3.9727
  -3.9719
  -3.9738
  -3.9817
  -3.9946
  -4.0098
  -4.0293
  -4.0508
  -4.0709
  -4.0927
  -4.1141
  -4.1351
  -4.1556
  -4.1773
  -4.1998
  -4.2213
  -4.2395
  -4.2533
  -4.2729
  -4.3045
  -4.3518
  -4.4064
  -4.4635
  -4.5207
  -4.5784
  -4.6314
  -4.6873
  -4.7414
  -4.8003
  -4.8611
  -4.9228
  -4.9779
  -5.0368
  -5.1003
  -5.1613
  -5.2259
  -5.2924
  -5.3635
  -5.4419
  -5.5231
  -5.6019
  -5.6855
  -5.7723
  -5.8583
  -5.9585
  -6.0618
  -6.1631
  -6.2698
  -6.3740
  -6.4786
  -6.5801
  -6.6824
  -6.7903
  -6.8961
  -7.0047
  -7.1127
  -7.2258
  -7.3441
  -7.4655
  -7.5880
  -7.7098
  -7.8384
  -7.9700
  -8.1053
  -8.2411
  -8.3759
  -8.5124
  -8.6484
  -8.7848
  -8.9216
  -9.0553
  -9.1879
  -9.3185
  -9.4475
  -9.5722
  -9.6961
  -9.8190
  -9.9432
 -10.0686
 -10.1880
 -10.2963
 -10.3896
 -10.4742
 -10.5557
 -10.6400
 -10.7230
 -10.8061
 -10.8869
 -10.9670
 -11.0403
 -11.1101
 -11.1800
 -11.2485
 -11.3175
 -11.3859
 -11.4532
 -11.5199
 -11.5860
 -11.6514
 -11.7168
 -11.7799
 -11.8395
 -11.8903
 -11.9406
 -11.9770
 -12.0094
 -12.0290
 -12.0445
 -12.0511
 -12.0525
 -12.0452
 -12.0324
 -12.0199
 -12.0018
 -11.9822
 -11.9613
 -11.9390
 -11.9171
 -11.8919
 -11.8703
 -11.8502
 -11.8311
 -11.8121
 -11.7891
 -11.7512
 -11.6994
 -11.6456
 -11.5760
 -11.5044
 -11.4231
 -11.3440
 -11.2638
 -11.1781
 -11.0944
 -11.0084
 -10.9196
 -10.8332
 -10.7443
 -10.6546
 -10.5680
 -10.4817
 -10.3956
 -10.3095
 -10.2243
 -10.1405
 -10.0564
  -9.9698
  -9.8837
  -9.7965
  -9.7110
  -9.6317
  -9.5570
  -9.4865
  -9.4192
  -9.3535
  -9.2900
  -9.2320
  -9.1766
  -9.1204
  -9.0632
  -9.0030
  -8.9419
  -8.8858
  -8.8377
  -8.7906
  -8.7540
  -8.7181
  -8.6939
  -8.6722
  -8.6490
  -8.6308
  -8.6188
  -8.6101
  -8.6005
  -8.5949
  -8.5924
  -8.5922
  -8.5918
  -8.5880
  -8.5836
  -8.5742
  -8.5647
  -8.5542
  -8.5448
  -8.5384
  -8.5460
  -8.5685
  -8.5928
  -8.6339
  -8.6769
  -8.7298
  -8.7828
  -8.8404
  -8.9044
  -8.9681
  -9.0338
  -9.1057
  -9.1730
  -9.2426
  -9.3128
  -9.3799
  -9.4459
  -9.5083
  -9.5669
  -9.6227
  -9.6745
  -9.7229
  -9.7700
  -9.8165
  -9.8626
  -9.9049
  -9.9432
  -9.9780
 -10.0090
 -10.0348
 -10.0539
 -10.0653
 -10.0685
 -10.0665
 -10.0629
 -10.0554
 -10.0467
 -10.0361
 -10.0212
 -10.0046
  -9.9881
  -9.9736
  -9.9602
  -9.9469
  -9.9329
  -9.9221
  -9.9105
  -9.8982
  -9.8827
  -9.8643
  -9.8440
  -9.8206
  -9.7944
  -9.7687
  -9.7415
  -9.7134
  -9.6850
  -9.6561
  -9.6295
  -9.6014
  -9.5720
  -9.5400
  -9.5055
  -9.4665
  -9.4225
  -9.3759
  -9.3296
  -9.2825
  -9.2356
  -9.1887
  -9.1462
  -9.1095
  -9.0757
  -9.0474
  -9.0207
  -8.9949
  -8.9694
  -8.9423
  -8.9116
  -8.8815
  -8.8514
  -8.8198
  -8.7848
  -8.7491
  -8.7089
  -8.6643
  -8.6231
  -8.5834
  -8.5470
  -8.5141
  -8.4854
  -8.4626
  -8.4455
  -8.4319
  -8.4204
  -8.4070
  -8.3958
  -8.3851
  -8.3750
  -8.3647
  -8.3544
  -8.3404
  -8.3268
  -8.3141
  -8.3032
  -8.2914
  -8.2767
  -8.2589
  -8.2412
  -8.2198
  -8.1988
  -8.1772
  -8.1619
  -8.1503
  -8.1374
  -8.1275
  -8.1194
  -8.1104
  -8.0997
  -8.0837
  -8.0651
  -8.0433
  -8.0217
  -7.9973
  -7.9739
  -7.9501
  -7.9258
  -7.8994
  -7.8728
  -7.8460
  -7.8187
  -7.7882
  -7.7530
  -7.7139
  -7.6692
  -7.6242
  -7.5777
  -7.5315
  -7.4875
  -7.4517
  -7.4175
  -7.3855
  -7.3574
  -7.3358
  -7.3186
  -7.3084
  -7.3044
  -7.2993
  -7.2939
  -7.2874
  -7.2766
  -7.2638
  -7.2461
  -7.2272
  -7.2080
  -7.1888
  -7.1729
  -7.1556
  -7.1359
  -7.1168
  -7.0998
  -7.0847
  -7.0716
  -7.0581
  -7.0469
  -7.0349
  -7.0259
  -7.0199
  -7.0176
  -7.0168
  -7.0203
  -7.0247
  -7.0310
  -7.0316
  -7.0279
  -7.0219
  -7.0137
  -6.9996
  -6.9834
  -6.9651
  -6.9492
  -6.9365
  -6.9276
  -6.9198
  -6.9150
  -6.9126
  -6.9109
  -6.9070
  -6.9005
  -6.8900
  -6.8761
  -6.8638
  -6.8529
  -6.8414
  -6.8292
  -6.8164
  -6.7997
  -6.7805
  -6.7579
  -6.7331
  -6.7044
  -6.6735
  -6.6382
  -6.5967
  -6.5555
  -6.5094
  -6.4644
  -6.4194
  -6.3757
  -6.3325
  -6.2889
  -6.2442
  -6.1993
  -6.1553
  -6.1127
  -6.0673
  -6.0236
  -5.9787
  -5.9344
  -5.8929
  -5.8503
  -5.8063
  -5.7596
  -5.7099
  -5.6568
  -5.6006
  -5.5472
  -5.4923
  -5.4385
  -5.3830
  -5.3255
  -5.2664
  -5.2096
  -5.1517
  -5.0961
  -5.0391
  -4.9848
  -4.9314
  -4.8826
  -4.8366
  -4.7925
  -4.7446
  -4.6950
  -4.6434
  -4.5922
  -4.5412
  -4.4896
  -4.4387
  -4.3924
  -4.3505
  -4.3116
  -4.2736
  -4.2349
  -4.1921
  -4.1500
  -4.1092
  -4.0699
  -4.0351
  -4.0028
  -3.9733
  -3.9470
  -3.9217
  -3.9001
  -3.8784
  -3.8623
  -3.8427
  -3.8227
  -3.7974
  -3.7674
  -3.7344
  -3.6983
  -3.6611
  -3.6250
  -3.5907
  -3.5561
  -3.5199
  -3.4844
  -3.4453
  -3.4049
  -3.3593
  -3.3063
  -3.2545
  -3.2004
  -3.1420
  -3.0814
  -3.0246
  -2.9728
  -2.9233
  -2.8743
  -2.8235
  -2.7760
  -2.7306
  -2.6867
  -2.6432
  -2.5981
  -2.5510
  -2.5022
  -2.4540
  -2.4054
  -2.3545
  -2.3025
  -2.2509
  -2.2024
  -2.1535
  -2.1059
  -2.0599
  -2.0139
  -1.9688
  -1.9187
  -1.8634
  -1.8060
  -1.7503
  -1.6968
  -1.6478
  -1.6026
  -1.5587
  -1.5156
  -1.4720
  -1.4271
  -1.3791
  -1.3267
  -1.2690
  -1.2081
  -1.1439
  -1.0819
  -1.0169
  -0.9517
  -0.8853
  -0.8189
  -0.7574
  -0.6997
  -0.6474
  -0.5972
  -0.5508
  -0.5061
  -0.4640
  -0.4201
  -0.3752
  -0.3291
  -0.2831
  -0.2426
  -0.2094
  -0.1794
  -0.1554
  -0.1327
  -0.1104
  -0.0848
  -0.0534
  -0.0144
   0.0264
   0.0680
   0.1117
   0.1561
   0.2004
   0.2474
   0.2928
   0.3381
   0.3817
   0.4269
   0.4734
   0.5201
   0.5665
   0.6187
   0.6695
   0.7249
   0.7832
   0.8470
   0.9126
   0.9787
   1.0432
   1.1035
   1.1626
   1.2245
   1.2887
   1.3598
   1.4367
   1.5171
   1.5996
   1.6764
   1.7462
   1.8103
   1.8715
   1.9236
   1.9708
   2.0153
   2.0614
   2.1055
   2.1465
   2.1848
   2.2218
   2.2601
   2.2984
   2.3419
   2.3840
   2.4268
   2.4751
   2.5284
   2.5832
   2.6415
   2.7040
   2.7688
   2.8374
   2.9157
   3.0042
   3.1031
   3.2011
   3.2903
   3.3729
   3.4463
   3.5131
   3.5775
   3.6494
   3.7274
   3.8096
   3.8972
   3.9874
   4.0845
   4.1832
   4.2811
   4.3833
   4.4883
   4.6007
   4.7133
   4.8232
   4.9394
   5.0562
   5.1733
   5.2877
   5.4024
   5.5190
   5.6290
   5.7438
   5.8590
   5.9749
   6.0891
   6.2045
   6.3192
   6.4313
   6.5442
   6.6682
   6.8062
   6.9549
   7.1054
   7.2599
   7.4140
   7.5718
   7.7293
   7.8917
   8.0615
   8.2329
   8.4063
   8.5840
   8.7636
   8.9443
   9.1325
   9.3246
   9.5154
   9.7038
   9.8906
  10.0761
  10.2561
  10.4342
  10.6094
  10.7783
  10.9412
  11.0981
  11.2503
  11.4100
  11.5755
  11.7513
  11.9327
  12.1164
  12.2952
  12.4705
  12.6445
  12.8191
  12.9919
  13.1603
  13.3253
  13.4918
  13.6549
  13.8173
  13.9787
  14.1425
  14.3062
  14.4667
  14.6229
  14.7771
  14.9321
  15.0882
  15.2442
  15.4048
  15.5622
  15.7225
  15.8820
  16.0439
  16.2074
  16.3709
  16.5375
  16.7028
  16.8646
  17.0205
  17.1720
  17.3234
  17.4780
  17.6377
  17.7957
  17.9537
  18.1078
  18.2557
  18.3995
  18.5447
  18.6875
  18.8327
  18.9729
  19.1073
  19.2354
  19.3619
  19.4878
  19.6133
  19.7353
  19.8560
  19.9725
  20.0863
  20.1975
  20.3058
  20.4138
  20.5205
  20.6252
  20.7287
  20.8311
  20.9319
  21.0284
  21.1207
  21.2097
  21.2928
  21.3697
  21.4431
  21.5108
  21.5806
  21.6485
  21.7174
  21.7843
  21.8437
  21.8975
  21.9467
  21.9967
  22.0489
  22.1041
  22.1590
  22.2080
  22.2554
  22.3048
  22.3513
  22.3954
  22.4415
  22.4857
  22.5282
  22.5711
  22.6126
  22.6561
  22.6963
  22.7398
  22.7817
  22.8226
  22.8642
  22.9042
  22.9441
  22.9811
  23.0162
  23.0489
  23.0811
  23.1073
  23.1325
  23.1561
  23.1819
  23.2140
  23.2498
  23.2869
  23.3239
  23.3613
  23.3980
  23.4357
  23.4777
  23.5210
  23.5663
  23.6136
  23.6583
  23.7040
  23.7484
  23.7947
  23.8384
  23.8812
  23.9272
  23.9749
  24.0261
  24.0836
  24.1379
  24.1937
  24.2542
  24.3169
  24.3829
  24.4503
  24.5176
  24.5866
  24.6579
  24.7282
  24.7952
  24.8573
  24.9158
  24.9733
  25.0351
  25.0959
  25.1543
  25.2161
  25.2759
  25.3312
  25.3893
  25.4445
  25.4961
  25.5474
  25.5986
  25.6505
  25.6946
  25.7380
  25.7807
  25.8225
  25.8619
  25.9017
  25.9438
  25.9882
  26.0375
  26.0881
  26.1384
  26.1889
  26.2409
  26.2912
  26.3376
  26.3859
  26.4343
  26.4843
  26.5346
  26.5855
  26.6378
  26.6914
  26.7473
  26.8048
  26.8660
  26.9300
  26.9987
  27.0700
  27.1390
  27.2093
  27.2839
  27.3601
  27.4367
  27.5110
  27.5826
  27.6606
  27.7418
  27.8242
  27.9087
  27.9924
  28.0710
  28.1454
  28.2166
  28.2891
  28.3653
  28.4451
  28.5285
  28.6094
  28.6914
  28.7740
  28.8560
  28.9345
  29.0114
  29.0868
  29.1589
  29.2271
  29.2957
  29.3520
  29.3996
  29.4468
  29.4942
  29.5464
  29.5978
  29.6509
  29.7024
  29.7532
  29.8006
  29.8473
  29.8950
  29.9405
  29.9838
  30.0245
  30.0642
  30.1024
  30.1451
  30.1889
  30.2321
  30.2776
  30.3258
  30.3761
  30.4234
  30.4623
  30.4971
  30.5380
  30.5862
  30.6364
  30.6873
  30.7389
  30.7911
  30.8414
  30.8872
  30.9275
  30.9616
  30.9866
  31.0042
  31.0159
  31.0207
  31.0212
  31.0188
  31.0117
  30.9978
  30.9803
  30.9612
  30.9369
  30.9053
  30.8719
  30.8423
  30.8063
  30.7679
  30.7206
  30.6721
  30.6177
  30.5597
  30.5020
  30.4482
  30.3973
  30.3337
  30.2642
  30.1913
  30.1207
  30.0469
  29.9670
  29.8761
  29.7796
  29.6803
  29.5829
  29.4822
  29.3714
  29.2416
  29.1013
  28.9514
  28.8038
  28.6556
  28.5031
  28.3506
  28.1909
  28.0264
  27.8604
  27.6950
  27.5193
  27.3410
  27.1600
  26.9823
  26.8014
  26.6097
  26.4052
  26.1865
  25.9537
  25.7099
  25.4608
  25.2154
  24.9723
  24.7279
  24.4791
  24.2301
  23.9852
  23.7440
  23.4990
  23.2514
  23.0012
  22.7492
  22.4936
  22.2401
  21.9883
  21.7430
  21.5073
  21.2721
  21.0318
  20.7947
  20.5576
  20.3271
  20.0985
  19.8801
  19.6695
  19.4601
  19.2508
  19.0431
  18.8527
  18.6718
  18.5102
  18.3538
  18.1962
  18.0399
  17.8893
  17.7413
  17.5945
  17.4476
  17.3059
  17.1714
  17.0479
  16.9276
  16.8102
  16.6931
  16.5809
  16.4727
  16.3630
  16.2544
  16.1471
  16.0426
  15.9374
  15.8390
  15.7389
  15.6417
  15.5474
  15.4579
  15.3683
  15.2795
  15.1962
  15.1211
  15.0487
  14.9792
  14.9077
  14.8405
  14.7789
  14.7245
  14.6795
  14.6386
  14.6011
  14.5725
  14.5497
  14.5278
  14.5061
  14.4911
  14.4743
  14.4599
  14.4455
  14.4290
  14.4096
  14.3899
  14.3735
  14.3613
  14.3504
  14.3376
  14.3224
  14.3096
  14.2975
  14.2844
  14.2696
  14.2513
  14.2295
  14.2055
  14.1822
  14.1610
  14.1402
  14.1192
  14.1011
  14.0791
  14.0526
  14.0240
  13.9976
  13.9770
  13.9625
  13.9547
  13.9480
  13.9394
  13.9305
  13.9210
  13.9092
  13.8969
  13.8800
  13.8585
  13.8319
  13.7990
  13.7691
  13.7397
  13.7107
  13.6851
  13.6571
  13.6271
  13.5957
  13.5604
  13.5194
  13.4748
  13.4213
  13.3619
  13.2990
  13.2339
  13.1680
  13.0996
  13.0331
  12.9621
  12.8898
  12.8138
  12.7335
  12.6514
  12.5634
  12.4717
  12.3758
  12.2780
  12.1743
  12.0677
  11.9598
  11.8500
  11.7395
  11.6300
  11.5189
  11.4082
  11.2959
  11.1854
  11.0762
  10.9661
  10.8566
  10.7463
  10.6343
  10.5255
  10.4166
  10.3071
  10.1999
  10.0977
   9.9995
   9.9078
   9.8164
   9.7233
   9.6304
   9.5372
   9.4458
   9.3511
   9.2580
   9.1613
   9.0620
   8.9607
   8.8563
   8.7519
   8.6502
   8.5444
   8.4352
   8.3236
   8.2103
   8.0976
   7.9852
   7.8708
   7.7587
   7.6450
   7.5283
   7.4130
   7.2982
   7.1830
   7.0668
   6.9485
   6.8245
   6.6926
   6.5621
   6.4293
   6.2964
   6.1669
   6.0414
   5.9159
   5.7855
   5.6536
   5.5210
   5.3861
   5.2453
   5.1040
   4.9622
   4.8160
   4.6627
   4.4991
   4.3244
   4.1437
   3.9548
   3.7581
   3.5538
   3.3426
   3.1270
   2.9066
   2.6844
   2.4657
   2.2477
   2.0304
   1.8052
   1.5691
   1.3219
   1.0685
   0.8124
   0.5524
   0.2892
   0.0280
  -0.2281
  -0.4848
  -0.7327
  -0.9723
  -1.2090
  -1.4455
  -1.6810
  -1.9158
  -2.1507
  -2.3861
  -2.6274
  -2.8730
  -3.1204
  -3.3677
  -3.6137
  -3.8532
  -4.0826
  -4.3023
  -4.5111
  -4.7162
  -4.9205
  -5.1267
  -5.3351
  -5.5443
  -5.7524
  -5.9631
  -6.1725
  -6.3822
  -6.5982
  -6.8191
  -7.0365
  -7.2464
  -7.4540
  -7.6576
  -7.8565
  -8.0544
  -8.2536
  -8.4566
  -8.6587
  -8.8575
  -9.0503
  -9.2349
  -9.4171
  -9.5945
  -9.7676
  -9.9354
 -10.0965
 -10.2553
 -10.4088
 -10.5589
 -10.7075
 -10.8560
 -11.0064
 -11.1512
 -11.2891
 -11.4199
 -11.5424
 -11.6636
 -11.7820
 -11.8983
 -12.0185
 -12.1434
 -12.0936
 -12.0436
 -11.9972
 -11.9501
 -11.8980
 -11.8403
 -11.7791
 -11.7167
 -11.6504
 -11.5781
 -11.5001
 -11.4151
 -11.3243
 -11.2266
 -11.1293
 -11.0358
 -10.9453
 -10.8595
 -10.7730
 -10.6819
 -10.5856
 -10.4867
 -10.3821
 -10.2731
 -10.1579
 -10.0376
  -9.9100
  -9.7728
  -9.6273
  -9.4747
