  -9.3184
  -9.1584
  -8.9962
  -8.8287
  -8.6535
  -8.4756
  -8.2911
  -8.1052
  -7.9187
  -7.7325
  -7.5461
  -7.3560
  -7.1641
  -6.9707
  -6.7741
  -6.5788
  -6.3804
  -6.1807
  -5.9801
  -5.7815
  -5.5853
  -5.3885
  -5.1934
  -4.9967
  -4.7985
  -4.6025
  -4.4056
  -4.2088
  -4.0113
  -3.8113
  -3.6059
  -3.5730
  -3.5426
  -3.5140
  -3.4845
  -3.4566
  -3.4336
  -3.4139
  -3.3924
  -3.3722
  -3.3518
  -3.3316
  -3.3141
  -3.2986
  -3.2856
  -3.2736
  -3.2604
  -3.2471
  -3.2340
  -3.2229
  -3.2128
  -3.2059
  -3.1988
  -3.1895
  -3.1823
  -3.1772
  -3.1724
  -3.1688
  -3.1664
  -3.1659
  -3.1700
  -3.1768
  -3.1866
  -3.1973
  -3.2097
  -3.2223
  -3.2326
  -3.2412
  -3.2454
  -3.2473
  -3.2481
  -3.2473
  -3.2442
  -3.2415
  -3.2382
  -3.2356
  -3.2307
  -3.2269
  -3.2225
  -3.2193
  -3.2138
  -3.2045
  -3.1923
  -3.1784
  -3.1645
  -3.1526
  -3.1409
  -3.1292
  -3.1154
  -3.1013
  -3.0869
  -3.0740
  -3.0631
  -3.0489
  -3.0328
  -3.0190
  -3.0100
  -3.0003
  -2.9908
  -2.9851
  -2.9802
  -2.9769
  -2.9740
  -2.9706
  -2.9627
  -2.9483
  -2.9306
  -2.9126
  -2.8934
  -2.8733
  -2.8527
  -2.8320
  -2.8100
  -2.7877
  -2.7687
  -2.7487
  -2.7302
  -2.7143
  -2.7023
  -2.6951
  -2.6887
  -2.6817
  -2.6749
  -2.6693
  -2.6656
  -2.6636
  -2.6662
  -2.6744
  -2.6853
  -2.6987
  -2.7110
  -2.7214
  -2.7305
  -2.7471
  -2.7596
  -2.7686
  -2.7800
  -2.7910
  -2.8015
  -2.8118
  -2.8182
  -2.8270
  -2.8407
  -2.8526
  -2.8633
  -2.8763
  -2.8754
  -2.8703
  -2.8678
  -2.8695
  -2.8766
  -2.8870
  -2.9060
  -2.9258
  -2.9450
  -2.9666
  -2.9861
  -3.0026
  -3.0171
  -3.0287
  -3.0363
  -3.0408
  -3.0441
  -3.0431
  -3.0420
  -3.0433
  -3.0510
  -3.0637
  -3.0786
  -3.0978
  -3.1189
  -3.1381
  -3.1590
  -3.1796
  -3.2000
  -3.2201
  -3.2417
  -3.2643
  -3.2861
  -3.3045
  -3.3187
  -3.3395
  -3.3742
  -3.4272
  -3.4874
  -3.5502
  -3.6130
  -3.6761
  -3.7352
  -3.7973
  -3.8580
  -3.9235
  -3.9905
  -4.0581
  -4.1190
  -4.1835
  -4.2521
  -4.3189
  -4.3894
  -4.4625
  -4.5403
  -4.6258
  -4.7143
  -4.8007
  -4.8920
  -4.9868
  -5.0816
  -5.1915
  -5.3049
  -5.4164
  -5.5343
  -5.6489
  -5.7631
  -5.8742
  -5.9863
  -6.1045
  -6.2208
  -6.3398
  -6.4581
  -6.5810
  -6.7094
  -6.8406
  -6.9728
  -7.1043
  -7.2418
  -7.3820
  -7.5258
  -7.6699
  -7.8130
  -7.9579
  -8.1024
  -8.2479
  -8.3944
  -8.5379
  -8.6806
  -8.8214
  -8.9606
  -9.0956
  -9.2301
  -9.3637
  -9.4991
  -9.6356
  -9.7657
  -9.8835
  -9.9838
 -10.0756
 -10.1646
 -10.2562
 -10.3464
 -10.4359
 -10.5231
 -10.6092
 -10.6889
 -10.7656
 -10.8427
 -10.9187
 -10.9949
 -11.0708
 -11.1453
 -11.2192
 -11.2924
 -11.3645
 -11.4359
 -11.5049
 -11.5709
 -11.6287
 -11.6858
 -11.7305
 -11.7715
 -11.8011
 -11.8268
 -11.8426
 -11.8537
 -11.8566
 -11.8543
 -11.8518
 -11.8437
 -11.8339
 -11.8228
 -11.8104
 -11.7984
 -11.7831
 -11.7708
 -11.7597
 -11.7496
 -11.7400
 -11.7266
 -11.6995
 -11.6599
 -11.6185
 -11.5628
 -11.5053
 -11.4391
 -11.3749
 -11.3097
 -11.2397
 -11.1715
 -11.1013
 -11.0292
 -10.9587
 -10.8862
 -10.8126
 -10.7417
 -10.6707
 -10.5994
 -10.5282
 -10.4574
 -10.3878
 -10.3177
 -10.2451
 -10.1731
 -10.0998
 -10.0282
  -9.9626
  -9.9010
  -9.8432
  -9.7886
  -9.7357
  -9.6851
  -9.6397
  -9.5968
  -9.5528
  -9.5079
  -9.4599
  -9.4109
  -9.3663
  -9.3287
  -9.2919
  -9.2643
  -9.2368
  -9.2198
  -9.2049
  -9.1888
  -9.1777
  -9.1722
  -9.1701
  -9.1674
  -9.1688
  -9.1737
  -9.1814
  -9.1890
  -9.1940
  -9.1982
  -9.1978
  -9.1975
  -9.1962
  -9.1958
  -9.1983
  -9.2137
  -9.2424
  -9.2725
  -9.3178
  -9.3645
  -9.4197
  -9.4746
  -9.5334
  -9.5976
  -9.6614
  -9.7266
  -9.7971
  -9.8632
  -9.9309
  -9.9994
 -10.0650
 -10.1297
 -10.1901
 -10.2463
 -10.2994
 -10.3485
 -10.3939
 -10.4378
 -10.4810
 -10.5240
 -10.5627
 -10.5969
 -10.6281
 -10.6558
 -10.6784
 -10.6943
 -10.7023
 -10.7021
 -10.6972
 -10.6907
 -10.6802
 -10.6690
 -10.6557
 -10.6381
 -10.6189
 -10.5998
 -10.5825
 -10.5661
 -10.5494
 -10.5320
 -10.5174
 -10.5017
 -10.4853
 -10.4655
 -10.4427
 -10.4178
 -10.3893
 -10.3578
 -10.3263
 -10.2923
 -10.2572
 -10.2216
 -10.1853
 -10.1510
 -10.1151
 -10.0778
 -10.0379
  -9.9960
  -9.9501
  -9.8996
  -9.8469
  -9.7948
  -9.7422
  -9.6901
  -9.6380
  -9.5905
  -9.5485
  -9.5095
  -9.4761
  -9.4443
  -9.4129
  -9.3819
  -9.3491
  -9.3137
  -9.2796
  -9.2464
  -9.2123
  -9.1756
  -9.1385
  -9.0975
  -9.0526
  -9.0122
  -8.9737
  -8.9384
  -8.9070
  -8.8797
  -8.8586
  -8.8436
  -8.8324
  -8.8230
  -8.8123
  -8.8039
  -8.7957
  -8.7882
  -8.7803
  -8.7724
  -8.7609
  -8.7497
  -8.7393
  -8.7306
  -8.7208
  -8.7078
  -8.6913
  -8.6744
  -8.6533
  -8.6324
  -8.6108
  -8.5952
  -8.5831
  -8.5704
  -8.5607
  -8.5532
  -8.5448
  -8.5347
  -8.5196
  -8.5015
  -8.4802
  -8.4585
  -8.4335
  -8.4087
  -8.3828
  -8.3560
  -8.3266
  -8.2966
  -8.2661
  -8.2354
  -8.2015
  -8.1631
  -8.1207
  -8.0727
  -8.0244
  -7.9751
  -7.9262
  -7.8796
  -7.8413
  -7.8046
  -7.7698
  -7.7387
  -7.7137
  -7.6934
  -7.6798
  -7.6718
  -7.6629
  -7.6539
  -7.6438
  -7.6296
  -7.6136
  -7.5926
  -7.5702
  -7.5473
  -7.5244
  -7.5048
  -7.4840
  -7.4612
  -7.4392
  -7.4197
  -7.4024
  -7.3869
  -7.3713
  -7.3580
  -7.3442
  -7.3340
  -7.3269
  -7.3240
  -7.3231
  -7.3272
  -7.3325
  -7.3400
  -7.3422
  -7.3401
  -7.3358
  -7.3290
  -7.3164
  -7.3020
  -7.2857
  -7.2717
  -7.2611
  -7.2540
  -7.2482
  -7.2456
  -7.2458
  -7.2467
  -7.2461
  -7.2437
  -7.2377
  -7.2287
  -7.2214
  -7.2151
  -7.2082
  -7.2005
  -7.1921
  -7.1797
  -7.1648
  -7.1467
  -7.1261
  -7.1016
  -7.0748
  -7.0437
  -7.0067
  -6.9698
  -6.9280
  -6.8872
  -6.8464
  -6.8067
  -6.7672
  -6.7271
  -6.6857
  -6.6437
  -6.6027
  -6.5628
  -6.5206
  -6.4801
  -6.4382
  -6.3970
  -6.3581
  -6.3182
  -6.2764
  -6.2320
  -6.1848
  -6.1348
  -6.0819
  -6.0316
  -5.9802
  -5.9298
  -5.8777
  -5.8237
  -5.7682
  -5.7151
  -5.6610
  -5.6092
  -5.5563
  -5.5061
  -5.4570
  -5.4124
  -5.3704
  -5.3302
  -5.2860
  -5.2402
  -5.1925
  -5.1450
  -5.0981
  -5.0504
  -5.0035
  -4.9610
  -4.9223
  -4.8864
  -4.8509
  -4.8147
  -4.7748
  -4.7356
  -4.6979
  -4.6621
  -4.6311
  -4.6022
  -4.5763
  -4.5540
  -4.5327
  -4.5148
  -4.4961
  -4.4827
  -4.4655
  -4.4469
  -4.4220
  -4.3918
  -4.3582
  -4.3214
  -4.2836
  -4.2467
  -4.2120
  -4.1767
  -4.1402
  -4.1041
  -4.0642
  -4.0227
  -3.9762
  -3.9227
  -3.8698
  -3.8146
  -3.7551
  -3.6933
  -3.6347
  -3.5806
  -3.5285
  -3.4763
  -3.4219
  -3.3705
  -3.3209
  -3.2729
  -3.2250
  -3.1756
  -3.1243
  -3.0718
  -3.0199
  -2.9679
  -2.9140
  -2.8590
  -2.8047
  -2.7539
  -2.7030
  -2.6535
  -2.6056
  -2.5577
  -2.5111
  -2.4600
  -2.4037
  -2.3456
  -2.2892
  -2.2347
  -2.1841
  -2.1366
  -2.0902
  -2.0442
  -1.9971
  -1.9486
  -1.8973
  -1.8414
  -1.7799
  -1.7152
  -1.6472
  -1.5819
  -1.5139
  -1.4463
  -1.3783
  -1.3116
  -1.2502
  -1.1931
  -1.1417
  -1.0924
  -1.0472
  -1.0036
  -0.9630
  -0.9206
  -0.8773
  -0.8330
  -0.7892
  -0.7501
  -0.7180
  -0.6892
  -0.6662
  -0.6443
  -0.6226
  -0.5980
  -0.5680
  -0.5309
  -0.4926
  -0.4542
  -0.4144
  -0.3742
  -0.3340
  -0.2914
  -0.2503
  -0.2093
  -0.1695
  -0.1282
  -0.0854
  -0.0421
   0.0011
   0.0500
   0.0982
   0.1512
   0.2072
   0.2685
   0.3315
   0.3951
   0.4571
   0.5150
   0.5719
   0.6313
   0.6927
   0.7609
   0.8344
   0.9114
   0.9902
   1.0625
   1.1280
   1.1882
   1.2456
   1.2949
   1.3397
   1.3819
   1.4257
   1.4681
   1.5077
   1.5452
   1.5815
   1.6190
   1.6565
   1.6994
   1.7412
   1.7838
   1.8320
   1.8851
   1.9402
   1.9991
   2.0626
   2.1289
   2.1991
   2.2787
   2.3679
   2.4664
   2.5632
   2.6511
   2.7324
   2.8046
   2.8706
   2.9346
   3.0065
   3.0851
   3.1686
   3.2582
   3.3508
   3.4500
   3.5513
   3.6522
   3.7577
   3.8663
   3.9817
   4.0977
   4.2116
   4.3315
   4.4521
   4.5733
   4.6923
   4.8118
   4.9336
   5.0496
   5.1705
   5.2916
   5.4130
   5.5328
   5.6531
   5.7727
   5.8902
   6.0089
   6.1397
   6.2846
   6.4396
   6.5969
   6.7581
   6.9193
   7.0839
   7.2483
   7.4172
   7.5931
   7.7703
   7.9492
   8.1323
   8.3176
   8.5039
   8.6976
   8.8953
   9.0919
   9.2866
   9.4796
   9.6712
   9.8572
  10.0410
  10.2217
  10.3964
  10.5656
  10.7299
  10.8905
  11.0586
  11.2330
  11.4174
  11.6070
  11.7986
  11.9853
  12.1681
  12.3495
  12.5313
  12.7112
  12.8874
  13.0608
  13.2356
  13.4071
  13.5784
  13.7487
  13.9214
  14.0941
  14.2635
  14.4288
  14.5918
  14.7552
  14.9196
  15.0840
  15.2527
  15.4185
  15.5875
  15.7561
  15.9272
  16.0998
  16.2724
  16.4474
  16.6205
  16.7898
  16.9533
  17.1126
  17.2713
  17.4330
  17.5991
  17.7637
  17.9282
  18.0892
  18.2441
  18.3955
  18.5479
  18.6983
  18.8507
  18.9982
  19.1399
  19.2756
  19.4097
  19.5431
  19.6759
  19.8048
  19.9323
  20.0556
  20.1764
  20.2947
  20.4098
  20.5244
  20.6375
  20.7489
  20.8588
  20.9677
  21.0750
  21.1786
  21.2780
  21.3741
  21.4640
  21.5475
  21.6272
  21.7012
  21.7766
  21.8498
  21.9239
  21.9958
  22.0606
  22.1199
  22.1743
  22.2291
  22.2859
  22.3453
  22.4042
  22.4572
  22.5086
  22.5619
  22.6120
  22.6597
  22.7092
  22.7565
  22.8022
  22.8480
  22.8928
  22.9398
  22.9835
  23.0301
  23.0750
  23.1190
  23.1634
  23.2061
  23.2488
  23.2884
  23.3258
  23.3607
  23.3950
  23.4239
  23.4519
  23.4787
  23.5078
  23.5434
  23.5821
  23.6217
  23.6613
  23.7011
  23.7406
  23.7810
  23.8251
  23.8702
  23.9172
  23.9660
  24.0123
  24.0595
  24.1052
  24.1526
  24.1975
  24.2416
  24.2885
  24.3370
  24.3894
  24.4477
  24.5033
  24.5604
  24.6224
  24.6867
  24.7543
  24.8234
  24.8925
  24.9628
  25.0350
  25.1059
  25.1735
  25.2362
  25.2954
  25.3538
  25.4163
  25.4776
  25.5363
  25.5983
  25.6587
  25.7146
  25.7737
  25.8301
  25.8831
  25.9355
  25.9879
  26.0406
  26.0856
  26.1300
  26.1735
  26.2162
  26.2565
  26.2970
  26.3398
  26.3851
  26.4352
  26.4868
  26.5379
  26.5890
  26.6413
  26.6919
  26.7385
  26.7873
  26.8361
  26.8866
  26.9377
  26.9895
  27.0428
  27.0976
  27.1548
  27.2136
  27.2763
  27.3421
  27.4127
  27.4864
  27.5580
  27.6307
  27.7076
  27.7866
  27.8657
  27.9421
  28.0163
  28.0965
  28.1802
  28.2648
  28.3513
  28.4370
  28.5173
  28.5935
  28.6670
  28.7420
  28.8204
  28.9023
  28.9873
  29.0698
  29.1532
  29.2370
  29.3205
  29.4007
  29.4794
  29.5564
  29.6303
  29.7006
  29.7711
  29.8309
  29.8831
  29.9347
  29.9865
  30.0432
  30.0991
  30.1567
  30.2127
  30.2680
  30.3196
  30.3704
  30.4221
  30.4716
  30.5183
  30.5620
  30.6044
  30.6448
  30.6891
  30.7339
  30.7779
  30.8245
  30.8731
  30.9237
  30.9716
  31.0117
  31.0478
  31.0893
  31.1373
  31.1866
  31.2359
  31.2850
  31.3339
  31.3807
  31.4232
  31.4601
  31.4907
  31.5127
  31.5283
  31.5377
  31.5404
  31.5384
  31.5333
  31.5234
  31.5068
  31.4868
  31.4652
  31.4386
  31.4051
  31.3703
  31.3395
  31.3027
  31.2634
  31.2157
  31.1674
  31.1133
  31.0554
  30.9971
  30.9423
  30.8907
  30.8257
  30.7544
  30.6788
  30.6047
  30.5284
  30.4471
  30.3559
  30.2605
  30.1630
  30.0672
  29.9676
  29.8591
  29.7317
  29.5927
  29.4435
  29.2972
  29.1506
  28.9993
  28.8480
  28.6904
  28.5294
  28.3682
  28.2077
  28.0377
  27.8656
  27.6905
  27.5183
  27.3433
  27.1590
  26.9636
  26.7542
  26.5308
  26.2970
  26.0587
  25.8243
  25.5918
  25.3583
  25.1201
  24.8809
  24.6448
  24.4132
  24.1780
  23.9413
  23.7026
  23.4628
  23.2189
  22.9765
  22.7352
  22.5000
  22.2741
  22.0485
  21.8177
  21.5903
  21.3633
  21.1425
  20.9229
  20.7133
  20.5112
  20.3102
  20.1091
  19.9092
  19.7266
  19.5532
  19.3979
  19.2470
  19.0939
  18.9407
  18.7919
  18.6446
  18.4973
  18.3490
  18.2063
  18.0698
  17.9442
  17.8228
  17.7045
  17.5863
  17.4730
  17.3643
  17.2545
  17.1456
  17.0367
  16.9290
  16.8201
  16.7173
  16.6124
  16.5101
  16.4100
  16.3138
  16.2161
  16.1177
  16.0249
  15.9409
  15.8594
  15.7805
  15.6994
  15.6229
  15.5516
  15.4877
  15.4334
  15.3831
  15.3358
  15.2969
  15.2628
  15.2291
  15.1954
  15.1689
  15.1416
  15.1173
  15.0934
  15.0672
  15.0384
  15.0094
  14.9837
  14.9617
  14.9412
  14.9189
  14.8942
  14.8720
  14.8510
  14.8290
  14.8055
  14.7790
  14.7496
  14.7189
  14.6895
  14.6628
  14.6374
  14.6123
  14.5898
  14.5639
  14.5346
  14.5035
  14.4748
  14.4524
  14.4363
  14.4274
  14.4199
  14.4111
  14.4027
  14.3941
  14.3831
  14.3719
  14.3564
  14.3366
  14.3118
  14.2806
  14.2530
  14.2266
  14.2014
  14.1806
  14.1577
  14.1332
  14.1071
  14.0764
  14.0400
  13.9997
  13.9505
  13.8954
  13.8370
  13.7767
  13.7157
  13.6521
  13.5903
  13.5243
  13.4567
  13.3853
  13.3091
  13.2308
  13.1461
  13.0570
  12.9638
  12.8688
  12.7681
  12.6647
  12.5604
  12.4543
  12.3474
  12.2414
  12.1343
  12.0278
  11.9202
  11.8148
  11.7110
  11.6063
  11.5019
  11.3961
  11.2882
  11.1830
  11.0773
  10.9709
  10.8668
  10.7683
  10.6738
  10.5858
  10.4974
  10.4069
  10.3165
  10.2254
  10.1356
  10.0419
   9.9494
   9.8535
   9.7551
   9.6549
   9.5520
   9.4492
   9.3493
   9.2449
   9.1362
   9.0244
   8.9106
   8.7969
   8.6834
   8.5681
   8.4551
   8.3406
   8.2234
   8.1072
   7.9912
   7.8746
   7.7565
   7.6361
   7.5094
   7.3747
   7.2416
   7.1065
   6.9714
   6.8397
   6.7120
   6.5843
   6.4517
   6.3175
   6.1819
   6.0435
   5.8988
   5.7533
   5.6072
   5.4558
   5.2965
   5.1262
   4.9441
   4.7551
   4.5569
   4.3495
   4.1342
   3.9116
   3.6849
   3.4532
   3.2199
   2.9905
   2.7617
   2.5333
   2.2963
   2.0479
   1.7888
   1.5238
   1.2561
   0.9845
   0.7096
   0.4370
   0.1694
  -0.0990
  -0.3584
  -0.6096
  -0.8576
  -1.1061
  -1.3538
  -1.6006
  -1.8475
  -2.0945
  -2.3474
  -2.6044
  -2.8627
  -3.1204
  -3.3770
  -3.6272
  -3.8674
  -4.0983
  -4.3180
  -4.5338
  -4.7487
  -4.9660
  -5.1851
  -5.4038
  -5.6212
  -5.8412
  -6.0595
  -6.2780
  -6.5024
  -6.7312
  -6.9560
  -7.1730
  -7.3870
  -7.5964
  -7.8004
  -8.0025
  -8.2055
  -8.4121
  -8.6167
  -8.8170
  -9.0104
  -9.1945
  -9.3757
  -9.5509
  -9.7209
  -9.8853
 -10.0426
 -10.1974
 -10.3467
 -10.4926
 -10.6369
 -10.7812
 -10.9272
 -11.0675
 -11.2007
 -11.3270
 -11.4451
 -11.5617
 -11.6752
 -11.7869
 -11.9026
 -12.0226
 -11.9545
 -11.8864
 -11.8223
 -11.7580
 -11.6882
 -11.6127
 -11.5340
 -11.4544
 -11.3707
 -11.2813
 -11.1862
 -11.0844
 -10.9774
 -10.8632
 -10.7492
 -10.6387
 -10.5309
 -10.4280
 -10.3244
 -10.2159
 -10.1020
  -9.9856
  -9.8641
  -9.7383
  -9.6067
  -9.4708
  -9.3280
  -9.1760
  -9.0165
  -8.8502
